Car 1.00 1.00 0 0 0 0 0 0 0 0 -1000.00 -1000.00 -1000.00 -1000.00 1.5542 2.3421 5.1370 -259.4987 3.5540 -122.5891 -1.5609 -0.0115 0.0017 0 lincoln2020_mkz2020
Car 1.00 1.00 6775 237501 380606 0 0 0 0 0 -1000.00 -1000.00 -1000.00 -1000.00 2.1397 2.1728 4.7045 -0.0005 2.0932 -2.2389 1.5708 0.0000 0.0000 1 volkswagen_t2
Motorcycle 1.00 1.00 0 0 0 0 0 0 0 0 -1000.00 -1000.00 -1000.00 -1000.00 1.6960 1.0692 2.4735 -89.1773 4.4405 -204.2266 -1.5823 -0.0083 -0.0002 2 harley_davidson_low_rider
Motorcycle 1.00 1.00 0 0 0 0 0 0 0 0 -1000.00 -1000.00 -1000.00 -1000.00 1.6960 1.0692 2.4735 -262.9491 3.4173 -111.3971 -1.5382 -0.0059 -0.0001 3 harley_davidson_low_rider
Car 1.00 1.00 0 0 0 0 0 0 0 0 -1000.00 -1000.00 -1000.00 -1000.00 1.6320 2.1403 5.2230 155.1189 2.7736 -59.2405 -3.1224 -0.0157 -0.0002 4 dodge_charger_police
Car 1.00 1.00 0 0 0 0 0 0 0 0 -1000.00 -1000.00 -1000.00 -1000.00 1.5542 2.3421 5.1370 -67.1448 5.1084 -262.7829 -3.1222 -0.0104 -0.0002 5 lincoln2020_mkz2020
Car 1.00 1.00 0 0 0 0 0 0 0 0 -1000.00 -1000.00 -1000.00 -1000.00 1.4546 2.0938 4.3903 -250.7261 2.0957 6.2852 1.5700 -0.0116 -0.0002 6 audi_tt
Car 1.00 1.00 0 0 0 0 0 0 0 0 -1000.00 -1000.00 -1000.00 -1000.00 1.4477 1.5550 2.3177 -35.5246 3.9493 -160.1686 0.0599 -0.0087 -0.0020 7 bmw_isetta
Car 0.00 1.00 0 0 0 0 0 0 0 0 481.03 355.56 513.01 363.36 1.7173 2.2591 5.2781 -103.5765 0.7290 125.0093 0.0102 -0.0184 -0.0004 8 mercedes_benz_coupe
Car 0.00 0.16 221 249 391 12230 0 54 34 0 248.00 372.00 450.17 414.95 1.4812 2.1349 5.6254 -20.5367 1.9046 19.4777 0.0197 -0.0114 -0.0002 9 chevrolet_impala
Car 0.00 1.00 0 0 0 0 0 0 0 0 1185.50 356.67 1228.48 368.12 1.6115 2.2019 5.2564 36.4603 1.1430 80.1136 0.0907 -0.0118 -0.0029 10 charger2020_charger2020
Car 1.00 1.00 0 0 0 0 0 0 0 0 -1000.00 -1000.00 -1000.00 -1000.00 2.2031 2.5091 6.5872 132.4454 3.6041 -136.6436 -1.5550 -0.0114 -0.0002 11 tesla_cybertruck
Car 1.00 1.00 0 0 0 0 0 0 0 0 -1000.00 -1000.00 -1000.00 -1000.00 1.5140 2.1024 4.9073 -81.4202 3.3264 -105.3841 1.5385 -0.0073 -0.0007 12 mercedesccc_mercedesccc
Car 1.00 1.00 0 0 0 0 0 0 0 0 -1000.00 -1000.00 -1000.00 -1000.00 1.6980 1.9434 4.1871 203.3828 3.7016 -142.0895 -2.3460 -0.0112 -0.0028 13 citroen_c3
Car 1.00 1.00 0 0 0 0 0 0 0 0 -1000.00 -1000.00 -1000.00 -1000.00 1.4812 2.1349 5.6254 114.0343 2.7837 -60.0269 -3.1232 -0.0114 -0.0002 14 chevrolet_impala
Car 1.00 1.00 0 0 0 0 0 0 0 0 -1000.00 -1000.00 -1000.00 -1000.00 1.6320 2.1403 5.2230 131.8633 2.9986 -83.6001 -1.4780 -0.0148 0.0005 15 dodge_charger_police
Car 1.00 1.00 0 0 2 1 0 0 0 0 -1000.00 -1000.00 -1000.00 -1000.00 1.5863 2.2347 5.1468 -19.6899 3.9775 -163.4662 0.0141 -0.0114 -0.0002 16 lincoln_mkz2017
Car 1.00 1.00 0 0 0 0 0 0 0 0 -1000.00 -1000.00 -1000.00 -1000.00 1.7318 2.1344 5.0985 -247.1787 2.4116 -20.7833 1.5690 -0.0117 -0.0002 17 audi_etron
Car 1.00 1.00 0 0 0 0 0 0 0 0 -1000.00 -1000.00 -1000.00 -1000.00 1.7506 2.3538 4.8416 -29.2206 3.9759 -163.6039 0.0137 -0.0109 -0.0002 18 bmw_grandtourer
Car 0.00 0.58 16 21 46 315 0 0 10 0 1030.69 357.40 1062.72 370.62 1.5765 1.9374 3.8150 11.5773 1.2622 68.8158 0.7256 -0.0117 -0.0029 19 nissan_micra
Motorcycle 1.00 1.00 8 13 17 35 0 0 0 0 -1000.00 -1000.00 -1000.00 -1000.00 1.6960 1.0692 2.4735 -30.1131 2.9397 -73.0815 0.0177 -0.0058 -0.0002 20 harley_davidson_low_rider
Car 1.00 1.00 0 0 0 0 0 0 0 0 -1000.00 -1000.00 -1000.00 -1000.00 1.5765 1.9374 3.8150 -78.5007 4.1988 -183.2678 1.5595 -0.0113 -0.0002 21 nissan_micra
Car 1.00 1.00 0 0 0 0 0 0 0 0 -1000.00 -1000.00 -1000.00 -1000.00 1.7203 2.2019 5.4994 121.4379 2.8551 -66.7692 0.0297 -0.0075 0.0008 22 chargercop2020_chargercop2020
Car 1.00 1.00 36 35 58 257 2 0 0 0 -1000.00 -1000.00 -1000.00 -1000.00 1.5475 1.9070 4.4025 -23.4592 2.9084 -69.4400 0.0173 -0.0113 -0.0002 23 seat_leon
Car 1.00 1.00 0 0 0 0 0 0 0 0 -1000.00 -1000.00 -1000.00 -1000.00 1.3660 1.9896 4.9534 -65.9982 3.9124 -157.2111 -3.0675 -0.0116 -0.0002 24 mustang_mustang
Cyclist 0.00 1.00 0 0 0 0 0 0 0 0 339.92 354.70 357.79 368.56 1.9709 0.6705 1.7250 -87.0202 1.2126 79.6628 -1.5550 -0.0049 -0.0002 25 diamondback_century
Cyclist 1.00 1.00 5 5 6 14 0 0 0 0 -1000.00 -1000.00 -1000.00 -1000.00 1.7065 0.8593 1.4873 -66.9364 1.7903 25.8251 -3.1337 -0.0111 -0.0003 26 bh_crossbike
Car 1.00 1.00 0 0 0 0 0 0 0 0 -1000.00 -1000.00 -1000.00 -1000.00 2.1397 2.1728 4.7045 -59.0736 2.8563 -63.0981 -3.1233 -0.0125 -0.0002 27 volkswagen_t2
Car 1.00 1.00 0 0 0 0 0 0 0 0 -1000.00 -1000.00 -1000.00 -1000.00 1.9718 2.0005 4.0595 -243.6960 1.9487 18.9155 1.5743 -0.0128 -0.0003 28 jeep_wrangler_rubicon
Car 1.00 1.00 5 7 10 760 0 0 0 19 -1000.00 -1000.00 -1000.00 -1000.00 1.5627 2.2716 5.0314 39.9901 1.9209 16.8260 0.0137 -0.0104 -0.0002 29 tesla_model3
Car 1.00 1.00 0 0 0 0 0 0 0 0 -1000.00 -1000.00 -1000.00 -1000.00 1.4546 2.0938 4.3903 76.4146 4.1411 -178.9249 1.5792 -0.0114 -0.0002 30 audi_tt
Car 1.00 1.00 0 0 0 0 0 0 0 0 -1000.00 -1000.00 -1000.00 -1000.00 1.5488 2.0688 3.9961 138.7083 3.0446 -88.9275 1.5870 -0.0114 -0.0002 31 mini_cooperst
Car 1.00 1.00 0 0 0 0 0 0 0 0 -1000.00 -1000.00 -1000.00 -1000.00 1.6011 2.1072 4.7392 73.3987 2.1055 -0.2540 1.5950 -0.0114 -0.0002 32 toyota_prius
Car 1.00 1.00 0 0 0 0 0 0 0 0 -1000.00 -1000.00 -1000.00 -1000.00 2.1397 2.1728 4.7045 -91.7502 1.8931 22.2205 -3.1411 -0.0138 -0.0002 33 volkswagen_t2
Car 0.00 1.00 0 0 0 11 0 0 0 0 448.49 356.72 485.19 366.44 1.6011 2.1072 4.7392 -83.7472 1.0502 95.1195 1.5857 -0.0114 -0.0002 34 toyota_prius
Car 1.00 1.00 0 0 0 0 0 0 0 0 -1000.00 -1000.00 -1000.00 -1000.00 1.3660 1.9896 4.9534 82.8411 2.7718 -59.2269 2.7590 -0.0114 -0.0014 35 mustang_mustang
Car 1.00 1.00 0 0 0 0 0 0 0 0 -1000.00 -1000.00 -1000.00 -1000.00 1.6011 2.1072 4.7392 200.5585 2.8239 -65.5029 0.0175 -0.0114 -0.0002 36 toyota_prius
Car 1.00 1.00 17 20 26 97 14 0 0 0 -1000.00 -1000.00 -1000.00 -1000.00 1.7506 2.3538 4.8416 -1.8120 3.0599 -88.3051 1.5921 -0.0114 -0.0002 37 bmw_grandtourer
Car 1.00 1.00 0 0 0 0 0 0 0 0 -1000.00 -1000.00 -1000.00 -1000.00 2.2031 2.5091 6.5872 179.8427 3.8486 -154.0196 -3.0319 -0.0123 -0.0050 38 tesla_cybertruck
Motorcycle 1.00 1.00 0 0 0 0 0 0 0 0 -1000.00 -1000.00 -1000.00 -1000.00 1.6387 1.2138 2.3199 137.3530 2.0634 -1.6594 1.5861 -0.0095 -0.0002 39 yamaha_yzf
Car 1.00 1.00 0 0 0 0 0 0 0 0 -1000.00 -1000.00 -1000.00 -1000.00 1.9476 2.0282 4.8347 -77.4447 3.2199 -97.0221 1.5593 -0.0116 -0.0002 40 nissan_patrol
Car 1.00 1.00 0 1 2 18 3 0 0 0 -1000.00 -1000.00 -1000.00 -1000.00 1.6115 2.2019 5.2564 -1.4537 3.1574 -96.5141 1.6382 -0.0111 0.0005 41 charger2020_charger2020
Car 1.00 1.00 0 0 0 0 0 0 0 0 -1000.00 -1000.00 -1000.00 -1000.00 1.6115 2.2019 5.2564 72.2903 3.6915 -139.8105 -1.5244 -0.0115 0.0005 42 charger2020_charger2020
Motorcycle 1.00 1.00 0 0 0 0 0 0 0 0 -1000.00 -1000.00 -1000.00 -1000.00 1.6649 1.0692 2.4735 137.2395 1.9561 5.8488 1.5863 -0.0083 -0.0002 43 harley_davidson_low_rider
Car 1.00 1.00 0 0 0 0 0 0 0 0 -1000.00 -1000.00 -1000.00 -1000.00 1.5542 2.3421 5.1370 -254.8451 3.9093 -153.8987 -1.5440 -0.0132 -0.0002 44 lincoln2020_mkz2020
Motorcycle 1.00 1.00 0 0 0 0 0 0 0 0 -1000.00 -1000.00 -1000.00 -1000.00 1.6960 1.0692 2.4735 77.3091 2.3189 -20.1723 1.5929 -0.0055 -0.0000 45 harley_davidson_low_rider
Cyclist 1.00 1.00 0 0 0 0 0 0 0 0 -1000.00 -1000.00 -1000.00 -1000.00 1.9310 0.5921 1.9272 52.5874 3.8906 -158.9882 0.0139 -0.0154 -0.0002 46 gazelle_omafiets
Car 0.00 0.00 2059 2311 3692 44568 0 0 671 0 795.31 384.00 977.00 535.00 1.7318 2.1344 5.0985 0.0232 1.9884 7.6278 1.5672 -0.0114 -0.0002 47 audi_etron
Car 1.00 1.00 0 0 0 0 0 0 0 0 -1000.00 -1000.00 -1000.00 -1000.00 1.9476 2.0282 4.8347 112.0396 1.8773 17.8815 0.0149 -0.0031 -0.0002 48 nissan_patrol
Car 0.00 0.23 129 129 223 9978 0 24 13 0 20.15 366.00 229.60 416.25 1.7203 2.2019 5.4994 -27.9207 1.9047 19.2460 0.0610 -0.0116 0.0005 49 chargercop2020_chargercop2020
Car 1.00 1.00 0 0 0 0 0 0 0 0 -1000.00 -1000.00 -1000.00 -1000.00 1.6244 1.8781 3.8906 -151.2969 3.5519 -124.2061 1.7983 -0.0121 -0.0124 50 audi_a2
Car 1.00 1.00 0 0 0 0 0 0 0 0 -1000.00 -1000.00 -1000.00 -1000.00 1.5863 2.2347 5.1468 -84.9748 3.7813 -145.1590 -1.5783 -0.0114 -0.0002 51 lincoln_mkz2017
Cyclist 1.00 1.00 0 1 1 2 0 0 0 0 -1000.00 -1000.00 -1000.00 -1000.00 1.9709 0.6705 1.7250 -90.0446 1.5765 47.6919 -1.5565 -0.0046 -0.0002 52 diamondback_century
Cyclist 1.00 1.00 0 0 0 0 0 0 0 0 -1000.00 -1000.00 -1000.00 -1000.00 1.9311 0.5921 1.9272 -30.9689 2.8895 -69.5998 0.0173 -0.0233 -0.0002 53 gazelle_omafiets
Car 1.00 1.00 0 0 0 0 0 0 0 0 -1000.00 -1000.00 -1000.00 -1000.00 1.7173 2.2591 5.2781 142.0863 2.9720 -81.1743 1.5864 -0.0184 -0.0004 54 mercedes_benz_coupe
Car 1.00 1.00 0 0 0 0 0 0 0 0 -1000.00 -1000.00 -1000.00 -1000.00 1.5542 2.3421 5.1370 46.3211 4.4368 -210.0101 -0.0218 -0.0132 0.0047 55 lincoln2020_mkz2020
Car 1.00 1.00 0 0 0 0 0 0 0 0 -1000.00 -1000.00 -1000.00 -1000.00 1.7506 2.3538 4.8416 23.9347 3.8788 -155.9299 3.1224 -0.0105 -0.0002 56 bmw_grandtourer
Car 1.00 1.00 0 0 0 0 0 0 0 0 -1000.00 -1000.00 -1000.00 -1000.00 1.4546 2.0938 4.3903 75.6697 3.1303 -89.9716 1.5790 -0.0114 -0.0002 57 audi_tt
Car 1.00 1.00 0 0 0 0 0 0 0 0 -1000.00 -1000.00 -1000.00 -1000.00 1.7173 2.2591 5.2781 -80.8466 3.1475 -88.1709 1.5609 -0.0184 -0.0004 58 mercedes_benz_coupe
Car 1.00 1.00 0 0 0 0 0 0 0 0 -1000.00 -1000.00 -1000.00 -1000.00 1.5542 2.3421 5.1370 45.5801 2.9209 -71.7558 0.0176 -0.0111 -0.0002 59 lincoln2020_mkz2020
Car 0.00 1.00 0 0 0 0 0 0 0 0 1572.66 353.47 1639.58 372.69 2.1397 2.1728 4.7045 75.3478 1.3861 64.0817 1.5952 -0.0114 -0.0002 60 volkswagen_t2
Car 1.00 1.00 0 0 0 0 0 0 0 0 -1000.00 -1000.00 -1000.00 -1000.00 1.7506 2.3538 4.8416 129.4377 1.3081 63.7617 -1.1101 -0.0119 -0.0112 61 bmw_grandtourer
Car 1.00 1.00 0 0 0 0 0 0 0 0 -1000.00 -1000.00 -1000.00 -1000.00 1.6320 2.1403 5.2230 118.8857 3.9431 -161.5715 0.0131 -0.0157 -0.0002 62 dodge_charger_police
Car 1.00 1.00 1 2 2 2 3 0 0 0 -1000.00 -1000.00 -1000.00 -1000.00 1.6980 1.9434 4.1871 2.2468 3.3756 -115.0411 1.5916 -0.0114 -0.0002 63 citroen_c3
Car 1.00 1.00 0 0 0 0 0 0 0 0 -1000.00 -1000.00 -1000.00 -1000.00 1.4812 2.1349 5.6254 47.6991 3.9210 -159.0481 0.0138 -0.0114 -0.0002 64 chevrolet_impala
Car 1.00 1.00 28 45 69 275 0 5 0 0 -1000.00 -1000.00 -1000.00 -1000.00 1.6115 2.2019 5.2564 -50.3197 1.9498 15.4097 0.0506 -0.0131 0.0004 65 charger2020_charger2020
Car 0.00 1.00 0 0 0 33 0 0 0 0 1740.98 362.27 1858.62 381.07 1.3660 1.9896 4.9534 68.8024 1.5892 45.0608 -1.5467 -0.0114 -0.0002 66 mustang_mustang
Motorcycle 1.00 1.00 0 0 0 0 0 0 0 0 -1000.00 -1000.00 -1000.00 -1000.00 1.5852 1.1236 2.1350 77.0537 2.1410 -6.6233 1.5949 -0.0144 -0.0002 67 kawasaki_ninja
Car 0.57 1.00 0 0 0 0 0 0 0 0 0.00 357.68 24.90 369.34 1.5488 2.0688 3.9961 -130.5651 1.2408 75.5755 -3.0895 -0.0114 -0.0001 68 mini_cooperst
Car 1.00 1.00 0 0 0 0 0 0 0 0 -1000.00 -1000.00 -1000.00 -1000.00 1.5542 2.3421 5.1370 -116.3222 1.8930 21.3145 -2.9823 -0.0131 0.0114 69 lincoln2020_mkz2020
Car 1.00 1.00 13 14 26 170 9 0 0 0 -1000.00 -1000.00 -1000.00 -1000.00 1.9718 2.0005 4.0595 10.3409 2.8210 -61.8670 -3.1261 -0.0137 -0.0003 70 jeep_wrangler_rubicon
Car 1.00 1.00 0 0 0 0 0 0 0 0 -1000.00 -1000.00 -1000.00 -1000.00 1.7506 2.3538 4.8416 -78.3670 4.1416 -177.3848 1.5593 -0.0114 -0.0002 71 bmw_grandtourer
Car 1.00 1.00 0 0 0 0 0 0 0 0 -1000.00 -1000.00 -1000.00 -1000.00 2.2031 2.5091 6.5872 135.8979 3.5666 -133.4770 -1.5552 -0.0091 -0.0002 72 tesla_cybertruck
Car 1.00 1.00 0 0 0 0 0 0 0 0 -1000.00 -1000.00 -1000.00 -1000.00 1.6244 1.8781 3.8906 -78.8539 2.1035 2.0831 1.5865 -0.0118 -0.0013 73 audi_a2
Car 1.00 1.00 0 0 0 0 0 0 0 0 -1000.00 -1000.00 -1000.00 -1000.00 1.7203 2.2019 5.4994 79.3770 2.8536 -65.9641 -2.7054 -0.0075 -0.0000 74 chargercop2020_chargercop2020
Car 1.00 1.00 0 0 0 0 0 0 0 0 -1000.00 -1000.00 -1000.00 -1000.00 1.6320 2.1403 5.2230 -82.2946 2.1600 -1.4500 1.5861 -0.0157 -0.0002 75 dodge_charger_police
Car 1.00 1.00 7 12 21 104 0 3 0 0 -1000.00 -1000.00 -1000.00 -1000.00 1.5140 2.1024 4.9073 -86.3979 1.7005 37.7652 -1.5559 -0.0113 -0.0002 76 mercedesccc_mercedesccc
Car 1.00 1.00 42 43 73 297 42 0 0 0 -1000.00 -1000.00 -1000.00 -1000.00 1.6244 1.8781 3.8906 0.3154 2.8606 -68.1587 -2.6832 -0.0170 0.0008 77 audi_a2
Car 1.00 1.00 92 94 157 692 19 0 0 0 -1000.00 -1000.00 -1000.00 -1000.00 1.6244 1.8781 3.8906 -10.1157 2.5159 -40.1785 -1.5625 -0.0119 -0.0013 78 audi_a2
Car 1.00 1.00 0 0 0 0 0 0 0 0 -1000.00 -1000.00 -1000.00 -1000.00 1.7203 2.2019 5.4994 16.8540 3.8860 -155.8180 -3.0886 -0.0115 0.0005 79 chargercop2020_chargercop2020
Car 1.00 1.00 24 30 39 186 0 3 0 0 -1000.00 -1000.00 -1000.00 -1000.00 2.1397 2.1728 4.7045 -89.8838 1.7334 36.1651 -1.5587 -0.0114 -0.0002 80 volkswagen_t2
Car 1.00 1.00 0 0 0 0 0 0 0 0 -1000.00 -1000.00 -1000.00 -1000.00 1.3660 1.9896 4.9534 53.5417 3.9503 -162.4658 0.0137 -0.0114 -0.0002 81 mustang_mustang
Car 1.00 1.00 6 1 4 19 2 0 0 0 -1000.00 -1000.00 -1000.00 -1000.00 1.7203 2.2019 5.4994 1.9236 3.1035 -91.5909 1.6250 -0.0081 0.0007 82 chargercop2020_chargercop2020
Car 0.00 1.00 0 0 0 2 0 0 0 0 425.72 356.82 460.76 367.62 1.6244 1.8781 3.8906 -80.1350 1.1415 86.8859 1.5859 -0.0148 -0.0013 83 audi_a2
Car 1.00 1.00 0 0 0 0 0 0 0 0 -1000.00 -1000.00 -1000.00 -1000.00 1.6244 1.8781 3.8906 79.1092 3.0435 -83.1592 1.5799 -0.0118 -0.0013 84 audi_a2
Car 1.00 1.00 0 0 0 0 0 0 0 0 -1000.00 -1000.00 -1000.00 -1000.00 1.3660 1.9896 4.9534 212.3219 2.9882 -80.3328 -1.5861 -0.0116 -0.0002 85 mustang_mustang
Car 1.00 1.00 0 0 0 0 0 0 0 0 -1000.00 -1000.00 -1000.00 -1000.00 1.6244 1.8781 3.8906 -85.6238 4.4038 -200.2266 -1.5823 -0.0118 -0.0013 86 audi_a2
Car 1.00 1.00 0 0 0 0 0 0 0 0 -1000.00 -1000.00 -1000.00 -1000.00 1.9718 2.0005 4.0595 -170.9331 4.4725 -207.8322 2.7939 -0.0088 -0.0037 87 jeep_wrangler_rubicon
Car 1.00 1.00 0 0 0 0 0 0 0 0 -1000.00 -1000.00 -1000.00 -1000.00 1.9718 2.0005 4.0595 -85.6958 4.4745 -205.8882 -1.5824 -0.0118 -0.0003 88 jeep_wrangler_rubicon
Car 1.00 1.00 0 0 0 0 0 0 0 0 -1000.00 -1000.00 -1000.00 -1000.00 1.3660 1.9896 4.9534 -66.6804 5.0324 -255.7708 -3.1221 -0.0113 -0.0001 89 mustang_mustang
Motorcycle 1.00 1.00 0 0 0 0 0 0 0 0 -1000.00 -1000.00 -1000.00 -1000.00 1.6649 1.0692 2.4735 140.7337 1.9506 6.2786 1.5863 -0.0083 -0.0002 90 harley_davidson_low_rider
Car 0.00 1.00 0 0 1 4 0 0 0 0 480.90 356.83 511.36 365.62 1.5475 1.9070 4.4025 -83.8381 0.9800 101.2117 1.5857 -0.0113 -0.0002 91 seat_leon
Motorcycle 1.00 1.00 0 0 0 0 0 0 0 0 -1000.00 -1000.00 -1000.00 -1000.00 1.6387 1.2138 2.3199 129.0484 2.8267 -65.8947 0.2692 -0.0129 0.0008 92 yamaha_yzf
Cyclist 0.00 1.00 0 0 0 0 0 0 0 0 352.74 354.63 371.11 367.86 1.9311 0.5921 1.9272 -90.7016 1.1442 84.8579 -1.6077 -0.0459 -0.0006 93 gazelle_omafiets
Car 1.00 1.00 0 0 0 0 0 0 0 0 -1000.00 -1000.00 -1000.00 -1000.00 1.5140 2.1024 4.9073 -138.0732 2.9163 -68.3926 -3.1308 -0.0111 -0.0002 94 mercedesccc_mercedesccc
Car 1.00 1.00 0 0 0 0 0 0 0 0 -1000.00 -1000.00 -1000.00 -1000.00 1.4546 2.0938 4.3903 69.4993 4.2581 -189.1123 -1.5640 -0.0114 -0.0002 95 audi_tt
Car 1.00 1.00 0 0 0 0 0 0 0 0 -1000.00 -1000.00 -1000.00 -1000.00 2.1397 2.1728 4.7045 -78.2083 3.6510 -132.6631 1.5962 -0.0143 -0.0065 96 volkswagen_t2
Car 0.00 1.00 0 0 0 0 0 0 0 0 369.61 357.55 415.42 367.84 1.5140 2.1024 4.9073 -87.1164 1.1528 85.9761 -1.5569 -0.0116 -0.0002 97 mercedesccc_mercedesccc
Car 1.00 1.00 0 0 0 0 0 0 0 0 -1000.00 -1000.00 -1000.00 -1000.00 1.4812 2.1349 5.6254 140.9147 2.0992 -5.2075 1.5862 -0.0094 -0.0002 98 chevrolet_impala
Car 0.00 1.00 0 0 0 0 0 0 0 0 1636.61 358.40 1701.83 374.19 1.5765 1.9374 3.8150 75.4135 1.4244 58.4066 1.5949 -0.0114 -0.0002 99 nissan_micra
Motorcycle 1.00 1.00 0 0 0 0 0 0 0 0 -1000.00 -1000.00 -1000.00 -1000.00 1.5853 1.1236 2.1350 75.6292 3.0333 -85.1496 1.5796 -0.0114 -0.0002 100 kawasaki_ninja
Car 0.00 1.00 0 0 0 0 0 0 0 0 261.25 354.41 293.09 362.84 1.9476 2.0282 4.8347 -160.8727 0.6414 131.2658 -3.0921 -0.0140 0.0060 101 nissan_patrol
Car 1.00 1.00 0 0 0 0 0 0 0 0 -1000.00 -1000.00 -1000.00 -1000.00 2.1397 2.1728 4.7045 -78.6386 2.3025 -15.0440 1.5839 0.0144 0.0001 102 volkswagen_t2
Car 1.00 1.00 0 0 0 0 0 0 0 0 -1000.00 -1000.00 -1000.00 -1000.00 1.3660 1.9896 4.9534 -205.3407 2.5030 -34.3787 1.5878 -0.0114 -0.0002 103 mustang_mustang
Car 1.00 1.00 5 6 12 165 0 0 0 2 -1000.00 -1000.00 -1000.00 -1000.00 1.5627 2.2716 5.0314 49.6399 1.8780 20.4835 0.0141 -0.0114 -0.0002 104 tesla_model3
Car 1.00 1.00 0 0 0 0 0 0 0 0 -1000.00 -1000.00 -1000.00 -1000.00 1.5542 2.3421 5.1370 155.0216 2.7987 -62.7494 -3.1196 -0.0114 -0.0002 105 lincoln2020_mkz2020
Car 1.00 1.00 0 0 0 0 0 0 0 0 -1000.00 -1000.00 -1000.00 -1000.00 1.5627 2.2716 5.0314 92.9346 2.8292 -63.9037 -3.1227 -0.0114 -0.0002 106 tesla_model3
Car 1.00 1.00 0 0 0 0 0 0 0 0 -1000.00 -1000.00 -1000.00 -1000.00 1.5765 1.9374 3.8150 -88.8702 2.5544 -38.4104 -1.5715 -0.0111 -0.0002 107 nissan_micra
Cyclist 1.00 1.00 0 0 0 0 0 0 0 0 -1000.00 -1000.00 -1000.00 -1000.00 1.9311 0.5921 1.9272 -63.0733 2.8623 -66.6577 -3.1238 -0.0166 -0.0002 108 gazelle_omafiets
Cyclist 1.00 1.00 0 0 0 0 0 0 0 0 -1000.00 -1000.00 -1000.00 -1000.00 1.9311 0.5921 1.9272 -87.3306 5.2592 -277.1876 0.0195 -0.0144 -0.0002 109 gazelle_omafiets
Car 0.00 0.02 284 332 505 5206 0 0 77 0 1033.47 370.00 1139.00 405.17 1.4546 2.0938 4.3903 5.9795 1.8466 22.7985 -3.0459 -0.0221 -0.0004 110 audi_tt
Car 1.00 1.00 0 0 0 0 0 0 0 0 -1000.00 -1000.00 -1000.00 -1000.00 1.9476 2.0282 4.8347 -55.1607 2.8685 -66.5257 -3.1239 -0.0086 -0.0002 111 nissan_patrol
Car 1.00 1.00 0 1 0 2 0 0 0 0 -1000.00 -1000.00 -1000.00 -1000.00 1.4546 2.0938 4.3903 2.3197 3.6245 -137.1678 1.6400 -0.0116 -0.0009 112 audi_tt
Car 1.00 1.00 0 3 7 22 4 0 0 0 -1000.00 -1000.00 -1000.00 -1000.00 1.7506 2.3538 4.8416 -5.9689 4.0810 -178.0823 -1.3811 -0.0114 -0.0002 113 bmw_grandtourer
Car 1.00 1.00 18 21 34 121 1 0 0 0 -1000.00 -1000.00 -1000.00 -1000.00 1.9718 2.0005 4.0595 -19.5602 2.9512 -72.9003 0.0180 -0.0118 -0.0003 114 jeep_wrangler_rubicon
Motorcycle 1.00 1.00 0 0 0 0 0 0 0 0 -1000.00 -1000.00 -1000.00 -1000.00 1.6387 1.2138 2.3199 138.6330 3.0011 -84.1867 1.5864 -0.0114 -0.0002 115 yamaha_yzf
Car 1.00 1.00 42 40 74 327 27 0 0 0 -1000.00 -1000.00 -1000.00 -1000.00 1.7203 2.2019 5.4994 6.8621 2.8543 -65.4147 -3.0433 -0.0156 0.0004 116 chargercop2020_chargercop2020
Car 1.00 1.00 0 0 0 0 0 0 0 0 -1000.00 -1000.00 -1000.00 -1000.00 1.6980 1.9434 4.1871 131.0023 2.5369 -43.2956 -1.5554 -0.0113 -0.0002 117 citroen_c3
Car 0.00 1.00 0 0 0 0 0 0 0 0 897.66 342.04 921.79 350.17 1.5542 2.3421 5.1370 -10.2822 -2.3083 122.5829 0.0168 -0.1294 -0.0002 118 lincoln2020_mkz2020
Car 0.00 0.78 39 49 79 1630 0 0 0 0 1744.02 347.14 1893.16 383.80 2.5908 2.7453 5.4640 65.3781 1.6505 41.9385 -1.5467 -0.0113 -0.0002 119 carlamotors_carlacola
Car 1.00 1.00 0 0 0 0 0 0 0 0 -1000.00 -1000.00 -1000.00 -1000.00 1.5765 1.9374 3.8150 75.6454 3.1806 -96.1205 1.5787 -0.0117 -0.0002 120 nissan_micra
Car 0.00 1.00 0 0 0 0 0 0 0 0 895.77 343.19 907.32 350.73 1.4477 1.5550 2.3177 -11.7396 -2.0864 119.0852 0.0168 -0.1370 -0.0002 121 bmw_isetta
Car 1.00 1.00 0 0 0 0 0 0 0 0 -1000.00 -1000.00 -1000.00 -1000.00 1.7173 2.2591 5.2781 218.7585 2.9058 -71.6964 1.7179 -0.0191 0.0043 122 mercedes_benz_coupe
Car 0.00 0.06 253 279 444 4832 0 0 34 0 1121.84 362.92 1233.00 397.14 1.7173 2.2591 5.2781 11.3483 1.8222 26.9714 -3.0901 -0.0184 -0.0004 123 mercedes_benz_coupe
Car 1.00 1.00 0 0 0 0 0 0 0 0 -1000.00 -1000.00 -1000.00 -1000.00 1.5765 1.9374 3.8150 136.0681 3.6131 -140.0361 -1.5553 -0.0113 -0.0002 124 nissan_micra
Car 1.00 1.00 0 0 0 46 0 0 0 0 -1000.00 -1000.00 -1000.00 -1000.00 1.6115 2.2019 5.2564 43.2560 1.8775 20.2702 0.0600 -0.0113 0.0005 125 charger2020_charger2020
Car 0.00 1.00 0 0 0 0 0 0 0 0 1651.60 355.16 1744.48 377.47 1.9476 2.0282 4.8347 68.8268 1.5084 51.2484 -1.5248 -0.0117 -0.0002 126 nissan_patrol
Car 1.00 1.00 0 0 0 0 0 0 0 0 -1000.00 -1000.00 -1000.00 -1000.00 1.5140 2.1024 4.9073 -89.6162 4.8901 -242.8638 -1.5819 -0.0054 -0.0002 127 mercedesccc_mercedesccc
Car 1.00 1.00 0 0 0 0 0 0 0 0 -1000.00 -1000.00 -1000.00 -1000.00 1.7173 2.2591 5.2781 -84.8070 3.6712 -134.1948 -1.5903 -0.0183 -0.0004 128 mercedes_benz_coupe
Car 1.00 1.00 123 135 219 846 41 0 0 0 -1000.00 -1000.00 -1000.00 -1000.00 1.4812 2.1349 5.6254 -6.6474 2.4821 -36.5249 -1.5622 -0.0098 -0.0002 129 chevrolet_impala
Car 1.00 1.00 0 0 0 0 0 0 0 0 -1000.00 -1000.00 -1000.00 -1000.00 2.1397 2.1728 4.7045 -139.0895 5.1554 -264.1713 -3.1223 -0.0116 -0.0002 130 volkswagen_t2
Car 1.00 1.00 0 0 0 0 0 0 0 0 -1000.00 -1000.00 -1000.00 -1000.00 1.6244 1.8781 3.8906 54.2228 2.9165 -71.5855 0.0181 -0.0118 -0.0013 131 audi_a2
Car 0.00 0.28 36 53 77 636 0 0 114 0 948.74 354.15 985.23 369.41 1.9476 2.0282 4.8347 1.7461 1.2144 73.3682 -2.3454 -0.0138 0.0182 132 nissan_patrol
Car 1.00 1.00 0 0 0 0 0 0 0 0 -1000.00 -1000.00 -1000.00 -1000.00 1.9476 2.0282 4.8347 -38.3540 2.9027 -69.7259 0.0177 -0.0120 -0.0002 133 nissan_patrol
Car 1.00 1.00 0 0 0 0 0 0 0 0 -1000.00 -1000.00 -1000.00 -1000.00 1.9476 2.0282 4.8347 -11.3571 0.8457 -268.9106 0.0119 -0.1412 0.0001 134 nissan_patrol
Car 1.00 1.00 8119 25520 40927 275479 0 3283 0 0 -1000.00 -1000.00 -1000.00 -1000.00 1.7506 2.3538 4.8416 -3.4623 2.0841 -2.7078 1.5733 -0.0035 -0.0002 135 bmw_grandtourer
Car 1.00 1.00 0 0 0 0 0 0 0 0 -1000.00 -1000.00 -1000.00 -1000.00 1.9476 2.0282 4.8347 26.1892 3.8293 -152.3180 -3.1294 -0.0115 -0.0002 136 nissan_patrol
Car 1.00 1.00 0 0 0 0 0 0 0 0 -1000.00 -1000.00 -1000.00 -1000.00 1.7203 2.2019 5.4994 51.7889 2.8849 -68.2854 0.0260 -0.0115 0.0005 137 chargercop2020_chargercop2020
Car 1.00 1.00 19 21 33 370 2 0 0 0 -1000.00 -1000.00 -1000.00 -1000.00 2.5908 2.7453 5.4640 18.2122 2.8736 -65.2210 -3.1239 -0.0072 -0.0002 138 carlamotors_carlacola
Car 1.00 1.00 0 0 0 0 0 0 0 0 -1000.00 -1000.00 -1000.00 -1000.00 1.5863 2.2347 5.1468 113.9082 1.8522 21.3949 0.0142 -0.0111 -0.0002 139 lincoln_mkz2017
Car 1.00 1.00 0 0 0 0 0 0 0 0 -1000.00 -1000.00 -1000.00 -1000.00 1.9718 2.0005 4.0595 193.1936 2.8301 -65.6502 0.0180 -0.0116 -0.0003 140 jeep_wrangler_rubicon
Car 1.00 1.00 0 0 0 0 0 0 0 0 -1000.00 -1000.00 -1000.00 -1000.00 1.6011 2.1072 4.7392 72.9952 4.2456 -188.5659 -1.5625 -0.0114 -0.0002 141 toyota_prius
Car 1.00 1.00 0 0 0 0 0 0 0 0 -1000.00 -1000.00 -1000.00 -1000.00 1.7318 2.1344 5.0985 134.4624 2.5159 -40.9456 -1.5553 -0.0113 -0.0002 142 audi_etron
Car 1.00 1.00 0 0 0 0 0 0 0 0 -1000.00 -1000.00 -1000.00 -1000.00 2.2031 2.5091 6.5872 -85.1856 2.6502 -44.3448 -1.5558 -0.0114 -0.0002 143 tesla_cybertruck
Car 1.00 1.00 0 0 0 0 0 0 0 0 -1000.00 -1000.00 -1000.00 -1000.00 1.5765 1.9374 3.8150 72.6065 3.6079 -133.6551 -1.5626 -0.0122 -0.0002 144 nissan_micra
Car 1.00 1.00 0 0 0 0 0 0 0 0 -1000.00 -1000.00 -1000.00 -1000.00 1.4546 2.0938 4.3903 1.9851 3.2316 -102.5812 1.5916 -0.0115 -0.0002 145 audi_tt
Car 1.00 1.00 0 0 0 0 0 0 0 0 -1000.00 -1000.00 -1000.00 -1000.00 1.4812 2.1349 5.6254 -207.8591 3.1907 -94.0482 -1.5561 -0.0125 -0.0002 146 chevrolet_impala
Car 0.00 0.94 0 2 1 32 0 0 0 0 487.46 353.37 530.85 366.01 2.2031 2.5091 6.5872 -80.3176 1.0101 99.8967 1.5856 -0.0114 -0.0002 147 tesla_cybertruck
Car 1.00 1.00 0 0 0 0 0 0 0 0 -1000.00 -1000.00 -1000.00 -1000.00 1.9718 2.0005 4.0595 -46.4249 2.8423 -62.8748 -3.1238 -0.0121 -0.0003 148 jeep_wrangler_rubicon
Car 1.00 1.00 0 0 0 0 0 0 0 0 -1000.00 -1000.00 -1000.00 -1000.00 1.3660 1.9896 4.9534 -88.5443 2.7350 -53.2498 -1.5557 -0.0114 -0.0002 149 mustang_mustang
Car 1.00 1.00 0 0 0 0 0 0 0 0 -1000.00 -1000.00 -1000.00 -1000.00 1.3660 1.9896 4.9534 68.9313 3.3649 -111.1925 -1.5710 -0.0114 -0.0002 150 mustang_mustang
Car 1.00 1.00 0 0 0 0 0 0 0 0 -1000.00 -1000.00 -1000.00 -1000.00 2.5908 2.7453 5.4640 -82.2783 2.2223 -7.9558 1.5503 0.0164 -0.0001 151 carlamotors_carlacola
Car 0.00 1.00 0 0 0 0 0 0 0 0 1545.62 356.95 1600.17 368.61 1.5863 2.2347 5.1468 86.0501 1.1684 77.1518 0.0131 -0.0116 -0.0002 152 lincoln_mkz2017
Car 1.00 1.00 0 0 0 0 0 0 0 0 -1000.00 -1000.00 -1000.00 -1000.00 1.7506 2.3538 4.8416 -258.5736 3.8084 -145.1810 -1.5439 -0.0115 -0.0002 153 bmw_grandtourer
Cyclist 1.00 1.00 0 0 0 0 0 0 0 0 -1000.00 -1000.00 -1000.00 -1000.00 1.9709 0.6705 1.7250 79.8782 4.0717 -174.5787 1.5792 -0.0036 -0.0002 154 diamondback_century
Cyclist 1.00 1.00 0 0 0 0 0 0 0 0 -1000.00 -1000.00 -1000.00 -1000.00 1.9311 0.5921 1.9272 -170.2398 2.9361 -72.9109 0.0110 -0.0155 -0.0002 155 gazelle_omafiets
Motorcycle 1.00 1.00 0 0 0 0 0 0 0 0 -1000.00 -1000.00 -1000.00 -1000.00 1.6960 1.0692 2.4735 120.4053 3.8776 -158.0503 0.0143 -0.0084 -0.0002 156 harley_davidson_low_rider
Car 0.00 1.00 0 0 0 0 0 0 0 0 364.63 353.56 411.94 368.48 2.1397 2.1728 4.7045 -83.5593 1.2091 81.8842 1.5877 -0.0031 -0.0001 157 volkswagen_t2
Car 1.00 1.00 0 0 0 0 0 0 0 0 -1000.00 -1000.00 -1000.00 -1000.00 1.5488 2.0688 3.9961 -63.9523 5.0652 -259.2204 -3.1223 -0.0105 -0.0002 158 mini_cooperst
Cyclist 1.00 1.00 0 0 0 0 0 0 0 0 -1000.00 -1000.00 -1000.00 -1000.00 1.9311 0.5921 1.9272 24.4262 3.9008 -159.4135 0.1130 -0.0137 0.0099 159 gazelle_omafiets
Car 1.00 1.00 2496 2736 4451 18802 0 518 0 0 -1000.00 -1000.00 -1000.00 -1000.00 1.4812 2.1349 5.6254 -10.4538 2.0831 -1.1390 -1.5623 -0.0138 -0.0002 160 chevrolet_impala
Car 1.00 1.00 0 0 0 0 0 0 0 0 -1000.00 -1000.00 -1000.00 -1000.00 1.7173 2.2591 5.2781 -17.6517 1.7236 -272.9238 0.0153 -0.1449 -0.0003 161 mercedes_benz_coupe
Car 1.00 1.00 0 0 0 0 0 0 0 0 -1000.00 -1000.00 -1000.00 -1000.00 1.9718 2.0005 4.0595 -95.1470 3.9247 -157.3061 -3.1327 -0.0141 -0.0001 162 jeep_wrangler_rubicon
Car 0.00 1.00 0 0 0 0 0 0 0 0 1561.61 356.70 1633.11 373.24 1.7506 2.3538 4.8416 71.8933 1.3943 61.9677 1.5949 -0.0114 -0.0002 163 bmw_grandtourer
Car 1.00 1.00 0 0 0 0 0 0 0 0 -1000.00 -1000.00 -1000.00 -1000.00 1.6115 2.2019 5.2564 137.6365 2.1622 -11.1689 1.6322 -0.0119 0.0004 164 charger2020_charger2020
Car 1.00 1.00 0 0 0 0 0 0 0 0 -1000.00 -1000.00 -1000.00 -1000.00 1.6244 1.8781 3.8906 73.6191 2.2218 -10.9055 1.5923 -0.0088 -0.0013 165 audi_a2
Car 0.00 0.86 0 0 0 6 0 0 0 0 946.71 337.27 966.22 344.85 1.5475 1.9070 4.4025 -0.0140 -3.5481 126.2288 0.0173 -0.1275 -0.0003 166 seat_leon
Car 1.00 1.00 0 0 0 0 0 0 0 0 -1000.00 -1000.00 -1000.00 -1000.00 1.5765 1.9374 3.8150 -210.5953 4.9181 -244.4054 2.4755 -0.0129 -0.0078 167 nissan_micra
Car 0.00 1.00 0 0 0 0 0 0 0 0 449.62 356.25 483.33 363.83 1.5863 2.2347 5.1468 -104.2318 0.7941 118.0040 0.0103 -0.0114 -0.0002 168 lincoln_mkz2017
Car 1.00 1.00 0 0 0 0 0 0 0 0 -1000.00 -1000.00 -1000.00 -1000.00 1.7506 2.3538 4.8416 -21.7005 3.9338 -159.9989 0.0138 -0.0114 -0.0002 169 bmw_grandtourer
Car 1.00 1.00 0 0 0 0 0 0 0 0 -1000.00 -1000.00 -1000.00 -1000.00 1.4812 2.1349 5.6254 44.8784 2.8898 -68.2544 0.0177 -0.0114 -0.0002 170 chevrolet_impala
Car 1.00 1.00 0 0 0 0 0 0 0 0 -1000.00 -1000.00 -1000.00 -1000.00 1.4812 2.1349 5.6254 215.8341 3.2400 -101.7589 -1.5712 -0.0126 -0.0001 171 chevrolet_impala
Car 1.00 1.00 0 0 0 0 0 0 0 0 -1000.00 -1000.00 -1000.00 -1000.00 1.6011 2.1072 4.7392 134.5559 2.5692 -46.9220 -1.5552 -0.0114 -0.0002 172 toyota_prius
Car 1.00 1.00 0 2 1 12 2 0 0 0 -1000.00 -1000.00 -1000.00 -1000.00 1.6115 2.2019 5.2564 10.4763 3.8849 -155.9441 -3.0751 -0.0123 0.0003 173 charger2020_charger2020
Car 1.00 1.00 0 0 0 0 0 0 0 0 -1000.00 -1000.00 -1000.00 -1000.00 1.5475 1.9070 4.4025 -88.6454 2.6660 -47.0675 -1.5556 -0.0114 -0.0002 174 seat_leon
Car 1.00 1.00 0 0 0 0 0 0 0 0 -1000.00 -1000.00 -1000.00 -1000.00 2.5908 2.7453 5.4640 -78.9104 4.7090 -224.9361 1.5590 -0.0107 -0.0002 175 carlamotors_carlacola
Car 1.00 1.00 0 0 0 0 0 0 0 0 -1000.00 -1000.00 -1000.00 -1000.00 1.4812 2.1349 5.6254 102.5666 3.9414 -161.7920 0.0140 -0.0099 -0.0002 176 chevrolet_impala
Car 1.00 1.00 0 0 0 0 0 0 0 0 -1000.00 -1000.00 -1000.00 -1000.00 1.9718 2.0005 4.0595 -74.0400 5.2398 -273.4224 0.0195 -0.0121 -0.0003 177 jeep_wrangler_rubicon
Car 1.00 1.00 0 0 0 0 0 0 0 0 -1000.00 -1000.00 -1000.00 -1000.00 1.6980 1.9434 4.1871 -86.2166 3.3834 -109.4296 -1.2402 -0.0115 -0.0006 178 citroen_c3
Car 1.00 1.00 0 4 4 18 0 0 0 0 -1000.00 -1000.00 -1000.00 -1000.00 1.5488 2.0688 3.9961 1.6312 3.0314 -85.5766 1.5918 -0.0114 -0.0002 179 mini_cooperst
Motorcycle 1.00 1.00 0 0 0 0 0 0 0 0 -1000.00 -1000.00 -1000.00 -1000.00 1.6960 1.0692 2.4735 79.3309 3.3272 -108.9750 1.5792 -0.0107 -0.0002 180 harley_davidson_low_rider
Car 1.00 1.00 0 0 0 0 0 0 0 0 -1000.00 -1000.00 -1000.00 -1000.00 1.4477 1.5550 2.3177 119.0476 1.8549 21.4623 0.0140 -0.0222 -0.0002 181 bmw_isetta
Cyclist 1.00 1.00 0 0 0 0 0 0 0 0 -1000.00 -1000.00 -1000.00 -1000.00 1.7065 0.8593 1.4873 79.2544 3.0844 -90.4572 1.5763 -0.0265 -0.0015 182 bh_crossbike
Car 1.00 1.00 0 0 0 0 0 0 0 0 -1000.00 -1000.00 -1000.00 -1000.00 1.6011 2.1072 4.7392 7.4254 -1.4777 -272.1726 0.0120 -0.1377 0.0001 183 toyota_prius
Car 1.00 1.00 0 0 0 0 0 0 0 0 -1000.00 -1000.00 -1000.00 -1000.00 1.5488 2.0688 3.9961 -81.8434 4.1226 -175.3854 1.5591 -0.0114 -0.0002 184 mini_cooperst
Car 1.00 1.00 0 0 0 0 0 0 0 0 -1000.00 -1000.00 -1000.00 -1000.00 1.6980 1.9434 4.1871 -88.5713 3.6726 -134.8290 -1.6061 -0.0121 0.0000 185 citroen_c3
Car 1.00 1.00 0 0 0 0 0 0 0 0 -1000.00 -1000.00 -1000.00 -1000.00 1.5765 1.9374 3.8150 143.4549 3.9898 -173.3289 1.4431 -0.0111 -0.0018 186 nissan_micra
Car 1.00 1.00 0 0 0 0 0 0 0 0 -1000.00 -1000.00 -1000.00 -1000.00 1.7506 2.3538 4.8416 79.2379 3.2130 -98.1826 1.5792 -0.0116 -0.0002 187 bmw_grandtourer
Car 1.00 1.00 0 0 0 0 0 0 0 0 -1000.00 -1000.00 -1000.00 -1000.00 1.5488 2.0688 3.9961 47.6526 3.9532 -162.5477 0.0140 -0.0114 -0.0002 188 mini_cooperst
Car 1.00 1.00 0 0 0 0 0 0 0 0 -1000.00 -1000.00 -1000.00 -1000.00 1.5488 2.0688 3.9961 -85.0790 2.7092 -50.9551 -1.5558 -0.0114 -0.0002 189 mini_cooperst
Car 1.00 1.00 0 0 0 0 0 0 0 0 -1000.00 -1000.00 -1000.00 -1000.00 1.6011 2.1072 4.7392 199.8681 2.8638 -69.0088 0.0179 -0.0114 -0.0002 190 toyota_prius
Car 1.00 1.00 0 0 0 0 0 0 0 0 -1000.00 -1000.00 -1000.00 -1000.00 1.3660 1.9896 4.9534 76.8693 2.0883 1.0110 1.5950 -0.0114 -0.0002 191 mustang_mustang
Car 1.00 1.00 0 0 0 0 0 0 0 0 -1000.00 -1000.00 -1000.00 -1000.00 1.9476 2.0282 4.8347 -262.5268 3.6124 -128.4653 -1.5438 -0.0172 -0.0002 192 nissan_patrol
Pedestrian 1.00 1.00 0 0 0 0 0 0 0 0 -1000.00 -1000.00 -1000.00 -1000.00 1.9158 0.4880 0.6405 -268.7078 4.0019 -177.9285 1.8347 -0.0114 -0.0002 193 pedestrian_0019
Pedestrian 1.00 1.00 0 0 0 0 0 0 0 0 -1000.00 -1000.00 -1000.00 -1000.00 1.1330 0.4333 0.6667 -213.0942 3.5004 -139.2010 -1.5280 -0.0114 -0.0002 194 pedestrian_0010
Pedestrian 1.00 1.00 0 0 0 0 0 0 0 0 -1000.00 -1000.00 -1000.00 -1000.00 1.9158 0.4880 0.7507 103.9947 3.8046 -166.6471 0.0923 -0.0114 -0.0002 195 pedestrian_0005
Pedestrian 1.00 1.00 0 0 0 0 0 0 0 0 -1000.00 -1000.00 -1000.00 -1000.00 1.9158 0.4880 0.5932 129.0560 3.2458 -122.7590 -1.5345 -0.0114 -0.0002 196 pedestrian_0003
Pedestrian 1.00 1.00 0 0 0 0 0 0 0 0 -1000.00 -1000.00 -1000.00 -1000.00 1.9158 0.4880 0.3925 166.0418 -6.7022 -123.1284 1.4737 -0.0114 -0.0002 197 pedestrian_0021
Pedestrian 1.00 1.00 0 0 0 0 0 0 0 0 -1000.00 -1000.00 -1000.00 -1000.00 1.9158 0.4880 0.5320 -263.8761 1.1687 71.1830 1.1725 -0.0114 -0.0002 198 pedestrian_0003
Pedestrian 1.00 1.00 0 0 0 0 0 0 0 0 -1000.00 -1000.00 -1000.00 -1000.00 1.9158 0.4880 0.4461 -244.0156 4.7337 -242.6713 -0.6331 -0.0114 -0.0002 199 pedestrian_0004
Pedestrian 1.00 1.00 0 0 0 0 0 0 0 0 -1000.00 -1000.00 -1000.00 -1000.00 1.9158 0.4880 0.7507 127.4719 2.8703 -89.6919 1.6075 -0.0114 -0.0002 200 pedestrian_0022
Pedestrian 1.00 1.00 0 0 0 0 0 0 0 0 -1000.00 -1000.00 -1000.00 -1000.00 1.3390 0.3253 0.3734 -95.2550 3.8422 -154.0963 -2.0059 -0.0114 -0.0002 201 pedestrian_0014
Pedestrian 1.00 1.00 0 0 0 0 0 0 0 0 -1000.00 -1000.00 -1000.00 -1000.00 1.9158 0.4880 0.4678 39.1484 1.8298 6.4344 -0.2695 -0.0114 -0.0002 202 pedestrian_0022
Pedestrian 1.00 1.00 0 0 0 0 0 0 0 0 -1000.00 -1000.00 -1000.00 -1000.00 1.9158 0.4880 0.5548 32.8462 2.4932 -52.3882 -3.1038 -0.0114 -0.0002 203 pedestrian_0023
Pedestrian 1.00 1.00 1 2 4 5 1 0 0 0 -1000.00 -1000.00 -1000.00 -1000.00 1.3390 0.3253 0.5005 7.2279 3.0940 -108.1924 1.5997 -0.0114 -0.0002 204 pedestrian_0012
Pedestrian 1.00 1.00 0 2 4 1 0 0 0 0 -1000.00 -1000.00 -1000.00 -1000.00 1.9158 0.4880 0.4705 -9.3882 3.9157 -179.4905 1.9214 -0.0114 -0.0002 205 pedestrian_0019
Pedestrian 0.00 0.50 16 9 13 113 0 0 3 0 1049.04 353.39 1055.71 376.03 1.9158 0.4880 0.7155 8.6753 1.3520 47.2754 -1.6355 -0.0114 -0.0002 206 pedestrian_0005
Pedestrian 1.00 1.00 0 0 0 0 0 0 0 0 -1000.00 -1000.00 -1000.00 -1000.00 1.9158 0.4880 0.5011 110.0787 2.5429 -55.7249 0.1615 -0.0114 -0.0002 207 pedestrian_0026
Pedestrian 1.00 1.00 0 0 0 0 0 0 0 0 -1000.00 -1000.00 -1000.00 -1000.00 1.9158 0.4880 0.7507 -73.6161 3.0177 -94.5462 -1.5059 -0.0114 -0.0002 208 pedestrian_0015
Pedestrian 0.00 1.00 0 0 0 0 0 0 0 0 579.82 355.96 581.90 361.01 1.3390 0.3253 0.3368 -99.9398 0.2658 147.2776 0.1327 -0.0114 -0.0002 209 pedestrian_0014
Pedestrian 0.00 1.00 0 0 0 0 0 0 0 0 447.15 353.85 450.96 361.14 1.9158 0.4880 0.5322 -133.6971 0.2958 145.9091 -0.0094 -0.0114 -0.0002 210 pedestrian_0016
Pedestrian 1.00 1.00 0 0 0 2 0 0 0 0 -1000.00 -1000.00 -1000.00 -1000.00 1.3390 0.3253 0.5005 73.9006 1.6788 33.5625 -3.0930 -0.0114 -0.0002 211 pedestrian_0012
Pedestrian 1.00 1.00 0 0 0 0 0 0 0 0 -1000.00 -1000.00 -1000.00 -1000.00 1.1330 0.4333 0.6431 63.3193 3.3040 -122.9406 1.5526 -0.0114 -0.0002 212 pedestrian_0009
Pedestrian 1.00 1.00 0 0 0 0 0 0 0 0 -1000.00 -1000.00 -1000.00 -1000.00 1.1330 0.4333 0.5787 144.7387 2.4251 -51.7980 0.8419 -0.0114 -0.0002 213 pedestrian_0010
Pedestrian 1.00 1.00 0 0 0 0 0 0 0 0 -1000.00 -1000.00 -1000.00 -1000.00 1.9158 0.4880 0.7507 -272.8062 2.2043 -19.7996 -1.6014 -0.0114 -0.0002 214 pedestrian_0021
Pedestrian 0.00 1.00 0 0 0 1 0 0 0 0 293.46 353.75 300.87 366.90 1.9158 0.4880 0.4955 -96.0354 1.0022 80.9849 -0.1313 -0.0114 -0.0002 215 pedestrian_0018
Pedestrian 1.00 1.00 0 0 0 0 0 0 0 0 -1000.00 -1000.00 -1000.00 -1000.00 1.9158 0.4880 0.4070 -268.2274 3.9990 -177.5900 -0.5338 -0.0114 -0.0002 216 pedestrian_0020
Pedestrian 1.00 1.00 0 0 0 0 0 0 0 0 -1000.00 -1000.00 -1000.00 -1000.00 1.9158 0.4880 0.5999 127.8030 3.4151 -137.6387 1.5921 -0.0114 -0.0002 217 pedestrian_0017
Pedestrian 1.00 1.00 0 0 0 0 0 0 0 0 -1000.00 -1000.00 -1000.00 -1000.00 1.9158 0.4880 0.6715 -25.5527 3.8397 -167.6687 -3.1197 -0.0114 -0.0002 218 pedestrian_0007
Pedestrian 1.00 1.00 0 0 0 0 0 0 0 0 -1000.00 -1000.00 -1000.00 -1000.00 1.1330 0.4333 0.5156 -160.0865 2.7698 -58.9532 0.0519 -0.0114 -0.0002 219 pedestrian_0010
Pedestrian 1.00 1.00 0 0 0 17 0 0 0 0 -1000.00 -1000.00 -1000.00 -1000.00 1.9158 0.4880 0.5193 77.0694 1.6652 35.4467 -3.0025 -0.0114 -0.0002 220 pedestrian_0023
Pedestrian 1.00 1.00 0 0 0 0 0 0 0 0 -1000.00 -1000.00 -1000.00 -1000.00 1.9158 0.4880 0.5235 89.3813 4.4292 -212.8431 -1.7122 -0.0114 -0.0002 221 pedestrian_0024
Pedestrian 1.00 1.00 0 0 0 0 0 0 0 0 -1000.00 -1000.00 -1000.00 -1000.00 1.1330 0.4333 0.3774 -196.8033 3.4290 -132.7188 -1.5690 -0.0114 -0.0002 222 pedestrian_0011
Pedestrian 1.00 1.00 0 0 0 0 0 0 0 0 -1000.00 -1000.00 -1000.00 -1000.00 1.9158 0.4880 0.6346 -271.5238 3.0841 -97.0111 -1.7167 -0.0114 -0.0002 223 pedestrian_0016
Pedestrian 1.00 1.00 0 0 0 0 0 0 0 0 -1000.00 -1000.00 -1000.00 -1000.00 1.9158 0.4880 0.7032 91.1775 -4.9061 -281.6729 0.0175 -0.0114 -0.0002 224 pedestrian_0017
Pedestrian 1.00 1.00 0 0 0 0 0 0 0 0 -1000.00 -1000.00 -1000.00 -1000.00 1.9158 0.4880 0.7507 165.8723 -6.7928 -115.1263 -1.5603 -0.0114 -0.0002 225 pedestrian_0001
Pedestrian 1.00 1.00 0 0 0 0 0 0 0 0 -1000.00 -1000.00 -1000.00 -1000.00 1.9158 0.4880 0.5617 -165.9615 2.6666 -62.5325 -2.4657 -0.0114 -0.0002 226 pedestrian_0003
Pedestrian 1.00 1.00 0 0 0 0 0 0 0 0 -1000.00 -1000.00 -1000.00 -1000.00 1.9158 0.4880 0.7507 -169.2377 2.6779 -64.4295 -0.0032 -0.0114 -0.0002 227 pedestrian_0007
Pedestrian 1.00 1.00 0 0 0 0 0 0 0 0 -1000.00 -1000.00 -1000.00 -1000.00 1.1330 0.4333 0.6667 87.9070 2.7402 -60.3201 1.5940 -0.0114 -0.0002 228 pedestrian_0010
Pedestrian 1.00 1.00 0 0 0 0 0 0 0 0 -1000.00 -1000.00 -1000.00 -1000.00 1.1330 0.4333 0.5811 -81.5864 2.7567 -59.0644 0.1573 -0.0114 -0.0002 229 pedestrian_0010
Pedestrian 0.00 0.00 128 142 205 23922 0 0 47 22 1486.30 433.96 1602.70 622.57 1.3390 0.3253 0.4547 5.1390 1.8181 4.1155 -1.4397 -0.0114 -0.0002 230 pedestrian_0013
Pedestrian 1.00 1.00 0 0 0 0 0 0 0 0 -1000.00 -1000.00 -1000.00 -1000.00 1.3390 0.3253 0.4262 206.8731 2.7268 -74.0115 2.1336 -0.0114 -0.0002 231 pedestrian_0013
Pedestrian 1.00 1.00 0 0 0 0 0 0 0 0 -1000.00 -1000.00 -1000.00 -1000.00 1.9158 0.4880 0.7507 62.4487 3.0739 -101.5095 -1.5472 -0.0114 -0.0002 232 pedestrian_0020
Pedestrian 0.00 1.00 0 0 0 0 0 0 0 0 1466.40 353.35 1472.84 365.07 1.9158 0.4880 0.5852 84.3197 0.8264 90.8479 -0.0134 -0.0114 -0.0002 233 pedestrian_0021
Pedestrian 1.00 1.00 0 0 0 0 0 0 0 0 -1000.00 -1000.00 -1000.00 -1000.00 1.1330 0.4333 0.4562 -200.7564 2.2151 -26.0591 -1.5678 -0.0114 -0.0002 234 pedestrian_0009
Pedestrian 1.00 1.00 0 0 0 0 0 0 0 0 -1000.00 -1000.00 -1000.00 -1000.00 1.9158 0.4880 0.5026 224.1485 1.9020 -1.1573 -1.5444 -0.0114 -0.0002 235 pedestrian_0006
Pedestrian 1.00 1.00 0 0 0 0 0 0 0 0 -1000.00 -1000.00 -1000.00 -1000.00 1.1330 0.4333 0.5325 -56.4808 2.5996 -59.0382 -3.0823 -0.0114 -0.0002 236 pedestrian_0009
Pedestrian 1.00 1.00 0 0 0 0 0 0 0 0 -1000.00 -1000.00 -1000.00 -1000.00 1.9158 0.4880 0.7507 -92.1483 3.0216 -94.3279 1.4502 -0.0114 -0.0002 237 pedestrian_0026
Pedestrian 0.00 1.00 1 6 10 43 0 0 2 0 1075.09 353.31 1081.95 370.36 1.9158 0.4880 0.5753 14.1865 1.1601 62.6150 -2.6283 -0.0114 -0.0002 238 pedestrian_0021
Pedestrian 1.00 1.00 0 0 0 0 0 0 0 0 -1000.00 -1000.00 -1000.00 -1000.00 1.3390 0.3253 0.5005 61.5561 3.0228 -97.7741 1.6047 -0.0114 -0.0002 239 pedestrian_0012
Pedestrian 1.00 1.00 0 0 0 0 0 0 0 0 -1000.00 -1000.00 -1000.00 -1000.00 1.9158 0.4880 0.6279 -135.9522 5.1983 -285.4244 -0.0295 -0.0114 -0.0002 240 pedestrian_0020
Pedestrian 1.00 1.00 0 0 0 0 0 0 0 0 -1000.00 -1000.00 -1000.00 -1000.00 1.1330 0.4333 0.6667 200.5700 -8.0791 -2.8952 -1.5606 -0.0114 -0.0002 241 pedestrian_0011
Pedestrian 1.00 1.00 0 0 0 0 0 0 0 0 -1000.00 -1000.00 -1000.00 -1000.00 1.9158 0.4880 0.7507 71.7556 3.9905 -169.0774 -3.1052 -0.0114 -0.0002 242 pedestrian_0002
Pedestrian 1.00 1.00 0 0 0 0 0 0 0 0 -1000.00 -1000.00 -1000.00 -1000.00 1.3390 0.3253 0.3818 126.6368 2.9674 -98.9577 1.5696 -0.0114 -0.0002 243 pedestrian_0014
Pedestrian 1.00 1.00 0 0 0 0 0 0 0 0 -1000.00 -1000.00 -1000.00 -1000.00 1.9158 0.4880 0.4370 83.4218 1.7713 12.5990 -2.2556 -0.0114 -0.0002 244 pedestrian_0006
Pedestrian 1.00 1.00 0 0 0 0 0 0 0 0 -1000.00 -1000.00 -1000.00 -1000.00 1.9158 0.4880 0.6637 200.5181 -7.6467 -40.5417 -1.5537 -0.0114 -0.0002 245 pedestrian_0020
Pedestrian 1.00 1.00 0 0 0 0 0 0 0 0 -1000.00 -1000.00 -1000.00 -1000.00 1.9158 0.4880 0.7507 -85.9077 3.0213 -81.2728 0.1801 -0.0114 -0.0002 246 pedestrian_0022
Pedestrian 1.00 1.00 0 0 0 0 0 0 0 0 -1000.00 -1000.00 -1000.00 -1000.00 1.9158 0.4880 0.7389 -74.7478 4.3567 -212.3703 1.5599 -0.0114 -0.0002 247 pedestrian_0002
Pedestrian 1.00 1.00 0 0 0 0 0 0 0 0 -1000.00 -1000.00 -1000.00 -1000.00 1.9158 0.4880 0.7483 146.1585 3.1180 -111.8199 1.6104 -0.0114 -0.0002 248 pedestrian_0022
Pedestrian 1.00 1.00 0 0 0 0 0 0 0 0 -1000.00 -1000.00 -1000.00 -1000.00 1.9158 0.4880 0.4212 -48.1273 2.5026 -51.7189 2.6094 -0.0114 -0.0002 249 pedestrian_0006
Pedestrian 1.00 1.00 0 0 0 0 0 0 0 0 -1000.00 -1000.00 -1000.00 -1000.00 1.9158 0.4880 0.4511 88.6134 3.8030 -166.2622 -3.1144 -0.0114 -0.0002 250 pedestrian_0019
Pedestrian 1.00 1.00 0 0 0 0 0 0 0 0 -1000.00 -1000.00 -1000.00 -1000.00 1.9158 0.4880 0.4731 -71.7002 1.8311 9.7738 -2.6432 -0.0114 -0.0002 251 pedestrian_0018
Pedestrian 1.00 1.00 0 0 0 0 0 0 0 0 -1000.00 -1000.00 -1000.00 -1000.00 1.9158 0.4880 0.7507 -271.5572 2.7540 -68.1962 -1.5408 -0.0114 -0.0002 252 pedestrian_0007
Pedestrian 1.00 1.00 0 0 0 0 0 0 0 0 -1000.00 -1000.00 -1000.00 -1000.00 1.9158 0.4880 0.6618 55.9936 3.5928 -147.2441 -0.0141 -0.0114 -0.0002 253 pedestrian_0008
Pedestrian 1.00 1.00 0 0 0 0 0 0 0 0 -1000.00 -1000.00 -1000.00 -1000.00 1.9158 0.4880 0.5207 -249.4735 0.8665 97.5443 -2.1503 -0.0114 -0.0002 254 pedestrian_0022
Pedestrian 0.00 1.00 0 0 0 0 0 0 0 0 279.71 353.88 284.37 361.24 1.9158 0.4880 0.5739 -175.8615 0.3202 144.4380 0.1144 -0.0114 -0.0002 255 pedestrian_0024
Pedestrian 1.00 1.00 0 0 0 0 0 0 0 0 -1000.00 -1000.00 -1000.00 -1000.00 1.1330 0.4333 0.5854 208.2439 2.2138 -29.2645 -1.5369 -0.0114 -0.0002 256 pedestrian_0011
Pedestrian 1.00 1.00 0 0 0 0 0 0 0 0 -1000.00 -1000.00 -1000.00 -1000.00 1.9158 0.4880 0.7507 -156.0387 2.9075 -70.1338 -0.8394 -0.0114 -0.0002 257 pedestrian_0006
Pedestrian 1.00 1.00 0 0 0 0 0 0 0 0 -1000.00 -1000.00 -1000.00 -1000.00 1.9158 0.4880 0.6175 186.1290 3.5492 -145.4935 -2.9036 -0.0114 -0.0002 258 pedestrian_0005
Pedestrian 1.00 1.00 0 0 0 0 0 0 0 0 -1000.00 -1000.00 -1000.00 -1000.00 1.9158 0.4880 0.7507 75.0185 1.9460 10.7694 -3.0387 -0.0114 -0.0002 259 pedestrian_0003
Pedestrian 1.00 1.00 0 0 0 0 0 0 0 0 -1000.00 -1000.00 -1000.00 -1000.00 1.9158 0.4880 0.3845 166.3906 -6.6923 -123.9872 1.4579 -0.0114 -0.0002 260 pedestrian_0001
Pedestrian 1.00 1.00 0 0 0 0 0 0 0 0 -1000.00 -1000.00 -1000.00 -1000.00 1.3390 0.3253 0.5005 62.3314 3.1835 -112.0718 -1.6240 -0.0114 -0.0002 261 pedestrian_0014
Pedestrian 1.00 1.00 8 9 15 70 5 0 0 0 -1000.00 -1000.00 -1000.00 -1000.00 1.9158 0.4880 0.7507 3.6692 2.4554 -51.1292 -1.6157 -0.0114 -0.0002 262 pedestrian_0020
Pedestrian 1.00 1.00 0 0 0 0 0 0 0 0 -1000.00 -1000.00 -1000.00 -1000.00 1.9158 0.4880 0.5961 -214.3073 1.5925 29.9396 -1.8145 -0.0114 -0.0002 263 pedestrian_0025
Pedestrian 1.00 1.00 0 0 0 2 0 0 0 0 -1000.00 -1000.00 -1000.00 -1000.00 1.9158 0.4880 0.7507 71.3136 1.6671 35.3725 -2.9741 -0.0114 -0.0002 264 pedestrian_0026
Pedestrian 1.00 1.00 0 0 0 0 0 0 0 0 -1000.00 -1000.00 -1000.00 -1000.00 1.9158 0.4880 0.5020 -128.2842 5.1923 -285.0475 2.9013 -0.0114 -0.0002 265 pedestrian_0025
Pedestrian 1.00 1.00 0 0 0 0 0 0 0 0 -1000.00 -1000.00 -1000.00 -1000.00 1.3390 0.3253 0.4076 81.0347 4.2924 -196.7687 -3.1194 -0.0114 -0.0002 266 pedestrian_0013
Pedestrian 1.00 1.00 0 0 0 0 0 0 0 0 -1000.00 -1000.00 -1000.00 -1000.00 1.9158 0.4880 0.3821 86.8808 3.8554 -170.8481 2.5164 -0.0114 -0.0002 267 pedestrian_0015
Pedestrian 1.00 1.00 0 0 0 0 0 0 0 0 -1000.00 -1000.00 -1000.00 -1000.00 1.9158 0.4880 0.3895 127.1133 3.4638 -141.9140 -3.1098 -0.0114 -0.0002 268 pedestrian_0021
Pedestrian 0.00 1.00 0 0 0 0 0 0 0 0 752.41 356.67 754.57 360.93 1.1330 0.4333 0.4221 -54.2642 0.2463 147.7970 -3.1029 -0.0114 -0.0002 269 pedestrian_0010
Pedestrian 1.00 1.00 7 7 19 101 0 0 0 0 -1000.00 -1000.00 -1000.00 -1000.00 1.9158 0.4880 0.4778 -14.2687 2.2947 -36.7772 1.8318 -0.0114 -0.0002 270 pedestrian_0023
Pedestrian 0.00 1.00 0 0 0 0 0 0 0 0 1199.17 357.74 1204.28 368.21 1.3390 0.3253 0.5005 31.8673 1.0504 71.2429 -3.0303 -0.0114 -0.0002 271 pedestrian_0013
Pedestrian 1.00 1.00 0 0 0 0 0 0 0 0 -1000.00 -1000.00 -1000.00 -1000.00 1.9158 0.4880 0.5181 -207.8810 5.0527 -271.3802 -0.5640 -0.0114 -0.0002 272 pedestrian_0016
Pedestrian 1.00 1.00 0 0 0 0 0 0 0 0 -1000.00 -1000.00 -1000.00 -1000.00 1.3390 0.3253 0.5005 -157.0374 1.0325 77.5973 0.2835 -0.0114 -0.0002 273 pedestrian_0014
Pedestrian 1.00 1.00 0 0 0 0 0 0 0 0 -1000.00 -1000.00 -1000.00 -1000.00 1.9158 0.4880 0.5699 -119.0879 3.6260 -147.3667 -0.1937 -0.0114 -0.0002 274 pedestrian_0019
Pedestrian 1.00 1.00 0 0 0 0 0 0 0 0 -1000.00 -1000.00 -1000.00 -1000.00 1.3390 0.3253 0.2818 31.6749 3.8237 -167.9124 -3.1104 -0.0114 -0.0002 275 pedestrian_0013
Pedestrian 1.00 1.00 0 0 0 0 0 0 0 0 -1000.00 -1000.00 -1000.00 -1000.00 1.9158 0.4880 0.7507 44.8142 3.8228 -167.3069 -3.1339 -0.0114 -0.0002 276 pedestrian_0023
Pedestrian 1.00 1.00 0 0 0 0 0 0 0 0 -1000.00 -1000.00 -1000.00 -1000.00 1.1330 0.4333 0.6667 98.1737 2.5445 -56.6715 0.0055 -0.0114 -0.0002 277 pedestrian_0011
Pedestrian 1.00 1.00 0 0 0 0 0 0 0 0 -1000.00 -1000.00 -1000.00 -1000.00 1.3390 0.3253 0.5005 92.2874 3.8171 -168.2305 0.1995 -0.0114 -0.0002 278 pedestrian_0012
Pedestrian 1.00 1.00 0 0 0 0 0 0 0 0 -1000.00 -1000.00 -1000.00 -1000.00 1.9158 0.4880 0.5249 6.6999 -1.9007 -246.7578 3.1198 -0.0114 -0.0002 279 pedestrian_0015
Pedestrian 0.00 1.00 0 0 0 0 0 0 0 0 1719.32 353.39 1728.23 368.66 1.9158 0.4880 0.4430 97.0246 1.0826 69.8412 -0.3393 -0.0114 -0.0002 280 pedestrian_0017
Pedestrian 1.00 1.00 0 0 0 0 0 0 0 0 -1000.00 -1000.00 -1000.00 -1000.00 1.9158 0.4880 0.7507 196.7433 -8.6024 62.1646 -1.3489 -0.0114 -0.0002 281 pedestrian_0005
Pedestrian 1.00 1.00 0 0 0 0 0 0 0 0 -1000.00 -1000.00 -1000.00 -1000.00 1.1330 0.4333 0.3388 85.4026 4.1143 -194.6087 -2.7186 -0.0114 -0.0002 282 pedestrian_0009
Pedestrian 1.00 1.00 0 0 0 0 0 0 0 0 -1000.00 -1000.00 -1000.00 -1000.00 1.1330 0.4333 0.6667 -120.4701 4.4650 -225.2682 -0.0034 -0.0114 -0.0002 283 pedestrian_0009
Pedestrian 1.00 1.00 0 0 0 0 0 0 0 0 -1000.00 -1000.00 -1000.00 -1000.00 1.1330 0.4333 0.4160 208.1904 3.2701 -122.2891 1.4895 -0.0114 -0.0002 284 pedestrian_0009
Pedestrian 1.00 1.00 0 0 0 0 0 0 0 0 -1000.00 -1000.00 -1000.00 -1000.00 1.9158 0.4880 0.6212 -185.2090 4.1001 -190.9532 2.2215 -0.0114 -0.0002 285 pedestrian_0024
Pedestrian 1.00 1.00 0 0 0 0 0 0 0 0 -1000.00 -1000.00 -1000.00 -1000.00 1.9158 0.4880 0.7507 126.3295 2.7694 -62.9330 -1.5840 -0.0114 -0.0002 286 pedestrian_0023
Pedestrian 1.00 1.00 0 0 0 0 0 0 0 0 -1000.00 -1000.00 -1000.00 -1000.00 1.9158 0.4880 0.7507 -92.5090 2.5360 -51.8765 1.6705 -0.0114 -0.0002 287 pedestrian_0015
Pedestrian 1.00 1.00 0 0 0 0 0 0 0 0 -1000.00 -1000.00 -1000.00 -1000.00 1.9158 0.4880 0.7507 8.4377 -2.1110 -247.5328 3.1234 -0.0114 -0.0002 288 pedestrian_0025
Pedestrian 0.00 1.00 0 0 0 0 0 0 0 0 1817.90 309.95 1823.14 315.89 1.1330 0.4333 0.4903 172.1908 -8.8084 110.3990 2.3069 -0.0114 -0.0002 289 pedestrian_0009
Pedestrian 1.00 1.00 0 0 0 0 0 0 0 0 -1000.00 -1000.00 -1000.00 -1000.00 1.9158 0.4880 0.7507 -175.0918 2.8484 -79.5232 0.0235 -0.0114 -0.0002 290 pedestrian_0019
Pedestrian 1.00 1.00 0 0 0 0 0 0 0 0 -1000.00 -1000.00 -1000.00 -1000.00 1.9158 0.4880 0.5144 -215.2964 1.6274 26.6762 1.5313 -0.0114 -0.0002 291 pedestrian_0007
Pedestrian 1.00 1.00 0 0 0 0 0 0 0 0 -1000.00 -1000.00 -1000.00 -1000.00 1.9158 0.4880 0.7373 -272.3955 1.9010 6.8835 1.4739 -0.0114 -0.0002 292 pedestrian_0021
Pedestrian 1.00 1.00 0 0 0 0 0 0 0 0 -1000.00 -1000.00 -1000.00 -1000.00 1.3390 0.3253 0.4297 121.6244 1.7649 11.8112 3.1240 -0.0114 -0.0002 293 pedestrian_0014
Pedestrian 0.00 1.00 0 0 0 0 0 0 0 0 1005.65 331.86 1008.66 339.12 1.9158 0.4880 0.7475 13.3477 -5.5619 147.4921 -3.1171 -0.0114 -0.0002 294 pedestrian_0002
Pedestrian 1.00 1.00 29 27 48 280 0 4 0 0 -1000.00 -1000.00 -1000.00 -1000.00 1.9158 0.4880 0.7507 -26.2305 1.8348 8.6000 0.1905 -0.0114 -0.0002 295 pedestrian_0026
Pedestrian 0.00 0.02 60 66 110 1768 0 0 15 0 1245.51 361.66 1275.50 435.21 1.9158 0.4880 0.7262 8.5788 1.9180 14.3018 -1.7832 -0.0114 -0.0002 296 pedestrian_0020
Pedestrian 1.00 1.00 0 0 0 0 0 0 0 0 -1000.00 -1000.00 -1000.00 -1000.00 1.9158 0.4880 0.7322 19.6217 2.5622 -56.0215 -0.0209 -0.0114 -0.0002 297 pedestrian_0016
Pedestrian 1.00 1.00 0 0 0 0 0 0 0 0 -1000.00 -1000.00 -1000.00 -1000.00 1.9158 0.4880 0.6238 -142.1627 2.6423 -60.1314 0.0163 -0.0114 -0.0002 298 pedestrian_0024
Pedestrian 0.00 1.00 0 0 0 0 0 0 0 0 1276.82 312.45 1281.59 322.07 1.9158 0.4880 0.6736 65.5031 -7.7029 112.3617 0.0013 -0.0114 -0.0002 299 pedestrian_0001
Pedestrian 1.00 1.00 0 0 0 0 0 0 0 0 -1000.00 -1000.00 -1000.00 -1000.00 1.9158 0.4880 0.7507 27.5358 4.1007 -196.2451 2.4950 -0.0114 -0.0002 300 pedestrian_0025
Pedestrian 1.00 1.00 0 0 0 1 0 0 0 0 -1000.00 -1000.00 -1000.00 -1000.00 1.9158 0.4880 0.4816 -13.1891 3.6259 -149.0508 1.7664 -0.0114 -0.0002 301 pedestrian_0016
Pedestrian 1.00 1.00 0 0 0 0 0 0 0 0 -1000.00 -1000.00 -1000.00 -1000.00 1.9158 0.4880 0.7461 28.1710 2.4746 -51.1762 -3.0207 -0.0114 -0.0002 302 pedestrian_0006
Pedestrian 1.00 1.00 0 0 0 0 0 0 0 0 -1000.00 -1000.00 -1000.00 -1000.00 1.3390 0.3253 0.4011 66.1143 1.6799 33.5969 -2.8832 -0.0114 -0.0002 303 pedestrian_0012
Pedestrian 1.00 1.00 0 0 0 0 0 0 0 0 -1000.00 -1000.00 -1000.00 -1000.00 1.9158 0.4880 0.7507 -240.6301 4.7657 -245.4472 -0.8248 -0.0114 -0.0002 304 pedestrian_0024
Pedestrian 0.00 1.00 0 0 0 0 0 0 0 0 810.31 354.65 812.53 359.71 1.3390 0.3253 0.5005 -38.6146 -0.0797 147.0433 0.0127 -0.0114 -0.0002 305 pedestrian_0013
Pedestrian 1.00 1.00 0 0 0 0 0 0 0 0 -1000.00 -1000.00 -1000.00 -1000.00 1.1330 0.4333 0.5361 -259.2615 1.0440 81.0848 -2.0505 -0.0114 -0.0002 306 pedestrian_0011
Pedestrian 1.00 1.00 0 0 0 0 0 0 0 0 -1000.00 -1000.00 -1000.00 -1000.00 1.9158 0.4880 0.5054 -73.0604 3.8083 -150.7325 1.2783 -0.0114 -0.0002 307 pedestrian_0024
Pedestrian 1.00 1.00 0 0 0 0 0 0 0 0 -1000.00 -1000.00 -1000.00 -1000.00 1.9158 0.4880 0.3782 -272.9376 1.8674 9.8440 -1.4858 -0.0114 -0.0002 308 pedestrian_0004
Pedestrian 1.00 1.00 0 0 0 0 0 0 0 0 -1000.00 -1000.00 -1000.00 -1000.00 1.9158 0.4880 0.5455 56.1564 1.7572 14.2806 -1.4831 -0.0114 -0.0002 309 pedestrian_0019
Pedestrian 1.00 1.00 0 0 0 0 0 0 0 0 -1000.00 -1000.00 -1000.00 -1000.00 1.3390 0.3253 0.5005 123.5424 2.5201 -54.6739 0.0277 -0.0114 -0.0002 310 pedestrian_0012
Pedestrian 1.00 1.00 0 0 0 0 0 0 0 0 -1000.00 -1000.00 -1000.00 -1000.00 1.9158 0.4880 0.5415 125.8321 3.8896 -161.0648 -1.3737 -0.0114 -0.0002 311 pedestrian_0022
Pedestrian 1.00 1.00 0 0 0 0 0 0 0 0 -1000.00 -1000.00 -1000.00 -1000.00 1.9158 0.4880 0.7507 79.9533 3.9826 -168.5200 -0.0999 -0.0114 -0.0002 312 pedestrian_0018
Pedestrian 1.00 1.00 0 0 0 0 0 0 0 0 -1000.00 -1000.00 -1000.00 -1000.00 1.9158 0.4880 0.5149 -142.8450 2.1185 -14.2139 1.0202 -0.0114 -0.0002 313 pedestrian_0022
Pedestrian 1.00 1.00 0 0 0 0 0 0 0 0 -1000.00 -1000.00 -1000.00 -1000.00 1.9158 0.4880 0.3870 37.4105 3.6069 -148.1896 1.4040 -0.0114 -0.0002 314 pedestrian_0005
Pedestrian 1.00 1.00 14 20 26 160 0 3 0 0 -1000.00 -1000.00 -1000.00 -1000.00 1.9158 0.4880 0.7507 -34.0715 1.8346 8.9095 0.0593 -0.0114 -0.0002 315 pedestrian_0018
Pedestrian 1.00 1.00 0 0 0 0 0 0 0 0 -1000.00 -1000.00 -1000.00 -1000.00 1.9158 0.4880 0.6995 -262.9713 1.1295 74.6155 -2.1220 -0.0114 -0.0002 316 pedestrian_0024
Pedestrian 1.00 1.00 0 0 0 5 0 0 0 0 -1000.00 -1000.00 -1000.00 -1000.00 1.9158 0.4880 0.6269 -21.8578 2.8170 -77.6933 -3.1127 -0.0114 -0.0002 317 pedestrian_0002
Pedestrian 1.00 1.00 0 0 0 0 0 0 0 0 -1000.00 -1000.00 -1000.00 -1000.00 1.3390 0.3253 0.3419 -99.3579 4.4713 -225.6563 0.0216 -0.0114 -0.0002 318 pedestrian_0013
Pedestrian 1.00 1.00 0 0 0 0 0 0 0 0 -1000.00 -1000.00 -1000.00 -1000.00 1.9158 0.4880 0.7507 -73.8009 3.2065 -111.1734 -1.5700 -0.0114 -0.0002 319 pedestrian_0018
Pedestrian 1.00 1.00 0 0 0 0 0 0 0 0 -1000.00 -1000.00 -1000.00 -1000.00 1.9158 0.4880 0.6855 -125.9015 3.5631 -141.7241 2.6309 -0.0114 -0.0002 320 pedestrian_0006
Pedestrian 1.00 1.00 0 0 0 0 0 0 0 0 -1000.00 -1000.00 -1000.00 -1000.00 1.9158 0.4880 0.7507 -120.3737 5.1856 -284.5562 0.0211 -0.0114 -0.0002 321 pedestrian_0021
Pedestrian 1.00 1.00 0 0 0 0 0 0 0 0 -1000.00 -1000.00 -1000.00 -1000.00 1.1330 0.4333 0.5521 -100.7409 2.8399 -79.2128 0.0479 -0.0114 -0.0002 322 pedestrian_0010
Pedestrian 1.00 1.00 0 0 0 0 0 0 0 0 -1000.00 -1000.00 -1000.00 -1000.00 1.9158 0.4880 0.3754 88.3866 2.5501 -56.1021 3.1145 -0.0114 -0.0002 323 pedestrian_0022
Pedestrian 1.00 1.00 0 0 0 0 0 0 0 0 -1000.00 -1000.00 -1000.00 -1000.00 1.9158 0.4880 0.7507 -27.4493 2.6011 -58.7213 -3.1010 -0.0114 -0.0002 324 pedestrian_0015
Pedestrian 1.00 1.00 2 4 4 19 0 0 0 0 -1000.00 -1000.00 -1000.00 -1000.00 1.9158 0.4880 0.6378 -42.5608 1.8018 11.9283 -3.1101 -0.0114 -0.0002 325 pedestrian_0005
Pedestrian 1.00 1.00 0 0 0 0 0 0 0 0 -1000.00 -1000.00 -1000.00 -1000.00 1.9158 0.4880 0.4381 195.5457 -8.6371 67.6031 -1.4857 -0.0114 -0.0002 326 pedestrian_0006
Pedestrian 1.00 1.00 0 0 0 0 0 0 0 0 -1000.00 -1000.00 -1000.00 -1000.00 1.9158 0.4880 0.4271 206.9821 2.4994 -53.4472 -2.6781 -0.0114 -0.0002 327 pedestrian_0002
Pedestrian 1.00 1.00 0 0 0 0 0 0 0 0 -1000.00 -1000.00 -1000.00 -1000.00 1.9158 0.4880 0.6790 76.2372 1.9516 10.2618 -3.0309 -0.0114 -0.0002 328 pedestrian_0015
Pedestrian 0.00 1.00 0 0 0 0 0 0 0 0 436.98 353.85 441.62 361.10 1.9158 0.4880 0.7507 -137.0188 0.2873 146.7122 3.1298 -0.0114 -0.0002 329 pedestrian_0005
Pedestrian 1.00 1.00 0 0 0 0 0 0 0 0 -1000.00 -1000.00 -1000.00 -1000.00 1.1330 0.4333 0.5594 -165.9232 5.1810 -284.3671 -0.1567 -0.0114 -0.0002 330 pedestrian_0010
Pedestrian 1.00 1.00 0 0 0 9 0 0 0 0 -1000.00 -1000.00 -1000.00 -1000.00 1.9158 0.4880 0.7022 57.0478 1.7561 27.7739 1.6124 -0.0114 -0.0002 331 pedestrian_0001
Pedestrian 1.00 1.00 0 0 0 0 0 0 0 0 -1000.00 -1000.00 -1000.00 -1000.00 1.9158 0.4880 0.3843 -93.9003 1.9174 2.5822 -0.7207 -0.0114 -0.0002 332 pedestrian_0017
Pedestrian 1.00 1.00 0 0 0 0 0 0 0 0 -1000.00 -1000.00 -1000.00 -1000.00 1.9158 0.4880 0.5752 -76.9222 2.9942 -79.0376 0.0249 -0.0114 -0.0002 333 pedestrian_0023
Pedestrian 0.00 1.00 0 0 0 0 0 0 0 0 159.96 358.58 167.43 369.75 1.3390 0.3253 0.3867 -95.3181 1.1700 66.9106 -1.3784 -0.0114 -0.0002 334 pedestrian_0013
Pedestrian 1.00 1.00 0 0 0 0 0 0 0 0 -1000.00 -1000.00 -1000.00 -1000.00 1.9158 0.4880 0.7507 -119.6479 4.4847 -225.8570 -0.1121 -0.0114 -0.0002 335 pedestrian_0019
Pedestrian 0.00 0.00 67 87 119 8369 0 10 18 0 100.20 367.55 169.80 487.45 1.9158 0.4880 0.6792 -12.1228 1.9298 8.7151 0.1852 -0.0114 -0.0002 336 pedestrian_0017
Pedestrian 1.00 1.00 0 0 0 0 0 0 0 0 -1000.00 -1000.00 -1000.00 -1000.00 1.9158 0.4880 0.7278 -136.3135 5.1929 -284.9160 -0.0666 -0.0114 -0.0002 337 pedestrian_0025
Pedestrian 1.00 1.00 0 0 0 0 0 0 0 0 -1000.00 -1000.00 -1000.00 -1000.00 1.9158 0.4880 0.7507 147.2270 -5.0905 -265.3080 -2.6335 -0.0114 -0.0002 338 pedestrian_0006
Pedestrian 1.00 1.00 0 0 0 0 0 0 0 0 -1000.00 -1000.00 -1000.00 -1000.00 1.1330 0.4333 0.6034 99.1519 -5.3341 -244.7248 -3.0361 -0.0114 -0.0002 339 pedestrian_0011
Pedestrian 1.00 1.00 0 0 0 0 0 0 0 0 -1000.00 -1000.00 -1000.00 -1000.00 1.1330 0.4333 0.5295 123.3452 1.5253 32.4517 -1.5593 -0.0114 -0.0002 340 pedestrian_0011
Pedestrian 1.00 1.00 0 0 0 0 0 0 0 0 -1000.00 -1000.00 -1000.00 -1000.00 1.3390 0.3253 0.3088 208.1026 2.9810 -96.4096 -1.5574 -0.0114 -0.0002 341 pedestrian_0013
Pedestrian 1.00 1.00 0 0 0 0 0 0 0 0 -1000.00 -1000.00 -1000.00 -1000.00 1.9158 0.4880 0.7507 -80.6575 3.0101 -80.3724 0.1506 -0.0114 -0.0002 342 pedestrian_0007
Pedestrian 1.00 1.00 0 0 0 0 0 0 0 0 -1000.00 -1000.00 -1000.00 -1000.00 1.9158 0.4880 0.6855 63.0807 2.7076 -56.0499 -2.9515 -0.0114 -0.0002 343 pedestrian_0021
Pedestrian 1.00 1.00 0 0 0 0 0 0 0 0 -1000.00 -1000.00 -1000.00 -1000.00 1.1330 0.4333 0.3688 200.4891 -7.8038 -27.6570 -1.5470 -0.0114 -0.0002 344 pedestrian_0010
Pedestrian 0.00 0.19 26 20 36 289 0 0 10 0 991.44 355.97 1001.87 400.70 1.9158 0.4880 0.5255 2.5208 1.7565 24.4510 -2.7866 -0.0114 -0.0002 345 pedestrian_0021
Pedestrian 0.00 1.00 0 0 0 0 0 0 0 0 1713.56 357.70 1719.28 368.28 1.3390 0.3253 0.2679 96.9127 1.0478 70.4334 -3.0509 -0.0114 -0.0002 346 pedestrian_0014
Pedestrian 1.00 1.00 0 0 0 0 0 0 0 0 -1000.00 -1000.00 -1000.00 -1000.00 1.9158 0.4880 0.5699 -69.3015 2.6273 -60.2724 -3.0917 -0.0114 -0.0002 347 pedestrian_0023
Pedestrian 1.00 1.00 0 0 0 0 0 0 0 0 -1000.00 -1000.00 -1000.00 -1000.00 1.9158 0.4880 0.7507 97.6851 2.5458 -55.7790 -3.1349 -0.0114 -0.0002 348 pedestrian_0008
Pedestrian 1.00 1.00 0 0 0 0 0 0 0 0 -1000.00 -1000.00 -1000.00 -1000.00 1.9158 0.4880 0.7507 -274.1435 1.9080 6.2888 1.5708 -0.0114 -0.0002 349 pedestrian_0006
Pedestrian 1.00 1.00 0 0 0 0 0 0 0 0 -1000.00 -1000.00 -1000.00 -1000.00 1.9158 0.4880 0.6777 127.7603 3.2697 -124.8456 -1.4582 -0.0114 -0.0002 350 pedestrian_0022
Pedestrian 1.00 1.00 0 0 0 0 0 0 0 0 -1000.00 -1000.00 -1000.00 -1000.00 1.9158 0.4880 0.4791 62.6569 3.9535 -165.6812 -1.6295 -0.0114 -0.0002 351 pedestrian_0023
Pedestrian 1.00 1.00 0 0 0 0 0 0 0 0 -1000.00 -1000.00 -1000.00 -1000.00 1.9158 0.4880 0.7448 117.4566 3.8144 -167.7165 -3.0875 -0.0114 -0.0002 352 pedestrian_0006
Pedestrian 1.00 1.00 0 0 0 0 0 0 0 0 -1000.00 -1000.00 -1000.00 -1000.00 1.9158 0.4880 0.7507 62.3044 3.8228 -154.1705 1.5364 -0.0114 -0.0002 353 pedestrian_0024
Pedestrian 0.00 1.00 0 0 0 0 0 0 0 0 215.68 356.91 220.96 361.38 1.1330 0.4333 0.6667 -187.9577 0.3473 141.0653 0.3037 -0.0114 -0.0002 354 pedestrian_0011
Pedestrian 1.00 1.00 0 0 0 0 0 0 0 0 -1000.00 -1000.00 -1000.00 -1000.00 1.9158 0.4880 0.6691 118.6734 1.7697 12.3147 3.1075 -0.0114 -0.0002 355 pedestrian_0017
Pedestrian 1.00 1.00 0 0 0 0 0 0 0 0 -1000.00 -1000.00 -1000.00 -1000.00 1.3390 0.3253 0.3490 165.0703 -7.9059 -17.9090 -1.5813 -0.0114 -0.0002 356 pedestrian_0012
Pedestrian 1.00 1.00 0 0 0 0 0 0 0 0 -1000.00 -1000.00 -1000.00 -1000.00 1.9158 0.4880 0.4348 -172.5698 5.1862 -283.7823 2.9907 -0.0114 -0.0002 357 pedestrian_0020
Pedestrian 1.00 1.00 2 4 6 26 3 0 0 0 -1000.00 -1000.00 -1000.00 -1000.00 1.9158 0.4880 0.3754 4.7484 2.7922 -80.8144 1.7103 -0.0114 -0.0002 358 pedestrian_0017
Pedestrian 0.00 0.01 41 41 71 6208 0 6 9 0 9.80 349.05 72.20 457.95 1.9158 0.4880 0.4444 -16.1422 1.7657 10.2550 2.3814 -0.0114 -0.0002 359 pedestrian_0025
Pedestrian 1.00 1.00 0 0 0 0 0 0 0 0 -1000.00 -1000.00 -1000.00 -1000.00 1.3390 0.3253 0.5005 -269.1738 3.7851 -159.3872 -1.5371 -0.0114 -0.0002 360 pedestrian_0013
Pedestrian 1.00 1.00 0 0 0 0 0 0 0 0 -1000.00 -1000.00 -1000.00 -1000.00 1.3390 0.3253 0.5005 -199.6784 5.0861 -275.1091 -0.4225 -0.0114 -0.0002 361 pedestrian_0013
Pedestrian 1.00 1.00 0 0 0 0 0 0 0 0 -1000.00 -1000.00 -1000.00 -1000.00 1.3390 0.3253 0.4309 97.8300 1.5404 31.9529 -3.0567 -0.0114 -0.0002 362 pedestrian_0013
Pedestrian 1.00 1.00 0 0 0 0 1 0 0 0 -1000.00 -1000.00 -1000.00 -1000.00 1.1330 0.4333 0.6667 6.6466 3.7915 -152.3305 1.4510 -0.0114 -0.0002 363 pedestrian_0011
Pedestrian 1.00 1.00 0 0 0 1 0 0 0 0 -1000.00 -1000.00 -1000.00 -1000.00 1.3390 0.3253 0.4142 -7.6910 3.9459 -168.3811 0.0169 -0.0114 -0.0002 364 pedestrian_0012
Pedestrian 1.00 1.00 0 0 0 0 0 0 0 0 -1000.00 -1000.00 -1000.00 -1000.00 1.9158 0.4880 0.5399 124.8013 1.4891 32.7644 -1.9807 -0.0114 -0.0002 365 pedestrian_0023
Pedestrian 1.00 1.00 0 0 0 0 0 0 0 0 -1000.00 -1000.00 -1000.00 -1000.00 1.9158 0.4880 0.5574 -175.6434 1.1141 71.6168 0.4070 -0.0114 -0.0002 366 pedestrian_0005
Pedestrian 1.00 1.00 0 0 0 0 0 0 0 0 -1000.00 -1000.00 -1000.00 -1000.00 1.9158 0.4880 0.5922 -187.1292 4.0790 -189.0837 2.0979 -0.0114 -0.0002 367 pedestrian_0021
Pedestrian 1.00 1.00 0 0 0 0 0 0 0 0 -1000.00 -1000.00 -1000.00 -1000.00 1.1330 0.4333 0.4255 -179.8335 2.6484 -62.3797 -0.0269 -0.0114 -0.0002 368 pedestrian_0010
Pedestrian 1.00 1.00 0 0 0 0 0 0 0 0 -1000.00 -1000.00 -1000.00 -1000.00 1.9158 0.4880 0.7507 -73.6562 3.1025 -101.8939 -1.5595 -0.0114 -0.0002 369 pedestrian_0020
Pedestrian 1.00 1.00 0 0 0 4 0 0 0 0 -1000.00 -1000.00 -1000.00 -1000.00 1.3390 0.3253 0.3838 8.1640 2.7880 -76.4661 0.1892 -0.0114 -0.0002 370 pedestrian_0012
Pedestrian 1.00 1.00 0 0 0 0 0 0 0 0 -1000.00 -1000.00 -1000.00 -1000.00 1.9158 0.4880 0.6762 83.8690 1.3914 46.0374 -1.8339 -0.0114 -0.0002 371 pedestrian_0015
Pedestrian 1.00 1.00 0 0 0 0 0 0 0 0 -1000.00 -1000.00 -1000.00 -1000.00 1.9158 0.4880 0.7507 61.5581 3.2790 -119.7213 1.5845 -0.0114 -0.0002 372 pedestrian_0007
Pedestrian 1.00 1.00 0 0 0 0 0 0 0 0 -1000.00 -1000.00 -1000.00 -1000.00 1.9158 0.4880 0.6544 -271.8211 3.0995 -98.4082 1.6329 -0.0114 -0.0002 373 pedestrian_0008
Pedestrian 1.00 1.00 0 0 0 0 0 0 0 0 -1000.00 -1000.00 -1000.00 -1000.00 1.9158 0.4880 0.6261 144.8163 2.3361 -42.9655 -1.6174 -0.0114 -0.0002 374 pedestrian_0020
Pedestrian 1.00 1.00 0 0 0 0 0 0 0 0 -1000.00 -1000.00 -1000.00 -1000.00 1.9158 0.4880 0.5318 -89.4971 4.0425 -171.0757 0.2386 -0.0114 -0.0002 375 pedestrian_0015
Pedestrian 1.00 1.00 0 0 0 0 0 0 0 0 -1000.00 -1000.00 -1000.00 -1000.00 1.3390 0.3253 0.3253 -95.9710 2.8396 -79.0829 0.0106 -0.0114 -0.0002 376 pedestrian_0012
Pedestrian 1.00 1.00 0 0 0 0 0 0 0 0 -1000.00 -1000.00 -1000.00 -1000.00 1.9158 0.4880 0.4324 89.5113 3.8612 -172.0520 1.4119 -0.0114 -0.0002 377 pedestrian_0017
Pedestrian 1.00 1.00 0 0 0 0 0 0 0 0 -1000.00 -1000.00 -1000.00 -1000.00 1.9158 0.4880 0.7507 83.1628 2.9619 -78.7468 0.1938 -0.0114 -0.0002 378 pedestrian_0025
Pedestrian 1.00 1.00 0 0 0 0 0 0 0 0 -1000.00 -1000.00 -1000.00 -1000.00 1.1330 0.4333 0.5738 84.7496 1.5482 31.2061 1.4386 -0.0114 -0.0002 379 pedestrian_0009
Pedestrian 1.00 1.00 0 0 0 0 0 0 0 0 -1000.00 -1000.00 -1000.00 -1000.00 1.9158 0.4880 0.6271 79.3827 3.9642 -166.8918 3.1230 -0.0114 -0.0002 380 pedestrian_0002
Pedestrian 1.00 1.00 0 0 0 0 0 0 0 0 -1000.00 -1000.00 -1000.00 -1000.00 1.3390 0.3253 0.4038 -151.1488 5.1872 -284.9481 0.0154 -0.0114 -0.0002 381 pedestrian_0013
Pedestrian 1.00 1.00 0 0 0 0 0 0 0 0 -1000.00 -1000.00 -1000.00 -1000.00 1.3390 0.3253 0.5005 127.2508 3.7975 -172.2055 -1.5951 -0.0114 -0.0002 382 pedestrian_0012
Pedestrian 0.00 1.00 0 0 0 0 0 0 0 0 1427.14 361.07 1434.00 370.21 1.1330 0.4333 0.4878 59.7146 1.2707 69.3995 -2.9787 -0.0114 -0.0002 383 pedestrian_0010
Pedestrian 1.00 1.00 0 0 0 0 0 0 0 0 -1000.00 -1000.00 -1000.00 -1000.00 1.3390 0.3253 0.5005 -264.5834 4.2315 -198.8475 -1.3041 -0.0114 -0.0002 384 pedestrian_0013
Pedestrian 0.00 1.00 2 3 4 30 0 0 0 0 1783.74 353.77 1806.48 382.46 1.9158 0.4880 0.6718 57.0815 1.4957 37.3697 -1.6596 -0.0114 -0.0002 385 pedestrian_0015
Pedestrian 1.00 1.00 0 0 0 3 0 0 0 0 -1000.00 -1000.00 -1000.00 -1000.00 1.9158 0.4880 0.7507 -95.9986 1.5058 38.6607 -1.5798 -0.0114 -0.0002 386 pedestrian_0018
Pedestrian 1.00 1.00 0 0 0 0 0 0 0 0 -1000.00 -1000.00 -1000.00 -1000.00 1.3390 0.3253 0.4785 -116.1512 5.1805 -284.8958 -0.0247 -0.0114 -0.0002 387 pedestrian_0013
Pedestrian 1.00 1.00 0 0 0 0 0 0 0 0 -1000.00 -1000.00 -1000.00 -1000.00 1.9158 0.4880 0.7507 147.7093 3.7598 -150.2505 1.6301 -0.0114 -0.0002 388 pedestrian_0022
Pedestrian 1.00 1.00 0 0 0 0 0 0 0 0 -1000.00 -1000.00 -1000.00 -1000.00 1.9158 0.4880 0.7507 -272.4194 2.3604 -33.5474 -1.5354 -0.0114 -0.0002 389 pedestrian_0003
Pedestrian 1.00 1.00 0 0 0 0 0 0 0 0 -1000.00 -1000.00 -1000.00 -1000.00 1.9158 0.4880 0.7507 -118.5564 5.1864 -284.6354 0.0210 -0.0114 -0.0002 390 pedestrian_0021
Pedestrian 0.00 0.10 18 14 22 997 0 6 1 0 532.22 355.36 549.44 389.48 1.9158 0.4880 0.7507 -22.2092 1.5879 30.4282 -3.1158 -0.0114 -0.0002 391 pedestrian_0016
Pedestrian 1.00 1.00 0 0 0 0 0 0 0 0 -1000.00 -1000.00 -1000.00 -1000.00 1.9158 0.4880 0.4692 -192.3108 5.1283 -278.3295 -0.5384 -0.0114 -0.0002 392 pedestrian_0005
Pedestrian 1.00 1.00 0 0 0 0 0 0 0 0 -1000.00 -1000.00 -1000.00 -1000.00 1.9158 0.4880 0.4774 158.0255 -5.7914 -203.2486 -2.0518 -0.0114 -0.0002 393 pedestrian_0026
Pedestrian 1.00 1.00 0 0 0 0 0 0 0 0 -1000.00 -1000.00 -1000.00 -1000.00 1.9158 0.4880 0.7507 128.3947 3.2358 -121.8653 1.6101 -0.0114 -0.0002 394 pedestrian_0022
Pedestrian 1.00 1.00 0 0 0 0 0 0 0 0 -1000.00 -1000.00 -1000.00 -1000.00 1.1330 0.4333 0.3924 166.1100 -6.6812 -125.9999 1.5844 -0.0114 -0.0002 395 pedestrian_0010
Pedestrian 0.00 1.00 0 0 0 0 0 0 0 0 1712.62 353.30 1719.47 365.50 1.9158 0.4880 0.4789 119.9239 0.8598 87.3428 -0.5786 -0.0114 -0.0002 396 pedestrian_0006
Pedestrian 1.00 1.00 0 0 0 0 0 0 0 0 -1000.00 -1000.00 -1000.00 -1000.00 1.3390 0.3253 0.5005 -72.6265 1.9830 -4.5373 -1.6278 -0.0114 -0.0002 397 pedestrian_0012
Pedestrian 1.00 1.00 0 0 0 0 0 0 0 0 -1000.00 -1000.00 -1000.00 -1000.00 1.1330 0.4333 0.6667 128.3460 3.1387 -114.3284 -1.6044 -0.0114 -0.0002 398 pedestrian_0010
Pedestrian 1.00 1.00 0 0 0 0 0 0 0 0 -1000.00 -1000.00 -1000.00 -1000.00 1.9158 0.4880 0.7507 -54.1139 1.8081 11.5645 -3.1329 -0.0114 -0.0002 399 pedestrian_0007
Pedestrian 1.00 1.00 0 0 0 0 0 0 0 0 -1000.00 -1000.00 -1000.00 -1000.00 1.9158 0.4880 0.4609 195.9368 -8.6455 68.7223 1.7245 -0.0114 -0.0002 400 pedestrian_0001
Pedestrian 1.00 1.00 0 0 0 0 0 0 0 0 -1000.00 -1000.00 -1000.00 -1000.00 1.9158 0.4880 0.7507 138.7488 2.6510 -55.3064 3.1107 -0.0114 -0.0002 401 pedestrian_0016
Pedestrian 1.00 1.00 0 0 0 0 0 0 0 0 -1000.00 -1000.00 -1000.00 -1000.00 1.9158 0.4880 0.7507 -271.1801 3.0876 -97.3315 1.7383 -0.0114 -0.0002 402 pedestrian_0021
Pedestrian 1.00 1.00 1 4 5 25 1 0 0 0 -1000.00 -1000.00 -1000.00 -1000.00 1.9158 0.4880 0.6191 -13.2295 2.4649 -51.7492 -1.4061 -0.0114 -0.0002 403 pedestrian_0006
Pedestrian 1.00 1.00 4 2 3 24 0 0 0 0 -1000.00 -1000.00 -1000.00 -1000.00 1.9158 0.4880 0.4787 -15.9375 2.5886 -57.7773 2.9885 -0.0114 -0.0002 404 pedestrian_0023
Pedestrian 1.00 1.00 0 0 0 0 0 0 0 0 -1000.00 -1000.00 -1000.00 -1000.00 1.1330 0.4333 0.5814 60.4746 1.8777 2.6054 -1.6001 -0.0114 -0.0002 405 pedestrian_0011
Pedestrian 0.00 1.00 8 11 16 286 0 0 0 3 1442.51 354.27 1456.10 388.04 1.9158 0.4880 0.5457 29.4061 1.5566 32.3562 -3.0263 -0.0114 -0.0002 406 pedestrian_0004
Pedestrian 1.00 1.00 0 0 0 0 0 0 0 0 -1000.00 -1000.00 -1000.00 -1000.00 1.9158 0.4880 0.5026 87.8602 3.8316 -168.7697 3.1114 -0.0114 -0.0002 407 pedestrian_0026
Pedestrian 1.00 1.00 0 0 0 0 0 0 0 0 -1000.00 -1000.00 -1000.00 -1000.00 1.3390 0.3253 0.3212 144.6923 1.4427 34.9203 -1.4850 -0.0114 -0.0002 408 pedestrian_0013
Pedestrian 1.00 1.00 0 0 0 0 0 0 0 0 -1000.00 -1000.00 -1000.00 -1000.00 1.1330 0.4333 0.3907 -120.5507 3.6118 -147.0962 -0.3544 -0.0114 -0.0002 409 pedestrian_0010
Pedestrian 0.00 1.00 0 0 0 0 0 0 0 0 1722.31 353.29 1730.23 365.56 1.9158 0.4880 0.5203 120.8666 0.8651 86.8590 -0.2909 -0.0114 -0.0002 410 pedestrian_0020
Pedestrian 1.00 1.00 0 0 0 0 0 0 0 0 -1000.00 -1000.00 -1000.00 -1000.00 1.9158 0.4880 0.7203 -73.6415 2.8035 -62.3018 -1.6087 -0.0114 -0.0002 411 pedestrian_0025
Pedestrian 1.00 1.00 0 0 0 0 0 0 0 0 -1000.00 -1000.00 -1000.00 -1000.00 1.1330 0.4333 0.6445 61.1108 1.8829 2.1322 1.5494 -0.0114 -0.0002 412 pedestrian_0010
Pedestrian 1.00 1.00 0 0 0 0 0 0 0 0 -1000.00 -1000.00 -1000.00 -1000.00 1.9158 0.4880 0.7507 63.3667 3.0548 -100.0174 -1.5551 -0.0114 -0.0002 413 pedestrian_0015
Pedestrian 1.00 1.00 0 0 0 0 0 0 0 0 -1000.00 -1000.00 -1000.00 -1000.00 1.1330 0.4333 0.6667 62.3140 2.8339 -81.5630 -1.5352 -0.0114 -0.0002 414 pedestrian_0011
Pedestrian 1.00 1.00 0 0 0 0 0 0 0 0 -1000.00 -1000.00 -1000.00 -1000.00 1.9158 0.4880 0.3927 61.6925 2.8042 -77.9388 1.5244 -0.0114 -0.0002 415 pedestrian_0025
Pedestrian 1.00 1.00 0 0 0 0 0 0 0 0 -1000.00 -1000.00 -1000.00 -1000.00 1.1330 0.4333 0.6527 166.4903 -6.5062 -141.4305 1.5862 -0.0114 -0.0002 416 pedestrian_0009
Pedestrian 0.00 1.00 0 0 0 0 0 0 0 0 1650.70 303.36 1658.41 314.22 1.9158 0.4880 0.7507 127.6242 -8.3889 101.2186 2.5465 -0.0114 -0.0002 417 pedestrian_0026
Pedestrian 1.00 1.00 0 0 0 0 0 0 0 0 -1000.00 -1000.00 -1000.00 -1000.00 1.9158 0.4880 0.7507 -270.8322 3.1303 -101.1803 1.6588 -0.0114 -0.0002 418 pedestrian_0019
Pedestrian 1.00 1.00 0 0 0 0 0 0 0 0 -1000.00 -1000.00 -1000.00 -1000.00 1.9158 0.4880 0.6235 -96.5386 2.3447 -34.8305 -0.4340 -0.0114 -0.0002 419 pedestrian_0018
Pedestrian 1.00 1.00 0 0 0 0 0 0 0 0 -1000.00 -1000.00 -1000.00 -1000.00 1.9158 0.4880 0.6580 -189.8659 5.1397 -279.3579 -0.2775 -0.0114 -0.0002 420 pedestrian_0026
Pedestrian 1.00 1.00 0 0 0 0 0 0 0 0 -1000.00 -1000.00 -1000.00 -1000.00 1.9158 0.4880 0.7507 146.6856 3.3750 -134.4076 1.5773 -0.0114 -0.0002 421 pedestrian_0005
Pedestrian 0.29 0.26 0 0 0 259 0 0 0 0 1898.69 353.77 1920.00 388.30 1.9158 0.4880 0.7336 54.4281 1.5653 31.1870 -0.8145 -0.0114 -0.0002 422 pedestrian_0021
Pedestrian 1.00 1.00 0 0 0 0 0 0 0 0 -1000.00 -1000.00 -1000.00 -1000.00 1.9158 0.4880 0.6517 64.5625 3.9816 -168.1838 -0.1850 -0.0114 -0.0002 423 pedestrian_0025
Pedestrian 1.00 1.00 0 0 0 0 0 0 0 0 -1000.00 -1000.00 -1000.00 -1000.00 1.9158 0.4880 0.4746 126.5105 3.1505 -114.3325 1.5910 -0.0114 -0.0002 424 pedestrian_0008
Pedestrian 0.00 0.68 5 1 2 77 0 0 0 0 1165.51 354.61 1174.92 382.18 1.9158 0.4880 0.4668 14.3826 1.5153 35.8103 -0.4505 -0.0114 -0.0002 425 pedestrian_0018
Pedestrian 1.00 1.00 0 0 0 0 0 0 0 0 -1000.00 -1000.00 -1000.00 -1000.00 1.9158 0.4880 0.5911 -23.3218 3.2853 -122.9993 2.1158 -0.0114 -0.0002 426 pedestrian_0020
Pedestrian 1.00 1.00 0 0 0 0 0 0 0 0 -1000.00 -1000.00 -1000.00 -1000.00 1.3390 0.3253 0.4092 61.7865 3.8094 -167.1331 2.9711 -0.0114 -0.0002 427 pedestrian_0012
Pedestrian 1.00 1.00 0 0 0 0 0 0 0 0 -1000.00 -1000.00 -1000.00 -1000.00 1.1330 0.4333 0.3982 125.8335 2.7401 -75.1210 0.0817 -0.0114 -0.0002 428 pedestrian_0011
Pedestrian 1.00 1.00 0 0 0 0 0 0 0 0 -1000.00 -1000.00 -1000.00 -1000.00 1.9158 0.4880 0.5707 -94.3535 4.5068 -214.9715 1.5398 -0.0114 -0.0002 429 pedestrian_0006
Pedestrian 1.00 1.00 0 0 0 0 0 0 0 0 -1000.00 -1000.00 -1000.00 -1000.00 1.9158 0.4880 0.6223 85.7455 1.7253 30.0256 -1.3657 -0.0114 -0.0002 430 pedestrian_0021
Pedestrian 0.00 0.00 106 115 177 9608 0 26 20 0 265.90 364.49 350.01 483.41 1.9158 0.4880 0.7507 -9.4882 1.9285 8.7852 0.0515 -0.0114 -0.0002 431 pedestrian_0026
Pedestrian 1.00 1.00 0 0 0 0 0 0 0 0 -1000.00 -1000.00 -1000.00 -1000.00 1.9158 0.4880 0.4575 160.4000 -8.5201 58.8461 1.9158 -0.0114 -0.0002 432 pedestrian_0026
Pedestrian 1.00 1.00 0 0 0 0 0 0 0 0 -1000.00 -1000.00 -1000.00 -1000.00 1.9158 0.4880 0.4835 -73.3420 2.8820 -69.2142 -1.5412 -0.0114 -0.0002 433 pedestrian_0002
Pedestrian 1.00 1.00 0 0 0 0 0 0 0 0 -1000.00 -1000.00 -1000.00 -1000.00 1.9158 0.4880 0.7507 108.3706 3.8114 -167.3172 0.2154 -0.0114 -0.0002 434 pedestrian_0001
Pedestrian 1.00 1.00 0 0 0 0 0 0 0 0 -1000.00 -1000.00 -1000.00 -1000.00 1.9158 0.4880 0.7507 47.7043 -4.8843 -282.8494 0.0257 -0.0114 -0.0002 435 pedestrian_0022
Pedestrian 0.00 1.00 0 0 0 0 0 0 0 0 1488.78 353.77 1498.46 372.16 1.9158 0.4880 0.5229 56.6511 1.2637 58.0244 -1.5572 -0.0114 -0.0002 436 pedestrian_0005
Pedestrian 1.00 1.00 0 0 0 0 0 0 0 0 -1000.00 -1000.00 -1000.00 -1000.00 1.3390 0.3253 0.5005 201.9441 2.5087 -54.9256 -3.0593 -0.0114 -0.0002 437 pedestrian_0013
Pedestrian 1.00 1.00 0 0 0 0 0 0 0 0 -1000.00 -1000.00 -1000.00 -1000.00 1.1330 0.4333 0.5889 -130.6238 5.1789 -284.8275 3.0344 -0.0114 -0.0002 438 pedestrian_0011
Pedestrian 0.00 0.63 3 4 10 60 0 0 2 0 1047.22 353.28 1053.59 372.32 1.9158 0.4880 0.5733 9.9546 1.2358 56.1328 1.1149 -0.0114 -0.0002 439 pedestrian_0006
Pedestrian 0.00 1.00 0 0 0 0 0 0 0 0 1456.38 320.74 1459.45 326.10 1.3390 0.3253 0.4934 127.8231 -8.6607 141.4052 -0.3936 -0.0114 -0.0002 440 pedestrian_0014
Pedestrian 0.00 1.00 0 0 0 0 0 0 0 0 229.07 355.08 237.85 369.88 1.9158 0.4880 0.4994 -93.7260 1.2769 72.1234 -1.7055 -0.0114 -0.0002 441 pedestrian_0025
Pedestrian 1.00 1.00 0 0 0 0 0 0 0 0 -1000.00 -1000.00 -1000.00 -1000.00 1.9158 0.4880 0.4931 -228.5949 0.6157 119.2773 0.6962 -0.0114 -0.0002 442 pedestrian_0003
Pedestrian 1.00 1.00 0 0 0 0 0 0 0 0 -1000.00 -1000.00 -1000.00 -1000.00 1.9158 0.4880 0.7507 34.1805 2.7886 -76.1477 0.0094 -0.0114 -0.0002 443 pedestrian_0024
Pedestrian 1.00 1.00 0 1 1 6 0 0 0 0 -1000.00 -1000.00 -1000.00 -1000.00 1.9158 0.4880 0.4814 5.5777 3.8386 -156.5105 1.7996 -0.0114 -0.0002 444 pedestrian_0007
Pedestrian 1.00 1.00 0 0 0 0 0 0 0 0 -1000.00 -1000.00 -1000.00 -1000.00 1.9158 0.4880 0.4108 -119.8060 2.6320 -59.6476 0.0572 -0.0114 -0.0002 445 pedestrian_0023
Pedestrian 1.00 1.00 0 0 0 0 0 0 0 0 -1000.00 -1000.00 -1000.00 -1000.00 1.9158 0.4880 0.4409 -272.0563 2.1669 -16.5203 1.5605 -0.0114 -0.0002 446 pedestrian_0026
Pedestrian 1.00 1.00 0 0 0 0 0 0 0 0 -1000.00 -1000.00 -1000.00 -1000.00 1.1330 0.4333 0.5393 164.6776 -8.0543 -4.4493 -1.6022 -0.0114 -0.0002 447 pedestrian_0009
Pedestrian 1.00 1.00 0 0 0 1 0 0 0 0 -1000.00 -1000.00 -1000.00 -1000.00 1.9158 0.4880 0.6561 11.5136 -2.5131 -246.5775 -3.1409 -0.0114 -0.0002 448 pedestrian_0015
Pedestrian 1.00 1.00 0 0 0 0 0 0 0 0 -1000.00 -1000.00 -1000.00 -1000.00 1.9158 0.4880 0.3940 157.9775 2.7383 -73.6822 3.0634 -0.0114 -0.0002 449 pedestrian_0017
Pedestrian 1.00 1.00 0 0 1 4 2 0 0 0 -1000.00 -1000.00 -1000.00 -1000.00 1.9158 0.4880 0.6696 -6.5839 3.9606 -170.0740 0.1419 -0.0114 -0.0002 450 pedestrian_0023
Pedestrian 1.00 1.00 0 0 0 0 0 0 0 0 -1000.00 -1000.00 -1000.00 -1000.00 1.9158 0.4880 0.4067 -74.1259 2.8436 -79.2412 0.0784 -0.0114 -0.0002 451 pedestrian_0001
Pedestrian 0.00 1.00 0 0 0 0 0 0 0 0 358.95 353.90 367.05 365.89 1.9158 0.4880 0.7257 -95.0237 0.9366 88.9768 -1.6098 -0.0114 -0.0002 452 pedestrian_0017
Pedestrian 1.00 1.00 0 0 0 0 0 0 0 0 -1000.00 -1000.00 -1000.00 -1000.00 1.1330 0.4333 0.6036 111.1408 2.5315 -55.7404 -3.1126 -0.0114 -0.0002 453 pedestrian_0011
Pedestrian 1.00 1.00 0 0 0 0 0 0 0 0 -1000.00 -1000.00 -1000.00 -1000.00 1.9158 0.4880 0.7075 -269.0408 3.9912 -176.8699 1.6100 -0.0114 -0.0002 454 pedestrian_0018
Pedestrian 1.00 1.00 0 0 0 0 0 0 0 0 -1000.00 -1000.00 -1000.00 -1000.00 1.9158 0.4880 0.4606 84.5862 4.3050 -197.4017 -0.2099 -0.0114 -0.0002 455 pedestrian_0021
Pedestrian 1.00 1.00 0 0 0 0 0 0 0 0 -1000.00 -1000.00 -1000.00 -1000.00 1.9158 0.4880 0.5028 207.3198 1.9674 -6.6206 -1.5330 -0.0114 -0.0002 456 pedestrian_0007
Pedestrian 1.00 1.00 0 0 0 20 0 0 0 0 -1000.00 -1000.00 -1000.00 -1000.00 1.9158 0.4880 0.7507 75.4533 1.6604 35.9001 -3.0201 -0.0114 -0.0002 457 pedestrian_0021
Pedestrian 1.00 1.00 0 0 0 0 0 0 0 0 -1000.00 -1000.00 -1000.00 -1000.00 1.9158 0.4880 0.4242 164.3170 -8.0298 -6.0237 2.4267 -0.0114 -0.0002 458 pedestrian_0019
Pedestrian 0.00 1.00 0 0 0 0 0 0 0 0 251.17 356.87 255.54 361.29 1.1330 0.4333 0.5289 -181.2677 0.3283 142.8118 -2.9498 -0.0114 -0.0002 459 pedestrian_0009
Pedestrian 0.00 1.00 0 0 0 0 0 0 0 0 381.57 353.86 386.13 361.14 1.9158 0.4880 0.6605 -151.0824 0.2966 146.1230 -3.0609 -0.0114 -0.0002 460 pedestrian_0004
Pedestrian 1.00 1.00 0 0 0 0 0 0 0 0 -1000.00 -1000.00 -1000.00 -1000.00 1.3390 0.3253 0.4371 -92.9782 3.3133 -121.0051 1.5192 -0.0114 -0.0002 461 pedestrian_0012
Pedestrian 1.00 1.00 0 0 0 0 0 0 0 0 -1000.00 -1000.00 -1000.00 -1000.00 1.9158 0.4880 0.6073 -162.6211 3.3671 -123.8903 1.6725 -0.0114 -0.0002 462 pedestrian_0006
Pedestrian 1.00 1.00 0 0 0 0 0 0 0 0 -1000.00 -1000.00 -1000.00 -1000.00 1.1330 0.4333 0.6667 61.6561 2.8558 -83.2669 1.5724 -0.0114 -0.0002 463 pedestrian_0009
Pedestrian 1.00 1.00 0 0 0 0 0 0 0 0 -1000.00 -1000.00 -1000.00 -1000.00 1.3390 0.3253 0.2908 -168.3417 2.8419 -79.7950 0.0194 -0.0114 -0.0002 464 pedestrian_0014
Pedestrian 1.00 1.00 0 0 0 7 0 0 0 0 -1000.00 -1000.00 -1000.00 -1000.00 1.1330 0.4333 0.6667 -94.8380 1.5609 32.8470 -1.4879 -0.0114 -0.0002 465 pedestrian_0010
Pedestrian 1.00 1.00 0 0 0 0 0 0 0 0 -1000.00 -1000.00 -1000.00 -1000.00 1.9158 0.4880 0.7334 -92.6155 3.1924 -109.6355 1.6053 -0.0114 -0.0002 466 pedestrian_0017
Pedestrian 0.00 0.01 49 50 96 4857 0 0 15 10 1564.52 353.35 1610.86 455.68 1.9158 0.4880 0.5123 13.1458 1.8040 10.8483 3.1020 -0.0114 -0.0002 467 pedestrian_0004
Pedestrian 1.00 1.00 0 0 0 0 0 0 0 0 -1000.00 -1000.00 -1000.00 -1000.00 1.9158 0.4880 0.5867 114.6362 1.5313 33.1876 -3.1031 -0.0114 -0.0002 468 pedestrian_0021
Pedestrian 1.00 1.00 0 0 5 31 2 0 0 0 -1000.00 -1000.00 -1000.00 -1000.00 1.3390 0.3253 0.4536 0.5922 2.6385 -54.5874 -0.0165 -0.0114 -0.0002 469 pedestrian_0013
Pedestrian 1.00 1.00 0 0 0 0 0 0 0 0 -1000.00 -1000.00 -1000.00 -1000.00 1.9158 0.4880 0.7507 109.5177 3.8054 -166.8084 -3.0543 -0.0114 -0.0002 470 pedestrian_0001
Pedestrian 1.00 1.00 7 4 11 55 2 0 0 0 -1000.00 -1000.00 -1000.00 -1000.00 1.9158 0.4880 0.7507 -5.2252 2.6620 -55.5802 -0.1058 -0.0114 -0.0002 471 pedestrian_0015
Pedestrian 0.00 1.00 0 0 0 0 0 0 0 0 116.57 353.91 123.37 361.78 1.9158 0.4880 0.7507 -204.2415 0.4292 135.2996 0.4274 -0.0114 -0.0002 472 pedestrian_0024
Pedestrian 1.00 1.00 0 0 0 0 0 0 0 0 -1000.00 -1000.00 -1000.00 -1000.00 1.3390 0.3253 0.3325 -74.3057 4.5077 -226.2417 1.6335 -0.0114 -0.0002 473 pedestrian_0013
Pedestrian 1.00 1.00 0 0 0 0 0 0 0 0 -1000.00 -1000.00 -1000.00 -1000.00 1.9158 0.4880 0.5095 -103.8820 5.1955 -285.7029 0.0202 -0.0114 -0.0002 474 pedestrian_0018
Pedestrian 1.00 1.00 0 0 0 0 0 0 0 0 -1000.00 -1000.00 -1000.00 -1000.00 1.3390 0.3253 0.4898 99.5897 3.8188 -168.3842 -3.1236 -0.0114 -0.0002 475 pedestrian_0012
Pedestrian 0.00 1.00 0 0 0 0 0 0 0 0 493.43 354.62 498.94 364.29 1.9158 0.4880 0.6680 -91.3718 0.8468 110.1575 -3.0345 -0.0114 -0.0002 476 pedestrian_0026
Pedestrian 1.00 1.00 0 0 0 0 0 0 0 0 -1000.00 -1000.00 -1000.00 -1000.00 1.9158 0.4880 0.5120 -102.5596 5.1879 -285.0635 0.1117 -0.0114 -0.0002 477 pedestrian_0016
Pedestrian 1.00 1.00 0 0 0 0 0 0 0 0 -1000.00 -1000.00 -1000.00 -1000.00 1.9158 0.4880 0.5711 60.2101 2.5720 -57.4889 -1.8818 -0.0114 -0.0002 478 pedestrian_0006
Pedestrian 1.00 1.00 0 0 0 0 0 0 0 0 -1000.00 -1000.00 -1000.00 -1000.00 1.9158 0.4880 0.6039 -90.7990 5.1793 -284.5031 -3.0227 -0.0114 -0.0002 479 pedestrian_0001
Pedestrian 1.00 1.00 0 0 0 0 0 0 0 0 -1000.00 -1000.00 -1000.00 -1000.00 1.9158 0.4880 0.7385 85.9707 1.7819 25.0382 1.7454 -0.0114 -0.0002 480 pedestrian_0021
Car 1.00 1.00 0 0 0 0 0 0 0 0 -1000.00 -1000.00 -1000.00 -1000.00 1.6980 1.9434 4.1871 17.8197 3.4737 -133.0758 -1.5556 -0.0114 -0.0002 481 citroen_c3
Car 1.00 1.00 0 0 0 0 0 0 0 0 -1000.00 -1000.00 -1000.00 -1000.00 1.9718 2.0005 4.0595 18.4278 3.3135 -122.0272 -1.5556 -0.0114 -0.0002 482 jeep_wrangler_rubicon
Car 1.00 1.00 0 0 0 0 0 0 0 0 -1000.00 -1000.00 -1000.00 -1000.00 1.9718 2.0005 4.0595 48.9344 3.4564 -132.0073 1.5860 -0.0114 -0.0002 483 jeep_wrangler_rubicon
Car 1.00 1.00 0 0 0 0 0 0 0 0 -1000.00 -1000.00 -1000.00 -1000.00 1.9718 2.0005 4.0595 15.4870 3.3146 -122.0720 -1.5556 -0.0114 -0.0002 484 jeep_wrangler_rubicon
Car 1.00 1.00 0 0 0 0 0 0 0 0 -1000.00 -1000.00 -1000.00 -1000.00 1.9718 2.0005 4.0595 -62.7644 3.2365 -110.2296 0.0152 -0.0114 -0.0002 485 nissan_patrol
Car 1.00 1.00 0 0 0 0 0 0 0 0 -1000.00 -1000.00 -1000.00 -1000.00 1.5488 2.0688 3.9961 -62.7344 3.2971 -113.1218 -3.1264 -0.0114 -0.0002 486 nissan_patrol
Car 1.00 1.00 0 0 0 0 0 0 0 0 -1000.00 -1000.00 -1000.00 -1000.00 1.4855 2.1349 -5.6254 -56.6000 3.0319 -93.2316 -3.1264 -0.0114 -0.0002 487 nissan_patrol
Car 1.00 1.00 0 0 0 0 0 0 0 0 -1000.00 -1000.00 -1000.00 -1000.00 1.6244 1.8781 -3.8906 -56.3422 3.2100 -110.1290 0.0152 -0.0114 -0.0002 488 nissan_patrol
Car 1.00 1.00 3 5 9 43 0 0 0 0 -1000.00 -1000.00 -1000.00 -1000.00 1.7506 2.3538 -4.8416 -39.2191 3.0288 -87.3500 0.0152 -0.0114 -0.0002 489 nissan_patrol
Car 1.00 1.00 18 21 34 124 2 0 0 0 -1000.00 -1000.00 -1000.00 -1000.00 1.9718 2.0005 -4.0595 -39.0405 3.1347 -101.6478 -3.1264 -0.0114 -0.0002 490 nissan_patrol
Car 1.00 1.00 0 0 0 0 0 0 0 0 -1000.00 -1000.00 -1000.00 -1000.00 1.9476 2.0282 4.8347 -63.0653 2.9658 -87.7152 -3.1264 -0.0114 -0.0002 491 nissan_patrol
Car 1.00 1.00 0 0 0 0 0 0 0 0 -1000.00 -1000.00 -1000.00 -1000.00 1.9718 2.0005 4.0595 -63.0787 3.0136 -90.6097 -3.1264 -0.0114 -0.0002 492 nissan_patrol
Car 1.00 1.00 0 0 0 0 0 0 0 0 -1000.00 -1000.00 -1000.00 -1000.00 1.6244 1.8781 3.8906 -45.6178 2.9832 -90.3429 0.0152 -0.0114 -0.0002 493 nissan_patrol
Car 1.00 1.00 0 0 0 0 0 0 0 0 -1000.00 -1000.00 -1000.00 -1000.00 1.5488 2.0688 3.9961 -45.5751 3.0661 -93.0653 -3.1264 -0.0114 -0.0002 494 nissan_patrol
Car 1.00 1.00 1 2 4 22 1 0 0 0 -1000.00 -1000.00 -1000.00 -1000.00 2.1397 2.1728 4.7017 -45.4194 3.1235 -101.7472 -3.1264 -0.0114 -0.0002 495 nissan_patrol
Car 1.00 1.00 6 6 11 63 0 0 0 0 -1000.00 -1000.00 -1000.00 -1000.00 1.9476 2.0282 4.8347 -45.2462 3.2153 -109.9614 -3.1264 -0.0114 -0.0002 496 nissan_patrol
Car 1.00 1.00 0 0 0 6 0 0 0 0 -1000.00 -1000.00 -1000.00 -1000.00 1.5100 1.8730 4.1000 -45.2694 3.2399 -112.8560 -3.1264 -0.0114 -0.0002 497 nissan_patrol
Car 1.00 1.00 8 11 17 72 3 0 0 0 -1000.00 -1000.00 -1000.00 -1000.00 1.5488 2.0688 3.9961 -30.3932 3.1265 -98.6191 0.0152 -0.0114 -0.0002 498 nissan_patrol
Car 1.00 1.00 0 0 0 3 0 0 0 0 -1000.00 -1000.00 -1000.00 -1000.00 1.5100 1.8730 4.1000 -30.3531 3.1083 -101.5141 0.0152 -0.0114 -0.0002 499 nissan_patrol
Car 1.00 1.00 0 0 0 9 0 0 0 0 -1000.00 -1000.00 -1000.00 -1000.00 1.9476 2.0282 4.8347 -30.2648 3.1471 -104.1987 -3.1264 -0.0114 -0.0002 500 nissan_patrol
Car 1.00 1.00 20 18 37 104 3 0 0 0 -1000.00 -1000.00 -1000.00 -1000.00 2.1397 2.1728 -4.7017 -24.1758 2.9535 -87.1237 -3.1264 -0.0114 -0.0002 501 nissan_patrol
Car 1.00 1.00 4 6 9 41 4 0 0 0 -1000.00 -1000.00 -1000.00 -1000.00 1.9476 2.0282 -4.8347 -24.0648 2.9848 -90.0163 0.0152 -0.0114 -0.0002 502 nissan_patrol
Car 1.00 1.00 20 22 33 117 5 0 0 0 -1000.00 -1000.00 -1000.00 -1000.00 1.6244 1.8781 -3.8906 -23.8785 3.1685 -106.9950 -3.1264 -0.0114 -0.0002 503 nissan_patrol
Car 1.00 1.00 4 4 11 39 1 0 0 0 -1000.00 -1000.00 -1000.00 -1000.00 1.7506 2.3538 -4.8416 -23.8626 3.2793 -109.6338 -3.1264 -0.0114 -0.0002 504 nissan_patrol
Car 1.00 1.00 0 0 0 0 0 0 0 0 -1000.00 -1000.00 -1000.00 -1000.00 1.9476 2.0282 4.8347 22.3076 3.4361 -133.6781 1.5860 -0.0114 -0.0002 505 nissan_patrol
Car 1.00 1.00 0 0 0 0 0 0 0 0 -1000.00 -1000.00 -1000.00 -1000.00 1.5475 1.9070 4.4025 46.1298 3.4303 -131.6467 1.5860 -0.0114 -0.0002 506 seat_leon
Car 1.00 1.00 0 0 0 0 0 0 0 0 -1000.00 -1000.00 -1000.00 -1000.00 2.5908 2.7453 5.4640 31.6980 3.4906 -133.4748 1.5860 -0.0114 -0.0002 507 carlamotors_carlacola
Car 1.00 1.00 0 0 0 0 0 0 0 0 -1000.00 -1000.00 -1000.00 -1000.00 2.5908 2.7453 5.4640 116.0639 3.5930 -141.9477 -1.5556 -0.0114 -0.0002 508 carlamotors_carlacola
Car 1.00 1.00 0 0 0 0 0 0 0 0 -1000.00 -1000.00 -1000.00 -1000.00 2.5908 2.7453 5.4640 119.5521 3.5917 -141.8946 -1.5556 -0.0114 -0.0002 509 carlamotors_carlacola
Car 1.00 1.00 0 0 0 0 0 0 0 0 -1000.00 -1000.00 -1000.00 -1000.00 2.5908 2.7453 5.4640 113.9971 3.1507 -113.7404 -3.1264 -0.0114 -0.0002 510 carlamotors_carlacola
Car 1.00 1.00 0 0 0 0 0 0 0 0 -1000.00 -1000.00 -1000.00 -1000.00 2.5908 2.7453 5.4640 27.3875 3.4921 -133.5405 1.5860 -0.0114 -0.0002 511 carlamotors_carlacola
Car 1.00 1.00 0 0 0 0 0 0 0 0 -1000.00 -1000.00 -1000.00 -1000.00 2.2031 2.5091 6.5872 53.8204 2.2418 -22.9668 1.0624 -0.0114 -0.0002 512 tesla_cybertruck