Car 1.00 1.00 0 0 0 0 0 0 0 0 -1000.00 -1000.00 -1000.00 -1000.00 1.5542 2.3421 5.1370 -258.2436 1.9922 -11.5229 -1.5934 0.0024 0.0006 0 lincoln2020_mkz2020
Car 1.00 1.00 6722 237458 380231 0 0 0 0 0 -1000.00 -1000.00 -1000.00 -1000.00 2.1397 2.1728 4.7045 -0.0005 2.0932 -2.2389 1.5708 0.0000 0.0000 1 volkswagen_t2
Motorcycle 1.00 1.00 0 0 0 0 0 0 0 0 -1000.00 -1000.00 -1000.00 -1000.00 1.6960 1.0692 2.4735 -93.4608 1.4298 -134.1301 -1.6129 0.0088 0.0004 2 harley_davidson_low_rider
Motorcycle 1.00 1.00 0 0 0 0 0 0 0 0 -1000.00 -1000.00 -1000.00 -1000.00 1.6960 1.0692 2.4735 -265.2850 1.9679 -13.6974 -1.5880 0.0087 -0.0009 3 harley_davidson_low_rider
Car 1.00 1.00 0 0 0 0 0 0 0 0 -1000.00 -1000.00 -1000.00 -1000.00 1.6320 2.1403 5.2230 158.5861 2.1216 -18.8689 3.1311 0.0015 0.0004 4 dodge_charger_police
Car 1.00 1.00 0 0 0 0 0 0 0 0 -1000.00 -1000.00 -1000.00 -1000.00 1.5542 2.3421 5.1370 -70.6304 1.0359 -215.5151 3.1304 0.0033 0.0004 5 lincoln2020_mkz2020
Car 1.00 1.00 0 0 0 0 0 0 0 0 -1000.00 -1000.00 -1000.00 -1000.00 1.4546 2.0938 4.3903 -251.1476 1.9504 -21.9248 1.5684 0.0046 0.0004 6 audi_tt
Car 1.00 1.00 0 0 0 0 0 0 0 0 -1000.00 -1000.00 -1000.00 -1000.00 1.4477 1.5550 2.3177 -70.9139 1.5436 -116.8620 -0.0169 0.0092 0.0004 7 bmw_isetta
Car 0.00 1.00 0 0 0 0 0 0 0 0 621.02 364.03 642.12 369.63 1.7173 2.2591 5.2781 -101.8905 2.9881 173.3373 -0.0205 -0.0025 0.0001 8 mercedes_benz_coupe
Car 0.00 1.00 0 0 0 0 0 0 0 0 613.83 368.23 671.64 381.20 1.4812 2.1349 5.6254 -36.6351 2.4664 65.4901 -0.0155 0.0030 0.0004 9 chevrolet_impala
Car 0.00 0.38 12 14 23 192 0 0 22 0 937.43 365.72 953.25 376.75 1.6115 2.2019 5.2564 -1.4296 2.5169 85.7036 1.5503 0.0036 0.0009 10 charger2020_charger2020
Car 1.00 1.00 0 0 0 0 0 0 0 0 -1000.00 -1000.00 -1000.00 -1000.00 2.2031 2.5091 6.5872 129.4357 1.7553 -79.7426 -1.5860 0.0029 0.0004 11 tesla_cybertruck
Car 1.00 1.00 0 0 0 0 0 0 0 0 -1000.00 -1000.00 -1000.00 -1000.00 1.5140 2.1024 4.9073 -63.6497 1.5892 -106.4831 3.1246 0.0045 0.0004 12 mercedesccc_mercedesccc
Car 1.00 1.00 0 0 0 0 0 0 0 0 -1000.00 -1000.00 -1000.00 -1000.00 1.6980 1.9434 4.1871 210.3328 1.9603 -54.1936 -1.5932 0.0046 0.0004 13 citroen_c3
Car 1.00 1.00 0 0 0 0 0 0 0 0 -1000.00 -1000.00 -1000.00 -1000.00 1.4812 2.1349 5.6254 120.4959 2.1035 -18.4530 3.1286 0.0056 0.0004 14 chevrolet_impala
Car 1.00 1.00 0 0 0 43 0 0 0 0 -1000.00 -1000.00 -1000.00 -1000.00 1.6320 2.1403 5.2230 112.8788 2.0587 -28.8577 -0.0130 -0.0047 0.0007 15 dodge_charger_police
Car 1.00 1.00 0 0 0 0 0 0 0 0 -1000.00 -1000.00 -1000.00 -1000.00 1.5863 2.2347 5.1468 -36.9685 1.5466 -117.4357 -0.0169 0.0050 0.0004 16 lincoln_mkz2017
Car 1.00 1.00 0 0 0 0 0 0 0 0 -1000.00 -1000.00 -1000.00 -1000.00 1.7318 2.1344 5.0985 -247.6525 1.9498 -24.1226 1.5676 0.0028 0.0004 17 audi_etron
Car 1.00 1.00 0 0 0 0 0 0 0 0 -1000.00 -1000.00 -1000.00 -1000.00 1.7506 2.3538 4.8416 -50.6990 1.5362 -117.2025 -0.0169 0.0095 0.0004 18 bmw_grandtourer
Car 0.00 0.45 5 8 12 51 0 0 5 0 960.21 365.96 973.22 376.74 1.5765 1.9374 3.8150 1.8414 2.4984 84.4113 1.5489 0.0039 0.0003 19 nissan_micra
Motorcycle 1.00 1.00 0 0 0 14 0 0 0 0 -1000.00 -1000.00 -1000.00 -1000.00 1.6960 1.0692 2.4735 -65.3567 1.9767 -26.5460 -0.0130 0.0054 0.0004 20 harley_davidson_low_rider
Car 1.00 1.00 0 0 0 0 0 0 0 0 -1000.00 -1000.00 -1000.00 -1000.00 1.5765 1.9374 3.8150 -83.9637 1.3193 -156.6840 1.5289 0.0045 0.0004 21 nissan_micra
Car 1.00 1.00 10 14 23 113 0 0 0 0 -1000.00 -1000.00 -1000.00 -1000.00 1.7203 2.2019 5.4994 92.5723 2.0383 -28.7292 -0.0101 0.0036 0.0010 22 chargercop2020_chargercop2020
Car 1.00 1.00 11 12 18 622 0 1 0 0 -1000.00 -1000.00 -1000.00 -1000.00 1.5475 1.9070 4.4025 -30.3438 2.0164 -23.4746 -0.0134 0.0045 0.0004 23 seat_leon
Car 1.00 1.00 0 0 0 0 0 0 0 0 -1000.00 -1000.00 -1000.00 -1000.00 1.3660 1.9896 4.9534 -25.8807 1.5995 -107.1225 3.1247 0.0049 0.0004 24 mustang_mustang
Cyclist 0.00 1.00 0 0 0 0 0 0 0 0 616.25 363.27 623.37 371.29 1.9709 0.6705 1.7250 -83.3920 2.7857 137.1675 -1.5864 0.0113 0.0004 25 diamondback_century
Cyclist 0.00 1.00 0 0 0 0 0 0 0 0 585.45 365.62 601.16 378.69 1.7065 0.8593 1.4873 -47.4663 2.4481 72.9580 -3.0764 0.0065 0.0005 26 bh_crossbike
Car 1.00 1.00 105 115 204 808 0 33 0 0 -1000.00 -1000.00 -1000.00 -1000.00 2.1397 2.1728 4.7045 -40.9942 2.0650 -16.3584 3.1286 -0.0037 0.0002 27 volkswagen_t2
Car 1.00 1.00 0 0 0 0 0 0 0 0 -1000.00 -1000.00 -1000.00 -1000.00 1.9718 2.0005 4.0595 -243.9034 2.0669 1.3412 1.5438 0.0033 0.0003 28 jeep_wrangler_rubicon
Car 0.00 0.34 8 12 18 190 0 0 7 0 1027.97 368.00 1076.69 382.63 1.5627 2.2716 5.0314 10.9536 2.4594 61.2603 -0.0179 0.0044 0.0004 29 tesla_model3
Car 1.00 1.00 0 0 0 0 0 0 0 0 -1000.00 -1000.00 -1000.00 -1000.00 1.4546 2.0938 4.3903 71.7355 1.4630 -143.2266 1.5485 0.0046 0.0004 30 audi_tt
Car 1.00 1.00 0 0 0 0 0 0 0 0 -1000.00 -1000.00 -1000.00 -1000.00 1.5488 2.0688 3.9961 136.5599 1.7815 -71.5844 1.5557 0.0048 0.0004 31 mini_cooperst
Car 1.00 1.00 0 0 0 0 0 0 0 0 -1000.00 -1000.00 -1000.00 -1000.00 1.6011 2.1072 4.7392 74.3101 2.3506 35.6003 1.5643 0.0042 0.0004 32 toyota_prius
Car 0.00 0.22 46 53 90 766 0 0 12 0 736.91 362.80 781.19 380.42 2.1397 2.1728 4.7045 -24.1193 2.4944 68.8455 3.1245 0.0000 0.0003 33 volkswagen_t2
Car 0.00 1.00 0 0 0 0 0 0 0 0 611.63 364.88 632.76 371.78 1.6011 2.1072 4.7392 -79.9552 2.7779 132.5705 1.5550 0.0048 0.0004 34 toyota_prius
Car 1.00 1.00 0 0 0 0 0 0 0 0 -1000.00 -1000.00 -1000.00 -1000.00 1.3660 1.9896 4.9534 99.3280 2.0890 -18.1804 3.1286 0.0052 0.0004 35 mustang_mustang
Car 1.00 1.00 0 0 0 0 0 0 0 0 -1000.00 -1000.00 -1000.00 -1000.00 1.6011 2.1072 4.7392 172.1189 2.0783 -26.1244 -0.0130 0.0042 0.0004 36 toyota_prius
Car 1.00 1.00 51 54 80 340 39 0 0 0 -1000.00 -1000.00 -1000.00 -1000.00 1.7506 2.3538 4.8416 -3.6564 1.7974 -57.6843 1.5613 0.0032 0.0004 37 bmw_grandtourer
Car 1.00 1.00 0 0 0 0 0 0 0 0 -1000.00 -1000.00 -1000.00 -1000.00 2.2031 2.5091 6.5872 213.7949 1.9597 -55.9581 -1.5935 0.0037 0.0004 38 tesla_cybertruck
Motorcycle 1.00 1.00 0 0 0 0 0 0 0 0 -1000.00 -1000.00 -1000.00 -1000.00 1.6387 1.2138 2.3199 137.9425 2.2487 19.8885 1.5557 0.0066 0.0004 39 yamaha_yzf
Car 1.00 1.00 0 0 0 0 0 0 0 0 -1000.00 -1000.00 -1000.00 -1000.00 1.9476 2.0282 4.8347 -81.2077 1.6411 -92.8314 1.5287 0.0011 0.0004 40 nissan_patrol
Car 1.00 1.00 10 10 21 73 20 0 0 0 -1000.00 -1000.00 -1000.00 -1000.00 1.6115 2.2019 5.2564 -3.8734 1.6203 -93.8314 1.5640 0.0036 0.0010 41 charger2020_charger2020
Car 1.00 1.00 0 0 0 0 0 0 0 0 -1000.00 -1000.00 -1000.00 -1000.00 1.6115 2.2019 5.2564 69.6634 1.8066 -72.9839 -1.5901 0.0036 0.0010 42 charger2020_charger2020
Motorcycle 1.00 1.00 0 0 0 0 0 0 0 0 -1000.00 -1000.00 -1000.00 -1000.00 1.6649 1.0692 2.4735 138.2299 2.3204 38.6410 1.5557 0.0087 0.0004 43 harley_davidson_low_rider
Car 1.00 1.00 0 0 0 0 0 0 0 0 -1000.00 -1000.00 -1000.00 -1000.00 1.5542 2.3421 5.1370 -258.1974 1.8676 -36.4979 -1.5745 0.0024 0.0004 44 lincoln2020_mkz2020
Motorcycle 1.00 1.00 0 0 0 0 0 0 0 0 -1000.00 -1000.00 -1000.00 -1000.00 1.6960 1.0692 2.4735 77.5218 2.1094 -10.4304 1.5697 0.0082 0.0004 45 harley_davidson_low_rider
Cyclist 1.00 1.00 0 0 0 0 0 0 0 0 -1000.00 -1000.00 -1000.00 -1000.00 1.9310 0.5921 1.9272 43.4315 1.5638 -115.3007 -0.0169 0.0022 0.0004 46 gazelle_omafiets
Car 0.00 0.05 69 92 146 1060 0 0 72 0 946.00 369.00 975.26 392.72 1.7318 2.1344 5.0985 0.8941 2.2978 38.5683 1.5488 0.0028 0.0004 47 audi_etron
Car 0.00 1.00 0 0 0 0 0 0 0 0 1754.94 364.71 1828.58 383.21 1.9476 2.0282 4.8347 90.6834 2.4667 59.9419 -0.0165 -0.0005 0.0004 48 nissan_patrol
Car 0.00 1.00 0 0 0 0 0 0 0 0 380.61 366.08 444.84 380.97 1.7203 2.2019 5.4994 -64.1794 2.4530 65.8684 -0.0137 0.0036 0.0010 49 chargercop2020_chargercop2020
Car 1.00 1.00 0 0 0 0 0 0 0 0 -1000.00 -1000.00 -1000.00 -1000.00 1.6244 1.8781 3.8906 -105.4040 1.5608 -109.2144 -3.1316 0.0011 -0.0007 50 audi_a2
Car 1.00 1.00 5 5 8 215 0 0 0 0 -1000.00 -1000.00 -1000.00 -1000.00 1.5863 2.2347 5.1468 -86.7564 1.8237 -58.2690 -1.6129 0.0043 0.0004 51 lincoln_mkz2017
Cyclist 0.00 1.00 0 0 0 0 0 0 0 0 521.45 363.38 531.57 373.15 1.9709 0.6705 1.7250 -87.2713 2.6618 112.6047 -1.5866 0.0113 0.0004 52 diamondback_century
Cyclist 1.00 1.00 9 14 16 83 0 1 0 0 -1000.00 -1000.00 -1000.00 -1000.00 1.9311 0.5921 1.9272 -51.0039 1.9887 -23.2315 -0.0130 0.0022 0.0004 53 gazelle_omafiets
Car 1.00 1.00 0 0 0 0 0 0 0 0 -1000.00 -1000.00 -1000.00 -1000.00 1.7173 2.2591 5.2781 140.4220 1.9188 -47.6081 1.5556 -0.0026 0.0001 54 mercedes_benz_coupe
Car 1.00 1.00 0 5 8 15 3 0 0 0 -1000.00 -1000.00 -1000.00 -1000.00 1.5542 2.3421 5.1370 -6.9454 1.4271 -132.0425 -1.4026 0.0025 0.0036 55 lincoln2020_mkz2020
Car 1.00 1.00 0 0 0 0 0 0 0 0 -1000.00 -1000.00 -1000.00 -1000.00 1.7506 2.3538 4.8416 50.2975 1.6136 -109.5248 -2.9152 0.0037 0.0009 56 bmw_grandtourer
Car 1.00 1.00 0 0 0 0 0 0 0 0 -1000.00 -1000.00 -1000.00 -1000.00 1.4546 2.0938 4.3903 73.6256 1.8869 -58.3840 1.5485 0.0048 0.0004 57 audi_tt
Car 1.00 1.00 14 16 23 108 0 1 0 0 -1000.00 -1000.00 -1000.00 -1000.00 1.7173 2.2591 5.2781 -82.6723 1.9085 -44.4559 1.5288 -0.0025 0.0001 58 mercedes_benz_coupe
Car 1.00 1.00 363 409 639 3204 89 0 0 0 -1000.00 -1000.00 -1000.00 -1000.00 1.5542 2.3421 5.1370 9.1428 2.0106 -27.5115 -0.0134 0.0006 0.0004 59 lincoln2020_mkz2020
Car 0.00 1.00 0 0 0 0 0 0 0 0 1360.51 362.95 1391.06 374.70 2.1397 2.1728 4.7045 78.2517 2.6995 103.3234 1.5640 0.0099 0.0004 60 volkswagen_t2
Car 0.00 1.00 0 0 0 0 0 0 0 0 1322.43 364.38 1351.50 372.41 1.7506 2.3538 4.8416 84.5675 2.7331 123.2110 -0.0198 0.0015 0.0005 61 bmw_grandtourer
Car 1.00 1.00 0 0 0 0 0 0 0 0 -1000.00 -1000.00 -1000.00 -1000.00 1.6320 2.1403 5.2230 111.7960 1.6010 -119.9528 -0.0169 -0.0004 0.0003 62 dodge_charger_police
Car 1.00 1.00 3 4 6 11 23 0 0 0 -1000.00 -1000.00 -1000.00 -1000.00 1.6980 1.9434 4.1871 -0.5065 1.6316 -93.5432 1.5615 0.0046 0.0004 63 citroen_c3
Car 1.00 1.00 0 0 0 0 0 0 0 0 -1000.00 -1000.00 -1000.00 -1000.00 1.4812 2.1349 5.6254 30.0460 1.5883 -115.0712 -0.0169 0.0062 0.0004 64 chevrolet_impala
Car 0.00 1.00 0 0 0 0 0 0 0 0 346.33 367.20 413.17 381.97 1.6115 2.2019 5.2564 -64.4384 2.4330 62.3741 -0.0135 0.0052 0.0011 65 charger2020_charger2020
Car 0.00 1.00 0 0 0 0 0 0 0 0 1374.67 367.58 1410.53 376.45 1.3660 1.9896 4.9534 71.1643 2.6196 90.2519 -1.5773 0.0053 0.0004 66 mustang_mustang
Motorcycle 1.00 1.00 0 0 0 0 0 0 0 0 -1000.00 -1000.00 -1000.00 -1000.00 1.5852 1.1236 2.1350 77.6759 2.2125 14.8142 1.5643 -0.0048 0.0004 67 kawasaki_ninja
Car 0.00 1.00 0 0 0 0 0 0 0 0 526.13 365.11 550.90 372.27 1.5488 2.0688 3.9961 -92.9418 2.7011 123.3004 3.0871 -0.0032 0.0002 68 mini_cooperst
Car 0.00 1.00 0 0 0 0 0 0 0 0 524.69 367.21 579.59 380.02 1.5542 2.3421 5.1370 -50.3192 2.4725 69.5476 -3.1239 0.0024 0.0004 69 lincoln2020_mkz2020
Car 1.00 1.00 44 38 71 300 0 0 0 2 -1000.00 -1000.00 -1000.00 -1000.00 1.9718 2.0005 4.0595 40.6258 2.0775 -17.4171 3.1289 0.0024 0.0003 70 jeep_wrangler_rubicon
Car 1.00 1.00 0 0 0 0 0 0 0 0 -1000.00 -1000.00 -1000.00 -1000.00 1.7506 2.3538 4.8416 -83.3360 1.3967 -143.2852 1.5287 0.0032 0.0004 71 bmw_grandtourer
Car 1.00 1.00 0 0 0 0 0 0 0 0 -1000.00 -1000.00 -1000.00 -1000.00 2.2031 2.5091 6.5872 133.1960 1.8415 -62.6152 -1.5859 0.0040 0.0004 72 tesla_cybertruck
Car 1.00 1.00 0 0 0 0 0 0 0 0 -1000.00 -1000.00 -1000.00 -1000.00 1.6244 1.8781 3.8906 -77.9003 2.3149 40.0191 1.5553 0.0019 -0.0007 73 audi_a2
Car 1.00 1.00 0 0 0 37 0 0 0 2 -1000.00 -1000.00 -1000.00 -1000.00 1.7203 2.2019 5.4994 99.3977 2.0769 -21.5553 3.1319 0.0075 0.0013 74 chargercop2020_chargercop2020
Car 1.00 1.00 0 0 0 0 0 0 0 0 -1000.00 -1000.00 -1000.00 -1000.00 1.6320 2.1403 5.2230 -81.3955 2.3286 40.1953 1.5551 0.0016 0.0004 75 dodge_charger_police
Car 0.00 1.00 0 0 0 0 0 0 0 0 512.18 365.75 542.76 373.81 1.5140 2.1024 4.9073 -83.8354 2.6545 108.5376 -1.5867 0.0045 0.0004 76 mercedesccc_mercedesccc
Car 1.00 1.00 159 203 316 9430 39 0 0 14 -1000.00 -1000.00 -1000.00 -1000.00 1.6244 1.8781 3.8906 19.6109 2.0479 -20.6472 3.1288 0.0019 -0.0007 77 audi_a2
Car 0.00 0.00 661 787 1245 50816 0 112 151 0 275.00 387.00 519.07 477.00 1.6244 1.8781 3.8906 -10.2112 2.1429 11.1772 -1.5931 -0.0028 -0.0007 78 audi_a2
Car 1.00 1.00 0 0 0 0 0 0 0 0 -1000.00 -1000.00 -1000.00 -1000.00 1.7203 2.2019 5.4994 33.1161 1.6038 -111.4854 3.1276 0.0051 0.0011 79 chargercop2020_chargercop2020
Car 0.00 1.00 0 0 0 0 0 0 0 0 407.96 362.63 448.41 375.96 2.1397 2.1728 4.7045 -87.5956 2.5879 92.2140 -1.5872 -0.0000 0.0003 80 volkswagen_t2
Car 1.00 1.00 0 0 0 0 0 0 0 0 -1000.00 -1000.00 -1000.00 -1000.00 1.3660 1.9896 4.9534 44.3824 1.5671 -118.8125 -0.0169 0.0047 0.0004 81 mustang_mustang
Car 1.00 1.00 4 16 19 87 26 0 0 0 -1000.00 -1000.00 -1000.00 -1000.00 1.7203 2.2019 5.4994 -0.2003 1.7735 -63.9770 1.5612 0.0078 0.0012 82 chargercop2020_chargercop2020
Car 0.00 1.00 0 0 0 0 0 0 0 0 449.28 365.79 483.34 376.47 1.6244 1.8781 3.8906 -77.1666 2.5520 87.5957 1.5551 0.0030 -0.0007 83 audi_a2
Car 1.00 1.00 0 0 0 0 0 0 0 0 -1000.00 -1000.00 -1000.00 -1000.00 1.6244 1.8781 3.8906 77.4742 1.9590 -42.6962 1.5489 0.0019 -0.0007 84 audi_a2
Car 1.00 1.00 0 0 0 0 0 0 0 0 -1000.00 -1000.00 -1000.00 -1000.00 1.3660 1.9896 4.9534 211.4275 2.1470 -14.7385 -1.5778 0.0048 0.0004 85 mustang_mustang
Car 1.00 1.00 0 0 0 0 0 0 0 0 -1000.00 -1000.00 -1000.00 -1000.00 1.6244 1.8781 3.8906 -89.8835 1.4501 -132.4485 -1.6128 0.0020 -0.0007 86 audi_a2
Car 1.00 1.00 0 0 0 0 0 0 0 0 -1000.00 -1000.00 -1000.00 -1000.00 1.9718 2.0005 4.0595 -107.8348 1.2356 -167.5178 3.1388 0.0033 0.0001 87 jeep_wrangler_rubicon
Car 1.00 1.00 0 0 0 0 0 0 0 0 -1000.00 -1000.00 -1000.00 -1000.00 1.9718 2.0005 4.0595 -90.4104 1.3934 -144.8902 -1.6130 0.0033 0.0003 88 jeep_wrangler_rubicon
Car 1.00 1.00 0 0 0 0 0 0 0 0 -1000.00 -1000.00 -1000.00 -1000.00 1.3660 1.9896 4.9534 -72.2616 1.0749 -208.4956 3.1304 0.0067 0.0017 89 mustang_mustang
Motorcycle 1.00 1.00 0 0 0 0 0 0 0 0 -1000.00 -1000.00 -1000.00 -1000.00 1.6649 1.0692 2.4735 141.7177 2.3175 37.8186 1.5557 0.0082 0.0004 90 harley_davidson_low_rider
Car 0.00 1.00 0 0 0 0 0 0 0 0 647.06 364.89 663.64 370.88 1.5475 1.9070 4.4025 -79.7345 2.8468 146.5744 1.5549 0.0068 0.0004 91 seat_leon
Motorcycle 1.00 1.00 0 0 0 0 0 0 0 0 -1000.00 -1000.00 -1000.00 -1000.00 1.6387 1.2138 2.3199 113.1985 2.0699 -25.3601 -0.0130 -0.0037 0.0004 92 yamaha_yzf
Cyclist 0.00 1.00 0 0 0 0 0 0 0 0 644.23 363.33 650.34 370.30 1.9311 0.5921 1.9272 -86.6087 2.8645 154.9301 -1.5866 0.0023 0.0004 93 gazelle_omafiets
Car 1.00 1.00 14 11 23 76 0 6 0 0 -1000.00 -1000.00 -1000.00 -1000.00 1.5140 2.1024 4.9073 -101.5683 2.0080 -19.7381 3.1218 0.0043 0.0004 94 mercedesccc_mercedesccc
Car 1.00 1.00 0 0 0 0 0 0 0 0 -1000.00 -1000.00 -1000.00 -1000.00 1.4546 2.0938 4.3903 64.9539 1.5097 -133.3503 -1.5931 0.0047 0.0004 95 audi_tt
Car 1.00 1.00 0 0 0 0 0 0 0 0 -1000.00 -1000.00 -1000.00 -1000.00 2.1397 2.1728 4.7045 -44.2920 1.6108 -106.8070 3.1241 0.0000 0.0003 96 volkswagen_t2
Car 0.00 1.00 0 0 0 0 0 0 0 0 642.62 364.94 660.60 370.64 1.5140 2.1024 4.9073 -83.1647 2.8666 150.9725 -1.5866 0.0059 0.0004 97 mercedesccc_mercedesccc
Car 1.00 1.00 0 0 0 0 0 0 0 0 -1000.00 -1000.00 -1000.00 -1000.00 1.4812 2.1349 5.6254 141.3508 2.2149 13.5724 1.5551 0.0065 0.0004 98 chevrolet_impala
Car 0.00 1.00 0 0 0 0 0 0 0 0 1453.00 366.51 1488.98 377.42 1.5765 1.9374 3.8150 78.0602 2.5794 83.8674 1.5646 0.0026 0.0004 99 nissan_micra
Motorcycle 1.00 1.00 3 2 4 2 0 0 0 0 -1000.00 -1000.00 -1000.00 -1000.00 1.5853 1.1236 2.1350 73.9836 1.9280 -42.3119 1.5492 -0.0156 0.0006 100 kawasaki_ninja
Car 0.00 1.00 0 0 0 0 0 0 0 0 658.12 363.21 676.25 369.28 1.9476 2.0282 4.8347 -94.3781 2.9983 180.1854 3.1212 0.0011 0.0004 101 nissan_patrol
Car 1.00 1.00 0 0 0 0 0 0 0 0 -1000.00 -1000.00 -1000.00 -1000.00 2.1397 2.1728 4.7045 -78.6288 2.1139 -3.2750 1.5627 0.0017 0.0002 102 volkswagen_t2
Car 1.00 1.00 0 0 0 0 0 0 0 0 -1000.00 -1000.00 -1000.00 -1000.00 1.3660 1.9896 4.9534 -205.7108 1.9590 -14.5522 1.5563 0.0046 0.0011 103 mustang_mustang
Car 0.00 1.00 0 0 0 0 0 0 0 0 1299.56 367.87 1356.18 381.80 1.5627 2.2716 5.0314 43.3690 2.4858 64.2244 -0.0165 0.0045 0.0004 104 tesla_model3
Car 1.00 1.00 0 0 0 0 0 0 0 0 -1000.00 -1000.00 -1000.00 -1000.00 1.5542 2.3421 5.1370 159.5232 2.0904 -22.3838 3.1315 0.0024 0.0004 105 lincoln2020_mkz2020
Car 1.00 1.00 0 0 0 0 0 0 0 0 -1000.00 -1000.00 -1000.00 -1000.00 1.5627 2.2716 5.0314 116.1842 2.0825 -21.8989 3.1286 0.0052 0.0004 106 tesla_model3
Car 1.00 1.00 0 0 0 0 0 0 0 0 -1000.00 -1000.00 -1000.00 -1000.00 1.5765 1.9374 3.8150 -84.7551 2.3319 46.2897 -1.5863 0.0037 0.0004 107 nissan_micra
Cyclist 1.00 1.00 18 21 31 126 0 0 0 0 -1000.00 -1000.00 -1000.00 -1000.00 1.9311 0.5921 1.9272 -40.5131 2.0094 -19.8587 3.1287 0.0022 0.0004 108 gazelle_omafiets
Cyclist 1.00 1.00 0 0 0 0 0 0 0 0 -1000.00 -1000.00 -1000.00 -1000.00 1.9311 0.5921 1.9272 -122.9521 0.9362 -228.9376 -0.0112 0.0022 0.0004 109 gazelle_omafiets
Car 0.00 1.00 0 0 0 0 0 0 0 0 1158.28 368.43 1200.79 380.68 1.4546 2.0938 4.3903 27.6871 2.5006 67.9840 3.1250 0.0046 0.0004 110 audi_tt
Car 1.00 1.00 257 283 474 14054 70 40 0 0 -1000.00 -1000.00 -1000.00 -1000.00 1.9476 2.0282 4.8347 -23.0854 2.0252 -20.0912 3.1287 0.0011 0.0004 111 nissan_patrol
Car 1.00 1.00 0 0 0 0 0 0 0 0 -1000.00 -1000.00 -1000.00 -1000.00 1.4546 2.0938 4.3903 19.6446 1.6206 -107.8926 3.1247 0.0042 0.0004 112 audi_tt
Car 1.00 1.00 0 9 14 56 5 0 0 0 -1000.00 -1000.00 -1000.00 -1000.00 1.7506 2.3538 4.8416 -10.9857 1.4388 -128.8150 -1.4875 0.0059 0.0003 113 bmw_grandtourer
Car 1.00 1.00 44 66 112 550 0 9 0 0 -1000.00 -1000.00 -1000.00 -1000.00 1.9718 2.0005 4.0595 -49.9946 1.9973 -26.7493 -0.0129 0.0044 0.0003 114 jeep_wrangler_rubicon
Motorcycle 1.00 1.00 0 0 0 0 0 0 0 0 -1000.00 -1000.00 -1000.00 -1000.00 1.6387 1.2138 2.3199 136.9822 1.9319 -43.6215 1.5557 -0.0078 0.0004 115 yamaha_yzf
Car 1.00 1.00 32 34 51 377 0 0 0 4 -1000.00 -1000.00 -1000.00 -1000.00 1.7203 2.2019 5.4994 36.1881 2.0577 -20.7243 3.1315 0.0040 0.0010 116 chargercop2020_chargercop2020
Car 1.00 1.00 0 0 0 0 0 0 0 0 -1000.00 -1000.00 -1000.00 -1000.00 1.6980 1.9434 4.1871 131.0634 2.2860 28.0106 -1.5859 0.0050 0.0004 117 citroen_c3
Car 0.00 1.00 0 0 0 0 0 0 0 0 726.55 364.59 746.50 369.77 1.5542 2.3421 5.1370 -67.3734 2.9630 169.1301 -0.0205 0.0024 0.0004 118 lincoln2020_mkz2020
Car 0.00 1.00 0 0 0 0 0 0 0 0 1342.78 360.38 1383.07 376.44 2.5908 2.7453 5.4640 67.6795 2.6561 92.1336 -1.5775 0.0013 0.0004 119 carlamotors_carlacola
Car 1.00 1.00 0 0 0 0 0 0 0 0 -1000.00 -1000.00 -1000.00 -1000.00 1.5765 1.9374 3.8150 72.7900 1.6945 -93.0215 1.5489 0.0037 0.0004 120 nissan_micra
Car 0.00 1.00 0 0 0 0 0 0 0 0 710.39 364.98 720.49 369.93 1.4477 1.5550 2.3177 -72.3178 2.9505 165.7307 -0.0202 -0.0069 0.0004 121 bmw_isetta
Car 1.00 1.00 0 0 0 0 0 0 0 0 -1000.00 -1000.00 -1000.00 -1000.00 1.7173 2.2591 5.2781 217.5698 2.0208 -43.8408 1.5481 -0.0009 0.0001 122 mercedes_benz_coupe
Car 0.00 1.00 0 0 0 0 0 0 0 0 1323.35 366.23 1379.19 380.69 1.7173 2.2591 5.2781 49.8648 2.5261 69.6351 2.8625 -0.0025 0.0004 123 mercedes_benz_coupe
Car 1.00 1.00 0 0 0 0 0 0 0 0 -1000.00 -1000.00 -1000.00 -1000.00 1.5765 1.9374 3.8150 132.8962 1.6908 -86.6272 -1.5857 0.0089 0.0004 124 nissan_micra
Car 0.00 0.88 7 10 19 292 0 0 2 0 1075.07 367.29 1124.92 381.59 1.6115 2.2019 5.2564 17.0480 2.4734 64.5241 -0.0136 0.0036 0.0010 125 charger2020_charger2020
Car 0.00 1.00 0 0 0 0 0 0 0 0 1300.20 363.66 1331.26 374.41 1.9476 2.0282 4.8347 69.4538 2.6933 107.0682 -1.2505 0.0014 -0.0105 126 nissan_patrol
Car 1.00 1.00 0 0 0 0 0 0 0 0 -1000.00 -1000.00 -1000.00 -1000.00 1.5140 2.1024 4.9073 -95.2276 1.2306 -176.0764 -1.6132 0.0039 0.0004 127 mercedesccc_mercedesccc
Car 1.00 1.00 15 12 26 142 0 3 0 0 -1000.00 -1000.00 -1000.00 -1000.00 1.7173 2.2591 5.2781 -86.0189 1.9227 -41.3355 -1.5929 -0.0020 0.0001 128 mercedes_benz_coupe
Car 0.00 0.69 47 58 92 706 0 0 18 0 862.77 369.50 898.46 388.78 1.4812 2.1349 5.6254 -5.9129 2.3316 47.4910 -1.5928 0.0041 0.0004 129 chevrolet_impala
Car 1.00 1.00 0 0 0 0 0 0 0 0 -1000.00 -1000.00 -1000.00 -1000.00 2.1397 2.1728 4.7045 -105.5367 1.0474 -215.1230 3.1300 0.0019 0.0003 130 volkswagen_t2
Car 1.00 1.00 40 47 76 371 0 0 0 1 -1000.00 -1000.00 -1000.00 -1000.00 1.6244 1.8781 3.8906 44.7115 2.0197 -27.9712 -0.0127 0.0037 -0.0007 131 audi_a2
Car 0.00 1.00 0 0 0 0 0 0 0 0 1193.57 363.38 1217.89 371.77 1.9476 2.0282 4.8347 58.7358 2.7525 130.7321 3.1215 0.0002 0.0004 132 nissan_patrol
Car 1.00 1.00 19 21 30 172 0 3 0 0 -1000.00 -1000.00 -1000.00 -1000.00 1.9476 2.0282 4.8347 -66.2876 1.9947 -23.0309 -0.0129 0.0011 0.0004 133 nissan_patrol
Car 1.00 1.00 0 0 0 0 0 0 0 0 -1000.00 -1000.00 -1000.00 -1000.00 1.9476 2.0282 4.8347 -58.7529 0.8319 -222.6464 -0.0112 -0.0375 0.0004 134 nissan_patrol
Car 1.00 1.00 8342 24766 39570 283645 0 2972 0 0 -1000.00 -1000.00 -1000.00 -1000.00 1.7506 2.3538 4.8416 -3.5036 2.0695 -3.0745 1.5723 0.0040 0.0003 135 bmw_grandtourer
Car 1.00 1.00 0 0 0 0 0 0 0 0 -1000.00 -1000.00 -1000.00 -1000.00 1.9476 2.0282 4.8347 38.1921 1.6104 -108.2048 3.1242 -0.0065 0.0004 136 nissan_patrol
Car 1.00 1.00 16 18 23 361 0 0 0 5 -1000.00 -1000.00 -1000.00 -1000.00 1.7203 2.2019 5.4994 49.1078 2.0431 -24.6623 -0.0100 0.0067 0.0012 137 chargercop2020_chargercop2020
Car 1.00 1.00 5 5 8 188 0 0 0 1 -1000.00 -1000.00 -1000.00 -1000.00 2.5908 2.7453 5.4640 53.8944 2.0862 -21.0912 3.1284 0.0013 0.0004 138 carlamotors_carlacola
Car 0.00 1.00 0 0 0 0 0 0 0 0 1712.31 367.84 1785.87 382.16 1.5863 2.2347 5.1468 91.0407 2.4961 63.4357 -0.0163 0.0040 0.0004 139 lincoln_mkz2017
Car 1.00 1.00 0 0 0 0 0 0 0 0 -1000.00 -1000.00 -1000.00 -1000.00 1.9718 2.0005 4.0595 154.6708 2.0765 -25.9017 -0.0135 0.0032 0.0003 140 jeep_wrangler_rubicon
Car 1.00 1.00 0 0 0 0 0 0 0 0 -1000.00 -1000.00 -1000.00 -1000.00 1.6011 2.1072 4.7392 68.4633 1.5074 -132.9780 -1.5931 0.0042 0.0004 141 toyota_prius
Car 1.00 1.00 0 0 0 0 0 0 0 0 -1000.00 -1000.00 -1000.00 -1000.00 1.7318 2.1344 5.0985 134.5057 2.2736 23.9465 -1.5859 0.0028 0.0004 142 audi_etron
Car 1.00 1.00 0 0 0 0 0 0 0 0 -1000.00 -1000.00 -1000.00 -1000.00 2.2031 2.5091 6.5872 -85.1746 2.2515 24.4015 -1.5866 0.0037 0.0004 143 tesla_cybertruck
Car 1.00 1.00 0 0 0 0 0 0 0 0 -1000.00 -1000.00 -1000.00 -1000.00 1.5765 1.9374 3.8150 70.2095 1.8709 -57.4323 -1.5928 0.0042 0.0004 144 nissan_micra
Car 1.00 1.00 0 0 2 2 0 0 0 0 -1000.00 -1000.00 -1000.00 -1000.00 1.4546 2.0938 4.3903 -0.3452 1.7142 -76.4701 1.5612 0.0052 0.0004 145 audi_tt
Car 1.00 1.00 0 0 0 0 0 0 0 0 -1000.00 -1000.00 -1000.00 -1000.00 1.4812 2.1349 5.6254 -209.3811 1.9087 -26.1759 -1.5859 0.0046 -0.0004 146 chevrolet_impala
Car 0.00 1.00 0 0 0 0 0 0 0 0 656.06 362.50 679.08 371.05 2.2031 2.5091 6.5872 -76.2398 2.8619 146.1417 1.5550 0.0047 0.0004 147 tesla_cybertruck
Car 1.00 1.00 236 277 452 5137 9 47 0 0 -1000.00 -1000.00 -1000.00 -1000.00 1.9718 2.0005 4.0595 -23.1428 2.0579 -16.5907 3.1289 0.0039 0.0003 148 jeep_wrangler_rubicon
Car 1.00 1.00 0 0 0 0 0 0 0 0 -1000.00 -1000.00 -1000.00 -1000.00 1.3660 1.9896 4.9534 -89.0205 2.1203 1.8968 -1.5866 0.0049 0.0004 149 mustang_mustang
Car 1.00 1.00 4 10 11 24 0 0 0 0 -1000.00 -1000.00 -1000.00 -1000.00 1.3660 1.9896 4.9534 67.0347 1.9671 -40.2842 -1.5797 0.0047 0.0004 150 mustang_mustang
Car 1.00 1.00 0 0 0 0 0 0 0 0 -1000.00 -1000.00 -1000.00 -1000.00 2.5908 2.7453 5.4640 -79.6215 2.2043 11.9534 1.9289 -0.0011 0.0030 151 carlamotors_carlacola
Car 0.00 1.00 0 0 0 0 0 0 0 0 1326.04 365.21 1357.11 372.82 1.5863 2.2347 5.1468 83.1976 2.7332 119.7352 -0.0206 -0.0047 0.0027 152 lincoln_mkz2017
Car 1.00 1.00 0 0 0 0 0 0 0 0 -1000.00 -1000.00 -1000.00 -1000.00 1.7506 2.3538 4.8416 -261.6996 1.8604 -37.2705 -1.5745 0.0034 0.0004 153 bmw_grandtourer
Cyclist 1.00 1.00 0 0 0 0 0 0 0 0 -1000.00 -1000.00 -1000.00 -1000.00 1.9709 0.6705 1.7250 75.1151 1.4176 -148.6753 1.5485 0.0113 0.0004 154 diamondback_century
Cyclist 1.00 1.00 0 0 0 0 0 0 0 0 -1000.00 -1000.00 -1000.00 -1000.00 1.9311 0.5921 1.9272 -194.3543 1.9254 -22.0639 -0.0199 0.0022 0.0004 155 gazelle_omafiets
Motorcycle 1.00 1.00 0 0 0 0 0 0 0 0 -1000.00 -1000.00 -1000.00 -1000.00 1.6960 1.0692 2.4735 93.4019 1.5877 -116.1422 -0.0169 0.0086 0.0004 156 harley_davidson_low_rider
Car 0.00 1.00 0 0 0 0 0 0 0 0 424.63 362.63 466.18 376.66 2.1397 2.1728 4.7045 -80.6596 2.5685 87.8326 1.5544 0.0000 0.0003 157 volkswagen_t2
Car 1.00 1.00 0 0 0 0 0 0 0 0 -1000.00 -1000.00 -1000.00 -1000.00 1.5488 2.0688 3.9961 -70.6054 1.0537 -212.0153 3.1304 0.0068 0.0004 158 mini_cooperst
Cyclist 1.00 1.00 1 0 0 9 0 0 0 0 -1000.00 -1000.00 -1000.00 -1000.00 1.9311 0.5921 1.9272 7.1036 1.5361 -118.1867 -0.0169 0.0010 0.0004 159 gazelle_omafiets
Car 0.00 0.36 46 49 87 629 0 0 15 0 832.56 368.91 868.55 386.64 1.4812 2.1349 5.6254 -9.3208 2.3534 51.7129 -1.5925 0.0012 0.0004 160 chevrolet_impala
Car 1.00 1.00 0 0 0 0 0 0 0 0 -1000.00 -1000.00 -1000.00 -1000.00 1.7173 2.2591 5.2781 -76.2977 1.0207 -222.4512 -0.0112 -0.0031 0.0001 161 mercedes_benz_coupe
Car 1.00 1.00 0 0 0 0 0 0 0 0 -1000.00 -1000.00 -1000.00 -1000.00 1.9718 2.0005 4.0595 -43.8891 1.5828 -110.3158 3.1246 0.0033 0.0003 162 jeep_wrangler_rubicon
Car 0.00 1.00 0 0 0 0 0 0 0 0 1415.36 365.35 1457.24 377.18 1.7506 2.3538 4.8416 74.6364 2.5984 86.0260 1.5643 0.0032 0.0004 163 bmw_grandtourer
Car 1.00 1.00 0 0 0 0 0 0 0 0 -1000.00 -1000.00 -1000.00 -1000.00 1.6115 2.2019 5.2564 137.7120 2.1181 -4.4139 1.5587 0.0036 0.0010 164 charger2020_charger2020
Car 1.00 1.00 0 0 0 0 0 0 0 0 -1000.00 -1000.00 -1000.00 -1000.00 1.6244 1.8781 3.8906 74.0271 2.1479 -4.3849 1.5692 0.0035 -0.0008 165 audi_a2
Car 0.00 1.00 0 0 1 0 0 0 0 0 733.16 364.59 749.73 369.61 1.5475 1.9070 4.4025 -67.2589 2.9813 172.6296 -0.0206 0.0041 0.0004 166 seat_leon
Car 1.00 1.00 0 0 0 0 0 0 0 0 -1000.00 -1000.00 -1000.00 -1000.00 1.5765 1.9374 3.8150 -134.7309 1.0109 -214.8632 3.1308 0.0037 0.0004 167 nissan_micra
Car 0.00 1.00 0 0 0 0 0 0 0 0 601.96 364.49 623.71 369.83 1.5863 2.2347 5.1468 -103.3864 2.9379 166.3663 -0.0203 0.0058 0.0004 168 lincoln_mkz2017
Car 1.00 1.00 0 0 0 0 0 0 0 0 -1000.00 -1000.00 -1000.00 -1000.00 1.7506 2.3538 4.8416 -67.8924 1.5514 -113.4112 -0.0169 0.0032 0.0004 169 bmw_grandtourer
Car 1.00 1.00 124 134 218 2471 1 0 0 22 -1000.00 -1000.00 -1000.00 -1000.00 1.4812 2.1349 5.6254 34.2157 2.0437 -24.3377 -0.0130 0.0037 0.0004 170 chevrolet_impala
Car 1.00 1.00 0 0 0 0 0 0 0 0 -1000.00 -1000.00 -1000.00 -1000.00 1.4812 2.1349 5.6254 214.9689 2.1957 -7.4664 -1.5760 0.0007 0.0004 171 chevrolet_impala
Car 1.00 1.00 0 0 0 0 0 0 0 0 -1000.00 -1000.00 -1000.00 -1000.00 1.6011 2.1072 4.7392 134.2146 2.1628 4.6945 -1.5860 0.0042 0.0004 172 toyota_prius
Car 1.00 1.00 0 0 0 0 0 0 0 0 -1000.00 -1000.00 -1000.00 -1000.00 1.6115 2.2019 5.2564 16.7636 1.5969 -111.2141 3.1278 0.0082 0.0013 173 charger2020_charger2020
Car 1.00 1.00 0 0 0 0 0 0 0 0 -1000.00 -1000.00 -1000.00 -1000.00 1.5475 1.9070 4.4025 -88.6655 2.2366 24.9230 -1.5868 0.0043 0.0004 174 seat_leon
Car 1.00 1.00 0 0 0 0 0 0 0 0 -1000.00 -1000.00 -1000.00 -1000.00 2.5908 2.7453 5.4640 -85.5749 1.1295 -196.3249 1.5286 0.0411 0.0005 175 carlamotors_carlacola
Car 1.00 1.00 0 0 0 0 0 0 0 0 -1000.00 -1000.00 -1000.00 -1000.00 1.4812 2.1349 5.6254 88.1026 1.5902 -119.5533 -0.0167 0.0008 0.0004 176 chevrolet_impala
Car 1.00 1.00 0 0 0 0 0 0 0 0 -1000.00 -1000.00 -1000.00 -1000.00 1.9718 2.0005 4.0595 -119.7450 0.9807 -225.4673 -0.0112 0.0033 0.0003 177 jeep_wrangler_rubicon
Car 1.00 1.00 7 6 16 40 0 3 0 0 -1000.00 -1000.00 -1000.00 -1000.00 1.6980 1.9434 4.1871 -89.5108 1.9178 -40.7860 -1.5927 0.0045 0.0003 178 citroen_c3
Car 1.00 1.00 67 56 107 420 79 0 0 0 -1000.00 -1000.00 -1000.00 -1000.00 1.5488 2.0688 3.9961 0.0026 1.8845 -40.9766 1.5613 0.0052 0.0004 179 mini_cooperst
Motorcycle 1.00 1.00 0 0 0 0 0 0 0 0 -1000.00 -1000.00 -1000.00 -1000.00 1.6960 1.0692 2.4735 76.3391 1.6928 -93.8282 1.5485 0.0084 0.0004 180 harley_davidson_low_rider
Car 0.61 1.00 0 0 0 0 0 0 0 0 1902.55 369.13 1920.00 382.32 1.4477 1.5550 2.3177 110.6244 2.5053 63.1109 -0.0166 -0.0064 0.0004 181 bmw_isetta
Cyclist 1.00 1.00 0 0 0 0 0 0 0 0 -1000.00 -1000.00 -1000.00 -1000.00 1.7065 0.8593 1.4873 77.0227 1.8133 -63.3913 1.5306 0.0057 0.0012 182 bh_crossbike
Car 1.00 1.00 0 0 0 0 0 0 0 0 -1000.00 -1000.00 -1000.00 -1000.00 1.6011 2.1072 4.7392 -58.2987 0.8057 -226.1522 -0.0113 -0.0358 0.0002 183 toyota_prius
Car 1.00 1.00 0 0 0 0 0 0 0 0 -1000.00 -1000.00 -1000.00 -1000.00 1.5488 2.0688 3.9961 -87.4060 1.3304 -156.7420 1.5286 0.0049 0.0004 184 mini_cooperst
Car 1.00 1.00 18 14 22 364 4 0 0 0 -1000.00 -1000.00 -1000.00 -1000.00 1.6980 1.9434 4.1871 -90.4862 1.7477 -74.8668 -1.6682 0.0043 0.0002 185 citroen_c3
Car 1.00 1.00 0 0 0 0 0 0 0 0 -1000.00 -1000.00 -1000.00 -1000.00 1.5765 1.9374 3.8150 86.1798 1.2585 -170.2992 -0.0229 0.0034 0.0004 186 nissan_micra
Car 1.00 1.00 0 0 0 0 0 0 0 0 -1000.00 -1000.00 -1000.00 -1000.00 1.7506 2.3538 4.8416 76.6995 1.7817 -77.5255 1.5485 0.0065 0.0004 187 bmw_grandtourer
Car 1.00 1.00 0 0 0 0 0 0 0 0 -1000.00 -1000.00 -1000.00 -1000.00 1.5488 2.0688 3.9961 28.7910 1.5635 -118.5484 -0.0169 0.0049 0.0004 188 mini_cooperst
Car 1.00 1.00 0 0 0 0 0 0 0 0 -1000.00 -1000.00 -1000.00 -1000.00 1.5488 2.0688 3.9961 -85.5304 2.1194 1.2814 -1.5866 0.0048 0.0004 189 mini_cooperst
Car 1.00 1.00 0 0 0 0 0 0 0 0 -1000.00 -1000.00 -1000.00 -1000.00 1.6011 2.1072 4.7392 167.4821 2.0593 -29.5643 -0.0131 0.0049 0.0004 190 toyota_prius
Car 1.00 1.00 0 0 0 0 0 0 0 0 -1000.00 -1000.00 -1000.00 -1000.00 1.3660 1.9896 4.9534 77.8207 2.3573 37.1850 1.5643 0.0048 0.0004 191 mustang_mustang
Car 1.00 1.00 0 0 0 0 0 0 0 0 -1000.00 -1000.00 -1000.00 -1000.00 1.9476 2.0282 4.8347 -265.1959 1.8568 -36.1276 -1.5745 0.0011 0.0004 192 nissan_patrol
Pedestrian 1.00 1.00 0 0 0 0 0 0 0 0 -1000.00 -1000.00 -1000.00 -1000.00 1.9158 0.4880 0.6220 -268.9823 1.1265 -147.5573 1.7941 0.0050 0.0004 193 pedestrian_0019
Pedestrian 1.00 1.00 0 0 0 0 0 0 0 0 -1000.00 -1000.00 -1000.00 -1000.00 1.1330 0.4333 0.6667 -217.0284 1.5969 -46.7810 -1.5877 0.0050 0.0004 194 pedestrian_0010
Pedestrian 1.00 1.00 0 0 0 0 0 0 0 0 -1000.00 -1000.00 -1000.00 -1000.00 1.9158 0.4880 0.7507 66.6919 1.5154 -124.4250 -0.0650 0.0050 0.0004 195 pedestrian_0005
Pedestrian 1.00 1.00 0 0 0 0 0 0 0 0 -1000.00 -1000.00 -1000.00 -1000.00 1.9158 0.4880 0.5916 125.3697 1.6415 -61.7706 -1.6209 0.0050 0.0004 196 pedestrian_0003
Pedestrian 1.00 1.00 0 0 0 0 0 0 0 0 -1000.00 -1000.00 -1000.00 -1000.00 1.9158 0.4880 0.7507 163.1445 -8.4623 -96.3899 1.5550 0.0050 0.0004 197 pedestrian_0021
Pedestrian 1.00 1.00 0 0 0 0 0 0 0 0 -1000.00 -1000.00 -1000.00 -1000.00 1.9158 0.4880 0.7507 -271.6009 2.2084 69.7674 1.4877 0.0050 0.0004 198 pedestrian_0003
Pedestrian 1.00 1.00 0 0 0 0 0 0 0 0 -1000.00 -1000.00 -1000.00 -1000.00 1.9158 0.4880 0.4808 -254.3670 0.9526 -183.5955 -0.9356 0.0050 0.0004 199 pedestrian_0004
Pedestrian 1.00 1.00 0 0 0 0 0 0 0 0 -1000.00 -1000.00 -1000.00 -1000.00 1.9158 0.4880 0.7507 125.5678 1.4659 -96.9955 1.3685 0.0050 0.0004 200 pedestrian_0022
Pedestrian 1.00 1.00 0 0 0 2 0 0 0 0 -1000.00 -1000.00 -1000.00 -1000.00 1.3390 0.3253 0.4065 -95.8438 1.5228 -78.8312 -1.6748 0.0050 0.0004 201 pedestrian_0014
Pedestrian 0.00 1.00 0 0 0 0 0 0 0 0 1288.10 363.06 1293.50 383.00 1.9158 0.4880 0.3859 32.7707 2.2114 53.5607 -0.6602 0.0050 0.0004 202 pedestrian_0022
Pedestrian 1.00 1.00 0 0 0 0 0 0 0 0 -1000.00 -1000.00 -1000.00 -1000.00 1.9158 0.4880 0.5860 50.1238 1.9319 -7.6378 3.0581 0.0050 0.0004 203 pedestrian_0023
Pedestrian 1.00 1.00 1 2 3 5 3 0 0 0 -1000.00 -1000.00 -1000.00 -1000.00 1.3390 0.3253 0.5005 4.5659 1.5487 -109.6941 1.5687 0.0050 0.0004 204 pedestrian_0012
Pedestrian 1.00 1.00 0 0 0 2 0 0 0 0 -1000.00 -1000.00 -1000.00 -1000.00 1.9158 0.4880 0.7507 6.6042 1.0920 -163.2367 2.6177 0.0050 0.0004 205 pedestrian_0019
Pedestrian 0.00 1.00 0 0 0 0 0 0 0 0 1090.10 362.76 1094.40 372.13 1.9158 0.4880 0.7099 27.9114 2.4810 113.6176 -2.6625 0.0050 0.0004 206 pedestrian_0005
Pedestrian 1.00 1.00 0 0 0 0 0 0 0 0 -1000.00 -1000.00 -1000.00 -1000.00 1.9158 0.4880 0.7507 84.0233 1.9536 -7.3185 -1.5757 0.0050 0.0004 207 pedestrian_0026
Pedestrian 1.00 1.00 1 2 4 6 0 0 0 0 -1000.00 -1000.00 -1000.00 -1000.00 1.9158 0.4880 0.7507 -92.7131 1.9327 -29.1143 -1.7799 0.0050 0.0004 208 pedestrian_0015
Pedestrian 0.00 1.00 0 0 0 0 0 0 0 0 656.56 364.40 658.00 368.21 1.3390 0.3253 0.3368 -105.5324 2.8838 194.6868 0.0723 0.0050 0.0004 209 pedestrian_0014
Pedestrian 0.00 1.00 0 0 0 0 0 0 0 0 505.35 362.72 507.74 368.17 1.9158 0.4880 0.4372 -159.0358 2.8760 195.3630 -0.0142 0.0050 0.0004 210 pedestrian_0016
Pedestrian 0.00 1.00 0 0 0 0 0 0 0 0 1824.22 367.53 1829.74 377.39 1.3390 0.3253 0.5005 119.2706 2.3701 75.7347 -2.7332 0.0050 0.0004 211 pedestrian_0012
Pedestrian 1.00 1.00 0 0 0 0 0 0 0 0 -1000.00 -1000.00 -1000.00 -1000.00 1.1330 0.4333 0.3908 59.3145 1.5595 -112.7700 1.5719 0.0050 0.0004 212 pedestrian_0009
Pedestrian 1.00 1.00 0 0 0 0 0 0 0 0 -1000.00 -1000.00 -1000.00 -1000.00 1.1330 0.4333 0.6667 116.9148 1.9247 -13.2278 0.0180 0.0050 0.0004 213 pedestrian_0010
Pedestrian 1.00 1.00 0 0 0 0 0 0 0 0 -1000.00 -1000.00 -1000.00 -1000.00 1.9158 0.4880 0.6690 -270.4895 2.2161 71.2369 -1.5298 0.0050 0.0004 214 pedestrian_0021
Pedestrian 0.00 1.00 0 0 0 0 0 0 0 0 368.25 362.60 373.81 370.79 1.9158 0.4880 0.7507 -137.2986 2.5252 129.9558 0.1031 0.0050 0.0004 215 pedestrian_0018
Pedestrian 1.00 1.00 0 0 0 0 0 0 0 0 -1000.00 -1000.00 -1000.00 -1000.00 1.9158 0.4880 0.4638 -273.6990 1.2903 -114.5932 -1.4575 0.0050 0.0004 216 pedestrian_0020
Pedestrian 1.00 1.00 0 0 0 0 0 0 0 0 -1000.00 -1000.00 -1000.00 -1000.00 1.9158 0.4880 0.7507 122.8640 1.2850 -133.0494 1.4961 0.0050 0.0004 217 pedestrian_0017
Pedestrian 1.00 1.00 0 0 0 3 14 0 0 0 -1000.00 -1000.00 -1000.00 -1000.00 1.9158 0.4880 0.7507 -0.1326 1.4399 -123.4109 -3.1237 0.0050 0.0004 218 pedestrian_0007
Pedestrian 1.00 1.00 0 0 0 0 0 0 0 0 -1000.00 -1000.00 -1000.00 -1000.00 1.1330 0.4333 0.4181 -164.8180 1.9212 6.4772 -1.5078 0.0050 0.0004 219 pedestrian_0010
Pedestrian 0.00 1.00 0 0 0 0 0 0 0 0 1501.05 363.25 1507.24 375.51 1.9158 0.4880 0.5092 86.1925 2.4267 86.9754 -1.7741 0.0050 0.0004 220 pedestrian_0023
Pedestrian 1.00 1.00 0 0 0 0 0 0 0 0 -1000.00 -1000.00 -1000.00 -1000.00 1.9158 0.4880 0.5087 85.8482 1.1709 -157.2011 -1.8898 0.0050 0.0004 221 pedestrian_0024
Pedestrian 1.00 1.00 0 0 0 0 0 0 0 0 -1000.00 -1000.00 -1000.00 -1000.00 1.1330 0.4333 0.3774 -199.6469 1.4581 -76.9305 -1.5996 0.0050 0.0004 222 pedestrian_0011
Pedestrian 1.00 1.00 0 0 0 0 0 0 0 0 -1000.00 -1000.00 -1000.00 -1000.00 1.9158 0.4880 0.7507 -273.4227 1.8185 -8.2402 -1.5928 0.0050 0.0004 223 pedestrian_0016
Pedestrian 1.00 1.00 0 0 0 0 0 0 0 0 -1000.00 -1000.00 -1000.00 -1000.00 1.9158 0.4880 0.7032 53.8634 -9.2350 -238.4119 -0.0225 0.0050 0.0004 224 pedestrian_0017
Pedestrian 1.00 1.00 0 0 0 0 0 0 0 0 -1000.00 -1000.00 -1000.00 -1000.00 1.9158 0.4880 0.7089 164.4915 -8.0567 -15.2326 -1.5894 0.0050 0.0004 225 pedestrian_0001
Pedestrian 1.00 1.00 0 0 0 0 0 0 0 0 -1000.00 -1000.00 -1000.00 -1000.00 1.9158 0.4880 0.7507 -145.7372 2.0043 19.1971 -1.6242 0.0050 0.0004 226 pedestrian_0003
Pedestrian 1.00 1.00 0 0 0 0 0 0 0 0 -1000.00 -1000.00 -1000.00 -1000.00 1.9158 0.4880 0.7507 -205.3715 1.9485 -9.9851 0.2954 0.0050 0.0004 227 pedestrian_0007
Pedestrian 1.00 1.00 0 0 0 0 0 0 0 0 -1000.00 -1000.00 -1000.00 -1000.00 1.1330 0.4333 0.3732 63.4214 1.9265 -39.4948 -2.2893 0.0050 0.0004 228 pedestrian_0010
Pedestrian 1.00 1.00 2 0 0 7 0 0 0 0 -1000.00 -1000.00 -1000.00 -1000.00 1.1330 0.4333 0.5681 -96.5949 1.9414 -24.8057 1.5895 0.0050 0.0004 229 pedestrian_0010
Pedestrian 0.00 1.00 0 0 1 12 0 0 0 0 833.28 369.66 836.68 382.89 1.3390 0.3253 0.2926 -11.9353 2.3253 56.4602 0.0780 0.0050 0.0004 230 pedestrian_0013
Pedestrian 1.00 1.00 0 0 0 0 0 0 0 0 -1000.00 -1000.00 -1000.00 -1000.00 1.3390 0.3253 0.4204 218.0094 1.9198 -52.7472 1.9429 0.0050 0.0004 231 pedestrian_0013
Pedestrian 1.00 1.00 0 0 0 0 0 0 0 0 -1000.00 -1000.00 -1000.00 -1000.00 1.9158 0.4880 0.7507 58.7664 1.9617 -3.8366 -1.6300 0.0050 0.0004 232 pedestrian_0020
Pedestrian 0.00 1.00 0 0 0 0 0 0 0 0 1189.33 362.80 1191.80 370.70 1.9158 0.4880 0.3883 56.8663 2.5971 134.7748 0.0169 0.0050 0.0004 233 pedestrian_0021
Pedestrian 1.00 1.00 0 0 0 0 0 0 0 0 -1000.00 -1000.00 -1000.00 -1000.00 1.1330 0.4333 0.4562 -198.3188 2.0268 36.9742 -1.6116 0.0050 0.0004 234 pedestrian_0009
Pedestrian 1.00 1.00 0 0 0 0 0 0 0 0 -1000.00 -1000.00 -1000.00 -1000.00 1.9158 0.4880 0.5026 224.5913 2.2837 48.5691 -1.3211 0.0050 0.0004 235 pedestrian_0006
Pedestrian 1.00 1.00 3 2 2 29 0 1 0 0 -1000.00 -1000.00 -1000.00 -1000.00 1.1330 0.4333 0.5248 -36.6317 1.8734 -12.3100 3.0957 0.0050 0.0004 236 pedestrian_0009
Pedestrian 1.00 1.00 0 0 0 30 0 0 0 0 -1000.00 -1000.00 -1000.00 -1000.00 1.9158 0.4880 0.7507 -94.8121 1.5146 -82.2238 1.5217 0.0050 0.0004 237 pedestrian_0026
Pedestrian 0.00 1.00 0 0 0 0 0 0 0 0 1110.50 362.76 1113.13 372.02 1.9158 0.4880 0.3971 32.2988 2.4894 114.9940 -3.1053 0.0050 0.0004 238 pedestrian_0021
Pedestrian 1.00 1.00 0 0 0 0 0 0 0 0 -1000.00 -1000.00 -1000.00 -1000.00 1.3390 0.3253 0.5005 59.6370 1.5490 -115.4937 1.5012 0.0050 0.0004 239 pedestrian_0012
Pedestrian 1.00 1.00 0 0 0 0 0 0 0 0 -1000.00 -1000.00 -1000.00 -1000.00 1.9158 0.4880 0.7507 -179.9010 0.7330 -232.7410 -0.2946 0.0050 0.0004 240 pedestrian_0020
Pedestrian 1.00 1.00 0 0 0 0 0 0 0 0 -1000.00 -1000.00 -1000.00 -1000.00 1.1330 0.4333 0.6667 201.9741 -7.5072 74.7281 -1.5736 0.0050 0.0004 241 pedestrian_0011
Pedestrian 1.00 1.00 0 0 0 0 0 0 0 0 -1000.00 -1000.00 -1000.00 -1000.00 1.9158 0.4880 0.7507 117.3422 1.3824 -124.2408 -3.0283 0.0050 0.0004 242 pedestrian_0002
Pedestrian 1.00 1.00 0 0 0 0 0 0 0 0 -1000.00 -1000.00 -1000.00 -1000.00 1.3390 0.3253 0.3755 124.5679 1.5621 -75.9541 1.6649 0.0050 0.0004 243 pedestrian_0014
Pedestrian 0.00 1.00 0 0 0 0 0 0 0 0 1845.88 363.01 1855.03 376.75 1.9158 0.4880 0.4962 125.3695 2.3365 77.5332 -1.5040 0.0050 0.0004 244 pedestrian_0006
Pedestrian 1.00 1.00 0 0 0 0 0 0 0 0 -1000.00 -1000.00 -1000.00 -1000.00 1.9158 0.4880 0.6637 199.7999 -8.0509 -16.6638 1.5508 0.0050 0.0004 245 pedestrian_0020
Pedestrian 1.00 1.00 0 0 0 0 0 0 0 0 -1000.00 -1000.00 -1000.00 -1000.00 1.9158 0.4880 0.7507 -114.1657 1.5783 -68.5356 1.2770 0.0050 0.0004 246 pedestrian_0022
Pedestrian 1.00 1.00 0 0 0 0 0 0 0 0 -1000.00 -1000.00 -1000.00 -1000.00 1.9158 0.4880 0.7217 -80.1185 0.9627 -193.9202 1.6730 0.0050 0.0004 247 pedestrian_0002
Pedestrian 1.00 1.00 0 0 0 0 0 0 0 0 -1000.00 -1000.00 -1000.00 -1000.00 1.9158 0.4880 0.4534 144.4300 1.4861 -105.4432 2.7427 0.0050 0.0004 248 pedestrian_0022
Pedestrian 1.00 1.00 224 293 445 3690 104 0 0 0 -1000.00 -1000.00 -1000.00 -1000.00 1.9158 0.4880 0.7507 0.7292 2.0044 -10.4672 -2.9937 0.0050 0.0004 249 pedestrian_0006
Pedestrian 1.00 1.00 0 0 0 0 0 0 0 0 -1000.00 -1000.00 -1000.00 -1000.00 1.9158 0.4880 0.4767 93.8313 1.3772 -123.5587 -2.9771 0.0050 0.0004 250 pedestrian_0019
Pedestrian 0.00 1.00 0 0 0 0 0 0 0 0 540.19 363.03 550.89 381.39 1.9158 0.4880 0.7507 -42.6627 2.2340 58.1200 3.1264 0.0050 0.0004 251 pedestrian_0018
Pedestrian 1.00 1.00 0 0 0 0 0 0 0 0 -1000.00 -1000.00 -1000.00 -1000.00 1.9158 0.4880 0.7507 -272.0591 2.0050 29.0252 -1.5735 0.0050 0.0004 252 pedestrian_0007
Pedestrian 1.00 1.00 0 0 0 0 0 0 0 0 -1000.00 -1000.00 -1000.00 -1000.00 1.9158 0.4880 0.5847 27.2072 1.4530 -103.5058 -0.0724 0.0050 0.0004 253 pedestrian_0008
Pedestrian 0.00 1.00 0 0 0 0 0 0 0 0 136.32 362.62 139.71 369.23 1.9158 0.4880 0.4989 -237.7386 2.6751 160.8396 -2.2572 0.0050 0.0004 254 pedestrian_0022
Pedestrian 0.00 1.00 0 0 0 0 0 0 0 0 406.75 362.69 409.60 368.28 1.9158 0.4880 0.4875 -188.5660 2.8395 190.1966 0.1059 0.0050 0.0004 255 pedestrian_0024
Pedestrian 1.00 1.00 0 0 0 0 0 0 0 0 -1000.00 -1000.00 -1000.00 -1000.00 1.1330 0.4333 0.5700 208.1423 2.2020 35.5214 -1.5463 0.0050 0.0004 256 pedestrian_0011
Pedestrian 1.00 1.00 0 0 0 0 0 0 0 0 -1000.00 -1000.00 -1000.00 -1000.00 1.9158 0.4880 0.7507 -164.5546 1.9929 18.3003 -1.5848 0.0050 0.0004 257 pedestrian_0006
Pedestrian 1.00 1.00 0 0 0 0 0 0 0 0 -1000.00 -1000.00 -1000.00 -1000.00 1.9158 0.4880 0.7507 205.4900 1.6156 -83.9375 -1.6023 0.0050 0.0004 258 pedestrian_0005
Pedestrian 0.00 1.00 0 0 0 0 0 0 0 0 1754.76 363.38 1765.42 377.68 1.9158 0.4880 0.7507 108.4071 2.3708 74.5409 -3.0880 0.0050 0.0004 259 pedestrian_0003
Pedestrian 1.00 1.00 0 0 0 0 0 0 0 0 -1000.00 -1000.00 -1000.00 -1000.00 1.9158 0.4880 0.7403 163.7460 -8.4909 -102.1971 1.5732 0.0050 0.0004 260 pedestrian_0001
Pedestrian 1.00 1.00 0 0 0 5 0 0 0 0 -1000.00 -1000.00 -1000.00 -1000.00 1.3390 0.3253 0.5005 53.1906 1.8055 -33.0519 0.0125 0.0050 0.0004 261 pedestrian_0014
Pedestrian 0.00 1.00 0 0 0 1 0 0 0 0 1080.62 362.75 1091.19 386.00 1.9158 0.4880 0.7507 11.2729 2.1447 46.0982 -2.4910 0.0050 0.0004 262 pedestrian_0020
Pedestrian 1.00 1.00 0 0 0 0 0 0 0 0 -1000.00 -1000.00 -1000.00 -1000.00 1.9158 0.4880 0.6037 -203.2130 2.3554 100.9297 -2.1828 0.0050 0.0004 263 pedestrian_0025
Pedestrian 0.00 1.00 0 0 0 0 0 0 0 0 1435.89 363.02 1440.17 372.53 1.9158 0.4880 0.4281 97.3882 2.5271 111.9856 -3.0000 0.0050 0.0004 264 pedestrian_0026
Pedestrian 1.00 1.00 0 0 0 0 0 0 0 0 -1000.00 -1000.00 -1000.00 -1000.00 1.9158 0.4880 0.7507 -88.8794 0.7442 -237.0968 -3.1247 0.0050 0.0004 265 pedestrian_0025
Pedestrian 1.00 1.00 0 0 0 0 0 0 0 0 -1000.00 -1000.00 -1000.00 -1000.00 1.3390 0.3253 0.4254 98.0503 1.1612 -154.3632 3.1231 0.0050 0.0004 266 pedestrian_0013
Pedestrian 1.00 1.00 0 0 0 0 0 0 0 0 -1000.00 -1000.00 -1000.00 -1000.00 1.9158 0.4880 0.3868 83.1645 1.3477 -128.7018 2.6521 0.0050 0.0004 267 pedestrian_0015
Pedestrian 1.00 1.00 0 0 0 0 0 0 0 0 -1000.00 -1000.00 -1000.00 -1000.00 1.9158 0.4880 0.3864 123.9973 1.4481 -100.4380 -1.2756 0.0050 0.0004 268 pedestrian_0021
Pedestrian 0.00 1.00 0 0 0 0 0 0 0 0 842.72 364.83 844.18 368.07 1.1330 0.4333 0.4221 -40.0912 2.8286 194.4512 -3.1356 0.0050 0.0004 269 pedestrian_0010
Pedestrian 1.00 1.00 98 111 173 961 0 65 0 0 -1000.00 -1000.00 -1000.00 -1000.00 1.9158 0.4880 0.4981 -13.0733 1.9324 -0.9950 1.5907 0.0050 0.0004 270 pedestrian_0023
Pedestrian 0.00 1.00 0 0 0 0 0 0 0 0 1213.51 365.15 1215.39 370.68 1.3390 0.3253 0.2543 62.5630 2.5895 134.5310 -2.6590 0.0050 0.0004 271 pedestrian_0013
Pedestrian 1.00 1.00 0 0 0 0 0 0 0 0 -1000.00 -1000.00 -1000.00 -1000.00 1.9158 0.4880 0.5686 -229.2291 0.8290 -210.0608 -0.6344 0.0050 0.0004 272 pedestrian_0016
Pedestrian 1.00 1.00 0 0 0 0 0 0 0 0 -1000.00 -1000.00 -1000.00 -1000.00 1.3390 0.3253 0.4087 -197.3855 2.3775 107.0307 0.7998 0.0050 0.0004 273 pedestrian_0014
Pedestrian 1.00 1.00 0 0 0 0 0 0 0 0 -1000.00 -1000.00 -1000.00 -1000.00 1.9158 0.4880 0.5335 -138.6113 1.4729 -87.3917 -0.8177 0.0050 0.0004 274 pedestrian_0019
Pedestrian 1.00 1.00 0 0 0 0 0 0 0 0 -1000.00 -1000.00 -1000.00 -1000.00 1.3390 0.3253 0.4684 56.3462 1.3425 -126.1325 1.9990 0.0050 0.0004 275 pedestrian_0013
Pedestrian 1.00 1.00 0 0 0 0 0 0 0 0 -1000.00 -1000.00 -1000.00 -1000.00 1.9158 0.4880 0.4132 83.7935 1.3600 -126.2794 -3.0924 0.0050 0.0004 276 pedestrian_0023
Pedestrian 1.00 1.00 0 0 0 2 0 0 0 0 -1000.00 -1000.00 -1000.00 -1000.00 1.1330 0.4333 0.6667 52.9380 1.9021 -13.0726 -0.0446 0.0050 0.0004 277 pedestrian_0011
Pedestrian 1.00 1.00 0 0 0 0 0 0 0 0 -1000.00 -1000.00 -1000.00 -1000.00 1.3390 0.3253 0.2919 59.1280 1.5645 -112.3521 -1.8335 0.0050 0.0004 278 pedestrian_0012
Pedestrian 1.00 1.00 0 0 0 0 0 0 0 0 -1000.00 -1000.00 -1000.00 -1000.00 1.9158 0.4880 0.5412 16.0000 -7.6466 -201.8435 3.0979 0.0050 0.0004 279 pedestrian_0015
Pedestrian 0.00 1.00 0 0 0 0 0 0 0 0 1210.77 363.00 1215.65 372.49 1.9158 0.4880 0.7507 52.0599 2.5237 112.2005 0.0707 0.0050 0.0004 280 pedestrian_0017
Pedestrian 1.00 1.00 0 0 0 0 0 0 0 0 -1000.00 -1000.00 -1000.00 -1000.00 1.9158 0.4880 0.3985 197.5622 -7.1313 113.2072 -1.3056 0.0050 0.0004 281 pedestrian_0005
Pedestrian 1.00 1.00 0 0 0 0 0 0 0 0 -1000.00 -1000.00 -1000.00 -1000.00 1.1330 0.4333 0.3601 82.4631 1.2233 -151.3017 -2.9714 0.0050 0.0004 282 pedestrian_0009
Pedestrian 1.00 1.00 0 0 0 0 0 0 0 0 -1000.00 -1000.00 -1000.00 -1000.00 1.1330 0.4333 0.4181 -188.5878 1.0315 -162.8566 -0.5478 0.0050 0.0004 283 pedestrian_0009
Pedestrian 1.00 1.00 0 0 0 0 0 0 0 0 -1000.00 -1000.00 -1000.00 -1000.00 1.1330 0.4333 0.4014 204.6012 1.5739 -89.9604 1.3468 0.0050 0.0004 284 pedestrian_0009
Pedestrian 1.00 1.00 0 0 0 0 0 0 0 0 -1000.00 -1000.00 -1000.00 -1000.00 1.9158 0.4880 0.7507 -154.3638 1.0907 -156.1736 2.9022 0.0050 0.0004 285 pedestrian_0024
Pedestrian 1.00 1.00 0 0 0 0 0 0 0 0 -1000.00 -1000.00 -1000.00 -1000.00 1.9158 0.4880 0.7507 126.0810 2.0580 21.6559 -1.5992 0.0050 0.0004 286 pedestrian_0023
Pedestrian 1.00 1.00 1 1 1 0 0 0 0 0 -1000.00 -1000.00 -1000.00 -1000.00 1.9158 0.4880 0.6536 -72.1233 1.9477 -27.6239 1.3637 0.0050 0.0004 287 pedestrian_0015
Pedestrian 1.00 1.00 0 0 0 0 0 0 0 0 -1000.00 -1000.00 -1000.00 -1000.00 1.9158 0.4880 0.7507 26.0396 -8.5309 -202.5455 0.0522 0.0050 0.0004 288 pedestrian_0025
Pedestrian 0.00 1.00 0 0 0 0 0 0 0 0 1622.91 330.61 1625.83 334.98 1.1330 0.4333 0.4867 178.4588 -6.7079 148.2105 -0.8983 0.0050 0.0004 289 pedestrian_0009
Pedestrian 1.00 1.00 0 0 0 0 0 0 0 0 -1000.00 -1000.00 -1000.00 -1000.00 1.9158 0.4880 0.5387 -215.8257 1.6446 -39.8551 1.5135 0.0050 0.0004 290 pedestrian_0019
Pedestrian 1.00 1.00 0 0 0 0 0 0 0 0 -1000.00 -1000.00 -1000.00 -1000.00 1.9158 0.4880 0.7507 -215.5655 2.0063 32.8218 1.5391 0.0050 0.0004 291 pedestrian_0007
Pedestrian 1.00 1.00 0 0 0 0 0 0 0 0 -1000.00 -1000.00 -1000.00 -1000.00 1.9158 0.4880 0.7507 -272.9462 1.9412 16.3173 1.6087 0.0050 0.0004 292 pedestrian_0021
Pedestrian 1.00 1.00 0 0 0 0 0 0 0 0 -1000.00 -1000.00 -1000.00 -1000.00 1.3390 0.3253 0.4323 146.4030 2.2532 53.8183 -2.6962 0.0050 0.0004 293 pedestrian_0014
Pedestrian 0.00 1.00 0 0 0 0 0 0 0 0 1109.58 339.36 1112.12 344.94 1.9158 0.4880 0.7475 53.0744 -5.2249 192.0629 3.1354 0.0050 0.0004 294 pedestrian_0002
Pedestrian 0.00 1.00 0 0 0 0 0 0 0 0 203.80 362.92 222.45 387.46 1.9158 0.4880 0.7507 -58.0671 2.1459 43.6860 0.5992 0.0050 0.0004 295 pedestrian_0026
Pedestrian 0.00 0.81 5 1 3 30 0 0 0 0 1031.02 362.92 1034.50 375.05 1.9158 0.4880 0.7062 12.3382 2.3782 87.8954 -1.6175 0.0050 0.0004 296 pedestrian_0020
Pedestrian 1.00 1.00 135 137 216 1357 0 15 0 0 -1000.00 -1000.00 -1000.00 -1000.00 1.9158 0.4880 0.7280 -10.3603 2.0033 -9.8690 -0.1706 0.0050 0.0004 297 pedestrian_0016
Pedestrian 1.00 1.00 0 0 0 0 0 0 0 0 -1000.00 -1000.00 -1000.00 -1000.00 1.9158 0.4880 0.5836 -198.1043 1.8058 -9.6343 -1.6107 0.0050 0.0004 298 pedestrian_0024
Pedestrian 0.00 1.00 0 0 0 0 0 0 0 0 1106.45 334.87 1109.28 341.74 1.9158 0.4880 0.6736 42.5237 -5.1619 156.3927 -0.0294 0.0050 0.0004 299 pedestrian_0001
Pedestrian 1.00 1.00 0 0 0 0 0 0 0 0 -1000.00 -1000.00 -1000.00 -1000.00 1.9158 0.4880 0.7507 66.1531 1.3598 -154.4466 3.0826 0.0050 0.0004 300 pedestrian_0025
Pedestrian 1.00 1.00 0 0 0 0 0 0 0 0 -1000.00 -1000.00 -1000.00 -1000.00 1.9158 0.4880 0.7507 8.9670 1.2127 -139.2110 2.0617 0.0050 0.0004 301 pedestrian_0016
Pedestrian 1.00 1.00 0 0 0 0 0 0 0 0 -1000.00 -1000.00 -1000.00 -1000.00 1.9158 0.4880 0.7507 57.9733 1.9913 2.1480 -1.6364 0.0050 0.0004 302 pedestrian_0006
Pedestrian 0.00 1.00 0 0 0 0 0 0 0 0 1503.87 366.99 1508.69 375.84 1.3390 0.3253 0.4096 83.7871 2.4018 84.1964 -1.6064 0.0050 0.0004 303 pedestrian_0012
Pedestrian 1.00 1.00 0 0 0 0 0 0 0 0 -1000.00 -1000.00 -1000.00 -1000.00 1.9158 0.4880 0.7507 -259.9323 1.0075 -172.4035 -1.1370 0.0050 0.0004 304 pedestrian_0024
Pedestrian 0.00 1.00 0 0 0 0 0 0 0 0 693.33 364.40 694.97 368.19 1.3390 0.3253 0.4415 -93.2156 2.8948 196.0043 0.1271 0.0050 0.0004 305 pedestrian_0013
Pedestrian 0.00 1.00 0 0 0 0 0 0 0 0 56.98 365.41 61.11 369.57 1.1330 0.4333 0.5434 -245.8412 2.6153 151.7283 -2.2339 0.0050 0.0004 306 pedestrian_0011
Pedestrian 1.00 1.00 0 0 0 0 0 0 0 0 -1000.00 -1000.00 -1000.00 -1000.00 1.9158 0.4880 0.7133 -64.0985 1.3339 -120.7856 3.0736 0.0050 0.0004 307 pedestrian_0024
Pedestrian 1.00 1.00 0 0 0 0 0 0 0 0 -1000.00 -1000.00 -1000.00 -1000.00 1.9158 0.4880 0.3975 -271.2748 2.1852 65.1043 -1.5647 0.0050 0.0004 308 pedestrian_0004
Pedestrian 0.00 1.00 0 0 0 0 0 0 0 0 1463.95 364.39 1472.63 378.62 1.9158 0.4880 0.7098 69.5881 2.5114 75.0067 3.0458 0.0050 0.0004 309 pedestrian_0019
Pedestrian 1.00 1.00 0 0 0 0 0 0 0 0 -1000.00 -1000.00 -1000.00 -1000.00 1.3390 0.3253 0.5005 81.2041 2.0649 -13.6603 0.0262 0.0050 0.0004 310 pedestrian_0012
Pedestrian 1.00 1.00 0 0 0 0 0 0 0 0 -1000.00 -1000.00 -1000.00 -1000.00 1.9158 0.4880 0.3970 119.7743 1.4721 -106.4350 -0.0600 0.0050 0.0004 311 pedestrian_0022
Pedestrian 1.00 1.00 0 0 0 0 0 0 0 0 -1000.00 -1000.00 -1000.00 -1000.00 1.9158 0.4880 0.7507 43.9624 1.4555 -104.2149 -0.0598 0.0050 0.0004 312 pedestrian_0018
Pedestrian 1.00 1.00 0 0 0 0 0 0 0 0 -1000.00 -1000.00 -1000.00 -1000.00 1.9158 0.4880 0.6921 -122.4522 2.1726 50.9133 -2.4643 0.0050 0.0004 313 pedestrian_0022
Pedestrian 1.00 1.00 0 0 0 0 0 0 0 0 -1000.00 -1000.00 -1000.00 -1000.00 1.9158 0.4880 0.3803 33.8782 1.4508 -104.4213 2.8142 0.0050 0.0004 314 pedestrian_0005
Pedestrian 0.00 1.00 0 0 0 0 0 0 0 0 177.89 364.39 191.26 383.16 1.9158 0.4880 0.7507 -78.7967 2.3669 56.8913 -0.1146 0.0050 0.0004 315 pedestrian_0018
Pedestrian 0.00 1.00 0 0 0 0 0 0 0 0 56.69 362.60 61.69 369.64 1.9158 0.4880 0.6911 -244.7911 2.6239 151.1044 -2.1534 0.0050 0.0004 316 pedestrian_0024
Pedestrian 1.00 1.00 18 20 31 156 34 0 0 0 -1000.00 -1000.00 -1000.00 -1000.00 1.9158 0.4880 0.6487 0.4542 1.8884 -33.7011 2.9771 0.0050 0.0004 317 pedestrian_0002
Pedestrian 1.00 1.00 0 0 0 0 0 0 0 0 -1000.00 -1000.00 -1000.00 -1000.00 1.3390 0.3253 0.3419 -117.8539 0.9917 -177.1657 -0.0175 0.0050 0.0004 318 pedestrian_0013
Pedestrian 1.00 1.00 3 8 12 56 0 0 0 0 -1000.00 -1000.00 -1000.00 -1000.00 1.9158 0.4880 0.7507 -54.6478 1.7860 -31.2991 3.1369 0.0050 0.0004 319 pedestrian_0018
Pedestrian 1.00 1.00 0 0 0 0 0 0 0 0 -1000.00 -1000.00 -1000.00 -1000.00 1.9158 0.4880 0.6752 -108.8614 1.4701 -90.1254 -2.1578 0.0050 0.0004 320 pedestrian_0006
Pedestrian 1.00 1.00 0 0 0 0 0 0 0 0 -1000.00 -1000.00 -1000.00 -1000.00 1.9158 0.4880 0.6282 -166.0136 0.7262 -235.1146 -0.0802 0.0050 0.0004 321 pedestrian_0021
Pedestrian 1.00 1.00 0 0 1 3 0 0 0 0 -1000.00 -1000.00 -1000.00 -1000.00 1.1330 0.4333 0.5722 -126.3708 1.7515 -30.7748 -0.0104 0.0050 0.0004 322 pedestrian_0010
Pedestrian 1.00 1.00 0 0 0 0 0 0 0 0 -1000.00 -1000.00 -1000.00 -1000.00 1.9158 0.4880 0.7507 126.0703 1.9063 -12.3418 -1.5530 0.0050 0.0004 323 pedestrian_0022
Pedestrian 1.00 1.00 41 44 58 361 0 0 0 5 -1000.00 -1000.00 -1000.00 -1000.00 1.9158 0.4880 0.7507 20.7854 1.8900 -7.4534 3.1262 0.0050 0.0004 324 pedestrian_0015
Pedestrian 0.00 0.99 4 3 7 20 0 0 0 0 783.64 363.12 791.51 381.58 1.9158 0.4880 0.6130 -17.1977 2.2417 57.8508 2.8597 0.0050 0.0004 325 pedestrian_0005
Pedestrian 0.00 1.00 0 0 0 0 0 0 0 0 1873.76 317.52 1879.69 326.79 1.9158 0.4880 0.5869 195.5765 -7.0799 117.7583 -1.1495 0.0050 0.0004 326 pedestrian_0006
Pedestrian 1.00 1.00 0 0 0 0 0 0 0 0 -1000.00 -1000.00 -1000.00 -1000.00 1.9158 0.4880 0.7507 224.4516 2.2197 5.2188 -1.6102 0.0050 0.0004 327 pedestrian_0002
Pedestrian 1.00 1.00 0 0 0 0 0 0 0 0 -1000.00 -1000.00 -1000.00 -1000.00 1.9158 0.4880 0.6805 102.7436 2.2674 54.2305 3.1212 0.0050 0.0004 328 pedestrian_0015
Pedestrian 0.00 1.00 0 0 0 0 0 0 0 0 696.66 362.79 699.05 368.22 1.9158 0.4880 0.5879 -91.8692 2.9033 195.9252 3.0067 0.0050 0.0004 329 pedestrian_0005
Pedestrian 1.00 1.00 0 0 0 0 0 0 0 0 -1000.00 -1000.00 -1000.00 -1000.00 1.1330 0.4333 0.6667 -217.0501 0.7775 -218.9364 -0.4450 0.0050 0.0004 330 pedestrian_0010
Pedestrian 0.00 1.00 0 0 0 0 0 0 0 0 1361.23 363.33 1371.52 381.93 1.9158 0.4880 0.7019 42.8752 2.2613 57.3845 -0.0975 0.0050 0.0004 331 pedestrian_0001
Pedestrian 1.00 1.00 0 0 0 0 0 0 0 0 -1000.00 -1000.00 -1000.00 -1000.00 1.9158 0.4880 0.3782 -92.9708 2.1774 50.4975 -2.9565 0.0050 0.0004 332 pedestrian_0017
Pedestrian 1.00 1.00 0 0 0 5 0 0 0 0 -1000.00 -1000.00 -1000.00 -1000.00 1.9158 0.4880 0.4233 -96.9236 1.7702 -31.2623 -0.1164 0.0050 0.0004 333 pedestrian_0023
Pedestrian 0.00 1.00 0 0 0 0 0 0 0 0 545.14 365.08 547.35 370.80 1.3390 0.3253 0.2676 -96.3033 2.5327 130.0746 -0.0509 0.0050 0.0004 334 pedestrian_0013
Pedestrian 1.00 1.00 0 0 0 0 0 0 0 0 -1000.00 -1000.00 -1000.00 -1000.00 1.9158 0.4880 0.7507 -168.7926 1.0168 -169.9079 -0.2548 0.0050 0.0004 335 pedestrian_0019
Pedestrian 0.00 0.09 18 20 31 377 0 0 2 0 681.48 364.41 696.23 399.44 1.9158 0.4880 0.6909 -13.4725 2.0475 29.2598 1.5483 0.0050 0.0004 336 pedestrian_0017
Pedestrian 1.00 1.00 0 0 0 0 0 0 0 0 -1000.00 -1000.00 -1000.00 -1000.00 1.9158 0.4880 0.7441 -177.8937 0.7296 -233.6078 -0.1843 0.0050 0.0004 337 pedestrian_0025
Pedestrian 1.00 1.00 0 0 0 0 0 0 0 0 -1000.00 -1000.00 -1000.00 -1000.00 1.9158 0.4880 0.7507 171.1178 -8.9769 -199.6202 -2.2629 0.0050 0.0004 338 pedestrian_0006
Pedestrian 1.00 1.00 0 0 0 0 0 0 0 0 -1000.00 -1000.00 -1000.00 -1000.00 1.1330 0.4333 0.6034 118.6197 -8.9919 -195.0843 -2.6684 0.0050 0.0004 339 pedestrian_0011
Pedestrian 0.00 1.00 0 0 0 0 0 0 0 0 1678.36 367.42 1683.61 374.02 1.1330 0.4333 0.3606 125.2218 2.4154 95.6463 -1.5486 0.0050 0.0004 340 pedestrian_0011
Pedestrian 1.00 1.00 0 0 0 0 0 0 0 0 -1000.00 -1000.00 -1000.00 -1000.00 1.3390 0.3253 0.2940 206.1904 1.7818 -49.3780 -1.5969 0.0050 0.0004 341 pedestrian_0013
Pedestrian 1.00 1.00 1 1 0 41 1 1 0 0 -1000.00 -1000.00 -1000.00 -1000.00 1.9158 0.4880 0.7507 -94.4410 1.5729 -70.5584 1.5576 0.0050 0.0004 342 pedestrian_0007
Pedestrian 1.00 1.00 0 0 0 0 0 0 0 0 -1000.00 -1000.00 -1000.00 -1000.00 1.9158 0.4880 0.3754 83.0943 1.9452 -8.9176 -1.6491 0.0050 0.0004 343 pedestrian_0021
Pedestrian 1.00 1.00 0 0 0 0 0 0 0 0 -1000.00 -1000.00 -1000.00 -1000.00 1.1330 0.4333 0.6084 201.3068 -7.7706 39.4418 -1.5704 0.0050 0.0004 344 pedestrian_0010
Pedestrian 0.00 0.47 4 4 6 38 0 0 2 0 1006.01 362.86 1009.99 376.64 1.9158 0.4880 0.5029 7.4979 2.3151 77.3475 -1.5192 0.0050 0.0004 345 pedestrian_0021
Pedestrian 0.00 1.00 0 0 0 0 0 0 0 0 1486.97 365.71 1490.09 372.34 1.3390 0.3253 0.3147 107.7314 2.4943 112.1346 -3.1307 0.0050 0.0004 346 pedestrian_0014
Pedestrian 1.00 1.00 7 5 10 46 0 2 0 0 -1000.00 -1000.00 -1000.00 -1000.00 1.9158 0.4880 0.5720 -52.3249 1.8754 -13.0191 -3.1351 0.0050 0.0004 347 pedestrian_0023
Pedestrian 1.00 1.00 0 0 0 0 0 0 0 0 -1000.00 -1000.00 -1000.00 -1000.00 1.9158 0.4880 0.7507 125.9280 1.9990 9.8359 -1.5661 0.0050 0.0004 348 pedestrian_0008
Pedestrian 1.00 1.00 0 0 0 0 0 0 0 0 -1000.00 -1000.00 -1000.00 -1000.00 1.9158 0.4880 0.7507 -273.6474 1.9751 23.1561 1.5223 0.0050 0.0004 349 pedestrian_0006
Pedestrian 1.00 1.00 0 0 0 0 0 0 0 0 -1000.00 -1000.00 -1000.00 -1000.00 1.9158 0.4880 0.6619 125.1939 1.6599 -58.0743 -1.6615 0.0050 0.0004 350 pedestrian_0022
Pedestrian 1.00 1.00 0 0 0 0 0 0 0 0 -1000.00 -1000.00 -1000.00 -1000.00 1.9158 0.4880 0.7507 41.1678 1.4582 -103.4831 -0.0668 0.0050 0.0004 351 pedestrian_0023
Pedestrian 1.00 1.00 0 0 0 0 0 0 0 0 -1000.00 -1000.00 -1000.00 -1000.00 1.9158 0.4880 0.7455 138.2554 1.4855 -126.0241 -0.1438 0.0050 0.0004 352 pedestrian_0006
Pedestrian 1.00 1.00 0 0 0 0 0 0 0 0 -1000.00 -1000.00 -1000.00 -1000.00 1.9158 0.4880 0.7507 55.4344 1.2669 -162.2967 1.5274 0.0050 0.0004 353 pedestrian_0024
Pedestrian 0.00 1.00 0 0 0 0 0 0 0 0 375.78 364.95 379.13 368.31 1.1330 0.4333 0.6667 -196.5099 2.8108 187.7255 -2.7006 0.0050 0.0004 354 pedestrian_0011
Pedestrian 1.00 1.00 0 0 0 0 0 0 0 0 -1000.00 -1000.00 -1000.00 -1000.00 1.9158 0.4880 0.6492 145.0423 2.2126 51.2553 1.7845 0.0050 0.0004 355 pedestrian_0017
Pedestrian 1.00 1.00 0 0 0 0 0 0 0 0 -1000.00 -1000.00 -1000.00 -1000.00 1.3390 0.3253 0.3490 165.7071 -7.8075 35.3156 -1.5982 0.0050 0.0004 356 pedestrian_0012
Pedestrian 1.00 1.00 0 0 0 0 0 0 0 0 -1000.00 -1000.00 -1000.00 -1000.00 1.9158 0.4880 0.4256 -175.4545 0.7294 -233.7495 3.0595 0.0050 0.0004 357 pedestrian_0020
Pedestrian 1.00 1.00 3 8 10 53 3 0 0 0 -1000.00 -1000.00 -1000.00 -1000.00 1.9158 0.4880 0.7507 4.7689 1.5970 -61.9755 1.5917 0.0050 0.0004 358 pedestrian_0017
Pedestrian 0.00 0.30 3 3 7 108 0 0 0 0 788.33 362.57 795.18 384.69 1.9158 0.4880 0.4897 -13.8569 2.1401 48.2857 1.6823 0.0050 0.0004 359 pedestrian_0025
Pedestrian 1.00 1.00 0 0 0 0 0 0 0 0 -1000.00 -1000.00 -1000.00 -1000.00 1.3390 0.3253 0.5005 -273.6319 1.4079 -89.5530 1.5164 0.0050 0.0004 360 pedestrian_0013
Pedestrian 1.00 1.00 0 0 0 0 0 0 0 0 -1000.00 -1000.00 -1000.00 -1000.00 1.3390 0.3253 0.5005 -243.2580 0.8815 -197.0136 -0.8336 0.0050 0.0004 361 pedestrian_0013
Pedestrian 0.00 1.00 0 0 0 0 0 0 0 0 1840.86 367.51 1846.64 377.25 1.3390 0.3253 0.4305 122.8978 2.3778 76.5722 -2.8235 0.0050 0.0004 362 pedestrian_0013
Pedestrian 1.00 1.00 0 0 0 0 0 0 0 0 -1000.00 -1000.00 -1000.00 -1000.00 1.1330 0.4333 0.3333 8.8864 1.3440 -121.7161 3.0326 0.0050 0.0004 363 pedestrian_0011
Pedestrian 1.00 1.00 0 0 0 0 0 0 0 0 -1000.00 -1000.00 -1000.00 -1000.00 1.3390 0.3253 0.3884 -30.4407 1.3327 -121.7483 -0.0149 0.0050 0.0004 364 pedestrian_0012
Pedestrian 0.00 1.00 0 0 0 0 0 0 0 0 1748.69 362.98 1756.49 375.01 1.9158 0.4880 0.5337 127.4395 2.3922 88.5550 -1.4787 0.0050 0.0004 365 pedestrian_0023
Pedestrian 0.00 1.00 0 0 0 0 0 0 0 0 64.20 362.49 70.85 371.66 1.9158 0.4880 0.5574 -186.1857 2.4371 116.1212 0.4926 0.0050 0.0004 366 pedestrian_0005
Pedestrian 1.00 1.00 0 0 0 0 0 0 0 0 -1000.00 -1000.00 -1000.00 -1000.00 1.9158 0.4880 0.5415 -193.2705 1.0667 -157.1584 2.3873 0.0050 0.0004 367 pedestrian_0021
Pedestrian 1.00 1.00 0 0 0 0 0 0 0 0 -1000.00 -1000.00 -1000.00 -1000.00 1.1330 0.4333 0.4244 -188.5462 1.8114 -11.2969 -0.0688 0.0050 0.0004 368 pedestrian_0010
Pedestrian 1.00 1.00 3 2 2 17 0 0 0 0 -1000.00 -1000.00 -1000.00 -1000.00 1.9158 0.4880 0.7507 -92.6283 1.9474 -26.1889 -1.6052 0.0050 0.0004 369 pedestrian_0020
Pedestrian 1.00 1.00 6 1 7 30 3 0 0 0 -1000.00 -1000.00 -1000.00 -1000.00 1.3390 0.3253 0.4304 5.5899 1.6332 -53.3745 1.5557 0.0050 0.0004 370 pedestrian_0012
Pedestrian 0.00 1.00 0 0 0 0 0 0 0 0 1428.49 363.04 1433.39 372.53 1.9158 0.4880 0.5842 96.0724 2.5308 112.1242 -2.9803 0.0050 0.0004 371 pedestrian_0015
Pedestrian 1.00 1.00 0 0 0 0 0 0 0 0 -1000.00 -1000.00 -1000.00 -1000.00 1.9158 0.4880 0.7507 57.4073 1.5723 -112.3374 1.4524 0.0050 0.0004 372 pedestrian_0007
Pedestrian 1.00 1.00 0 0 0 0 0 0 0 0 -1000.00 -1000.00 -1000.00 -1000.00 1.9158 0.4880 0.3890 -272.5454 1.5171 -69.1459 1.3931 0.0050 0.0004 373 pedestrian_0008
Pedestrian 1.00 1.00 0 0 0 0 0 0 0 0 -1000.00 -1000.00 -1000.00 -1000.00 1.9158 0.4880 0.5983 145.5388 2.0493 18.4916 -1.4764 0.0050 0.0004 374 pedestrian_0020
Pedestrian 1.00 1.00 0 0 0 0 0 0 0 0 -1000.00 -1000.00 -1000.00 -1000.00 1.9158 0.4880 0.5261 -98.4944 1.2452 -135.9480 1.4879 0.0050 0.0004 375 pedestrian_0015
Pedestrian 1.00 1.00 1 1 1 3 0 1 0 0 -1000.00 -1000.00 -1000.00 -1000.00 1.3390 0.3253 0.3315 -108.4066 1.7604 -30.7225 -0.0287 0.0050 0.0004 376 pedestrian_0012
Pedestrian 1.00 1.00 0 0 0 0 0 0 0 0 -1000.00 -1000.00 -1000.00 -1000.00 1.9158 0.4880 0.4382 84.3466 1.3160 -135.1411 1.4140 0.0050 0.0004 377 pedestrian_0017
Pedestrian 1.00 1.00 0 0 0 277 2 0 0 0 -1000.00 -1000.00 -1000.00 -1000.00 1.9158 0.4880 0.7507 37.2378 1.8073 -33.2052 -0.0194 0.0050 0.0004 378 pedestrian_0025
Pedestrian 1.00 1.00 0 0 0 0 0 0 0 0 -1000.00 -1000.00 -1000.00 -1000.00 1.1330 0.4333 0.4095 127.8617 2.3579 53.3729 3.1255 0.0050 0.0004 379 pedestrian_0009
Pedestrian 1.00 1.00 0 0 0 0 0 0 0 0 -1000.00 -1000.00 -1000.00 -1000.00 1.9158 0.4880 0.6023 95.5718 1.3713 -124.8667 3.1021 0.0050 0.0004 380 pedestrian_0002
Pedestrian 1.00 1.00 0 0 0 0 0 0 0 0 -1000.00 -1000.00 -1000.00 -1000.00 1.3390 0.3253 0.3907 -176.6967 0.7208 -233.7193 -0.2429 0.0050 0.0004 381 pedestrian_0013
Pedestrian 1.00 1.00 0 0 0 0 0 0 0 0 -1000.00 -1000.00 -1000.00 -1000.00 1.3390 0.3253 0.4435 124.4436 1.4475 -98.9094 -1.9273 0.0050 0.0004 382 pedestrian_0012
Pedestrian 0.00 1.00 0 0 0 0 0 0 0 0 1370.87 366.70 1374.13 372.20 1.1330 0.4333 0.3333 86.1682 2.5212 114.7038 -3.0527 0.0050 0.0004 383 pedestrian_0010
Pedestrian 1.00 1.00 0 0 0 0 0 0 0 0 -1000.00 -1000.00 -1000.00 -1000.00 1.3390 0.3253 0.2968 -272.9891 1.2584 -119.3429 -1.5508 0.0050 0.0004 384 pedestrian_0013
Pedestrian 0.00 1.00 0 0 0 0 0 0 0 0 1203.18 362.81 1205.77 370.74 1.9158 0.4880 0.3754 59.9336 2.5946 134.0582 -3.0298 0.0050 0.0004 385 pedestrian_0015
Pedestrian 0.00 1.00 0 0 0 0 0 0 0 0 554.59 362.66 557.65 370.90 1.9158 0.4880 0.3754 -93.2864 2.5348 129.1143 -0.6681 0.0050 0.0004 386 pedestrian_0018
Pedestrian 1.00 1.00 0 0 0 0 0 0 0 0 -1000.00 -1000.00 -1000.00 -1000.00 1.3390 0.3253 0.4937 -155.1448 0.7159 -236.3243 0.0373 0.0050 0.0004 387 pedestrian_0013
Pedestrian 1.00 1.00 0 0 0 0 0 0 0 0 -1000.00 -1000.00 -1000.00 -1000.00 1.9158 0.4880 0.7507 114.8801 1.1975 -150.0027 0.7451 0.0050 0.0004 388 pedestrian_0022
Pedestrian 1.00 1.00 0 0 0 0 0 0 0 0 -1000.00 -1000.00 -1000.00 -1000.00 1.9158 0.4880 0.7507 -270.8819 2.1511 58.2301 -1.6148 0.0050 0.0004 389 pedestrian_0003
Pedestrian 1.00 1.00 0 0 0 0 0 0 0 0 -1000.00 -1000.00 -1000.00 -1000.00 1.9158 0.4880 0.4913 -164.7926 0.7272 -235.0488 -0.0846 0.0050 0.0004 390 pedestrian_0021
Pedestrian 0.00 0.96 1 3 3 6 0 0 0 0 1038.04 362.73 1042.51 372.73 1.9158 0.4880 0.7182 16.2391 2.4417 106.5978 -2.4803 0.0050 0.0004 391 pedestrian_0016
Pedestrian 1.00 1.00 0 0 0 0 0 0 0 0 -1000.00 -1000.00 -1000.00 -1000.00 1.9158 0.4880 0.7507 -234.0875 0.8395 -207.5146 2.4912 0.0050 0.0004 392 pedestrian_0005
Pedestrian 1.00 1.00 0 0 0 0 0 0 0 0 -1000.00 -1000.00 -1000.00 -1000.00 1.9158 0.4880 0.4774 157.1848 -8.7561 -154.6183 -2.0623 0.0050 0.0004 393 pedestrian_0026
Pedestrian 1.00 1.00 0 0 0 0 0 0 0 0 -1000.00 -1000.00 -1000.00 -1000.00 1.9158 0.4880 0.7507 123.6442 1.5855 -114.5372 1.5491 0.0050 0.0004 394 pedestrian_0022
Pedestrian 1.00 1.00 0 0 0 0 0 0 0 0 -1000.00 -1000.00 -1000.00 -1000.00 1.1330 0.4333 0.6667 163.0031 -8.5462 -110.8658 1.5525 0.0050 0.0004 395 pedestrian_0010
Pedestrian 0.00 1.00 0 0 0 0 0 0 0 0 1339.74 363.50 1344.07 371.65 1.9158 0.4880 0.7507 90.8623 2.7416 130.7038 1.5948 0.0050 0.0004 396 pedestrian_0006
Pedestrian 0.00 1.00 0 0 0 0 0 0 0 0 437.74 368.38 445.43 381.18 1.3390 0.3253 0.5005 -53.7316 2.2225 58.2993 3.1281 0.0050 0.0004 397 pedestrian_0012
Pedestrian 1.00 1.00 0 0 0 0 0 0 0 0 -1000.00 -1000.00 -1000.00 -1000.00 1.1330 0.4333 0.6667 126.4126 2.0104 -23.0938 -1.5223 0.0050 0.0004 398 pedestrian_0010
Pedestrian 0.00 0.82 3 3 8 62 0 0 1 0 833.27 364.11 839.31 383.21 1.9158 0.4880 0.4035 -11.6872 2.3312 55.9392 -2.4051 0.0050 0.0004 399 pedestrian_0007
Pedestrian 1.00 1.00 0 0 0 0 0 0 0 0 -1000.00 -1000.00 -1000.00 -1000.00 1.9158 0.4880 0.3808 198.2545 -7.1583 110.8393 1.6591 0.0050 0.0004 400 pedestrian_0001
Pedestrian 1.00 1.00 0 0 0 0 0 0 0 0 -1000.00 -1000.00 -1000.00 -1000.00 1.9158 0.4880 0.7507 165.7427 1.8544 -33.1776 3.0875 0.0050 0.0004 401 pedestrian_0016
Pedestrian 1.00 1.00 0 0 0 0 0 0 0 0 -1000.00 -1000.00 -1000.00 -1000.00 1.9158 0.4880 0.7507 -273.0266 1.7032 -31.8956 -1.5937 0.0050 0.0004 402 pedestrian_0021
Pedestrian 0.00 0.18 16 18 32 1375 0 4 2 0 472.79 363.63 499.35 428.71 1.9158 0.4880 0.6189 -13.1920 1.9812 16.4099 -1.6698 0.0050 0.0004 403 pedestrian_0006
Pedestrian 1.00 1.00 26 29 41 273 0 0 0 7 -1000.00 -1000.00 -1000.00 -1000.00 1.9158 0.4880 0.7507 24.2897 1.9096 -11.7579 3.1248 0.0050 0.0004 404 pedestrian_0023
Pedestrian 0.00 1.00 0 0 0 0 0 0 0 0 1834.51 371.71 1848.13 383.93 1.1330 0.4333 0.5301 83.6190 2.2384 52.0837 1.5949 0.0050 0.0004 405 pedestrian_0011
Pedestrian 0.00 1.00 0 0 0 0 0 0 0 0 1283.99 363.20 1289.61 376.96 1.9158 0.4880 0.5280 46.4610 2.3627 77.4405 2.9911 0.0050 0.0004 406 pedestrian_0004
Pedestrian 1.00 1.00 0 0 0 0 0 0 0 0 -1000.00 -1000.00 -1000.00 -1000.00 1.9158 0.4880 0.4968 93.6173 1.3640 -126.1862 -3.0451 0.0050 0.0004 407 pedestrian_0026
Pedestrian 0.00 1.00 0 0 0 0 0 0 0 0 1826.62 366.42 1832.12 374.48 1.3390 0.3253 0.3767 145.6678 2.4095 92.3558 -1.5094 0.0050 0.0004 408 pedestrian_0013
Pedestrian 1.00 1.00 0 0 0 0 0 0 0 0 -1000.00 -1000.00 -1000.00 -1000.00 1.1330 0.4333 0.5603 -140.1009 1.4685 -85.8621 -0.9063 0.0050 0.0004 409 pedestrian_0010
Pedestrian 0.00 1.00 0 0 0 0 0 0 0 0 1419.18 362.88 1423.10 370.92 1.9158 0.4880 0.5435 110.9810 2.6051 132.4248 -0.1781 0.0050 0.0004 410 pedestrian_0020
Pedestrian 1.00 1.00 0 0 0 0 0 0 0 0 -1000.00 -1000.00 -1000.00 -1000.00 1.9158 0.4880 0.7064 -73.6791 2.0097 15.4693 -1.5233 0.0050 0.0004 411 pedestrian_0025
Pedestrian 1.00 1.00 0 0 0 0 0 0 0 0 -1000.00 -1000.00 -1000.00 -1000.00 1.1330 0.4333 0.6556 60.9936 2.0283 11.6293 1.4888 0.0050 0.0004 412 pedestrian_0010
Pedestrian 1.00 1.00 0 0 0 0 0 0 0 0 -1000.00 -1000.00 -1000.00 -1000.00 1.9158 0.4880 0.7507 87.0276 2.0242 -23.9338 -1.5236 0.0050 0.0004 413 pedestrian_0015
Pedestrian 1.00 1.00 0 0 0 0 0 0 0 0 -1000.00 -1000.00 -1000.00 -1000.00 1.1330 0.4333 0.6667 60.3293 2.0334 12.6945 -1.6084 0.0050 0.0004 414 pedestrian_0011
Pedestrian 1.00 1.00 0 0 0 0 0 0 0 0 -1000.00 -1000.00 -1000.00 -1000.00 1.9158 0.4880 0.6250 59.7378 1.7078 -54.8101 1.5443 0.0050 0.0004 415 pedestrian_0025
Pedestrian 1.00 1.00 0 0 0 0 0 0 0 0 -1000.00 -1000.00 -1000.00 -1000.00 1.1330 0.4333 0.3736 162.3292 -8.6649 -134.5384 1.3367 0.0050 0.0004 416 pedestrian_0009
Pedestrian 0.00 1.00 0 0 0 0 0 0 0 0 1770.86 313.66 1778.07 323.77 1.9158 0.4880 0.6723 160.0750 -7.1121 108.3860 1.8676 0.0050 0.0004 417 pedestrian_0026
Pedestrian 1.00 1.00 0 0 0 0 0 0 0 0 -1000.00 -1000.00 -1000.00 -1000.00 1.9158 0.4880 0.7507 -272.7262 1.5467 -63.0933 -1.5827 0.0050 0.0004 418 pedestrian_0019
Pedestrian 1.00 1.00 0 0 0 0 0 0 0 0 -1000.00 -1000.00 -1000.00 -1000.00 1.9158 0.4880 0.7507 -115.0607 2.1049 37.2493 -0.4304 0.0050 0.0004 419 pedestrian_0018
Pedestrian 1.00 1.00 0 0 0 0 0 0 0 0 -1000.00 -1000.00 -1000.00 -1000.00 1.9158 0.4880 0.6570 -220.2093 0.8002 -216.4188 -0.5471 0.0050 0.0004 420 pedestrian_0026
Pedestrian 1.00 1.00 0 0 0 0 0 0 0 0 -1000.00 -1000.00 -1000.00 -1000.00 1.9158 0.4880 0.7507 142.0900 1.2825 -134.9592 1.5238 0.0050 0.0004 421 pedestrian_0005
Pedestrian 0.00 1.00 0 0 0 0 0 0 0 0 1560.08 363.30 1566.09 377.28 1.9158 0.4880 0.5907 83.9078 2.3710 76.3745 -2.5155 0.0050 0.0004 422 pedestrian_0021
Pedestrian 1.00 1.00 0 0 0 0 0 0 0 0 -1000.00 -1000.00 -1000.00 -1000.00 1.9158 0.4880 0.5030 59.1887 1.4677 -102.8879 -1.7780 0.0050 0.0004 423 pedestrian_0025
Pedestrian 1.00 1.00 0 0 0 0 0 0 0 0 -1000.00 -1000.00 -1000.00 -1000.00 1.9158 0.4880 0.4602 124.1092 1.5446 -81.1026 1.7223 0.0050 0.0004 424 pedestrian_0008
Pedestrian 0.00 0.95 3 1 3 30 0 0 1 0 1024.10 362.92 1028.48 375.27 1.9158 0.4880 0.4679 11.1257 2.3715 86.3316 -0.9823 0.0050 0.0004 425 pedestrian_0018
Pedestrian 1.00 1.00 0 0 2 13 1 0 0 0 -1000.00 -1000.00 -1000.00 -1000.00 1.9158 0.4880 0.7507 2.5393 1.5754 -102.5046 3.1226 0.0050 0.0004 426 pedestrian_0020
Pedestrian 1.00 1.00 0 0 0 0 0 0 0 0 -1000.00 -1000.00 -1000.00 -1000.00 1.3390 0.3253 0.5005 91.0151 1.3605 -125.0232 3.0473 0.0050 0.0004 427 pedestrian_0012
Pedestrian 1.00 1.00 0 0 0 0 0 0 0 0 -1000.00 -1000.00 -1000.00 -1000.00 1.1330 0.4333 0.4403 114.2812 1.8217 -33.6714 -0.2928 0.0050 0.0004 428 pedestrian_0011
Pedestrian 1.00 1.00 0 0 0 0 0 0 0 0 -1000.00 -1000.00 -1000.00 -1000.00 1.9158 0.4880 0.4663 -99.6820 1.0173 -181.6187 1.4686 0.0050 0.0004 429 pedestrian_0006
Pedestrian 0.00 1.00 0 0 0 0 0 0 0 0 1452.46 364.34 1460.03 378.08 1.9158 0.4880 0.6144 70.3227 2.5248 77.6467 -0.1139 0.0050 0.0004 430 pedestrian_0021
Pedestrian 0.00 0.73 8 7 11 148 0 0 2 0 784.41 362.57 792.96 386.75 1.9158 0.4880 0.6369 -12.8691 2.1209 44.2276 1.5820 0.0050 0.0004 431 pedestrian_0026
Pedestrian 1.00 1.00 0 0 0 0 0 0 0 0 -1000.00 -1000.00 -1000.00 -1000.00 1.9158 0.4880 0.6063 165.7049 -7.6530 57.6675 1.5555 0.0050 0.0004 432 pedestrian_0026
Pedestrian 1.00 1.00 0 0 0 0 0 0 0 0 -1000.00 -1000.00 -1000.00 -1000.00 1.9158 0.4880 0.4592 -73.8494 1.8735 -11.8183 -1.8425 0.0050 0.0004 433 pedestrian_0002
Pedestrian 1.00 1.00 0 0 0 0 0 0 0 0 -1000.00 -1000.00 -1000.00 -1000.00 1.9158 0.4880 0.5490 56.9565 1.3602 -124.2806 0.0298 0.0050 0.0004 434 pedestrian_0001
Pedestrian 1.00 1.00 0 0 0 0 0 0 0 0 -1000.00 -1000.00 -1000.00 -1000.00 1.9158 0.4880 0.7507 5.5702 -6.6244 -238.5186 -0.0116 0.0050 0.0004 435 pedestrian_0022
Pedestrian 0.00 1.00 0 0 0 0 0 0 0 0 1243.50 363.03 1247.20 372.39 1.9158 0.4880 0.4795 59.3426 2.5375 113.7063 -1.4694 0.0050 0.0004 436 pedestrian_0005
Pedestrian 1.00 1.00 0 0 0 0 0 0 0 0 -1000.00 -1000.00 -1000.00 -1000.00 1.3390 0.3253 0.5005 225.6016 2.0518 3.7008 -1.5857 0.0050 0.0004 437 pedestrian_0013
Pedestrian 1.00 1.00 0 0 0 0 0 0 0 0 -1000.00 -1000.00 -1000.00 -1000.00 1.1330 0.4333 0.6667 -96.7480 0.7307 -236.9242 3.1108 0.0050 0.0004 438 pedestrian_0011
Pedestrian 0.00 0.94 0 5 6 36 0 0 0 0 844.82 363.04 851.06 377.03 1.9158 0.4880 0.7507 -14.6028 2.3343 76.1872 -0.0216 0.0050 0.0004 439 pedestrian_0006
Pedestrian 0.00 1.00 0 0 0 0 0 0 0 0 1254.45 339.45 1256.37 343.38 1.3390 0.3253 0.4934 102.4396 -5.7237 190.6939 -0.0974 0.0050 0.0004 440 pedestrian_0014
Pedestrian 0.00 1.00 0 0 0 0 0 0 0 0 566.77 362.81 570.20 370.98 1.9158 0.4880 0.4880 -91.1872 2.5760 130.2198 -1.4169 0.0050 0.0004 441 pedestrian_0025
Pedestrian 0.00 1.00 0 0 0 0 0 0 0 0 174.45 362.63 177.79 369.09 1.9158 0.4880 0.4736 -232.1512 2.6964 164.7092 0.7434 0.0050 0.0004 442 pedestrian_0003
Pedestrian 1.00 1.00 8 7 13 65 5 0 0 0 -1000.00 -1000.00 -1000.00 -1000.00 1.9158 0.4880 0.7507 4.8320 1.6447 -52.3765 1.5470 0.0050 0.0004 443 pedestrian_0024
Pedestrian 1.00 1.00 0 0 3 7 0 0 0 0 -1000.00 -1000.00 -1000.00 -1000.00 1.9158 0.4880 0.5022 5.0449 1.4556 -122.2885 1.3970 0.0050 0.0004 444 pedestrian_0007
Pedestrian 1.00 1.00 0 0 0 0 0 0 0 0 -1000.00 -1000.00 -1000.00 -1000.00 1.9158 0.4880 0.4108 -123.5208 1.8606 -11.2991 0.0439 0.0050 0.0004 445 pedestrian_0023
Pedestrian 1.00 1.00 0 0 0 0 0 0 0 0 -1000.00 -1000.00 -1000.00 -1000.00 1.9158 0.4880 0.6357 -271.7898 1.9370 15.3922 1.5453 0.0050 0.0004 446 pedestrian_0026
Pedestrian 1.00 1.00 0 0 0 0 0 0 0 0 -1000.00 -1000.00 -1000.00 -1000.00 1.1330 0.4333 0.6001 166.1006 -7.6298 61.7431 -1.7070 0.0050 0.0004 447 pedestrian_0009
Pedestrian 1.00 1.00 0 0 0 0 0 0 0 0 -1000.00 -1000.00 -1000.00 -1000.00 1.9158 0.4880 0.7507 48.0308 -9.0574 -202.4287 3.1220 0.0050 0.0004 448 pedestrian_0015
Pedestrian 1.00 1.00 0 0 0 2 0 0 0 0 -1000.00 -1000.00 -1000.00 -1000.00 1.9158 0.4880 0.3910 157.7418 1.8504 -33.3874 -2.5729 0.0050 0.0004 449 pedestrian_0017
Pedestrian 1.00 1.00 0 1 0 1 0 0 0 0 -1000.00 -1000.00 -1000.00 -1000.00 1.9158 0.4880 0.6407 -12.3808 1.2146 -137.2728 1.9665 0.0050 0.0004 450 pedestrian_0023
Pedestrian 1.00 1.00 0 2 2 28 0 0 0 0 -1000.00 -1000.00 -1000.00 -1000.00 1.9158 0.4880 0.7507 -94.2818 1.4993 -85.3277 1.4810 0.0050 0.0004 451 pedestrian_0001
Pedestrian 0.00 1.00 0 0 0 0 0 0 0 0 670.76 363.35 674.22 370.08 1.9158 0.4880 0.7207 -81.1518 2.8703 157.9802 3.0587 0.0050 0.0004 452 pedestrian_0017
Pedestrian 1.00 1.00 0 0 0 0 0 0 0 0 -1000.00 -1000.00 -1000.00 -1000.00 1.1330 0.4333 0.6364 125.3247 1.9896 -30.6987 1.6859 0.0050 0.0004 453 pedestrian_0011
Pedestrian 1.00 1.00 0 0 0 0 0 0 0 0 -1000.00 -1000.00 -1000.00 -1000.00 1.9158 0.4880 0.7082 -270.6510 1.1431 -144.3505 1.7058 0.0050 0.0004 454 pedestrian_0018
Pedestrian 1.00 1.00 0 0 0 0 0 0 0 0 -1000.00 -1000.00 -1000.00 -1000.00 1.9158 0.4880 0.4637 56.3516 1.2508 -146.3094 -1.6175 0.0050 0.0004 455 pedestrian_0021
Pedestrian 1.00 1.00 0 0 0 0 0 0 0 0 -1000.00 -1000.00 -1000.00 -1000.00 1.9158 0.4880 0.4895 207.9225 2.2541 43.8155 -1.5615 0.0050 0.0004 456 pedestrian_0007
Pedestrian 0.00 1.00 0 0 0 0 0 0 0 0 1438.37 363.07 1443.00 373.01 1.9158 0.4880 0.7352 93.8900 2.5111 107.3342 -2.0072 0.0050 0.0004 457 pedestrian_0021
Pedestrian 1.00 1.00 0 0 0 0 0 0 0 0 -1000.00 -1000.00 -1000.00 -1000.00 1.9158 0.4880 0.4550 164.0525 -8.0788 -19.6411 1.8359 0.0050 0.0004 458 pedestrian_0019
Pedestrian 0.00 1.00 0 0 0 0 0 0 0 0 509.40 364.90 511.86 368.12 1.1330 0.4333 0.5140 -158.1394 2.8683 196.0338 -3.1327 0.0050 0.0004 459 pedestrian_0009
Pedestrian 0.00 1.00 0 0 0 0 0 0 0 0 615.78 362.76 618.53 368.21 1.9158 0.4880 0.6605 -120.0654 2.8904 195.3910 3.1405 0.0050 0.0004 460 pedestrian_0004
Pedestrian 1.00 1.00 0 0 0 0 0 0 0 0 -1000.00 -1000.00 -1000.00 -1000.00 1.3390 0.3253 0.2708 -106.8979 1.4711 -88.3791 1.1564 0.0050 0.0004 461 pedestrian_0012
Pedestrian 1.00 1.00 0 0 0 0 0 0 0 0 -1000.00 -1000.00 -1000.00 -1000.00 1.9158 0.4880 0.6073 -158.2461 1.4378 -92.9845 2.0555 0.0050 0.0004 462 pedestrian_0006
Pedestrian 1.00 1.00 0 0 0 0 0 0 0 0 -1000.00 -1000.00 -1000.00 -1000.00 1.1330 0.4333 0.6667 58.7128 1.5915 -106.3019 1.5559 0.0050 0.0004 463 pedestrian_0009
Pedestrian 1.00 1.00 0 0 0 0 0 0 0 0 -1000.00 -1000.00 -1000.00 -1000.00 1.3390 0.3253 0.5005 -199.8978 1.6469 -39.1157 1.4337 0.0050 0.0004 464 pedestrian_0014
Pedestrian 0.00 1.00 0 0 0 0 0 0 0 0 550.52 365.94 553.54 370.77 1.1330 0.4333 0.3782 -95.3129 2.5337 130.5741 -0.0977 0.0050 0.0004 465 pedestrian_0010
Pedestrian 1.00 1.00 0 1 1 11 0 0 0 0 -1000.00 -1000.00 -1000.00 -1000.00 1.9158 0.4880 0.3945 -98.0802 1.4571 -93.5084 0.7815 0.0050 0.0004 466 pedestrian_0017
Pedestrian 0.00 1.00 0 0 0 0 0 0 0 0 1210.29 363.28 1217.38 382.00 1.9158 0.4880 0.5127 26.9034 2.2536 56.9965 3.1011 0.0050 0.0004 467 pedestrian_0004
Pedestrian 1.00 1.00 0 0 0 0 0 0 0 0 -1000.00 -1000.00 -1000.00 -1000.00 1.9158 0.4880 0.5951 135.9015 2.4872 76.4287 -3.0707 0.0050 0.0004 468 pedestrian_0021
Pedestrian 1.00 1.00 36 30 62 443 0 3 0 0 -1000.00 -1000.00 -1000.00 -1000.00 1.3390 0.3253 0.4444 -14.6523 1.9108 4.1335 -1.5643 0.0050 0.0004 469 pedestrian_0013
Pedestrian 1.00 1.00 0 0 0 0 0 0 0 0 -1000.00 -1000.00 -1000.00 -1000.00 1.9158 0.4880 0.6788 142.3245 1.5581 -104.6711 -2.1077 0.0050 0.0004 470 pedestrian_0001
Pedestrian 0.00 0.03 20 30 57 859 0 0 4 0 574.77 363.45 601.57 416.41 1.9158 0.4880 0.7507 -12.6467 2.0311 20.0329 -1.6088 0.0050 0.0004 471 pedestrian_0015
Pedestrian 0.00 1.00 0 0 0 0 0 0 0 0 398.98 362.69 402.70 368.28 1.9158 0.4880 0.7507 -190.9866 2.8381 190.1016 -2.8330 0.0050 0.0004 472 pedestrian_0024
Pedestrian 1.00 1.00 0 0 0 0 0 0 0 0 -1000.00 -1000.00 -1000.00 -1000.00 1.3390 0.3253 0.2963 -79.8276 0.9729 -190.5896 1.5962 0.0050 0.0004 473 pedestrian_0013
Pedestrian 1.00 1.00 0 0 0 0 0 0 0 0 -1000.00 -1000.00 -1000.00 -1000.00 1.9158 0.4880 0.6897 -135.0644 0.7340 -235.7864 -0.0414 0.0050 0.0004 474 pedestrian_0018
Pedestrian 1.00 1.00 0 0 0 0 0 0 0 0 -1000.00 -1000.00 -1000.00 -1000.00 1.3390 0.3253 0.4939 121.3012 1.5542 -118.9506 -1.5737 0.0050 0.0004 475 pedestrian_0012
Pedestrian 0.00 1.00 0 0 0 0 0 0 0 0 742.06 362.83 745.10 369.58 1.9158 0.4880 0.6680 -60.7506 2.7221 157.6289 3.1343 0.0050 0.0004 476 pedestrian_0026
Pedestrian 1.00 1.00 0 0 0 0 0 0 0 0 -1000.00 -1000.00 -1000.00 -1000.00 1.9158 0.4880 0.5393 -123.7973 0.7300 -237.3856 -0.0898 0.0050 0.0004 477 pedestrian_0016
Pedestrian 0.00 1.00 0 0 0 0 0 0 0 0 1611.28 363.48 1622.31 384.54 1.9158 0.4880 0.7314 61.0839 2.2355 50.8714 -2.2045 0.0050 0.0004 478 pedestrian_0006
Pedestrian 1.00 1.00 0 0 0 0 0 0 0 0 -1000.00 -1000.00 -1000.00 -1000.00 1.9158 0.4880 0.5808 -83.7312 0.7502 -236.2699 0.0095 0.0050 0.0004 479 pedestrian_0001
Pedestrian 1.00 1.00 0 0 0 0 0 0 0 0 -1000.00 -1000.00 -1000.00 -1000.00 1.9158 0.4880 0.7507 116.0470 2.2711 54.0664 3.0355 0.0050 0.0004 480 pedestrian_0021
Car 1.00 1.00 0 0 0 0 0 0 0 0 -1000.00 -1000.00 -1000.00 -1000.00 1.6980 1.9434 4.1871 14.7331 1.5587 -88.4225 -1.5862 0.0050 0.0004 481 citroen_c3
Car 1.00 1.00 0 0 0 0 0 0 0 0 -1000.00 -1000.00 -1000.00 -1000.00 1.9718 2.0005 4.0595 15.6797 1.5795 -77.3943 -1.5862 0.0050 0.0004 482 jeep_wrangler_rubicon
Car 1.00 1.00 0 0 0 0 0 0 0 0 -1000.00 -1000.00 -1000.00 -1000.00 1.9718 2.0005 4.0595 45.8661 1.5711 -88.3055 1.5554 0.0050 0.0004 483 jeep_wrangler_rubicon
Car 1.00 1.00 0 0 0 0 0 0 0 0 -1000.00 -1000.00 -1000.00 -1000.00 1.9718 2.0005 4.0595 12.7389 1.5787 -77.3490 -1.5862 0.0050 0.0004 484 jeep_wrangler_rubicon
Car 1.00 1.00 9 9 16 299 2 2 0 0 -1000.00 -1000.00 -1000.00 -1000.00 1.9718 2.0005 4.0595 -65.1129 1.6636 -63.1145 -0.0154 0.0050 0.0004 485 nissan_patrol
Car 1.00 1.00 7 5 9 113 2 0 0 0 -1000.00 -1000.00 -1000.00 -1000.00 1.5488 2.0688 3.9961 -65.1718 1.6768 -66.0104 3.1262 0.0050 0.0004 486 nissan_patrol
Car 1.00 1.00 16 28 41 728 0 3 0 0 -1000.00 -1000.00 -1000.00 -1000.00 1.4855 2.1349 -5.6254 -58.4307 1.7395 -46.3163 3.1262 0.0050 0.0004 487 nissan_patrol
Car 1.00 1.00 13 13 20 528 2 1 0 0 -1000.00 -1000.00 -1000.00 -1000.00 1.6244 1.8781 -3.8906 -58.6908 1.6412 -63.2132 -0.0154 0.0050 0.0004 488 nissan_patrol
Car 1.00 1.00 82 76 133 2791 15 14 0 0 -1000.00 -1000.00 -1000.00 -1000.00 1.7506 2.3538 -4.8416 -40.8778 1.8395 -40.9687 -0.0154 0.0050 0.0004 489 nissan_patrol
Car 1.00 1.00 47 51 77 2160 10 15 0 0 -1000.00 -1000.00 -1000.00 -1000.00 1.9718 2.0005 -4.0595 -41.1372 1.7115 -55.2633 3.1262 0.0050 0.0004 490 nissan_patrol
Car 1.00 1.00 25 28 46 354 0 4 0 0 -1000.00 -1000.00 -1000.00 -1000.00 1.9476 2.0282 4.8347 -64.7237 1.7611 -40.6002 3.1262 0.0050 0.0004 491 nissan_patrol
Car 1.00 1.00 20 24 35 1120 1 0 0 0 -1000.00 -1000.00 -1000.00 -1000.00 1.9718 2.0005 4.0595 -64.8259 1.7616 -43.4932 3.1262 0.0050 0.0004 492 nissan_patrol
Car 1.00 1.00 18 23 43 964 5 2 0 0 -1000.00 -1000.00 -1000.00 -1000.00 1.6244 1.8781 3.8906 -47.3651 1.7424 -43.7640 -0.0154 0.0050 0.0004 493 nissan_patrol
Car 1.00 1.00 1 1 1 61 0 0 0 0 -1000.00 -1000.00 -1000.00 -1000.00 1.5488 2.0688 3.9961 -47.4059 1.7807 -46.4880 3.1262 0.0050 0.0004 494 nissan_patrol
Car 1.00 1.00 53 57 84 2393 8 12 0 0 -1000.00 -1000.00 -1000.00 -1000.00 2.1397 2.1728 4.7017 -47.5161 1.6962 -55.1655 3.1262 0.0050 0.0004 495 nissan_patrol
Car 1.00 1.00 7 9 19 389 1 3 0 0 -1000.00 -1000.00 -1000.00 -1000.00 1.9476 2.0282 4.8347 -47.5948 1.6536 -63.3832 3.1262 0.0050 0.0004 496 nissan_patrol
Car 1.00 1.00 3 4 4 184 0 0 0 0 -1000.00 -1000.00 -1000.00 -1000.00 1.5100 1.8730 4.1000 -47.7068 1.6309 -66.2793 3.1262 0.0050 0.0004 497 nissan_patrol
Car 1.00 1.00 0 0 0 59 0 0 0 0 -1000.00 -1000.00 -1000.00 -1000.00 1.5488 2.0688 3.9961 -32.4013 1.7562 -52.5047 -0.0154 0.0050 0.0004 498 nissan_patrol
Car 1.00 1.00 0 0 0 46 0 0 0 0 -1000.00 -1000.00 -1000.00 -1000.00 1.5100 1.8730 4.1000 -32.4499 1.6907 -55.3992 -0.0154 0.0050 0.0004 499 nissan_patrol
Car 1.00 1.00 17 29 37 159 0 0 0 0 -1000.00 -1000.00 -1000.00 -1000.00 1.9476 2.0282 4.8347 -32.4438 1.6856 -58.0819 3.1262 0.0050 0.0004 500 nissan_patrol
Car 1.00 1.00 153 157 269 7904 29 30 0 0 -1000.00 -1000.00 -1000.00 -1000.00 2.1397 2.1728 -4.7017 -25.8343 1.7738 -41.1991 3.1262 0.0050 0.0004 501 nissan_patrol
Car 1.00 1.00 40 46 80 878 9 0 0 0 -1000.00 -1000.00 -1000.00 -1000.00 1.9476 2.0282 -4.8347 -25.8121 1.7578 -44.0955 -0.0154 0.0050 0.0004 502 nissan_patrol
Car 1.00 1.00 52 52 78 435 5 0 0 0 -1000.00 -1000.00 -1000.00 -1000.00 1.6244 1.8781 -3.8906 -26.1463 1.6638 -61.0753 3.1262 0.0050 0.0004 503 nissan_patrol
Car 1.00 1.00 26 21 39 198 11 0 0 0 -1000.00 -1000.00 -1000.00 -1000.00 1.7506 2.3538 -4.8416 -26.2113 1.7314 -63.7137 3.1262 0.0050 0.0004 504 nissan_patrol
Car 1.00 1.00 0 0 0 0 0 0 0 0 -1000.00 -1000.00 -1000.00 -1000.00 1.9476 2.0282 4.8347 19.2006 1.5130 -89.1593 1.5554 0.0050 0.0004 505 nissan_patrol
Car 1.00 1.00 0 0 0 0 0 0 0 0 -1000.00 -1000.00 -1000.00 -1000.00 1.5475 1.9070 4.4025 43.0737 1.5498 -87.8622 1.5554 0.0050 0.0004 506 seat_leon
Car 1.00 1.00 0 0 2 0 0 0 0 0 -1000.00 -1000.00 -1000.00 -1000.00 2.5908 2.7453 5.4640 28.5930 1.5745 -89.2395 1.5554 0.0050 0.0004 507 carlamotors_carlacola
Car 1.00 1.00 0 0 0 0 0 0 0 0 -1000.00 -1000.00 -1000.00 -1000.00 2.5908 2.7453 5.4640 112.6597 1.5715 -100.2942 -1.5862 0.0050 0.0004 508 carlamotors_carlacola
Car 1.00 1.00 0 0 0 0 0 0 0 0 -1000.00 -1000.00 -1000.00 -1000.00 2.5908 2.7453 5.4640 116.1479 1.5725 -100.3479 -1.5862 0.0050 0.0004 509 carlamotors_carlacola
Car 1.00 1.00 0 0 0 0 0 0 0 0 -1000.00 -1000.00 -1000.00 -1000.00 2.5908 2.7453 5.4640 111.4584 1.5899 -72.0333 3.1262 0.0050 0.0004 510 carlamotors_carlacola
Car 1.00 1.00 0 0 0 0 0 0 0 0 -1000.00 -1000.00 -1000.00 -1000.00 2.5908 2.7453 5.4640 24.2826 1.5733 -89.1731 1.5554 0.0050 0.0004 511 carlamotors_carlacola
Car 1.00 1.00 0 0 0 0 0 0 0 0 -1000.00 -1000.00 -1000.00 -1000.00 2.2031 2.5091 6.5872 54.0912 2.1426 20.5412 1.0318 0.0050 0.0004 512 tesla_cybertruck