Car 1.00 1.00 0 0 0 0 0 0 0 0 -1000.00 -1000.00 -1000.00 -1000.00 1.5542 2.3421 5.1370 -258.5752 1.6403 -152.3689 -1.5316 0.0030 0.0001 0 lincoln2020_mkz2020
Car 1.00 1.00 6684 237812 380566 0 0 0 0 0 -1000.00 -1000.00 -1000.00 -1000.00 2.1397 2.1728 4.7045 -0.0005 2.0932 -2.2389 1.5708 0.0000 0.0000 1 volkswagen_t2
Motorcycle 1.00 1.00 0 0 0 0 0 0 0 0 -1000.00 -1000.00 -1000.00 -1000.00 1.6960 1.0692 2.4735 -89.1532 1.4633 -206.9420 -1.5823 0.0062 0.0001 2 harley_davidson_low_rider
Motorcycle 1.00 1.00 0 0 0 0 0 0 0 0 -1000.00 -1000.00 -1000.00 -1000.00 1.6960 1.0692 2.4735 -262.3079 1.6833 -135.6295 -1.5438 0.0067 0.0002 3 harley_davidson_low_rider
Car 1.00 1.00 0 0 0 0 0 0 0 0 -1000.00 -1000.00 -1000.00 -1000.00 1.6320 2.1403 5.2230 155.1256 1.9641 -61.9131 -3.1223 -0.0011 0.0001 4 dodge_charger_police
Car 1.00 1.00 0 0 0 0 0 0 0 0 -1000.00 -1000.00 -1000.00 -1000.00 1.5542 2.3421 5.1370 -67.1139 1.2834 -265.4952 -3.1221 0.0041 0.0000 5 lincoln2020_mkz2020
Car 1.00 1.00 0 0 0 0 0 0 0 0 -1000.00 -1000.00 -1000.00 -1000.00 1.4546 2.0938 4.3903 -247.1361 2.3025 51.9138 1.2972 0.0028 -0.0025 6 audi_tt
Car 1.00 1.00 0 0 0 0 0 0 0 0 -1000.00 -1000.00 -1000.00 -1000.00 1.4477 1.5550 2.3177 -29.7845 1.6250 -162.7237 0.0113 -0.0058 -0.0000 7 bmw_isetta
Car 0.00 1.00 0 0 0 5 0 0 0 0 470.40 363.69 503.19 371.65 1.7173 2.2591 5.2781 -103.5921 2.5437 122.3164 0.0103 -0.0039 -0.0002 8 mercedes_benz_coupe
Car 0.00 0.01 317 334 541 20867 0 45 55 0 128.00 384.00 372.00 434.00 1.4812 2.1349 5.6254 -20.5395 2.2014 16.7872 0.0198 0.0032 0.0000 9 chevrolet_impala
Car 0.00 1.00 0 0 0 0 0 0 0 0 1305.99 365.12 1353.86 376.90 1.6115 2.2019 5.2564 52.6598 2.3380 77.7683 0.0101 0.0031 0.0007 10 charger2020_charger2020
Car 1.00 1.00 0 0 0 0 0 0 0 0 -1000.00 -1000.00 -1000.00 -1000.00 2.2031 2.5091 6.5872 132.4936 1.6556 -141.3386 -1.5548 0.0032 0.0000 11 tesla_cybertruck
Car 1.00 1.00 0 0 0 0 0 0 0 0 -1000.00 -1000.00 -1000.00 -1000.00 1.5140 2.1024 4.9073 -80.9651 1.8218 -98.3575 1.5222 0.0034 0.0001 12 mercedesccc_mercedesccc
Car 1.00 1.00 0 0 0 0 0 0 0 0 -1000.00 -1000.00 -1000.00 -1000.00 1.6980 1.9434 4.1871 184.5378 1.6696 -152.8330 -3.0185 0.0038 -0.0008 13 citroen_c3
Car 1.00 1.00 0 0 0 0 0 0 0 0 -1000.00 -1000.00 -1000.00 -1000.00 1.4812 2.1349 5.6254 113.0439 1.9552 -62.7240 -3.1240 -0.0002 0.0000 14 chevrolet_impala
Car 1.00 1.00 0 0 0 0 0 0 0 0 -1000.00 -1000.00 -1000.00 -1000.00 1.6320 2.1403 5.2230 131.9376 1.7993 -96.4981 -1.5811 -0.0059 -0.0001 15 dodge_charger_police
Car 1.00 1.00 0 0 1 0 0 0 0 0 -1000.00 -1000.00 -1000.00 -1000.00 1.5863 2.2347 5.1468 -19.6706 1.6099 -166.1666 0.0142 0.0032 0.0000 16 lincoln_mkz2017
Car 1.00 1.00 0 0 0 0 0 0 0 0 -1000.00 -1000.00 -1000.00 -1000.00 1.7318 2.1344 5.0985 -247.1277 2.1612 5.0129 1.5697 0.0030 0.0001 17 audi_etron
Car 1.00 1.00 0 0 0 0 0 0 0 0 -1000.00 -1000.00 -1000.00 -1000.00 1.7506 2.3538 4.8416 -26.1385 1.6014 -166.2617 0.0139 0.0103 0.0000 18 bmw_grandtourer
Car 0.00 1.00 0 0 0 0 0 0 0 0 1104.22 365.53 1137.85 378.08 1.5765 1.9374 3.8150 21.7229 2.3046 72.0338 0.3843 0.0024 -0.0018 19 nissan_micra
Motorcycle 1.00 1.00 3 7 11 33 4 0 0 0 -1000.00 -1000.00 -1000.00 -1000.00 1.6960 1.0692 2.4735 -26.8813 1.8862 -75.7194 0.0178 0.0058 0.0000 20 harley_davidson_low_rider
Car 1.00 1.00 0 0 0 0 0 0 0 0 -1000.00 -1000.00 -1000.00 -1000.00 1.5765 1.9374 3.8150 -78.4791 1.5294 -185.9765 1.5596 0.0032 0.0000 21 nissan_micra
Car 1.00 1.00 0 0 0 0 0 0 0 0 -1000.00 -1000.00 -1000.00 -1000.00 1.7203 2.2019 5.4994 122.4307 1.9282 -69.4498 0.0239 0.0045 0.0008 22 chargercop2020_chargercop2020
Car 1.00 1.00 27 30 47 226 2 0 0 0 -1000.00 -1000.00 -1000.00 -1000.00 1.5475 1.9070 4.4025 -23.4509 1.9094 -72.1356 0.0174 0.0032 0.0000 23 seat_leon
Car 1.00 1.00 0 0 0 0 0 0 0 0 -1000.00 -1000.00 -1000.00 -1000.00 1.3660 1.9896 4.9534 -77.6834 1.6187 -161.7697 -2.7774 0.0034 0.0003 24 mustang_mustang
Cyclist 0.00 1.00 0 0 0 0 0 0 0 0 299.82 362.88 319.82 377.65 1.9709 0.6705 1.7250 -86.9965 2.3640 74.8467 -1.5544 0.0100 0.0001 25 diamondback_century
Cyclist 1.00 1.00 1 3 3 55 0 1 0 0 -1000.00 -1000.00 -1000.00 -1000.00 1.7065 0.8593 1.4873 -68.0644 2.1688 23.1235 -3.1399 0.0032 0.0000 26 bh_crossbike
Car 1.00 1.00 0 0 0 0 0 0 0 0 -1000.00 -1000.00 -1000.00 -1000.00 2.1397 2.1728 4.7045 -64.0747 1.9408 -65.8857 -3.1229 0.0026 0.0000 27 volkswagen_t2
Car 1.00 1.00 0 0 0 0 0 0 0 0 -1000.00 -1000.00 -1000.00 -1000.00 1.9718 2.0005 4.0595 -237.0923 2.3258 59.7626 1.1760 0.0021 -0.0044 28 jeep_wrangler_rubicon
Car 1.00 1.00 37 40 67 468 0 0 0 6 -1000.00 -1000.00 -1000.00 -1000.00 1.5627 2.2716 5.0314 44.5918 2.1938 14.2080 0.0148 0.0030 0.0000 29 tesla_model3
Car 1.00 1.00 0 0 0 0 0 0 0 0 -1000.00 -1000.00 -1000.00 -1000.00 1.4546 2.0938 4.3903 76.4357 1.5704 -181.6150 1.5793 0.0032 0.0000 30 audi_tt
Car 1.00 1.00 0 0 0 0 0 0 0 0 -1000.00 -1000.00 -1000.00 -1000.00 1.5488 2.0688 3.9961 138.7186 1.7989 -91.6026 1.5871 0.0032 0.0000 31 mini_cooperst
Car 1.00 1.00 0 0 0 0 0 0 0 0 -1000.00 -1000.00 -1000.00 -1000.00 1.6011 2.1072 4.7392 73.3982 2.1363 -2.9331 1.5951 0.0032 0.0000 32 toyota_prius
Car 1.00 1.00 0 0 0 0 0 0 0 0 -1000.00 -1000.00 -1000.00 -1000.00 2.1397 2.1728 4.7045 -126.1951 2.1996 15.9386 -2.7831 0.0029 0.0187 33 volkswagen_t2
Car 0.00 1.00 0 0 0 3 0 0 0 0 433.23 364.91 471.66 374.94 1.6011 2.1072 4.7392 -83.7592 2.4341 92.4269 1.5858 0.0032 0.0000 34 toyota_prius
Car 1.00 1.00 0 0 0 0 0 0 0 0 -1000.00 -1000.00 -1000.00 -1000.00 1.3660 1.9896 4.9534 77.6066 1.9918 -47.4556 1.6377 0.0031 -0.0001 35 mustang_mustang
Car 1.00 1.00 0 0 0 0 0 0 0 0 -1000.00 -1000.00 -1000.00 -1000.00 1.6011 2.1072 4.7392 201.7723 1.9340 -68.1492 0.0175 0.0023 0.0000 36 toyota_prius
Car 1.00 1.00 6 6 10 30 12 0 0 0 -1000.00 -1000.00 -1000.00 -1000.00 1.7506 2.3538 4.8416 -1.8018 1.7912 -90.9967 1.5922 0.0032 0.0000 37 bmw_grandtourer
Car 1.00 1.00 0 0 0 0 0 0 0 0 -1000.00 -1000.00 -1000.00 -1000.00 2.2031 2.5091 6.5872 142.1976 1.6317 -157.3723 3.1235 0.0076 0.0030 38 tesla_cybertruck
Motorcycle 1.00 1.00 0 0 0 0 0 0 0 0 -1000.00 -1000.00 -1000.00 -1000.00 1.6387 1.2138 2.3199 137.3189 2.0956 -2.1317 1.5860 0.0017 0.0001 39 yamaha_yzf
Car 1.00 1.00 0 0 0 0 0 0 0 0 -1000.00 -1000.00 -1000.00 -1000.00 1.9476 2.0282 4.8347 -77.3891 1.8194 -96.3247 1.5577 -0.0027 0.0001 40 nissan_patrol
Car 1.00 1.00 0 0 1 2 0 0 0 0 -1000.00 -1000.00 -1000.00 -1000.00 1.6115 2.2019 5.2564 -1.5256 1.7749 -97.3866 1.6388 0.0031 0.0007 41 charger2020_charger2020
Car 1.00 1.00 0 0 0 0 0 0 0 0 -1000.00 -1000.00 -1000.00 -1000.00 1.6115 2.2019 5.2564 72.3067 1.6895 -142.4980 -1.5243 0.0031 0.0007 42 charger2020_charger2020
Motorcycle 1.00 1.00 0 0 0 0 0 0 0 0 -1000.00 -1000.00 -1000.00 -1000.00 1.6649 1.0692 2.4735 137.2384 2.0905 3.1793 1.5864 0.0062 0.0000 43 harley_davidson_low_rider
Car 1.00 1.00 0 0 0 0 0 0 0 0 -1000.00 -1000.00 -1000.00 -1000.00 1.5542 2.3421 5.1370 -251.3175 1.4989 -196.7627 -1.3332 0.0015 0.0098 44 lincoln2020_mkz2020
Motorcycle 1.00 1.00 0 0 0 0 0 0 0 0 -1000.00 -1000.00 -1000.00 -1000.00 1.6960 1.0692 2.4735 77.1590 2.0837 -15.4353 1.5895 0.0031 0.0000 45 harley_davidson_low_rider
Cyclist 1.00 1.00 0 0 0 0 0 0 0 0 -1000.00 -1000.00 -1000.00 -1000.00 1.9310 0.5921 1.9272 52.6062 1.6048 -161.6766 0.0140 -0.0009 0.0000 46 gazelle_omafiets
Car 0.00 0.00 2785 3033 4854 170074 0 0 1372 0 647.90 412.32 988.00 718.00 1.7318 2.1344 5.0985 0.0218 2.1172 4.9417 1.5673 0.0032 0.0000 47 audi_etron
Car 1.00 1.00 0 0 0 0 0 0 0 0 -1000.00 -1000.00 -1000.00 -1000.00 1.9476 2.0282 4.8347 116.0865 2.1840 15.2701 0.0145 0.0028 0.0000 48 nissan_patrol
Car 0.44 0.02 153 180 293 13843 0 24 30 0 0.00 376.74 142.41 435.00 1.7203 2.2019 5.4994 -27.1142 2.1965 16.5872 0.0609 0.0031 0.0007 49 chargercop2020_chargercop2020
Car 1.00 1.00 0 0 0 0 0 0 0 0 -1000.00 -1000.00 -1000.00 -1000.00 1.6244 1.8781 3.8906 -153.0843 1.8149 -98.0805 1.5615 0.0088 -0.0016 50 audi_a2
Car 1.00 1.00 0 0 0 0 0 0 0 0 -1000.00 -1000.00 -1000.00 -1000.00 1.5863 2.2347 5.1468 -84.9578 1.6654 -147.8664 -1.5782 0.0032 0.0000 51 lincoln_mkz2017
Cyclist 1.00 1.00 0 1 1 1 0 0 0 0 -1000.00 -1000.00 -1000.00 -1000.00 1.9709 0.6705 1.7250 -89.9916 2.2551 40.8798 -1.5576 0.0104 0.0000 52 diamondback_century
Cyclist 1.00 1.00 6 0 9 49 0 0 0 0 -1000.00 -1000.00 -1000.00 -1000.00 1.9311 0.5921 1.9272 -29.1752 1.8872 -72.2616 0.0180 0.0005 0.0001 53 gazelle_omafiets
Car 1.00 1.00 0 0 0 0 0 0 0 0 -1000.00 -1000.00 -1000.00 -1000.00 1.7173 2.2591 5.2781 142.0957 1.8400 -83.8484 1.5865 -0.0039 -0.0002 54 mercedes_benz_coupe
Car 1.00 1.00 0 0 0 0 0 0 0 0 -1000.00 -1000.00 -1000.00 -1000.00 1.5542 2.3421 5.1370 60.8641 1.4093 -212.0206 0.1077 0.0037 -0.0004 55 lincoln2020_mkz2020
Car 1.00 1.00 0 0 0 0 0 0 0 0 -1000.00 -1000.00 -1000.00 -1000.00 1.7506 2.3538 4.8416 23.7003 1.6314 -158.6185 3.1227 0.0032 0.0000 56 bmw_grandtourer
Car 1.00 1.00 0 0 0 0 0 0 0 0 -1000.00 -1000.00 -1000.00 -1000.00 1.4546 2.0938 4.3903 75.6800 1.8550 -92.6570 1.5791 0.0032 0.0000 57 audi_tt
Car 1.00 1.00 0 0 0 0 0 0 0 0 -1000.00 -1000.00 -1000.00 -1000.00 1.7173 2.2591 5.2781 -80.8364 1.8625 -90.8736 1.5611 -0.0039 -0.0002 58 mercedes_benz_coupe
Car 1.00 1.00 0 0 0 0 0 0 0 0 -1000.00 -1000.00 -1000.00 -1000.00 1.5542 2.3421 5.1370 48.4613 1.9044 -74.3916 0.0179 0.0032 0.0000 59 lincoln2020_mkz2020
Car 0.00 1.00 0 0 0 0 0 0 0 0 1598.19 361.93 1669.95 382.03 2.1397 2.1728 4.7045 75.3396 2.3544 61.4109 1.5953 0.0032 0.0000 60 volkswagen_t2
Car 1.00 1.00 0 0 0 0 0 0 0 0 -1000.00 -1000.00 -1000.00 -1000.00 1.7506 2.3538 4.8416 134.5522 2.1835 31.4410 -1.4845 0.0165 0.0004 61 bmw_grandtourer
Car 1.00 1.00 0 0 0 0 0 0 0 0 -1000.00 -1000.00 -1000.00 -1000.00 1.6320 2.1403 5.2230 118.9048 1.6349 -164.2546 0.0133 -0.0011 0.0001 62 dodge_charger_police
Car 1.00 1.00 2 2 2 2 4 0 0 0 -1000.00 -1000.00 -1000.00 -1000.00 1.6980 1.9434 4.1871 2.1215 1.7395 -111.1169 1.5917 0.0033 0.0000 63 citroen_c3
Car 1.00 1.00 0 0 0 0 0 0 0 0 -1000.00 -1000.00 -1000.00 -1000.00 1.4812 2.1349 5.6254 47.7181 1.6333 -161.7408 0.0139 0.0032 0.0000 64 chevrolet_impala
Car 1.00 1.00 66 58 97 422 0 10 0 0 -1000.00 -1000.00 -1000.00 -1000.00 1.6115 2.2019 5.2564 -46.9602 2.1809 12.8137 0.0514 0.0011 0.0006 65 charger2020_charger2020
Car 0.00 0.94 1 2 1 109 0 0 0 0 1787.48 371.37 1918.47 391.56 1.3660 1.9896 4.9534 68.7964 2.2790 42.3821 -1.5466 0.0032 0.0000 66 mustang_mustang
Motorcycle 1.00 1.00 0 0 0 0 0 0 0 0 -1000.00 -1000.00 -1000.00 -1000.00 1.5852 1.1236 2.1350 77.0143 2.0852 -7.6451 1.5945 0.0002 0.0000 67 kawasaki_ninja
Car 1.00 1.00 0 0 0 0 0 0 0 0 -1000.00 -1000.00 -1000.00 -1000.00 1.5488 2.0688 3.9961 -143.5453 2.3241 71.3758 -2.9766 0.0029 0.0001 68 mini_cooperst
Car 1.00 1.00 0 0 0 0 0 0 0 0 -1000.00 -1000.00 -1000.00 -1000.00 1.5542 2.3421 5.1370 -148.8183 2.1253 -2.5658 -2.1468 0.0017 0.0201 69 lincoln2020_mkz2020
Car 1.00 1.00 38 40 63 321 21 0 0 0 -1000.00 -1000.00 -1000.00 -1000.00 1.9718 2.0005 4.0595 6.7311 1.9362 -64.6113 -3.1260 -0.0055 0.0001 70 jeep_wrangler_rubicon
Car 1.00 1.00 0 0 0 0 0 0 0 0 -1000.00 -1000.00 -1000.00 -1000.00 1.7506 2.3538 4.8416 -78.3460 1.5579 -180.0916 1.5594 0.0032 0.0000 71 bmw_grandtourer
Car 1.00 1.00 0 0 0 0 0 0 0 0 -1000.00 -1000.00 -1000.00 -1000.00 2.2031 2.5091 6.5872 135.9290 1.6693 -137.1437 -1.5552 0.0028 0.0000 72 tesla_cybertruck
Car 1.00 1.00 0 0 0 0 0 0 0 0 -1000.00 -1000.00 -1000.00 -1000.00 1.6244 1.8781 3.8906 -78.8546 2.1335 -0.6144 1.5866 0.0027 -0.0011 73 audi_a2
Car 1.00 1.00 0 0 0 0 0 0 0 0 -1000.00 -1000.00 -1000.00 -1000.00 1.7203 2.2019 5.4994 79.3579 1.9287 -68.6601 -2.7034 0.0031 0.0007 74 chargercop2020_chargercop2020
Car 1.00 1.00 0 0 0 0 0 0 0 0 -1000.00 -1000.00 -1000.00 -1000.00 1.6320 2.1403 5.2230 -82.2947 2.1378 -4.1480 1.5862 -0.0011 0.0001 75 dodge_charger_police
Car 1.00 1.00 7 8 11 77 0 1 0 0 -1000.00 -1000.00 -1000.00 -1000.00 1.5140 2.1024 4.9073 -86.4029 2.2485 35.0680 -1.5558 0.0032 0.0000 76 mercedesccc_mercedesccc
Car 1.00 1.00 16 15 25 80 13 0 0 0 -1000.00 -1000.00 -1000.00 -1000.00 1.6244 1.8781 3.8906 -5.6617 1.8027 -88.3533 -1.6074 -0.0014 0.0039 77 audi_a2
Car 1.00 1.00 43 57 85 386 13 0 0 0 -1000.00 -1000.00 -1000.00 -1000.00 1.6244 1.8781 3.8906 -10.0298 1.9213 -50.9165 -1.5579 0.0009 -0.0010 78 audi_a2
Car 1.00 1.00 0 0 0 0 0 0 0 0 -1000.00 -1000.00 -1000.00 -1000.00 1.7203 2.2019 5.4994 16.8724 1.6382 -158.5126 -3.0885 0.0031 0.0007 79 chargercop2020_chargercop2020
Car 1.00 1.00 25 27 51 196 0 6 0 0 -1000.00 -1000.00 -1000.00 -1000.00 2.1397 2.1728 4.7045 -89.8886 2.2573 33.4718 -1.5586 0.0032 0.0000 80 volkswagen_t2
Car 1.00 1.00 0 0 0 0 0 0 0 0 -1000.00 -1000.00 -1000.00 -1000.00 1.3660 1.9896 4.9534 53.5609 1.6141 -165.1587 0.0139 0.0032 0.0000 81 mustang_mustang
Car 1.00 1.00 6 2 4 23 3 0 0 0 -1000.00 -1000.00 -1000.00 -1000.00 1.7203 2.2019 5.4994 1.9342 1.7876 -94.2842 1.6251 0.0031 0.0007 82 chargercop2020_chargercop2020
Car 0.00 1.00 0 3 0 21 0 0 0 0 447.11 364.88 479.82 375.05 1.6244 1.8781 3.8906 -80.2415 2.4223 90.5197 1.5859 0.0082 -0.0011 83 audi_a2
Car 1.00 1.00 0 0 0 0 0 0 0 0 -1000.00 -1000.00 -1000.00 -1000.00 1.6244 1.8781 3.8906 79.1188 1.8682 -85.8423 1.5800 0.0027 -0.0011 84 audi_a2
Car 1.00 1.00 0 0 0 0 0 0 0 0 -1000.00 -1000.00 -1000.00 -1000.00 1.3660 1.9896 4.9534 212.1827 1.8276 -100.7406 -1.5708 0.0030 0.0001 85 mustang_mustang
Car 1.00 1.00 0 0 0 0 0 0 0 0 -1000.00 -1000.00 -1000.00 -1000.00 1.6244 1.8781 3.8906 -85.6001 1.4857 -202.9370 -1.5821 0.0027 -0.0011 86 audi_a2
Car 1.00 1.00 0 0 0 0 0 0 0 0 -1000.00 -1000.00 -1000.00 -1000.00 1.9718 2.0005 4.0595 -194.8432 1.4810 -192.5572 2.1908 0.0043 -0.0024 87 jeep_wrangler_rubicon
Car 1.00 1.00 0 0 0 0 0 0 0 0 -1000.00 -1000.00 -1000.00 -1000.00 1.9718 2.0005 4.0595 -85.6714 1.4740 -208.5965 -1.5823 0.0028 -0.0000 88 jeep_wrangler_rubicon
Car 1.00 1.00 0 0 0 0 0 0 0 0 -1000.00 -1000.00 -1000.00 -1000.00 1.3660 1.9896 4.9534 -66.6500 1.3097 -258.4841 -3.1219 0.0033 0.0002 89 mustang_mustang
Motorcycle 1.00 1.00 0 0 0 0 0 0 0 0 -1000.00 -1000.00 -1000.00 -1000.00 1.6649 1.0692 2.4735 140.7324 2.0920 3.6096 1.5864 0.0062 0.0000 90 harley_davidson_low_rider
Car 0.00 1.00 0 0 0 0 0 0 0 0 467.51 365.02 499.33 374.08 1.5475 1.9070 4.4025 -83.8509 2.4527 98.5193 1.5858 0.0032 0.0000 91 seat_leon
Motorcycle 1.00 1.00 0 0 0 0 0 0 0 0 -1000.00 -1000.00 -1000.00 -1000.00 1.6387 1.2138 2.3199 129.0606 1.9143 -68.5673 0.2698 0.0030 -0.0007 92 yamaha_yzf
Cyclist 0.00 1.00 0 0 0 0 0 0 0 0 332.08 362.98 350.93 376.27 1.9311 0.5921 1.9272 -90.7179 2.3780 82.0274 -1.6078 -0.0008 0.0000 93 gazelle_omafiets
Car 1.00 1.00 0 0 0 0 0 0 0 0 -1000.00 -1000.00 -1000.00 -1000.00 1.5140 2.1024 4.9073 -138.0654 1.9064 -71.1024 -3.1306 0.0032 0.0000 94 mercedesccc_mercedesccc
Car 1.00 1.00 0 0 0 0 0 0 0 0 -1000.00 -1000.00 -1000.00 -1000.00 1.4546 2.0938 4.3903 69.5217 1.5375 -191.8043 -1.5638 0.0032 0.0000 95 audi_tt
Car 1.00 1.00 0 0 0 0 0 0 0 0 -1000.00 -1000.00 -1000.00 -1000.00 2.1397 2.1728 4.7045 -77.9928 1.7502 -125.2087 1.5210 0.0029 0.0000 96 volkswagen_t2
Car 0.00 1.00 0 0 0 0 0 0 0 0 321.23 365.98 373.42 377.12 1.5140 2.1024 4.9073 -87.0754 2.3910 79.5994 -1.5566 0.0032 0.0000 97 mercedesccc_mercedesccc
Car 1.00 1.00 0 0 0 0 0 0 0 0 -1000.00 -1000.00 -1000.00 -1000.00 1.4812 2.1349 5.6254 140.8235 2.0937 -1.9292 1.5864 0.0030 0.0000 98 chevrolet_impala
Car 0.00 1.00 0 0 0 0 0 0 0 0 1667.88 367.11 1738.35 383.73 1.5765 1.9374 3.8150 75.4059 2.3101 55.7323 1.5950 0.0032 0.0000 99 nissan_micra
Motorcycle 1.00 1.00 0 0 0 0 0 0 0 0 -1000.00 -1000.00 -1000.00 -1000.00 1.5853 1.1236 2.1350 75.6390 1.8282 -87.8331 1.5797 0.0032 0.0000 100 kawasaki_ninja
Car 0.00 1.00 0 0 0 0 0 0 0 0 32.51 362.45 77.77 371.65 1.9476 2.0282 4.8347 -195.7858 2.5065 120.4516 -2.7352 0.0008 0.0111 101 nissan_patrol
Car 1.00 1.00 0 0 0 0 0 0 0 0 -1000.00 -1000.00 -1000.00 -1000.00 2.1397 2.1728 4.7045 -78.7443 2.1198 -9.6341 1.5841 0.0033 0.0000 102 volkswagen_t2
Car 1.00 1.00 0 0 0 0 0 0 0 0 -1000.00 -1000.00 -1000.00 -1000.00 1.3660 1.9896 4.9534 -205.9407 2.0905 -0.4089 1.5868 0.0030 0.0000 103 mustang_mustang
Car 1.00 1.00 0 0 0 8 0 0 0 0 -1000.00 -1000.00 -1000.00 -1000.00 1.5627 2.2716 5.0314 49.6369 2.2055 17.8023 0.0142 0.0032 0.0000 104 tesla_model3
Car 1.00 1.00 0 0 0 0 0 0 0 0 -1000.00 -1000.00 -1000.00 -1000.00 1.5542 2.3421 5.1370 155.0286 1.9381 -65.4225 -3.1195 0.0032 0.0000 105 lincoln2020_mkz2020
Car 1.00 1.00 0 0 0 0 0 0 0 0 -1000.00 -1000.00 -1000.00 -1000.00 1.5627 2.2716 5.0314 90.3307 1.9372 -66.6318 -3.1236 0.0032 0.0000 106 tesla_model3
Car 1.00 1.00 0 0 0 0 0 0 0 0 -1000.00 -1000.00 -1000.00 -1000.00 1.5765 1.9374 3.8150 -88.7966 1.9827 -44.1761 -1.5480 0.0032 0.0000 107 nissan_micra
Cyclist 1.00 1.00 0 0 0 0 0 0 0 0 -1000.00 -1000.00 -1000.00 -1000.00 1.9311 0.5921 1.9272 -63.0684 1.8949 -69.3549 -3.1237 -0.0009 0.0000 108 gazelle_omafiets
Cyclist 1.00 1.00 0 0 0 0 0 0 0 0 -1000.00 -1000.00 -1000.00 -1000.00 1.9311 0.5921 1.9272 -69.5277 1.2218 -279.5522 0.0196 0.0001 0.0000 109 gazelle_omafiets
Car 0.00 0.01 366 418 646 6798 0 0 103 0 1043.00 381.00 1163.08 421.00 1.4546 2.0938 4.3903 5.9762 2.1978 20.1115 -3.0457 -0.0075 -0.0002 110 audi_tt
Car 1.00 1.00 0 0 0 0 0 0 0 0 -1000.00 -1000.00 -1000.00 -1000.00 1.9476 2.0282 4.8347 -58.4723 1.9052 -69.2811 -3.1239 0.0028 0.0000 111 nissan_patrol
Car 1.00 1.00 6 4 8 11 10 0 0 0 -1000.00 -1000.00 -1000.00 -1000.00 1.4546 2.0938 4.3903 -0.2790 1.7175 -116.8401 1.7356 0.0054 0.0000 112 audi_tt
Car 1.00 1.00 0 4 6 10 3 0 0 0 -1000.00 -1000.00 -1000.00 -1000.00 1.7506 2.3538 4.8416 -2.7039 1.4750 -189.9978 -1.1453 0.0013 0.0022 113 bmw_grandtourer
Car 1.00 1.00 29 28 53 204 8 0 0 0 -1000.00 -1000.00 -1000.00 -1000.00 1.9718 2.0005 4.0595 -19.5500 1.9027 -75.5925 0.0181 0.0028 -0.0000 114 jeep_wrangler_rubicon
Motorcycle 1.00 1.00 0 0 0 0 0 0 0 0 -1000.00 -1000.00 -1000.00 -1000.00 1.6387 1.2138 2.3199 138.6427 1.8245 -86.8619 1.5865 0.0032 0.0001 115 yamaha_yzf
Car 1.00 1.00 44 55 86 344 110 0 0 0 -1000.00 -1000.00 -1000.00 -1000.00 1.7203 2.2019 5.4994 -1.2066 1.8848 -71.8870 -2.4429 0.0019 0.0043 116 chargercop2020_chargercop2020
Car 1.00 1.00 0 0 0 0 0 0 0 0 -1000.00 -1000.00 -1000.00 -1000.00 1.6980 1.9434 4.1871 131.0610 1.9427 -49.4190 -1.5551 0.0040 0.0000 117 citroen_c3
Car 0.00 1.00 0 0 0 0 0 0 0 0 1043.91 333.20 1069.67 341.04 1.5542 2.3421 5.1370 21.8056 -4.2079 120.5249 0.0180 -0.1038 -0.0002 118 lincoln2020_mkz2020
Car 0.24 0.09 18 26 38 6031 0 0 11 0 1793.67 355.36 1920.00 394.70 2.5908 2.7453 5.4640 65.3726 2.2941 39.2677 -1.5465 0.0032 0.0000 119 carlamotors_carlacola
Car 1.00 1.00 0 0 0 0 0 0 0 0 -1000.00 -1000.00 -1000.00 -1000.00 1.5765 1.9374 3.8150 75.6537 1.8168 -98.4396 1.5790 0.0032 0.0000 120 nissan_micra
Car 0.00 1.00 0 0 0 0 0 0 0 0 1102.86 328.95 1116.01 335.97 1.4477 1.5550 2.3177 32.3819 -5.1052 117.2224 0.0173 -0.0710 -0.0001 121 bmw_isetta
Car 1.00 1.00 0 0 0 0 0 0 0 0 -1000.00 -1000.00 -1000.00 -1000.00 1.7173 2.2591 5.2781 199.4247 1.9607 -64.3282 3.0929 -0.0047 0.0019 122 mercedes_benz_coupe
Car 0.00 0.39 217 243 395 3338 0 0 71 0 989.04 372.00 1107.06 411.89 1.7173 2.2591 5.2781 4.6055 2.2113 24.0479 -3.1132 -0.0175 0.0008 123 mercedes_benz_coupe
Car 1.00 1.00 0 0 0 0 0 0 0 0 -1000.00 -1000.00 -1000.00 -1000.00 1.5765 1.9374 3.8150 136.1579 1.6279 -146.8082 -1.5481 0.0186 0.0039 124 nissan_micra
Car 1.00 1.00 53 66 111 511 0 0 0 11 -1000.00 -1000.00 -1000.00 -1000.00 1.6115 2.2019 5.2564 43.2536 2.2004 17.5887 0.0602 0.0031 0.0007 125 charger2020_charger2020
Car 0.00 1.00 0 0 0 0 0 0 0 0 1687.75 363.78 1789.41 387.42 1.9476 2.0282 4.8347 68.8201 2.2884 48.5742 -1.5247 0.0029 0.0000 126 nissan_patrol
Car 1.00 1.00 0 0 0 0 0 0 0 0 -1000.00 -1000.00 -1000.00 -1000.00 1.5140 2.1024 4.9073 -89.5910 1.3492 -245.9206 -1.5817 0.0032 0.0000 127 mercedesccc_mercedesccc
Car 1.00 1.00 0 0 0 0 0 0 0 0 -1000.00 -1000.00 -1000.00 -1000.00 1.7173 2.2591 5.2781 -84.8781 1.7010 -141.2915 -1.5906 -0.0039 -0.0002 128 mercedes_benz_coupe
Car 1.00 1.00 61 69 110 430 33 0 0 0 -1000.00 -1000.00 -1000.00 -1000.00 1.4812 2.1349 5.6254 -6.5647 1.9393 -47.9887 -1.5613 0.0031 0.0000 129 chevrolet_impala
Car 1.00 1.00 0 0 0 0 0 0 0 0 -1000.00 -1000.00 -1000.00 -1000.00 2.1397 2.1728 4.7045 -157.4549 1.2924 -267.0248 3.1082 0.0029 -0.0027 130 volkswagen_t2
Car 1.00 1.00 0 0 0 0 0 0 0 0 -1000.00 -1000.00 -1000.00 -1000.00 1.6244 1.8781 3.8906 54.2310 1.9040 -74.2710 0.0182 0.0027 -0.0011 131 audi_a2
Car 0.00 0.15 107 129 199 1716 0 0 26 0 769.94 364.00 819.02 391.00 1.9476 2.0282 4.8347 -10.8028 2.1995 39.2668 -1.6676 0.0020 0.0020 132 nissan_patrol
Car 1.00 1.00 0 0 0 0 0 0 0 0 -1000.00 -1000.00 -1000.00 -1000.00 1.9476 2.0282 4.8347 -34.9715 1.8972 -72.3603 0.0184 0.0002 0.0001 133 nissan_patrol
Car 1.00 1.00 0 0 0 0 0 0 0 0 -1000.00 -1000.00 -1000.00 -1000.00 1.9476 2.0282 4.8347 6.4589 -5.3035 -271.3345 0.0117 -0.1266 0.0004 134 nissan_patrol
Car 1.00 1.00 8281 24474 39179 281925 0 2934 0 0 -1000.00 -1000.00 -1000.00 -1000.00 1.7506 2.3538 4.8416 -3.4681 2.0720 -3.2063 1.5735 0.0032 0.0000 135 bmw_grandtourer
Car 1.00 1.00 0 0 0 0 0 0 0 0 -1000.00 -1000.00 -1000.00 -1000.00 1.9476 2.0282 4.8347 15.5935 1.6343 -155.1468 -3.1279 0.0014 0.0000 136 nissan_patrol
Car 1.00 1.00 0 0 0 0 0 0 0 0 -1000.00 -1000.00 -1000.00 -1000.00 1.7203 2.2019 5.4994 51.7967 1.9200 -70.9704 0.0261 0.0031 0.0007 137 chargercop2020_chargercop2020
Car 1.00 1.00 16 19 32 273 3 0 0 0 -1000.00 -1000.00 -1000.00 -1000.00 2.5908 2.7453 5.4640 17.4217 1.9496 -67.9183 -3.1238 0.0023 0.0000 138 carlamotors_carlacola
Car 1.00 1.00 0 0 0 0 0 0 0 0 -1000.00 -1000.00 -1000.00 -1000.00 1.5863 2.2347 5.1468 116.5260 2.2080 18.7591 0.0142 0.0033 0.0000 139 lincoln_mkz2017
Car 1.00 1.00 0 0 0 0 0 0 0 0 -1000.00 -1000.00 -1000.00 -1000.00 1.9718 2.0005 4.0595 194.8480 1.9362 -68.2859 0.0183 0.0027 -0.0000 140 jeep_wrangler_rubicon
Car 1.00 1.00 0 0 0 0 0 0 0 0 -1000.00 -1000.00 -1000.00 -1000.00 1.6011 2.1072 4.7392 73.0175 1.5337 -191.2566 -1.5624 0.0032 0.0000 141 toyota_prius
Car 1.00 1.00 0 0 0 0 0 0 0 0 -1000.00 -1000.00 -1000.00 -1000.00 1.7318 2.1344 5.0985 134.4669 1.9681 -43.6181 -1.5552 0.0032 0.0000 142 audi_etron
Car 1.00 1.00 0 0 0 0 0 0 0 0 -1000.00 -1000.00 -1000.00 -1000.00 2.2031 2.5091 6.5872 -85.1807 2.0026 -47.0421 -1.5557 0.0032 0.0000 143 tesla_cybertruck
Car 1.00 1.00 0 0 0 0 0 0 0 0 -1000.00 -1000.00 -1000.00 -1000.00 1.5765 1.9374 3.8150 72.6268 1.6936 -136.8843 -1.5627 0.0032 0.0000 144 nissan_micra
Car 1.00 1.00 0 0 0 3 1 0 0 0 -1000.00 -1000.00 -1000.00 -1000.00 1.4546 2.0938 4.3903 1.9104 1.7689 -101.1512 1.5911 0.0033 0.0000 145 audi_tt
Car 1.00 1.00 0 0 0 0 0 0 0 0 -1000.00 -1000.00 -1000.00 -1000.00 1.4812 2.1349 5.6254 -207.5235 1.7235 -117.7090 -1.5547 0.0031 0.0001 146 chevrolet_impala
Car 0.00 0.77 0 0 1 46 0 0 0 0 473.99 361.48 519.34 374.48 2.2031 2.5091 6.5872 -80.3301 2.4644 97.2087 1.5858 0.0032 0.0000 147 tesla_cybertruck
Car 1.00 1.00 0 0 0 0 0 0 0 0 -1000.00 -1000.00 -1000.00 -1000.00 1.9718 2.0005 4.0595 -55.1029 1.9325 -65.7250 -3.1238 0.0032 -0.0000 148 jeep_wrangler_rubicon
Car 1.00 1.00 0 0 0 0 0 0 0 0 -1000.00 -1000.00 -1000.00 -1000.00 1.3660 1.9896 4.9534 -88.5384 1.9569 -55.9540 -1.5556 0.0032 0.0000 149 mustang_mustang
Car 1.00 1.00 0 0 0 0 0 0 0 0 -1000.00 -1000.00 -1000.00 -1000.00 1.3660 1.9896 4.9534 68.9425 1.7750 -115.1557 -1.5708 0.0028 0.0000 150 mustang_mustang
Car 1.00 1.00 0 0 0 0 0 0 0 0 -1000.00 -1000.00 -1000.00 -1000.00 2.5908 2.7453 5.4640 -82.2782 2.1271 -10.6683 1.5504 0.0036 0.0000 151 carlamotors_carlacola
Car 0.00 1.00 0 0 0 0 0 0 0 0 1625.30 365.47 1684.03 377.57 1.5863 2.2347 5.1468 94.2153 2.3305 74.5781 0.0118 0.0025 0.0000 152 lincoln_mkz2017
Car 1.00 1.00 0 0 0 0 0 0 0 0 -1000.00 -1000.00 -1000.00 -1000.00 1.7506 2.3538 4.8416 -257.8730 1.5721 -172.9926 -1.5414 0.0030 0.0003 153 bmw_grandtourer
Cyclist 1.00 1.00 0 0 0 0 0 0 0 0 -1000.00 -1000.00 -1000.00 -1000.00 1.9709 0.6705 1.7250 79.8949 1.5664 -176.8072 1.5793 0.0082 0.0000 154 diamondback_century
Cyclist 1.00 1.00 0 0 0 0 0 0 0 0 -1000.00 -1000.00 -1000.00 -1000.00 1.9311 0.5921 1.9272 -170.2313 1.8530 -75.6214 0.0111 -0.0009 0.0000 155 gazelle_omafiets
Motorcycle 1.00 1.00 0 0 0 0 0 0 0 0 -1000.00 -1000.00 -1000.00 -1000.00 1.6960 1.0692 2.4735 120.4239 1.6211 -160.7322 0.0144 0.0062 0.0000 156 harley_davidson_low_rider
Car 0.00 1.00 0 0 0 3 0 0 0 0 393.95 361.56 437.62 375.72 2.1397 2.1728 4.7045 -83.6845 2.4194 86.1190 1.5873 0.0187 0.0002 157 volkswagen_t2
Car 1.00 1.00 0 0 0 0 0 0 0 0 -1000.00 -1000.00 -1000.00 -1000.00 1.5488 2.0688 3.9961 -63.9215 1.2929 -261.9320 -3.1222 0.0041 0.0000 158 mini_cooperst
Cyclist 1.00 1.00 0 0 0 0 0 0 0 0 -1000.00 -1000.00 -1000.00 -1000.00 1.9311 0.5921 1.9272 34.8352 1.6037 -161.7781 -0.0027 0.0001 0.0000 159 gazelle_omafiets
Car 1.00 1.00 343 382 609 3606 67 0 0 0 -1000.00 -1000.00 -1000.00 -1000.00 1.4812 2.1349 5.6254 -10.2808 2.0169 -23.9984 -1.5622 0.0012 0.0000 160 chevrolet_impala
Car 1.00 1.00 0 0 0 0 0 0 0 0 -1000.00 -1000.00 -1000.00 -1000.00 1.7173 2.2591 5.2781 9.4133 -5.6543 -274.8602 0.0272 -0.1304 -0.0019 161 mercedes_benz_coupe
Car 1.00 1.00 0 0 0 0 0 0 0 0 -1000.00 -1000.00 -1000.00 -1000.00 1.9718 2.0005 4.0595 -125.7556 1.6373 -157.0573 2.7546 0.0016 -0.0056 162 jeep_wrangler_rubicon
Car 0.00 1.00 0 0 0 0 0 0 0 0 1587.56 365.28 1664.43 382.65 1.7506 2.3538 4.8416 71.8854 2.3310 59.2944 1.5951 0.0032 0.0000 163 bmw_grandtourer
Car 1.00 1.00 0 0 0 0 0 0 0 0 -1000.00 -1000.00 -1000.00 -1000.00 1.6115 2.2019 5.2564 137.4127 2.0689 -7.5557 1.6260 0.0064 0.0009 164 charger2020_charger2020
Car 1.00 1.00 0 0 0 0 0 0 0 0 -1000.00 -1000.00 -1000.00 -1000.00 1.6244 1.8781 3.8906 73.5194 2.1144 -8.8269 1.5916 0.0027 -0.0011 165 audi_a2
Car 0.00 1.00 0 0 0 0 0 0 0 0 1110.38 329.22 1132.63 336.19 1.5475 1.9070 4.4025 36.9847 -5.3408 124.2812 0.0178 -0.0441 -0.0000 166 seat_leon
Car 1.00 1.00 0 0 0 0 0 0 0 0 -1000.00 -1000.00 -1000.00 -1000.00 1.5765 1.9374 3.8150 -241.8354 1.4643 -203.9224 1.9075 0.0028 -0.0095 167 nissan_micra
Car 0.00 1.00 0 0 0 0 0 0 0 0 437.58 364.40 472.25 372.15 1.5863 2.2347 5.1468 -104.2463 2.5067 115.3100 0.0105 0.0032 0.0000 168 lincoln_mkz2017
Car 1.00 1.00 0 0 0 0 0 0 0 0 -1000.00 -1000.00 -1000.00 -1000.00 1.7506 2.3538 4.8416 -21.6816 1.6162 -162.6981 0.0139 0.0032 0.0000 169 bmw_grandtourer
Car 1.00 1.00 0 0 0 0 0 0 0 0 -1000.00 -1000.00 -1000.00 -1000.00 1.4812 2.1349 5.6254 44.8862 1.9237 -70.9421 0.0178 0.0032 0.0000 170 chevrolet_impala
Car 1.00 1.00 0 0 0 0 0 0 0 0 -1000.00 -1000.00 -1000.00 -1000.00 1.4812 2.1349 5.6254 209.1150 1.7023 -142.6199 -2.2093 0.0030 -0.0333 171 chevrolet_impala
Car 1.00 1.00 0 0 0 0 0 0 0 0 -1000.00 -1000.00 -1000.00 -1000.00 1.6011 2.1072 4.7392 134.5611 1.9344 -49.5958 -1.5551 0.0032 0.0000 172 toyota_prius
Car 1.00 1.00 0 2 4 18 2 0 0 0 -1000.00 -1000.00 -1000.00 -1000.00 1.6115 2.2019 5.2564 10.4948 1.6338 -158.6402 -3.0750 0.0023 0.0005 173 charger2020_charger2020
Car 1.00 1.00 0 0 0 0 0 0 0 0 -1000.00 -1000.00 -1000.00 -1000.00 1.5475 1.9070 4.4025 -88.6402 1.9779 -49.7698 -1.5555 0.0032 0.0000 174 seat_leon
Car 1.00 1.00 0 0 0 0 0 0 0 0 -1000.00 -1000.00 -1000.00 -1000.00 2.5908 2.7453 5.4640 -78.7384 1.4811 -215.1925 1.5592 -0.0067 0.0000 175 carlamotors_carlacola
Car 1.00 1.00 0 0 0 0 0 0 0 0 -1000.00 -1000.00 -1000.00 -1000.00 1.4812 2.1349 5.6254 104.3722 1.6308 -163.9996 0.2540 -0.0003 0.0033 176 chevrolet_impala
Car 1.00 1.00 0 0 0 0 0 0 0 0 -1000.00 -1000.00 -1000.00 -1000.00 1.9718 2.0005 4.0595 -42.7366 0.6142 -275.5227 0.0187 -0.0735 -0.0004 177 jeep_wrangler_rubicon
Car 1.00 1.00 0 0 0 0 0 0 0 0 -1000.00 -1000.00 -1000.00 -1000.00 1.6980 1.9434 4.1871 -84.4769 1.7369 -127.9267 -1.5856 0.0036 0.0001 178 citroen_c3
Car 1.00 1.00 8 14 20 71 24 0 0 0 -1000.00 -1000.00 -1000.00 -1000.00 1.5488 2.0688 3.9961 1.6411 1.8032 -88.2692 1.5919 0.0032 0.0000 179 mini_cooperst
Motorcycle 1.00 1.00 0 0 0 0 0 0 0 0 -1000.00 -1000.00 -1000.00 -1000.00 1.6960 1.0692 2.4735 79.2907 1.7959 -105.4282 1.5793 0.0043 0.0000 180 harley_davidson_low_rider
Car 1.00 1.00 0 0 0 0 0 0 0 0 -1000.00 -1000.00 -1000.00 -1000.00 1.4477 1.5550 2.3177 131.7853 2.1654 18.9676 0.0140 -0.0051 0.0005 181 bmw_isetta
Cyclist 1.00 1.00 0 0 0 0 0 0 0 0 -1000.00 -1000.00 -1000.00 -1000.00 1.7065 0.8593 1.4873 79.2456 1.8091 -91.5291 1.5949 0.0090 -0.0001 182 bh_crossbike
Car 1.00 1.00 0 0 0 0 0 0 0 0 -1000.00 -1000.00 -1000.00 -1000.00 1.6011 2.1072 4.7392 36.6307 -8.4436 -274.4191 0.0120 -0.0491 0.0001 183 toyota_prius
Car 1.00 1.00 0 0 0 0 0 0 0 0 -1000.00 -1000.00 -1000.00 -1000.00 1.5488 2.0688 3.9961 -81.8226 1.5672 -178.0903 1.5592 0.0032 0.0000 184 mini_cooperst
Car 1.00 1.00 0 0 0 0 0 0 0 0 -1000.00 -1000.00 -1000.00 -1000.00 1.6980 1.9434 4.1871 -88.6832 1.6793 -145.9336 -1.5717 0.0032 0.0000 185 citroen_c3
Car 1.00 1.00 0 0 0 0 0 0 0 0 -1000.00 -1000.00 -1000.00 -1000.00 1.5765 1.9374 3.8150 143.9686 1.5300 -171.7098 1.5224 0.0032 0.0000 186 nissan_micra
Car 1.00 1.00 0 0 0 0 0 0 0 0 -1000.00 -1000.00 -1000.00 -1000.00 1.7506 2.3538 4.8416 79.2146 1.8319 -96.7907 1.5792 0.0032 0.0000 187 bmw_grandtourer
Car 1.00 1.00 0 0 0 0 0 0 0 0 -1000.00 -1000.00 -1000.00 -1000.00 1.5488 2.0688 3.9961 47.6718 1.6144 -165.2401 0.0141 0.0032 0.0000 188 mini_cooperst
Car 1.00 1.00 0 0 0 0 0 0 0 0 -1000.00 -1000.00 -1000.00 -1000.00 1.5488 2.0688 3.9961 -85.0733 1.9653 -53.6576 -1.5557 0.0032 0.0000 189 mini_cooperst
Car 1.00 1.00 0 0 0 0 0 0 0 0 -1000.00 -1000.00 -1000.00 -1000.00 1.6011 2.1072 4.7392 199.8775 1.9223 -71.6765 0.0180 0.0032 0.0000 190 toyota_prius
Car 1.00 1.00 0 0 0 0 0 0 0 0 -1000.00 -1000.00 -1000.00 -1000.00 1.3660 1.9896 4.9534 76.8686 2.1384 -1.6693 1.5951 0.0032 0.0000 191 mustang_mustang
Car 1.00 1.00 0 0 0 0 0 0 0 0 -1000.00 -1000.00 -1000.00 -1000.00 1.9476 2.0282 4.8347 -261.8945 1.6232 -153.9601 -1.5437 0.0078 0.0000 192 nissan_patrol
Pedestrian 1.00 1.00 0 0 0 0 0 0 0 0 -1000.00 -1000.00 -1000.00 -1000.00 1.9158 0.4880 0.7507 -270.1708 1.4255 -162.2325 1.5971 0.0032 0.0000 193 pedestrian_0019
Pedestrian 1.00 1.00 0 0 0 0 0 0 0 0 -1000.00 -1000.00 -1000.00 -1000.00 1.1330 0.4333 0.6667 -209.9850 1.5428 -158.0479 -1.1313 0.0032 0.0000 194 pedestrian_0010
Pedestrian 1.00 1.00 0 0 0 0 0 0 0 0 -1000.00 -1000.00 -1000.00 -1000.00 1.9158 0.4880 0.7489 119.6786 1.4218 -168.7006 -0.0717 0.0032 0.0000 195 pedestrian_0005
Pedestrian 1.00 1.00 0 0 0 0 0 0 0 0 -1000.00 -1000.00 -1000.00 -1000.00 1.9158 0.4880 0.5607 129.3991 1.4794 -133.5029 -1.6947 0.0032 0.0000 196 pedestrian_0003
Pedestrian 1.00 1.00 0 0 0 0 0 0 0 0 -1000.00 -1000.00 -1000.00 -1000.00 1.9158 0.4880 0.5607 166.1475 -8.4188 -119.4856 1.6300 0.0032 0.0000 197 pedestrian_0021
Pedestrian 1.00 1.00 0 0 0 0 0 0 0 0 -1000.00 -1000.00 -1000.00 -1000.00 1.9158 0.4880 0.7507 -255.5311 2.2188 85.8579 1.0358 0.0032 0.0000 198 pedestrian_0003
Pedestrian 1.00 1.00 0 0 0 0 0 0 0 0 -1000.00 -1000.00 -1000.00 -1000.00 1.9158 0.4880 0.4808 -241.0730 1.1531 -247.9812 -0.7733 0.0032 0.0000 199 pedestrian_0004
Pedestrian 1.00 1.00 0 0 0 0 0 0 0 0 -1000.00 -1000.00 -1000.00 -1000.00 1.9158 0.4880 0.7507 126.7527 1.8869 -68.8490 1.7754 0.0032 0.0000 200 pedestrian_0022
Pedestrian 1.00 1.00 0 0 0 0 0 0 0 0 -1000.00 -1000.00 -1000.00 -1000.00 1.3390 0.3253 0.4720 -94.3940 1.5536 -169.3828 -1.6191 0.0032 0.0000 201 pedestrian_0014
Pedestrian 1.00 1.00 0 0 0 0 0 0 0 0 -1000.00 -1000.00 -1000.00 -1000.00 1.9158 0.4880 0.4670 42.6334 1.9493 2.6131 -0.4318 0.0032 0.0000 202 pedestrian_0022
Pedestrian 1.00 1.00 0 0 0 0 0 0 0 0 -1000.00 -1000.00 -1000.00 -1000.00 1.9158 0.4880 0.5865 24.8827 1.7455 -54.8543 -3.1348 0.0032 0.0000 203 pedestrian_0023
Pedestrian 1.00 1.00 0 2 5 12 1 0 0 0 -1000.00 -1000.00 -1000.00 -1000.00 1.3390 0.3253 0.5005 6.0530 1.6033 -90.3725 1.6677 0.0032 0.0000 204 pedestrian_0012
Pedestrian 1.00 1.00 0 0 0 2 0 0 0 0 -1000.00 -1000.00 -1000.00 -1000.00 1.9158 0.4880 0.7507 -11.8590 1.5739 -166.8628 1.5971 0.0032 0.0000 205 pedestrian_0019
Pedestrian 0.00 0.23 9 16 25 201 0 0 5 0 1000.25 362.12 1009.24 394.45 1.9158 0.4880 0.4517 3.4177 2.0046 32.4509 -1.9710 0.0032 0.0000 206 pedestrian_0005
Pedestrian 1.00 1.00 0 0 0 0 0 0 0 0 -1000.00 -1000.00 -1000.00 -1000.00 1.9158 0.4880 0.4835 123.2236 1.7727 -59.0803 0.0644 0.0032 0.0000 207 pedestrian_0026
Pedestrian 1.00 1.00 0 0 0 0 0 0 0 0 -1000.00 -1000.00 -1000.00 -1000.00 1.9158 0.4880 0.7507 -73.7141 1.5866 -114.3524 -1.5540 0.0032 0.0000 208 pedestrian_0015
Pedestrian 0.00 1.00 0 0 0 0 0 0 0 0 592.61 364.08 594.73 369.22 1.3390 0.3253 0.3368 -94.9688 2.4069 144.8955 -0.0091 0.0032 0.0000 209 pedestrian_0014
Pedestrian 0.00 1.00 0 0 0 0 0 0 0 0 510.17 361.91 514.63 369.31 1.9158 0.4880 0.7507 -115.3348 2.4108 143.8061 0.0622 0.0032 0.0000 210 pedestrian_0016
Pedestrian 1.00 1.00 2 1 2 19 0 0 0 0 -1000.00 -1000.00 -1000.00 -1000.00 1.3390 0.3253 0.3277 59.3444 2.0458 29.7930 -1.8487 0.0032 0.0000 211 pedestrian_0012
Pedestrian 1.00 1.00 0 0 0 0 0 0 0 0 -1000.00 -1000.00 -1000.00 -1000.00 1.1330 0.4333 0.6609 63.2424 1.5922 -111.0834 1.5925 0.0032 0.0000 212 pedestrian_0009
Pedestrian 1.00 1.00 0 0 0 0 0 0 0 0 -1000.00 -1000.00 -1000.00 -1000.00 1.1330 0.4333 0.6667 144.3491 1.7773 -37.8018 1.5635 0.0032 0.0000 213 pedestrian_0010
Pedestrian 1.00 1.00 0 0 0 0 0 0 0 0 -1000.00 -1000.00 -1000.00 -1000.00 1.9158 0.4880 0.7507 -272.2326 1.8126 -40.8365 -1.5360 0.0032 0.0000 214 pedestrian_0021
Pedestrian 0.00 0.78 0 0 0 58 0 0 0 0 63.79 362.09 76.31 379.93 1.9158 0.4880 0.5463 -95.2710 2.1416 59.8312 -1.6493 0.0032 0.0000 215 pedestrian_0018
Pedestrian 1.00 1.00 0 0 0 0 0 0 0 0 -1000.00 -1000.00 -1000.00 -1000.00 1.9158 0.4880 0.4520 -267.7601 1.3562 -184.2699 -1.4340 0.0032 0.0000 216 pedestrian_0020
Pedestrian 1.00 1.00 0 0 0 0 0 0 0 0 -1000.00 -1000.00 -1000.00 -1000.00 1.9158 0.4880 0.7507 128.8377 1.4975 -127.8339 1.5845 0.0032 0.0000 217 pedestrian_0017
Pedestrian 1.00 1.00 0 0 0 0 0 0 0 0 -1000.00 -1000.00 -1000.00 -1000.00 1.9158 0.4880 0.7507 -40.2365 1.4082 -170.5974 3.1401 0.0032 0.0000 218 pedestrian_0007
Pedestrian 1.00 1.00 0 0 0 0 0 0 0 0 -1000.00 -1000.00 -1000.00 -1000.00 1.1330 0.4333 0.5346 -151.1917 1.8929 -61.5817 -0.0167 0.0032 0.0000 219 pedestrian_0010
Pedestrian 1.00 1.00 0 0 0 20 0 0 0 1 -1000.00 -1000.00 -1000.00 -1000.00 1.9158 0.4880 0.5240 71.1529 2.2143 32.0487 -2.9478 0.0032 0.0000 220 pedestrian_0023
Pedestrian 1.00 1.00 0 0 0 0 0 0 0 0 -1000.00 -1000.00 -1000.00 -1000.00 1.9158 0.4880 0.5235 86.4181 1.2060 -218.3021 -3.1264 0.0032 0.0000 221 pedestrian_0024
Pedestrian 1.00 1.00 0 0 0 0 0 0 0 0 -1000.00 -1000.00 -1000.00 -1000.00 1.1330 0.4333 0.3774 -196.7838 1.4624 -137.4236 -1.5688 0.0032 0.0000 222 pedestrian_0011
Pedestrian 1.00 1.00 0 0 0 0 0 0 0 0 -1000.00 -1000.00 -1000.00 -1000.00 1.9158 0.4880 0.7507 -270.4655 1.5809 -114.0711 -1.4855 0.0032 0.0000 223 pedestrian_0016
Pedestrian 1.00 1.00 0 0 0 0 0 0 0 0 -1000.00 -1000.00 -1000.00 -1000.00 1.9158 0.4880 0.7032 103.7368 -8.9624 -283.1983 0.1669 0.0032 0.0000 224 pedestrian_0017
Pedestrian 1.00 1.00 0 0 0 0 0 0 0 0 -1000.00 -1000.00 -1000.00 -1000.00 1.9158 0.4880 0.5524 165.8741 -8.4162 -118.7456 1.7303 0.0032 0.0000 225 pedestrian_0001
Pedestrian 1.00 1.00 0 0 0 0 0 0 0 0 -1000.00 -1000.00 -1000.00 -1000.00 1.9158 0.4880 0.7507 -189.0823 1.7242 -66.2215 -3.1271 0.0032 0.0000 226 pedestrian_0003
Pedestrian 1.00 1.00 0 0 0 0 0 0 0 0 -1000.00 -1000.00 -1000.00 -1000.00 1.9158 0.4880 0.7507 -157.5921 1.8704 -72.0808 -0.8503 0.0032 0.0000 227 pedestrian_0007
Pedestrian 1.00 1.00 0 0 0 0 0 0 0 0 -1000.00 -1000.00 -1000.00 -1000.00 1.1330 0.4333 0.6667 107.0579 1.7614 -58.8161 0.0938 0.0032 0.0000 228 pedestrian_0010
Pedestrian 1.00 1.00 0 0 0 0 0 0 0 0 -1000.00 -1000.00 -1000.00 -1000.00 1.1330 0.4333 0.5847 -73.9240 1.7598 -56.6783 1.2984 0.0032 0.0000 229 pedestrian_0010
Pedestrian 1.00 1.00 83 95 160 9530 25 0 0 18 -1000.00 -1000.00 -1000.00 -1000.00 1.3390 0.3253 0.4099 5.8105 1.8607 -9.9338 -1.2308 0.0032 0.0000 230 pedestrian_0013
Pedestrian 1.00 1.00 0 0 0 0 0 0 0 0 -1000.00 -1000.00 -1000.00 -1000.00 1.3390 0.3253 0.3823 201.5427 1.7177 -75.4510 -3.0131 0.0032 0.0000 231 pedestrian_0013
Pedestrian 1.00 1.00 0 0 0 0 0 0 0 0 -1000.00 -1000.00 -1000.00 -1000.00 1.9158 0.4880 0.7507 62.5930 1.5413 -131.1331 -1.5182 0.0032 0.0000 232 pedestrian_0020
Pedestrian 0.00 1.00 0 0 0 0 0 0 0 0 1571.92 361.71 1580.06 373.79 1.9158 0.4880 0.7422 98.7056 2.1871 88.0919 -0.0059 0.0032 0.0000 233 pedestrian_0021
Pedestrian 1.00 1.00 0 0 0 0 0 0 0 0 -1000.00 -1000.00 -1000.00 -1000.00 1.1330 0.4333 0.4562 -200.2026 1.7916 -33.6898 -1.5984 0.0032 0.0000 234 pedestrian_0009
Pedestrian 1.00 1.00 0 0 0 0 0 0 0 0 -1000.00 -1000.00 -1000.00 -1000.00 1.9158 0.4880 0.5026 224.2831 1.9381 -8.8967 -1.5443 0.0032 0.0000 235 pedestrian_0006
Pedestrian 1.00 1.00 0 0 0 0 0 0 0 0 -1000.00 -1000.00 -1000.00 -1000.00 1.1330 0.4333 0.5529 -65.6193 1.7435 -61.9323 -3.1260 0.0032 0.0000 236 pedestrian_0009
Pedestrian 1.00 1.00 0 0 0 0 0 0 0 0 -1000.00 -1000.00 -1000.00 -1000.00 1.9158 0.4880 0.7507 -88.3517 1.8341 -84.4311 0.1522 0.0032 0.0000 237 pedestrian_0026
Pedestrian 0.00 0.99 3 4 9 74 0 0 2 0 1055.21 361.62 1061.27 381.10 1.9158 0.4880 0.4290 10.5190 2.0765 54.8281 -2.0295 0.0032 0.0000 238 pedestrian_0021
Pedestrian 1.00 1.00 0 0 0 0 0 0 0 0 -1000.00 -1000.00 -1000.00 -1000.00 1.3390 0.3253 0.3968 61.5255 1.8561 -77.1251 1.6601 0.0032 0.0000 239 pedestrian_0012
Pedestrian 1.00 1.00 0 0 0 0 0 0 0 0 -1000.00 -1000.00 -1000.00 -1000.00 1.9158 0.4880 0.5302 -132.2653 1.0286 -287.9652 0.3459 0.0032 0.0000 240 pedestrian_0020
Pedestrian 1.00 1.00 0 0 0 0 0 0 0 0 -1000.00 -1000.00 -1000.00 -1000.00 1.1330 0.4333 0.6667 200.7517 -8.1174 -22.8550 -1.5605 0.0032 0.0000 241 pedestrian_0011
Pedestrian 1.00 1.00 0 0 0 0 0 0 0 0 -1000.00 -1000.00 -1000.00 -1000.00 1.9158 0.4880 0.6438 50.5279 1.4135 -170.2689 2.9873 0.0032 0.0000 242 pedestrian_0002
Pedestrian 1.00 1.00 0 0 0 0 0 0 0 0 -1000.00 -1000.00 -1000.00 -1000.00 1.3390 0.3253 0.3810 126.4577 1.5971 -94.0463 1.5664 0.0032 0.0000 243 pedestrian_0014
Pedestrian 1.00 1.00 0 0 0 0 0 0 0 0 -1000.00 -1000.00 -1000.00 -1000.00 1.9158 0.4880 0.6142 60.4860 1.9797 6.5249 -3.1269 0.0032 0.0000 244 pedestrian_0006
Pedestrian 1.00 1.00 0 0 0 0 0 0 0 0 -1000.00 -1000.00 -1000.00 -1000.00 1.9158 0.4880 0.6637 200.7232 -8.2093 -54.5783 -1.5536 0.0032 0.0000 245 pedestrian_0020
Pedestrian 1.00 1.00 0 0 0 0 0 0 0 0 -1000.00 -1000.00 -1000.00 -1000.00 1.9158 0.4880 0.7507 -67.6279 1.6965 -80.0924 0.0476 0.0032 0.0000 246 pedestrian_0022
Pedestrian 1.00 1.00 0 0 0 0 0 0 0 0 -1000.00 -1000.00 -1000.00 -1000.00 1.9158 0.4880 0.7306 -74.6058 1.3087 -201.1856 1.5610 0.0032 0.0000 247 pedestrian_0002
Pedestrian 1.00 1.00 0 0 0 0 0 0 0 0 -1000.00 -1000.00 -1000.00 -1000.00 1.9158 0.4880 0.7483 145.5803 1.5883 -99.6001 1.6105 0.0032 0.0000 248 pedestrian_0022
Pedestrian 1.00 1.00 0 0 0 0 0 0 0 0 -1000.00 -1000.00 -1000.00 -1000.00 1.9158 0.4880 0.7507 -57.0927 1.8374 -31.3189 1.6524 0.0032 0.0000 249 pedestrian_0006
Pedestrian 1.00 1.00 0 0 0 0 0 0 0 0 -1000.00 -1000.00 -1000.00 -1000.00 1.9158 0.4880 0.4818 84.5684 1.5698 -169.5622 3.0196 0.0032 0.0000 250 pedestrian_0019
Pedestrian 1.00 1.00 0 0 0 0 0 0 0 0 -1000.00 -1000.00 -1000.00 -1000.00 1.9158 0.4880 0.7507 -87.0422 2.1222 5.5881 -2.9405 0.0032 0.0000 251 pedestrian_0018
Pedestrian 1.00 1.00 0 0 0 0 0 0 0 0 -1000.00 -1000.00 -1000.00 -1000.00 1.9158 0.4880 0.7507 -271.4230 1.6571 -90.2768 -1.5185 0.0032 0.0000 252 pedestrian_0007
Pedestrian 1.00 1.00 0 0 0 0 0 0 0 0 -1000.00 -1000.00 -1000.00 -1000.00 1.9158 0.4880 0.6618 62.2067 1.4924 -145.7902 1.5689 0.0032 0.0000 253 pedestrian_0008
Pedestrian 1.00 1.00 0 0 0 0 0 0 0 0 -1000.00 -1000.00 -1000.00 -1000.00 1.9158 0.4880 0.5115 -252.7193 2.2326 90.1094 -2.3199 0.0032 0.0000 254 pedestrian_0022
Pedestrian 0.00 1.00 0 0 0 0 0 0 0 0 303.53 361.90 308.14 369.35 1.9158 0.4880 0.5899 -167.8796 2.4055 142.9156 0.2287 0.0032 0.0000 255 pedestrian_0024
Pedestrian 1.00 1.00 0 0 0 0 0 0 0 0 -1000.00 -1000.00 -1000.00 -1000.00 1.1330 0.4333 0.5854 208.6323 1.8167 -43.2676 -1.5368 0.0032 0.0000 256 pedestrian_0011
Pedestrian 1.00 1.00 0 0 0 0 0 0 0 0 -1000.00 -1000.00 -1000.00 -1000.00 1.9158 0.4880 0.7507 -146.1353 1.6681 -87.8189 -1.4728 0.0032 0.0000 257 pedestrian_0006
Pedestrian 1.00 1.00 0 0 0 0 0 0 0 0 -1000.00 -1000.00 -1000.00 -1000.00 1.9158 0.4880 0.7507 168.2827 1.4855 -149.4833 -3.0315 0.0032 0.0000 258 pedestrian_0005
Pedestrian 1.00 1.00 0 0 0 0 0 0 0 0 -1000.00 -1000.00 -1000.00 -1000.00 1.9158 0.4880 0.7507 58.3956 1.9610 0.7045 -1.9228 0.0032 0.0000 259 pedestrian_0003
Pedestrian 1.00 1.00 0 0 0 0 0 0 0 0 -1000.00 -1000.00 -1000.00 -1000.00 1.9158 0.4880 0.5560 166.2196 -8.4219 -120.5023 1.5562 0.0032 0.0000 260 pedestrian_0001
Pedestrian 1.00 1.00 0 0 0 0 0 0 0 0 -1000.00 -1000.00 -1000.00 -1000.00 1.3390 0.3253 0.5005 62.9900 1.5200 -134.5511 -1.4780 0.0032 0.0000 261 pedestrian_0014
Pedestrian 1.00 1.00 7 2 7 46 2 0 0 0 -1000.00 -1000.00 -1000.00 -1000.00 1.9158 0.4880 0.5869 -14.6244 1.7499 -60.7672 -2.8710 0.0032 0.0000 262 pedestrian_0020
Pedestrian 1.00 1.00 0 0 0 0 0 0 0 0 -1000.00 -1000.00 -1000.00 -1000.00 1.9158 0.4880 0.6221 -215.5985 1.9712 19.1008 -1.6411 0.0032 0.0000 263 pedestrian_0025
Pedestrian 1.00 1.00 0 0 0 0 0 0 0 0 -1000.00 -1000.00 -1000.00 -1000.00 1.9158 0.4880 0.7507 57.2734 2.1822 22.2069 -1.5456 0.0032 0.0000 264 pedestrian_0026
Pedestrian 1.00 1.00 0 0 0 0 0 0 0 0 -1000.00 -1000.00 -1000.00 -1000.00 1.9158 0.4880 0.7507 -137.8590 1.0290 -287.6667 -3.1260 0.0032 0.0000 265 pedestrian_0025
Pedestrian 1.00 1.00 0 0 0 0 0 0 0 0 -1000.00 -1000.00 -1000.00 -1000.00 1.3390 0.3253 0.4248 71.0041 1.4573 -200.2508 -3.0408 0.0032 0.0000 266 pedestrian_0013
Pedestrian 1.00 1.00 0 0 0 0 0 0 0 0 -1000.00 -1000.00 -1000.00 -1000.00 1.9158 0.4880 0.3755 86.9406 1.4053 -173.3634 1.8645 0.0032 0.0000 267 pedestrian_0015
Pedestrian 1.00 1.00 0 0 0 0 0 0 0 0 -1000.00 -1000.00 -1000.00 -1000.00 1.9158 0.4880 0.3922 126.6051 1.4440 -144.5395 2.9638 0.0032 0.0000 268 pedestrian_0021
Pedestrian 0.00 1.00 0 0 0 0 0 0 0 0 732.99 364.85 735.24 369.20 1.1330 0.4333 0.4221 -58.2738 2.4035 144.9499 -3.1015 0.0032 0.0000 269 pedestrian_0010
Pedestrian 1.00 1.00 11 12 21 162 1 0 0 0 -1000.00 -1000.00 -1000.00 -1000.00 1.9158 0.4880 0.4992 -14.3612 1.7920 -34.8338 1.5480 0.0032 0.0000 270 pedestrian_0023
Pedestrian 0.00 0.88 0 0 0 11 0 0 0 0 1089.20 366.82 1094.69 379.17 1.3390 0.3253 0.4970 15.2181 2.0867 60.5627 -2.5985 0.0032 0.0000 271 pedestrian_0013
Pedestrian 1.00 1.00 0 0 0 0 0 0 0 0 -1000.00 -1000.00 -1000.00 -1000.00 1.9158 0.4880 0.5875 -199.8450 1.0595 -277.6189 -0.4381 0.0032 0.0000 272 pedestrian_0016
Pedestrian 0.52 1.00 0 0 0 0 0 0 0 0 0.00 365.76 3.70 375.22 1.3390 0.3253 0.5005 -135.5720 2.1577 78.7171 0.0684 0.0032 0.0000 273 pedestrian_0014
Pedestrian 1.00 1.00 0 0 0 0 0 0 0 0 -1000.00 -1000.00 -1000.00 -1000.00 1.9158 0.4880 0.6241 -110.1185 1.4692 -150.5201 -0.0013 0.0032 0.0000 274 pedestrian_0019
Pedestrian 1.00 1.00 0 0 0 0 0 0 0 0 -1000.00 -1000.00 -1000.00 -1000.00 1.3390 0.3253 0.3555 18.2276 1.4031 -170.4158 -3.1168 0.0032 0.0000 275 pedestrian_0013
Pedestrian 1.00 1.00 0 0 0 0 0 0 0 0 -1000.00 -1000.00 -1000.00 -1000.00 1.9158 0.4880 0.7507 26.5791 1.4112 -170.6485 3.1347 0.0032 0.0000 276 pedestrian_0023
Pedestrian 1.00 1.00 0 0 0 0 0 0 0 0 -1000.00 -1000.00 -1000.00 -1000.00 1.1330 0.4333 0.6667 120.2603 1.7613 -59.0512 -0.1611 0.0032 0.0000 277 pedestrian_0011
Pedestrian 1.00 1.00 0 0 0 0 0 0 0 0 -1000.00 -1000.00 -1000.00 -1000.00 1.3390 0.3253 0.5005 111.7999 1.4111 -169.2897 0.0879 0.0032 0.0000 278 pedestrian_0012
Pedestrian 1.00 1.00 0 0 0 0 0 0 0 0 -1000.00 -1000.00 -1000.00 -1000.00 1.9158 0.4880 0.5248 0.5767 -4.6972 -249.3604 3.1416 0.0032 0.0000 279 pedestrian_0015
Pedestrian 1.00 1.00 0 0 0 0 0 0 0 0 -1000.00 -1000.00 -1000.00 -1000.00 1.9158 0.4880 0.7507 117.7880 2.1060 62.4722 -0.8306 0.0032 0.0000 280 pedestrian_0017
Pedestrian 1.00 1.00 0 0 0 0 0 0 0 0 -1000.00 -1000.00 -1000.00 -1000.00 1.9158 0.4880 0.7507 199.6886 -7.7643 42.5596 -1.5388 0.0032 0.0000 281 pedestrian_0005
Pedestrian 1.00 1.00 0 0 0 0 0 0 0 0 -1000.00 -1000.00 -1000.00 -1000.00 1.1330 0.4333 0.3664 84.5584 1.4696 -197.2992 -3.0429 0.0032 0.0000 282 pedestrian_0009
Pedestrian 1.00 1.00 0 0 0 0 0 0 0 0 -1000.00 -1000.00 -1000.00 -1000.00 1.1330 0.4333 0.3597 -95.7200 1.1739 -227.3677 0.5984 0.0032 0.0000 283 pedestrian_0009
Pedestrian 1.00 1.00 0 0 0 0 0 0 0 0 -1000.00 -1000.00 -1000.00 -1000.00 1.1330 0.4333 0.4144 208.4684 1.5649 -121.7060 1.5133 0.0032 0.0000 284 pedestrian_0009
Pedestrian 1.00 1.00 0 0 0 0 0 0 0 0 -1000.00 -1000.00 -1000.00 -1000.00 1.9158 0.4880 0.6255 -192.3677 1.3216 -185.0249 2.1534 0.0032 0.0000 285 pedestrian_0024
Pedestrian 1.00 1.00 0 0 0 0 0 0 0 0 -1000.00 -1000.00 -1000.00 -1000.00 1.9158 0.4880 0.4849 127.2551 1.6545 -79.3361 -1.4102 0.0032 0.0000 286 pedestrian_0023
Pedestrian 1.00 1.00 0 0 0 0 0 0 0 0 -1000.00 -1000.00 -1000.00 -1000.00 1.9158 0.4880 0.7507 -93.7736 1.8362 -36.0776 1.6000 0.0032 0.0000 287 pedestrian_0015
Pedestrian 1.00 1.00 0 0 0 0 0 0 0 0 -1000.00 -1000.00 -1000.00 -1000.00 1.9158 0.4880 0.3950 -5.2574 -3.9597 -249.7121 3.0879 0.0032 0.0000 288 pedestrian_0025
Pedestrian 0.00 1.00 0 0 0 0 0 0 0 0 1776.41 319.60 1781.29 325.39 1.1330 0.4333 0.4903 167.5952 -7.0709 112.8981 2.3299 0.0032 0.0000 289 pedestrian_0009
Pedestrian 1.00 1.00 0 0 0 0 0 0 0 0 -1000.00 -1000.00 -1000.00 -1000.00 1.9158 0.4880 0.7507 -154.9960 1.8319 -84.1549 -0.1151 0.0032 0.0000 290 pedestrian_0019
Pedestrian 1.00 1.00 0 0 0 0 0 0 0 0 -1000.00 -1000.00 -1000.00 -1000.00 1.9158 0.4880 0.7507 -208.7726 2.0414 41.6729 1.1221 0.0032 0.0000 291 pedestrian_0007
Pedestrian 1.00 1.00 0 0 0 0 0 0 0 0 -1000.00 -1000.00 -1000.00 -1000.00 1.9158 0.4880 0.7507 -272.2928 1.9508 2.3497 -1.5564 0.0032 0.0000 292 pedestrian_0021
Pedestrian 1.00 1.00 0 0 0 0 0 0 0 0 -1000.00 -1000.00 -1000.00 -1000.00 1.3390 0.3253 0.4470 110.3613 1.9823 9.2049 3.1124 0.0032 0.0000 293 pedestrian_0014
Pedestrian 0.00 1.00 0 0 0 0 0 0 0 0 997.64 340.69 1000.67 348.07 1.9158 0.4880 0.7475 11.0372 -3.1243 144.9127 0.0198 0.0032 0.0000 294 pedestrian_0002
Pedestrian 1.00 1.00 55 85 123 1158 0 10 0 0 -1000.00 -1000.00 -1000.00 -1000.00 1.9158 0.4880 0.6097 -14.1701 1.9253 7.9265 0.0298 0.0032 0.0000 295 pedestrian_0026
Pedestrian 1.00 1.00 471 558 879 7903 0 0 0 139 -1000.00 -1000.00 -1000.00 -1000.00 1.9158 0.4880 0.5750 5.5554 1.9003 0.2166 -1.6454 0.0032 0.0000 296 pedestrian_0020
Pedestrian 1.00 1.00 0 0 0 0 0 0 0 0 -1000.00 -1000.00 -1000.00 -1000.00 1.9158 0.4880 0.7286 33.2592 1.7652 -59.9475 -0.0474 0.0032 0.0000 297 pedestrian_0016
Pedestrian 1.00 1.00 0 0 0 0 0 0 0 0 -1000.00 -1000.00 -1000.00 -1000.00 1.9158 0.4880 0.7507 -111.6370 1.7507 -63.5998 -0.0324 0.0032 0.0000 298 pedestrian_0024
Pedestrian 0.00 1.00 0 0 0 0 0 0 0 0 1340.92 319.21 1345.17 329.04 1.9158 0.4880 0.5010 76.7279 -6.1518 109.8638 -0.0105 0.0032 0.0000 299 pedestrian_0001
Pedestrian 1.00 1.00 0 0 0 0 0 0 0 0 -1000.00 -1000.00 -1000.00 -1000.00 1.9158 0.4880 0.7507 13.1394 1.3100 -185.1550 2.0244 0.0032 0.0000 300 pedestrian_0025
Pedestrian 1.00 1.00 0 0 0 0 0 0 0 0 -1000.00 -1000.00 -1000.00 -1000.00 1.9158 0.4880 0.7507 -19.6688 1.4924 -129.1222 2.3788 0.0032 0.0000 301 pedestrian_0016
Pedestrian 1.00 1.00 0 0 0 0 0 0 0 0 -1000.00 -1000.00 -1000.00 -1000.00 1.9158 0.4880 0.5667 16.2012 1.7699 -58.3973 -2.4583 0.0032 0.0000 302 pedestrian_0006
Pedestrian 1.00 1.00 0 0 0 22 0 0 0 0 -1000.00 -1000.00 -1000.00 -1000.00 1.3390 0.3253 0.3001 58.4779 2.0461 29.9077 -2.6271 0.0032 0.0000 303 pedestrian_0012
Pedestrian 1.00 1.00 0 0 0 0 0 0 0 0 -1000.00 -1000.00 -1000.00 -1000.00 1.9158 0.4880 0.7507 -222.7729 1.1017 -264.6539 -0.6718 0.0032 0.0000 304 pedestrian_0024
Pedestrian 0.00 1.00 0 0 0 0 0 0 0 0 780.24 363.83 782.56 368.97 1.3390 0.3253 0.5005 -45.8171 2.3383 144.6670 3.1381 0.0032 0.0000 305 pedestrian_0013
Pedestrian 1.00 1.00 0 0 0 0 0 0 0 0 -1000.00 -1000.00 -1000.00 -1000.00 1.1330 0.4333 0.5550 -263.1867 2.1575 70.3749 -1.9488 0.0032 0.0000 306 pedestrian_0011
Pedestrian 1.00 1.00 0 0 0 0 0 0 0 0 -1000.00 -1000.00 -1000.00 -1000.00 1.9158 0.4880 0.6813 -83.4752 1.6175 -152.1742 -2.8628 0.0032 0.0000 307 pedestrian_0024
Pedestrian 1.00 1.00 0 0 0 0 0 0 0 0 -1000.00 -1000.00 -1000.00 -1000.00 1.9158 0.4880 0.3834 -273.1167 1.9643 6.5898 -2.1158 0.0032 0.0000 308 pedestrian_0004
Pedestrian 1.00 1.00 0 0 0 18 0 0 0 0 -1000.00 -1000.00 -1000.00 -1000.00 1.9158 0.4880 0.7163 43.1455 1.9875 9.1894 -3.0411 0.0032 0.0000 309 pedestrian_0019
Pedestrian 1.00 1.00 0 0 0 0 0 0 0 0 -1000.00 -1000.00 -1000.00 -1000.00 1.3390 0.3253 0.5005 144.0705 1.8724 -57.1834 -0.0001 0.0032 0.0000 310 pedestrian_0012
Pedestrian 1.00 1.00 0 0 0 0 0 0 0 0 -1000.00 -1000.00 -1000.00 -1000.00 1.9158 0.4880 0.5357 123.8055 1.4240 -168.0505 -2.9929 0.0032 0.0000 311 pedestrian_0022
Pedestrian 1.00 1.00 0 0 0 0 0 0 0 0 -1000.00 -1000.00 -1000.00 -1000.00 1.9158 0.4880 0.7507 87.3772 1.3611 -187.1819 -1.4424 0.0032 0.0000 312 pedestrian_0018
Pedestrian 1.00 1.00 0 0 0 0 0 0 0 0 -1000.00 -1000.00 -1000.00 -1000.00 1.9158 0.4880 0.6921 -134.7747 1.9255 -7.9735 0.8632 0.0032 0.0000 313 pedestrian_0022
Pedestrian 1.00 1.00 0 0 0 0 0 0 0 0 -1000.00 -1000.00 -1000.00 -1000.00 1.9158 0.4880 0.3891 37.3400 1.4749 -150.9013 2.4549 0.0032 0.0000 314 pedestrian_0005
Pedestrian 1.00 1.00 36 40 65 493 0 9 0 0 -1000.00 -1000.00 -1000.00 -1000.00 1.9158 0.4880 0.4790 -17.3995 1.9606 7.6696 0.2405 0.0032 0.0000 315 pedestrian_0018
Pedestrian 1.00 1.00 0 0 0 0 0 0 0 0 -1000.00 -1000.00 -1000.00 -1000.00 1.9158 0.4880 0.7104 -266.6515 2.1364 60.2732 -1.8089 0.0032 0.0000 316 pedestrian_0024
Pedestrian 1.00 1.00 1 3 3 19 1 0 0 0 -1000.00 -1000.00 -1000.00 -1000.00 1.9158 0.4880 0.6443 -32.2649 1.6970 -80.5900 -3.1241 0.0032 0.0000 317 pedestrian_0002
Pedestrian 1.00 1.00 0 0 0 0 0 0 0 0 -1000.00 -1000.00 -1000.00 -1000.00 1.3390 0.3253 0.3320 -94.7991 1.1783 -227.2933 0.6353 0.0032 0.0000 318 pedestrian_0013
Pedestrian 1.00 1.00 0 0 0 0 0 0 0 0 -1000.00 -1000.00 -1000.00 -1000.00 1.9158 0.4880 0.7507 -61.4254 1.5535 -123.1435 -0.0238 0.0032 0.0000 319 pedestrian_0018
Pedestrian 1.00 1.00 0 0 0 0 0 0 0 0 -1000.00 -1000.00 -1000.00 -1000.00 1.9158 0.4880 0.6989 -136.6912 1.5084 -137.8746 2.4595 0.0032 0.0000 320 pedestrian_0006
Pedestrian 1.00 1.00 0 0 0 0 0 0 0 0 -1000.00 -1000.00 -1000.00 -1000.00 1.9158 0.4880 0.7507 -103.7706 1.0326 -287.1255 0.0141 0.0032 0.0000 321 pedestrian_0021
Pedestrian 1.00 1.00 0 0 0 0 0 0 0 0 -1000.00 -1000.00 -1000.00 -1000.00 1.1330 0.4333 0.3991 -92.8941 1.6776 -82.0920 -0.7746 0.0032 0.0000 322 pedestrian_0010
Pedestrian 1.00 1.00 0 0 0 0 0 0 0 0 -1000.00 -1000.00 -1000.00 -1000.00 1.9158 0.4880 0.7507 68.6789 1.9235 -58.7878 -3.1414 0.0032 0.0000 323 pedestrian_0022
Pedestrian 1.00 1.00 0 0 0 0 0 0 0 0 -1000.00 -1000.00 -1000.00 -1000.00 1.9158 0.4880 0.7507 -50.9568 1.7538 -62.1754 3.1386 0.0032 0.0000 324 pedestrian_0015
Pedestrian 1.00 1.00 7 4 6 39 0 1 0 0 -1000.00 -1000.00 -1000.00 -1000.00 1.9158 0.4880 0.6099 -50.6911 1.9820 8.8687 -3.1171 0.0032 0.0000 325 pedestrian_0005
Pedestrian 1.00 1.00 0 0 0 0 0 0 0 0 -1000.00 -1000.00 -1000.00 -1000.00 1.9158 0.4880 0.6192 197.5897 -7.6670 55.3544 -1.3618 0.0032 0.0000 326 pedestrian_0006
Pedestrian 1.00 1.00 0 0 0 0 0 0 0 0 -1000.00 -1000.00 -1000.00 -1000.00 1.9158 0.4880 0.7507 198.1891 1.7819 -57.3078 -3.1332 0.0032 0.0000 327 pedestrian_0002
Pedestrian 1.00 1.00 0 0 0 0 0 0 0 0 -1000.00 -1000.00 -1000.00 -1000.00 1.9158 0.4880 0.6621 64.5186 2.1319 6.3818 -3.0299 0.0032 0.0000 328 pedestrian_0015
Pedestrian 0.00 1.00 0 0 0 0 0 0 0 0 356.60 361.90 361.64 369.34 1.9158 0.4880 0.7507 -154.2922 2.4066 143.0563 -3.0902 0.0032 0.0000 329 pedestrian_0005
Pedestrian 1.00 1.00 0 0 0 0 0 0 0 0 -1000.00 -1000.00 -1000.00 -1000.00 1.1330 0.4333 0.5746 -144.1058 1.0159 -288.3689 -0.3811 0.0032 0.0000 330 pedestrian_0010
Pedestrian 0.00 0.81 4 4 5 148 0 0 2 0 1804.46 362.42 1828.43 391.94 1.9158 0.4880 0.6946 56.9571 2.0750 36.3445 1.5415 0.0032 0.0000 331 pedestrian_0001
Pedestrian 1.00 1.00 0 0 0 0 0 0 0 0 -1000.00 -1000.00 -1000.00 -1000.00 1.9158 0.4880 0.3819 -93.8327 1.9514 -0.0693 0.2040 0.0032 0.0000 332 pedestrian_0017
Pedestrian 1.00 1.00 0 0 0 0 0 0 0 0 -1000.00 -1000.00 -1000.00 -1000.00 1.9158 0.4880 0.5857 -69.6538 1.6977 -80.9313 -0.0245 0.0032 0.0000 333 pedestrian_0023
Pedestrian 0.00 1.00 0 0 1 0 0 0 0 0 16.14 367.67 25.87 380.88 1.3390 0.3253 0.3868 -94.9931 2.1233 56.5421 -1.5383 0.0032 0.0000 334 pedestrian_0013
Pedestrian 1.00 1.00 0 0 0 0 0 0 0 0 -1000.00 -1000.00 -1000.00 -1000.00 1.9158 0.4880 0.7507 -101.2051 1.1868 -228.4422 0.0204 0.0032 0.0000 335 pedestrian_0019
Pedestrian 0.00 0.06 140 154 237 2333 0 0 51 0 791.20 369.46 824.80 491.33 1.9158 0.4880 0.5102 -1.6094 2.0817 9.0087 1.1451 0.0032 0.0000 336 pedestrian_0017
Pedestrian 1.00 1.00 0 0 0 0 0 0 0 0 -1000.00 -1000.00 -1000.00 -1000.00 1.9158 0.4880 0.4585 -133.3354 1.0280 -288.2189 0.1735 0.0032 0.0000 337 pedestrian_0025
Pedestrian 1.00 1.00 0 0 0 0 0 0 0 0 -1000.00 -1000.00 -1000.00 -1000.00 1.9158 0.4880 0.7507 131.5063 -8.9303 -275.6555 -2.8010 0.0032 0.0000 338 pedestrian_0006
Pedestrian 1.00 1.00 0 0 0 0 0 0 0 0 -1000.00 -1000.00 -1000.00 -1000.00 1.1330 0.4333 0.4457 87.8943 -8.8623 -247.9801 -3.1185 0.0032 0.0000 339 pedestrian_0011
Pedestrian 1.00 1.00 0 0 0 0 0 0 0 0 -1000.00 -1000.00 -1000.00 -1000.00 1.1330 0.4333 0.5597 123.8436 2.1667 19.9537 -1.4593 0.0032 0.0000 340 pedestrian_0011
Pedestrian 1.00 1.00 0 0 0 0 0 0 0 0 -1000.00 -1000.00 -1000.00 -1000.00 1.3390 0.3253 0.2868 208.1718 1.6316 -102.4229 -1.5545 0.0032 0.0000 341 pedestrian_0013
Pedestrian 1.00 1.00 0 0 0 0 0 0 0 0 -1000.00 -1000.00 -1000.00 -1000.00 1.9158 0.4880 0.7349 -69.9346 1.6980 -80.1766 0.3226 0.0032 0.0000 342 pedestrian_0007
Pedestrian 1.00 1.00 0 0 0 0 0 0 0 0 -1000.00 -1000.00 -1000.00 -1000.00 1.9158 0.4880 0.7507 48.6775 1.7666 -59.8969 -3.0977 0.0032 0.0000 343 pedestrian_0021
Pedestrian 1.00 1.00 0 0 0 0 0 0 0 0 -1000.00 -1000.00 -1000.00 -1000.00 1.1330 0.4333 0.6148 200.5429 -8.1835 -43.1653 -1.5670 0.0032 0.0000 344 pedestrian_0010
Pedestrian 0.00 0.03 42 53 80 995 0 0 16 0 1009.58 368.10 1033.28 431.90 1.9158 0.4880 0.5286 2.6018 2.1134 16.2860 -1.0845 0.0032 0.0000 345 pedestrian_0021
Pedestrian 0.00 1.00 0 0 0 0 0 0 0 0 1725.85 366.59 1731.98 377.71 1.3390 0.3253 0.3139 93.8884 2.1390 67.0990 -2.9746 0.0032 0.0000 346 pedestrian_0014
Pedestrian 1.00 1.00 0 0 0 0 0 0 0 0 -1000.00 -1000.00 -1000.00 -1000.00 1.9158 0.4880 0.5710 -72.1497 1.8872 -68.0809 -1.7270 0.0032 0.0000 347 pedestrian_0023
Pedestrian 1.00 1.00 0 0 0 0 0 0 0 0 -1000.00 -1000.00 -1000.00 -1000.00 1.9158 0.4880 0.7507 77.2521 1.9247 -58.5580 -3.1296 0.0032 0.0000 348 pedestrian_0008
Pedestrian 1.00 1.00 0 0 0 0 0 0 0 0 -1000.00 -1000.00 -1000.00 -1000.00 1.9158 0.4880 0.7507 -273.3331 2.0057 19.5308 1.4716 0.0032 0.0000 349 pedestrian_0006
Pedestrian 1.00 1.00 0 0 0 0 0 0 0 0 -1000.00 -1000.00 -1000.00 -1000.00 1.9158 0.4880 0.4213 128.1820 1.4719 -135.8240 -1.5302 0.0032 0.0000 350 pedestrian_0022
Pedestrian 1.00 1.00 0 0 0 0 0 0 0 0 -1000.00 -1000.00 -1000.00 -1000.00 1.9158 0.4880 0.7507 75.7952 1.5663 -170.5326 -0.0013 0.0032 0.0000 351 pedestrian_0023
Pedestrian 1.00 1.00 0 0 0 0 0 0 0 0 -1000.00 -1000.00 -1000.00 -1000.00 1.9158 0.4880 0.7399 102.9041 1.4138 -170.9704 -3.0908 0.0032 0.0000 352 pedestrian_0006
Pedestrian 1.00 1.00 0 0 0 0 0 0 0 0 -1000.00 -1000.00 -1000.00 -1000.00 1.9158 0.4880 0.7507 61.9468 1.5361 -132.1209 1.6751 0.0032 0.0000 353 pedestrian_0024
Pedestrian 0.00 1.00 0 0 0 0 0 0 0 0 292.37 364.89 297.09 369.32 1.1330 0.4333 0.6435 -170.0956 2.3903 142.3775 0.2011 0.0032 0.0000 354 pedestrian_0011
Pedestrian 1.00 1.00 0 0 0 0 0 0 0 0 -1000.00 -1000.00 -1000.00 -1000.00 1.9158 0.4880 0.6407 107.5383 1.9943 9.9019 3.0765 0.0032 0.0000 355 pedestrian_0017
Pedestrian 1.00 1.00 0 0 0 0 0 0 0 0 -1000.00 -1000.00 -1000.00 -1000.00 1.3390 0.3253 0.2873 164.9939 -8.1276 -25.9002 -1.6013 0.0032 0.0000 356 pedestrian_0012
Pedestrian 1.00 1.00 0 0 0 0 0 0 0 0 -1000.00 -1000.00 -1000.00 -1000.00 1.9158 0.4880 0.4048 -175.2475 1.0332 -285.8660 2.9868 0.0032 0.0000 357 pedestrian_0020
Pedestrian 1.00 1.00 2 3 6 22 2 0 0 0 -1000.00 -1000.00 -1000.00 -1000.00 1.9158 0.4880 0.7046 6.1772 1.6749 -79.8847 1.1740 0.0032 0.0000 358 pedestrian_0017
Pedestrian 1.00 1.00 44 32 68 457 0 7 0 0 -1000.00 -1000.00 -1000.00 -1000.00 1.9158 0.4880 0.4864 -19.7687 1.9848 9.4097 3.1135 0.0032 0.0000 359 pedestrian_0025
Pedestrian 1.00 1.00 0 0 0 0 0 0 0 0 -1000.00 -1000.00 -1000.00 -1000.00 1.3390 0.3253 0.5005 -268.6557 1.3604 -180.6511 -1.4893 0.0032 0.0000 360 pedestrian_0013
Pedestrian 1.00 1.00 0 0 0 0 0 0 0 0 -1000.00 -1000.00 -1000.00 -1000.00 1.3390 0.3253 0.5005 -182.8475 1.0314 -284.2979 -0.3306 0.0032 0.0000 361 pedestrian_0013
Pedestrian 1.00 1.00 0 0 0 6 0 0 0 1 -1000.00 -1000.00 -1000.00 -1000.00 1.3390 0.3253 0.3241 87.8214 2.0438 28.7547 2.8623 0.0032 0.0000 362 pedestrian_0013
Pedestrian 1.00 1.00 0 0 0 0 1 0 0 0 -1000.00 -1000.00 -1000.00 -1000.00 1.1330 0.4333 0.6667 7.2221 1.4639 -133.5087 1.6251 0.0032 0.0000 363 pedestrian_0011
Pedestrian 1.00 1.00 0 0 0 0 1 0 0 0 -1000.00 -1000.00 -1000.00 -1000.00 1.3390 0.3253 0.4059 1.8596 1.4957 -172.1742 -0.2048 0.0032 0.0000 364 pedestrian_0012
Pedestrian 1.00 1.00 0 0 0 0 0 0 0 0 -1000.00 -1000.00 -1000.00 -1000.00 1.9158 0.4880 0.5226 125.0401 2.1570 24.1627 -1.6415 0.0032 0.0000 365 pedestrian_0023
Pedestrian 1.00 1.00 0 0 0 0 0 0 0 0 -1000.00 -1000.00 -1000.00 -1000.00 1.9158 0.4880 0.5574 -169.0620 2.1427 71.3312 0.2991 0.0032 0.0000 366 pedestrian_0005
Pedestrian 1.00 1.00 0 0 0 0 0 0 0 0 -1000.00 -1000.00 -1000.00 -1000.00 1.9158 0.4880 0.5503 -191.8782 1.3229 -184.5879 2.0780 0.0032 0.0000 367 pedestrian_0021
Pedestrian 1.00 1.00 0 0 0 0 0 0 0 0 -1000.00 -1000.00 -1000.00 -1000.00 1.1330 0.4333 0.4254 -176.3153 1.7169 -65.0157 -0.0572 0.0032 0.0000 368 pedestrian_0010
Pedestrian 1.00 1.00 0 0 0 0 0 0 0 0 -1000.00 -1000.00 -1000.00 -1000.00 1.9158 0.4880 0.6670 -72.1118 1.5610 -122.8479 -0.3248 0.0032 0.0000 369 pedestrian_0020
Pedestrian 1.00 1.00 0 0 0 0 0 0 0 0 -1000.00 -1000.00 -1000.00 -1000.00 1.3390 0.3253 0.4356 19.0894 1.6954 -78.8497 0.0065 0.0032 0.0000 370 pedestrian_0012
Pedestrian 1.00 1.00 0 3 4 7 0 0 0 0 -1000.00 -1000.00 -1000.00 -1000.00 1.9158 0.4880 0.6597 80.2141 2.2187 33.2820 -2.8559 0.0032 0.0000 371 pedestrian_0015
Pedestrian 1.00 1.00 0 0 0 0 0 0 0 0 -1000.00 -1000.00 -1000.00 -1000.00 1.9158 0.4880 0.7507 61.1487 1.6213 -105.5054 1.5977 0.0032 0.0000 372 pedestrian_0007
Pedestrian 1.00 1.00 0 0 0 0 0 0 0 0 -1000.00 -1000.00 -1000.00 -1000.00 1.9158 0.4880 0.6352 -272.1151 1.6560 -90.4421 1.5725 0.0032 0.0000 373 pedestrian_0008
Pedestrian 1.00 1.00 0 0 0 0 0 0 0 0 -1000.00 -1000.00 -1000.00 -1000.00 1.9158 0.4880 0.5657 144.9952 1.7338 -54.2544 -1.5459 0.0032 0.0000 374 pedestrian_0020
Pedestrian 1.00 1.00 0 0 0 0 0 0 0 0 -1000.00 -1000.00 -1000.00 -1000.00 1.9158 0.4880 0.5399 -83.8280 1.5553 -171.5974 0.3867 0.0032 0.0000 375 pedestrian_0015
Pedestrian 1.00 1.00 0 0 0 0 0 0 0 0 -1000.00 -1000.00 -1000.00 -1000.00 1.3390 0.3253 0.3307 -92.0040 1.6817 -82.4244 -0.1561 0.0032 0.0000 376 pedestrian_0012
Pedestrian 1.00 1.00 0 0 0 0 0 0 0 0 -1000.00 -1000.00 -1000.00 -1000.00 1.9158 0.4880 0.4400 90.7026 1.4053 -172.7050 0.6416 0.0032 0.0000 377 pedestrian_0017
Pedestrian 1.00 1.00 0 0 0 0 0 0 0 0 -1000.00 -1000.00 -1000.00 -1000.00 1.9158 0.4880 0.7507 86.3385 1.9116 -62.7724 1.4922 0.0032 0.0000 378 pedestrian_0025
Pedestrian 1.00 1.00 0 0 0 19 0 0 0 0 -1000.00 -1000.00 -1000.00 -1000.00 1.1330 0.4333 0.6667 61.1882 2.2034 32.3486 2.9672 0.0032 0.0000 379 pedestrian_0009
Pedestrian 1.00 1.00 0 0 0 0 0 0 0 0 -1000.00 -1000.00 -1000.00 -1000.00 1.9158 0.4880 0.6040 69.6777 1.5693 -169.4929 -3.1112 0.0032 0.0000 380 pedestrian_0002
Pedestrian 1.00 1.00 0 0 0 0 0 0 0 0 -1000.00 -1000.00 -1000.00 -1000.00 1.3390 0.3253 0.3966 -142.6730 1.0170 -288.8037 -0.3085 0.0032 0.0000 381 pedestrian_0013
Pedestrian 1.00 1.00 0 0 0 0 0 0 0 0 -1000.00 -1000.00 -1000.00 -1000.00 1.3390 0.3253 0.5005 124.5977 1.2922 -188.6092 -2.0773 0.0032 0.0000 382 pedestrian_0012
Pedestrian 0.00 1.00 0 0 0 0 0 0 0 0 1358.17 368.57 1365.94 378.34 1.1330 0.4333 0.6035 47.9009 2.1406 64.9308 -2.9939 0.0032 0.0000 383 pedestrian_0010
Pedestrian 1.00 1.00 0 0 0 0 0 0 0 0 -1000.00 -1000.00 -1000.00 -1000.00 1.3390 0.3253 0.3539 -257.8088 1.2312 -220.8503 -1.1884 0.0032 0.0000 384 pedestrian_0013
Pedestrian 1.00 1.00 0 0 0 0 0 0 0 0 -1000.00 -1000.00 -1000.00 -1000.00 1.9158 0.4880 0.7507 53.5436 1.9936 10.9610 -2.8054 0.0032 0.0000 385 pedestrian_0015
Pedestrian 1.00 1.00 0 0 0 0 0 0 0 0 -1000.00 -1000.00 -1000.00 -1000.00 1.9158 0.4880 0.7507 -96.0644 2.1469 13.4161 -1.5368 0.0032 0.0000 386 pedestrian_0018
Pedestrian 1.00 1.00 0 0 0 0 0 0 0 0 -1000.00 -1000.00 -1000.00 -1000.00 1.3390 0.3253 0.4716 -102.7330 1.0198 -288.5742 -0.1479 0.0032 0.0000 387 pedestrian_0013
Pedestrian 1.00 1.00 0 0 0 0 0 0 0 0 -1000.00 -1000.00 -1000.00 -1000.00 1.9158 0.4880 0.7507 173.8379 1.4888 -148.5594 0.0033 0.0032 0.0000 388 pedestrian_0022
Pedestrian 1.00 1.00 0 0 0 0 0 0 0 0 -1000.00 -1000.00 -1000.00 -1000.00 1.9158 0.4880 0.7507 -271.8035 1.7721 -53.4993 -1.5353 0.0032 0.0000 389 pedestrian_0003
Pedestrian 1.00 1.00 0 0 0 0 0 0 0 0 -1000.00 -1000.00 -1000.00 -1000.00 1.9158 0.4880 0.7507 -102.1701 1.0325 -287.2402 -0.1567 0.0032 0.0000 390 pedestrian_0021
Pedestrian 1.00 1.00 5 6 12 23 0 0 0 0 -1000.00 -1000.00 -1000.00 -1000.00 1.9158 0.4880 0.7507 -48.9795 2.0403 27.0605 -3.1160 0.0032 0.0000 391 pedestrian_0016
Pedestrian 1.00 1.00 0 0 0 0 0 0 0 0 -1000.00 -1000.00 -1000.00 -1000.00 1.9158 0.4880 0.7302 -178.4022 1.0342 -285.2068 -0.2060 0.0032 0.0000 392 pedestrian_0005
Pedestrian 1.00 1.00 0 0 0 0 0 0 0 0 -1000.00 -1000.00 -1000.00 -1000.00 1.9158 0.4880 0.4774 156.1663 -8.7082 -209.3924 -2.0517 0.0032 0.0000 393 pedestrian_0026
Pedestrian 1.00 1.00 0 0 0 0 0 0 0 0 -1000.00 -1000.00 -1000.00 -1000.00 1.9158 0.4880 0.7507 128.3083 1.5784 -102.5508 1.6433 0.0032 0.0000 394 pedestrian_0022
Pedestrian 1.00 1.00 0 0 0 0 0 0 0 0 -1000.00 -1000.00 -1000.00 -1000.00 1.1330 0.4333 0.5256 166.2674 -8.4408 -122.6882 1.5780 0.0032 0.0000 395 pedestrian_0010
Pedestrian 0.00 1.00 0 0 0 0 0 0 0 0 1889.81 361.71 1901.98 375.57 1.9158 0.4880 0.7507 130.8470 2.1532 77.0166 -0.7562 0.0032 0.0000 396 pedestrian_0006
Pedestrian 1.00 1.00 0 0 0 0 0 0 0 0 -1000.00 -1000.00 -1000.00 -1000.00 1.3390 0.3253 0.4566 -74.3081 1.8714 -22.5799 -1.6655 0.0032 0.0000 397 pedestrian_0012
Pedestrian 1.00 1.00 0 0 0 0 0 0 0 0 -1000.00 -1000.00 -1000.00 -1000.00 1.1330 0.4333 0.3901 128.2185 1.4660 -134.1228 -1.6810 0.0032 0.0000 398 pedestrian_0010
Pedestrian 1.00 1.00 0 4 5 20 0 0 0 0 -1000.00 -1000.00 -1000.00 -1000.00 1.9158 0.4880 0.7507 -73.2878 2.1461 12.8390 1.7385 0.0032 0.0000 399 pedestrian_0007
Pedestrian 1.00 1.00 0 0 0 0 0 0 0 0 -1000.00 -1000.00 -1000.00 -1000.00 1.9158 0.4880 0.6437 191.8797 -7.4941 75.8518 2.0392 0.0032 0.0000 400 pedestrian_0001
Pedestrian 1.00 1.00 0 0 0 0 0 0 0 0 -1000.00 -1000.00 -1000.00 -1000.00 1.9158 0.4880 0.7507 120.7086 1.7765 -57.8554 3.1334 0.0032 0.0000 401 pedestrian_0016
Pedestrian 1.00 1.00 0 0 0 0 0 0 0 0 -1000.00 -1000.00 -1000.00 -1000.00 1.9158 0.4880 0.7507 -271.1691 1.7032 -75.0301 1.5882 0.0032 0.0000 402 pedestrian_0021
Pedestrian 1.00 1.00 2 5 6 36 1 0 0 0 -1000.00 -1000.00 -1000.00 -1000.00 1.9158 0.4880 0.6160 -6.5466 1.8705 -58.4037 -0.1220 0.0032 0.0000 403 pedestrian_0006
Pedestrian 1.00 1.00 0 0 0 0 0 0 0 0 -1000.00 -1000.00 -1000.00 -1000.00 1.9158 0.4880 0.7507 -37.0912 1.7374 -56.4470 2.9895 0.0032 0.0000 404 pedestrian_0023
Pedestrian 1.00 1.00 0 0 0 0 0 0 0 0 -1000.00 -1000.00 -1000.00 -1000.00 1.1330 0.4333 0.6103 60.5006 1.9086 -12.1359 -1.5519 0.0032 0.0000 405 pedestrian_0011
Pedestrian 0.00 0.10 10 16 22 442 0 0 0 0 1375.80 364.01 1390.23 400.55 1.9158 0.4880 0.5282 22.7921 2.0495 28.8607 -2.9872 0.0032 0.0000 406 pedestrian_0004
Pedestrian 1.00 1.00 0 0 0 0 0 0 0 0 -1000.00 -1000.00 -1000.00 -1000.00 1.9158 0.4880 0.4964 83.1149 1.5642 -171.2865 3.1331 0.0032 0.0000 407 pedestrian_0026
Pedestrian 1.00 1.00 0 0 0 0 0 0 0 0 -1000.00 -1000.00 -1000.00 -1000.00 1.3390 0.3253 0.3767 145.6643 2.1876 25.3722 -1.5393 0.0032 0.0000 408 pedestrian_0013
Pedestrian 1.00 1.00 0 0 0 0 0 0 0 0 -1000.00 -1000.00 -1000.00 -1000.00 1.1330 0.4333 0.5859 -110.1032 1.4530 -152.0284 -0.2343 0.0032 0.0000 409 pedestrian_0010
Pedestrian 0.00 1.00 0 0 0 0 0 0 0 0 1810.50 361.74 1819.19 374.92 1.9158 0.4880 0.5168 125.5959 2.1697 80.9126 -0.5116 0.0032 0.0000 410 pedestrian_0020
Pedestrian 1.00 1.00 0 0 0 0 0 0 0 0 -1000.00 -1000.00 -1000.00 -1000.00 1.9158 0.4880 0.7297 -73.6285 1.8529 -78.7752 -1.4789 0.0032 0.0000 411 pedestrian_0025
Pedestrian 1.00 1.00 0 0 0 0 0 0 0 0 -1000.00 -1000.00 -1000.00 -1000.00 1.1330 0.4333 0.6660 70.3230 2.1141 4.2876 0.0712 0.0032 0.0000 412 pedestrian_0010
Pedestrian 1.00 1.00 0 0 0 0 0 0 0 0 -1000.00 -1000.00 -1000.00 -1000.00 1.9158 0.4880 0.7507 63.0002 1.5486 -128.2322 -1.5453 0.0032 0.0000 413 pedestrian_0015
Pedestrian 1.00 1.00 0 0 0 0 0 0 0 0 -1000.00 -1000.00 -1000.00 -1000.00 1.1330 0.4333 0.6667 62.5369 1.5992 -108.8505 -1.5964 0.0032 0.0000 414 pedestrian_0011
Pedestrian 1.00 1.00 0 0 0 0 0 0 0 0 -1000.00 -1000.00 -1000.00 -1000.00 1.9158 0.4880 0.5912 55.3792 1.7042 -79.5068 -2.8761 0.0032 0.0000 415 pedestrian_0025
Pedestrian 1.00 1.00 0 0 0 0 0 0 0 0 -1000.00 -1000.00 -1000.00 -1000.00 1.1330 0.4333 0.6484 166.2607 -8.4636 -129.7383 1.5865 0.0032 0.0000 416 pedestrian_0009
Pedestrian 0.00 1.00 0 0 0 0 0 0 0 0 1517.78 315.78 1524.43 325.98 1.9158 0.4880 0.7507 108.7859 -6.5687 106.6660 2.9168 0.0032 0.0000 417 pedestrian_0026
Pedestrian 1.00 1.00 0 0 0 0 0 0 0 0 -1000.00 -1000.00 -1000.00 -1000.00 1.9158 0.4880 0.7507 -270.9080 1.6844 -81.4082 1.5918 0.0032 0.0000 418 pedestrian_0019
Pedestrian 1.00 1.00 0 0 0 0 0 0 0 0 -1000.00 -1000.00 -1000.00 -1000.00 1.9158 0.4880 0.7507 -93.1665 1.7823 -53.4167 -1.4045 0.0032 0.0000 419 pedestrian_0018
Pedestrian 1.00 1.00 0 0 0 0 0 0 0 0 -1000.00 -1000.00 -1000.00 -1000.00 1.9158 0.4880 0.6483 -178.7229 1.0376 -284.4604 -0.1504 0.0032 0.0000 420 pedestrian_0026
Pedestrian 1.00 1.00 0 0 0 0 0 0 0 0 -1000.00 -1000.00 -1000.00 -1000.00 1.9158 0.4880 0.7507 146.5777 1.5283 -118.4807 1.5774 0.0032 0.0000 421 pedestrian_0005
Pedestrian 1.00 1.00 0 0 1 43 0 0 0 0 -1000.00 -1000.00 -1000.00 -1000.00 1.9158 0.4880 0.7507 56.9249 2.1561 14.0689 -1.4962 0.0032 0.0000 422 pedestrian_0021
Pedestrian 1.00 1.00 0 0 0 0 0 0 0 0 -1000.00 -1000.00 -1000.00 -1000.00 1.9158 0.4880 0.6570 75.9720 1.5634 -171.4380 -0.0004 0.0032 0.0000 423 pedestrian_0025
Pedestrian 1.00 1.00 0 0 0 0 0 0 0 0 -1000.00 -1000.00 -1000.00 -1000.00 1.9158 0.4880 0.4770 126.5384 1.5429 -113.6307 1.5522 0.0032 0.0000 424 pedestrian_0008
Pedestrian 0.00 0.13 20 15 24 310 0 0 2 0 1243.09 362.32 1254.00 396.99 1.9158 0.4880 0.4563 17.0277 2.0543 31.0905 -0.1200 0.0032 0.0000 425 pedestrian_0018
Pedestrian 1.00 1.00 0 0 0 2 0 0 0 0 -1000.00 -1000.00 -1000.00 -1000.00 1.9158 0.4880 0.7507 -46.5282 1.5370 -123.2573 3.1176 0.0032 0.0000 426 pedestrian_0020
Pedestrian 1.00 1.00 0 0 0 0 0 0 0 0 -1000.00 -1000.00 -1000.00 -1000.00 1.3390 0.3253 0.4206 47.1471 1.4059 -169.9648 3.1333 0.0032 0.0000 427 pedestrian_0012
Pedestrian 1.00 1.00 0 0 0 0 0 0 0 0 -1000.00 -1000.00 -1000.00 -1000.00 1.1330 0.4333 0.4304 127.2409 1.6375 -81.2759 -1.5540 0.0032 0.0000 428 pedestrian_0011
Pedestrian 1.00 1.00 0 0 0 0 0 0 0 0 -1000.00 -1000.00 -1000.00 -1000.00 1.9158 0.4880 0.4430 -94.3532 1.2743 -211.0705 1.4993 0.0032 0.0000 429 pedestrian_0006
Pedestrian 1.00 1.00 0 0 0 0 0 0 0 0 -1000.00 -1000.00 -1000.00 -1000.00 1.9158 0.4880 0.6322 86.7930 2.1682 17.4110 -1.4834 0.0032 0.0000 430 pedestrian_0021
Pedestrian 0.00 0.00 276 320 504 12154 0 0 67 0 1235.20 366.20 1328.80 559.80 1.9158 0.4880 0.7066 4.0036 1.9182 5.4491 -1.1614 0.0032 0.0000 431 pedestrian_0026
Pedestrian 1.00 1.00 0 0 0 0 0 0 0 0 -1000.00 -1000.00 -1000.00 -1000.00 1.9158 0.4880 0.7507 149.4321 -7.3141 77.6732 2.1436 0.0032 0.0000 432 pedestrian_0026
Pedestrian 1.00 1.00 0 0 0 0 0 0 0 0 -1000.00 -1000.00 -1000.00 -1000.00 1.9158 0.4880 0.4733 -73.2357 1.8610 -76.2505 -1.6445 0.0032 0.0000 433 pedestrian_0002
Pedestrian 1.00 1.00 0 0 0 0 0 0 0 0 -1000.00 -1000.00 -1000.00 -1000.00 1.9158 0.4880 0.7507 130.4203 1.5392 -170.3720 -0.3466 0.0032 0.0000 434 pedestrian_0001
Pedestrian 1.00 1.00 0 0 0 0 0 0 0 0 -1000.00 -1000.00 -1000.00 -1000.00 1.9158 0.4880 0.7507 62.9728 -8.9779 -285.0042 0.0258 0.0032 0.0000 435 pedestrian_0022
Pedestrian 0.00 1.00 0 0 0 0 0 0 0 0 1580.66 362.29 1592.83 383.89 1.9158 0.4880 0.5229 56.7248 2.1207 49.4558 -1.5570 0.0032 0.0000 436 pedestrian_0005
Pedestrian 1.00 1.00 0 0 0 0 0 0 0 0 -1000.00 -1000.00 -1000.00 -1000.00 1.3390 0.3253 0.5005 176.7975 1.7709 -57.8140 -3.1346 0.0032 0.0000 437 pedestrian_0013
Pedestrian 1.00 1.00 0 0 0 0 0 0 0 0 -1000.00 -1000.00 -1000.00 -1000.00 1.1330 0.4333 0.4568 -143.4495 1.0164 -287.9485 3.0860 0.0032 0.0000 438 pedestrian_0011
Pedestrian 0.00 1.00 0 0 0 0 0 0 0 0 1140.06 361.67 1147.57 377.83 1.9158 0.4880 0.7507 22.7237 2.1145 66.1023 0.5833 0.0032 0.0000 439 pedestrian_0006
Pedestrian 0.00 1.00 0 0 0 0 0 0 0 0 1469.34 328.33 1472.48 333.79 1.3390 0.3253 0.4933 128.5431 -6.5657 138.5799 2.7443 0.0032 0.0000 440 pedestrian_0014
Pedestrian 0.00 1.00 0 0 0 0 0 0 0 0 142.10 363.35 152.06 379.82 1.9158 0.4880 0.4891 -94.2682 2.3089 64.8163 -1.7254 0.0032 0.0000 441 pedestrian_0025
Pedestrian 1.00 1.00 0 0 0 0 0 0 0 0 -1000.00 -1000.00 -1000.00 -1000.00 1.9158 0.4880 0.4931 -225.0018 2.3282 119.5897 0.6964 0.0032 0.0000 442 pedestrian_0003
Pedestrian 1.00 1.00 0 0 0 0 0 0 0 0 -1000.00 -1000.00 -1000.00 -1000.00 1.9158 0.4880 0.7507 55.0892 1.7060 -78.8615 0.0831 0.0032 0.0000 443 pedestrian_0024
Pedestrian 1.00 1.00 0 0 0 7 1 0 0 0 -1000.00 -1000.00 -1000.00 -1000.00 1.9158 0.4880 0.5071 5.4292 1.6095 -154.3200 1.3316 0.0032 0.0000 444 pedestrian_0007
Pedestrian 1.00 1.00 0 0 0 0 0 0 0 0 -1000.00 -1000.00 -1000.00 -1000.00 1.9158 0.4880 0.3877 -118.8213 1.7543 -62.1337 0.6003 0.0032 0.0000 445 pedestrian_0023
Pedestrian 1.00 1.00 0 0 0 0 0 0 0 0 -1000.00 -1000.00 -1000.00 -1000.00 1.9158 0.4880 0.6431 -272.0522 1.9161 -8.4829 1.5703 0.0032 0.0000 446 pedestrian_0026
Pedestrian 1.00 1.00 0 0 0 0 0 0 0 0 -1000.00 -1000.00 -1000.00 -1000.00 1.1330 0.4333 0.5858 164.9591 -8.1077 -19.5221 -1.5445 0.0032 0.0000 447 pedestrian_0009
Pedestrian 1.00 1.00 0 0 0 0 0 0 0 0 -1000.00 -1000.00 -1000.00 -1000.00 1.9158 0.4880 0.6145 -4.2102 -4.0928 -250.1809 -3.0601 0.0032 0.0000 448 pedestrian_0015
Pedestrian 1.00 1.00 0 0 0 0 0 0 0 0 -1000.00 -1000.00 -1000.00 -1000.00 1.9158 0.4880 0.3940 157.2442 1.7193 -76.2766 3.0440 0.0032 0.0000 449 pedestrian_0017
Pedestrian 1.00 1.00 0 0 0 2 3 0 0 0 -1000.00 -1000.00 -1000.00 -1000.00 1.9158 0.4880 0.6413 4.3889 1.5058 -171.4490 0.1359 0.0032 0.0000 450 pedestrian_0023
Pedestrian 1.00 1.00 0 0 0 0 0 0 0 0 -1000.00 -1000.00 -1000.00 -1000.00 1.9158 0.4880 0.7507 -41.3241 1.7002 -80.3473 0.0119 0.0032 0.0000 451 pedestrian_0001
Pedestrian 0.00 1.00 0 0 0 1 0 0 0 0 214.32 363.05 225.77 377.84 1.9158 0.4880 0.7460 -95.6084 2.3137 72.2134 -1.5696 0.0032 0.0000 452 pedestrian_0017
Pedestrian 1.00 1.00 0 0 0 0 0 0 0 0 -1000.00 -1000.00 -1000.00 -1000.00 1.1330 0.4333 0.6140 99.2711 1.7623 -58.4169 3.1333 0.0032 0.0000 453 pedestrian_0011
Pedestrian 1.00 1.00 0 0 0 0 0 0 0 0 -1000.00 -1000.00 -1000.00 -1000.00 1.9158 0.4880 0.6869 -269.0582 1.4091 -167.7610 1.5932 0.0032 0.0000 454 pedestrian_0018
Pedestrian 1.00 1.00 0 0 0 0 0 0 0 0 -1000.00 -1000.00 -1000.00 -1000.00 1.9158 0.4880 0.6982 90.0809 1.3871 -209.4058 -1.4202 0.0032 0.0000 455 pedestrian_0021
Pedestrian 1.00 1.00 0 0 0 0 0 0 0 0 -1000.00 -1000.00 -1000.00 -1000.00 1.9158 0.4880 0.5028 207.5129 1.9200 -14.3693 -1.5329 0.0032 0.0000 456 pedestrian_0007
Pedestrian 1.00 1.00 0 0 0 28 0 0 0 0 -1000.00 -1000.00 -1000.00 -1000.00 1.9158 0.4880 0.4937 60.1828 2.0648 30.9311 -2.9251 0.0032 0.0000 457 pedestrian_0021
Pedestrian 1.00 1.00 0 0 0 0 0 0 0 0 -1000.00 -1000.00 -1000.00 -1000.00 1.9158 0.4880 0.7507 164.0175 -7.9366 16.8977 1.5836 0.0032 0.0000 458 pedestrian_0019
Pedestrian 0.00 1.00 0 0 0 0 0 0 0 0 192.12 365.00 196.56 369.57 1.1330 0.4333 0.4775 -189.5841 2.3768 137.8163 -2.9278 0.0032 0.0000 459 pedestrian_0009
Pedestrian 0.00 1.00 0 0 0 0 0 0 0 0 326.23 361.90 330.77 369.35 1.9158 0.4880 0.6299 -161.9307 2.4055 142.8233 3.0633 0.0032 0.0000 460 pedestrian_0004
Pedestrian 1.00 1.00 0 0 0 0 0 0 0 0 -1000.00 -1000.00 -1000.00 -1000.00 1.3390 0.3253 0.4371 -92.5833 1.5811 -113.1676 1.5767 0.0032 0.0000 461 pedestrian_0012
Pedestrian 1.00 1.00 0 0 0 0 0 0 0 0 -1000.00 -1000.00 -1000.00 -1000.00 1.9158 0.4880 0.6073 -163.5488 1.5727 -117.3801 1.6726 0.0032 0.0000 462 pedestrian_0006
Pedestrian 1.00 1.00 0 0 0 0 0 0 0 0 -1000.00 -1000.00 -1000.00 -1000.00 1.1330 0.4333 0.6667 51.5529 1.6966 -78.2547 -3.1393 0.0032 0.0000 463 pedestrian_0009
Pedestrian 1.00 1.00 0 0 0 0 0 0 0 0 -1000.00 -1000.00 -1000.00 -1000.00 1.3390 0.3253 0.5005 -150.7130 1.8228 -84.4117 -0.0790 0.0032 0.0000 464 pedestrian_0014
Pedestrian 1.00 1.00 0 0 0 0 0 0 0 0 -1000.00 -1000.00 -1000.00 -1000.00 1.1330 0.4333 0.6667 -93.8160 1.9650 7.7312 -1.4946 0.0032 0.0000 465 pedestrian_0010
Pedestrian 1.00 1.00 0 0 0 0 0 0 0 0 -1000.00 -1000.00 -1000.00 -1000.00 1.9158 0.4880 0.7460 -92.4967 1.6420 -97.7498 1.5457 0.0032 0.0000 466 pedestrian_0017
Pedestrian 0.00 0.00 95 97 162 9220 0 0 16 24 1421.17 363.25 1465.71 489.75 1.9158 0.4880 0.3928 8.4147 1.9843 8.7119 3.0979 0.0032 0.0000 467 pedestrian_0004
Pedestrian 1.00 1.00 0 0 0 0 0 0 0 0 -1000.00 -1000.00 -1000.00 -1000.00 1.9158 0.4880 0.5951 106.4852 2.0587 30.6194 3.1150 0.0032 0.0000 468 pedestrian_0021
Pedestrian 1.00 1.00 5 5 7 40 4 0 0 0 -1000.00 -1000.00 -1000.00 -1000.00 1.3390 0.3253 0.4552 4.9493 1.7347 -49.3029 1.4034 0.0032 0.0000 469 pedestrian_0013
Pedestrian 1.00 1.00 0 0 0 0 0 0 0 0 -1000.00 -1000.00 -1000.00 -1000.00 1.9158 0.4880 0.5450 90.9647 1.4094 -172.1383 -2.3483 0.0032 0.0000 470 pedestrian_0001
Pedestrian 1.00 1.00 0 0 0 7 0 0 0 0 -1000.00 -1000.00 -1000.00 -1000.00 1.9158 0.4880 0.7507 11.5935 1.7661 -59.5096 0.0471 0.0032 0.0000 471 pedestrian_0015
Pedestrian 0.00 1.00 0 0 0 0 0 0 0 0 193.93 361.90 200.06 369.59 1.9158 0.4880 0.7507 -189.7783 2.3902 138.4366 0.4042 0.0032 0.0000 472 pedestrian_0024
Pedestrian 1.00 1.00 0 0 0 0 0 0 0 0 -1000.00 -1000.00 -1000.00 -1000.00 1.3390 0.3253 0.3471 -75.2971 1.2230 -225.9124 1.5271 0.0032 0.0000 473 pedestrian_0013
Pedestrian 1.00 1.00 0 0 0 0 0 0 0 0 -1000.00 -1000.00 -1000.00 -1000.00 1.9158 0.4880 0.6669 -91.6134 1.0277 -288.8068 0.0225 0.0032 0.0000 474 pedestrian_0018
Pedestrian 1.00 1.00 0 0 0 0 0 0 0 0 -1000.00 -1000.00 -1000.00 -1000.00 1.3390 0.3253 0.3109 87.2627 1.4048 -171.5473 -3.0706 0.0032 0.0000 475 pedestrian_0012
Pedestrian 0.00 1.00 0 0 0 0 0 0 0 0 428.90 361.98 435.20 372.67 1.9158 0.4880 0.6680 -94.1625 2.2715 99.6928 -1.5807 0.0032 0.0000 476 pedestrian_0026
Pedestrian 1.00 1.00 0 0 0 0 0 0 0 0 -1000.00 -1000.00 -1000.00 -1000.00 1.9158 0.4880 0.5357 -96.4927 1.0330 -287.0569 0.0284 0.0032 0.0000 477 pedestrian_0016
Pedestrian 1.00 1.00 0 0 0 0 0 0 0 0 -1000.00 -1000.00 -1000.00 -1000.00 1.9158 0.4880 0.7507 62.3377 1.6772 -88.0528 -1.5595 0.0032 0.0000 478 pedestrian_0006
Pedestrian 1.00 1.00 0 0 0 0 0 0 0 0 -1000.00 -1000.00 -1000.00 -1000.00 1.9158 0.4880 0.6061 -99.3776 1.0300 -287.9282 -3.1273 0.0032 0.0000 479 pedestrian_0001
Pedestrian 1.00 1.00 1 2 4 18 0 0 0 2 -1000.00 -1000.00 -1000.00 -1000.00 1.9158 0.4880 0.6520 82.9025 2.0755 36.1030 1.7223 0.0032 0.0000 480 pedestrian_0021
Car 1.00 1.00 0 0 0 0 0 0 0 0 -1000.00 -1000.00 -1000.00 -1000.00 1.6980 1.9434 4.1871 17.8354 1.5574 -135.7668 -1.5554 0.0032 0.0000 481 citroen_c3
Car 1.00 1.00 0 0 0 0 0 0 0 0 -1000.00 -1000.00 -1000.00 -1000.00 1.9718 2.0005 4.0595 18.4422 1.5583 -124.7149 -1.5554 0.0032 0.0000 482 jeep_wrangler_rubicon
Car 1.00 1.00 0 0 0 0 0 0 0 0 -1000.00 -1000.00 -1000.00 -1000.00 1.9718 2.0005 4.0595 48.9500 1.5628 -134.6924 1.5862 0.0032 0.0000 483 jeep_wrangler_rubicon
Car 1.00 1.00 0 0 0 0 0 0 0 0 -1000.00 -1000.00 -1000.00 -1000.00 1.9718 2.0005 4.0595 15.5014 1.5580 -124.7601 -1.5554 0.0032 0.0000 484 jeep_wrangler_rubicon
Car 1.00 1.00 0 0 0 0 0 0 0 0 -1000.00 -1000.00 -1000.00 -1000.00 1.9718 2.0005 4.0595 -62.7515 1.6345 -112.9272 0.0154 0.0032 0.0000 485 nissan_patrol
Car 1.00 1.00 0 0 0 0 0 0 0 0 -1000.00 -1000.00 -1000.00 -1000.00 1.5488 2.0688 3.9961 -62.7212 1.6530 -115.8231 -3.1262 0.0032 0.0000 486 nissan_patrol
Car 1.00 1.00 0 0 0 0 0 0 0 0 -1000.00 -1000.00 -1000.00 -1000.00 1.4855 2.1349 -5.6254 -56.5892 1.6788 -95.9308 -3.1262 0.0032 0.0000 487 nissan_patrol
Car 1.00 1.00 0 0 0 0 0 0 0 0 -1000.00 -1000.00 -1000.00 -1000.00 1.6244 1.8781 -3.8906 -56.3293 1.6109 -112.8280 0.0154 0.0032 0.0000 488 nissan_patrol
Car 1.00 1.00 0 0 0 7 0 0 0 0 -1000.00 -1000.00 -1000.00 -1000.00 1.7506 2.3538 -4.8416 -39.2090 1.7654 -90.0458 0.0154 0.0032 0.0000 489 nissan_patrol
Car 1.00 1.00 11 15 25 117 3 0 0 0 -1000.00 -1000.00 -1000.00 -1000.00 1.9718 2.0005 -4.0595 -39.0286 1.6631 -104.3420 -3.1262 0.0032 0.0000 490 nissan_patrol
Car 1.00 1.00 0 0 0 0 0 0 0 0 -1000.00 -1000.00 -1000.00 -1000.00 1.9476 2.0282 4.8347 -63.0551 1.6916 -90.4114 -3.1262 0.0032 0.0000 491 nissan_patrol
Car 1.00 1.00 0 0 0 0 0 0 0 0 -1000.00 -1000.00 -1000.00 -1000.00 1.9718 2.0005 4.0595 -63.0682 1.6973 -93.3062 -3.1262 0.0032 0.0000 492 nissan_patrol
Car 1.00 1.00 0 0 0 0 0 0 0 0 -1000.00 -1000.00 -1000.00 -1000.00 1.6244 1.8781 3.8906 -45.6073 1.6747 -93.0394 0.0154 0.0032 0.0000 493 nissan_patrol
Car 1.00 1.00 0 0 0 0 0 0 0 0 -1000.00 -1000.00 -1000.00 -1000.00 1.5488 2.0688 3.9961 -45.5643 1.7180 -95.7633 -3.1262 0.0032 0.0000 494 nissan_patrol
Car 1.00 1.00 0 0 0 9 0 0 0 0 -1000.00 -1000.00 -1000.00 -1000.00 2.1397 2.1728 4.7017 -45.4075 1.6490 -104.4408 -3.1262 0.0032 0.0000 495 nissan_patrol
Car 1.00 1.00 6 7 10 57 1 0 0 0 -1000.00 -1000.00 -1000.00 -1000.00 1.9476 2.0282 4.8347 -45.2334 1.6212 -112.6569 -3.1262 0.0032 0.0000 496 nissan_patrol
Car 1.00 1.00 0 0 0 3 0 0 0 0 -1000.00 -1000.00 -1000.00 -1000.00 1.5100 1.8730 4.1000 -45.2562 1.6036 -115.5547 -3.1262 0.0032 0.0000 497 nissan_patrol
Car 1.00 1.00 7 10 15 79 2 0 0 0 -1000.00 -1000.00 -1000.00 -1000.00 1.5488 2.0688 3.9961 -30.3817 1.7009 -101.3156 0.0154 0.0032 0.0000 498 nissan_patrol
Car 1.00 1.00 0 0 0 3 0 0 0 0 -1000.00 -1000.00 -1000.00 -1000.00 1.5100 1.8730 4.1000 -30.3412 1.6406 -104.2103 0.0154 0.0032 0.0000 499 nissan_patrol
Car 1.00 1.00 0 0 0 0 0 0 0 0 -1000.00 -1000.00 -1000.00 -1000.00 1.9476 2.0282 4.8347 -30.2526 1.6404 -106.8919 -3.1262 0.0032 0.0000 500 nissan_patrol
Car 1.00 1.00 13 24 30 117 4 0 0 0 -1000.00 -1000.00 -1000.00 -1000.00 2.1397 2.1728 -4.7017 -24.1656 1.6968 -89.8138 -3.1262 0.0032 0.0000 501 nissan_patrol
Car 1.00 1.00 3 3 6 29 1 0 0 0 -1000.00 -1000.00 -1000.00 -1000.00 1.9476 2.0282 -4.8347 -24.0544 1.6861 -92.7080 0.0154 0.0032 0.0000 502 nissan_patrol
Car 1.00 1.00 16 16 30 88 0 0 0 0 -1000.00 -1000.00 -1000.00 -1000.00 1.6244 1.8781 -3.8906 -23.8660 1.6225 -109.6899 -3.1262 0.0032 0.0000 503 nissan_patrol
Car 1.00 1.00 3 4 6 34 1 0 0 0 -1000.00 -1000.00 -1000.00 -1000.00 1.7506 2.3538 -4.8416 -23.8498 1.6948 -112.3291 -3.1262 0.0032 0.0000 504 nissan_patrol
Car 1.00 1.00 0 0 0 0 0 0 0 0 -1000.00 -1000.00 -1000.00 -1000.00 1.9476 2.0282 4.8347 22.3233 1.5121 -136.3661 1.5862 0.0032 0.0000 505 nissan_patrol
Car 1.00 1.00 0 0 0 0 0 0 0 0 -1000.00 -1000.00 -1000.00 -1000.00 1.5475 1.9070 4.4025 46.1453 1.5413 -134.3348 1.5862 0.0032 0.0000 506 seat_leon
Car 1.00 1.00 0 0 0 0 0 0 0 0 -1000.00 -1000.00 -1000.00 -1000.00 2.5908 2.7453 5.4640 31.7138 1.5717 -136.1578 1.5862 0.0032 0.0000 507 carlamotors_carlacola
Car 1.00 1.00 0 0 0 0 0 0 0 0 -1000.00 -1000.00 -1000.00 -1000.00 2.5908 2.7453 5.4640 116.0807 1.5700 -144.6212 -1.5554 0.0032 0.0000 508 carlamotors_carlacola
Car 1.00 1.00 0 0 0 0 0 0 0 0 -1000.00 -1000.00 -1000.00 -1000.00 2.5908 2.7453 5.4640 119.5689 1.5703 -144.5676 -1.5554 0.0032 0.0000 509 carlamotors_carlacola
Car 1.00 1.00 0 0 0 0 0 0 0 0 -1000.00 -1000.00 -1000.00 -1000.00 2.5908 2.7453 5.4640 114.0105 1.5380 -116.4106 -3.1262 0.0032 0.0000 510 carlamotors_carlacola
Car 1.00 1.00 0 0 0 0 0 0 0 0 -1000.00 -1000.00 -1000.00 -1000.00 2.5908 2.7453 5.4640 27.4033 1.5713 -136.2241 1.5862 0.0032 0.0000 511 carlamotors_carlacola
Car 1.00 1.00 0 0 0 0 0 0 0 0 -1000.00 -1000.00 -1000.00 -1000.00 2.2031 2.5091 6.5872 53.8227 1.9375 -25.6435 1.0626 0.0032 0.0000 512 tesla_cybertruck