Car 1.00 1.00 0 0 0 0 0 0 0 0 -1000.00 -1000.00 -1000.00 -1000.00 1.5542 2.3421 5.1370 -118.3372 2.1309 -274.7277 0.0168 0.0139 -0.0083 0 lincoln2020_mkz2020
Car 1.00 1.00 6716 237502 380746 0 0 0 0 0 -1000.00 -1000.00 -1000.00 -1000.00 2.1397 2.1728 4.7045 -0.0005 2.0932 -2.2389 1.5708 0.0000 0.0000 1 volkswagen_t2
Motorcycle 1.00 1.00 0 0 0 0 0 0 0 0 -1000.00 -1000.00 -1000.00 -1000.00 1.6960 1.0692 2.4735 -89.5769 2.1236 -241.0734 -1.5815 0.0033 0.0000 2 harley_davidson_low_rider
Motorcycle 1.00 1.00 0 0 0 0 0 0 0 0 -1000.00 -1000.00 -1000.00 -1000.00 1.6960 1.0692 2.4735 -230.9369 2.1237 -248.3109 -0.8018 0.0021 -0.0017 3 harley_davidson_low_rider
Car 1.00 1.00 0 0 0 0 0 0 0 0 -1000.00 -1000.00 -1000.00 -1000.00 1.6320 2.1403 5.2230 130.7486 2.1274 -63.1709 -3.1217 -0.0028 0.0007 4 dodge_charger_police
Car 1.00 1.00 0 0 0 0 0 0 0 0 -1000.00 -1000.00 -1000.00 -1000.00 1.5542 2.3421 5.1370 -218.4945 2.1341 -240.9680 2.3675 -0.0001 -0.0128 5 lincoln2020_mkz2020
Car 0.00 1.00 0 0 0 0 0 0 0 0 1092.82 328.64 1115.17 335.31 1.4546 2.0938 4.3903 32.8166 -5.5156 123.3637 0.0183 -0.0626 -0.0002 6 audi_tt
Car 1.00 1.00 0 0 0 0 0 0 0 0 -1000.00 -1000.00 -1000.00 -1000.00 1.4477 1.5550 2.3177 -27.0975 2.1414 -163.4267 0.0047 -0.0064 0.0000 7 bmw_isetta
Car 0.00 1.00 0 0 0 0 0 0 0 0 1223.69 324.49 1252.39 332.59 1.7173 2.2591 5.2781 62.9601 -6.1693 123.9861 0.0177 -0.0182 -0.0003 8 mercedes_benz_coupe
Car 0.00 0.20 169 177 282 11813 0 29 32 0 113.50 383.00 369.00 435.00 1.4812 2.1349 5.6254 -19.9048 2.1454 16.0820 0.0192 -0.0041 0.0000 9 chevrolet_impala
Car 1.00 1.00 0 0 0 0 0 0 0 0 -1000.00 -1000.00 -1000.00 -1000.00 1.6115 2.2019 5.2564 133.2438 2.0808 40.3367 -1.5079 0.0002 0.0007 10 charger2020_charger2020
Car 1.00 1.00 0 0 0 0 0 0 0 0 -1000.00 -1000.00 -1000.00 -1000.00 2.2031 2.5091 6.5872 132.4738 2.0955 -142.0799 -1.5550 -0.0000 0.0000 11 tesla_cybertruck
Car 1.00 1.00 0 0 0 0 0 0 0 0 -1000.00 -1000.00 -1000.00 -1000.00 1.5140 2.1024 4.9073 -80.9265 2.1345 -97.9369 1.5237 0.0001 -0.0000 12 mercedesccc_mercedesccc
Car 1.00 1.00 0 0 0 0 0 0 0 0 -1000.00 -1000.00 -1000.00 -1000.00 1.6980 1.9434 4.1871 153.8147 2.1443 -154.0202 3.1371 -0.0000 0.0000 13 citroen_c3
Car 1.00 1.00 0 0 0 0 0 0 0 0 -1000.00 -1000.00 -1000.00 -1000.00 1.4812 2.1349 5.6254 91.8059 2.1426 -63.8432 -3.1242 -0.0000 0.0000 14 chevrolet_impala
Car 1.00 1.00 0 0 0 0 0 0 0 0 -1000.00 -1000.00 -1000.00 -1000.00 1.6320 2.1403 5.2230 132.3105 2.0934 -133.0003 -1.5462 -0.0037 0.0003 15 dodge_charger_police
Car 1.00 1.00 0 0 2 2 0 0 0 0 -1000.00 -1000.00 -1000.00 -1000.00 1.5863 2.2347 5.1468 -19.2276 2.1371 -166.8789 0.0133 -0.0013 -0.0000 16 lincoln_mkz2017
Car 0.00 1.00 0 0 0 0 0 0 0 0 187.08 361.93 226.14 370.24 1.7318 2.1344 5.0985 -159.1494 2.1514 117.7023 0.0640 -0.0003 -0.0027 17 audi_etron
Car 1.00 1.00 0 0 0 0 0 0 0 0 -1000.00 -1000.00 -1000.00 -1000.00 1.7506 2.3538 4.8416 -26.1553 2.1318 -166.9799 0.0138 0.0000 -0.0000 18 bmw_grandtourer
Car 0.00 1.00 0 0 0 0 0 0 0 0 1713.96 366.55 1805.97 387.20 1.5765 1.9374 3.8150 65.4811 2.1205 44.9202 -1.5682 0.0051 -0.0001 19 nissan_micra
Motorcycle 1.00 1.00 0 1 1 7 0 0 0 0 -1000.00 -1000.00 -1000.00 -1000.00 1.6960 1.0692 2.4735 -24.7603 2.1239 -76.3997 0.0172 0.0034 0.0000 20 harley_davidson_low_rider
Car 1.00 1.00 0 0 0 0 0 0 0 0 -1000.00 -1000.00 -1000.00 -1000.00 1.5765 1.9374 3.8150 -78.5049 2.1221 -186.6587 1.5594 0.0001 -0.0000 21 nissan_micra
Car 1.00 1.00 0 0 0 0 0 0 0 0 -1000.00 -1000.00 -1000.00 -1000.00 1.7203 2.2019 5.4994 128.5975 2.1201 -69.5895 0.2154 -0.0040 -0.0020 22 chargercop2020_chargercop2020
Car 1.00 1.00 32 31 49 199 3 0 0 0 -1000.00 -1000.00 -1000.00 -1000.00 1.5475 1.9070 4.4025 -22.6834 2.1356 -72.8399 0.0175 -0.0017 -0.0000 23 seat_leon
Car 1.00 1.00 0 0 0 0 0 0 0 0 -1000.00 -1000.00 -1000.00 -1000.00 1.3660 1.9896 4.9534 -85.8326 2.1339 -184.4617 -1.5830 -0.0001 0.0001 24 mustang_mustang
Cyclist 1.00 1.00 0 0 1 8 0 0 0 0 -1000.00 -1000.00 -1000.00 -1000.00 1.9709 0.6705 1.7250 -86.4260 2.1228 36.9333 -1.5561 0.0050 0.0000 25 diamondback_century
Cyclist 1.00 1.00 4 4 5 36 0 2 0 0 -1000.00 -1000.00 -1000.00 -1000.00 1.7065 0.8593 1.4873 -68.0782 2.0923 22.4120 -3.1401 -0.0000 0.0000 26 bh_crossbike
Car 1.00 1.00 0 0 0 0 0 0 0 0 -1000.00 -1000.00 -1000.00 -1000.00 2.1397 2.1728 4.7045 -64.0844 2.1485 -66.5987 -3.1230 0.0000 0.0000 27 volkswagen_t2
Car 0.00 1.00 0 0 0 0 0 0 0 0 355.29 361.04 395.47 374.03 1.9718 2.0005 4.0595 -90.5356 2.1401 86.6628 -1.5700 -0.0007 -0.0001 28 jeep_wrangler_rubicon
Car 1.00 1.00 41 32 65 335 0 0 0 6 -1000.00 -1000.00 -1000.00 -1000.00 1.5627 2.2716 5.0314 49.6200 2.1406 13.5571 0.0161 -0.0006 -0.0000 29 tesla_model3
Car 1.00 1.00 0 0 0 0 0 0 0 0 -1000.00 -1000.00 -1000.00 -1000.00 1.4546 2.0938 4.3903 76.4100 2.1418 -182.3298 1.5792 0.0000 -0.0000 30 audi_tt
Car 1.00 1.00 0 0 0 0 0 0 0 0 -1000.00 -1000.00 -1000.00 -1000.00 1.5488 2.0688 3.9961 138.7054 2.0795 -92.3113 1.5876 0.0000 -0.0000 31 mini_cooperst
Car 1.00 1.00 0 0 0 0 0 0 0 0 -1000.00 -1000.00 -1000.00 -1000.00 1.6011 2.1072 4.7392 73.3979 2.1364 -3.6643 1.5950 -0.0000 -0.0000 32 toyota_prius
Car 1.00 1.00 0 0 0 0 0 0 0 0 -1000.00 -1000.00 -1000.00 -1000.00 2.1397 2.1728 4.7045 -156.7259 2.1487 -54.5363 -1.5227 0.0000 0.0000 33 volkswagen_t2
Car 0.00 1.00 0 0 1 0 0 0 0 0 429.22 363.15 468.11 373.26 1.6011 2.1072 4.7392 -83.7462 2.1368 91.7334 1.5858 -0.0000 -0.0000 34 toyota_prius
Car 1.00 1.00 0 0 0 0 0 0 0 0 -1000.00 -1000.00 -1000.00 -1000.00 1.3660 1.9896 4.9534 77.2352 2.1342 -17.5589 1.5744 -0.0000 -0.0000 35 mustang_mustang
Car 1.00 1.00 0 0 0 0 0 0 0 0 -1000.00 -1000.00 -1000.00 -1000.00 1.6011 2.1072 4.7392 162.8050 2.1363 22.4617 -3.1125 -0.0001 0.0001 36 toyota_prius
Car 1.00 1.00 2 5 10 40 7 0 0 0 -1000.00 -1000.00 -1000.00 -1000.00 1.7506 2.3538 4.8416 -1.8145 2.0765 -91.7182 1.5920 0.0000 -0.0000 37 bmw_grandtourer
Car 1.00 1.00 0 0 0 0 0 0 0 0 -1000.00 -1000.00 -1000.00 -1000.00 2.2031 2.5091 6.5872 139.1838 2.1265 -158.0205 3.1090 0.0002 0.0030 38 tesla_cybertruck
Motorcycle 1.00 1.00 0 0 0 0 0 0 0 0 -1000.00 -1000.00 -1000.00 -1000.00 1.6387 1.2138 2.3199 137.2365 2.0900 2.7235 1.5854 -0.0000 0.0000 39 yamaha_yzf
Car 1.00 1.00 0 0 0 0 0 0 0 0 -1000.00 -1000.00 -1000.00 -1000.00 1.9476 2.0282 4.8347 -77.3439 2.1238 -92.1524 1.5597 -0.0004 0.0000 40 nissan_patrol
Car 1.00 1.00 0 0 0 8 0 0 0 0 -1000.00 -1000.00 -1000.00 -1000.00 1.6115 2.2019 5.2564 -1.5392 2.0807 -98.1079 1.6386 -0.0001 0.0006 41 charger2020_charger2020
Car 1.00 1.00 0 0 0 0 0 0 0 0 -1000.00 -1000.00 -1000.00 -1000.00 1.6115 2.2019 5.2564 96.3712 2.1359 -163.1920 -0.1800 -0.0006 0.0005 42 charger2020_charger2020
Motorcycle 1.00 1.00 0 0 0 0 0 0 0 0 -1000.00 -1000.00 -1000.00 -1000.00 1.6649 1.0692 2.4735 128.1463 2.0688 69.2512 2.2831 0.0036 -0.0468 43 harley_davidson_low_rider
Car 1.00 1.00 0 0 0 0 0 0 0 0 -1000.00 -1000.00 -1000.00 -1000.00 1.5542 2.3421 5.1370 -98.3107 2.1340 -274.1236 0.6396 0.0000 0.0000 44 lincoln2020_mkz2020
Motorcycle 1.00 1.00 0 0 0 0 0 0 0 0 -1000.00 -1000.00 -1000.00 -1000.00 1.6960 1.0692 2.4735 77.0888 2.1239 -12.3016 1.5876 0.0030 0.0000 45 harley_davidson_low_rider
Cyclist 1.00 1.00 0 0 0 0 0 0 0 0 -1000.00 -1000.00 -1000.00 -1000.00 1.9310 0.5921 1.9272 52.7441 2.1137 -162.4040 0.0138 -0.0024 0.0000 46 gazelle_omafiets
Car 0.29 0.00 2821 3111 5037 208364 0 0 1651 0 551.00 418.57 995.00 719.00 1.7318 2.1344 5.0985 0.0226 2.0957 4.2206 1.5672 -0.0000 -0.0000 47 audi_etron
Car 1.00 1.00 0 0 0 0 0 0 0 0 -1000.00 -1000.00 -1000.00 -1000.00 1.9476 2.0282 4.8347 125.9002 2.0941 13.7224 -0.3303 -0.0136 -0.0046 48 nissan_patrol
Car 0.62 0.69 56 78 124 2765 0 10 3 0 0.00 375.48 107.77 432.73 1.7203 2.2019 5.4994 -27.1018 2.1390 15.8706 0.0608 -0.0001 0.0006 49 chargercop2020_chargercop2020
Car 1.00 1.00 0 0 0 0 0 0 0 0 -1000.00 -1000.00 -1000.00 -1000.00 1.6244 1.8781 3.8906 -154.4354 2.1323 -79.8095 1.9351 0.0008 -0.0016 50 audi_a2
Car 1.00 1.00 0 0 0 0 0 0 0 0 -1000.00 -1000.00 -1000.00 -1000.00 1.5863 2.2347 5.1468 -41.7550 2.1358 -163.9263 -0.0338 0.0018 -0.0048 51 lincoln_mkz2017
Cyclist 1.00 1.00 2 0 2 17 0 0 0 0 -1000.00 -1000.00 -1000.00 -1000.00 1.9709 0.6705 1.7250 -89.8829 2.1228 29.0935 -1.6106 0.0050 0.0000 52 diamondback_century
Cyclist 1.00 1.00 4 7 9 46 1 0 0 0 -1000.00 -1000.00 -1000.00 -1000.00 1.9311 0.5921 1.9272 -28.5949 2.1139 -72.9689 0.0165 -0.0032 -0.0000 53 gazelle_omafiets
Car 1.00 1.00 0 0 0 0 0 0 0 0 -1000.00 -1000.00 -1000.00 -1000.00 1.7173 2.2591 5.2781 142.0839 2.0956 -84.5900 1.5864 -0.0071 -0.0002 54 mercedes_benz_coupe
Car 1.00 1.00 0 0 0 0 0 0 0 0 -1000.00 -1000.00 -1000.00 -1000.00 1.5542 2.3421 5.1370 60.8342 2.0788 -212.7511 0.1076 0.0003 -0.0005 55 lincoln2020_mkz2020
Car 1.00 1.00 0 0 0 0 0 0 0 0 -1000.00 -1000.00 -1000.00 -1000.00 1.7506 2.3538 4.8416 20.3895 2.1318 -159.2990 3.1295 -0.0000 -0.0000 56 bmw_grandtourer
Car 1.00 1.00 0 0 0 0 0 0 0 0 -1000.00 -1000.00 -1000.00 -1000.00 1.4546 2.0938 4.3903 75.6671 2.1420 -93.3887 1.5790 0.0000 -0.0000 57 audi_tt
Car 1.00 1.00 0 0 0 0 0 0 0 0 -1000.00 -1000.00 -1000.00 -1000.00 1.7173 2.2591 5.2781 -80.8491 2.1513 -91.5836 1.5609 -0.0071 -0.0002 58 mercedes_benz_coupe
Car 1.00 1.00 0 0 0 0 0 0 0 0 -1000.00 -1000.00 -1000.00 -1000.00 1.5542 2.3421 5.1370 48.4509 2.1342 -75.1195 0.0178 0.0000 -0.0000 59 lincoln2020_mkz2020
Car 0.00 1.00 0 0 0 0 0 0 0 0 1597.84 359.85 1669.77 380.52 2.1397 2.1728 4.7045 75.3297 2.1547 61.4461 1.5940 -0.0137 -0.0002 60 volkswagen_t2
Car 1.00 1.00 0 0 0 1 0 0 0 0 -1000.00 -1000.00 -1000.00 -1000.00 1.7506 2.3538 4.8416 134.5554 2.0767 30.7020 -1.4850 0.0000 0.0001 61 bmw_grandtourer
Car 1.00 1.00 0 0 0 0 0 0 0 0 -1000.00 -1000.00 -1000.00 -1000.00 1.6320 2.1403 5.2230 98.1897 2.0940 -205.9479 -3.1184 -0.0061 0.0002 62 dodge_charger_police
Car 1.00 1.00 3 2 2 2 0 0 0 0 -1000.00 -1000.00 -1000.00 -1000.00 1.6980 1.9434 4.1871 2.0172 2.0891 -107.5599 1.5916 -0.0000 0.0000 63 citroen_c3
Car 1.00 1.00 0 0 0 0 0 0 0 0 -1000.00 -1000.00 -1000.00 -1000.00 1.4812 2.1349 5.6254 47.7100 2.1425 -162.4688 0.0137 0.0000 -0.0000 64 chevrolet_impala
Car 0.15 0.00 441 483 761 37120 0 82 103 0 0.00 385.00 263.42 460.00 1.6115 2.2019 5.2564 -18.0607 2.1339 12.4272 -0.0019 -0.0002 0.0036 65 charger2020_charger2020
Car 1.00 1.00 0 0 0 0 0 0 0 0 -1000.00 -1000.00 -1000.00 -1000.00 1.3660 1.9896 4.9534 108.0645 2.1341 15.9125 -0.2034 -0.0000 0.0002 66 mustang_mustang
Motorcycle 1.00 1.00 0 0 0 0 0 0 0 0 -1000.00 -1000.00 -1000.00 -1000.00 1.5852 1.1236 2.1350 77.0046 2.0998 -8.0056 1.5944 -0.0000 -0.0000 67 kawasaki_ninja
Car 1.00 1.00 0 0 0 0 0 0 0 0 -1000.00 -1000.00 -1000.00 -1000.00 1.5488 2.0688 3.9961 -209.7885 2.0967 4.5006 -1.5595 -0.0000 0.0000 68 mini_cooperst
Car 1.00 1.00 0 0 0 0 0 0 0 0 -1000.00 -1000.00 -1000.00 -1000.00 1.5542 2.3421 5.1370 -156.8787 2.1336 -71.3482 -1.5192 -0.0001 -0.0003 69 lincoln2020_mkz2020
Car 1.00 1.00 54 52 84 342 97 0 0 0 -1000.00 -1000.00 -1000.00 -1000.00 1.9718 2.0005 4.0595 -0.9328 2.1086 -65.4532 -3.1259 -0.0004 -0.0006 70 jeep_wrangler_rubicon
Car 1.00 1.00 0 0 0 0 0 0 0 0 -1000.00 -1000.00 -1000.00 -1000.00 1.7506 2.3538 4.8416 -78.3711 2.1318 -180.7748 1.5592 0.0000 -0.0000 71 bmw_grandtourer
Car 1.00 1.00 0 0 0 0 0 0 0 0 -1000.00 -1000.00 -1000.00 -1000.00 2.2031 2.5091 6.5872 135.9616 2.0955 -141.2973 -1.5552 0.0000 -0.0000 72 tesla_cybertruck
Car 1.00 1.00 0 0 0 0 0 0 0 0 -1000.00 -1000.00 -1000.00 -1000.00 1.6244 1.8781 3.8906 -78.8546 2.1335 -1.3241 1.5864 -0.0005 -0.0011 73 audi_a2
Car 1.00 1.00 0 0 0 0 0 0 0 0 -1000.00 -1000.00 -1000.00 -1000.00 1.7203 2.2019 5.4994 72.1944 2.1385 -118.0260 -1.5251 -0.0008 0.0005 74 chargercop2020_chargercop2020
Car 1.00 1.00 0 0 0 0 0 0 0 0 -1000.00 -1000.00 -1000.00 -1000.00 1.6320 2.1403 5.2230 -82.2922 2.1492 -4.8412 1.5862 -0.0043 0.0000 75 dodge_charger_police
Car 1.00 1.00 153 188 300 1805 0 24 0 0 -1000.00 -1000.00 -1000.00 -1000.00 1.5140 2.1024 4.9073 -24.8604 2.1346 12.4512 0.0407 0.0000 -0.0000 76 mercedesccc_mercedesccc
Car 1.00 1.00 0 4 6 2 1 0 0 0 -1000.00 -1000.00 -1000.00 -1000.00 1.6244 1.8781 3.8906 3.9079 2.0778 -194.3424 -0.9695 -0.0011 0.0130 77 audi_a2
Car 1.00 1.00 0 0 0 0 0 0 0 0 -1000.00 -1000.00 -1000.00 -1000.00 1.6244 1.8781 3.8906 -52.6747 2.1333 -70.0372 -3.0916 -0.0005 -0.0011 78 audi_a2
Car 1.00 1.00 0 3 3 20 3 0 0 0 -1000.00 -1000.00 -1000.00 -1000.00 1.7203 2.2019 5.4994 9.8276 2.1330 -159.4897 -3.0722 0.0008 0.0015 79 chargercop2020_chargercop2020
Car 1.00 1.00 0 0 0 0 0 0 0 0 -1000.00 -1000.00 -1000.00 -1000.00 2.1397 2.1728 4.7045 -160.5195 2.1487 -36.1877 -1.5789 -0.0004 0.0020 80 volkswagen_t2
Car 1.00 1.00 0 0 0 0 0 0 0 0 -1000.00 -1000.00 -1000.00 -1000.00 1.3660 1.9896 4.9534 54.2536 2.1341 -165.8775 0.0139 -0.0004 -0.0000 81 mustang_mustang
Car 1.00 1.00 2 1 2 24 6 0 0 0 -1000.00 -1000.00 -1000.00 -1000.00 1.7203 2.2019 5.4994 1.9210 2.0833 -95.0061 1.6250 -0.0001 0.0007 82 chargercop2020_chargercop2020
Car 0.00 1.00 0 0 0 4 0 0 0 0 443.35 363.08 476.38 373.45 1.6244 1.8781 3.8906 -80.2292 2.1336 89.8615 1.5860 -0.0005 -0.0011 83 audi_a2
Car 1.00 1.00 0 0 0 0 0 0 0 0 -1000.00 -1000.00 -1000.00 -1000.00 1.6244 1.8781 3.8906 79.1068 2.1332 -86.5748 1.5799 -0.0005 -0.0011 84 audi_a2
Car 1.00 1.00 0 0 0 0 0 0 0 0 -1000.00 -1000.00 -1000.00 -1000.00 1.3660 1.9896 4.9534 159.7709 2.1339 -153.9404 3.1163 -0.0000 -0.0000 85 mustang_mustang
Car 1.00 1.00 0 0 0 0 0 0 0 0 -1000.00 -1000.00 -1000.00 -1000.00 1.6244 1.8781 3.8906 -86.0625 2.1330 -241.5098 -1.5823 -0.0005 -0.0011 86 audi_a2
Car 1.00 1.00 0 0 0 0 0 0 0 0 -1000.00 -1000.00 -1000.00 -1000.00 1.9718 2.0005 4.0595 -197.7515 2.1224 -77.8137 0.4850 -0.0007 -0.0079 87 jeep_wrangler_rubicon
Car 1.00 1.00 0 0 0 0 0 0 0 0 -1000.00 -1000.00 -1000.00 -1000.00 1.9718 2.0005 4.0595 -86.0940 2.1406 -247.7836 -1.5820 -0.0043 -0.0001 88 jeep_wrangler_rubicon
Car 1.00 1.00 0 0 0 0 0 0 0 0 -1000.00 -1000.00 -1000.00 -1000.00 1.3660 1.9896 4.9534 -236.9487 2.1341 -196.7652 1.8365 -0.0001 -0.0015 89 mustang_mustang
Motorcycle 1.00 1.00 0 0 0 0 0 0 0 0 -1000.00 -1000.00 -1000.00 -1000.00 1.6649 1.0692 2.4735 140.0914 2.0680 45.4152 1.5870 0.0024 -0.0000 90 harley_davidson_low_rider
Car 0.00 1.00 0 0 0 0 0 0 0 0 467.96 363.21 499.73 372.30 1.5475 1.9070 4.4025 -83.8480 2.1360 98.6076 1.5849 -0.0017 -0.0000 91 seat_leon
Motorcycle 1.00 1.00 0 0 0 0 0 0 0 0 -1000.00 -1000.00 -1000.00 -1000.00 1.6387 1.2138 2.3199 137.3791 2.0901 -14.8414 1.5923 -0.0020 -0.0001 92 yamaha_yzf
Cyclist 0.00 1.00 0 0 0 0 0 0 0 0 271.13 361.29 294.39 375.75 1.9311 0.5921 1.9272 -91.4826 2.1134 75.5438 -1.8357 -0.0042 -0.0006 93 gazelle_omafiets
Car 1.00 1.00 0 0 0 0 0 0 0 0 -1000.00 -1000.00 -1000.00 -1000.00 1.5140 2.1024 4.9073 -151.9774 2.1342 -72.0431 -3.1054 -0.0000 -0.0000 94 mercedesccc_mercedesccc
Car 1.00 1.00 0 0 0 0 0 0 0 0 -1000.00 -1000.00 -1000.00 -1000.00 1.4546 2.0938 4.3903 69.4996 2.1422 -193.2458 -1.5641 -0.0010 -0.0000 95 audi_tt
Car 1.00 1.00 0 0 0 0 0 0 0 0 -1000.00 -1000.00 -1000.00 -1000.00 2.1397 2.1728 4.7045 -77.3716 2.1485 -98.4897 1.5772 0.0000 -0.0000 96 volkswagen_t2
Car 1.00 1.00 0 0 0 0 0 0 0 0 -1000.00 -1000.00 -1000.00 -1000.00 1.5140 2.1024 4.9073 -86.5129 2.1346 41.7968 -1.5555 0.0030 -0.0000 97 mercedesccc_mercedesccc
Car 1.00 1.00 0 0 0 0 0 0 0 0 -1000.00 -1000.00 -1000.00 -1000.00 1.4812 2.1349 5.6254 140.7697 2.0873 0.8577 1.5864 0.0000 -0.0000 98 chevrolet_impala
Car 0.00 1.00 0 0 0 0 0 0 0 0 1676.73 365.31 1748.69 382.15 1.5765 1.9374 3.8150 75.4131 2.1225 55.0312 1.5947 0.0001 -0.0000 99 nissan_micra
Motorcycle 1.00 1.00 0 0 0 0 0 0 0 0 -1000.00 -1000.00 -1000.00 -1000.00 1.5853 1.1236 2.1350 75.6262 2.0997 -88.5128 1.5787 -0.0000 -0.0000 100 kawasaki_ninja
Car 1.00 1.00 0 0 0 0 0 0 0 0 -1000.00 -1000.00 -1000.00 -1000.00 1.9476 2.0282 4.8347 -255.8351 2.1243 -124.0736 -1.5443 -0.0022 0.0004 101 nissan_patrol
Car 1.00 1.00 0 0 0 0 0 0 0 0 -1000.00 -1000.00 -1000.00 -1000.00 2.1397 2.1728 4.7045 -78.7875 2.1487 -7.1448 1.5841 0.0000 -0.0000 102 volkswagen_t2
Car 0.00 1.00 0 0 0 0 0 0 0 0 122.89 365.82 184.10 377.30 1.3660 1.9896 4.9534 -98.7036 2.0980 68.4132 -0.0548 0.0015 -0.0014 103 mustang_mustang
Car 1.00 1.00 5 7 7 64 0 0 0 0 -1000.00 -1000.00 -1000.00 -1000.00 1.5627 2.2716 5.0314 50.1732 2.1405 17.0822 0.0137 -0.0004 -0.0000 104 tesla_model3
Car 1.00 1.00 0 0 0 0 0 0 0 0 -1000.00 -1000.00 -1000.00 -1000.00 1.5542 2.3421 5.1370 132.4689 2.1103 -66.6607 -3.1222 -0.0017 0.0006 105 lincoln2020_mkz2020
Car 1.00 1.00 0 0 0 0 0 0 0 0 -1000.00 -1000.00 -1000.00 -1000.00 1.5627 2.2716 5.0314 71.8232 2.1400 -98.7698 -1.5486 -0.0000 0.0001 106 tesla_model3
Car 1.00 1.00 0 0 0 0 0 0 0 0 -1000.00 -1000.00 -1000.00 -1000.00 1.5765 1.9374 3.8150 -88.4902 2.1224 -55.3079 -1.5423 0.0000 -0.0000 107 nissan_micra
Cyclist 1.00 1.00 0 0 0 0 0 0 0 0 -1000.00 -1000.00 -1000.00 -1000.00 1.9311 0.5921 1.9272 -63.0961 2.1139 -70.0680 -3.1243 -0.0041 -0.0000 108 gazelle_omafiets
Cyclist 1.00 1.00 0 0 0 0 0 0 0 0 -1000.00 -1000.00 -1000.00 -1000.00 1.9311 0.5921 1.9272 20.0953 -6.1715 -275.4372 0.0167 -0.1229 -0.0003 109 gazelle_omafiets
Car 0.00 0.02 510 562 885 8034 0 0 239 0 876.65 381.00 1009.00 428.57 1.4546 2.0938 4.3903 0.2939 2.1004 17.6468 -2.7273 0.0019 0.0015 110 audi_tt
Car 1.00 1.00 0 0 0 0 0 0 0 0 -1000.00 -1000.00 -1000.00 -1000.00 1.9476 2.0282 4.8347 -58.4819 2.1238 -69.9946 -3.1240 -0.0004 0.0000 111 nissan_patrol
Car 1.00 1.00 0 0 0 0 0 0 0 0 -1000.00 -1000.00 -1000.00 -1000.00 1.4546 2.0938 4.3903 -1.6907 2.0866 -104.2218 1.6056 0.0000 0.0000 112 audi_tt
Car 1.00 1.00 0 0 0 0 0 0 0 0 -1000.00 -1000.00 -1000.00 -1000.00 1.7506 2.3538 4.8416 53.4072 2.0762 -216.7742 0.0319 0.0000 -0.0000 113 bmw_grandtourer
Car 1.00 1.00 24 28 47 220 5 0 0 0 -1000.00 -1000.00 -1000.00 -1000.00 1.9718 2.0005 4.0595 -19.0078 2.1408 -76.3012 0.0197 -0.0043 -0.0001 114 jeep_wrangler_rubicon
Motorcycle 1.00 1.00 0 0 0 0 0 0 0 0 -1000.00 -1000.00 -1000.00 -1000.00 1.6387 1.2138 2.3199 138.6305 2.0899 -87.6029 1.5864 -0.0000 0.0000 115 yamaha_yzf
Car 1.00 1.00 0 4 7 22 1 0 0 0 -1000.00 -1000.00 -1000.00 -1000.00 1.7203 2.2019 5.4994 0.1697 2.1291 -158.9732 -0.8559 0.0007 0.0002 116 chargercop2020_chargercop2020
Car 1.00 1.00 0 0 0 0 0 0 0 0 -1000.00 -1000.00 -1000.00 -1000.00 1.6980 1.9434 4.1871 131.0590 2.0893 -50.4786 -1.5553 -0.0005 0.0000 117 citroen_c3
Car 1.00 1.00 0 0 0 0 0 0 0 0 -1000.00 -1000.00 -1000.00 -1000.00 1.5542 2.3421 5.1370 175.9889 -7.8618 -8.5713 -1.5860 -0.0018 -0.0005 118 lincoln2020_mkz2020
Car 1.00 1.00 18 31 54 395 0 0 0 5 -1000.00 -1000.00 -1000.00 -1000.00 2.5908 2.7453 5.4640 65.8872 2.1597 17.0521 -1.5468 -0.0001 0.0000 119 carlamotors_carlacola
Car 1.00 1.00 0 0 0 0 0 0 0 0 -1000.00 -1000.00 -1000.00 -1000.00 1.5765 1.9374 3.8150 75.6399 2.1222 -99.1715 1.5789 0.0000 -0.0000 120 nissan_micra
Car 1.00 1.00 0 0 0 0 0 0 0 0 -1000.00 -1000.00 -1000.00 -1000.00 1.4477 1.5550 2.3177 168.8749 -7.6366 54.2067 -1.3201 -0.0167 -0.0155 121 bmw_isetta
Car 1.00 1.00 0 0 0 0 0 0 0 0 -1000.00 -1000.00 -1000.00 -1000.00 1.7173 2.2591 5.2781 140.7751 2.0954 -30.1971 1.5685 -0.0064 -0.0004 122 mercedes_benz_coupe
Car 1.00 1.00 54 44 71 331 0 5 0 0 -1000.00 -1000.00 -1000.00 -1000.00 1.7173 2.2591 5.2781 -63.2062 2.1515 22.5373 -3.1255 -0.0071 -0.0002 123 mercedes_benz_coupe
Car 1.00 1.00 0 0 0 0 0 0 0 0 -1000.00 -1000.00 -1000.00 -1000.00 1.5765 1.9374 3.8150 137.0784 2.1132 -152.8644 -1.2986 -0.0029 -0.0008 124 nissan_micra
Car 1.00 1.00 71 79 123 609 0 0 0 12 -1000.00 -1000.00 -1000.00 -1000.00 1.6115 2.2019 5.2564 43.2660 2.1363 16.8623 0.0600 -0.0001 0.0006 125 charger2020_charger2020
Car 1.00 1.00 1 0 0 26 0 0 0 0 -1000.00 -1000.00 -1000.00 -1000.00 1.9476 2.0282 4.8347 80.8950 2.1253 18.4342 -0.3841 -0.0053 0.0011 126 nissan_patrol
Car 1.00 1.00 0 0 0 0 0 0 0 0 -1000.00 -1000.00 -1000.00 -1000.00 1.5140 2.1024 4.9073 -89.6323 2.1343 -247.2048 -1.5826 -0.0021 -0.0000 127 mercedesccc_mercedesccc
Car 1.00 1.00 0 0 0 0 0 0 0 0 -1000.00 -1000.00 -1000.00 -1000.00 1.7173 2.2591 5.2781 -85.3224 2.1511 -169.7413 -1.5820 -0.0075 -0.0002 128 mercedes_benz_coupe
Car 1.00 1.00 33 31 45 173 19 0 0 0 -1000.00 -1000.00 -1000.00 -1000.00 1.4812 2.1349 5.6254 -5.9860 2.1104 -69.3220 -1.5266 0.0046 0.0006 129 chevrolet_impala
Car 1.00 1.00 0 0 0 0 0 0 0 0 -1000.00 -1000.00 -1000.00 -1000.00 2.1397 2.1728 4.7045 -238.5223 2.1484 -212.8016 2.0199 -0.0003 -0.0027 130 volkswagen_t2
Car 1.00 1.00 0 0 0 0 0 0 0 0 -1000.00 -1000.00 -1000.00 -1000.00 1.6244 1.8781 3.8906 54.7096 2.1326 -74.9909 0.0179 0.0008 -0.0011 131 audi_a2
Car 1.00 1.00 42 42 74 301 0 8 0 0 -1000.00 -1000.00 -1000.00 -1000.00 1.9476 2.0282 4.8347 -66.6298 2.1240 18.7106 -3.1359 -0.0003 -0.0000 132 nissan_patrol
Car 1.00 1.00 0 0 0 0 0 0 0 0 -1000.00 -1000.00 -1000.00 -1000.00 1.9476 2.0282 4.8347 -33.4270 2.1238 -73.0485 0.0185 -0.0003 0.0000 133 nissan_patrol
Car 1.00 1.00 0 0 0 0 0 0 0 0 -1000.00 -1000.00 -1000.00 -1000.00 1.9476 2.0282 4.8347 118.8556 -7.8901 -266.4038 0.2980 -0.0004 0.0037 134 nissan_patrol
Car 1.00 1.00 8056 21799 35016 254544 0 2249 0 0 -1000.00 -1000.00 -1000.00 -1000.00 1.7506 2.3538 4.8416 -3.4684 2.0767 -3.9271 1.5734 0.0000 -0.0000 135 bmw_grandtourer
Car 1.00 1.00 0 0 0 0 0 0 0 0 -1000.00 -1000.00 -1000.00 -1000.00 1.9476 2.0282 4.8347 15.5664 2.1236 -155.8713 -3.1280 -0.0003 -0.0000 136 nissan_patrol
Car 1.00 1.00 0 0 0 0 0 0 0 0 -1000.00 -1000.00 -1000.00 -1000.00 1.7203 2.2019 5.4994 52.2446 2.1387 -71.6946 0.0271 -0.0028 0.0006 137 chargercop2020_chargercop2020
Car 1.00 1.00 22 27 39 294 2 0 0 0 -1000.00 -1000.00 -1000.00 -1000.00 2.5908 2.7453 5.4640 17.4056 2.1595 -68.6435 -3.1239 0.0000 -0.0000 138 carlamotors_carlacola
Car 1.00 1.00 0 0 0 0 0 0 0 0 -1000.00 -1000.00 -1000.00 -1000.00 1.5863 2.2347 5.1468 116.5315 2.1367 18.0220 0.0141 -0.0000 -0.0000 139 lincoln_mkz2017
Car 1.00 1.00 0 0 0 0 0 0 0 0 -1000.00 -1000.00 -1000.00 -1000.00 1.9718 2.0005 4.0595 219.0078 2.1394 -35.1237 1.6081 -0.0007 0.0001 140 jeep_wrangler_rubicon
Car 1.00 1.00 0 0 0 0 0 0 0 0 -1000.00 -1000.00 -1000.00 -1000.00 1.6011 2.1072 4.7392 72.9961 2.1365 -192.6371 -1.5625 -0.0010 -0.0000 141 toyota_prius
Car 1.00 1.00 0 0 0 0 0 0 0 0 -1000.00 -1000.00 -1000.00 -1000.00 1.7318 2.1344 5.0985 134.4608 2.0954 -44.3584 -1.5554 -0.0000 -0.0000 142 audi_etron
Car 1.00 1.00 0 0 0 0 0 0 0 0 -1000.00 -1000.00 -1000.00 -1000.00 2.2031 2.5091 6.5872 -84.8278 2.1494 -67.7374 -1.5500 0.0047 0.0000 143 tesla_cybertruck
Car 1.00 1.00 0 0 0 0 0 0 0 0 -1000.00 -1000.00 -1000.00 -1000.00 1.5765 1.9374 3.8150 72.7726 2.1219 -159.6684 -1.5634 0.0006 -0.0000 144 nissan_micra
Car 1.00 1.00 0 0 0 1 0 0 0 0 -1000.00 -1000.00 -1000.00 -1000.00 1.4546 2.0938 4.3903 1.8963 2.0866 -101.8727 1.5909 0.0000 -0.0000 145 audi_tt
Car 1.00 1.00 0 0 0 0 0 0 0 0 -1000.00 -1000.00 -1000.00 -1000.00 1.4812 2.1349 5.6254 -174.3721 2.1035 -214.1173 -0.3925 0.0005 0.0031 146 chevrolet_impala
Car 0.00 0.93 0 0 0 42 0 0 0 0 473.68 359.68 519.10 372.76 2.2031 2.5091 6.5872 -80.3258 2.1526 97.1530 1.5848 -0.0025 -0.0000 147 tesla_cybertruck
Car 1.00 1.00 0 0 0 0 0 0 0 0 -1000.00 -1000.00 -1000.00 -1000.00 1.9718 2.0005 4.0595 -57.8696 2.1397 -66.4875 -3.1240 -0.0004 -0.0001 148 jeep_wrangler_rubicon
Car 1.00 1.00 0 0 0 0 0 0 0 0 -1000.00 -1000.00 -1000.00 -1000.00 1.3660 1.9896 4.9534 -88.2015 2.1343 -73.6765 -1.5441 0.0000 -0.0000 149 mustang_mustang
Car 1.00 1.00 0 0 0 0 0 0 0 0 -1000.00 -1000.00 -1000.00 -1000.00 1.3660 1.9896 4.9534 69.3010 2.1338 -169.4630 -1.5575 0.0005 -0.0000 150 mustang_mustang
Car 1.00 1.00 0 0 0 0 0 0 0 0 -1000.00 -1000.00 -1000.00 -1000.00 2.5908 2.7453 5.4640 -82.2796 2.1597 -11.3793 1.5503 0.0000 -0.0000 151 carlamotors_carlacola
Car 1.00 1.00 0 0 0 3 0 0 0 0 -1000.00 -1000.00 -1000.00 -1000.00 1.5863 2.2347 5.1468 130.0926 2.0813 31.8591 -1.5886 0.0000 -0.0000 152 lincoln_mkz2017
Car 1.00 1.00 0 0 0 0 0 0 0 0 -1000.00 -1000.00 -1000.00 -1000.00 1.7506 2.3538 4.8416 -176.4826 2.1323 -275.6199 -0.2437 -0.0015 0.0019 153 bmw_grandtourer
Cyclist 1.00 1.00 0 0 0 0 0 0 0 0 -1000.00 -1000.00 -1000.00 -1000.00 1.9709 0.6705 1.7250 79.8700 2.1222 -177.5211 1.5786 0.0047 0.0000 154 diamondback_century
Cyclist 1.00 1.00 0 0 0 0 0 0 0 0 -1000.00 -1000.00 -1000.00 -1000.00 1.9311 0.5921 1.9272 -160.6229 2.1131 -76.1999 0.0219 -0.0041 0.0001 155 gazelle_omafiets
Motorcycle 1.00 1.00 0 0 0 0 0 0 0 0 -1000.00 -1000.00 -1000.00 -1000.00 1.6960 1.0692 2.4735 161.6174 2.1234 -160.8890 0.0138 0.0029 0.0000 156 harley_davidson_low_rider
Car 0.00 1.00 0 0 0 0 0 0 0 0 389.25 360.06 433.30 374.34 2.1397 2.1728 4.7045 -83.6726 2.1488 85.4190 1.5870 0.0002 0.0000 157 volkswagen_t2
Car 1.00 1.00 0 0 0 0 0 0 0 0 -1000.00 -1000.00 -1000.00 -1000.00 1.5488 2.0688 3.9961 -233.3096 2.1349 -215.0189 2.0429 -0.0001 -0.0009 158 mini_cooperst
Cyclist 1.00 1.00 0 0 0 0 0 0 0 0 -1000.00 -1000.00 -1000.00 -1000.00 1.9311 0.5921 1.9272 41.9875 2.1136 -162.5556 -0.0051 -0.0040 -0.0000 159 gazelle_omafiets
Car 1.00 1.00 25 32 50 181 3 0 0 0 -1000.00 -1000.00 -1000.00 -1000.00 1.4812 2.1349 5.6254 -9.4391 2.1167 -70.8434 -1.5300 -0.0029 0.0006 160 chevrolet_impala
Car 1.00 1.00 0 0 0 0 0 0 0 0 -1000.00 -1000.00 -1000.00 -1000.00 1.7173 2.2591 5.2781 152.6199 -7.8571 -256.8825 0.6329 -0.0072 0.0019 161 mercedes_benz_coupe
Car 1.00 1.00 0 0 0 0 0 0 0 0 -1000.00 -1000.00 -1000.00 -1000.00 1.9718 2.0005 4.0595 -149.2341 2.1398 -88.7457 1.6007 -0.0004 -0.0001 162 jeep_wrangler_rubicon
Car 0.00 1.00 0 0 0 0 0 0 0 0 1587.55 363.36 1664.45 380.89 1.7506 2.3538 4.8416 71.8762 2.1338 59.2920 1.5956 -0.0035 -0.0000 163 bmw_grandtourer
Car 1.00 1.00 0 0 0 0 0 0 0 0 -1000.00 -1000.00 -1000.00 -1000.00 1.6115 2.2019 5.2564 137.2803 2.0807 -2.1841 1.6110 -0.0001 0.0006 164 charger2020_charger2020
Car 1.00 1.00 0 0 0 0 0 0 0 0 -1000.00 -1000.00 -1000.00 -1000.00 1.6244 1.8781 3.8906 73.5182 2.1333 -9.5582 1.5915 -0.0005 -0.0011 165 audi_a2
Car 1.00 1.00 0 0 0 0 0 0 0 0 -1000.00 -1000.00 -1000.00 -1000.00 1.5475 1.9070 4.4025 178.8897 -7.8649 -67.9336 -1.5604 -0.0002 0.0011 166 seat_leon
Car 0.00 1.00 0 0 0 0 0 0 0 0 86.70 362.40 122.49 370.23 1.5765 1.9374 3.8150 -180.4539 2.1232 117.4604 0.2402 -0.0009 -0.0183 167 nissan_micra
Car 0.00 1.00 0 0 0 0 0 0 0 0 304.23 363.66 360.08 375.16 1.5863 2.2347 5.1468 -90.5359 2.1369 80.7435 -1.5991 -0.0001 0.0001 168 lincoln_mkz2017
Car 1.00 1.00 0 0 0 0 0 0 0 0 -1000.00 -1000.00 -1000.00 -1000.00 1.7506 2.3538 4.8416 -21.0024 2.1335 -163.4072 0.0139 -0.0035 0.0000 169 bmw_grandtourer
Car 1.00 1.00 0 0 0 0 0 0 0 0 -1000.00 -1000.00 -1000.00 -1000.00 1.4812 2.1349 5.6254 44.8763 2.1427 -71.6694 0.0177 0.0000 -0.0000 170 chevrolet_impala
Car 1.00 1.00 0 0 0 0 0 0 0 0 -1000.00 -1000.00 -1000.00 -1000.00 1.4812 2.1349 5.6254 154.8997 2.1424 -157.6123 3.0952 0.0000 -0.0000 171 chevrolet_impala
Car 1.00 1.00 0 0 0 0 0 0 0 0 -1000.00 -1000.00 -1000.00 -1000.00 1.6011 2.1072 4.7392 134.5632 2.0813 -50.9265 -1.5554 -0.0010 -0.0000 172 toyota_prius
Car 1.00 1.00 0 1 0 0 0 0 0 0 -1000.00 -1000.00 -1000.00 -1000.00 1.6115 2.2019 5.2564 -0.7197 2.1152 -164.7711 -2.3306 -0.0005 0.0039 173 charger2020_charger2020
Car 1.00 1.00 0 0 0 0 0 0 0 0 -1000.00 -1000.00 -1000.00 -1000.00 1.5475 1.9070 4.4025 -88.3377 2.1355 -67.3338 -1.5483 0.0006 0.0000 174 seat_leon
Car 1.00 1.00 0 0 0 0 0 0 0 0 -1000.00 -1000.00 -1000.00 -1000.00 2.5908 2.7453 5.4640 -82.0923 2.1593 -184.8237 1.5728 0.0000 0.0000 175 carlamotors_carlacola
Car 1.00 1.00 0 0 0 0 0 0 0 0 -1000.00 -1000.00 -1000.00 -1000.00 1.4812 2.1349 5.6254 119.3962 2.1424 -161.2833 0.0289 0.0001 0.0000 176 chevrolet_impala
Car 1.00 1.00 0 0 0 0 0 0 0 0 -1000.00 -1000.00 -1000.00 -1000.00 1.9718 2.0005 4.0595 155.7871 -7.8677 -249.7954 0.7059 -0.0010 0.0034 177 jeep_wrangler_rubicon
Car 1.00 1.00 0 0 0 0 0 0 0 0 -1000.00 -1000.00 -1000.00 -1000.00 1.6980 1.9434 4.1871 -85.0741 2.1445 -147.5264 -1.5840 0.0000 0.0000 178 citroen_c3
Car 1.00 1.00 14 16 20 63 28 0 0 0 -1000.00 -1000.00 -1000.00 -1000.00 1.5488 2.0688 3.9961 1.6287 2.0796 -88.9907 1.5917 0.0000 -0.0000 179 mini_cooperst
Motorcycle 1.00 1.00 0 0 0 0 0 0 0 0 -1000.00 -1000.00 -1000.00 -1000.00 1.6960 1.0692 2.4735 79.2448 2.1238 -102.1287 1.5774 0.0035 0.0000 180 harley_davidson_low_rider
Car 1.00 1.00 0 0 0 0 0 0 0 0 -1000.00 -1000.00 -1000.00 -1000.00 1.4477 1.5550 2.3177 205.9529 2.1415 13.9960 -0.5554 -0.0060 -0.0134 181 bmw_isetta
Cyclist 1.00 1.00 0 0 0 0 0 0 0 0 -1000.00 -1000.00 -1000.00 -1000.00 1.7065 0.8593 1.4873 79.2174 2.0920 -91.3081 1.5897 0.0000 -0.0000 182 bh_crossbike
Car 1.00 1.00 0 0 0 0 0 0 0 0 -1000.00 -1000.00 -1000.00 -1000.00 1.6011 2.1072 4.7392 189.6732 -7.8652 -195.4078 1.3200 0.0000 0.0011 183 toyota_prius
Car 1.00 1.00 0 0 0 0 0 0 0 0 -1000.00 -1000.00 -1000.00 -1000.00 1.5488 2.0688 3.9961 -81.8473 2.1350 -178.7723 1.5591 -0.0000 -0.0000 184 mini_cooperst
Car 1.00 1.00 0 0 0 0 0 0 0 0 -1000.00 -1000.00 -1000.00 -1000.00 1.6980 1.9434 4.1871 -88.9275 2.1438 -184.6709 -1.5877 0.0009 0.0000 185 citroen_c3
Car 1.00 1.00 0 0 0 0 0 0 0 0 -1000.00 -1000.00 -1000.00 -1000.00 1.5765 1.9374 3.8150 146.9490 2.0867 -165.7652 0.6677 0.0117 0.0185 186 nissan_micra
Car 1.00 1.00 0 0 0 0 0 0 0 0 -1000.00 -1000.00 -1000.00 -1000.00 1.7506 2.3538 4.8416 79.1926 2.1319 -96.4841 1.5792 0.0000 -0.0000 187 bmw_grandtourer
Car 1.00 1.00 0 0 0 0 0 0 0 0 -1000.00 -1000.00 -1000.00 -1000.00 1.5488 2.0688 3.9961 47.6486 2.1349 -165.9683 0.0139 0.0000 -0.0000 188 mini_cooperst
Car 1.00 1.00 0 0 0 0 0 0 0 0 -1000.00 -1000.00 -1000.00 -1000.00 1.5488 2.0688 3.9961 -84.6868 2.1352 -73.8803 -1.5433 0.0000 -0.0000 189 mini_cooperst
Car 1.00 1.00 0 0 0 0 0 0 0 0 -1000.00 -1000.00 -1000.00 -1000.00 1.6011 2.1072 4.7392 212.3210 2.1362 -119.5034 -1.5739 -0.0008 0.0001 190 toyota_prius
Car 1.00 1.00 0 0 0 0 0 0 0 0 -1000.00 -1000.00 -1000.00 -1000.00 1.3660 1.9896 4.9534 76.8685 2.1343 -2.4006 1.5950 0.0000 -0.0000 191 mustang_mustang
Car 1.00 1.00 0 0 0 0 0 0 0 0 -1000.00 -1000.00 -1000.00 -1000.00 1.9476 2.0282 4.8347 -222.2597 2.1225 -256.3609 -0.6981 0.0035 -0.0003 192 nissan_patrol
Pedestrian 1.00 1.00 0 0 0 0 0 0 0 0 -1000.00 -1000.00 -1000.00 -1000.00 1.9158 0.4880 0.5536 -263.4748 1.9514 -206.4109 -1.2562 0.0000 -0.0000 193 pedestrian_0019
Pedestrian 1.00 1.00 0 0 0 0 0 0 0 0 -1000.00 -1000.00 -1000.00 -1000.00 1.1330 0.4333 0.6667 -162.0808 1.9022 -223.8017 -0.2232 0.0000 -0.0000 194 pedestrian_0010
Pedestrian 1.00 1.00 0 0 0 0 0 0 0 0 -1000.00 -1000.00 -1000.00 -1000.00 1.9158 0.4880 0.4776 94.4919 1.9498 -171.2123 -3.0019 0.0000 -0.0000 195 pedestrian_0005
Pedestrian 1.00 1.00 0 0 0 0 0 0 0 0 -1000.00 -1000.00 -1000.00 -1000.00 1.9158 0.4880 0.5701 127.6896 1.8945 -126.5259 1.6358 0.0000 -0.0000 196 pedestrian_0003
Pedestrian 1.00 1.00 0 0 0 0 0 0 0 0 -1000.00 -1000.00 -1000.00 -1000.00 1.9158 0.4880 0.7507 164.1044 -8.0125 13.1931 1.5880 0.0000 -0.0000 197 pedestrian_0021
Pedestrian 1.00 1.00 0 0 0 0 0 0 0 0 -1000.00 -1000.00 -1000.00 -1000.00 1.9158 0.4880 0.7507 -265.0751 1.9506 65.8007 -1.9948 0.0000 -0.0000 198 pedestrian_0003
Pedestrian 1.00 1.00 0 0 0 0 0 0 0 0 -1000.00 -1000.00 -1000.00 -1000.00 1.9158 0.4880 0.4682 -227.0005 1.9519 -263.1758 -0.7114 0.0000 -0.0000 199 pedestrian_0004
Pedestrian 1.00 1.00 0 3 2 20 0 0 0 0 -1000.00 -1000.00 -1000.00 -1000.00 1.9158 0.4880 0.7507 77.1983 2.1026 30.8225 3.0837 0.0000 -0.0000 200 pedestrian_0022
Pedestrian 1.00 1.00 0 0 0 0 0 0 0 0 -1000.00 -1000.00 -1000.00 -1000.00 1.3390 0.3253 0.4046 -74.7930 1.9415 -218.8221 -1.4698 0.0000 -0.0000 201 pedestrian_0014
Pedestrian 1.00 1.00 0 0 0 0 0 0 0 0 -1000.00 -1000.00 -1000.00 -1000.00 1.9158 0.4880 0.4577 55.4711 1.9482 -10.3612 -1.4129 0.0000 -0.0000 202 pedestrian_0022
Pedestrian 1.00 1.00 0 4 6 41 2 0 0 0 -1000.00 -1000.00 -1000.00 -1000.00 1.9158 0.4880 0.5853 -17.5619 1.9501 -61.4114 -3.0492 0.0000 -0.0000 203 pedestrian_0023
Pedestrian 1.00 1.00 0 0 0 0 0 0 0 0 -1000.00 -1000.00 -1000.00 -1000.00 1.3390 0.3253 0.3930 7.9143 1.9416 -150.6401 -1.3609 0.0000 -0.0000 204 pedestrian_0012
Pedestrian 1.00 1.00 0 0 0 0 0 0 0 0 -1000.00 -1000.00 -1000.00 -1000.00 1.9158 0.4880 0.7507 -73.9066 1.9505 -120.2702 1.6304 0.0000 -0.0000 205 pedestrian_0019
Pedestrian 1.00 1.00 0 1 2 10 0 0 0 0 -1000.00 -1000.00 -1000.00 -1000.00 1.9158 0.4880 0.6329 -71.2443 1.9504 26.0025 2.9068 0.0000 -0.0000 206 pedestrian_0005
Pedestrian 1.00 1.00 0 0 0 0 0 0 0 0 -1000.00 -1000.00 -1000.00 -1000.00 1.9158 0.4880 0.7507 146.6321 1.8945 -105.4454 -1.5548 0.0000 -0.0000 207 pedestrian_0026
Pedestrian 1.00 1.00 0 0 0 1 0 0 0 0 -1000.00 -1000.00 -1000.00 -1000.00 1.9158 0.4880 0.5954 -13.5888 1.9491 -150.7094 -1.3291 0.0000 -0.0000 208 pedestrian_0015
Pedestrian 0.00 1.00 0 0 0 0 0 0 0 0 674.67 362.33 676.57 367.53 1.3390 0.3253 0.3230 -72.6344 1.9422 143.1240 0.0045 0.0000 -0.0000 209 pedestrian_0014
Pedestrian 0.00 1.00 0 0 0 0 0 0 0 0 803.49 358.98 806.92 366.37 1.9158 0.4880 0.7507 -39.3650 1.6513 143.8165 -0.0099 0.0000 -0.0000 210 pedestrian_0016
Pedestrian 1.00 1.00 34 41 72 416 0 17 0 0 -1000.00 -1000.00 -1000.00 -1000.00 1.3390 0.3253 0.5005 -14.8032 1.8867 -1.1695 -1.5415 0.0000 -0.0000 211 pedestrian_0012
Pedestrian 1.00 1.00 0 0 0 0 0 0 0 0 -1000.00 -1000.00 -1000.00 -1000.00 1.1330 0.4333 0.6667 61.7678 1.9399 -34.3223 1.5742 0.0000 -0.0000 212 pedestrian_0009
Pedestrian 1.00 1.00 0 0 0 0 0 0 0 0 -1000.00 -1000.00 -1000.00 -1000.00 1.1330 0.4333 0.6667 145.0481 1.8856 -13.5124 -1.5346 0.0000 -0.0000 213 pedestrian_0010
Pedestrian 1.00 1.00 0 0 0 0 0 0 0 0 -1000.00 -1000.00 -1000.00 -1000.00 1.9158 0.4880 0.7039 -270.0808 1.9528 -123.8972 1.5611 0.0000 -0.0000 214 pedestrian_0021
Pedestrian 1.00 1.00 0 0 0 0 0 0 0 0 -1000.00 -1000.00 -1000.00 -1000.00 1.9158 0.4880 0.7507 -57.1538 1.9370 -31.2945 -1.4815 0.0000 -0.0000 215 pedestrian_0018
Pedestrian 1.00 1.00 0 0 0 0 0 0 0 0 -1000.00 -1000.00 -1000.00 -1000.00 1.9158 0.4880 0.4699 -263.4137 1.9525 -208.1510 -1.3208 0.0000 -0.0000 216 pedestrian_0020
Pedestrian 1.00 1.00 0 0 0 0 0 0 0 0 -1000.00 -1000.00 -1000.00 -1000.00 1.9158 0.4880 0.7507 126.0754 1.8946 -48.2614 1.6505 0.0000 -0.0000 217 pedestrian_0017
Pedestrian 1.00 1.00 0 0 0 0 0 0 0 0 -1000.00 -1000.00 -1000.00 -1000.00 1.9158 0.4880 0.5395 -93.5328 1.9500 -202.0620 -1.9178 0.0000 -0.0000 218 pedestrian_0007
Pedestrian 1.00 1.00 0 0 0 0 0 0 0 0 -1000.00 -1000.00 -1000.00 -1000.00 1.1330 0.4333 0.5347 -142.3781 1.9390 -19.5306 0.9209 0.0000 -0.0000 219 pedestrian_0010
Pedestrian 0.00 1.00 6 7 11 138 0 0 0 0 1695.23 360.42 1715.18 398.62 1.9158 0.4880 0.5059 39.1512 1.9503 28.4965 -3.0500 0.0000 -0.0000 220 pedestrian_0023
Pedestrian 1.00 1.00 0 0 0 0 0 0 0 0 -1000.00 -1000.00 -1000.00 -1000.00 1.9158 0.4880 0.5111 56.0103 1.8943 -220.5781 -3.0437 0.0000 -0.0000 221 pedestrian_0024
Pedestrian 1.00 1.00 0 0 0 0 0 0 0 0 -1000.00 -1000.00 -1000.00 -1000.00 1.1330 0.4333 0.3708 -196.7238 1.9055 -147.7170 -1.5878 0.0000 -0.0000 222 pedestrian_0011
Pedestrian 1.00 1.00 0 0 0 0 0 0 0 0 -1000.00 -1000.00 -1000.00 -1000.00 1.9158 0.4880 0.7380 -271.5574 1.9504 -61.8354 1.5579 0.0000 -0.0000 223 pedestrian_0016
Pedestrian 1.00 1.00 0 0 0 0 0 0 0 0 -1000.00 -1000.00 -1000.00 -1000.00 1.9158 0.4880 0.4482 123.4011 -8.0649 -279.2561 0.4453 0.0000 -0.0000 224 pedestrian_0017
Pedestrian 1.00 1.00 0 0 0 0 0 0 0 0 -1000.00 -1000.00 -1000.00 -1000.00 1.9158 0.4880 0.7507 165.2590 -8.0501 -90.7385 -1.5511 0.0000 -0.0000 225 pedestrian_0001
Pedestrian 1.00 1.00 0 0 0 0 0 0 0 0 -1000.00 -1000.00 -1000.00 -1000.00 1.9158 0.4880 0.4915 -197.2517 1.9146 -162.1324 -1.3942 0.0000 -0.0000 226 pedestrian_0003
Pedestrian 1.00 1.00 0 0 0 0 0 0 0 0 -1000.00 -1000.00 -1000.00 -1000.00 1.9158 0.4880 0.6796 -124.3347 1.9501 -149.3645 -0.3801 0.0000 -0.0000 227 pedestrian_0007
Pedestrian 1.00 1.00 0 0 0 0 0 0 0 0 -1000.00 -1000.00 -1000.00 -1000.00 1.1330 0.4333 0.6667 127.8722 1.8836 -90.1497 -1.5656 0.0000 -0.0000 228 pedestrian_0010
Pedestrian 1.00 1.00 0 0 0 0 0 0 0 0 -1000.00 -1000.00 -1000.00 -1000.00 1.1330 0.4333 0.5847 -52.9227 1.9259 -6.7860 1.1641 0.0000 -0.0000 229 pedestrian_0010
Pedestrian 1.00 1.00 0 0 0 0 0 0 0 0 -1000.00 -1000.00 -1000.00 -1000.00 1.3390 0.3253 0.4302 56.2212 1.9405 -42.6366 -1.7669 0.0000 -0.0000 230 pedestrian_0013
Pedestrian 1.00 1.00 0 0 0 0 0 0 0 0 -1000.00 -1000.00 -1000.00 -1000.00 1.3390 0.3253 0.4591 146.9111 2.0919 -60.7093 1.7736 0.0000 -0.0000 231 pedestrian_0013
Pedestrian 1.00 1.00 0 0 0 0 0 0 0 0 -1000.00 -1000.00 -1000.00 -1000.00 1.9158 0.4880 0.5660 35.7049 1.8944 -219.5725 3.0798 0.0000 -0.0000 232 pedestrian_0020
Pedestrian 1.00 1.00 0 0 0 0 0 0 0 0 -1000.00 -1000.00 -1000.00 -1000.00 1.9158 0.4880 0.7056 144.0416 1.8948 40.7337 -1.4894 0.0000 -0.0000 233 pedestrian_0021
Pedestrian 1.00 1.00 0 0 0 0 0 0 0 0 -1000.00 -1000.00 -1000.00 -1000.00 1.1330 0.4333 0.3911 -212.8244 1.9004 -53.7893 -3.1005 0.0000 -0.0000 234 pedestrian_0009
Pedestrian 1.00 1.00 0 0 0 0 0 0 0 0 -1000.00 -1000.00 -1000.00 -1000.00 1.9158 0.4880 0.4931 225.6826 1.9500 -37.2966 -1.2749 0.0000 -0.0000 235 pedestrian_0006
Pedestrian 1.00 1.00 0 0 0 0 0 0 0 0 -1000.00 -1000.00 -1000.00 -1000.00 1.1330 0.4333 0.5433 -116.7464 1.9417 -64.0502 -3.1042 0.0000 -0.0000 236 pedestrian_0009
Pedestrian 1.00 1.00 1 4 8 15 0 0 0 0 -1000.00 -1000.00 -1000.00 -1000.00 1.9158 0.4880 0.3754 -17.6977 1.9512 -79.5718 0.0670 0.0000 -0.0000 237 pedestrian_0026
Pedestrian 0.00 0.09 17 23 32 412 0 0 2 0 657.72 360.02 671.45 399.16 1.9158 0.4880 0.5500 -14.0102 1.9037 27.7534 -2.8163 0.0000 -0.0000 238 pedestrian_0021
Pedestrian 0.00 0.00 142 156 247 12850 0 0 38 0 1338.25 436.53 1400.16 628.74 1.3390 0.3253 0.2502 3.8257 1.8874 4.0942 1.6553 0.0000 -0.0000 239 pedestrian_0012
Pedestrian 1.00 1.00 0 0 0 0 0 0 0 0 -1000.00 -1000.00 -1000.00 -1000.00 1.9158 0.4880 0.7507 -106.2821 1.9501 -288.6834 3.1197 0.0000 -0.0000 240 pedestrian_0020
Pedestrian 1.00 1.00 0 0 0 0 0 0 0 0 -1000.00 -1000.00 -1000.00 -1000.00 1.1330 0.4333 0.6396 201.6078 -8.0598 -114.6155 -1.5531 0.0000 -0.0000 241 pedestrian_0011
Pedestrian 1.00 1.00 0 0 0 0 0 0 0 0 -1000.00 -1000.00 -1000.00 -1000.00 1.9158 0.4880 0.7507 -46.7236 1.9500 -171.0693 -3.1335 0.0000 -0.0000 242 pedestrian_0002
Pedestrian 1.00 1.00 0 0 0 0 0 0 0 0 -1000.00 -1000.00 -1000.00 -1000.00 1.3390 0.3253 0.3921 118.0770 2.0927 -61.4332 3.0498 0.0000 -0.0000 243 pedestrian_0014
Pedestrian 1.00 1.00 2 3 5 16 1 0 0 0 -1000.00 -1000.00 -1000.00 -1000.00 1.9158 0.4880 0.7507 7.1575 1.8972 -98.6116 -1.5404 0.0000 -0.0000 244 pedestrian_0006
Pedestrian 1.00 1.00 0 0 0 0 0 0 0 0 -1000.00 -1000.00 -1000.00 -1000.00 1.9158 0.4880 0.6403 201.9912 -8.0501 -117.1219 -1.5320 0.0000 -0.0000 245 pedestrian_0020
Pedestrian 1.00 1.00 0 0 0 0 0 0 0 0 -1000.00 -1000.00 -1000.00 -1000.00 1.9158 0.4880 0.7507 32.3845 1.9500 -79.6969 0.0146 0.0000 -0.0000 246 pedestrian_0022
Pedestrian 1.00 1.00 0 0 0 0 0 0 0 0 -1000.00 -1000.00 -1000.00 -1000.00 1.9158 0.4880 0.6990 -30.7518 1.9500 -170.4711 -0.2211 0.0000 -0.0000 247 pedestrian_0002
Pedestrian 1.00 1.00 0 0 0 0 0 0 0 0 -1000.00 -1000.00 -1000.00 -1000.00 1.9158 0.4880 0.4143 146.0784 1.8941 -83.3882 -1.4728 0.0000 -0.0000 248 pedestrian_0022
Pedestrian 0.00 1.00 0 0 0 0 0 0 0 0 141.87 361.51 155.32 377.85 1.9158 0.4880 0.7507 -94.9586 2.0949 65.4137 1.5482 0.0000 -0.0000 249 pedestrian_0006
Pedestrian 1.00 1.00 0 0 0 0 0 0 0 0 -1000.00 -1000.00 -1000.00 -1000.00 1.9158 0.4880 0.4780 61.4314 1.9499 -170.7673 -3.1054 0.0000 -0.0000 250 pedestrian_0019
Pedestrian 1.00 1.00 0 0 0 0 0 0 0 0 -1000.00 -1000.00 -1000.00 -1000.00 1.9158 0.4880 0.7507 -93.8996 1.9503 -22.9957 1.5565 0.0000 -0.0000 251 pedestrian_0018
Pedestrian 1.00 1.00 0 0 0 0 0 0 0 0 -1000.00 -1000.00 -1000.00 -1000.00 1.9158 0.4880 0.7507 -271.8311 1.9504 -64.4074 1.6229 0.0000 -0.0000 252 pedestrian_0007
Pedestrian 1.00 1.00 0 0 0 0 0 0 0 0 -1000.00 -1000.00 -1000.00 -1000.00 1.9158 0.4880 0.6526 61.9566 1.9500 -85.1332 1.4379 0.0000 -0.0000 253 pedestrian_0008
Pedestrian 1.00 1.00 0 0 0 0 0 0 0 0 -1000.00 -1000.00 -1000.00 -1000.00 1.9158 0.4880 0.4975 -265.7914 1.9506 62.8802 -1.8374 0.0000 -0.0000 254 pedestrian_0022
Pedestrian 0.00 1.00 0 0 0 0 0 0 0 0 482.46 360.13 486.37 367.52 1.9158 0.4880 0.5976 -122.8412 1.9507 144.0948 0.0046 0.0000 -0.0000 255 pedestrian_0024
Pedestrian 1.00 1.00 0 0 0 0 0 0 0 0 -1000.00 -1000.00 -1000.00 -1000.00 1.1330 0.4333 0.5854 161.0112 1.9394 -58.6058 -3.1289 0.0000 -0.0000 256 pedestrian_0011
Pedestrian 1.00 1.00 0 0 0 0 0 0 0 0 -1000.00 -1000.00 -1000.00 -1000.00 1.9158 0.4880 0.7507 -95.4983 1.9501 -152.4829 -0.0019 0.0000 -0.0000 257 pedestrian_0006
Pedestrian 1.00 1.00 0 0 0 0 0 0 0 0 -1000.00 -1000.00 -1000.00 -1000.00 1.9158 0.4880 0.7507 146.4951 1.8955 -182.8506 -1.6991 0.0000 -0.0000 258 pedestrian_0005
Pedestrian 1.00 1.00 5 3 7 35 4 0 0 0 -1000.00 -1000.00 -1000.00 -1000.00 1.9158 0.4880 0.4698 -3.2806 2.0733 -72.0718 -1.8261 0.0000 -0.0000 259 pedestrian_0003
Pedestrian 1.00 1.00 0 0 0 0 0 0 0 0 -1000.00 -1000.00 -1000.00 -1000.00 1.9158 0.4880 0.4290 164.8810 -8.0501 -53.1109 1.8968 0.0000 -0.0000 260 pedestrian_0001
Pedestrian 1.00 1.00 0 0 0 0 0 0 0 0 -1000.00 -1000.00 -1000.00 -1000.00 1.3390 0.3253 0.4534 88.8367 2.0383 -216.8006 -1.6682 0.0000 -0.0000 261 pedestrian_0014
Pedestrian 1.00 1.00 0 0 0 0 0 0 0 0 -1000.00 -1000.00 -1000.00 -1000.00 1.9158 0.4880 0.7507 -73.0168 1.9534 -94.5164 1.6270 0.0000 -0.0000 262 pedestrian_0020
Pedestrian 1.00 1.00 0 0 0 0 0 0 0 0 -1000.00 -1000.00 -1000.00 -1000.00 1.9158 0.4880 0.6221 -213.9996 1.9120 -35.2629 -0.5848 0.0000 -0.0000 263 pedestrian_0025
Pedestrian 1.00 1.00 0 0 0 0 0 0 0 0 -1000.00 -1000.00 -1000.00 -1000.00 1.9158 0.4880 0.5794 51.0707 1.9423 -57.2871 0.8692 0.0000 -0.0000 264 pedestrian_0026
Pedestrian 1.00 1.00 0 0 0 0 0 0 0 0 -1000.00 -1000.00 -1000.00 -1000.00 1.9158 0.4880 0.7507 -221.9592 1.9500 -266.1040 2.4540 0.0000 -0.0000 265 pedestrian_0025
Pedestrian 1.00 1.00 0 0 0 0 0 0 0 0 -1000.00 -1000.00 -1000.00 -1000.00 1.3390 0.3253 0.4254 23.3092 1.8873 -196.2386 2.4671 0.0000 -0.0000 266 pedestrian_0013
Pedestrian 1.00 1.00 0 0 0 0 0 0 0 0 -1000.00 -1000.00 -1000.00 -1000.00 1.9158 0.4880 0.3862 87.2216 1.9499 -172.9136 2.2357 0.0000 -0.0000 267 pedestrian_0015
Pedestrian 1.00 1.00 0 0 0 0 0 0 0 0 -1000.00 -1000.00 -1000.00 -1000.00 1.9158 0.4880 0.3866 125.6651 1.8944 -144.6519 -1.8698 0.0000 -0.0000 268 pedestrian_0021
Pedestrian 0.00 1.00 0 0 0 0 0 0 0 0 661.78 363.10 664.23 367.49 1.1330 0.4333 0.4000 -76.2509 1.9394 143.7942 3.1216 0.0000 -0.0000 269 pedestrian_0010
Pedestrian 1.00 1.00 60 73 108 833 0 17 0 0 -1000.00 -1000.00 -1000.00 -1000.00 1.9158 0.4880 0.4988 -13.8763 1.8958 -9.2470 1.5394 0.0000 -0.0000 270 pedestrian_0023
Pedestrian 1.00 1.00 0 0 0 0 0 0 0 0 -1000.00 -1000.00 -1000.00 -1000.00 1.3390 0.3253 0.5005 -69.7314 1.9420 25.5834 -3.0500 0.0000 -0.0000 271 pedestrian_0013
Pedestrian 1.00 1.00 0 0 0 0 0 0 0 0 -1000.00 -1000.00 -1000.00 -1000.00 1.9158 0.4880 0.5933 -158.3199 1.9511 -288.2803 -0.0661 0.0000 -0.0000 272 pedestrian_0016
Pedestrian 1.00 1.00 0 0 0 0 0 0 0 0 -1000.00 -1000.00 -1000.00 -1000.00 1.3390 0.3253 0.5005 -86.7768 2.0943 4.7893 -0.0967 0.0000 -0.0000 273 pedestrian_0014
Pedestrian 1.00 1.00 0 0 0 0 0 0 0 0 -1000.00 -1000.00 -1000.00 -1000.00 1.9158 0.4880 0.6101 -71.8118 2.1024 -164.6036 -1.4264 0.0000 -0.0000 274 pedestrian_0019
Pedestrian 1.00 1.00 0 0 0 0 0 0 0 0 -1000.00 -1000.00 -1000.00 -1000.00 1.3390 0.3253 0.4901 -52.6285 1.9416 -170.4734 3.0654 0.0000 -0.0000 275 pedestrian_0013
Pedestrian 1.00 1.00 0 0 0 0 0 0 0 0 -1000.00 -1000.00 -1000.00 -1000.00 1.9158 0.4880 0.6994 -51.0598 1.9500 -170.8332 3.1407 0.0000 -0.0000 276 pedestrian_0023
Pedestrian 1.00 1.00 0 0 0 0 0 0 0 0 -1000.00 -1000.00 -1000.00 -1000.00 1.1330 0.4333 0.3593 146.2576 1.8831 -82.5140 -1.3184 0.0000 -0.0000 277 pedestrian_0011
Pedestrian 1.00 1.00 0 0 0 0 0 0 0 0 -1000.00 -1000.00 -1000.00 -1000.00 1.3390 0.3253 0.2884 127.0850 1.8950 -79.0322 1.6664 0.0000 -0.0000 278 pedestrian_0012
Pedestrian 1.00 1.00 0 0 0 0 0 0 0 0 -1000.00 -1000.00 -1000.00 -1000.00 1.9158 0.4880 0.5241 26.0850 -7.0155 -249.7096 0.0451 0.0000 -0.0000 279 pedestrian_0015
Pedestrian 1.00 1.00 0 0 0 0 0 0 0 0 -1000.00 -1000.00 -1000.00 -1000.00 1.9158 0.4880 0.7507 132.1412 2.0472 35.3619 2.8653 0.0000 -0.0000 280 pedestrian_0017
Pedestrian 1.00 1.00 0 0 0 0 0 0 0 0 -1000.00 -1000.00 -1000.00 -1000.00 1.9158 0.4880 0.7507 201.8755 -8.0484 -68.8731 -1.5530 0.0000 -0.0000 281 pedestrian_0005
Pedestrian 1.00 1.00 0 0 0 0 0 0 0 0 -1000.00 -1000.00 -1000.00 -1000.00 1.1330 0.4333 0.3625 78.3527 2.0883 -200.2886 -2.5711 0.0000 -0.0000 282 pedestrian_0009
Pedestrian 1.00 1.00 0 0 0 0 0 0 0 0 -1000.00 -1000.00 -1000.00 -1000.00 1.1330 0.4333 0.6667 -92.9463 1.9388 -86.4992 1.5547 0.0000 -0.0000 283 pedestrian_0009
Pedestrian 1.00 1.00 0 0 0 0 0 0 0 0 -1000.00 -1000.00 -1000.00 -1000.00 1.1330 0.4333 0.3908 208.2030 1.9385 -106.3071 1.5722 0.0000 -0.0000 284 pedestrian_0009
Pedestrian 1.00 1.00 0 0 0 0 0 0 0 0 -1000.00 -1000.00 -1000.00 -1000.00 1.9158 0.4880 0.7507 -214.7445 1.9117 -86.4391 1.5401 0.0000 -0.0000 285 pedestrian_0024
Pedestrian 1.00 1.00 0 0 0 0 0 0 0 0 -1000.00 -1000.00 -1000.00 -1000.00 1.9158 0.4880 0.5715 124.7671 1.9499 -150.6079 0.0641 0.0000 -0.0000 286 pedestrian_0023
Pedestrian 0.00 1.00 0 0 1 7 0 0 0 0 77.48 360.31 91.09 377.89 1.9158 0.4880 0.6375 -95.1779 1.9505 60.7484 1.5495 0.0000 -0.0000 287 pedestrian_0015
Pedestrian 1.00 1.00 0 0 0 0 0 0 0 0 -1000.00 -1000.00 -1000.00 -1000.00 1.9158 0.4880 0.7507 77.3437 -8.0712 -249.0102 0.0117 0.0000 -0.0000 288 pedestrian_0025
Pedestrian 0.00 1.00 0 0 0 0 0 0 0 0 1594.08 323.81 1597.98 328.87 1.1330 0.4333 0.4903 147.8897 -7.2161 128.1796 -0.5685 0.0000 -0.0000 289 pedestrian_0009
Pedestrian 1.00 1.00 0 0 0 0 0 0 0 0 -1000.00 -1000.00 -1000.00 -1000.00 1.9158 0.4880 0.7507 -86.3635 2.1024 -152.1325 -0.0594 0.0000 -0.0000 290 pedestrian_0019
Pedestrian 0.00 1.00 0 0 0 0 0 0 0 0 122.25 360.01 130.44 373.49 1.9158 0.4880 0.4353 -118.0509 1.9173 79.0190 -0.0086 0.0000 -0.0000 291 pedestrian_0007
Pedestrian 1.00 1.00 0 0 0 0 0 0 0 0 -1000.00 -1000.00 -1000.00 -1000.00 1.9158 0.4880 0.7507 -272.6829 1.9505 -7.9887 1.6815 0.0000 -0.0000 292 pedestrian_0021
Pedestrian 1.00 1.00 0 0 0 0 0 0 0 0 -1000.00 -1000.00 -1000.00 -1000.00 1.3390 0.3253 0.2730 57.4016 1.9418 -2.6987 -1.9503 0.0000 -0.0000 293 pedestrian_0014
Pedestrian 0.00 1.00 0 0 0 0 0 0 0 0 1304.00 327.25 1308.00 334.65 1.9158 0.4880 0.7475 91.6125 -6.6645 145.4738 -0.0643 0.0000 -0.0000 294 pedestrian_0002
Pedestrian 1.00 1.00 0 0 0 0 0 0 0 0 -1000.00 -1000.00 -1000.00 -1000.00 1.9158 0.4880 0.7507 67.5366 2.1026 7.4656 0.0006 0.0000 -0.0000 295 pedestrian_0026
Pedestrian 1.00 1.00 5 3 6 28 2 0 0 0 -1000.00 -1000.00 -1000.00 -1000.00 1.9158 0.4880 0.7254 8.4970 2.1025 -74.9326 -1.4557 0.0000 -0.0000 296 pedestrian_0020
Pedestrian 1.00 1.00 0 0 0 0 0 0 0 0 -1000.00 -1000.00 -1000.00 -1000.00 1.9158 0.4880 0.7327 62.2740 1.9500 -109.9674 -1.5658 0.0000 -0.0000 297 pedestrian_0016
Pedestrian 0.00 1.00 0 0 0 2 0 0 0 0 204.44 361.42 216.28 376.59 1.9158 0.4880 0.7507 -94.5203 2.0975 70.4791 1.5053 0.0000 -0.0000 298 pedestrian_0024
Pedestrian 0.00 1.00 0 0 0 0 0 0 0 0 1743.21 305.23 1751.39 316.98 1.9158 0.4880 0.6571 133.7379 -7.2941 93.5894 -0.5579 0.0000 -0.0000 299 pedestrian_0001
Pedestrian 1.00 1.00 0 0 0 0 0 0 0 0 -1000.00 -1000.00 -1000.00 -1000.00 1.9158 0.4880 0.4143 -72.1871 1.9516 -171.4297 -3.1138 0.0000 -0.0000 300 pedestrian_0025
Pedestrian 1.00 1.00 0 0 0 0 0 0 0 0 -1000.00 -1000.00 -1000.00 -1000.00 1.9158 0.4880 0.4596 -74.2067 1.9527 -86.2110 1.6972 0.0000 -0.0000 301 pedestrian_0016
Pedestrian 1.00 1.00 0 0 0 0 0 0 0 0 -1000.00 -1000.00 -1000.00 -1000.00 1.9158 0.4880 0.7507 -50.9826 1.9483 -62.7233 3.1062 0.0000 -0.0000 302 pedestrian_0006
Pedestrian 0.00 0.12 6 11 18 180 0 0 3 0 1100.47 373.88 1109.78 398.57 1.3390 0.3253 0.3979 8.0950 1.9419 27.8522 -3.1153 0.0000 -0.0000 303 pedestrian_0012
Pedestrian 1.00 1.00 0 0 0 0 0 0 0 0 -1000.00 -1000.00 -1000.00 -1000.00 1.9158 0.4880 0.6665 -117.6439 1.9499 -288.0692 0.3137 0.0000 -0.0000 304 pedestrian_0024
Pedestrian 0.00 1.00 0 0 0 0 0 0 0 0 311.27 362.35 314.75 367.59 1.3390 0.3253 0.5005 -164.9428 1.9423 141.9873 -3.1001 0.0000 -0.0000 305 pedestrian_0013
Pedestrian 1.00 1.00 0 0 0 0 0 0 0 0 -1000.00 -1000.00 -1000.00 -1000.00 1.1330 0.4333 0.5550 -272.1421 1.9408 20.2621 -1.5649 0.0000 -0.0000 306 pedestrian_0011
Pedestrian 1.00 1.00 0 0 0 0 0 0 0 0 -1000.00 -1000.00 -1000.00 -1000.00 1.9158 0.4880 0.7344 -64.4616 1.9500 -170.4787 -0.0118 0.0000 -0.0000 307 pedestrian_0024
Pedestrian 1.00 1.00 0 0 0 0 0 0 0 0 -1000.00 -1000.00 -1000.00 -1000.00 1.9158 0.4880 0.4018 -274.4128 1.9505 2.5417 -1.9210 0.0000 -0.0000 308 pedestrian_0004
Pedestrian 1.00 1.00 0 0 0 0 0 0 0 0 -1000.00 -1000.00 -1000.00 -1000.00 1.9158 0.4880 0.6961 70.1597 2.1026 7.7357 0.0156 0.0000 -0.0000 309 pedestrian_0019
Pedestrian 1.00 1.00 0 0 0 0 0 0 0 0 -1000.00 -1000.00 -1000.00 -1000.00 1.3390 0.3253 0.5005 208.0129 1.9426 -34.9631 -1.5592 0.0000 -0.0000 310 pedestrian_0012
Pedestrian 1.00 1.00 0 0 0 0 0 0 0 0 -1000.00 -1000.00 -1000.00 -1000.00 1.9158 0.4880 0.3967 89.0990 1.9499 -170.0616 -3.1073 0.0000 -0.0000 311 pedestrian_0022
Pedestrian 1.00 1.00 0 0 0 0 0 0 0 0 -1000.00 -1000.00 -1000.00 -1000.00 1.9158 0.4880 0.4796 146.2585 1.8943 -186.3594 1.2574 0.0000 -0.0000 312 pedestrian_0018
Pedestrian 1.00 1.00 0 0 0 0 0 0 0 0 -1000.00 -1000.00 -1000.00 -1000.00 1.9158 0.4880 0.5434 -76.5792 2.1027 6.7507 0.4879 0.0000 -0.0000 313 pedestrian_0022
Pedestrian 1.00 1.00 0 0 0 0 0 0 0 0 -1000.00 -1000.00 -1000.00 -1000.00 1.9158 0.4880 0.3891 34.2596 1.9499 -151.7946 -3.0916 0.0000 -0.0000 314 pedestrian_0005
Pedestrian 1.00 1.00 0 0 0 0 0 0 0 0 -1000.00 -1000.00 -1000.00 -1000.00 1.9158 0.4880 0.4019 83.5353 1.9502 8.0860 -0.0159 0.0000 -0.0000 315 pedestrian_0018
Pedestrian 1.00 1.00 0 0 0 0 0 0 0 0 -1000.00 -1000.00 -1000.00 -1000.00 1.9158 0.4880 0.7045 -272.0659 1.9505 -6.6105 -1.5549 0.0000 -0.0000 316 pedestrian_0024
Pedestrian 1.00 1.00 0 0 0 0 0 0 0 0 -1000.00 -1000.00 -1000.00 -1000.00 1.9158 0.4880 0.6458 -88.6540 2.1026 -84.0560 -2.9756 0.0000 -0.0000 317 pedestrian_0002
Pedestrian 1.00 1.00 0 0 0 0 0 0 0 0 -1000.00 -1000.00 -1000.00 -1000.00 1.3390 0.3253 0.3343 -93.9726 1.9412 -200.2323 1.4513 0.0000 -0.0000 318 pedestrian_0013
Pedestrian 1.00 1.00 0 0 0 5 0 0 0 0 -1000.00 -1000.00 -1000.00 -1000.00 1.9158 0.4880 0.7507 0.1475 2.0561 -150.8400 0.0725 0.0000 -0.0000 319 pedestrian_0018
Pedestrian 1.00 1.00 0 0 0 0 0 0 0 0 -1000.00 -1000.00 -1000.00 -1000.00 1.9158 0.4880 0.6650 -79.8889 2.1024 -152.6766 0.0200 0.0000 -0.0000 320 pedestrian_0006
Pedestrian 1.00 1.00 0 0 0 0 0 0 0 0 -1000.00 -1000.00 -1000.00 -1000.00 1.9158 0.4880 0.7507 -125.4191 1.9502 -288.6309 3.0581 0.0000 -0.0000 321 pedestrian_0021
Pedestrian 1.00 1.00 0 0 0 0 0 0 0 0 -1000.00 -1000.00 -1000.00 -1000.00 1.1330 0.4333 0.4866 -38.1808 1.9397 -80.3313 0.0952 0.0000 -0.0000 322 pedestrian_0010
Pedestrian 1.00 1.00 0 0 0 0 0 0 0 0 -1000.00 -1000.00 -1000.00 -1000.00 1.9158 0.4880 0.7507 82.6415 2.1024 -82.5228 0.1899 0.0000 -0.0000 323 pedestrian_0022
Pedestrian 1.00 1.00 0 0 0 0 0 0 0 0 -1000.00 -1000.00 -1000.00 -1000.00 1.9158 0.4880 0.7507 -153.1993 2.1026 -85.7158 -2.8494 0.0000 -0.0000 324 pedestrian_0015
Pedestrian 1.00 1.00 0 1 0 2 0 0 0 0 -1000.00 -1000.00 -1000.00 -1000.00 1.9158 0.4880 0.5963 -90.7082 2.1028 26.9272 3.0849 0.0000 -0.0000 325 pedestrian_0005
Pedestrian 1.00 1.00 0 0 0 0 0 0 0 0 -1000.00 -1000.00 -1000.00 -1000.00 1.9158 0.4880 0.6192 200.4626 -8.0329 1.3926 -1.5603 0.0000 -0.0000 326 pedestrian_0006
Pedestrian 1.00 1.00 0 0 0 0 0 0 0 0 -1000.00 -1000.00 -1000.00 -1000.00 1.9158 0.4880 0.7507 106.6298 1.9494 -58.6289 -3.0942 0.0000 -0.0000 327 pedestrian_0002
Pedestrian 1.00 1.00 6 5 11 282 1 0 0 0 -1000.00 -1000.00 -1000.00 -1000.00 1.9158 0.4880 0.6568 23.6493 1.9174 -30.7758 -2.9127 0.0000 -0.0000 328 pedestrian_0015
Pedestrian 0.00 1.00 0 0 0 0 0 0 0 0 127.56 360.14 133.99 368.10 1.9158 0.4880 0.7110 -199.4054 1.9507 133.8194 0.3658 0.0000 -0.0000 329 pedestrian_0005
Pedestrian 1.00 1.00 0 0 0 0 0 0 0 0 -1000.00 -1000.00 -1000.00 -1000.00 1.1330 0.4333 0.6667 -98.9140 1.9384 -288.8364 -3.1072 0.0000 -0.0000 330 pedestrian_0010
Pedestrian 0.00 1.00 0 0 0 0 0 0 0 0 1259.06 359.87 1265.19 372.11 1.9158 0.4880 0.6974 48.2068 1.8949 86.9708 3.1294 0.0000 -0.0000 331 pedestrian_0001
Pedestrian 1.00 1.00 0 0 0 0 0 0 0 0 -1000.00 -1000.00 -1000.00 -1000.00 1.9158 0.4880 0.3792 -93.8833 1.9503 -1.0044 -1.0730 0.0000 -0.0000 332 pedestrian_0017
Pedestrian 1.00 1.00 1 0 0 12 0 0 0 0 -1000.00 -1000.00 -1000.00 -1000.00 1.9158 0.4880 0.5834 -23.8549 1.9515 -80.3148 0.0061 0.0000 -0.0000 333 pedestrian_0023
Pedestrian 1.00 1.00 0 0 2 3 0 0 0 0 -1000.00 -1000.00 -1000.00 -1000.00 1.3390 0.3253 0.3972 -94.4772 1.9412 36.8446 1.6300 0.0000 -0.0000 334 pedestrian_0013
Pedestrian 1.00 1.00 0 0 0 0 0 0 0 0 -1000.00 -1000.00 -1000.00 -1000.00 1.9158 0.4880 0.7507 -92.7787 1.9501 -134.7151 1.5912 0.0000 -0.0000 335 pedestrian_0019
Pedestrian 0.00 0.00 114 132 209 11848 0 29 28 0 352.60 371.10 429.40 500.90 1.9158 0.4880 0.6795 -7.7840 2.0472 8.3126 -3.0821 0.0000 -0.0000 336 pedestrian_0017
Pedestrian 1.00 1.00 0 0 0 0 0 0 0 0 -1000.00 -1000.00 -1000.00 -1000.00 1.9158 0.4880 0.7507 -94.5377 1.9504 -288.6914 -3.1114 0.0000 -0.0000 337 pedestrian_0025
Pedestrian 1.00 1.00 0 0 0 0 0 0 0 0 -1000.00 -1000.00 -1000.00 -1000.00 1.9158 0.4880 0.4425 124.0610 -8.0638 -279.4562 0.2660 0.0000 -0.0000 338 pedestrian_0006
Pedestrian 1.00 1.00 0 0 0 0 0 0 0 0 -1000.00 -1000.00 -1000.00 -1000.00 1.1330 0.4333 0.5835 23.7155 -6.7892 -250.5655 -3.0720 0.0000 -0.0000 339 pedestrian_0011
Pedestrian 1.00 1.00 0 0 0 0 0 0 0 0 -1000.00 -1000.00 -1000.00 -1000.00 1.1330 0.4333 0.5438 126.1002 1.8852 -35.3131 -1.5470 0.0000 -0.0000 340 pedestrian_0011
Pedestrian 1.00 1.00 0 0 0 0 0 0 0 0 -1000.00 -1000.00 -1000.00 -1000.00 1.3390 0.3253 0.2909 208.3948 1.9434 -119.0351 -1.5478 0.0000 -0.0000 341 pedestrian_0013
Pedestrian 1.00 1.00 0 0 0 0 0 0 0 0 -1000.00 -1000.00 -1000.00 -1000.00 1.9158 0.4880 0.7507 39.1276 1.9499 -79.7926 0.0213 0.0000 -0.0000 342 pedestrian_0007
Pedestrian 1.00 1.00 2 0 1 14 1 0 0 0 -1000.00 -1000.00 -1000.00 -1000.00 1.9158 0.4880 0.7507 -12.0207 1.8950 -90.1740 -1.5540 0.0000 -0.0000 343 pedestrian_0021
Pedestrian 1.00 1.00 0 0 0 0 0 0 0 0 -1000.00 -1000.00 -1000.00 -1000.00 1.1330 0.4333 0.5822 201.8207 -8.0609 -110.5049 -1.5079 0.0000 -0.0000 344 pedestrian_0010
Pedestrian 1.00 1.00 80 76 133 1052 20 0 0 0 -1000.00 -1000.00 -1000.00 -1000.00 1.9158 0.4880 0.5388 5.7769 1.8952 -16.4199 -1.5573 0.0000 -0.0000 345 pedestrian_0021
Pedestrian 1.00 1.00 0 0 0 0 0 0 0 0 -1000.00 -1000.00 -1000.00 -1000.00 1.3390 0.3253 0.3147 85.2228 1.9437 47.6888 -1.8801 0.0000 -0.0000 346 pedestrian_0014
Pedestrian 1.00 1.00 0 0 0 0 0 0 0 0 -1000.00 -1000.00 -1000.00 -1000.00 1.9158 0.4880 0.5497 -73.1217 1.9526 -101.9488 -1.5328 0.0000 -0.0000 347 pedestrian_0023
Pedestrian 1.00 1.00 0 0 0 0 0 0 0 0 -1000.00 -1000.00 -1000.00 -1000.00 1.9158 0.4880 0.3936 -39.2361 1.9517 -81.0454 3.0897 0.0000 -0.0000 348 pedestrian_0008
Pedestrian 1.00 1.00 0 0 0 0 0 0 0 0 -1000.00 -1000.00 -1000.00 -1000.00 1.9158 0.4880 0.7507 -250.5312 1.9507 92.5833 0.9859 0.0000 -0.0000 349 pedestrian_0006
Pedestrian 1.00 1.00 0 0 0 0 0 0 0 0 -1000.00 -1000.00 -1000.00 -1000.00 1.9158 0.4880 0.4946 95.4663 1.9498 -171.5277 -2.9647 0.0000 -0.0000 350 pedestrian_0022
Pedestrian 1.00 1.00 0 0 0 0 0 0 0 0 -1000.00 -1000.00 -1000.00 -1000.00 1.9158 0.4880 0.7507 110.2809 1.9498 -171.2484 3.0886 0.0000 -0.0000 351 pedestrian_0023
Pedestrian 1.00 1.00 0 0 0 0 0 0 0 0 -1000.00 -1000.00 -1000.00 -1000.00 1.9158 0.4880 0.7455 41.4786 1.9121 -190.6702 -3.0728 0.0000 -0.0000 352 pedestrian_0006
Pedestrian 1.00 1.00 0 0 0 0 0 0 0 0 -1000.00 -1000.00 -1000.00 -1000.00 1.9158 0.4880 0.7507 60.0609 1.9502 -0.5420 1.5534 0.0000 -0.0000 353 pedestrian_0024
Pedestrian 0.00 1.00 0 0 0 0 0 0 0 0 724.37 363.10 727.65 367.47 1.1330 0.4333 0.6667 -59.9953 1.9392 144.0091 -0.0094 0.0000 -0.0000 354 pedestrian_0011
Pedestrian 1.00 1.00 0 0 0 17 0 0 0 0 -1000.00 -1000.00 -1000.00 -1000.00 1.9158 0.4880 0.6395 63.4734 2.1027 31.4628 3.1102 0.0000 -0.0000 355 pedestrian_0017
Pedestrian 1.00 1.00 0 0 0 0 0 0 0 0 -1000.00 -1000.00 -1000.00 -1000.00 1.3390 0.3253 0.2677 165.1123 -8.0584 -52.5597 -0.6488 0.0000 -0.0000 356 pedestrian_0012
Pedestrian 1.00 1.00 0 0 0 0 0 0 0 0 -1000.00 -1000.00 -1000.00 -1000.00 1.9158 0.4880 0.4147 -189.4835 1.9501 -282.7802 2.8642 0.0000 -0.0000 357 pedestrian_0020
Pedestrian 1.00 1.00 0 0 2 5 0 0 0 0 -1000.00 -1000.00 -1000.00 -1000.00 1.9158 0.4880 0.7507 -11.3268 1.8956 -132.6557 -1.5577 0.0000 -0.0000 358 pedestrian_0017
Pedestrian 1.00 1.00 9 7 12 66 0 2 0 0 -1000.00 -1000.00 -1000.00 -1000.00 1.9158 0.4880 0.4989 -43.4652 1.9499 8.3036 3.1186 0.0000 -0.0000 359 pedestrian_0025
Pedestrian 1.00 1.00 0 0 0 0 0 0 0 0 -1000.00 -1000.00 -1000.00 -1000.00 1.3390 0.3253 0.5005 -220.1635 1.9426 -268.2784 -0.5562 0.0000 -0.0000 360 pedestrian_0013
Pedestrian 1.00 1.00 0 0 0 0 0 0 0 0 -1000.00 -1000.00 -1000.00 -1000.00 1.3390 0.3253 0.5005 -96.2113 1.9414 -288.3761 -3.1161 0.0000 -0.0000 361 pedestrian_0013
Pedestrian 1.00 1.00 0 0 0 0 0 0 0 0 -1000.00 -1000.00 -1000.00 -1000.00 1.3390 0.3253 0.3260 56.2511 1.9418 -5.5990 -1.9180 0.0000 -0.0000 362 pedestrian_0013
Pedestrian 1.00 1.00 0 0 0 0 0 0 0 0 -1000.00 -1000.00 -1000.00 -1000.00 1.1330 0.4333 0.3835 -48.7378 1.9149 -54.5650 2.5704 0.0000 -0.0000 363 pedestrian_0011
Pedestrian 1.00 1.00 0 0 0 0 0 0 0 0 -1000.00 -1000.00 -1000.00 -1000.00 1.3390 0.3253 0.4254 38.1411 1.8860 -202.4723 -0.0231 0.0000 -0.0000 364 pedestrian_0012
Pedestrian 1.00 1.00 0 0 0 0 0 0 0 0 -1000.00 -1000.00 -1000.00 -1000.00 1.9158 0.4880 0.5374 125.5412 1.8947 -9.3362 -1.5141 0.0000 -0.0000 365 pedestrian_0023
Pedestrian 0.00 1.00 0 0 0 1 0 0 0 0 6.70 360.01 16.36 373.67 1.9158 0.4880 0.5262 -132.6442 1.9169 77.9819 -0.0022 0.0000 -0.0000 366 pedestrian_0005
Pedestrian 1.00 1.00 0 0 0 0 0 0 0 0 -1000.00 -1000.00 -1000.00 -1000.00 1.9158 0.4880 0.6163 -197.4740 1.9167 -138.0637 1.5795 0.0000 -0.0000 367 pedestrian_0021
Pedestrian 1.00 1.00 0 0 0 0 0 0 0 0 -1000.00 -1000.00 -1000.00 -1000.00 1.1330 0.4333 0.4248 -155.3737 2.0913 -63.0840 0.0796 0.0000 -0.0000 368 pedestrian_0010
Pedestrian 1.00 1.00 0 2 1 2 0 0 0 0 -1000.00 -1000.00 -1000.00 -1000.00 1.9158 0.4880 0.7507 -4.7376 2.0469 -172.7481 -0.1404 0.0000 -0.0000 369 pedestrian_0020
Pedestrian 1.00 1.00 0 0 0 0 0 0 0 0 -1000.00 -1000.00 -1000.00 -1000.00 1.3390 0.3253 0.4238 62.1518 1.9408 -94.2186 -1.6004 0.0000 -0.0000 370 pedestrian_0012
Pedestrian 1.00 1.00 0 0 0 0 0 0 0 0 -1000.00 -1000.00 -1000.00 -1000.00 1.9158 0.4880 0.6700 60.8151 1.9502 -7.5982 -1.5038 0.0000 -0.0000 371 pedestrian_0015
Pedestrian 1.00 1.00 0 0 0 0 0 0 0 0 -1000.00 -1000.00 -1000.00 -1000.00 1.9158 0.4880 0.7507 46.7253 1.9396 -28.9567 1.8526 0.0000 -0.0000 372 pedestrian_0007
Pedestrian 1.00 1.00 0 0 0 0 0 0 0 0 -1000.00 -1000.00 -1000.00 -1000.00 1.9158 0.4880 0.6574 -271.7103 1.9526 -43.8575 -1.5523 0.0000 -0.0000 373 pedestrian_0008
Pedestrian 1.00 1.00 0 0 0 0 0 0 0 0 -1000.00 -1000.00 -1000.00 -1000.00 1.9158 0.4880 0.6253 94.1404 1.9487 -58.8461 -3.1318 0.0000 -0.0000 374 pedestrian_0020
Pedestrian 1.00 1.00 0 0 0 0 0 0 0 0 -1000.00 -1000.00 -1000.00 -1000.00 1.9158 0.4880 0.3910 -51.5706 1.9501 -171.3370 -0.8559 0.0000 -0.0000 375 pedestrian_0015
Pedestrian 1.00 1.00 0 0 0 0 0 0 0 0 -1000.00 -1000.00 -1000.00 -1000.00 1.3390 0.3253 0.3255 -67.3051 1.9452 -81.3251 0.0750 0.0000 -0.0000 376 pedestrian_0012
Pedestrian 1.00 1.00 0 0 0 0 0 0 0 0 -1000.00 -1000.00 -1000.00 -1000.00 1.9158 0.4880 0.4429 103.6612 1.9475 -171.6409 0.0645 0.0000 -0.0000 377 pedestrian_0017
Pedestrian 1.00 1.00 0 0 0 0 0 0 0 0 -1000.00 -1000.00 -1000.00 -1000.00 1.9158 0.4880 0.7507 125.6850 1.8946 -40.0508 1.6328 0.0000 -0.0000 378 pedestrian_0025
Pedestrian 1.00 1.00 0 2 5 16 0 1 0 0 -1000.00 -1000.00 -1000.00 -1000.00 1.1330 0.4333 0.3542 -61.0367 1.9390 26.3386 -2.1850 0.0000 -0.0000 379 pedestrian_0009
Pedestrian 1.00 1.00 0 0 0 0 0 0 0 0 -1000.00 -1000.00 -1000.00 -1000.00 1.9158 0.4880 0.6010 62.1538 1.9500 -122.4446 1.6191 0.0000 -0.0000 380 pedestrian_0002
Pedestrian 1.00 1.00 0 0 0 0 0 0 0 0 -1000.00 -1000.00 -1000.00 -1000.00 1.3390 0.3253 0.4028 -94.3802 1.9416 -287.6531 0.0566 0.0000 -0.0000 381 pedestrian_0013
Pedestrian 1.00 1.00 0 0 0 0 0 0 0 0 -1000.00 -1000.00 -1000.00 -1000.00 1.3390 0.3253 0.3687 71.4575 2.0939 -171.7116 -2.7452 0.0000 -0.0000 382 pedestrian_0012
Pedestrian 0.00 0.16 6 11 14 124 0 0 1 0 1000.30 374.04 1008.70 394.16 1.1330 0.4333 0.4797 3.2904 1.8845 31.0420 -1.5657 0.0000 -0.0000 383 pedestrian_0010
Pedestrian 1.00 1.00 0 0 0 0 0 0 0 0 -1000.00 -1000.00 -1000.00 -1000.00 1.3390 0.3253 0.4529 -190.5369 1.9439 -282.5073 -0.4549 0.0000 -0.0000 384 pedestrian_0013
Pedestrian 0.00 1.00 0 0 0 0 0 0 0 0 1299.52 360.84 1304.81 373.24 1.9158 0.4880 0.5564 53.9272 2.0473 86.0587 2.2066 0.0000 -0.0000 385 pedestrian_0015
Pedestrian 1.00 1.00 5 3 4 29 0 1 0 0 -1000.00 -1000.00 -1000.00 -1000.00 1.9158 0.4880 0.7507 -73.3857 2.1028 18.8357 1.4939 0.0000 -0.0000 386 pedestrian_0018
Pedestrian 1.00 1.00 0 0 0 0 0 0 0 0 -1000.00 -1000.00 -1000.00 -1000.00 1.3390 0.3253 0.4657 -119.5801 1.9414 -288.9840 -3.0094 0.0000 -0.0000 387 pedestrian_0013
Pedestrian 1.00 1.00 0 0 0 0 0 0 0 0 -1000.00 -1000.00 -1000.00 -1000.00 1.9158 0.4880 0.7507 209.0388 1.9499 -103.6593 -1.5985 0.0000 -0.0000 388 pedestrian_0022
Pedestrian 1.00 1.00 0 0 0 0 0 0 0 0 -1000.00 -1000.00 -1000.00 -1000.00 1.9158 0.4880 0.7507 -270.3969 1.9529 -112.3637 1.5904 0.0000 -0.0000 389 pedestrian_0003
Pedestrian 1.00 1.00 0 0 0 0 0 0 0 0 -1000.00 -1000.00 -1000.00 -1000.00 1.9158 0.4880 0.7507 -128.9830 1.9503 -288.3890 3.0373 0.0000 -0.0000 390 pedestrian_0021
Pedestrian 0.00 0.93 0 0 0 5 0 0 0 0 8.65 360.01 20.00 373.57 1.9158 0.4880 0.7350 -133.2872 1.9170 78.5895 -3.0854 0.0000 -0.0000 391 pedestrian_0016
Pedestrian 1.00 1.00 0 0 0 0 0 0 0 0 -1000.00 -1000.00 -1000.00 -1000.00 1.9158 0.4880 0.5556 -76.7930 1.9490 -287.6375 2.7274 0.0000 -0.0000 392 pedestrian_0005
Pedestrian 1.00 1.00 0 0 0 0 0 0 0 0 -1000.00 -1000.00 -1000.00 -1000.00 1.9158 0.4880 0.4774 147.1082 -8.0542 -221.8189 0.8830 0.0000 -0.0000 393 pedestrian_0026
Pedestrian 1.00 1.00 0 0 0 0 0 0 0 0 -1000.00 -1000.00 -1000.00 -1000.00 1.9158 0.4880 0.7507 102.6355 1.9501 -60.1422 -3.1291 0.0000 -0.0000 394 pedestrian_0022
Pedestrian 1.00 1.00 0 0 0 0 0 0 0 0 -1000.00 -1000.00 -1000.00 -1000.00 1.1330 0.4333 0.6294 164.5609 -8.0636 -49.7460 1.6174 0.0000 -0.0000 395 pedestrian_0010
Pedestrian 1.00 1.00 0 0 0 0 0 0 0 0 -1000.00 -1000.00 -1000.00 -1000.00 1.9158 0.4880 0.4036 126.4838 1.8948 33.2397 -2.6735 0.0000 -0.0000 396 pedestrian_0006
Pedestrian 1.00 1.00 0 0 0 0 0 0 0 0 -1000.00 -1000.00 -1000.00 -1000.00 1.3390 0.3253 0.5005 -90.9002 1.9417 -98.8352 -1.6103 0.0000 -0.0000 397 pedestrian_0012
Pedestrian 1.00 1.00 0 0 0 0 0 0 0 0 -1000.00 -1000.00 -1000.00 -1000.00 1.1330 0.4333 0.6667 82.2593 2.0908 -198.5142 -3.0020 0.0000 -0.0000 398 pedestrian_0010
Pedestrian 0.00 1.00 0 0 0 0 0 0 0 0 101.99 360.01 113.01 373.62 1.9158 0.4880 0.7507 -119.6005 1.9168 78.2807 -3.0482 0.0000 -0.0000 399 pedestrian_0007
Pedestrian 1.00 1.00 0 0 0 0 0 0 0 0 -1000.00 -1000.00 -1000.00 -1000.00 1.9158 0.4880 0.6437 198.6481 -7.8833 49.8576 -1.3726 0.0000 -0.0000 400 pedestrian_0001
Pedestrian 1.00 1.00 0 0 0 0 0 0 0 0 -1000.00 -1000.00 -1000.00 -1000.00 1.9158 0.4880 0.7507 36.9963 1.9319 -27.5756 2.6432 0.0000 -0.0000 401 pedestrian_0016
Pedestrian 1.00 1.00 0 0 0 0 0 0 0 0 -1000.00 -1000.00 -1000.00 -1000.00 1.9158 0.4880 0.7507 -267.7939 1.9506 55.1188 1.3663 0.0000 -0.0000 402 pedestrian_0021
Pedestrian 1.00 1.00 0 0 0 0 0 0 0 0 -1000.00 -1000.00 -1000.00 -1000.00 1.9158 0.4880 0.6090 46.9168 1.9496 -59.9942 -0.0520 0.0000 -0.0000 403 pedestrian_0006
Pedestrian 1.00 1.00 3 4 4 11 0 0 0 0 -1000.00 -1000.00 -1000.00 -1000.00 1.9158 0.4880 0.7507 -86.1506 2.1028 27.9989 2.8903 0.0000 -0.0000 404 pedestrian_0023
Pedestrian 1.00 1.00 0 0 0 0 0 0 0 0 -1000.00 -1000.00 -1000.00 -1000.00 1.1330 0.4333 0.6073 61.7551 2.0911 -77.2814 -1.5405 0.0000 -0.0000 405 pedestrian_0011
Pedestrian 0.00 0.01 104 127 193 12620 0 0 27 41 1389.10 362.45 1447.90 506.55 1.9158 0.4880 0.4128 6.7939 1.8977 7.2670 -2.0324 0.0000 -0.0000 406 pedestrian_0004
Pedestrian 1.00 1.00 0 0 0 0 0 0 0 0 -1000.00 -1000.00 -1000.00 -1000.00 1.9158 0.4880 0.4749 57.5939 1.9499 -172.5412 2.9618 0.0000 -0.0000 407 pedestrian_0026
Pedestrian 1.00 1.00 0 0 0 0 0 0 0 0 -1000.00 -1000.00 -1000.00 -1000.00 1.3390 0.3253 0.3623 144.9214 1.8883 -4.7365 -1.5921 0.0000 -0.0000 408 pedestrian_0013
Pedestrian 1.00 1.00 0 0 0 0 0 0 0 0 -1000.00 -1000.00 -1000.00 -1000.00 1.1330 0.4333 0.5587 -94.4236 1.9389 -199.0680 -1.4819 0.0000 -0.0000 409 pedestrian_0010
Pedestrian 1.00 1.00 0 0 0 0 0 0 0 0 -1000.00 -1000.00 -1000.00 -1000.00 1.9158 0.4880 0.5137 142.8243 1.8953 52.6747 -1.3804 0.0000 -0.0000 410 pedestrian_0020
Pedestrian 1.00 1.00 0 0 0 0 0 0 0 0 -1000.00 -1000.00 -1000.00 -1000.00 1.9158 0.4880 0.7313 -91.9164 1.9501 -141.3044 -1.6097 0.0000 -0.0000 411 pedestrian_0025
Pedestrian 1.00 1.00 0 0 0 0 0 0 0 0 -1000.00 -1000.00 -1000.00 -1000.00 1.1330 0.4333 0.4727 119.5784 1.9190 37.4833 0.0219 0.0000 -0.0000 412 pedestrian_0010
Pedestrian 1.00 1.00 0 0 0 0 0 0 0 0 -1000.00 -1000.00 -1000.00 -1000.00 1.9158 0.4880 0.4112 124.2917 1.9485 -168.6417 0.1287 0.0000 -0.0000 413 pedestrian_0015
Pedestrian 1.00 1.00 0 0 0 0 0 0 0 0 -1000.00 -1000.00 -1000.00 -1000.00 1.1330 0.4333 0.6667 66.0658 1.8829 -219.7918 -0.0597 0.0000 -0.0000 414 pedestrian_0011
Pedestrian 1.00 1.00 4 6 9 37 1 0 0 0 -1000.00 -1000.00 -1000.00 -1000.00 1.9158 0.4880 0.6065 7.0911 2.1025 -73.1942 1.9419 0.0000 -0.0000 415 pedestrian_0025
Pedestrian 1.00 1.00 0 0 0 0 0 0 0 0 -1000.00 -1000.00 -1000.00 -1000.00 1.1330 0.4333 0.6269 164.8748 -8.0614 -65.5935 1.5971 0.0000 -0.0000 416 pedestrian_0009
Pedestrian 0.00 1.00 0 0 0 0 0 0 0 0 1080.05 324.22 1084.55 334.19 1.9158 0.4880 0.7507 24.6468 -5.0444 108.0787 0.0642 0.0000 -0.0000 417 pedestrian_0026
Pedestrian 1.00 1.00 0 0 0 0 0 0 0 0 -1000.00 -1000.00 -1000.00 -1000.00 1.9158 0.4880 0.7507 -272.2629 1.9521 7.3927 -1.6078 0.0000 -0.0000 418 pedestrian_0019
Pedestrian 1.00 1.00 0 0 0 0 0 0 0 0 -1000.00 -1000.00 -1000.00 -1000.00 1.9158 0.4880 0.7507 -36.9735 1.9505 -62.1494 -0.0052 0.0000 -0.0000 419 pedestrian_0018
Pedestrian 1.00 1.00 0 0 0 0 0 0 0 0 -1000.00 -1000.00 -1000.00 -1000.00 1.9158 0.4880 0.6161 -119.0312 1.9501 -287.9465 0.0217 0.0000 -0.0000 420 pedestrian_0026
Pedestrian 1.00 1.00 0 0 0 0 0 0 0 0 -1000.00 -1000.00 -1000.00 -1000.00 1.9158 0.4880 0.3839 146.3953 1.8945 -84.8130 0.2948 0.0000 -0.0000 421 pedestrian_0005
Pedestrian 1.00 1.00 0 0 0 0 0 0 0 0 -1000.00 -1000.00 -1000.00 -1000.00 1.9158 0.4880 0.7507 60.9063 2.1025 -69.8704 -1.4389 0.0000 -0.0000 422 pedestrian_0021
Pedestrian 1.00 1.00 0 0 0 0 0 0 0 0 -1000.00 -1000.00 -1000.00 -1000.00 1.9158 0.4880 0.6424 124.4796 2.1022 -163.0010 1.7002 0.0000 -0.0000 423 pedestrian_0025
Pedestrian 1.00 1.00 0 0 0 0 0 0 0 0 -1000.00 -1000.00 -1000.00 -1000.00 1.9158 0.4880 0.4596 126.5172 1.8945 -95.3319 1.5478 0.0000 -0.0000 424 pedestrian_0008
Pedestrian 0.00 1.00 0 0 0 488 0 0 2 2 1616.85 360.20 1630.67 397.05 1.9158 0.4880 0.4425 35.9367 1.9483 29.2871 -0.0880 0.0000 -0.0000 425 pedestrian_0018
Pedestrian 1.00 1.00 0 0 0 0 0 0 0 0 -1000.00 -1000.00 -1000.00 -1000.00 1.9158 0.4880 0.7507 -120.7981 1.9535 -83.3237 -3.1334 0.0000 -0.0000 426 pedestrian_0020
Pedestrian 1.00 1.00 0 0 0 0 0 0 0 0 -1000.00 -1000.00 -1000.00 -1000.00 1.3390 0.3253 0.3272 -24.3821 1.9437 -170.9536 3.0024 0.0000 -0.0000 427 pedestrian_0012
Pedestrian 1.00 1.00 0 0 0 0 0 0 0 0 -1000.00 -1000.00 -1000.00 -1000.00 1.1330 0.4333 0.4530 128.3982 1.8856 -108.0040 -1.5851 0.0000 -0.0000 428 pedestrian_0011
Pedestrian 1.00 1.00 0 0 0 0 0 0 0 0 -1000.00 -1000.00 -1000.00 -1000.00 1.9158 0.4880 0.4575 -95.9077 1.9553 -173.5475 2.5891 0.0000 -0.0000 429 pedestrian_0006
Pedestrian 1.00 1.00 0 0 0 0 0 0 0 0 -1000.00 -1000.00 -1000.00 -1000.00 1.9158 0.4880 0.6167 125.3222 1.8954 -1.6508 -1.4952 0.0000 -0.0000 430 pedestrian_0021
Pedestrian 1.00 1.00 0 0 0 0 0 0 0 0 -1000.00 -1000.00 -1000.00 -1000.00 1.9158 0.4880 0.7507 -27.7531 1.9487 -62.1689 -3.1104 0.0000 -0.0000 431 pedestrian_0026
Pedestrian 0.00 1.00 0 0 0 0 0 0 0 0 1108.97 321.81 1113.46 331.79 1.9158 0.4880 0.7507 30.2799 -5.5122 108.0603 3.1127 0.0000 -0.0000 432 pedestrian_0026
Pedestrian 1.00 1.00 0 0 0 0 0 0 0 0 -1000.00 -1000.00 -1000.00 -1000.00 1.9158 0.4880 0.4798 -72.3800 1.9529 -98.6058 -1.4846 0.0000 -0.0000 433 pedestrian_0002
Pedestrian 1.00 1.00 0 0 0 0 0 0 0 0 -1000.00 -1000.00 -1000.00 -1000.00 1.9158 0.4880 0.6657 207.1196 2.1022 -138.6405 -0.0722 0.0000 -0.0000 434 pedestrian_0001
Pedestrian 1.00 1.00 0 0 0 0 0 0 0 0 -1000.00 -1000.00 -1000.00 -1000.00 1.9158 0.4880 0.4585 122.3240 -8.0651 -279.7004 0.3711 0.0000 -0.0000 435 pedestrian_0022
Pedestrian 1.00 1.00 0 0 0 0 0 0 0 0 -1000.00 -1000.00 -1000.00 -1000.00 1.9158 0.4880 0.5079 57.6457 2.1026 19.6656 -1.5035 0.0000 -0.0000 436 pedestrian_0005
Pedestrian 1.00 1.00 0 0 0 0 0 0 0 0 -1000.00 -1000.00 -1000.00 -1000.00 1.3390 0.3253 0.5005 63.3569 2.0941 -58.9197 2.9973 0.0000 -0.0000 437 pedestrian_0013
Pedestrian 1.00 1.00 0 0 0 0 0 0 0 0 -1000.00 -1000.00 -1000.00 -1000.00 1.1330 0.4333 0.6667 -223.2268 1.9397 -264.8042 2.4934 0.0000 -0.0000 438 pedestrian_0011
Pedestrian 1.00 1.00 4 7 12 49 0 1 0 0 -1000.00 -1000.00 -1000.00 -1000.00 1.9158 0.4880 0.7507 -53.0106 1.9504 26.3052 3.1235 0.0000 -0.0000 439 pedestrian_0006
Pedestrian 0.00 1.00 0 0 0 0 0 0 0 0 1157.54 330.87 1159.88 336.05 1.3390 0.3253 0.4934 52.7948 -6.2750 145.0278 -3.1214 0.0000 -0.0000 440 pedestrian_0014
Pedestrian 1.00 1.00 1 1 1 3 0 0 0 0 -1000.00 -1000.00 -1000.00 -1000.00 1.9158 0.4880 0.4967 -95.8243 1.9501 39.0539 -1.6367 0.0000 -0.0000 441 pedestrian_0025
Pedestrian 1.00 1.00 0 0 0 0 0 0 0 0 -1000.00 -1000.00 -1000.00 -1000.00 1.9158 0.4880 0.4931 -231.9998 1.9507 113.0959 -2.4347 0.0000 -0.0000 442 pedestrian_0003
Pedestrian 1.00 1.00 0 0 0 0 0 0 0 0 -1000.00 -1000.00 -1000.00 -1000.00 1.9158 0.4880 0.7507 120.4541 2.1024 -75.7322 -2.9078 0.0000 -0.0000 443 pedestrian_0024
Pedestrian 1.00 1.00 0 1 3 9 0 0 0 0 -1000.00 -1000.00 -1000.00 -1000.00 1.9158 0.4880 0.5160 6.4298 1.8930 -126.3225 1.6171 0.0000 -0.0000 444 pedestrian_0007
Pedestrian 1.00 1.00 0 0 0 0 0 0 0 0 -1000.00 -1000.00 -1000.00 -1000.00 1.9158 0.4880 0.3957 -112.1336 1.9555 -62.0201 0.4783 0.0000 -0.0000 445 pedestrian_0023
Pedestrian 1.00 1.00 0 0 0 0 0 0 0 0 -1000.00 -1000.00 -1000.00 -1000.00 1.9158 0.4880 0.6370 -270.6683 1.9489 42.6934 1.4196 0.0000 -0.0000 446 pedestrian_0026
Pedestrian 1.00 1.00 0 0 0 0 0 0 0 0 -1000.00 -1000.00 -1000.00 -1000.00 1.1330 0.4333 0.5113 165.5708 -8.0589 -68.8620 -1.5641 0.0000 -0.0000 447 pedestrian_0009
Pedestrian 1.00 1.00 0 0 0 0 0 0 0 0 -1000.00 -1000.00 -1000.00 -1000.00 1.9158 0.4880 0.7507 82.6044 -8.0725 -249.1746 0.0652 0.0000 -0.0000 448 pedestrian_0015
Pedestrian 1.00 1.00 0 0 0 0 0 0 0 0 -1000.00 -1000.00 -1000.00 -1000.00 1.9158 0.4880 0.3921 154.2742 1.9500 -77.1110 -3.0263 0.0000 -0.0000 449 pedestrian_0017
Pedestrian 1.00 1.00 0 0 0 2 0 0 0 0 -1000.00 -1000.00 -1000.00 -1000.00 1.9158 0.4880 0.6436 7.3973 1.8948 -144.7067 1.5564 0.0000 -0.0000 450 pedestrian_0023
Pedestrian 1.00 1.00 0 0 0 0 0 0 0 0 -1000.00 -1000.00 -1000.00 -1000.00 1.9158 0.4880 0.7507 -33.3355 1.9103 -57.4899 2.9924 0.0000 -0.0000 451 pedestrian_0001
Pedestrian 1.00 1.00 0 0 0 0 0 0 0 0 -1000.00 -1000.00 -1000.00 -1000.00 1.9158 0.4880 0.6975 -164.4773 1.9169 53.9358 -2.7657 0.0000 -0.0000 452 pedestrian_0017
Pedestrian 1.00 1.00 0 0 0 0 0 0 0 0 -1000.00 -1000.00 -1000.00 -1000.00 1.1330 0.4333 0.6364 31.2660 1.9387 -60.7917 3.1342 0.0000 -0.0000 453 pedestrian_0011
Pedestrian 1.00 1.00 0 0 0 0 0 0 0 0 -1000.00 -1000.00 -1000.00 -1000.00 1.9158 0.4880 0.7130 -268.9574 1.9528 -169.2981 -1.5372 0.0000 -0.0000 454 pedestrian_0018
Pedestrian 1.00 1.00 0 0 0 0 0 0 0 0 -1000.00 -1000.00 -1000.00 -1000.00 1.9158 0.4880 0.6981 139.4366 1.8946 -203.0991 0.8624 0.0000 -0.0000 455 pedestrian_0021
Pedestrian 1.00 1.00 0 0 0 0 0 0 0 0 -1000.00 -1000.00 -1000.00 -1000.00 1.9158 0.4880 0.4992 208.9557 1.9502 -42.7387 -1.5748 0.0000 -0.0000 456 pedestrian_0007
Pedestrian 1.00 1.00 8 17 25 0 0 0 0 0 -1000.00 -1000.00 -1000.00 -1000.00 1.9158 0.4880 0.7507 17.5646 1.9113 -32.0450 -2.9758 0.0000 -0.0000 457 pedestrian_0021
Pedestrian 0.00 1.00 0 0 0 0 0 0 0 0 1471.00 315.01 1477.26 325.10 1.9158 0.4880 0.7507 100.8213 -6.8109 107.8294 2.9084 0.0000 -0.0000 458 pedestrian_0019
Pedestrian 0.00 1.00 0 0 0 0 0 0 0 0 150.71 363.29 155.57 367.96 1.1330 0.4333 0.5258 -196.2813 1.9393 135.3816 0.4494 0.0000 -0.0000 459 pedestrian_0009
Pedestrian 0.00 1.00 0 0 0 0 0 0 0 0 26.18 360.15 33.00 368.48 1.9158 0.4880 0.6465 -213.9555 1.9507 127.9342 -2.6472 0.0000 -0.0000 460 pedestrian_0004
Pedestrian 1.00 1.00 0 0 0 0 0 0 0 0 -1000.00 -1000.00 -1000.00 -1000.00 1.3390 0.3253 0.4359 -94.0113 1.9418 -55.5986 1.7700 0.0000 -0.0000 461 pedestrian_0012
Pedestrian 1.00 1.00 0 0 0 0 0 0 0 0 -1000.00 -1000.00 -1000.00 -1000.00 1.9158 0.4880 0.4503 -151.0830 2.1026 -85.7157 1.1691 0.0000 -0.0000 462 pedestrian_0006
Pedestrian 1.00 1.00 0 0 0 0 0 0 0 0 -1000.00 -1000.00 -1000.00 -1000.00 1.1330 0.4333 0.6667 7.7255 2.0911 -73.3966 1.6050 0.0000 -0.0000 463 pedestrian_0009
Pedestrian 1.00 1.00 0 0 0 0 0 0 0 0 -1000.00 -1000.00 -1000.00 -1000.00 1.3390 0.3253 0.3385 -104.6591 1.9417 -152.2875 -0.0964 0.0000 -0.0000 464 pedestrian_0014
Pedestrian 1.00 1.00 0 0 0 0 0 0 0 0 -1000.00 -1000.00 -1000.00 -1000.00 1.1330 0.4333 0.6667 -92.5151 1.9389 -113.7305 -1.5313 0.0000 -0.0000 465 pedestrian_0010
Pedestrian 1.00 1.00 0 0 0 0 0 0 0 0 -1000.00 -1000.00 -1000.00 -1000.00 1.9158 0.4880 0.7460 -67.8150 1.9451 -43.1572 0.4480 0.0000 -0.0000 466 pedestrian_0017
Pedestrian 1.00 1.00 41 53 92 690 0 18 0 0 -1000.00 -1000.00 -1000.00 -1000.00 1.9158 0.4880 0.4512 -17.2228 1.9480 7.7952 2.6540 0.0000 -0.0000 467 pedestrian_0004
Pedestrian 1.00 1.00 0 0 0 27 0 0 0 0 -1000.00 -1000.00 -1000.00 -1000.00 1.9158 0.4880 0.4004 61.4184 2.1027 30.1368 -2.9625 0.0000 -0.0000 468 pedestrian_0021
Pedestrian 1.00 1.00 0 0 0 0 0 0 0 0 -1000.00 -1000.00 -1000.00 -1000.00 1.3390 0.3253 0.3360 58.5247 1.9417 -60.0840 -0.1800 0.0000 -0.0000 469 pedestrian_0013
Pedestrian 1.00 1.00 0 0 0 0 0 0 0 0 -1000.00 -1000.00 -1000.00 -1000.00 1.9158 0.4880 0.7507 128.2987 1.8944 -129.4501 1.5376 0.0000 -0.0000 470 pedestrian_0001
Pedestrian 1.00 1.00 0 0 0 0 0 0 0 0 -1000.00 -1000.00 -1000.00 -1000.00 1.9158 0.4880 0.7397 101.1013 1.9501 -59.7785 -0.2277 0.0000 -0.0000 471 pedestrian_0015
Pedestrian 0.00 1.00 0 0 0 0 0 0 0 0 553.68 360.13 557.94 367.53 1.9158 0.4880 0.7507 -104.1417 1.9506 143.9053 0.0457 0.0000 -0.0000 472 pedestrian_0024
Pedestrian 1.00 1.00 0 0 0 0 0 0 0 0 -1000.00 -1000.00 -1000.00 -1000.00 1.3390 0.3253 0.3471 -74.4517 1.9434 -196.1082 1.5489 0.0000 -0.0000 473 pedestrian_0013
Pedestrian 1.00 1.00 0 0 0 0 0 0 0 0 -1000.00 -1000.00 -1000.00 -1000.00 1.9158 0.4880 0.6871 -121.0504 1.9498 -289.3017 3.1050 0.0000 -0.0000 474 pedestrian_0018
Pedestrian 1.00 1.00 0 0 0 0 0 0 0 0 -1000.00 -1000.00 -1000.00 -1000.00 1.3390 0.3253 0.4943 13.1568 1.9415 -171.3727 -3.0904 0.0000 -0.0000 475 pedestrian_0012
Pedestrian 1.00 1.00 0 0 1 4 0 0 0 0 -1000.00 -1000.00 -1000.00 -1000.00 1.9158 0.4880 0.6450 -94.3820 1.9487 38.6552 -1.5449 0.0000 -0.0000 476 pedestrian_0026
Pedestrian 1.00 1.00 0 0 0 0 0 0 0 0 -1000.00 -1000.00 -1000.00 -1000.00 1.9158 0.4880 0.5269 -83.8039 1.9499 -287.4005 -3.1195 0.0000 -0.0000 477 pedestrian_0016
Pedestrian 1.00 1.00 0 0 0 0 0 0 0 0 -1000.00 -1000.00 -1000.00 -1000.00 1.9158 0.4880 0.7507 62.9995 1.9500 -122.8785 1.5479 0.0000 -0.0000 478 pedestrian_0006
Pedestrian 1.00 1.00 0 0 0 0 0 0 0 0 -1000.00 -1000.00 -1000.00 -1000.00 1.9158 0.4880 0.6088 -147.2231 1.9499 -288.7785 3.1018 0.0000 -0.0000 479 pedestrian_0001
Pedestrian 0.00 1.00 0 0 0 0 0 0 0 0 1197.19 359.87 1203.32 372.10 1.9158 0.4880 0.7507 38.5221 1.8949 87.0262 -3.1377 0.0000 -0.0000 480 pedestrian_0021
Car 1.00 1.00 0 0 0 0 0 0 0 0 -1000.00 -1000.00 -1000.00 -1000.00 1.6980 1.9434 4.1871 17.8163 1.9850 -136.4914 -1.5556 0.0000 -0.0000 481 citroen_c3
Car 1.00 1.00 0 0 0 0 0 0 0 0 -1000.00 -1000.00 -1000.00 -1000.00 1.9718 2.0005 4.0595 18.4247 1.9505 -125.4402 -1.5556 0.0000 -0.0000 482 jeep_wrangler_rubicon
Car 1.00 1.00 0 0 0 0 0 0 0 0 -1000.00 -1000.00 -1000.00 -1000.00 1.9718 2.0005 4.0595 48.9311 1.9855 -135.4218 1.5860 0.0000 -0.0000 483 jeep_wrangler_rubicon
Car 1.00 1.00 0 0 0 0 0 0 0 0 -1000.00 -1000.00 -1000.00 -1000.00 1.9718 2.0005 4.0595 15.4838 1.9505 -125.4849 -1.5556 0.0000 -0.0000 484 jeep_wrangler_rubicon
Car 1.00 1.00 0 0 0 0 0 0 0 0 -1000.00 -1000.00 -1000.00 -1000.00 1.9718 2.0005 4.0595 -62.7673 1.9929 -113.6408 0.0152 0.0000 -0.0000 485 nissan_patrol
Car 1.00 1.00 0 0 0 0 0 0 0 0 -1000.00 -1000.00 -1000.00 -1000.00 1.5488 2.0688 3.9961 -62.7374 2.0206 -116.5359 -3.1264 0.0000 -0.0000 486 nissan_patrol
Car 1.00 1.00 0 0 0 0 0 0 0 0 -1000.00 -1000.00 -1000.00 -1000.00 1.4855 2.1349 -5.6254 -56.6026 1.9826 -96.6445 -3.1264 0.0000 -0.0000 487 nissan_patrol
Car 1.00 1.00 0 0 0 0 0 0 0 0 -1000.00 -1000.00 -1000.00 -1000.00 1.6244 1.8781 -3.8906 -56.3451 1.9687 -113.5420 0.0152 0.0000 -0.0000 488 nissan_patrol
Car 1.00 1.00 0 0 0 19 0 0 0 0 -1000.00 -1000.00 -1000.00 -1000.00 1.7506 2.3538 -4.8416 -39.2216 2.0495 -90.7620 0.0152 0.0000 -0.0000 489 nissan_patrol
Car 1.00 1.00 13 17 26 138 1 0 0 0 -1000.00 -1000.00 -1000.00 -1000.00 1.9718 2.0005 -4.0595 -39.0432 1.9929 -105.0589 -3.1264 0.0000 -0.0000 490 nissan_patrol
Car 1.00 1.00 0 0 0 0 0 0 0 0 -1000.00 -1000.00 -1000.00 -1000.00 1.9476 2.0282 4.8347 -63.0677 1.9780 -91.1249 -3.1264 0.0000 -0.0000 491 nissan_patrol
Car 1.00 1.00 0 0 0 0 0 0 0 0 -1000.00 -1000.00 -1000.00 -1000.00 1.9718 2.0005 4.0595 -63.0813 1.9929 -94.0196 -3.1264 0.0000 -0.0000 492 nissan_patrol
Car 1.00 1.00 0 0 0 0 0 0 0 0 -1000.00 -1000.00 -1000.00 -1000.00 1.6244 1.8781 3.8906 -45.6203 1.9687 -93.7548 0.0152 0.0000 -0.0000 493 nissan_patrol
Car 1.00 1.00 0 0 0 0 0 0 0 0 -1000.00 -1000.00 -1000.00 -1000.00 1.5488 2.0688 3.9961 -45.5777 2.0207 -96.4784 -3.1264 0.0000 -0.0000 494 nissan_patrol
Car 1.00 1.00 0 0 0 4 0 0 0 0 -1000.00 -1000.00 -1000.00 -1000.00 2.1397 2.1728 4.7017 -45.4222 1.9794 -105.1570 -3.1264 0.0000 -0.0000 495 nissan_patrol
Car 1.00 1.00 5 7 13 65 1 0 0 0 -1000.00 -1000.00 -1000.00 -1000.00 1.9476 2.0282 4.8347 -45.2492 1.9779 -113.3729 -3.1264 0.0000 -0.0000 496 nissan_patrol
Car 1.00 1.00 0 0 2 6 0 0 0 0 -1000.00 -1000.00 -1000.00 -1000.00 1.5100 1.8730 4.1000 -45.2724 1.9696 -116.2700 -3.1264 0.0000 -0.0000 497 nissan_patrol
Car 1.00 1.00 2 7 13 27 0 0 0 0 -1000.00 -1000.00 -1000.00 -1000.00 1.5488 2.0688 3.9961 -30.3959 2.0206 -102.0329 0.0152 0.0000 -0.0000 498 nissan_patrol
Car 1.00 1.00 0 0 0 0 0 0 0 0 -1000.00 -1000.00 -1000.00 -1000.00 1.5100 1.8730 4.1000 -30.3558 1.9696 -104.9277 0.0152 0.0000 -0.0000 499 nissan_patrol
Car 1.00 1.00 0 0 0 0 0 0 0 0 -1000.00 -1000.00 -1000.00 -1000.00 1.9476 2.0282 4.8347 -30.2676 1.9779 -107.6101 -3.1264 0.0000 -0.0000 500 nissan_patrol
Car 1.00 1.00 19 18 30 144 4 0 0 0 -1000.00 -1000.00 -1000.00 -1000.00 2.1397 2.1728 -4.7017 -24.1782 1.9795 -90.5330 -3.1264 0.0000 -0.0000 501 nissan_patrol
Car 1.00 1.00 7 6 7 30 1 0 0 0 -1000.00 -1000.00 -1000.00 -1000.00 1.9476 2.0282 -4.8347 -24.0673 1.9779 -93.4269 0.0152 0.0000 -0.0000 502 nissan_patrol
Car 1.00 1.00 14 15 21 98 3 0 0 0 -1000.00 -1000.00 -1000.00 -1000.00 1.6244 1.8781 -3.8906 -23.8814 1.9686 -110.4084 -3.1264 0.0000 -0.0000 503 nissan_patrol
Car 1.00 1.00 6 3 9 37 2 0 0 0 -1000.00 -1000.00 -1000.00 -1000.00 1.7506 2.3538 -4.8416 -23.8655 2.0494 -113.0476 -3.1264 0.0000 -0.0000 504 nissan_patrol
Car 1.00 1.00 0 0 0 0 0 0 0 0 -1000.00 -1000.00 -1000.00 -1000.00 1.9476 2.0282 4.8347 22.3042 1.9414 -137.0920 1.5860 0.0000 -0.0000 505 nissan_patrol
Car 1.00 1.00 0 0 0 0 0 0 0 0 -1000.00 -1000.00 -1000.00 -1000.00 1.5475 1.9070 4.4025 46.1264 1.9629 -135.0633 1.5860 0.0000 -0.0000 506 seat_leon
Car 1.00 1.00 0 0 0 0 0 0 0 0 -1000.00 -1000.00 -1000.00 -1000.00 2.5908 2.7453 5.4640 31.6946 1.9999 -136.8858 1.5860 0.0000 -0.0000 507 carlamotors_carlacola
Car 1.00 1.00 0 0 0 0 0 0 0 0 -1000.00 -1000.00 -1000.00 -1000.00 2.5908 2.7453 5.4640 116.0604 2.0212 -145.3610 -1.5556 0.0000 -0.0000 508 carlamotors_carlacola
Car 1.00 1.00 0 0 0 0 0 0 0 0 -1000.00 -1000.00 -1000.00 -1000.00 2.5908 2.7453 5.4640 119.5486 2.0212 -145.3079 -1.5556 0.0000 -0.0000 509 carlamotors_carlacola
Car 1.00 1.00 0 0 0 0 0 0 0 0 -1000.00 -1000.00 -1000.00 -1000.00 2.5908 2.7453 5.4640 113.9942 1.8991 -117.1504 -3.1264 0.0000 -0.0000 510 carlamotors_carlacola
Car 1.00 1.00 0 0 0 0 0 0 0 0 -1000.00 -1000.00 -1000.00 -1000.00 2.5908 2.7453 5.4640 27.3842 1.9999 -136.9514 1.5860 0.0000 -0.0000 511 carlamotors_carlacola
Car 1.00 1.00 0 0 0 0 0 0 0 0 -1000.00 -1000.00 -1000.00 -1000.00 2.2031 2.5091 6.5872 53.8192 2.0111 -26.3733 1.0624 0.0000 -0.0000 512 tesla_cybertruck