Car 1.00 1.00 0 0 0 0 0 0 0 0 -1000.00 -1000.00 -1000.00 -1000.00 1.5542 2.3421 5.1370 -74.0745 5.8374 -282.9597 0.0307 -0.0156 -0.0002 0 lincoln2020_mkz2020
Car 1.00 1.00 6603 237382 380779 0 0 0 0 0 -1000.00 -1000.00 -1000.00 -1000.00 2.1397 2.1728 4.7045 -0.0005 2.0932 -2.2389 1.5708 0.0000 0.0000 1 volkswagen_t2
Motorcycle 1.00 1.00 0 0 0 0 0 0 0 0 -1000.00 -1000.00 -1000.00 -1000.00 1.6960 1.0692 2.4735 -246.3123 2.8628 -53.4335 1.5847 -0.0092 0.0001 2 harley_davidson_low_rider
Motorcycle 1.00 1.00 0 0 0 0 0 0 0 0 -1000.00 -1000.00 -1000.00 -1000.00 1.6960 1.0692 2.4735 -171.4563 5.8946 -286.2461 -0.1901 -0.0085 -0.0006 3 harley_davidson_low_rider
Car 1.00 1.00 0 0 0 0 0 0 0 0 -1000.00 -1000.00 -1000.00 -1000.00 1.6320 2.1403 5.2230 99.9024 3.0059 -69.1853 -3.1250 -0.0157 -0.0002 4 dodge_charger_police
Car 0.00 1.00 0 0 0 0 0 0 0 0 315.87 355.53 354.10 363.35 1.5542 2.3421 5.1370 -125.9872 0.6658 112.4665 -0.0079 0.0009 -0.0029 5 lincoln2020_mkz2020
Car 1.00 1.00 0 0 0 0 0 0 0 0 -1000.00 -1000.00 -1000.00 -1000.00 1.4546 2.0938 4.3903 148.3929 -4.6770 -248.0510 -2.4691 -0.0135 -0.0042 6 audi_tt
Car 1.00 1.00 0 6 10 26 5 0 0 0 -1000.00 -1000.00 -1000.00 -1000.00 1.4477 1.5550 2.3177 0.0945 3.6952 -124.5860 1.3582 -0.0176 -0.0001 7 bmw_isetta
Car 1.00 1.00 0 0 0 0 0 0 0 0 -1000.00 -1000.00 -1000.00 -1000.00 1.7173 2.2591 5.2781 92.5098 -4.3791 -269.8535 -3.0644 -0.0207 -0.0076 8 mercedes_benz_coupe
Car 0.00 0.02 381 434 684 6046 0 0 120 0 757.00 369.55 875.00 410.00 1.4812 2.1349 5.6254 -4.4121 1.8089 20.8874 1.2213 -0.0223 0.0016 9 chevrolet_impala
Car 1.00 1.00 0 0 0 0 0 0 0 0 -1000.00 -1000.00 -1000.00 -1000.00 1.6115 2.2019 5.2564 133.1609 1.5880 33.2185 -1.5221 -0.0132 0.0004 10 charger2020_charger2020
Car 1.00 1.00 0 0 0 0 0 0 0 0 -1000.00 -1000.00 -1000.00 -1000.00 2.2031 2.5091 6.5872 86.8737 4.2018 -159.9844 3.0271 -0.0131 -0.0003 11 tesla_cybertruck
Car 1.00 1.00 0 0 0 0 0 0 0 0 -1000.00 -1000.00 -1000.00 -1000.00 1.5140 2.1024 4.9073 -82.4401 3.2356 -84.2523 1.9682 -0.0103 0.0000 12 mercedesccc_mercedesccc
Car 1.00 1.00 0 0 0 0 0 0 0 0 -1000.00 -1000.00 -1000.00 -1000.00 1.6980 1.9434 4.1871 144.2399 4.1610 -159.4143 -3.1262 -0.0141 0.0029 13 citroen_c3
Car 1.00 1.00 0 0 0 0 0 0 0 0 -1000.00 -1000.00 -1000.00 -1000.00 1.4812 2.1349 5.6254 91.9867 3.0044 -69.3463 -3.1213 -0.0131 -0.0003 14 chevrolet_impala
Car 1.00 1.00 0 0 0 0 0 0 0 0 -1000.00 -1000.00 -1000.00 -1000.00 1.6320 2.1403 5.2230 132.9271 3.9736 -147.8556 -1.5476 -0.0174 -0.0002 15 dodge_charger_police
Car 1.00 1.00 0 3 4 12 1 0 0 0 -1000.00 -1000.00 -1000.00 -1000.00 1.5863 2.2347 5.1468 -7.5420 4.3609 -172.5080 0.0161 -0.0130 -0.0029 16 lincoln_mkz2017
Car 0.00 0.79 0 0 0 23 0 1 0 0 432.25 354.80 467.52 363.50 1.7318 2.1344 5.0985 -102.1728 0.6866 111.9329 0.0154 -0.0131 -0.0003 17 audi_etron
Car 1.00 1.00 0 0 1 2 1 0 0 0 -1000.00 -1000.00 -1000.00 -1000.00 1.7506 2.3538 4.8416 -13.9158 4.3737 -172.6160 0.0177 -0.0131 -0.0003 18 bmw_grandtourer
Car 1.00 1.00 34 40 58 185 0 0 0 4 -1000.00 -1000.00 -1000.00 -1000.00 1.5765 1.9374 3.8150 65.3709 1.6607 32.1573 -1.5677 -0.0131 -0.0003 19 nissan_micra
Motorcycle 1.00 1.00 0 0 1 3 0 0 0 0 -1000.00 -1000.00 -1000.00 -1000.00 1.6960 1.0692 2.4735 -4.0147 3.8261 -135.8553 -1.5204 -0.0080 0.0005 20 harley_davidson_low_rider
Car 1.00 1.00 0 0 0 0 0 0 0 0 -1000.00 -1000.00 -1000.00 -1000.00 1.5765 1.9374 3.8150 -77.8415 4.4904 -181.0270 1.5412 -0.0130 -0.0003 21 nissan_micra
Car 1.00 1.00 0 0 0 0 0 0 0 0 -1000.00 -1000.00 -1000.00 -1000.00 1.7203 2.2019 5.4994 136.0790 2.9627 -69.2162 0.9292 -0.0156 0.0002 22 chargercop2020_chargercop2020
Car 1.00 1.00 85 90 147 561 36 0 0 0 -1000.00 -1000.00 -1000.00 -1000.00 1.5475 1.9070 4.4025 -3.0193 2.5845 -40.2583 1.6047 -0.0131 -0.0003 23 seat_leon
Car 1.00 1.00 0 0 0 0 0 0 0 0 -1000.00 -1000.00 -1000.00 -1000.00 1.3660 1.9896 4.9534 -85.3008 5.4163 -250.6365 -1.5847 -0.0131 -0.0003 24 mustang_mustang
Cyclist 1.00 1.00 0 0 0 0 0 0 0 0 -1000.00 -1000.00 -1000.00 -1000.00 1.9709 0.6705 1.7250 -86.5325 1.7158 30.9089 -1.5532 -0.0081 -0.0003 25 diamondback_century
Cyclist 1.00 1.00 4 2 3 21 0 1 0 0 -1000.00 -1000.00 -1000.00 -1000.00 1.7065 0.8593 1.4873 -68.1891 1.8703 16.4429 -3.1334 -0.0132 -0.0003 26 bh_crossbike
Car 1.00 1.00 0 0 0 0 0 0 0 0 -1000.00 -1000.00 -1000.00 -1000.00 2.1397 2.1728 4.7045 -63.8951 3.0917 -72.5507 -3.1202 -0.0131 -0.0003 27 volkswagen_t2
Car 0.00 0.71 0 0 0 33 0 0 0 0 174.15 354.02 235.08 370.71 1.9718 2.0005 4.0595 -92.1711 1.2437 68.2917 -1.9654 -0.0136 -0.0010 28 jeep_wrangler_rubicon
Car 1.00 1.00 0 0 0 0 0 0 0 0 -1000.00 -1000.00 -1000.00 -1000.00 1.5627 2.2716 5.0314 72.3776 1.9888 8.3694 0.0148 -0.0135 -0.0003 29 tesla_model3
Car 1.00 1.00 0 0 0 0 0 0 0 0 -1000.00 -1000.00 -1000.00 -1000.00 1.4546 2.0938 4.3903 75.1181 4.3614 -172.6037 1.8837 -0.0141 0.0001 30 audi_tt
Car 1.00 1.00 0 0 0 0 0 0 0 0 -1000.00 -1000.00 -1000.00 -1000.00 1.5488 2.0688 3.9961 138.6995 3.1331 -84.2236 1.5903 -0.0078 0.0001 31 mini_cooperst
Car 1.00 1.00 0 0 0 0 0 0 0 0 -1000.00 -1000.00 -1000.00 -1000.00 1.6011 2.1072 4.7392 72.6317 2.0497 3.4041 1.7426 -0.0131 -0.0003 32 toyota_prius
Car 1.00 1.00 0 0 0 0 0 0 0 0 -1000.00 -1000.00 -1000.00 -1000.00 2.1397 2.1728 4.7045 -156.0801 3.0945 -70.9900 -1.4652 -0.0132 -0.0003 33 volkswagen_t2
Car 1.00 1.00 0 0 0 0 0 0 0 0 -1000.00 -1000.00 -1000.00 -1000.00 1.6011 2.1072 4.7392 -261.4260 1.8587 24.4458 -1.6340 -0.0132 0.0010 34 toyota_prius
Car 1.00 1.00 0 0 0 0 0 0 0 0 -1000.00 -1000.00 -1000.00 -1000.00 1.3660 1.9896 4.9534 77.1119 2.2730 -13.8879 1.5975 -0.0131 -0.0003 35 mustang_mustang
Car 1.00 1.00 0 0 0 0 0 0 0 0 -1000.00 -1000.00 -1000.00 -1000.00 1.6011 2.1072 4.7392 147.8219 1.8573 16.6304 -3.1059 -0.0131 -0.0003 36 toyota_prius
Car 1.00 1.00 33 37 60 214 24 0 0 0 -1000.00 -1000.00 -1000.00 -1000.00 1.7506 2.3538 4.8416 -4.6656 3.1320 -80.4203 2.0996 -0.0132 0.0001 37 bmw_grandtourer
Car 1.00 1.00 0 0 0 0 0 0 0 0 -1000.00 -1000.00 -1000.00 -1000.00 2.2031 2.5091 6.5872 88.6490 4.2509 -163.7684 -3.1120 -0.0131 -0.0003 38 tesla_cybertruck
Motorcycle 1.00 1.00 0 0 0 0 0 0 0 0 -1000.00 -1000.00 -1000.00 -1000.00 1.6387 1.2138 2.3199 137.1987 2.0457 -1.0843 1.5879 -0.0099 -0.0002 39 yamaha_yzf
Car 1.00 1.00 0 0 0 0 0 0 0 0 -1000.00 -1000.00 -1000.00 -1000.00 1.9476 2.0282 4.8347 -77.9358 2.8986 -59.3800 1.6026 -0.0161 -0.0004 40 nissan_patrol
Car 1.00 1.00 14 18 31 118 16 0 0 0 -1000.00 -1000.00 -1000.00 -1000.00 1.6115 2.2019 5.2564 -1.9831 3.2022 -86.4736 1.6792 -0.0052 0.0005 41 charger2020_charger2020
Car 1.00 1.00 0 0 0 0 0 0 0 0 -1000.00 -1000.00 -1000.00 -1000.00 1.6115 2.2019 5.2564 123.7203 4.3174 -170.6658 0.0607 -0.0132 0.0004 42 charger2020_charger2020
Motorcycle 1.00 1.00 0 0 1 9 0 0 0 0 -1000.00 -1000.00 -1000.00 -1000.00 1.6649 1.0692 2.4735 68.3071 1.6248 34.9263 -1.4797 -0.0101 -0.0003 43 harley_davidson_low_rider
Car 1.00 1.00 0 0 0 0 0 0 0 0 -1000.00 -1000.00 -1000.00 -1000.00 1.5542 2.3421 5.1370 -81.4968 5.0728 -224.4698 1.5791 -0.0153 -0.0002 44 lincoln2020_mkz2020
Motorcycle 1.00 1.00 0 0 0 0 0 0 0 0 -1000.00 -1000.00 -1000.00 -1000.00 1.6960 1.0692 2.4735 76.9235 2.1899 -8.3447 1.5938 -0.0111 -0.0002 45 harley_davidson_low_rider
Cyclist 1.00 1.00 0 0 0 0 0 0 0 0 -1000.00 -1000.00 -1000.00 -1000.00 1.9310 0.5921 1.9272 75.9392 3.3725 -99.3389 1.5795 -0.0179 -0.0003 46 gazelle_omafiets
Car 1.00 1.00 0 0 0 0 0 0 0 0 -1000.00 -1000.00 -1000.00 -1000.00 1.7318 2.1344 5.0985 52.5196 1.9577 11.7799 -0.0052 -0.0035 -0.0011 47 audi_etron
Car 1.00 1.00 0 0 0 0 0 0 0 0 -1000.00 -1000.00 -1000.00 -1000.00 1.9476 2.0282 4.8347 131.1621 2.6778 -50.9385 -1.5432 -0.0098 -0.0004 48 nissan_patrol
Car 0.00 0.00 857 929 1454 19549 0 0 185 0 513.00 368.00 745.00 439.00 1.7203 2.2019 5.4994 -7.6688 1.9016 14.6805 0.7198 -0.0139 -0.0018 49 chargercop2020_chargercop2020
Car 1.00 1.00 0 0 0 0 0 0 0 0 -1000.00 -1000.00 -1000.00 -1000.00 1.6244 1.8781 3.8906 -154.4730 3.2674 -85.5165 1.9829 -0.0107 -0.0023 50 audi_a2
Car 1.00 1.00 0 0 0 0 0 0 0 0 -1000.00 -1000.00 -1000.00 -1000.00 1.5863 2.2347 5.1468 -20.3162 4.3835 -172.8842 0.0250 -0.0131 -0.0003 51 lincoln_mkz2017
Cyclist 1.00 1.00 0 3 1 12 0 0 0 0 -1000.00 -1000.00 -1000.00 -1000.00 1.9709 0.6705 1.7250 -140.9367 2.0686 5.0502 -2.4764 -0.0083 -0.0070 52 diamondback_century
Cyclist 1.00 1.00 5 7 10 37 2 0 0 0 -1000.00 -1000.00 -1000.00 -1000.00 1.9311 0.5921 1.9272 -6.8370 3.0428 -74.7673 0.7300 -0.0160 -0.0019 53 gazelle_omafiets
Car 1.00 1.00 0 0 0 0 0 0 0 0 -1000.00 -1000.00 -1000.00 -1000.00 1.7173 2.2591 5.2781 142.0955 3.0765 -77.7121 1.5887 -0.0210 -0.0011 54 mercedes_benz_coupe
Car 1.00 1.00 0 0 0 0 0 0 0 0 -1000.00 -1000.00 -1000.00 -1000.00 1.5542 2.3421 5.1370 74.4938 4.8445 -211.6476 0.8301 -0.0113 -0.0024 55 lincoln2020_mkz2020
Car 1.00 1.00 0 0 0 0 0 0 0 0 -1000.00 -1000.00 -1000.00 -1000.00 1.7506 2.3538 4.8416 20.8433 4.2651 -164.9993 3.1324 -0.0131 -0.0003 56 bmw_grandtourer
Car 1.00 1.00 0 0 0 0 0 0 0 0 -1000.00 -1000.00 -1000.00 -1000.00 1.4546 2.0938 4.3903 75.7230 3.2082 -84.6012 1.5938 -0.0140 -0.0002 57 audi_tt
Car 1.00 1.00 0 0 0 0 0 0 0 0 -1000.00 -1000.00 -1000.00 -1000.00 1.7173 2.2591 5.2781 -95.5221 3.1680 -77.5214 2.9253 -0.0214 0.0008 58 mercedes_benz_coupe
Car 1.00 1.00 0 0 0 0 0 0 0 0 -1000.00 -1000.00 -1000.00 -1000.00 1.5542 2.3421 5.1370 53.3182 3.1539 -80.6527 0.0204 -0.0131 -0.0003 59 lincoln2020_mkz2020
Car 1.00 1.00 0 0 0 0 0 0 0 0 -1000.00 -1000.00 -1000.00 -1000.00 2.1397 2.1728 4.7045 129.6760 1.6039 32.9781 -1.5696 -0.0122 -0.0002 60 volkswagen_t2
Car 1.00 1.00 0 0 0 0 0 0 0 0 -1000.00 -1000.00 -1000.00 -1000.00 1.7506 2.3538 4.8416 212.1712 2.7130 -50.2588 -1.5733 -0.0131 -0.0002 61 bmw_grandtourer
Car 1.00 1.00 0 0 0 0 0 0 0 0 -1000.00 -1000.00 -1000.00 -1000.00 1.6320 2.1403 5.2230 97.1393 4.8155 -211.4193 -3.1377 -0.0174 -0.0003 62 dodge_charger_police
Car 1.00 1.00 5 0 2 4 0 0 0 0 -1000.00 -1000.00 -1000.00 -1000.00 1.6980 1.9434 4.1871 2.1585 3.4585 -106.3542 1.5945 -0.0131 -0.0003 63 citroen_c3
Car 1.00 1.00 0 0 0 0 0 0 0 0 -1000.00 -1000.00 -1000.00 -1000.00 1.4812 2.1349 5.6254 75.9659 3.5187 -108.2882 1.5775 -0.0130 -0.0003 64 chevrolet_impala
Car 1.00 1.00 36 49 79 309 15 0 0 0 -1000.00 -1000.00 -1000.00 -1000.00 1.6115 2.2019 5.2564 -9.8107 2.8522 -60.4898 -1.5081 -0.0132 0.0004 65 charger2020_charger2020
Car 1.00 1.00 0 0 0 0 0 0 0 0 -1000.00 -1000.00 -1000.00 -1000.00 1.3660 1.9896 4.9534 117.1505 1.9617 9.0918 -0.0898 -0.0131 -0.0003 66 mustang_mustang
Motorcycle 1.00 1.00 0 2 1 8 0 0 0 1 -1000.00 -1000.00 -1000.00 -1000.00 1.5852 1.1236 2.1350 76.7453 2.0952 -2.9419 1.6000 -0.0131 -0.0003 67 kawasaki_ninja
Car 1.00 1.00 0 0 0 0 0 0 0 0 -1000.00 -1000.00 -1000.00 -1000.00 1.5488 2.0688 3.9961 -205.8287 3.1399 -77.2982 -1.0795 -0.0130 -0.0002 68 mini_cooperst
Car 1.00 1.00 0 0 0 0 0 0 0 0 -1000.00 -1000.00 -1000.00 -1000.00 1.5542 2.3421 5.1370 -156.6754 3.1659 -77.5610 -1.5163 -0.0132 -0.0005 69 lincoln2020_mkz2020
Car 1.00 1.00 0 0 0 0 0 0 0 0 -1000.00 -1000.00 -1000.00 -1000.00 1.9718 2.0005 4.0595 -51.7030 3.0764 -72.2917 -3.1195 -0.0135 -0.0003 70 jeep_wrangler_rubicon
Car 1.00 1.00 0 0 0 0 0 0 0 0 -1000.00 -1000.00 -1000.00 -1000.00 1.7506 2.3538 4.8416 -70.8214 4.4026 -173.6493 0.2849 -0.0152 -0.0012 71 bmw_grandtourer
Car 1.00 1.00 0 0 0 0 0 0 0 0 -1000.00 -1000.00 -1000.00 -1000.00 2.2031 2.5091 6.5872 142.6461 4.2196 -164.5224 -0.6888 -0.0167 0.0003 72 tesla_cybertruck
Car 1.00 1.00 15 17 34 98 0 8 0 0 -1000.00 -1000.00 -1000.00 -1000.00 1.6244 1.8781 3.8906 -79.1163 2.0436 6.8172 1.5895 -0.0199 -0.0013 73 audi_a2
Car 1.00 1.00 0 0 0 0 0 0 0 0 -1000.00 -1000.00 -1000.00 -1000.00 1.7203 2.2019 5.4994 73.0035 4.0766 -151.1121 -1.5370 -0.0132 0.0004 74 chargercop2020_chargercop2020
Car 1.00 1.00 3 6 8 49 0 2 0 0 -1000.00 -1000.00 -1000.00 -1000.00 1.6320 2.1403 5.2230 -82.6114 2.0454 7.6788 1.5899 -0.0167 -0.0003 75 dodge_charger_police
Car 1.00 1.00 0 0 0 54 0 0 0 0 -1000.00 -1000.00 -1000.00 -1000.00 1.5140 2.1024 4.9073 50.1490 1.9944 7.9122 0.0143 -0.0131 -0.0003 76 mercedesccc_mercedesccc
Car 1.00 1.00 0 0 0 0 0 0 0 0 -1000.00 -1000.00 -1000.00 -1000.00 1.6244 1.8781 3.8906 65.6766 4.8992 -217.4702 0.2553 -0.0151 -0.0019 77 audi_a2
Car 1.00 1.00 0 0 0 0 0 0 0 0 -1000.00 -1000.00 -1000.00 -1000.00 1.6244 1.8781 3.8906 -52.5979 3.1189 -75.9565 -3.0909 -0.0148 -0.0015 78 audi_a2
Car 1.00 1.00 0 4 4 26 3 0 0 0 -1000.00 -1000.00 -1000.00 -1000.00 1.7203 2.2019 5.4994 -0.7653 4.3369 -171.1988 -2.2751 -0.0118 0.0033 79 chargercop2020_chargercop2020
Car 1.00 1.00 0 0 0 0 0 0 0 0 -1000.00 -1000.00 -1000.00 -1000.00 2.1397 2.1728 4.7045 -163.9728 3.1825 -77.9695 -2.3982 -0.0193 -0.0155 80 volkswagen_t2
Car 1.00 1.00 0 0 0 0 0 0 0 0 -1000.00 -1000.00 -1000.00 -1000.00 1.3660 1.9896 4.9534 69.6699 4.7553 -203.2020 -1.6976 -0.0132 0.0001 81 mustang_mustang
Car 1.00 1.00 11 19 23 103 12 0 0 0 -1000.00 -1000.00 -1000.00 -1000.00 1.7203 2.2019 5.4994 1.8738 3.2701 -92.4102 1.6309 -0.0121 0.0005 82 chargercop2020_chargercop2020
Car 1.00 1.00 0 0 0 0 0 0 0 0 -1000.00 -1000.00 -1000.00 -1000.00 1.6244 1.8781 3.8906 175.6333 -8.1916 27.1213 -1.5114 -0.0194 -0.0179 83 audi_a2
Car 1.00 1.00 0 0 0 0 0 0 0 0 -1000.00 -1000.00 -1000.00 -1000.00 1.6244 1.8781 3.8906 77.9649 2.7791 -52.4198 1.6067 -0.0186 -0.0016 84 audi_a2
Car 1.00 1.00 0 0 0 0 0 0 0 0 -1000.00 -1000.00 -1000.00 -1000.00 1.3660 1.9896 4.9534 155.2927 4.1573 -159.2121 -3.1409 -0.0131 -0.0003 85 mustang_mustang
Car 1.00 1.00 0 0 0 0 0 0 0 0 -1000.00 -1000.00 -1000.00 -1000.00 1.6244 1.8781 3.8906 150.2627 -4.5855 -255.7525 0.6609 -0.0143 0.0115 86 audi_a2
Car 1.00 1.00 0 0 0 0 0 0 0 0 -1000.00 -1000.00 -1000.00 -1000.00 1.9718 2.0005 4.0595 -139.4994 4.3042 -164.4225 -0.6684 -0.0079 -0.0005 87 jeep_wrangler_rubicon
Car 1.00 1.00 0 0 0 0 0 0 0 0 -1000.00 -1000.00 -1000.00 -1000.00 1.9718 2.0005 4.0595 172.9544 -4.9009 -231.3568 0.9960 -0.0139 0.0043 88 jeep_wrangler_rubicon
Car 0.00 1.00 0 0 0 0 0 0 0 0 494.87 356.60 528.25 363.70 1.3660 1.9896 4.9534 -87.2634 0.7060 108.8896 -0.0097 -0.0131 -0.0003 89 mustang_mustang
Motorcycle 0.00 0.51 13 14 25 182 0 0 27 0 923.70 355.35 946.28 373.13 1.6649 1.0692 2.4735 -1.8349 1.2651 59.7168 -2.1734 -0.0085 -0.0867 90 harley_davidson_low_rider
Car 1.00 1.00 0 0 0 0 0 0 0 0 -1000.00 -1000.00 -1000.00 -1000.00 1.5475 1.9070 4.4025 -255.1844 3.8215 -125.5457 -1.5386 -0.0135 -0.0003 91 seat_leon
Motorcycle 1.00 1.00 0 0 0 0 0 0 0 0 -1000.00 -1000.00 -1000.00 -1000.00 1.6387 1.2138 2.3199 137.3558 2.1964 -12.5806 1.5758 -0.0132 -0.0003 92 yamaha_yzf
Cyclist 0.00 1.00 0 0 0 0 0 0 0 0 129.78 354.00 157.25 370.48 1.9311 0.5921 1.9272 -96.3365 1.2250 65.9716 -2.9362 -0.0228 -0.0023 93 gazelle_omafiets
Car 1.00 1.00 0 0 0 0 0 0 0 0 -1000.00 -1000.00 -1000.00 -1000.00 1.5140 2.1024 4.9073 -151.7721 3.1742 -78.2416 -3.1026 -0.0131 -0.0003 94 mercedesccc_mercedesccc
Car 1.00 1.00 0 3 2 1 3 0 0 0 -1000.00 -1000.00 -1000.00 -1000.00 1.4546 2.0938 4.3903 4.6932 4.4808 -184.6064 1.8447 -0.0135 -0.0003 95 audi_tt
Car 1.00 1.00 0 0 0 0 0 0 0 0 -1000.00 -1000.00 -1000.00 -1000.00 2.1397 2.1728 4.7045 -77.3869 3.1594 -77.6887 1.5966 -0.0061 -0.0002 96 volkswagen_t2
Car 1.00 1.00 0 0 1 0 0 0 0 0 -1000.00 -1000.00 -1000.00 -1000.00 1.5140 2.1024 4.9073 -86.6327 1.6644 35.7480 -1.5527 -0.0131 -0.0003 97 mercedesccc_mercedesccc
Car 1.00 1.00 0 0 0 0 0 0 0 0 -1000.00 -1000.00 -1000.00 -1000.00 1.4812 2.1349 5.6254 215.4186 2.5705 -38.5935 -1.5771 -0.0138 -0.0001 98 chevrolet_impala
Car 1.00 1.00 0 0 0 0 0 0 0 0 -1000.00 -1000.00 -1000.00 -1000.00 1.5765 1.9374 3.8150 133.1705 1.4954 39.2273 -1.5266 -0.0129 -0.0003 99 nissan_micra
Motorcycle 1.00 1.00 0 0 0 0 0 0 0 0 -1000.00 -1000.00 -1000.00 -1000.00 1.5853 1.1236 2.1350 74.9798 2.9215 -66.0287 1.6152 -0.0080 0.0000 100 kawasaki_ninja
Car 1.00 1.00 0 0 0 0 0 0 0 0 -1000.00 -1000.00 -1000.00 -1000.00 1.9476 2.0282 4.8347 -85.5670 5.6862 -271.9092 0.9680 -0.0185 0.0089 101 nissan_patrol
Car 1.00 1.00 42 44 76 247 0 103 0 0 -1000.00 -1000.00 -1000.00 -1000.00 2.1397 2.1728 4.7045 -78.9521 2.1615 -1.0226 1.5857 -0.0205 -0.0004 102 volkswagen_t2
Car 1.00 1.00 0 1 1 0 0 0 0 0 -1000.00 -1000.00 -1000.00 -1000.00 1.3660 1.9896 4.9534 -90.0801 1.5850 41.8684 -1.5716 -0.0134 -0.0002 103 mustang_mustang
Car 0.00 1.00 0 0 0 0 0 0 0 0 1624.64 357.83 1712.46 374.59 1.5627 2.2716 5.0314 71.9038 1.3675 55.7824 1.6282 -0.0131 -0.0003 104 tesla_model3
Car 1.00 1.00 0 0 0 0 0 0 0 0 -1000.00 -1000.00 -1000.00 -1000.00 1.5542 2.3421 5.1370 96.2892 3.0394 -72.7517 -3.1225 -0.0131 -0.0003 105 lincoln2020_mkz2020
Car 1.00 1.00 0 0 0 0 0 0 0 0 -1000.00 -1000.00 -1000.00 -1000.00 1.5627 2.2716 5.0314 69.3949 4.0856 -151.6125 -1.5513 -0.0131 -0.0003 106 tesla_model3
Car 1.00 1.00 0 0 0 0 0 0 0 0 -1000.00 -1000.00 -1000.00 -1000.00 1.5765 1.9374 3.8150 -88.3330 2.9247 -61.3273 -1.5394 -0.0131 -0.0003 107 nissan_micra
Cyclist 1.00 1.00 0 0 0 0 0 0 0 0 -1000.00 -1000.00 -1000.00 -1000.00 1.9311 0.5921 1.9272 -62.9443 3.1022 -76.0170 -3.1218 -0.0172 -0.0003 108 gazelle_omafiets
Cyclist 1.00 1.00 0 0 0 0 0 0 0 0 -1000.00 -1000.00 -1000.00 -1000.00 1.9311 0.5921 1.9272 156.4747 -4.6140 -255.1645 0.7028 -0.0165 -0.0070 109 gazelle_omafiets
Car 1.00 1.00 35 45 71 246 23 0 0 0 -1000.00 -1000.00 -1000.00 -1000.00 1.4546 2.0938 4.3903 -6.3089 2.7928 -55.5742 -1.5492 -0.0131 -0.0003 110 audi_tt
Car 1.00 1.00 0 0 0 0 0 0 0 0 -1000.00 -1000.00 -1000.00 -1000.00 1.9476 2.0282 4.8347 -58.2830 3.1098 -75.9294 -3.1211 -0.0135 -0.0003 111 nissan_patrol
Car 1.00 1.00 2 4 4 15 2 0 0 0 -1000.00 -1000.00 -1000.00 -1000.00 1.4546 2.0938 4.3903 -1.6222 3.2868 -93.3702 1.5847 -0.0131 -0.0002 112 audi_tt
Car 1.00 1.00 0 0 0 0 0 0 0 0 -1000.00 -1000.00 -1000.00 -1000.00 1.7506 2.3538 4.8416 92.0064 4.9331 -221.5974 0.0057 -0.0133 -0.0003 113 bmw_grandtourer
Car 1.00 1.00 0 2 7 19 0 0 0 0 -1000.00 -1000.00 -1000.00 -1000.00 1.9718 2.0005 4.0595 -7.5106 3.9476 -143.8704 -1.5352 -0.0135 -0.0003 114 jeep_wrangler_rubicon
Motorcycle 1.00 1.00 0 0 0 0 0 0 0 0 -1000.00 -1000.00 -1000.00 -1000.00 1.6387 1.2138 2.3199 138.5537 3.0449 -75.4313 1.5894 -0.0123 -0.0008 115 yamaha_yzf
Car 1.00 1.00 0 0 0 0 0 0 0 0 -1000.00 -1000.00 -1000.00 -1000.00 1.7203 2.2019 5.4994 53.9829 4.3516 -171.7301 0.0611 -0.0132 0.0004 116 chargercop2020_chargercop2020
Car 1.00 1.00 0 0 0 0 0 0 0 0 -1000.00 -1000.00 -1000.00 -1000.00 1.6980 1.9434 4.1871 111.7518 2.9977 -69.0775 3.1410 -0.0131 -0.0002 117 citroen_c3
Car 1.00 1.00 0 0 0 0 0 0 0 0 -1000.00 -1000.00 -1000.00 -1000.00 1.5542 2.3421 5.1370 -92.3083 5.6563 -269.0402 -3.0963 0.0008 -0.0003 118 lincoln2020_mkz2020
Car 1.00 1.00 0 0 0 0 0 0 0 0 -1000.00 -1000.00 -1000.00 -1000.00 2.5908 2.7453 5.4640 67.0047 2.5379 -32.1331 -1.5431 -0.0107 -0.0003 119 carlamotors_carlacola
Car 1.00 1.00 0 0 0 0 0 0 0 0 -1000.00 -1000.00 -1000.00 -1000.00 1.5765 1.9374 3.8150 75.7662 3.2642 -90.4200 1.5824 -0.0131 -0.0003 120 nissan_micra
Car 1.00 1.00 0 0 0 0 0 0 0 0 -1000.00 -1000.00 -1000.00 -1000.00 1.4477 1.5550 2.3177 174.8322 -5.9968 -147.3875 -1.5351 -0.0234 -0.0005 121 bmw_isetta
Car 1.00 1.00 0 0 0 0 0 0 0 0 -1000.00 -1000.00 -1000.00 -1000.00 1.7173 2.2591 5.2781 140.7965 2.0820 -3.4783 1.5978 -0.0201 -0.0005 122 mercedes_benz_coupe
Car 1.00 1.00 40 52 74 229 0 5 0 0 -1000.00 -1000.00 -1000.00 -1000.00 1.7173 2.2591 5.2781 -63.2716 1.9264 16.5826 -3.1226 -0.0202 -0.0005 123 mercedes_benz_coupe
Car 1.00 1.00 0 0 0 0 0 0 0 0 -1000.00 -1000.00 -1000.00 -1000.00 1.5765 1.9374 3.8150 154.7464 4.2427 -166.5375 -0.0316 -0.0166 0.0007 124 nissan_micra
Car 0.00 1.00 0 0 0 0 0 0 0 0 1689.76 357.76 1797.87 377.09 1.6115 2.2019 5.2564 71.8362 1.4337 50.4160 1.6704 -0.0132 0.0004 125 charger2020_charger2020
Car 1.00 1.00 0 0 0 0 0 0 0 0 -1000.00 -1000.00 -1000.00 -1000.00 1.9476 2.0282 4.8347 119.9363 1.9043 12.6180 0.0314 -0.0134 -0.0003 126 nissan_patrol
Car 1.00 1.00 0 0 0 0 0 0 0 0 -1000.00 -1000.00 -1000.00 -1000.00 1.5140 2.1024 4.9073 -243.4027 2.2274 -4.1938 1.5743 -0.0135 -0.0004 127 mercedesccc_mercedesccc
Car 1.00 1.00 0 0 0 0 0 0 0 0 -1000.00 -1000.00 -1000.00 -1000.00 1.7173 2.2591 5.2781 -85.2776 5.2982 -240.3277 -1.5798 -0.0202 -0.0005 128 mercedes_benz_coupe
Car 1.00 1.00 0 3 3 7 1 0 0 0 -1000.00 -1000.00 -1000.00 -1000.00 1.4812 2.1349 5.6254 -3.9229 3.9909 -147.0142 -1.5420 -0.0131 -0.0003 129 chevrolet_impala
Car 1.00 1.00 0 0 0 0 0 0 0 0 -1000.00 -1000.00 -1000.00 -1000.00 2.1397 2.1728 4.7045 -250.2941 3.0291 -63.9928 1.5936 -0.0187 -0.0010 130 volkswagen_t2
Car 1.00 1.00 0 0 0 0 0 0 0 0 -1000.00 -1000.00 -1000.00 -1000.00 1.6244 1.8781 3.8906 80.6453 3.1418 -80.0948 0.0208 -0.0203 -0.0013 131 audi_a2
Car 1.00 1.00 38 40 68 249 0 8 0 0 -1000.00 -1000.00 -1000.00 -1000.00 1.9476 2.0282 4.8347 -66.6843 1.9501 12.7446 -3.1331 -0.0135 -0.0003 132 nissan_patrol
Car 1.00 1.00 25 26 40 139 12 0 0 0 -1000.00 -1000.00 -1000.00 -1000.00 1.9476 2.0282 4.8347 -12.2924 3.1108 -78.4637 0.0208 -0.0181 -0.0003 133 nissan_patrol
Car 1.00 1.00 0 0 0 0 0 0 0 0 -1000.00 -1000.00 -1000.00 -1000.00 1.9476 2.0282 4.8347 188.0998 -6.2284 -131.2811 1.6106 -0.0137 -0.0006 134 nissan_patrol
Car 1.00 1.00 8066 25027 40140 257570 0 3394 0 0 -1000.00 -1000.00 -1000.00 -1000.00 1.7506 2.3538 4.8416 -3.5134 2.0750 -1.4993 1.5801 -0.0164 -0.0002 135 bmw_grandtourer
Car 1.00 1.00 0 0 0 0 0 0 0 0 -1000.00 -1000.00 -1000.00 -1000.00 1.9476 2.0282 4.8347 15.9765 4.2133 -161.5876 -3.1251 -0.0134 -0.0003 136 nissan_patrol
Car 1.00 1.00 5 3 6 32 0 0 0 2 -1000.00 -1000.00 -1000.00 -1000.00 1.7203 2.2019 5.4994 73.3628 2.2074 -8.4619 1.6341 -0.0126 0.0004 137 chargercop2020_chargercop2020
Car 1.00 1.00 2 5 7 281 7 0 0 0 -1000.00 -1000.00 -1000.00 -1000.00 2.5908 2.7453 5.4640 17.5808 3.1058 -74.3660 -3.1211 -0.0131 -0.0003 138 carlamotors_carlacola
Car 1.00 1.00 0 0 0 0 0 0 0 0 -1000.00 -1000.00 -1000.00 -1000.00 1.5863 2.2347 5.1468 215.4694 2.7539 -53.0878 -1.5487 -0.0131 -0.0003 139 lincoln_mkz2017
Car 1.00 1.00 0 0 0 0 0 0 0 0 -1000.00 -1000.00 -1000.00 -1000.00 1.9718 2.0005 4.0595 153.4991 1.8585 16.6804 -3.0987 -0.0135 -0.0003 140 jeep_wrangler_rubicon
Car 1.00 1.00 0 0 0 0 0 0 0 0 -1000.00 -1000.00 -1000.00 -1000.00 1.6011 2.1072 4.7392 140.6360 4.3491 -177.2063 1.5701 -0.0091 -0.0021 141 toyota_prius
Car 1.00 1.00 0 0 0 0 0 0 0 0 -1000.00 -1000.00 -1000.00 -1000.00 1.7318 2.1344 5.0985 205.1591 3.0937 -77.7264 0.0452 -0.0131 -0.0003 142 audi_etron
Car 1.00 1.00 0 0 0 0 0 0 0 0 -1000.00 -1000.00 -1000.00 -1000.00 2.2031 2.5091 6.5872 -84.4021 3.9978 -141.0976 -1.5953 -0.0131 -0.0003 143 tesla_cybertruck
Car 1.00 1.00 0 0 0 0 0 0 0 0 -1000.00 -1000.00 -1000.00 -1000.00 1.5765 1.9374 3.8150 73.5810 4.6430 -195.6013 -1.5594 -0.0130 -0.0003 144 nissan_micra
Car 1.00 1.00 0 0 0 1 0 0 0 0 -1000.00 -1000.00 -1000.00 -1000.00 1.4546 2.0938 4.3903 1.9994 3.3696 -99.7439 1.5942 -0.0135 -0.0003 145 audi_tt
Car 1.00 1.00 0 0 0 0 0 0 0 0 -1000.00 -1000.00 -1000.00 -1000.00 1.4812 2.1349 5.6254 -104.6952 5.1072 -228.9666 0.0027 -0.0131 -0.0003 146 chevrolet_impala
Car 0.00 1.00 0 0 0 0 0 0 0 0 1745.92 295.63 1821.14 311.36 2.2031 2.5091 6.5872 139.6789 -8.3992 93.6368 -0.6480 -0.0252 -0.0017 147 tesla_cybertruck
Car 1.00 1.00 0 0 0 0 0 0 0 0 -1000.00 -1000.00 -1000.00 -1000.00 1.9718 2.0005 4.0595 -57.6807 3.0796 -72.4208 -3.1211 -0.0135 -0.0003 148 jeep_wrangler_rubicon
Car 1.00 1.00 0 0 0 0 0 0 0 0 -1000.00 -1000.00 -1000.00 -1000.00 1.3660 1.9896 4.9534 -88.1146 4.1244 -151.9877 -1.5819 -0.0131 -0.0003 149 mustang_mustang
Car 1.00 1.00 0 5 6 9 2 0 0 0 -1000.00 -1000.00 -1000.00 -1000.00 1.3660 1.9896 4.9534 8.5814 4.6767 -200.2545 2.2554 -0.0131 -0.0009 150 mustang_mustang
Car 1.00 1.00 10 16 22 166 0 94 0 0 -1000.00 -1000.00 -1000.00 -1000.00 2.5908 2.7453 5.4640 -82.4131 2.1707 -0.9018 1.5999 -0.0157 -0.0002 151 carlamotors_carlacola
Car 1.00 1.00 0 0 0 0 0 0 0 0 -1000.00 -1000.00 -1000.00 -1000.00 1.5863 2.2347 5.1468 130.3181 2.1980 -13.3549 -1.5444 -0.0099 -0.0002 152 lincoln_mkz2017
Car 1.00 1.00 0 0 0 0 0 0 0 0 -1000.00 -1000.00 -1000.00 -1000.00 1.7506 2.3538 4.8416 -85.8381 5.8856 -286.6107 0.0349 -0.0131 -0.0003 153 bmw_grandtourer
Cyclist 1.00 1.00 0 0 0 0 0 0 0 0 -1000.00 -1000.00 -1000.00 -1000.00 1.9709 0.6705 1.7250 80.2492 4.3165 -170.7909 1.5811 -0.0064 -0.0002 154 diamondback_century
Cyclist 1.00 1.00 0 0 0 0 0 0 0 0 -1000.00 -1000.00 -1000.00 -1000.00 1.9311 0.5921 1.9272 -160.4058 3.2100 -82.4257 0.0248 -0.0172 -0.0001 155 gazelle_omafiets
Motorcycle 1.00 1.00 0 0 0 0 0 0 0 0 -1000.00 -1000.00 -1000.00 -1000.00 1.6960 1.0692 2.4735 219.3516 3.2296 -90.4446 1.5962 -0.0101 -0.0003 156 harley_davidson_low_rider
Car 1.00 1.00 0 0 0 0 0 0 0 0 -1000.00 -1000.00 -1000.00 -1000.00 2.1397 2.1728 4.7045 -258.1888 2.4460 -19.4026 -1.5504 -0.0166 0.0018 157 volkswagen_t2
Car 0.00 0.88 0 0 0 29 0 0 0 0 416.76 355.67 443.83 363.70 1.5488 2.0688 3.9961 -103.9721 0.7011 109.6515 -0.2555 -0.0131 -0.0003 158 mini_cooperst
Cyclist 1.00 1.00 0 0 0 0 0 0 0 0 -1000.00 -1000.00 -1000.00 -1000.00 1.9311 0.5921 1.9272 59.8429 4.2752 -167.9144 0.0221 -0.0172 -0.0003 159 gazelle_omafiets
Car 1.00 1.00 0 1 0 5 0 0 0 0 -1000.00 -1000.00 -1000.00 -1000.00 1.4812 2.1349 5.6254 -7.3624 4.0336 -150.2059 -1.5471 -0.0131 -0.0003 160 chevrolet_impala
Car 1.00 1.00 0 0 0 0 0 0 0 0 -1000.00 -1000.00 -1000.00 -1000.00 1.7173 2.2591 5.2781 192.8862 -7.5613 -27.5574 1.5707 -0.0202 -0.0006 161 mercedes_benz_coupe
Car 1.00 1.00 0 0 0 0 0 0 0 0 -1000.00 -1000.00 -1000.00 -1000.00 1.9718 2.0005 4.0595 -149.3874 3.2354 -82.5521 1.5962 -0.0135 -0.0003 162 jeep_wrangler_rubicon
Car 0.00 0.49 76 87 133 1117 0 0 13 0 796.96 358.00 850.80 385.76 1.7506 2.3538 4.8416 -7.4518 1.6082 34.0803 -1.6767 -0.0130 -0.0003 163 bmw_grandtourer
Car 1.00 1.00 0 0 0 0 0 0 0 0 -1000.00 -1000.00 -1000.00 -1000.00 1.6115 2.2019 5.2564 137.2731 2.1122 -6.8641 1.6119 -0.0132 0.0004 164 charger2020_charger2020
Car 1.00 1.00 38 33 64 210 0 0 0 62 -1000.00 -1000.00 -1000.00 -1000.00 1.6244 1.8781 3.8906 73.2446 2.1239 -2.5090 1.5955 -0.0136 -0.0014 165 audi_a2
Car 1.00 1.00 0 0 0 0 0 0 0 0 -1000.00 -1000.00 -1000.00 -1000.00 1.5475 1.9070 4.4025 -41.1112 4.9411 -271.5656 -3.1216 0.0662 -0.0000 166 seat_leon
Car 0.00 1.00 0 0 0 6 0 0 0 0 444.64 355.34 471.12 363.00 1.5765 1.9374 3.8150 -104.1203 0.6072 115.8494 -0.0331 -0.0131 -0.0003 167 nissan_micra
Car 0.00 1.00 0 0 0 0 0 0 0 0 44.30 357.73 141.45 373.86 1.5863 2.2347 5.1468 -90.5804 1.3680 58.5654 -1.5413 -0.0119 -0.0003 168 lincoln_mkz2017
Car 1.00 1.00 9 3 7 28 8 0 0 0 -1000.00 -1000.00 -1000.00 -1000.00 1.7506 2.3538 4.8416 -1.4601 3.4205 -104.3438 1.5891 -0.0131 -0.0003 169 bmw_grandtourer
Car 1.00 1.00 0 0 0 0 0 0 0 0 -1000.00 -1000.00 -1000.00 -1000.00 1.4812 2.1349 5.6254 70.2443 3.0603 -73.0063 0.6285 -0.0172 0.0022 170 chevrolet_impala
Car 1.00 1.00 0 0 0 0 0 0 0 0 -1000.00 -1000.00 -1000.00 -1000.00 1.4812 2.1349 5.6254 152.1217 4.2158 -162.8202 3.1121 -0.0163 0.0002 171 chevrolet_impala
Car 1.00 1.00 0 0 0 0 0 0 0 0 -1000.00 -1000.00 -1000.00 -1000.00 1.6011 2.1072 4.7392 216.8318 2.1009 -3.3073 1.7865 -0.0132 0.0044 172 toyota_prius
Car 1.00 1.00 0 0 1 5 0 0 0 0 -1000.00 -1000.00 -1000.00 -1000.00 1.6115 2.2019 5.2564 -3.0906 4.4287 -180.9332 -1.5421 -0.0128 0.0003 173 charger2020_charger2020
Car 1.00 1.00 0 0 0 0 0 0 0 0 -1000.00 -1000.00 -1000.00 -1000.00 1.5475 1.9070 4.4025 -84.2353 3.8905 -134.1137 -1.5578 -0.0131 -0.0003 174 seat_leon
Car 1.00 1.00 0 0 0 0 0 0 0 0 -1000.00 -1000.00 -1000.00 -1000.00 2.5908 2.7453 5.4640 -81.4150 4.5507 -183.8712 1.5453 0.0056 -0.0002 175 carlamotors_carlacola
Car 1.00 1.00 0 0 0 0 0 0 0 0 -1000.00 -1000.00 -1000.00 -1000.00 1.4812 2.1349 5.6254 119.9166 4.2729 -166.6982 0.0308 -0.0131 -0.0002 176 chevrolet_impala
Car 0.00 1.00 0 0 0 0 0 0 0 0 1528.27 310.44 1559.21 320.82 1.9718 2.0005 4.0595 125.0619 -8.4476 118.0399 2.7581 -0.0034 0.0052 177 jeep_wrangler_rubicon
Car 1.00 1.00 0 0 0 0 0 0 0 0 -1000.00 -1000.00 -1000.00 -1000.00 1.6980 1.9434 4.1871 -85.0897 5.0143 -219.1431 -1.5834 -0.0138 -0.0002 178 citroen_c3
Car 1.00 1.00 13 21 31 121 9 0 0 0 -1000.00 -1000.00 -1000.00 -1000.00 1.5488 2.0688 3.9961 9.9201 3.1793 -81.6735 0.2358 -0.0132 -0.0005 179 mini_cooperst
Motorcycle 1.00 1.00 0 0 0 0 0 0 0 0 -1000.00 -1000.00 -1000.00 -1000.00 1.6960 1.0692 2.4735 79.4646 3.3852 -99.6185 1.5802 -0.0118 -0.0002 180 harley_davidson_low_rider
Car 1.00 1.00 0 0 0 0 0 0 0 0 -1000.00 -1000.00 -1000.00 -1000.00 1.4477 1.5550 2.3177 215.9880 3.0716 -76.9795 -1.5704 -0.0194 -0.0006 181 bmw_isetta
Cyclist 1.00 1.00 0 0 0 0 0 0 0 0 -1000.00 -1000.00 -1000.00 -1000.00 1.7065 0.8593 1.4873 79.2063 3.1833 -86.6079 1.6333 -0.0113 0.0001 182 bh_crossbike
Car 1.00 1.00 0 0 0 0 0 0 0 0 -1000.00 -1000.00 -1000.00 -1000.00 1.6011 2.1072 4.7392 178.9865 -8.5307 71.9859 2.0222 -0.0062 0.0009 183 toyota_prius
Car 1.00 1.00 0 0 0 0 0 0 0 0 -1000.00 -1000.00 -1000.00 -1000.00 1.5488 2.0688 3.9961 -86.8488 4.3528 -169.3742 2.3326 -0.0131 -0.0003 184 mini_cooperst
Car 1.00 1.00 0 0 0 0 0 0 0 0 -1000.00 -1000.00 -1000.00 -1000.00 1.6980 1.9434 4.1871 -88.7125 5.1177 -226.9883 -1.5763 -0.0131 -0.0003 185 citroen_c3
Car 1.00 1.00 0 0 0 0 0 0 0 0 -1000.00 -1000.00 -1000.00 -1000.00 1.5765 1.9374 3.8150 223.2122 3.1059 -81.1361 1.6219 -0.0149 -0.0000 186 nissan_micra
Car 1.00 1.00 0 0 0 0 0 0 0 0 -1000.00 -1000.00 -1000.00 -1000.00 1.7506 2.3538 4.8416 79.3525 3.2945 -91.9431 1.5823 -0.0164 -0.0002 187 bmw_grandtourer
Car 1.00 1.00 0 0 0 0 0 0 0 0 -1000.00 -1000.00 -1000.00 -1000.00 1.5488 2.0688 3.9961 61.1278 4.3419 -171.4079 -0.0033 -0.0131 -0.0003 188 mini_cooperst
Car 1.00 1.00 0 0 0 0 0 0 0 0 -1000.00 -1000.00 -1000.00 -1000.00 1.5488 2.0688 3.9961 -84.4957 4.0700 -147.8368 -1.5900 -0.0131 -0.0003 189 mini_cooperst
Car 1.00 1.00 0 0 0 0 0 0 0 0 -1000.00 -1000.00 -1000.00 -1000.00 1.6011 2.1072 4.7392 161.6483 4.1567 -159.1239 3.1403 -0.0131 -0.0003 190 toyota_prius
Car 1.00 1.00 0 0 0 15 0 0 0 0 -1000.00 -1000.00 -1000.00 -1000.00 1.3660 1.9896 4.9534 76.3087 1.9135 13.5616 1.5973 -0.0131 -0.0003 191 mustang_mustang
Car 1.00 1.00 0 0 0 0 0 0 0 0 -1000.00 -1000.00 -1000.00 -1000.00 1.9476 2.0282 4.8347 -160.9200 5.9125 -287.7105 -0.0997 -0.0191 0.0002 192 nissan_patrol
Pedestrian 1.00 1.00 0 0 0 0 0 0 0 0 -1000.00 -1000.00 -1000.00 -1000.00 1.9158 0.4880 0.6503 -172.8055 5.8057 -292.5966 -0.1903 -0.0131 -0.0003 193 pedestrian_0019
Pedestrian 1.00 1.00 0 0 0 0 0 0 0 0 -1000.00 -1000.00 -1000.00 -1000.00 1.1330 0.4333 0.6667 -93.1257 4.3143 -169.6682 1.4946 -0.0131 -0.0003 194 pedestrian_0010
Pedestrian 1.00 1.00 0 0 0 0 0 0 0 0 -1000.00 -1000.00 -1000.00 -1000.00 1.9158 0.4880 0.4979 -0.5108 4.3567 -178.0389 2.3050 -0.0131 -0.0003 195 pedestrian_0005
Pedestrian 1.00 1.00 0 0 0 0 0 0 0 0 -1000.00 -1000.00 -1000.00 -1000.00 1.9158 0.4880 0.6030 149.6720 2.9662 -82.3972 0.0105 -0.0131 -0.0003 196 pedestrian_0003
Pedestrian 0.00 1.00 0 0 0 0 0 0 0 0 1245.58 308.23 1251.08 318.76 1.9158 0.4880 0.7507 54.2743 -7.6651 102.8081 -3.1129 -0.0131 -0.0003 197 pedestrian_0021
Pedestrian 1.00 1.00 0 0 0 0 0 0 0 0 -1000.00 -1000.00 -1000.00 -1000.00 1.9158 0.4880 0.7507 -269.8480 3.6829 -128.6242 -1.4924 -0.0131 -0.0003 198 pedestrian_0003
Pedestrian 1.00 1.00 0 0 0 0 0 0 0 0 -1000.00 -1000.00 -1000.00 -1000.00 1.9158 0.4880 0.4556 -203.2346 5.6859 -282.8324 -0.4140 -0.0131 -0.0003 199 pedestrian_0004
Pedestrian 1.00 1.00 0 0 0 7 0 0 0 0 -1000.00 -1000.00 -1000.00 -1000.00 1.9158 0.4880 0.7507 -96.4293 1.3489 45.9484 -1.5282 -0.0131 -0.0003 200 pedestrian_0022
Pedestrian 1.00 1.00 0 0 0 0 0 0 0 0 -1000.00 -1000.00 -1000.00 -1000.00 1.3390 0.3253 0.2861 -72.4373 4.2649 -177.7056 0.7820 -0.0131 -0.0003 201 pedestrian_0014
Pedestrian 1.00 1.00 0 0 0 0 0 0 0 0 -1000.00 -1000.00 -1000.00 -1000.00 1.9158 0.4880 0.4518 58.1202 2.4619 -42.1414 -1.6150 -0.0131 -0.0003 202 pedestrian_0022
Pedestrian 1.00 1.00 0 0 0 0 0 0 0 0 -1000.00 -1000.00 -1000.00 -1000.00 1.9158 0.4880 0.5663 -76.5951 2.9927 -68.2604 -3.1377 -0.0131 -0.0003 203 pedestrian_0023
Pedestrian 1.00 1.00 0 0 0 0 0 0 0 0 -1000.00 -1000.00 -1000.00 -1000.00 1.3390 0.3253 0.5005 86.2638 4.2660 -180.8583 -1.4254 -0.0131 -0.0003 204 pedestrian_0012
Pedestrian 1.00 1.00 0 0 0 0 0 0 0 0 -1000.00 -1000.00 -1000.00 -1000.00 1.9158 0.4880 0.4416 -113.6856 1.9763 -1.4026 2.5883 -0.0131 -0.0003 205 pedestrian_0019
Pedestrian 0.00 1.00 0 0 0 0 0 0 0 0 78.10 352.77 90.05 367.46 1.9158 0.4880 0.7176 -113.8609 0.9698 72.5684 -3.0820 -0.0131 -0.0003 206 pedestrian_0005
Pedestrian 1.00 1.00 0 0 0 0 0 0 0 0 -1000.00 -1000.00 -1000.00 -1000.00 1.9158 0.4880 0.5508 208.7939 3.5487 -127.9856 1.5123 -0.0131 -0.0003 207 pedestrian_0026
Pedestrian 1.00 1.00 0 0 0 0 0 0 0 0 -1000.00 -1000.00 -1000.00 -1000.00 1.9158 0.4880 0.7507 81.7677 4.3952 -178.3640 0.0317 -0.0131 -0.0003 208 pedestrian_0015
Pedestrian 0.00 1.00 0 0 0 0 0 0 0 0 813.46 352.94 815.21 358.32 1.3390 0.3253 0.3368 -35.4777 -0.4199 138.0487 -0.0440 -0.0131 -0.0003 209 pedestrian_0014
Pedestrian 0.00 1.00 0 0 0 0 0 0 0 0 332.78 352.93 338.28 360.74 1.9158 0.4880 0.7507 -152.8167 0.1770 136.3583 -3.0647 -0.0131 -0.0003 210 pedestrian_0016
Pedestrian 1.00 1.00 0 0 0 0 0 0 0 0 -1000.00 -1000.00 -1000.00 -1000.00 1.3390 0.3253 0.3362 -10.7794 3.7759 -145.8052 -1.6303 -0.0131 -0.0003 211 pedestrian_0012
Pedestrian 0.00 1.00 0 0 0 0 0 0 0 0 1786.30 360.52 1797.39 372.24 1.1330 0.4333 0.4080 81.9068 1.1865 54.0499 1.5061 -0.0131 -0.0003 212 pedestrian_0009
Pedestrian 1.00 1.00 0 0 0 0 0 0 0 0 -1000.00 -1000.00 -1000.00 -1000.00 1.1330 0.4333 0.6667 147.4976 3.6596 -140.2065 -1.5527 -0.0131 -0.0003 213 pedestrian_0010
Pedestrian 1.00 1.00 0 0 0 0 0 0 0 0 -1000.00 -1000.00 -1000.00 -1000.00 1.9158 0.4880 0.7507 -272.1468 1.9105 6.4944 1.5942 -0.0131 -0.0003 214 pedestrian_0021
Pedestrian 1.00 1.00 0 0 0 7 3 0 0 0 -1000.00 -1000.00 -1000.00 -1000.00 1.9158 0.4880 0.4990 -10.8117 3.7643 -144.2528 -1.5502 -0.0131 -0.0003 215 pedestrian_0018
Pedestrian 1.00 1.00 0 0 0 0 0 0 0 0 -1000.00 -1000.00 -1000.00 -1000.00 1.9158 0.4880 0.4837 -250.0920 5.1682 -242.3774 -0.9415 -0.0131 -0.0003 216 pedestrian_0020
Pedestrian 1.00 1.00 0 0 0 0 0 0 0 0 -1000.00 -1000.00 -1000.00 -1000.00 1.9158 0.4880 0.6195 83.7801 1.8577 3.6473 -2.0687 -0.0131 -0.0003 217 pedestrian_0017
Pedestrian 1.00 1.00 0 0 0 0 0 0 0 0 -1000.00 -1000.00 -1000.00 -1000.00 1.9158 0.4880 0.4284 -187.1612 4.8302 -220.5016 2.6008 -0.0131 -0.0003 218 pedestrian_0007
Pedestrian 1.00 1.00 0 0 0 0 0 0 0 0 -1000.00 -1000.00 -1000.00 -1000.00 1.1330 0.4333 0.4425 -86.9699 2.0764 1.0028 0.5404 -0.0131 -0.0003 219 pedestrian_0010
Pedestrian 0.00 0.00 169 182 289 24886 0 0 55 44 1547.60 369.25 1636.40 583.75 1.9158 0.4880 0.5116 6.8235 2.0007 5.3386 -1.5756 -0.0131 -0.0003 220 pedestrian_0023
Pedestrian 1.00 1.00 0 0 0 0 0 0 0 0 -1000.00 -1000.00 -1000.00 -1000.00 1.9158 0.4880 0.5235 14.0093 4.7246 -218.0558 2.6389 -0.0131 -0.0003 221 pedestrian_0024
Pedestrian 1.00 1.00 0 0 0 0 0 0 0 0 -1000.00 -1000.00 -1000.00 -1000.00 1.1330 0.4333 0.3774 -195.9238 4.1560 -169.7662 -1.5358 -0.0131 -0.0003 222 pedestrian_0011
Pedestrian 1.00 1.00 0 0 0 0 0 0 0 0 -1000.00 -1000.00 -1000.00 -1000.00 1.9158 0.4880 0.7507 -269.6411 1.4553 41.1807 1.3296 -0.0131 -0.0003 223 pedestrian_0016
Pedestrian 1.00 1.00 0 0 0 0 0 0 0 0 -1000.00 -1000.00 -1000.00 -1000.00 1.9158 0.4880 0.4902 189.2431 -5.0828 -232.3229 1.0364 -0.0131 -0.0003 224 pedestrian_0017
Pedestrian 1.00 1.00 0 0 0 0 0 0 0 0 -1000.00 -1000.00 -1000.00 -1000.00 1.9158 0.4880 0.5620 165.9054 -6.6775 -109.8255 1.6975 -0.0131 -0.0003 225 pedestrian_0001
Pedestrian 1.00 1.00 0 0 0 0 0 0 0 0 -1000.00 -1000.00 -1000.00 -1000.00 1.9158 0.4880 0.7507 -104.2327 5.0064 -235.5936 -0.0823 -0.0131 -0.0003 226 pedestrian_0003
Pedestrian 1.00 1.00 0 0 0 0 0 0 0 0 -1000.00 -1000.00 -1000.00 -1000.00 1.9158 0.4880 0.4678 -23.0942 4.2506 -176.9302 -0.0843 -0.0131 -0.0003 227 pedestrian_0007
Pedestrian 1.00 1.00 0 0 0 0 0 0 0 0 -1000.00 -1000.00 -1000.00 -1000.00 1.1330 0.4333 0.6667 55.5751 4.2269 -177.5141 2.9796 -0.0131 -0.0003 228 pedestrian_0010
Pedestrian 0.00 0.05 16 17 24 208 0 0 11 0 955.92 372.63 968.92 398.16 1.1330 0.4333 0.5836 0.9169 1.6854 24.9140 -0.1603 -0.0131 -0.0003 229 pedestrian_0010
Pedestrian 1.00 1.00 0 0 0 0 0 0 0 0 -1000.00 -1000.00 -1000.00 -1000.00 1.3390 0.3253 0.4520 61.6871 3.2541 -103.1365 -1.6601 -0.0131 -0.0003 230 pedestrian_0013
Pedestrian 1.00 1.00 0 0 0 0 0 0 0 0 -1000.00 -1000.00 -1000.00 -1000.00 1.3390 0.3253 0.3003 144.5428 1.7152 22.2564 0.7958 -0.0131 -0.0003 231 pedestrian_0013
Pedestrian 1.00 1.00 4 1 3 25 0 0 0 0 -1000.00 -1000.00 -1000.00 -1000.00 1.9158 0.4880 0.7507 6.9104 3.1668 -83.1846 1.6240 -0.0131 -0.0003 232 pedestrian_0020
Pedestrian 1.00 1.00 0 0 0 0 0 0 0 0 -1000.00 -1000.00 -1000.00 -1000.00 1.9158 0.4880 0.7226 151.7071 1.5822 23.3440 -3.0986 -0.0131 -0.0003 233 pedestrian_0021
Pedestrian 1.00 1.00 0 0 0 0 0 0 0 0 -1000.00 -1000.00 -1000.00 -1000.00 1.1330 0.4333 0.4454 -186.0510 2.8899 -71.7133 0.0494 -0.0131 -0.0003 234 pedestrian_0009
Pedestrian 1.00 1.00 0 0 0 0 0 0 0 0 -1000.00 -1000.00 -1000.00 -1000.00 1.9158 0.4880 0.4520 205.3350 2.6999 -62.8862 -2.0755 -0.0131 -0.0003 235 pedestrian_0006
Pedestrian 1.00 1.00 0 0 0 0 0 0 0 0 -1000.00 -1000.00 -1000.00 -1000.00 1.1330 0.4333 0.5400 -187.8600 2.9028 -72.5069 3.0952 -0.0131 -0.0003 236 pedestrian_0009
Pedestrian 1.00 1.00 0 0 0 0 0 0 0 0 -1000.00 -1000.00 -1000.00 -1000.00 1.9158 0.4880 0.5265 -92.2729 3.5771 -124.1889 -1.6092 -0.0131 -0.0003 237 pedestrian_0026
Pedestrian 1.00 1.00 2 1 2 8 0 0 0 0 -1000.00 -1000.00 -1000.00 -1000.00 1.9158 0.4880 0.5196 -70.6670 1.6911 19.3333 -2.8040 -0.0131 -0.0003 238 pedestrian_0021
Pedestrian 1.00 1.00 0 0 0 0 0 0 0 0 -1000.00 -1000.00 -1000.00 -1000.00 1.3390 0.3253 0.5005 56.8752 3.0050 -84.0534 0.1270 -0.0131 -0.0003 239 pedestrian_0012
Pedestrian 1.00 1.00 0 0 0 0 0 0 0 0 -1000.00 -1000.00 -1000.00 -1000.00 1.9158 0.4880 0.7507 -231.8452 5.4364 -263.3653 2.3898 -0.0131 -0.0003 240 pedestrian_0020
Pedestrian 1.00 1.00 0 0 0 0 0 0 0 0 -1000.00 -1000.00 -1000.00 -1000.00 1.1330 0.4333 0.6667 186.5580 -5.0271 -237.2834 -2.2239 -0.0131 -0.0003 241 pedestrian_0011
Pedestrian 1.00 1.00 0 0 0 0 0 0 0 0 -1000.00 -1000.00 -1000.00 -1000.00 1.9158 0.4880 0.4943 -145.2255 4.7701 -216.9536 2.4044 -0.0131 -0.0003 242 pedestrian_0002
Pedestrian 1.00 1.00 0 0 0 0 0 0 0 0 -1000.00 -1000.00 -1000.00 -1000.00 1.3390 0.3253 0.3766 63.2008 2.9034 -64.7920 -3.0434 -0.0131 -0.0003 243 pedestrian_0014
Pedestrian 1.00 1.00 0 0 0 0 0 0 0 0 -1000.00 -1000.00 -1000.00 -1000.00 1.9158 0.4880 0.7507 -14.7144 3.8456 -150.3361 1.8040 -0.0131 -0.0003 244 pedestrian_0006
Pedestrian 1.00 1.00 0 0 0 0 0 0 0 0 -1000.00 -1000.00 -1000.00 -1000.00 1.9158 0.4880 0.6335 199.8587 -5.4177 -206.6293 -1.8235 -0.0131 -0.0003 245 pedestrian_0020
Pedestrian 1.00 1.00 0 0 0 0 0 0 0 0 -1000.00 -1000.00 -1000.00 -1000.00 1.9158 0.4880 0.7063 176.7025 2.7153 -63.6237 0.0187 -0.0131 -0.0003 246 pedestrian_0022
Pedestrian 1.00 1.00 0 0 0 0 0 0 0 0 -1000.00 -1000.00 -1000.00 -1000.00 1.9158 0.4880 0.7389 47.5137 3.9634 -156.3799 0.0053 -0.0131 -0.0003 247 pedestrian_0002
Pedestrian 1.00 1.00 0 0 0 0 0 0 0 0 -1000.00 -1000.00 -1000.00 -1000.00 1.9158 0.4880 0.7417 125.8718 2.1514 -23.8388 1.6328 -0.0131 -0.0003 248 pedestrian_0022
Pedestrian 0.00 0.82 0 0 0 10 0 0 0 0 213.16 352.93 221.26 367.66 1.9158 0.4880 0.3754 -96.1568 0.9930 72.3611 -0.0854 -0.0131 -0.0003 249 pedestrian_0006
Pedestrian 1.00 1.00 0 0 0 0 0 0 0 0 -1000.00 -1000.00 -1000.00 -1000.00 1.9158 0.4880 0.4626 29.4505 4.2420 -177.2867 -2.6444 -0.0131 -0.0003 250 pedestrian_0019
Pedestrian 0.00 1.00 0 0 0 0 0 0 0 0 142.27 352.77 153.86 367.48 1.9158 0.4880 0.7507 -105.2954 0.9711 72.4393 -3.1216 -0.0131 -0.0003 251 pedestrian_0018
Pedestrian 1.00 1.00 0 0 0 0 0 0 0 0 -1000.00 -1000.00 -1000.00 -1000.00 1.9158 0.4880 0.7507 -260.6240 1.0672 70.6261 1.0657 -0.0131 -0.0003 252 pedestrian_0007
Pedestrian 1.00 1.00 0 0 0 0 0 0 0 0 -1000.00 -1000.00 -1000.00 -1000.00 1.9158 0.4880 0.6584 61.1178 2.3813 -35.8963 1.6244 -0.0131 -0.0003 253 pedestrian_0008
Pedestrian 1.00 1.00 0 0 0 0 0 0 0 0 -1000.00 -1000.00 -1000.00 -1000.00 1.9158 0.4880 0.5114 -272.6724 1.7743 16.8970 -1.6388 -0.0131 -0.0003 254 pedestrian_0022
Pedestrian 0.00 1.00 0 0 0 0 0 0 0 0 721.78 352.84 724.13 360.54 1.9158 0.4880 0.4777 -58.2621 0.1316 138.1141 0.2916 -0.0131 -0.0003 255 pedestrian_0024
Pedestrian 1.00 1.00 0 0 0 0 0 0 0 0 -1000.00 -1000.00 -1000.00 -1000.00 1.1330 0.4333 0.3776 106.8635 2.7386 -64.8080 -2.0342 -0.0131 -0.0003 256 pedestrian_0011
Pedestrian 1.00 1.00 0 0 0 0 0 0 0 0 -1000.00 -1000.00 -1000.00 -1000.00 1.9158 0.4880 0.7507 -8.3286 4.3409 -188.3371 -1.2924 -0.0131 -0.0003 257 pedestrian_0006
Pedestrian 1.00 1.00 0 0 0 0 0 0 0 0 -1000.00 -1000.00 -1000.00 -1000.00 1.9158 0.4880 0.7507 42.8352 4.8277 -226.4468 3.1392 -0.0131 -0.0003 258 pedestrian_0005
Pedestrian 1.00 1.00 0 1 2 4 0 0 0 0 -1000.00 -1000.00 -1000.00 -1000.00 1.9158 0.4880 0.3981 -10.7865 3.8111 -147.8349 -1.4854 -0.0131 -0.0003 259 pedestrian_0003
Pedestrian 1.00 1.00 0 0 0 0 0 0 0 0 -1000.00 -1000.00 -1000.00 -1000.00 1.9158 0.4880 0.7318 160.6986 -8.5179 48.7880 1.8407 -0.0131 -0.0003 260 pedestrian_0001
Pedestrian 1.00 1.00 0 0 0 3 0 0 0 0 -1000.00 -1000.00 -1000.00 -1000.00 1.3390 0.3253 0.3800 9.5536 4.2265 -176.5642 1.6088 -0.0131 -0.0003 261 pedestrian_0014
Pedestrian 1.00 1.00 0 0 0 0 0 0 0 0 -1000.00 -1000.00 -1000.00 -1000.00 1.9158 0.4880 0.7507 -186.1322 2.9143 -72.6717 -3.0112 -0.0131 -0.0003 262 pedestrian_0020
Pedestrian 1.00 1.00 0 0 0 0 0 0 0 0 -1000.00 -1000.00 -1000.00 -1000.00 1.9158 0.4880 0.6221 -204.5882 3.2879 -91.1366 -2.8211 -0.0131 -0.0003 263 pedestrian_0025
Pedestrian 0.00 1.00 0 0 0 0 0 0 0 0 1620.76 353.92 1632.25 370.74 1.9158 0.4880 0.7507 77.0940 1.2201 63.4594 0.1082 -0.0131 -0.0003 264 pedestrian_0026
Pedestrian 1.00 1.00 0 0 0 0 0 0 0 0 -1000.00 -1000.00 -1000.00 -1000.00 1.9158 0.4880 0.7507 -270.0543 3.9392 -148.2755 -1.5999 -0.0131 -0.0003 265 pedestrian_0025
Pedestrian 1.00 1.00 0 0 0 1 0 0 0 0 -1000.00 -1000.00 -1000.00 -1000.00 1.3390 0.3253 0.2502 -11.5917 4.2447 -178.0065 2.1073 -0.0131 -0.0003 266 pedestrian_0013
Pedestrian 1.00 1.00 0 0 0 0 0 0 0 0 -1000.00 -1000.00 -1000.00 -1000.00 1.9158 0.4880 0.3851 88.0893 4.2411 -178.3534 0.6945 -0.0131 -0.0003 267 pedestrian_0015
Pedestrian 1.00 1.00 0 0 0 0 0 0 0 0 -1000.00 -1000.00 -1000.00 -1000.00 1.9158 0.4880 0.3834 124.8915 3.8929 -152.5713 -2.1021 -0.0131 -0.0003 268 pedestrian_0021
Pedestrian 0.00 1.00 0 0 0 0 0 0 0 0 558.05 355.97 561.02 360.54 1.1330 0.4333 0.4221 -98.9809 0.1308 138.1087 -3.1044 -0.0131 -0.0003 269 pedestrian_0010
Pedestrian 1.00 1.00 387 461 726 12191 0 0 0 79 -1000.00 -1000.00 -1000.00 -1000.00 1.9158 0.4880 0.4905 4.9122 1.8444 1.9829 -0.2521 -0.0131 -0.0003 270 pedestrian_0023
Pedestrian 0.00 1.00 0 0 0 0 0 0 0 0 156.34 357.09 163.67 367.35 1.3390 0.3253 0.5005 -104.1299 0.9592 72.7079 3.0622 -0.0131 -0.0003 271 pedestrian_0013
Pedestrian 1.00 1.00 0 0 0 0 0 0 0 0 -1000.00 -1000.00 -1000.00 -1000.00 1.9158 0.4880 0.5933 -105.4187 5.8088 -294.1556 0.0312 -0.0131 -0.0003 272 pedestrian_0016
Pedestrian 1.00 1.00 0 0 0 0 0 0 0 0 -1000.00 -1000.00 -1000.00 -1000.00 1.3390 0.3253 0.5005 -92.3366 3.9337 -152.0425 -1.5893 -0.0131 -0.0003 273 pedestrian_0014
Pedestrian 1.00 1.00 0 0 0 3 1 0 0 0 -1000.00 -1000.00 -1000.00 -1000.00 1.9158 0.4880 0.4792 -10.8377 4.2284 -178.1193 -1.0353 -0.0131 -0.0003 274 pedestrian_0019
Pedestrian 1.00 1.00 0 0 0 0 0 0 0 0 -1000.00 -1000.00 -1000.00 -1000.00 1.3390 0.3253 0.4816 -151.8112 4.0137 -156.9940 2.1109 -0.0131 -0.0003 275 pedestrian_0013
Pedestrian 1.00 1.00 0 0 0 0 0 0 0 0 -1000.00 -1000.00 -1000.00 -1000.00 1.9158 0.4880 0.7507 -146.3511 4.9797 -232.6909 3.0356 -0.0131 -0.0003 276 pedestrian_0023
Pedestrian 1.00 1.00 0 0 0 0 0 0 0 0 -1000.00 -1000.00 -1000.00 -1000.00 1.1330 0.4333 0.5810 124.0886 2.7397 -65.3373 2.4726 -0.0131 -0.0003 277 pedestrian_0011
Pedestrian 1.00 1.00 0 0 0 0 0 0 0 0 -1000.00 -1000.00 -1000.00 -1000.00 1.3390 0.3253 0.5005 23.7139 2.7997 -67.7459 -3.0773 -0.0131 -0.0003 278 pedestrian_0012
Pedestrian 1.00 1.00 0 0 0 0 0 0 0 0 -1000.00 -1000.00 -1000.00 -1000.00 1.9158 0.4880 0.5404 82.0240 -4.7815 -254.5084 0.0067 -0.0131 -0.0003 279 pedestrian_0015
Pedestrian 1.00 1.00 0 0 0 0 0 0 0 0 -1000.00 -1000.00 -1000.00 -1000.00 1.9158 0.4880 0.7507 26.2745 2.2599 -28.1534 -2.9990 -0.0131 -0.0003 280 pedestrian_0017
Pedestrian 1.00 1.00 0 0 0 0 0 0 0 0 -1000.00 -1000.00 -1000.00 -1000.00 1.9158 0.4880 0.7507 199.9035 -8.3867 27.5437 1.6079 -0.0131 -0.0003 281 pedestrian_0005
Pedestrian 1.00 1.00 0 0 0 0 0 0 0 0 -1000.00 -1000.00 -1000.00 -1000.00 1.1330 0.4333 0.3579 75.1893 4.7414 -206.0984 1.7069 -0.0131 -0.0003 282 pedestrian_0009
Pedestrian 1.00 1.00 0 0 0 0 0 0 0 0 -1000.00 -1000.00 -1000.00 -1000.00 1.1330 0.4333 0.6667 -122.0830 3.8049 -141.6869 -2.2503 -0.0131 -0.0003 283 pedestrian_0009
Pedestrian 1.00 1.00 0 0 0 0 0 0 0 0 -1000.00 -1000.00 -1000.00 -1000.00 1.1330 0.4333 0.3825 208.3096 2.9680 -84.3916 2.4036 -0.0131 -0.0003 284 pedestrian_0009
Pedestrian 1.00 1.00 1 3 6 14 0 0 0 0 -1000.00 -1000.00 -1000.00 -1000.00 1.9158 0.4880 0.7507 -108.0904 2.0369 -6.1437 0.2029 -0.0131 -0.0003 285 pedestrian_0024
Pedestrian 1.00 1.00 0 0 0 0 0 0 0 0 -1000.00 -1000.00 -1000.00 -1000.00 1.9158 0.4880 0.5654 26.4588 4.2437 -177.3572 3.1209 -0.0131 -0.0003 286 pedestrian_0023
Pedestrian 1.00 1.00 0 0 0 0 0 0 0 0 -1000.00 -1000.00 -1000.00 -1000.00 1.9158 0.4880 0.6493 -201.8086 1.3567 44.8574 0.6852 -0.0131 -0.0003 287 pedestrian_0015
Pedestrian 1.00 1.00 0 0 0 0 0 0 0 0 -1000.00 -1000.00 -1000.00 -1000.00 1.9158 0.4880 0.6896 88.9321 -4.7801 -254.5539 -3.0137 -0.0131 -0.0003 288 pedestrian_0025
Pedestrian 0.00 1.00 0 0 0 0 0 0 0 0 1867.69 305.98 1873.65 312.34 1.1330 0.4333 0.4903 170.4548 -8.9030 103.2648 2.3117 -0.0131 -0.0003 289 pedestrian_0009
Pedestrian 1.00 1.00 0 0 0 0 0 0 0 0 -1000.00 -1000.00 -1000.00 -1000.00 1.9158 0.4880 0.7402 28.8384 4.2432 -177.3672 -0.1369 -0.0131 -0.0003 290 pedestrian_0019
Pedestrian 0.00 1.00 0 0 0 0 0 0 0 0 205.44 352.84 213.64 367.71 1.9158 0.4880 0.3754 -96.2960 0.9901 71.7245 0.1545 -0.0131 -0.0003 291 pedestrian_0007
Pedestrian 1.00 1.00 0 0 0 0 0 0 0 0 -1000.00 -1000.00 -1000.00 -1000.00 1.9158 0.4880 0.7507 -226.1342 0.5186 111.8284 0.6973 -0.0131 -0.0003 292 pedestrian_0021
Pedestrian 1.00 1.00 4 3 5 25 3 0 0 0 -1000.00 -1000.00 -1000.00 -1000.00 1.3390 0.3253 0.4478 4.1796 2.6430 -59.6379 -1.7480 -0.0131 -0.0003 293 pedestrian_0014
Pedestrian 0.00 1.00 0 0 0 0 0 0 0 0 1391.73 317.24 1396.34 325.10 1.9158 0.4880 0.7475 108.5981 -8.6843 137.6703 2.9390 -0.0131 -0.0003 294 pedestrian_0002
Pedestrian 1.00 1.00 0 0 0 0 0 0 0 0 -1000.00 -1000.00 -1000.00 -1000.00 1.9158 0.4880 0.4839 125.9744 1.8019 3.5038 -3.1271 -0.0131 -0.0003 295 pedestrian_0026
Pedestrian 1.00 1.00 0 0 0 0 0 0 0 0 -1000.00 -1000.00 -1000.00 -1000.00 1.9158 0.4880 0.3805 73.1583 3.2280 -89.1121 -0.2532 -0.0131 -0.0003 296 pedestrian_0020
Pedestrian 1.00 1.00 0 0 0 0 0 0 0 0 -1000.00 -1000.00 -1000.00 -1000.00 1.9158 0.4880 0.5962 87.3632 2.7702 -66.0848 0.3831 -0.0131 -0.0003 297 pedestrian_0016
Pedestrian 1.00 1.00 0 0 0 0 0 0 0 0 -1000.00 -1000.00 -1000.00 -1000.00 1.9158 0.4880 0.4729 -126.9541 0.9762 72.4426 0.0783 -0.0131 -0.0003 298 pedestrian_0024
Pedestrian 1.00 1.00 0 0 0 0 0 0 0 0 -1000.00 -1000.00 -1000.00 -1000.00 1.9158 0.4880 0.5010 164.1425 -8.2258 12.4128 -1.5663 -0.0131 -0.0003 299 pedestrian_0001
Pedestrian 1.00 1.00 0 0 0 0 0 0 0 0 -1000.00 -1000.00 -1000.00 -1000.00 1.9158 0.4880 0.7507 -165.1803 3.1852 -92.8616 1.6372 -0.0131 -0.0003 300 pedestrian_0025
Pedestrian 1.00 1.00 0 0 0 0 0 0 0 0 -1000.00 -1000.00 -1000.00 -1000.00 1.9158 0.4880 0.5312 -79.4601 4.4211 -177.2166 1.3963 -0.0131 -0.0003 301 pedestrian_0016
Pedestrian 1.00 1.00 0 0 0 0 0 0 0 0 -1000.00 -1000.00 -1000.00 -1000.00 1.9158 0.4880 0.7392 -162.6800 2.8767 -69.3676 -2.6214 -0.0131 -0.0003 302 pedestrian_0006
Pedestrian 1.00 1.00 3 2 5 19 0 0 0 0 -1000.00 -1000.00 -1000.00 -1000.00 1.3390 0.3253 0.3233 -60.8102 1.6654 20.5835 3.1408 -0.0131 -0.0003 303 pedestrian_0012
Pedestrian 1.00 1.00 0 0 0 0 0 0 0 0 -1000.00 -1000.00 -1000.00 -1000.00 1.9158 0.4880 0.5556 -189.7035 5.7544 -288.4621 2.7578 -0.0131 -0.0003 304 pedestrian_0024
Pedestrian 0.00 1.00 0 0 0 0 0 0 0 0 636.10 355.14 638.91 360.53 1.3390 0.3253 0.5005 -79.4842 0.1302 137.9890 -0.0024 -0.0131 -0.0003 305 pedestrian_0013
Pedestrian 1.00 1.00 0 0 0 0 0 0 0 0 -1000.00 -1000.00 -1000.00 -1000.00 1.1330 0.4333 0.5443 -271.7583 2.7851 -61.1195 -1.7738 -0.0131 -0.0003 306 pedestrian_0011
Pedestrian 1.00 1.00 0 0 0 0 0 0 0 0 -1000.00 -1000.00 -1000.00 -1000.00 1.9158 0.4880 0.7055 19.3198 4.2356 -176.7328 0.0694 -0.0131 -0.0003 307 pedestrian_0024
Pedestrian 1.00 1.00 0 0 0 0 0 0 0 0 -1000.00 -1000.00 -1000.00 -1000.00 1.9158 0.4880 0.4062 -274.4312 2.1287 -10.1161 -1.5389 -0.0131 -0.0003 308 pedestrian_0004
Pedestrian 1.00 1.00 0 0 0 0 0 0 0 0 -1000.00 -1000.00 -1000.00 -1000.00 1.9158 0.4880 0.7167 122.3563 1.2303 46.6841 -1.5960 -0.0131 -0.0003 309 pedestrian_0019
Pedestrian 1.00 1.00 0 0 0 0 0 0 0 0 -1000.00 -1000.00 -1000.00 -1000.00 1.3390 0.3253 0.3983 92.1315 2.7436 -64.7992 3.1409 -0.0131 -0.0003 310 pedestrian_0012
Pedestrian 1.00 1.00 0 0 0 0 0 0 0 0 -1000.00 -1000.00 -1000.00 -1000.00 1.9158 0.4880 0.5389 44.0389 4.2261 -176.3545 3.0675 -0.0131 -0.0003 311 pedestrian_0022
Pedestrian 1.00 1.00 0 0 0 0 0 0 0 0 -1000.00 -1000.00 -1000.00 -1000.00 1.9158 0.4880 0.7507 176.3404 3.9084 -154.6754 -3.0849 -0.0131 -0.0003 312 pedestrian_0018
Pedestrian 0.00 0.34 15 14 21 336 0 0 0 0 647.93 355.94 670.59 401.36 1.9158 0.4880 0.6517 -11.6370 1.7256 22.9581 0.2872 -0.0131 -0.0003 313 pedestrian_0022
Pedestrian 1.00 1.00 0 0 0 0 0 0 0 0 -1000.00 -1000.00 -1000.00 -1000.00 1.9158 0.4880 0.3891 36.0403 3.9855 -157.8376 -1.6568 -0.0131 -0.0003 314 pedestrian_0005
Pedestrian 1.00 1.00 0 0 0 0 0 0 0 0 -1000.00 -1000.00 -1000.00 -1000.00 1.9158 0.4880 0.7507 154.4443 3.1012 -81.0143 0.0149 -0.0131 -0.0003 315 pedestrian_0018
Pedestrian 1.00 1.00 0 0 0 0 0 0 0 0 -1000.00 -1000.00 -1000.00 -1000.00 1.9158 0.4880 0.6854 -271.3396 2.8530 -65.4523 1.6048 -0.0131 -0.0003 316 pedestrian_0024
Pedestrian 1.00 1.00 0 0 0 0 0 0 0 0 -1000.00 -1000.00 -1000.00 -1000.00 1.9158 0.4880 0.6474 -170.8737 3.1253 -89.3979 3.0988 -0.0131 -0.0003 317 pedestrian_0002
Pedestrian 1.00 1.00 0 0 0 0 0 0 0 0 -1000.00 -1000.00 -1000.00 -1000.00 1.3390 0.3253 0.3308 -93.5724 4.2912 -167.6660 1.6586 -0.0131 -0.0003 318 pedestrian_0013
Pedestrian 1.00 1.00 0 0 0 0 0 0 0 0 -1000.00 -1000.00 -1000.00 -1000.00 1.9158 0.4880 0.7507 70.8280 4.3869 -177.5169 -0.0328 -0.0131 -0.0003 319 pedestrian_0018
Pedestrian 1.00 1.00 0 1 2 3 0 0 0 0 -1000.00 -1000.00 -1000.00 -1000.00 1.9158 0.4880 0.4453 -11.7835 4.2532 -177.3295 -0.3325 -0.0131 -0.0003 320 pedestrian_0006
Pedestrian 1.00 1.00 0 0 0 0 0 0 0 0 -1000.00 -1000.00 -1000.00 -1000.00 1.9158 0.4880 0.7237 -239.7206 5.3466 -256.3645 2.4426 -0.0131 -0.0003 321 pedestrian_0021
Pedestrian 1.00 1.00 0 0 0 0 0 0 0 0 -1000.00 -1000.00 -1000.00 -1000.00 1.1330 0.4333 0.5722 35.2231 3.0222 -85.1911 0.0113 -0.0131 -0.0003 322 pedestrian_0010
Pedestrian 1.00 1.00 0 0 0 0 0 0 0 0 -1000.00 -1000.00 -1000.00 -1000.00 1.9158 0.4880 0.7507 144.6246 2.1185 -21.6885 1.5696 -0.0131 -0.0003 323 pedestrian_0022
Pedestrian 1.00 1.00 0 0 0 0 0 0 0 0 -1000.00 -1000.00 -1000.00 -1000.00 1.9158 0.4880 0.7507 -73.8299 3.0015 -68.9834 -0.0350 -0.0131 -0.0003 324 pedestrian_0015
Pedestrian 1.00 1.00 0 0 0 8 0 1 0 0 -1000.00 -1000.00 -1000.00 -1000.00 1.9158 0.4880 0.4557 -93.5139 1.6269 24.6764 -1.2091 -0.0131 -0.0003 325 pedestrian_0005
Pedestrian 1.00 1.00 0 0 0 0 0 0 0 0 -1000.00 -1000.00 -1000.00 -1000.00 1.9158 0.4880 0.6192 201.5228 -7.0984 -78.2807 -1.5598 -0.0131 -0.0003 326 pedestrian_0006
Pedestrian 1.00 1.00 3 5 7 34 0 0 0 0 -1000.00 -1000.00 -1000.00 -1000.00 1.9158 0.4880 0.7507 -19.6884 2.8209 -68.0157 -3.1028 -0.0131 -0.0003 327 pedestrian_0002
Pedestrian 1.00 1.00 0 0 0 0 0 0 0 0 -1000.00 -1000.00 -1000.00 -1000.00 1.9158 0.4880 0.6548 -43.1062 2.8347 -68.5926 -3.1100 -0.0131 -0.0003 328 pedestrian_0015
Pedestrian 0.00 1.00 0 0 0 0 0 0 0 0 662.12 352.85 666.24 360.57 1.9158 0.4880 0.7507 -72.7824 0.1383 137.8787 -0.0012 -0.0131 -0.0003 329 pedestrian_0005
Pedestrian 1.00 1.00 0 0 0 0 0 0 0 0 -1000.00 -1000.00 -1000.00 -1000.00 1.1330 0.4333 0.6667 -238.7923 5.3368 -256.4597 2.3339 -0.0131 -0.0003 330 pedestrian_0010
Pedestrian 1.00 1.00 0 0 0 0 0 0 0 0 -1000.00 -1000.00 -1000.00 -1000.00 1.9158 0.4880 0.4636 56.8141 1.5139 30.4801 -1.5543 -0.0131 -0.0003 331 pedestrian_0001
Pedestrian 1.00 1.00 1 4 4 13 0 1 0 0 -1000.00 -1000.00 -1000.00 -1000.00 1.9158 0.4880 0.3797 -93.3665 2.0480 -7.4652 -1.1833 -0.0131 -0.0003 332 pedestrian_0017
Pedestrian 1.00 1.00 0 0 0 0 0 0 0 0 -1000.00 -1000.00 -1000.00 -1000.00 1.9158 0.4880 0.5987 24.5542 3.0406 -85.5281 0.0172 -0.0131 -0.0003 333 pedestrian_0023
Pedestrian 0.00 1.00 0 0 0 0 0 0 0 0 67.96 357.12 74.62 367.39 1.3390 0.3253 0.3068 -115.6694 0.9633 72.6475 -2.9818 -0.0131 -0.0003 334 pedestrian_0013
Pedestrian 1.00 1.00 0 0 0 0 0 0 0 0 -1000.00 -1000.00 -1000.00 -1000.00 1.9158 0.4880 0.7507 -54.9165 2.1360 -16.1196 1.2100 -0.0131 -0.0003 335 pedestrian_0019
Pedestrian 1.00 1.00 1 2 4 8 0 1 0 0 -1000.00 -1000.00 -1000.00 -1000.00 1.9158 0.4880 0.7059 -89.5275 1.8057 22.5955 3.0501 -0.0131 -0.0003 336 pedestrian_0017
Pedestrian 1.00 1.00 0 0 0 0 0 0 0 0 -1000.00 -1000.00 -1000.00 -1000.00 1.9158 0.4880 0.7507 -172.3148 5.8138 -293.3329 3.0046 -0.0131 -0.0003 337 pedestrian_0025
Pedestrian 1.00 1.00 0 0 0 0 0 0 0 0 -1000.00 -1000.00 -1000.00 -1000.00 1.9158 0.4880 0.4576 -5.4097 0.8271 -292.6104 -2.4396 -0.0131 -0.0003 338 pedestrian_0006
Pedestrian 1.00 1.00 0 0 0 0 0 0 0 0 -1000.00 -1000.00 -1000.00 -1000.00 1.1330 0.4333 0.3625 61.4195 -4.7878 -254.8707 0.4881 -0.0131 -0.0003 339 pedestrian_0011
Pedestrian 1.00 1.00 0 0 0 0 0 0 0 0 -1000.00 -1000.00 -1000.00 -1000.00 1.1330 0.4333 0.4083 127.3079 2.9499 -83.2165 -1.5545 -0.0131 -0.0003 340 pedestrian_0011
Pedestrian 1.00 1.00 0 0 0 0 0 0 0 0 -1000.00 -1000.00 -1000.00 -1000.00 1.3390 0.3253 0.2933 200.1904 3.8214 -148.9925 -2.3659 -0.0131 -0.0003 341 pedestrian_0013
Pedestrian 1.00 1.00 0 0 0 0 0 0 0 0 -1000.00 -1000.00 -1000.00 -1000.00 1.9158 0.4880 0.4863 149.6813 2.7303 -64.3339 -0.1037 -0.0131 -0.0003 342 pedestrian_0007
Pedestrian 1.00 1.00 0 0 0 3 1 0 0 0 -1000.00 -1000.00 -1000.00 -1000.00 1.9158 0.4880 0.3846 -11.8542 4.2966 -169.0204 -1.8480 -0.0131 -0.0003 343 pedestrian_0021
Pedestrian 1.00 1.00 0 0 0 0 0 0 0 0 -1000.00 -1000.00 -1000.00 -1000.00 1.1330 0.4333 0.5828 200.5306 -5.4503 -204.9691 -1.7909 -0.0131 -0.0003 344 pedestrian_0010
Pedestrian 1.00 1.00 5 3 3 32 7 0 0 0 -1000.00 -1000.00 -1000.00 -1000.00 1.9158 0.4880 0.5287 2.4099 2.9479 -68.9785 -2.4431 -0.0131 -0.0003 345 pedestrian_0021
Pedestrian 1.00 1.00 4 0 0 15 0 0 0 0 -1000.00 -1000.00 -1000.00 -1000.00 1.3390 0.3253 0.3075 69.7307 1.7282 24.7744 -2.6203 -0.0131 -0.0003 346 pedestrian_0014
Pedestrian 1.00 1.00 0 0 0 0 0 0 0 0 -1000.00 -1000.00 -1000.00 -1000.00 1.9158 0.4880 0.5720 -35.0334 3.6122 -130.2780 -0.0251 -0.0131 -0.0003 347 pedestrian_0023
Pedestrian 1.00 1.00 0 0 0 0 0 0 0 0 -1000.00 -1000.00 -1000.00 -1000.00 1.9158 0.4880 0.7507 -138.5544 3.1403 -89.6543 -3.1265 -0.0131 -0.0003 348 pedestrian_0008
Pedestrian 1.00 1.00 0 0 0 0 0 0 0 0 -1000.00 -1000.00 -1000.00 -1000.00 1.9158 0.4880 0.6608 -262.3175 1.1325 65.6805 -1.9782 -0.0131 -0.0003 349 pedestrian_0006
Pedestrian 1.00 1.00 0 0 0 0 0 0 0 0 -1000.00 -1000.00 -1000.00 -1000.00 1.9158 0.4880 0.6856 53.9652 4.8081 -225.2017 3.1397 -0.0131 -0.0003 350 pedestrian_0022
Pedestrian 1.00 1.00 0 0 0 0 0 0 0 0 -1000.00 -1000.00 -1000.00 -1000.00 1.9158 0.4880 0.7240 50.1112 4.2235 -176.2764 3.0530 -0.0131 -0.0003 351 pedestrian_0023
Pedestrian 1.00 1.00 0 2 1 11 0 0 0 0 -1000.00 -1000.00 -1000.00 -1000.00 1.9158 0.4880 0.7357 6.3598 3.3792 -115.2248 1.6312 -0.0131 -0.0003 352 pedestrian_0006
Pedestrian 1.00 1.00 47 62 94 519 0 17 0 0 -1000.00 -1000.00 -1000.00 -1000.00 1.9158 0.4880 0.4479 -17.9098 1.8932 2.8967 -1.6165 -0.0131 -0.0003 353 pedestrian_0024
Pedestrian 0.00 1.00 0 0 0 0 0 0 0 0 295.17 356.08 300.17 360.72 1.1330 0.4333 0.6667 -161.5720 0.1741 135.8859 -3.0665 -0.0131 -0.0003 354 pedestrian_0011
Pedestrian 0.00 0.08 23 24 42 1720 0 3 4 0 479.83 353.70 505.91 404.22 1.9158 0.4880 0.6441 -17.1511 1.6531 21.2785 -3.1029 -0.0131 -0.0003 355 pedestrian_0017
Pedestrian 1.00 1.00 0 0 0 0 0 0 0 0 -1000.00 -1000.00 -1000.00 -1000.00 1.3390 0.3253 0.3408 165.9552 -6.7852 -102.2431 -1.4572 -0.0131 -0.0003 356 pedestrian_0012
Pedestrian 1.00 1.00 0 0 0 0 0 0 0 0 -1000.00 -1000.00 -1000.00 -1000.00 1.9158 0.4880 0.4506 -207.7462 5.6699 -281.6595 3.0181 -0.0131 -0.0003 357 pedestrian_0020
Pedestrian 1.00 1.00 0 0 0 0 0 0 0 0 -1000.00 -1000.00 -1000.00 -1000.00 1.9158 0.4880 0.5271 -14.0013 4.2454 -176.6942 0.0111 -0.0131 -0.0003 358 pedestrian_0017
Pedestrian 1.00 1.00 0 1 4 14 0 0 0 0 -1000.00 -1000.00 -1000.00 -1000.00 1.9158 0.4880 0.4986 -73.7378 1.9277 12.9680 1.8536 -0.0131 -0.0003 359 pedestrian_0025
Pedestrian 1.00 1.00 0 0 0 0 0 0 0 0 -1000.00 -1000.00 -1000.00 -1000.00 1.3390 0.3253 0.5005 -91.9393 5.7905 -293.6804 -0.0443 -0.0131 -0.0003 360 pedestrian_0013
Pedestrian 1.00 1.00 0 0 0 0 0 0 0 0 -1000.00 -1000.00 -1000.00 -1000.00 1.3390 0.3253 0.5005 -216.1785 5.5896 -275.9883 2.4873 -0.0131 -0.0003 361 pedestrian_0013
Pedestrian 1.00 1.00 0 0 0 0 0 0 0 0 -1000.00 -1000.00 -1000.00 -1000.00 1.3390 0.3253 0.3156 11.4420 2.6703 -61.5205 -1.7710 -0.0131 -0.0003 362 pedestrian_0013
Pedestrian 0.00 1.00 0 0 0 0 0 0 0 0 136.00 360.97 143.82 370.85 1.1330 0.4333 0.3479 -94.0573 1.2485 64.1170 1.3975 -0.0131 -0.0003 363 pedestrian_0011
Pedestrian 1.00 1.00 0 0 0 0 0 0 0 0 -1000.00 -1000.00 -1000.00 -1000.00 1.3390 0.3253 0.4085 9.5305 4.2450 -166.1414 1.8831 -0.0131 -0.0003 364 pedestrian_0012
Pedestrian 1.00 1.00 0 0 0 0 0 0 0 0 -1000.00 -1000.00 -1000.00 -1000.00 1.9158 0.4880 0.5487 132.0954 2.7892 -61.0000 -0.0559 -0.0131 -0.0003 365 pedestrian_0023
Pedestrian 0.00 1.00 0 0 0 2 0 0 0 0 172.39 354.05 179.90 369.67 1.9158 0.4880 0.3928 -95.8595 1.1826 68.3616 -2.4710 -0.0131 -0.0003 366 pedestrian_0005
Pedestrian 1.00 1.00 0 0 0 0 0 0 0 0 -1000.00 -1000.00 -1000.00 -1000.00 1.9158 0.4880 0.6294 -199.7874 2.8298 -67.8326 1.5994 -0.0131 -0.0003 367 pedestrian_0021
Pedestrian 1.00 1.00 0 0 0 0 0 0 0 0 -1000.00 -1000.00 -1000.00 -1000.00 1.1330 0.4333 0.4254 -126.2025 2.8485 -68.4893 0.0185 -0.0131 -0.0003 368 pedestrian_0010
Pedestrian 1.00 1.00 0 0 0 0 0 0 0 0 -1000.00 -1000.00 -1000.00 -1000.00 1.9158 0.4880 0.7507 83.3691 4.7991 -225.0808 -0.0073 -0.0131 -0.0003 369 pedestrian_0020
Pedestrian 1.00 1.00 0 0 0 0 0 0 0 0 -1000.00 -1000.00 -1000.00 -1000.00 1.3390 0.3253 0.4232 45.0662 3.0409 -86.5642 -3.0937 -0.0131 -0.0003 370 pedestrian_0012
Pedestrian 1.00 1.00 0 0 0 0 0 0 0 0 -1000.00 -1000.00 -1000.00 -1000.00 1.9158 0.4880 0.6751 62.0913 3.1311 -93.1400 -1.5638 -0.0131 -0.0003 371 pedestrian_0015
Pedestrian 0.00 0.07 22 31 46 506 0 0 19 0 1000.33 355.84 1020.38 403.27 1.9158 0.4880 0.7303 2.8444 1.7253 22.6975 3.0254 -0.0131 -0.0003 372 pedestrian_0007
Pedestrian 1.00 1.00 0 0 0 0 0 0 0 0 -1000.00 -1000.00 -1000.00 -1000.00 1.9158 0.4880 0.5784 -270.2326 3.7239 -131.7784 -1.5392 -0.0131 -0.0003 373 pedestrian_0008
Pedestrian 1.00 1.00 0 0 0 0 0 0 0 0 -1000.00 -1000.00 -1000.00 -1000.00 1.9158 0.4880 0.6232 22.2244 2.7881 -66.1855 3.0661 -0.0131 -0.0003 374 pedestrian_0020
Pedestrian 1.00 1.00 0 0 0 1 0 0 0 0 -1000.00 -1000.00 -1000.00 -1000.00 1.9158 0.4880 0.5513 -5.1596 4.3686 -177.1976 0.1897 -0.0131 -0.0003 375 pedestrian_0015
Pedestrian 1.00 1.00 1 1 4 5 0 0 0 0 -1000.00 -1000.00 -1000.00 -1000.00 1.3390 0.3253 0.3315 -29.8989 3.0465 -85.4662 0.0268 -0.0131 -0.0003 376 pedestrian_0012
Pedestrian 1.00 1.00 0 0 0 0 0 0 0 0 -1000.00 -1000.00 -1000.00 -1000.00 1.9158 0.4880 0.4353 122.8994 4.1921 -175.4733 0.2832 -0.0131 -0.0003 377 pedestrian_0017
Pedestrian 1.00 1.00 4 3 7 28 0 0 0 4 -1000.00 -1000.00 -1000.00 -1000.00 1.9158 0.4880 0.3814 75.9064 2.0525 0.5446 -3.1186 -0.0131 -0.0003 378 pedestrian_0025
Pedestrian 1.00 1.00 0 0 0 1 0 0 0 0 -1000.00 -1000.00 -1000.00 -1000.00 1.1330 0.4333 0.3592 -70.9347 1.6721 19.9217 0.5341 -0.0131 -0.0003 379 pedestrian_0009
Pedestrian 1.00 1.00 0 0 0 0 0 0 0 0 -1000.00 -1000.00 -1000.00 -1000.00 1.9158 0.4880 0.5829 59.1750 2.7863 -66.7694 1.7478 -0.0131 -0.0003 380 pedestrian_0002
Pedestrian 1.00 1.00 0 0 0 0 0 0 0 0 -1000.00 -1000.00 -1000.00 -1000.00 1.3390 0.3253 0.3948 -120.1797 5.8180 -295.2884 3.0706 -0.0131 -0.0003 381 pedestrian_0013
Pedestrian 1.00 1.00 0 0 0 0 0 0 0 0 -1000.00 -1000.00 -1000.00 -1000.00 1.3390 0.3253 0.2502 124.3533 4.1720 -174.4208 0.1242 -0.0131 -0.0003 382 pedestrian_0012
Pedestrian 1.00 1.00 0 0 0 0 0 0 0 0 -1000.00 -1000.00 -1000.00 -1000.00 1.1330 0.4333 0.5773 -53.5418 2.1042 -14.3196 -1.9195 -0.0131 -0.0003 383 pedestrian_0010
Pedestrian 1.00 1.00 0 0 0 0 0 0 0 0 -1000.00 -1000.00 -1000.00 -1000.00 1.3390 0.3253 0.5005 -86.3434 5.7891 -293.7486 -3.0737 -0.0131 -0.0003 384 pedestrian_0013
Pedestrian 1.00 1.00 0 0 1 0 0 0 0 0 -1000.00 -1000.00 -1000.00 -1000.00 1.9158 0.4880 0.7507 -94.8707 1.5563 30.0899 1.6802 -0.0131 -0.0003 385 pedestrian_0015
Pedestrian 1.00 1.00 462 475 801 6736 0 0 0 103 -1000.00 -1000.00 -1000.00 -1000.00 1.9158 0.4880 0.5054 6.0653 1.8629 0.3540 -2.0855 -0.0131 -0.0003 386 pedestrian_0018
Pedestrian 1.00 1.00 0 0 0 0 0 0 0 0 -1000.00 -1000.00 -1000.00 -1000.00 1.3390 0.3253 0.4887 -84.1756 5.8028 -294.8463 -3.0789 -0.0131 -0.0003 387 pedestrian_0013
Pedestrian 1.00 1.00 0 0 0 0 0 0 0 0 -1000.00 -1000.00 -1000.00 -1000.00 1.9158 0.4880 0.3754 64.5205 4.3712 -176.1944 2.9763 -0.0131 -0.0003 388 pedestrian_0022
Pedestrian 1.00 1.00 0 0 0 0 0 0 0 0 -1000.00 -1000.00 -1000.00 -1000.00 1.9158 0.4880 0.7507 -272.3090 1.8699 9.5971 1.5625 -0.0131 -0.0003 389 pedestrian_0003
Pedestrian 1.00 1.00 0 0 0 0 0 0 0 0 -1000.00 -1000.00 -1000.00 -1000.00 1.9158 0.4880 0.7507 -240.5350 5.3311 -255.1615 2.4760 -0.0131 -0.0003 390 pedestrian_0021
Pedestrian 0.00 1.00 0 0 0 8 0 0 0 0 195.54 352.74 202.36 367.68 1.9158 0.4880 0.3754 -97.1843 0.9805 71.3726 -0.6068 -0.0131 -0.0003 391 pedestrian_0016
Pedestrian 1.00 1.00 0 0 0 0 0 0 0 0 -1000.00 -1000.00 -1000.00 -1000.00 1.9158 0.4880 0.5327 -204.8609 5.6800 -282.5529 2.5172 -0.0131 -0.0003 392 pedestrian_0005
Pedestrian 1.00 1.00 0 0 0 0 0 0 0 0 -1000.00 -1000.00 -1000.00 -1000.00 1.9158 0.4880 0.4774 164.0641 -5.5013 -199.8534 1.2084 -0.0131 -0.0003 393 pedestrian_0026
Pedestrian 1.00 1.00 0 0 0 0 0 0 0 0 -1000.00 -1000.00 -1000.00 -1000.00 1.9158 0.4880 0.7507 58.2731 2.2637 -26.9909 -1.4875 -0.0131 -0.0003 394 pedestrian_0022
Pedestrian 1.00 1.00 0 0 0 0 0 0 0 0 -1000.00 -1000.00 -1000.00 -1000.00 1.1330 0.4333 0.5136 143.5693 -8.5781 79.3434 2.1243 -0.0131 -0.0003 395 pedestrian_0010
Pedestrian 0.00 0.05 32 33 56 498 0 0 71 0 930.40 355.92 949.60 401.71 1.9158 0.4880 0.7507 -0.0761 1.7170 23.3885 2.8333 -0.0131 -0.0003 396 pedestrian_0006
Pedestrian 1.00 1.00 0 0 0 0 0 0 0 0 -1000.00 -1000.00 -1000.00 -1000.00 1.3390 0.3253 0.3973 -95.3196 4.9603 -233.2747 -2.0689 -0.0131 -0.0003 397 pedestrian_0012
Pedestrian 1.00 1.00 0 0 0 0 0 0 0 0 -1000.00 -1000.00 -1000.00 -1000.00 1.1330 0.4333 0.3333 -12.1421 4.2485 -177.8446 2.5803 -0.0131 -0.0003 398 pedestrian_0010
Pedestrian 1.00 1.00 0 0 0 0 0 0 0 0 -1000.00 -1000.00 -1000.00 -1000.00 1.9158 0.4880 0.4516 -208.8862 1.4899 34.5994 1.1250 -0.0131 -0.0003 399 pedestrian_0007
Pedestrian 1.00 1.00 0 0 0 0 0 0 0 0 -1000.00 -1000.00 -1000.00 -1000.00 1.9158 0.4880 0.6245 200.9643 -7.6698 -34.6636 -1.4446 -0.0131 -0.0003 400 pedestrian_0001
Pedestrian 1.00 1.00 11 18 20 93 0 15 0 0 -1000.00 -1000.00 -1000.00 -1000.00 1.9158 0.4880 0.7507 -38.4611 1.9681 -2.5235 -2.9701 -0.0131 -0.0003 401 pedestrian_0016
Pedestrian 1.00 1.00 0 0 0 0 0 0 0 0 -1000.00 -1000.00 -1000.00 -1000.00 1.9158 0.4880 0.7507 -266.7903 1.3020 52.8299 -1.8127 -0.0131 -0.0003 402 pedestrian_0021
Pedestrian 1.00 1.00 0 0 0 0 0 0 0 0 -1000.00 -1000.00 -1000.00 -1000.00 1.9158 0.4880 0.4316 106.6882 2.7403 -64.1766 0.2914 -0.0131 -0.0003 403 pedestrian_0006
Pedestrian 1.00 1.00 0 0 0 0 0 0 0 0 -1000.00 -1000.00 -1000.00 -1000.00 1.9158 0.4880 0.7507 -181.5521 1.1539 59.7478 -2.7601 -0.0131 -0.0003 404 pedestrian_0023
Pedestrian 1.00 1.00 0 0 0 0 0 0 0 0 -1000.00 -1000.00 -1000.00 -1000.00 1.1330 0.4333 0.5919 64.4202 4.3059 -172.0774 -1.6520 -0.0131 -0.0003 405 pedestrian_0011
Pedestrian 1.00 1.00 9 7 15 76 4 0 0 0 -1000.00 -1000.00 -1000.00 -1000.00 1.9158 0.4880 0.5457 6.2324 2.5064 -48.6132 -1.5400 -0.0131 -0.0003 406 pedestrian_0004
Pedestrian 1.00 1.00 0 0 0 0 0 0 0 0 -1000.00 -1000.00 -1000.00 -1000.00 1.9158 0.4880 0.4800 22.2763 4.2343 -176.5620 2.7308 -0.0131 -0.0003 407 pedestrian_0026
Pedestrian 1.00 1.00 0 0 0 0 0 0 0 0 -1000.00 -1000.00 -1000.00 -1000.00 1.3390 0.3253 0.3449 146.3136 2.6812 -63.5325 -1.4971 -0.0131 -0.0003 408 pedestrian_0013
Pedestrian 1.00 1.00 0 0 0 0 0 0 0 0 -1000.00 -1000.00 -1000.00 -1000.00 1.1330 0.4333 0.5873 -93.5995 5.0365 -227.4163 1.6624 -0.0131 -0.0003 409 pedestrian_0010
Pedestrian 1.00 1.00 0 0 0 0 0 0 0 0 -1000.00 -1000.00 -1000.00 -1000.00 1.9158 0.4880 0.5174 144.9932 1.8000 2.7015 -1.5499 -0.0131 -0.0003 410 pedestrian_0020
Pedestrian 1.00 1.00 0 0 0 0 0 0 0 0 -1000.00 -1000.00 -1000.00 -1000.00 1.9158 0.4880 0.7086 -112.6743 5.0117 -235.7826 3.1217 -0.0131 -0.0003 411 pedestrian_0025
Pedestrian 1.00 1.00 0 3 4 1 0 0 0 0 -1000.00 -1000.00 -1000.00 -1000.00 1.1330 0.4333 0.6667 87.2810 1.5659 24.9604 3.1131 -0.0131 -0.0003 412 pedestrian_0010
Pedestrian 1.00 1.00 0 0 0 0 0 0 0 0 -1000.00 -1000.00 -1000.00 -1000.00 1.9158 0.4880 0.7507 127.7871 3.1725 -101.6136 1.6004 -0.0131 -0.0003 413 pedestrian_0015
Pedestrian 1.00 1.00 0 0 0 0 0 0 0 0 -1000.00 -1000.00 -1000.00 -1000.00 1.1330 0.4333 0.6667 62.8376 3.8237 -146.8801 1.6288 -0.0131 -0.0003 414 pedestrian_0011
Pedestrian 1.00 1.00 37 32 52 2285 4 8 0 0 -1000.00 -1000.00 -1000.00 -1000.00 1.9158 0.4880 0.6250 -13.9008 2.1775 -23.0391 1.5506 -0.0131 -0.0003 415 pedestrian_0025
Pedestrian 1.00 1.00 0 0 0 0 0 0 0 0 -1000.00 -1000.00 -1000.00 -1000.00 1.1330 0.4333 0.6527 162.9559 -8.4514 36.0191 1.6665 -0.0131 -0.0003 416 pedestrian_0009
Pedestrian 1.00 1.00 0 1 0 0 0 0 0 0 -1000.00 -1000.00 -1000.00 -1000.00 1.9158 0.4880 0.7507 158.1810 -8.5459 55.6714 -1.1738 -0.0131 -0.0003 417 pedestrian_0026
Pedestrian 1.00 1.00 0 0 0 0 0 0 0 0 -1000.00 -1000.00 -1000.00 -1000.00 1.9158 0.4880 0.7507 -270.4196 3.3514 -103.3863 1.5935 -0.0131 -0.0003 418 pedestrian_0019
Pedestrian 1.00 1.00 0 0 0 0 0 0 0 0 -1000.00 -1000.00 -1000.00 -1000.00 1.9158 0.4880 0.7507 62.9949 3.2629 -103.2128 -1.5079 -0.0131 -0.0003 419 pedestrian_0018
Pedestrian 1.00 1.00 0 0 0 0 0 0 0 0 -1000.00 -1000.00 -1000.00 -1000.00 1.9158 0.4880 0.6593 -119.3483 5.8159 -294.5083 3.0394 -0.0131 -0.0003 420 pedestrian_0026
Pedestrian 1.00 1.00 0 0 0 0 0 0 0 0 -1000.00 -1000.00 -1000.00 -1000.00 1.9158 0.4880 0.7507 193.5437 2.9499 -81.8616 0.0123 -0.0131 -0.0003 421 pedestrian_0005
Pedestrian 1.00 1.00 0 0 0 0 0 0 0 0 -1000.00 -1000.00 -1000.00 -1000.00 1.9158 0.4880 0.7507 63.4524 4.4241 -191.8486 -1.5448 -0.0131 -0.0003 422 pedestrian_0021
Pedestrian 1.00 1.00 0 0 0 0 0 0 0 0 -1000.00 -1000.00 -1000.00 -1000.00 1.9158 0.4880 0.4096 198.2807 3.8602 -151.4126 0.3020 -0.0131 -0.0003 423 pedestrian_0025
Pedestrian 1.00 1.00 0 0 0 0 0 0 0 0 -1000.00 -1000.00 -1000.00 -1000.00 1.9158 0.4880 0.4747 126.4537 2.9883 -71.9354 1.6583 -0.0131 -0.0003 424 pedestrian_0008
Pedestrian 1.00 1.00 0 0 0 0 0 0 0 0 -1000.00 -1000.00 -1000.00 -1000.00 1.9158 0.4880 0.4742 57.1500 1.8834 13.8121 -0.6421 -0.0131 -0.0003 425 pedestrian_0018
Pedestrian 1.00 1.00 0 0 0 0 0 0 0 0 -1000.00 -1000.00 -1000.00 -1000.00 1.9158 0.4880 0.6079 -200.2135 2.0636 -9.1253 -1.5497 -0.0131 -0.0003 426 pedestrian_0020
Pedestrian 1.00 1.00 0 0 0 0 0 0 0 0 -1000.00 -1000.00 -1000.00 -1000.00 1.3390 0.3253 0.4949 -137.6594 4.1777 -169.7841 2.5977 -0.0131 -0.0003 427 pedestrian_0012
Pedestrian 1.00 1.00 0 0 0 0 0 0 0 0 -1000.00 -1000.00 -1000.00 -1000.00 1.1330 0.4333 0.4528 127.3159 3.8080 -150.9691 -1.5572 -0.0131 -0.0003 428 pedestrian_0011
Pedestrian 1.00 1.00 0 0 0 0 0 0 0 0 -1000.00 -1000.00 -1000.00 -1000.00 1.9158 0.4880 0.5687 -149.3654 4.0754 -161.1001 2.1575 -0.0131 -0.0003 429 pedestrian_0006
Pedestrian 1.00 1.00 0 0 0 0 0 0 0 0 -1000.00 -1000.00 -1000.00 -1000.00 1.9158 0.4880 0.4526 149.0215 2.7229 -63.6666 -0.1055 -0.0131 -0.0003 430 pedestrian_0021
Pedestrian 1.00 1.00 0 0 0 0 0 0 0 0 -1000.00 -1000.00 -1000.00 -1000.00 1.9158 0.4880 0.7507 -157.4886 3.0011 -67.3274 -3.0254 -0.0131 -0.0003 431 pedestrian_0026
Pedestrian 1.00 1.00 0 0 0 0 0 0 0 0 -1000.00 -1000.00 -1000.00 -1000.00 1.9158 0.4880 0.4392 142.7981 -8.5597 79.5639 2.7664 -0.0131 -0.0003 432 pedestrian_0026
Pedestrian 1.00 1.00 0 0 0 0 0 0 0 0 -1000.00 -1000.00 -1000.00 -1000.00 1.9158 0.4880 0.4919 -62.0253 3.6355 -129.5815 -0.0256 -0.0131 -0.0003 433 pedestrian_0002
Pedestrian 1.00 1.00 0 0 0 0 0 0 0 0 -1000.00 -1000.00 -1000.00 -1000.00 1.9158 0.4880 0.7507 114.5099 4.2126 -176.6900 -3.1123 -0.0131 -0.0003 434 pedestrian_0001
Pedestrian 1.00 1.00 0 0 0 0 0 0 0 0 -1000.00 -1000.00 -1000.00 -1000.00 1.9158 0.4880 0.5759 188.4363 -5.0643 -233.7369 1.0106 -0.0131 -0.0003 435 pedestrian_0022
Pedestrian 1.00 1.00 0 0 0 0 0 0 0 0 -1000.00 -1000.00 -1000.00 -1000.00 1.9158 0.4880 0.5217 59.9463 2.2750 -27.7615 -1.5665 -0.0131 -0.0003 436 pedestrian_0005
Pedestrian 1.00 1.00 0 0 0 0 0 0 0 0 -1000.00 -1000.00 -1000.00 -1000.00 1.3390 0.3253 0.5005 -84.9789 3.2911 -91.5076 -2.9781 -0.0131 -0.0003 437 pedestrian_0013
Pedestrian 1.00 1.00 0 0 0 0 0 0 0 0 -1000.00 -1000.00 -1000.00 -1000.00 1.1330 0.4333 0.6667 -269.3320 3.8940 -145.6863 1.5513 -0.0131 -0.0003 438 pedestrian_0011
Pedestrian 0.00 1.00 0 0 0 0 0 0 0 0 152.78 354.32 162.97 370.83 1.9158 0.4880 0.4368 -92.7275 1.2540 64.6404 0.1267 -0.0131 -0.0003 439 pedestrian_0006
Pedestrian 0.00 1.00 0 0 0 0 0 0 0 0 1233.11 321.56 1235.75 326.95 1.3390 0.3253 0.4934 69.9166 -8.3318 139.6004 0.0165 -0.0131 -0.0003 440 pedestrian_0014
Pedestrian 1.00 1.00 0 0 0 0 0 0 0 0 -1000.00 -1000.00 -1000.00 -1000.00 1.9158 0.4880 0.4907 -93.9822 1.9885 -2.8742 -1.6204 -0.0131 -0.0003 441 pedestrian_0025
Pedestrian 1.00 1.00 0 0 0 0 0 0 0 0 -1000.00 -1000.00 -1000.00 -1000.00 1.9158 0.4880 0.4930 -253.1169 0.9106 82.4308 -2.1541 -0.0131 -0.0003 442 pedestrian_0003
Pedestrian 1.00 1.00 0 0 0 0 0 0 0 0 -1000.00 -1000.00 -1000.00 -1000.00 1.9158 0.4880 0.7507 125.2765 2.0209 -13.8665 1.6382 -0.0131 -0.0003 443 pedestrian_0024
Pedestrian 1.00 1.00 2 1 0 10 2 0 0 0 -1000.00 -1000.00 -1000.00 -1000.00 1.9158 0.4880 0.5061 6.0617 3.0615 -90.7121 1.9748 -0.0131 -0.0003 444 pedestrian_0007
Pedestrian 1.00 1.00 0 0 0 0 0 0 0 0 -1000.00 -1000.00 -1000.00 -1000.00 1.9158 0.4880 0.4108 -103.1746 2.8490 -68.0793 0.0022 -0.0131 -0.0003 445 pedestrian_0023
Pedestrian 1.00 1.00 0 0 0 0 0 0 0 0 -1000.00 -1000.00 -1000.00 -1000.00 1.9158 0.4880 0.4486 -236.6473 0.6391 102.8374 0.8477 -0.0131 -0.0003 446 pedestrian_0026
Pedestrian 1.00 1.00 0 0 0 0 0 0 0 0 -1000.00 -1000.00 -1000.00 -1000.00 1.1330 0.4333 0.6304 167.6756 -5.8063 -177.2140 -1.6161 -0.0131 -0.0003 447 pedestrian_0009
Pedestrian 1.00 1.00 0 0 0 0 0 0 0 0 -1000.00 -1000.00 -1000.00 -1000.00 1.9158 0.4880 0.5138 61.2700 -4.7643 -255.5164 -3.0459 -0.0131 -0.0003 448 pedestrian_0015
Pedestrian 1.00 1.00 0 0 0 0 0 0 0 0 -1000.00 -1000.00 -1000.00 -1000.00 1.9158 0.4880 0.3938 151.8328 2.9594 -81.7760 -1.4009 -0.0131 -0.0003 449 pedestrian_0017
Pedestrian 1.00 1.00 0 0 0 0 0 0 0 0 -1000.00 -1000.00 -1000.00 -1000.00 1.9158 0.4880 0.6706 10.0362 2.7921 -66.2563 0.7782 -0.0131 -0.0003 450 pedestrian_0023
Pedestrian 0.00 1.00 0 0 0 2 0 0 0 0 189.03 354.28 199.77 370.53 1.9158 0.4880 0.6219 -90.0565 1.2375 65.7906 0.6811 -0.0131 -0.0003 451 pedestrian_0001
Pedestrian 1.00 1.00 0 0 0 0 0 0 0 0 -1000.00 -1000.00 -1000.00 -1000.00 1.9158 0.4880 0.7483 -199.4269 2.5860 -49.0366 -1.6117 -0.0131 -0.0003 452 pedestrian_0017
Pedestrian 1.00 1.00 0 0 0 0 0 0 0 0 -1000.00 -1000.00 -1000.00 -1000.00 1.1330 0.4333 0.6152 -67.7789 2.8345 -68.7598 -3.0915 -0.0131 -0.0003 453 pedestrian_0011
Pedestrian 1.00 1.00 0 0 0 0 0 0 0 0 -1000.00 -1000.00 -1000.00 -1000.00 1.9158 0.4880 0.6551 -244.7661 5.2650 -249.8516 -0.8763 -0.0131 -0.0003 454 pedestrian_0018
Pedestrian 1.00 1.00 0 0 0 0 0 0 0 0 -1000.00 -1000.00 -1000.00 -1000.00 1.9158 0.4880 0.6981 146.4213 3.3097 -112.5469 1.5650 -0.0131 -0.0003 455 pedestrian_0021
Pedestrian 1.00 1.00 0 0 0 0 0 0 0 0 -1000.00 -1000.00 -1000.00 -1000.00 1.9158 0.4880 0.4888 183.3763 2.7142 -63.6511 -2.8609 -0.0131 -0.0003 456 pedestrian_0007
Pedestrian 1.00 1.00 1 1 5 4 0 0 0 0 -1000.00 -1000.00 -1000.00 -1000.00 1.9158 0.4880 0.7507 6.8798 3.4662 -121.6814 1.5900 -0.0131 -0.0003 457 pedestrian_0021
Pedestrian 0.00 1.00 0 0 0 0 0 0 0 0 992.93 325.15 996.04 335.70 1.9158 0.4880 0.5248 7.1326 -4.4705 101.7939 -3.1079 -0.0131 -0.0003 458 pedestrian_0019
Pedestrian 0.00 1.00 0 0 0 0 0 0 0 0 451.42 356.01 455.30 360.59 1.1330 0.4333 0.5520 -124.9712 0.1439 137.6006 0.0202 -0.0131 -0.0003 459 pedestrian_0009
Pedestrian 0.00 1.00 0 0 0 0 0 0 0 0 389.73 352.92 394.55 360.73 1.9158 0.4880 0.6605 -138.8464 0.1756 136.3143 -0.0024 -0.0131 -0.0003 460 pedestrian_0004
Pedestrian 1.00 1.00 0 0 0 8 0 1 0 0 -1000.00 -1000.00 -1000.00 -1000.00 1.3390 0.3253 0.4251 -96.2543 1.6516 22.2005 1.6063 -0.0131 -0.0003 461 pedestrian_0012
Pedestrian 1.00 1.00 0 0 0 0 0 0 0 0 -1000.00 -1000.00 -1000.00 -1000.00 1.9158 0.4880 0.6073 -111.3705 2.6692 -54.5186 1.5707 -0.0131 -0.0003 462 pedestrian_0006
Pedestrian 1.00 1.00 0 0 0 0 0 0 0 0 -1000.00 -1000.00 -1000.00 -1000.00 1.1330 0.4333 0.6667 -143.2445 3.1999 -83.6503 -1.7343 -0.0131 -0.0003 463 pedestrian_0009
Pedestrian 1.00 1.00 0 0 0 0 0 0 0 0 -1000.00 -1000.00 -1000.00 -1000.00 1.3390 0.3253 0.2969 -6.2391 4.3489 -177.9921 0.3239 -0.0131 -0.0003 464 pedestrian_0014
Pedestrian 1.00 1.00 0 0 0 0 0 0 0 0 -1000.00 -1000.00 -1000.00 -1000.00 1.1330 0.4333 0.6667 -92.4093 5.0367 -226.1338 1.5420 -0.0131 -0.0003 465 pedestrian_0010
Pedestrian 0.00 0.13 21 29 43 1939 0 7 4 0 524.74 352.65 538.21 404.40 1.9158 0.4880 0.3972 -15.4260 1.6553 20.9963 0.9931 -0.0131 -0.0003 466 pedestrian_0017
Pedestrian 1.00 1.00 4 3 7 29 0 0 0 0 -1000.00 -1000.00 -1000.00 -1000.00 1.9158 0.4880 0.5199 -55.8638 2.0439 3.7558 -3.1261 -0.0131 -0.0003 467 pedestrian_0004
Pedestrian 0.00 0.01 105 115 171 8247 0 0 19 13 1357.97 364.30 1402.73 489.70 1.9158 0.4880 0.5770 7.4326 1.9628 8.7180 -1.6962 -0.0131 -0.0003 468 pedestrian_0021
Pedestrian 1.00 1.00 0 0 0 0 0 0 0 0 -1000.00 -1000.00 -1000.00 -1000.00 1.3390 0.3253 0.4405 126.7419 3.0916 -80.3842 -1.3870 -0.0131 -0.0003 469 pedestrian_0013
Pedestrian 1.00 1.00 0 0 0 0 0 0 0 0 -1000.00 -1000.00 -1000.00 -1000.00 1.9158 0.4880 0.3946 144.9954 1.9045 -5.3665 1.5697 -0.0131 -0.0003 470 pedestrian_0001
Pedestrian 1.00 1.00 0 0 0 0 0 0 0 0 -1000.00 -1000.00 -1000.00 -1000.00 1.9158 0.4880 0.7507 160.4697 2.7271 -64.2229 0.0172 -0.0131 -0.0003 471 pedestrian_0015
Pedestrian 0.00 1.00 0 0 0 0 0 0 0 0 720.67 352.84 722.93 360.58 1.9158 0.4880 0.4659 -58.2725 0.1394 137.4661 -2.8184 -0.0131 -0.0003 472 pedestrian_0024
Pedestrian 1.00 1.00 0 0 0 0 0 0 0 0 -1000.00 -1000.00 -1000.00 -1000.00 1.3390 0.3253 0.3301 -60.7697 4.2515 -176.7697 -0.0053 -0.0131 -0.0003 473 pedestrian_0013
Pedestrian 1.00 1.00 0 0 0 0 0 0 0 0 -1000.00 -1000.00 -1000.00 -1000.00 1.9158 0.4880 0.5372 -206.4523 5.6748 -282.0694 2.6504 -0.0131 -0.0003 474 pedestrian_0018
Pedestrian 1.00 1.00 0 0 0 0 0 0 0 0 -1000.00 -1000.00 -1000.00 -1000.00 1.3390 0.3253 0.3549 -65.0561 4.2595 -177.4129 -3.1000 -0.0131 -0.0003 475 pedestrian_0012
Pedestrian 1.00 1.00 5 9 13 52 0 7 0 0 -1000.00 -1000.00 -1000.00 -1000.00 1.9158 0.4880 0.6650 -45.6713 1.9071 2.3646 0.0176 -0.0131 -0.0003 476 pedestrian_0026
Pedestrian 1.00 1.00 0 0 0 0 0 0 0 0 -1000.00 -1000.00 -1000.00 -1000.00 1.9158 0.4880 0.5315 -129.0158 5.8182 -294.5033 3.1004 -0.0131 -0.0003 477 pedestrian_0016
Pedestrian 1.00 1.00 0 0 0 0 0 0 0 0 -1000.00 -1000.00 -1000.00 -1000.00 1.9158 0.4880 0.7507 125.8902 2.0616 -16.9864 1.5656 -0.0131 -0.0003 478 pedestrian_0006
Pedestrian 1.00 1.00 0 0 0 0 0 0 0 0 -1000.00 -1000.00 -1000.00 -1000.00 1.9158 0.4880 0.5496 -207.1976 5.6670 -281.4074 2.4198 -0.0131 -0.0003 479 pedestrian_0001
Pedestrian 1.00 1.00 0 0 0 0 0 0 0 0 -1000.00 -1000.00 -1000.00 -1000.00 1.9158 0.4880 0.7507 87.0541 1.9558 7.7072 -1.4137 -0.0131 -0.0003 480 pedestrian_0021
Car 1.00 1.00 0 0 0 0 0 0 0 0 -1000.00 -1000.00 -1000.00 -1000.00 1.6980 1.9434 4.1871 18.2049 3.8201 -142.2027 -1.5527 -0.0131 -0.0003 481 citroen_c3
Car 1.00 1.00 0 0 0 0 0 0 0 0 -1000.00 -1000.00 -1000.00 -1000.00 1.9718 2.0005 4.0595 18.7817 3.6407 -131.1529 -1.5527 -0.0131 -0.0003 482 jeep_wrangler_rubicon
Car 1.00 1.00 0 0 0 0 0 0 0 0 -1000.00 -1000.00 -1000.00 -1000.00 1.9718 2.0005 4.0595 49.3165 3.7976 -141.0462 1.5889 -0.0131 -0.0003 483 jeep_wrangler_rubicon
Car 1.00 1.00 0 0 0 0 0 0 0 0 -1000.00 -1000.00 -1000.00 -1000.00 1.9718 2.0005 4.0595 15.8410 3.6421 -131.2061 -1.5527 -0.0131 -0.0003 484 jeep_wrangler_rubicon
Car 1.00 1.00 0 0 0 0 0 0 0 0 -1000.00 -1000.00 -1000.00 -1000.00 1.9718 2.0005 4.0595 -62.4437 3.5520 -119.5857 0.0181 -0.0131 -0.0003 485 nissan_patrol
Car 1.00 1.00 0 0 0 0 0 0 0 0 -1000.00 -1000.00 -1000.00 -1000.00 1.5488 2.0688 3.9961 -62.4055 3.6177 -122.4774 -3.1235 -0.0131 -0.0003 486 nissan_patrol
Car 1.00 1.00 0 0 0 0 0 0 0 0 -1000.00 -1000.00 -1000.00 -1000.00 1.4855 2.1349 -5.6254 -56.3275 3.3172 -102.5703 -3.1235 -0.0131 -0.0003 487 nissan_patrol
Car 1.00 1.00 0 0 0 0 0 0 0 0 -1000.00 -1000.00 -1000.00 -1000.00 1.6244 1.8781 -3.8906 -56.0217 3.5246 -119.4667 0.0181 -0.0131 -0.0003 488 nissan_patrol
Car 1.00 1.00 0 0 0 0 0 0 0 0 -1000.00 -1000.00 -1000.00 -1000.00 1.7506 2.3538 -4.8416 -38.9634 3.3020 -96.6397 0.0181 -0.0131 -0.0003 489 nissan_patrol
Car 1.00 1.00 14 11 22 127 3 0 0 0 -1000.00 -1000.00 -1000.00 -1000.00 1.9718 2.0005 -4.0595 -38.7442 3.4327 -110.9369 -3.1235 -0.0131 -0.0003 490 nissan_patrol
Car 1.00 1.00 0 0 0 0 0 0 0 0 -1000.00 -1000.00 -1000.00 -1000.00 1.9476 2.0282 4.8347 -62.8084 3.2422 -97.0727 -3.1235 -0.0131 -0.0003 491 nissan_patrol
Car 1.00 1.00 0 0 0 0 0 0 0 0 -1000.00 -1000.00 -1000.00 -1000.00 1.9718 2.0005 4.0595 -62.8137 3.2951 -99.9672 -3.1235 -0.0131 -0.0003 492 nissan_patrol
Car 1.00 1.00 0 0 0 0 0 0 0 0 -1000.00 -1000.00 -1000.00 -1000.00 1.6244 1.8781 3.8906 -45.3536 3.2623 -99.6507 0.0181 -0.0131 -0.0003 493 nissan_patrol
Car 1.00 1.00 0 0 0 0 0 0 0 0 -1000.00 -1000.00 -1000.00 -1000.00 1.5488 2.0688 3.9961 -45.3031 3.3499 -102.3727 -3.1235 -0.0131 -0.0003 494 nissan_patrol
Car 1.00 1.00 0 0 0 0 0 0 0 0 -1000.00 -1000.00 -1000.00 -1000.00 2.1397 2.1728 4.7017 -45.1229 3.4224 -111.0545 -3.1235 -0.0131 -0.0003 495 nissan_patrol
Car 1.00 1.00 0 0 0 5 0 0 0 0 -1000.00 -1000.00 -1000.00 -1000.00 1.9476 2.0282 4.8347 -44.9264 3.5285 -119.2679 -3.1235 -0.0131 -0.0003 496 nissan_patrol
Car 1.00 1.00 0 0 0 1 0 0 0 0 -1000.00 -1000.00 -1000.00 -1000.00 1.5100 1.8730 4.1000 -44.9413 3.5581 -122.1621 -3.1235 -0.0131 -0.0003 497 nissan_patrol
Car 1.00 1.00 7 8 10 66 2 0 0 0 -1000.00 -1000.00 -1000.00 -1000.00 1.5488 2.0688 3.9961 -30.1055 3.4183 -107.8834 0.0181 -0.0131 -0.0003 498 nissan_patrol
Car 1.00 1.00 0 0 0 4 0 0 0 0 -1000.00 -1000.00 -1000.00 -1000.00 1.5100 1.8730 4.1000 -30.0572 3.4052 -110.7782 0.0181 -0.0131 -0.0003 499 nissan_patrol
Car 1.00 1.00 0 0 0 2 0 0 0 0 -1000.00 -1000.00 -1000.00 -1000.00 1.9476 2.0282 4.8347 -29.9613 3.4486 -113.4629 -3.1235 -0.0131 -0.0003 500 nissan_patrol
Car 1.00 1.00 19 44 58 228 8 0 0 0 -1000.00 -1000.00 -1000.00 -1000.00 2.1397 2.1728 -4.7017 -23.9208 3.2246 -96.3712 -3.1235 -0.0131 -0.0003 501 nissan_patrol
Car 1.00 1.00 1 3 6 39 0 0 0 0 -1000.00 -1000.00 -1000.00 -1000.00 1.9476 2.0282 -4.8347 -23.8016 3.2610 -99.2633 0.0181 -0.0131 -0.0003 502 nissan_patrol
Car 1.00 1.00 16 16 20 89 2 0 0 0 -1000.00 -1000.00 -1000.00 -1000.00 1.6244 1.8781 -3.8906 -23.5671 3.4741 -116.2407 -3.1235 -0.0131 -0.0003 503 nissan_patrol
Car 1.00 1.00 0 2 8 20 0 0 0 0 -1000.00 -1000.00 -1000.00 -1000.00 1.7506 2.3538 -4.8416 -23.5437 3.5895 -118.8794 -3.1235 -0.0131 -0.0003 504 nissan_patrol
Car 1.00 1.00 0 0 0 0 0 0 0 0 -1000.00 -1000.00 -1000.00 -1000.00 1.9476 2.0282 4.8347 22.6945 3.7831 -142.7925 1.5889 -0.0131 -0.0003 505 nissan_patrol
Car 1.00 1.00 0 0 0 0 0 0 0 0 -1000.00 -1000.00 -1000.00 -1000.00 1.5475 1.9070 4.4025 46.5109 3.7711 -140.6932 1.5889 -0.0131 -0.0003 506 seat_leon
Car 1.00 1.00 0 0 0 0 0 0 0 0 -1000.00 -1000.00 -1000.00 -1000.00 2.5908 2.7453 5.4640 32.0842 3.8362 -142.5631 1.5889 -0.0131 -0.0003 507 carlamotors_carlacola
Car 1.00 1.00 0 0 0 0 0 0 0 0 -1000.00 -1000.00 -1000.00 -1000.00 2.5908 2.7453 5.4640 116.4739 3.9441 -150.7965 -1.5527 -0.0131 -0.0003 508 carlamotors_carlacola
Car 1.00 1.00 0 0 0 0 0 0 0 0 -1000.00 -1000.00 -1000.00 -1000.00 2.5908 2.7453 5.4640 119.9619 3.9423 -150.7334 -1.5527 -0.0131 -0.0003 509 carlamotors_carlacola
Car 1.00 1.00 0 0 0 0 0 0 0 0 -1000.00 -1000.00 -1000.00 -1000.00 2.5908 2.7453 5.4640 114.3270 3.4530 -122.5959 -3.1235 -0.0131 -0.0003 510 carlamotors_carlacola
Car 1.00 1.00 0 0 0 0 0 0 0 0 -1000.00 -1000.00 -1000.00 -1000.00 2.5908 2.7453 5.4640 27.7740 3.8383 -142.6410 1.5889 -0.0131 -0.0003 511 carlamotors_carlacola
Car 1.00 1.00 0 0 0 0 0 0 0 0 -1000.00 -1000.00 -1000.00 -1000.00 2.2031 2.5091 6.5872 53.8930 2.3930 -31.9947 1.0653 -0.0131 -0.0003 512 tesla_cybertruck