Car 1.00 1.00 0 0 0 0 0 0 0 0 -1000.00 -1000.00 -1000.00 -1000.00 1.5542 2.3421 5.1370 211.8300 -4.4406 73.4110 2.4635 0.0091 0.0074 0 lincoln2020_mkz2020
Car 1.00 1.00 6631 237600 379900 0 0 0 0 0 -1000.00 -1000.00 -1000.00 -1000.00 2.1397 2.1728 4.7045 -0.0005 2.0932 -2.2389 1.5708 0.0000 0.0000 1 volkswagen_t2
Motorcycle 0.00 1.00 0 0 0 0 0 0 0 0 854.90 332.75 865.53 339.67 1.6960 1.0692 2.4735 -25.5795 -5.4577 146.8354 0.7094 0.0030 0.0703 2 harley_davidson_low_rider
Motorcycle 1.00 1.00 0 0 0 0 0 0 0 0 -1000.00 -1000.00 -1000.00 -1000.00 1.6960 1.0692 2.4735 166.8951 1.4640 -265.9392 0.9309 0.0134 0.0125 3 harley_davidson_low_rider
Car 1.00 1.00 0 0 0 0 0 0 0 0 -1000.00 -1000.00 -1000.00 -1000.00 1.6320 2.1403 5.2230 113.7906 3.8286 23.2817 -2.2053 0.0061 0.0125 4 dodge_charger_police
Car 0.00 1.00 0 0 0 0 0 0 0 0 474.35 313.49 523.83 324.38 1.5542 2.3421 5.1370 -67.4272 -5.3132 82.1873 0.9496 -0.0643 0.0118 5 lincoln2020_mkz2020
Car 1.00 1.00 0 0 0 0 0 0 0 0 -1000.00 -1000.00 -1000.00 -1000.00 1.4546 2.0938 4.3903 0.7344 -1.1360 -317.9358 2.5924 0.0102 0.0104 6 audi_tt
Car 1.00 1.00 0 0 0 2 0 0 0 0 -1000.00 -1000.00 -1000.00 -1000.00 1.4477 1.5550 2.3177 87.4459 2.4570 -71.0097 2.5214 0.0047 0.0125 7 bmw_isetta
Car 1.00 1.00 0 0 0 0 0 0 0 0 -1000.00 -1000.00 -1000.00 -1000.00 1.7173 2.2591 5.2781 -11.6980 -1.1557 -305.7452 2.5277 0.0029 0.0103 8 mercedes_benz_coupe
Car 0.00 1.00 0 0 0 0 0 0 0 0 731.62 367.68 779.93 380.19 1.4812 2.1349 5.6254 -25.8488 2.5315 72.5181 0.8947 0.0104 0.0125 9 chevrolet_impala
Car 1.00 1.00 0 0 0 0 0 0 0 0 -1000.00 -1000.00 -1000.00 -1000.00 1.6115 2.2019 5.2564 129.0559 4.3692 63.5356 -0.5942 0.0103 0.0131 10 charger2020_charger2020
Car 1.00 1.00 0 0 0 0 0 0 0 0 -1000.00 -1000.00 -1000.00 -1000.00 2.2031 2.5091 6.5872 132.3892 3.7377 -8.0695 2.5167 0.0104 0.0125 11 tesla_cybertruck
Car 1.00 1.00 0 0 0 0 0 0 0 0 -1000.00 -1000.00 -1000.00 -1000.00 1.5140 2.1024 4.9073 -31.5638 -0.0065 -169.5407 -3.1077 0.0102 0.0124 12 mercedesccc_mercedesccc
Car 1.00 1.00 0 0 0 0 0 0 0 0 -1000.00 -1000.00 -1000.00 -1000.00 1.6980 1.9434 4.1871 186.3898 4.1604 -31.7702 -2.2074 0.0104 0.0125 13 citroen_c3
Car 1.00 1.00 0 0 0 0 0 0 0 0 -1000.00 -1000.00 -1000.00 -1000.00 1.4812 2.1349 5.6254 98.2673 3.4078 2.0603 -2.2029 0.0103 0.0125 14 chevrolet_impala
Car 1.00 1.00 0 0 0 0 0 0 0 0 -1000.00 -1000.00 -1000.00 -1000.00 1.6320 2.1403 5.2230 189.8810 4.2591 -26.9038 -2.2504 0.0060 0.0125 15 dodge_charger_police
Car 1.00 1.00 0 0 0 12 0 0 0 0 -1000.00 -1000.00 -1000.00 -1000.00 1.5863 2.2347 5.1468 135.2304 2.5947 -118.7276 0.9380 0.0093 0.0104 16 lincoln_mkz2017
Car 0.00 1.00 0 0 0 0 0 0 0 0 716.19 324.27 744.53 333.66 1.7318 2.1344 5.0985 -47.2474 -5.6098 116.0799 0.9384 -0.0007 0.0125 17 audi_etron
Car 1.00 1.00 0 1 2 39 0 0 0 0 -1000.00 -1000.00 -1000.00 -1000.00 1.7506 2.3538 4.8416 131.1415 2.4961 -124.2768 0.9362 0.0105 0.0125 18 bmw_grandtourer
Car 0.00 0.24 16 16 32 1046 0 0 3 1 1330.57 377.03 1385.38 396.12 1.5765 1.9374 3.8150 35.6702 3.0878 48.6182 -0.6212 0.0102 0.0125 19 nissan_micra
Motorcycle 1.00 1.00 0 0 0 0 0 0 0 0 -1000.00 -1000.00 -1000.00 -1000.00 1.6960 1.0692 2.4735 128.3523 2.5912 -109.5537 -0.6270 0.0113 0.0110 20 harley_davidson_low_rider
Car 1.00 1.00 0 0 0 0 0 0 0 0 -1000.00 -1000.00 -1000.00 -1000.00 1.5765 1.9374 3.8150 123.5974 2.2857 -134.5132 0.9473 0.0105 0.0125 21 nissan_micra
Car 0.00 1.00 0 0 0 0 0 0 0 0 1509.84 374.81 1560.44 386.37 1.7203 2.2019 5.4994 96.4001 4.2615 92.2434 2.5445 0.0103 0.0132 22 chargercop2020_chargercop2020
Car 1.00 1.00 800 899 1471 8936 151 0 0 0 -1000.00 -1000.00 -1000.00 -1000.00 1.5475 1.9070 4.4025 6.1855 2.0027 -16.2905 2.4949 0.0104 0.0125 23 seat_leon
Car 1.00 1.00 0 0 0 0 0 0 0 0 -1000.00 -1000.00 -1000.00 -1000.00 1.3660 1.9896 4.9534 193.9828 2.1120 -217.8431 0.9342 -0.0315 0.0128 24 mustang_mustang
Cyclist 1.00 1.00 1 0 1 56 0 0 0 0 -1000.00 -1000.00 -1000.00 -1000.00 1.9709 0.6705 1.7250 -68.9286 0.6194 -63.1166 -0.6268 0.0154 0.0125 25 diamondback_century
Cyclist 1.00 1.00 0 0 2 31 0 0 0 0 -1000.00 -1000.00 -1000.00 -1000.00 1.7065 0.8593 1.4873 -57.3974 0.7687 -59.7969 -2.1852 0.0259 0.0115 26 bh_crossbike
Car 1.00 1.00 0 0 0 0 0 0 0 0 -1000.00 -1000.00 -1000.00 -1000.00 2.1397 2.1728 4.7045 -20.7988 0.2266 -161.4056 -2.2074 0.0104 0.0125 27 volkswagen_t2
Car 1.00 1.00 0 0 0 0 0 0 0 0 -1000.00 -1000.00 -1000.00 -1000.00 1.9718 2.0005 4.0595 -123.4944 -0.0962 -64.1570 -2.2445 0.0123 0.0126 28 jeep_wrangler_rubicon
Car 0.00 0.46 5 9 16 323 0 0 0 0 1325.79 373.66 1342.86 384.30 1.5627 2.2716 5.0314 62.5815 3.8872 91.4531 0.9695 0.0104 0.0125 29 tesla_model3
Car 1.00 1.00 0 0 0 0 0 0 0 0 -1000.00 -1000.00 -1000.00 -1000.00 1.4546 2.0938 4.3903 85.8816 1.4620 -163.3317 -2.5570 0.0104 -0.0912 30 audi_tt
Car 0.00 1.00 0 0 0 0 0 0 0 0 1682.81 378.39 1733.39 390.17 1.5488 2.0688 3.9961 110.8566 4.3282 81.6112 2.5074 0.0104 0.0125 31 mini_cooperst
Car 1.00 1.00 31 33 49 1174 3 0 0 4 -1000.00 -1000.00 -1000.00 -1000.00 1.6011 2.1072 4.7392 41.6502 2.0940 -50.3051 -0.9487 0.0104 0.0127 32 toyota_prius
Car 1.00 1.00 0 0 0 0 0 0 0 0 -1000.00 -1000.00 -1000.00 -1000.00 2.1397 2.1728 4.7045 -36.0699 -0.1146 -175.8510 -0.5464 0.0102 0.0125 33 volkswagen_t2
Car 1.00 1.00 0 0 0 0 0 0 0 0 -1000.00 -1000.00 -1000.00 -1000.00 1.6011 2.1072 4.7392 153.1346 1.1633 -279.4933 0.9744 0.0116 0.0126 34 toyota_prius
Car 0.00 0.66 0 1 0 638 0 0 0 0 1610.24 382.95 1714.91 403.07 1.3660 1.9896 4.9534 58.1833 3.3483 45.4403 2.5177 0.0104 0.0125 35 mustang_mustang
Car 0.00 0.42 9 11 19 670 0 0 0 0 1286.70 373.98 1308.32 386.20 1.6011 2.1072 4.7392 47.1272 3.5299 76.0310 -2.2080 0.0104 0.0125 36 toyota_prius
Car 1.00 1.00 24 26 43 1036 7 0 0 5 -1000.00 -1000.00 -1000.00 -1000.00 1.7506 2.3538 4.8416 63.2792 2.2708 -61.2280 3.0184 0.0103 0.0129 37 bmw_grandtourer
Car 1.00 1.00 0 0 0 0 0 0 0 0 -1000.00 -1000.00 -1000.00 -1000.00 2.2031 2.5091 6.5872 142.6791 2.9432 -96.9685 -2.2116 0.0104 0.0125 38 tesla_cybertruck
Motorcycle 0.00 1.00 0 0 0 0 0 0 0 0 949.73 367.97 961.06 376.11 1.6387 1.2138 2.3199 -0.1382 3.2767 113.0410 -2.1531 0.0103 0.0125 39 yamaha_yzf
Car 1.00 1.00 37 43 65 311 4 0 0 0 -1000.00 -1000.00 -1000.00 -1000.00 1.9476 2.0282 4.8347 -39.5353 0.8530 -76.1415 2.5009 0.0100 0.0125 40 nissan_patrol
Car 1.00 1.00 0 1 2 13 0 0 0 0 -1000.00 -1000.00 -1000.00 -1000.00 1.6115 2.2019 5.2564 69.7184 2.3269 -62.7702 2.5980 0.0183 0.0133 41 charger2020_charger2020
Car 1.00 1.00 0 0 0 0 0 0 0 0 -1000.00 -1000.00 -1000.00 -1000.00 1.6115 2.2019 5.2564 222.6955 4.1991 -66.3853 -2.3399 0.0159 0.0160 42 charger2020_charger2020
Motorcycle 0.00 0.26 11 18 28 942 0 0 0 3 1378.18 376.46 1414.14 395.58 1.6649 1.0692 2.4735 39.9869 3.1554 49.8171 -0.6356 0.0147 0.0123 43 harley_davidson_low_rider
Car 1.00 1.00 0 0 0 0 0 0 0 0 -1000.00 -1000.00 -1000.00 -1000.00 1.5542 2.3421 5.1370 101.4503 1.4764 -186.9216 2.4680 0.0104 0.0125 44 lincoln2020_mkz2020
Motorcycle 0.00 0.64 2 1 1 239 0 0 1 0 1541.91 378.03 1586.46 398.73 1.6960 1.0692 2.4735 53.7422 3.3154 48.6129 2.5143 0.0133 0.0126 45 harley_davidson_low_rider
Cyclist 1.00 1.00 0 0 0 0 0 0 0 0 -1000.00 -1000.00 -1000.00 -1000.00 1.9310 0.5921 1.9272 124.5402 3.6171 -6.6383 2.5007 0.0063 0.0125 46 gazelle_omafiets
Car 0.00 0.35 59 68 105 1783 0 0 3 4 1267.21 374.93 1311.31 402.60 1.7318 2.1344 5.0985 24.8626 2.8960 40.4032 0.9101 0.0104 0.0125 47 audi_etron
Car 1.00 1.00 0 0 0 0 0 0 0 0 -1000.00 -1000.00 -1000.00 -1000.00 1.9476 2.0282 4.8347 125.4165 4.2985 62.3093 -0.6304 0.0100 0.0125 48 nissan_patrol
Car 0.00 1.00 0 0 0 0 0 0 0 0 779.33 366.40 824.11 380.47 1.7203 2.2019 5.4994 -20.1964 2.6113 73.7648 0.9234 0.0103 0.0132 49 chargercop2020_chargercop2020
Car 1.00 1.00 0 0 0 0 0 0 0 0 -1000.00 -1000.00 -1000.00 -1000.00 1.6244 1.8781 3.8906 -23.6119 -0.0525 -183.3833 2.9074 0.0098 0.0113 50 audi_a2
Car 1.00 1.00 0 1 1 2 0 0 0 0 -1000.00 -1000.00 -1000.00 -1000.00 1.5863 2.2347 5.1468 127.2890 2.3955 -129.7771 0.9438 0.0104 0.0125 51 lincoln_mkz2017
Cyclist 1.00 1.00 0 0 0 0 0 0 0 0 -1000.00 -1000.00 -1000.00 -1000.00 1.9709 0.6705 1.7250 -42.6171 -0.2208 -175.7279 -0.6398 0.0176 0.0125 52 diamondback_century
Cyclist 1.00 1.00 4 3 7 190 4 0 0 1 -1000.00 -1000.00 -1000.00 -1000.00 1.9311 0.5921 1.9272 56.4829 2.2252 -55.8240 1.9328 0.0061 0.0121 53 gazelle_omafiets
Car 0.00 1.00 0 0 0 0 0 0 0 0 1696.68 377.37 1762.47 390.69 1.7173 2.2591 5.2781 115.3797 4.4119 82.6379 2.5052 0.0022 0.0123 54 mercedes_benz_coupe
Car 1.00 1.00 0 0 0 0 0 0 0 0 -1000.00 -1000.00 -1000.00 -1000.00 1.5542 2.3421 5.1370 197.6413 3.9883 -60.9032 2.5329 0.0104 0.0125 55 lincoln2020_mkz2020
Car 1.00 1.00 0 3 3 62 0 0 0 0 -1000.00 -1000.00 -1000.00 -1000.00 1.7506 2.3538 4.8416 163.1159 2.8138 -126.9353 -0.0871 0.0082 0.0165 56 bmw_grandtourer
Car 0.19 1.00 0 0 0 0 0 0 0 0 1808.47 386.10 1920.00 412.13 1.4546 2.0938 4.3903 62.8553 3.3337 37.6434 2.5068 0.0104 0.0125 57 audi_tt
Car 1.00 1.00 0 0 0 0 0 0 0 0 -1000.00 -1000.00 -1000.00 -1000.00 1.7173 2.2591 5.2781 -23.1619 0.1023 -170.7941 -2.1753 0.0033 0.0123 58 mercedes_benz_coupe
Car 1.00 1.00 0 0 0 0 0 0 0 0 -1000.00 -1000.00 -1000.00 -1000.00 1.5542 2.3421 5.1370 98.6384 3.2237 -15.2844 0.9392 0.0104 0.0125 59 lincoln2020_mkz2020
Car 0.00 0.86 0 5 10 49 0 0 0 0 1207.31 368.78 1234.58 379.41 2.1397 2.1728 4.7045 54.6432 3.9784 114.3537 -0.6507 0.0105 0.0125 60 volkswagen_t2
Car 1.00 1.00 0 0 0 0 0 0 0 0 -1000.00 -1000.00 -1000.00 -1000.00 1.7506 2.3538 4.8416 241.2047 5.9318 73.9971 -0.8862 0.0104 0.0125 61 bmw_grandtourer
Car 1.00 1.00 0 0 0 0 0 0 0 0 -1000.00 -1000.00 -1000.00 -1000.00 1.6320 2.1403 5.2230 197.9344 4.0442 -57.2932 2.4646 0.0061 0.0125 62 dodge_charger_police
Car 1.00 1.00 1 2 3 36 0 0 0 0 -1000.00 -1000.00 -1000.00 -1000.00 1.6980 1.9434 4.1871 83.3385 2.4385 -68.1277 2.5131 0.0104 0.0125 63 citroen_c3
Car 1.00 1.00 0 0 0 0 0 0 0 0 -1000.00 -1000.00 -1000.00 -1000.00 1.4812 2.1349 5.6254 128.7264 3.6653 -9.8138 2.4954 0.0105 0.0125 64 chevrolet_impala
Car 1.00 1.00 20 16 21 565 2 0 0 0 -1000.00 -1000.00 -1000.00 -1000.00 1.6115 2.2019 5.2564 47.3691 2.1177 -55.4217 -0.6115 0.0142 0.0134 65 charger2020_charger2020
Car 0.00 0.48 0 3 4 149 0 0 0 0 1365.15 373.54 1379.27 379.01 1.3660 1.9896 4.9534 115.1363 5.1849 153.7125 0.6864 0.0104 0.0122 66 mustang_mustang
Motorcycle 0.00 1.00 0 0 0 0 0 0 0 0 936.82 368.68 949.13 378.75 1.5852 1.1236 2.1350 -1.9896 3.0209 90.4791 2.0971 0.0070 0.0076 67 kawasaki_ninja
Car 1.00 1.00 0 0 0 0 0 0 0 0 -1000.00 -1000.00 -1000.00 -1000.00 1.5488 2.0688 3.9961 7.1636 0.0300 -212.7197 -0.5871 0.0104 0.0126 68 mini_cooperst
Car 1.00 1.00 0 0 0 0 0 0 0 0 -1000.00 -1000.00 -1000.00 -1000.00 1.5542 2.3421 5.1370 -31.2080 -0.1149 -180.3167 -0.5975 0.0103 0.0122 69 lincoln2020_mkz2020
Car 1.00 1.00 0 0 0 0 0 0 0 0 -1000.00 -1000.00 -1000.00 -1000.00 1.9718 2.0005 4.0595 20.5663 1.3287 -104.2553 -2.2039 0.0100 0.0124 70 jeep_wrangler_rubicon
Car 1.00 1.00 0 0 0 0 0 0 0 0 -1000.00 -1000.00 -1000.00 -1000.00 1.7506 2.3538 4.8416 123.3707 2.3549 -128.5119 0.9004 0.0105 0.0125 71 bmw_grandtourer
Car 0.87 1.00 0 0 0 0 0 0 0 0 1911.39 377.45 1920.00 389.29 2.2031 2.5091 6.5872 206.4276 5.9493 115.7206 2.5178 0.0104 0.0125 72 tesla_cybertruck
Car 1.00 1.00 0 0 0 0 0 0 0 0 -1000.00 -1000.00 -1000.00 -1000.00 1.6244 1.8781 3.8906 -96.8880 -0.6426 42.7789 0.9206 -0.1104 0.0133 73 audi_a2
Car 1.00 1.00 0 0 0 0 0 0 0 0 -1000.00 -1000.00 -1000.00 -1000.00 1.7203 2.2019 5.4994 196.1120 4.2806 -31.3252 0.9379 0.0091 0.0144 74 chargercop2020_chargercop2020
Car 1.00 1.00 0 0 0 0 0 0 0 0 -1000.00 -1000.00 -1000.00 -1000.00 1.6320 2.1403 5.2230 -165.0779 -0.1651 -25.3212 -2.2269 0.0079 0.0111 75 dodge_charger_police
Car 0.00 0.05 47 59 96 3242 0 0 7 8 1334.67 381.00 1372.00 404.05 1.5140 2.1024 4.9073 26.3110 2.8513 35.9378 0.9331 0.0104 0.0125 76 mercedesccc_mercedesccc
Car 1.00 1.00 0 0 0 0 0 0 0 0 -1000.00 -1000.00 -1000.00 -1000.00 1.6244 1.8781 3.8906 202.5847 4.0103 -64.6387 2.5218 0.0099 0.0114 77 audi_a2
Car 1.00 1.00 0 0 0 0 0 0 0 0 -1000.00 -1000.00 -1000.00 -1000.00 1.6244 1.8781 3.8906 25.1590 1.3824 -103.9951 -2.2167 0.0100 0.0114 78 audi_a2
Car 1.00 1.00 0 0 0 0 0 0 0 0 -1000.00 -1000.00 -1000.00 -1000.00 1.7203 2.2019 5.4994 192.2696 3.2309 -122.4593 0.4855 0.0114 0.0139 79 chargercop2020_chargercop2020
Car 1.00 1.00 0 0 0 0 0 0 0 0 -1000.00 -1000.00 -1000.00 -1000.00 2.1397 2.1728 4.7045 -10.6195 -0.6982 -258.9445 -0.6361 0.0118 0.0123 80 volkswagen_t2
Car 1.00 1.00 0 0 0 0 0 0 0 0 -1000.00 -1000.00 -1000.00 -1000.00 1.3660 1.9896 4.9534 208.2351 3.9265 -79.2017 -0.9039 0.0077 0.0135 81 mustang_mustang
Car 1.00 1.00 0 0 0 0 0 0 0 0 -1000.00 -1000.00 -1000.00 -1000.00 1.7203 2.2019 5.4994 92.4659 3.1270 -17.5977 0.9710 0.0103 0.0132 82 chargercop2020_chargercop2020
Car 1.00 1.00 0 0 0 0 0 0 0 0 -1000.00 -1000.00 -1000.00 -1000.00 1.6244 1.8781 3.8906 176.8850 2.0450 -222.3206 -2.1952 0.0108 0.0114 83 audi_a2
Car 0.00 1.00 0 0 0 0 0 0 0 0 1735.09 382.07 1837.24 406.78 1.6244 1.8781 3.8906 63.0638 3.3716 41.8917 2.5083 0.0099 0.0114 84 audi_a2
Car 1.00 1.00 0 0 0 0 0 0 0 0 -1000.00 -1000.00 -1000.00 -1000.00 1.3660 1.9896 4.9534 201.4017 4.8101 19.0552 2.5024 0.0105 0.0125 85 mustang_mustang
Car 0.00 1.00 0 0 0 0 0 0 0 0 1150.42 338.41 1164.06 343.96 1.6244 1.8781 3.8906 61.9065 -5.0129 171.7827 2.8444 0.0167 0.0138 86 audi_a2
Car 1.00 1.00 0 0 0 0 0 0 0 0 -1000.00 -1000.00 -1000.00 -1000.00 1.9718 2.0005 4.0595 82.7345 1.2117 -190.3948 0.9604 0.0100 0.0124 87 jeep_wrangler_rubicon
Car 0.90 1.00 0 0 0 0 0 0 0 0 0.00 323.50 8.40 349.03 1.9718 2.0005 4.0595 -105.7178 -1.5215 59.3308 -2.2023 0.1255 0.0124 88 jeep_wrangler_rubicon
Car 0.00 1.00 0 0 0 0 0 0 0 0 868.26 333.25 888.96 339.09 1.3660 1.9896 4.9534 -20.1383 -5.4415 142.7425 0.7002 -0.0014 0.0121 89 mustang_mustang
Motorcycle 1.00 1.00 15 15 19 112 0 6 0 0 -1000.00 -1000.00 -1000.00 -1000.00 1.6649 1.0692 2.4735 -25.2150 1.7499 -1.6804 -0.6253 0.0158 0.0125 90 harley_davidson_low_rider
Car 1.00 1.00 0 0 0 0 0 0 0 0 -1000.00 -1000.00 -1000.00 -1000.00 1.5475 1.9070 4.4025 163.8238 1.5118 -258.7612 2.2032 0.0105 0.0125 91 seat_leon
Motorcycle 0.00 1.00 0 0 0 0 0 0 0 0 1482.83 374.99 1502.66 385.05 1.6387 1.2138 2.3199 92.3098 4.2481 95.2332 2.4944 0.0101 0.0125 92 yamaha_yzf
Cyclist 1.00 1.00 0 0 0 0 0 0 0 0 -1000.00 -1000.00 -1000.00 -1000.00 1.9311 0.5921 1.9272 -138.8686 -0.5735 -89.1839 -2.0202 0.0028 0.0123 93 gazelle_omafiets
Car 1.00 1.00 0 0 0 0 0 0 0 0 -1000.00 -1000.00 -1000.00 -1000.00 1.5140 2.1024 4.9073 -27.6926 -0.0342 -176.8328 -2.1838 0.0104 0.0125 94 mercedesccc_mercedesccc
Car 1.00 1.00 0 5 6 104 0 0 0 0 -1000.00 -1000.00 -1000.00 -1000.00 1.4546 2.0938 4.3903 145.0162 2.7475 -113.1172 2.5618 0.0146 0.0111 95 audi_tt
Car 1.00 1.00 6 11 18 140 4 0 0 0 -1000.00 -1000.00 -1000.00 -1000.00 2.1397 2.1728 4.7045 -41.6733 0.8198 -79.1403 2.5143 0.0104 0.0125 96 volkswagen_t2
Car 1.00 1.00 0 0 0 5 0 0 0 0 -1000.00 -1000.00 -1000.00 -1000.00 1.5140 2.1024 4.9073 -72.8966 0.6118 -60.2240 -0.6338 0.0105 0.0125 97 mercedesccc_mercedesccc
Car 0.00 1.00 0 0 0 0 0 0 0 0 1665.46 377.64 1707.28 384.17 1.4812 2.1349 5.6254 173.2498 5.6912 131.6425 -0.6370 0.0104 0.0125 98 chevrolet_impala
Car 0.00 0.99 0 0 0 12 0 0 0 0 1215.05 371.42 1236.84 379.09 1.5765 1.9374 3.8150 56.9691 4.0094 117.0484 -0.6462 0.0106 0.0125 99 nissan_micra
Motorcycle 0.00 0.91 5 6 13 326 0 0 0 1 1592.25 380.12 1637.40 401.40 1.5853 1.1236 2.1350 53.3930 3.2448 44.5577 2.5090 0.0103 0.0125 100 kawasaki_ninja
Car 1.00 1.00 0 0 0 0 0 0 0 0 -1000.00 -1000.00 -1000.00 -1000.00 1.9476 2.0282 4.8347 106.4829 1.4886 -190.8006 2.4683 0.0100 0.0125 101 nissan_patrol
Car 1.00 1.00 0 0 0 0 0 0 0 0 -1000.00 -1000.00 -1000.00 -1000.00 2.1397 2.1728 4.7045 -128.6515 0.4782 -7.2213 1.8792 0.0124 -0.0162 102 volkswagen_t2
Car 1.00 1.00 0 0 0 3 0 0 0 0 -1000.00 -1000.00 -1000.00 -1000.00 1.3660 1.9896 4.9534 -75.1543 0.5544 -63.0065 -0.6437 0.0104 0.0125 103 mustang_mustang
Car 0.00 1.00 0 0 0 0 0 0 0 0 604.07 366.14 660.23 380.38 1.5627 2.2716 5.0314 -36.7509 2.2998 63.5811 -2.1706 0.0104 0.0132 104 tesla_model3
Car 1.00 1.00 0 0 0 0 0 0 0 0 -1000.00 -1000.00 -1000.00 -1000.00 1.5542 2.3421 5.1370 110.6359 3.6533 11.5327 -1.9597 0.0058 0.0148 105 lincoln2020_mkz2020
Car 1.00 1.00 0 0 0 0 0 0 0 0 -1000.00 -1000.00 -1000.00 -1000.00 1.5627 2.2716 5.0314 167.7364 3.7496 -48.4466 -0.8627 0.0104 0.0125 106 tesla_model3
Car 1.00 1.00 0 0 0 0 0 0 0 0 -1000.00 -1000.00 -1000.00 -1000.00 1.5765 1.9374 3.8150 -7.3570 0.5465 -144.2627 -2.2209 0.0104 0.0120 107 nissan_micra
Cyclist 1.00 1.00 0 0 0 0 0 0 0 0 -1000.00 -1000.00 -1000.00 -1000.00 1.9311 0.5921 1.9272 12.3047 1.0143 -122.0995 -2.1387 0.0077 0.0125 108 gazelle_omafiets
Cyclist 1.00 1.00 0 0 0 0 0 0 0 0 -1000.00 -1000.00 -1000.00 -1000.00 1.9311 0.5921 1.9272 180.5349 -4.6356 94.3208 2.5218 0.0068 0.0128 109 gazelle_omafiets
Car 1.00 1.00 19 30 43 943 3 0 0 6 -1000.00 -1000.00 -1000.00 -1000.00 1.4546 2.0938 4.3903 49.7722 2.1815 -52.7351 -0.6163 0.0144 0.0128 110 audi_tt
Car 1.00 1.00 0 0 0 0 0 0 0 0 -1000.00 -1000.00 -1000.00 -1000.00 1.9476 2.0282 4.8347 15.9313 1.1268 -116.5896 -2.1927 0.0098 0.0129 111 nissan_patrol
Car 1.00 1.00 0 0 0 0 0 0 0 0 -1000.00 -1000.00 -1000.00 -1000.00 1.4546 2.0938 4.3903 75.0218 2.3501 -66.3755 2.5042 0.0104 0.0125 112 audi_tt
Car 1.00 1.00 0 0 0 0 0 0 0 0 -1000.00 -1000.00 -1000.00 -1000.00 1.7506 2.3538 4.8416 231.4855 4.9638 -2.3191 2.5228 0.0069 0.0127 113 bmw_grandtourer
Car 1.00 1.00 0 0 1 82 0 0 0 0 -1000.00 -1000.00 -1000.00 -1000.00 1.9718 2.0005 4.0595 122.7528 2.4986 -111.1888 -1.0710 0.0236 0.0032 114 jeep_wrangler_rubicon
Motorcycle 0.00 1.00 0 0 0 0 0 0 0 0 1607.70 376.78 1633.11 387.97 1.6387 1.2138 2.3199 104.0031 4.3052 86.6455 2.5078 0.0062 0.0125 115 yamaha_yzf
Car 1.00 1.00 0 0 0 0 0 0 0 0 -1000.00 -1000.00 -1000.00 -1000.00 1.7203 2.2019 5.4994 171.4439 3.5704 -70.0208 0.9799 0.0103 0.0132 116 chargercop2020_chargercop2020
Car 1.00 1.00 0 0 0 0 0 0 0 0 -1000.00 -1000.00 -1000.00 -1000.00 1.6980 1.9434 4.1871 117.4051 3.9216 28.3206 -2.2106 0.0104 0.0125 117 citroen_c3
Car 1.00 1.00 0 0 0 0 0 0 0 0 -1000.00 -1000.00 -1000.00 -1000.00 1.5542 2.3421 5.1370 -67.3654 -1.4411 -264.5579 2.5087 0.0090 0.0133 118 lincoln2020_mkz2020
Car 1.00 1.00 0 0 0 0 0 0 0 0 -1000.00 -1000.00 -1000.00 -1000.00 2.5908 2.7453 5.4640 94.2803 3.4145 5.8967 -0.8020 0.0102 0.0125 119 carlamotors_carlacola
Car 1.00 1.00 0 0 0 0 0 0 0 0 -1000.00 -1000.00 -1000.00 -1000.00 1.5765 1.9374 3.8150 67.4106 3.3363 34.3162 2.5036 0.0104 0.0125 120 nissan_micra
Car 1.00 1.00 0 0 0 0 0 0 0 0 -1000.00 -1000.00 -1000.00 -1000.00 1.4477 1.5550 2.3177 170.7170 1.9725 -223.3062 -2.5655 0.0052 0.0118 121 bmw_isetta
Car 0.00 0.56 0 3 6 206 0 0 0 0 1355.62 372.24 1367.45 379.92 1.7173 2.2591 5.2781 101.9715 4.8918 139.6907 0.9728 0.0028 0.0132 122 mercedes_benz_coupe
Car 1.00 1.00 22 29 49 957 4 4 0 0 -1000.00 -1000.00 -1000.00 -1000.00 1.7173 2.2591 5.2781 -54.0211 0.9158 -55.2773 -2.2028 0.0038 0.0123 123 mercedes_benz_coupe
Car 0.00 1.00 0 0 0 0 0 0 0 0 1855.97 379.54 1886.41 387.71 1.5765 1.9374 3.8150 192.7370 5.7597 116.7644 -3.0175 0.0112 0.0257 124 nissan_micra
Car 0.00 1.00 0 0 0 0 0 0 0 0 859.47 367.69 894.37 378.78 1.6115 2.2019 5.2564 -12.2397 2.8778 87.1517 -3.0612 0.0073 0.0198 125 charger2020_charger2020
Car 0.00 0.76 0 3 5 175 0 0 0 0 1378.42 371.41 1400.72 379.01 1.9476 2.0282 4.8347 125.1205 5.3711 160.4783 0.0112 0.0099 -0.0455 126 nissan_patrol
Car 0.00 1.00 0 0 0 0 0 0 0 0 738.22 325.42 765.11 333.75 1.5140 2.1024 4.9073 -42.8270 -5.5984 116.1734 0.9360 0.0013 0.0125 127 mercedesccc_mercedesccc
Car 1.00 1.00 0 0 0 0 0 0 0 0 -1000.00 -1000.00 -1000.00 -1000.00 1.7173 2.2591 5.2781 154.0952 1.6825 -232.1538 -0.6605 0.0021 0.0124 128 mercedes_benz_coupe
Car 1.00 1.00 0 0 0 60 0 0 0 0 -1000.00 -1000.00 -1000.00 -1000.00 1.4812 2.1349 5.6254 142.9626 2.8789 -102.4304 0.7829 0.0120 0.0148 129 chevrolet_impala
Car 1.00 1.00 0 0 0 0 0 0 0 0 -1000.00 -1000.00 -1000.00 -1000.00 2.1397 2.1728 4.7045 -152.1794 -0.0189 -26.8149 0.9448 0.0104 0.0125 130 volkswagen_t2
Car 1.00 1.00 0 0 0 0 0 0 0 0 -1000.00 -1000.00 -1000.00 -1000.00 1.6244 1.8781 3.8906 161.0467 4.8897 70.0720 0.9392 0.0099 0.0114 131 audi_a2
Car 1.00 1.00 31 36 53 1313 8 4 0 0 -1000.00 -1000.00 -1000.00 -1000.00 1.9476 2.0282 4.8347 -54.2415 0.7533 -68.0246 -1.5574 0.0102 0.0125 132 nissan_patrol
Car 1.00 1.00 18 26 27 654 2 0 0 3 -1000.00 -1000.00 -1000.00 -1000.00 1.9476 2.0282 4.8347 57.5205 2.1506 -65.5214 0.9411 0.0095 0.0124 133 nissan_patrol
Car 0.00 1.00 0 0 0 0 0 0 0 0 1111.01 337.53 1127.64 344.14 1.9476 2.0282 4.8347 50.8993 -5.0538 174.4019 2.9580 0.0174 0.0162 134 nissan_patrol
Car 1.00 1.00 27 38 60 1354 4 9 0 0 -1000.00 -1000.00 -1000.00 -1000.00 1.7506 2.3538 4.8416 -46.4155 1.0355 -51.0847 -2.2094 0.0104 0.0125 135 bmw_grandtourer
Car 1.00 1.00 0 0 0 0 0 0 0 0 -1000.00 -1000.00 -1000.00 -1000.00 1.9476 2.0282 4.8347 84.7638 2.3790 -73.5648 2.4844 0.0101 0.0125 136 nissan_patrol
Car 0.00 0.00 852 974 1571 15264 0 0 287 0 903.00 384.62 1055.00 461.00 1.7203 2.2019 5.4994 1.4215 2.3163 13.9831 -2.1894 0.0103 0.0132 137 chargercop2020_chargercop2020
Car 1.00 1.00 62 76 116 3208 12 0 0 11 -1000.00 -1000.00 -1000.00 -1000.00 2.5908 2.7453 5.4640 63.7948 2.3599 -56.0891 -1.6330 0.0100 0.0124 138 carlamotors_carlacola
Car 1.00 1.00 0 0 0 0 0 0 0 0 -1000.00 -1000.00 -1000.00 -1000.00 1.5863 2.2347 5.1468 217.7805 5.8984 98.5570 -0.6500 0.0103 0.0125 139 lincoln_mkz2017
Car 0.00 0.45 0 6 5 241 0 0 1 0 1318.21 371.14 1330.29 380.64 1.9718 2.0005 4.0595 78.3431 4.3603 118.0213 -2.1175 0.0077 0.0152 140 jeep_wrangler_rubicon
Car 1.00 1.00 0 0 0 0 0 0 0 0 -1000.00 -1000.00 -1000.00 -1000.00 1.6011 2.1072 4.7392 182.3455 4.6767 28.9487 2.5042 0.0101 0.0125 141 toyota_prius
Car 1.00 1.00 0 0 0 0 0 0 0 0 -1000.00 -1000.00 -1000.00 -1000.00 1.7318 2.1344 5.0985 227.7628 5.2049 18.3679 -2.1346 0.0104 0.0123 142 audi_etron
Car 1.00 1.00 0 0 0 0 0 0 0 0 -1000.00 -1000.00 -1000.00 -1000.00 2.2031 2.5091 6.5872 92.0080 1.4021 -184.1051 -0.6578 0.0165 0.0126 143 tesla_cybertruck
Car 1.00 1.00 0 0 0 0 0 0 0 0 -1000.00 -1000.00 -1000.00 -1000.00 1.5765 1.9374 3.8150 241.0124 4.5205 -55.4634 0.9848 0.0083 0.0184 144 nissan_micra
Car 1.00 1.00 4 5 9 100 0 0 0 3 -1000.00 -1000.00 -1000.00 -1000.00 1.4546 2.0938 4.3903 78.6128 2.4125 -64.6975 2.5124 0.0104 0.0125 145 audi_tt
Car 1.00 1.00 0 0 0 0 0 0 0 0 -1000.00 -1000.00 -1000.00 -1000.00 1.4812 2.1349 5.6254 150.8418 1.6153 -234.0923 -0.6817 0.0063 0.0125 146 chevrolet_impala
Car 1.00 1.00 0 0 0 0 0 0 0 0 -1000.00 -1000.00 -1000.00 -1000.00 2.2031 2.5091 6.5872 177.9821 -4.8364 74.4944 -0.6215 0.0115 0.0126 147 tesla_cybertruck
Car 1.00 1.00 0 0 0 0 0 0 0 0 -1000.00 -1000.00 -1000.00 -1000.00 1.9718 2.0005 4.0595 3.7728 0.8667 -128.5140 -2.1741 0.0096 0.0122 148 jeep_wrangler_rubicon
Car 1.00 1.00 0 0 0 0 0 0 0 0 -1000.00 -1000.00 -1000.00 -1000.00 1.3660 1.9896 4.9534 84.4511 1.3096 -182.5087 -0.6579 0.0104 0.0125 149 mustang_mustang
Car 1.00 1.00 0 0 1 17 0 0 0 0 -1000.00 -1000.00 -1000.00 -1000.00 1.3660 1.9896 4.9534 153.7914 2.7550 -121.4977 2.8738 0.0104 0.0125 150 mustang_mustang
Car 1.00 1.00 0 0 0 0 0 0 0 0 -1000.00 -1000.00 -1000.00 -1000.00 2.5908 2.7453 5.4640 -107.2198 0.5180 -30.5987 2.5096 0.0066 0.0125 151 carlamotors_carlacola
Car 0.96 1.00 0 0 0 0 0 0 0 0 1916.03 382.32 1920.00 396.86 1.5863 2.2347 5.1468 120.3368 4.2864 66.0212 -0.6407 0.0104 0.0125 152 lincoln_mkz2017
Car 1.00 1.00 0 0 0 0 0 0 0 0 -1000.00 -1000.00 -1000.00 -1000.00 1.7506 2.3538 4.8416 300.4312 -4.8468 -71.1137 1.3201 0.0090 0.0159 153 bmw_grandtourer
Cyclist 1.00 1.00 0 0 0 0 0 0 0 0 -1000.00 -1000.00 -1000.00 -1000.00 1.9709 0.6705 1.7250 127.7613 3.6862 -4.6914 2.4994 0.0154 0.0125 154 diamondback_century
Cyclist 1.00 1.00 0 0 0 0 0 0 0 0 -1000.00 -1000.00 -1000.00 -1000.00 1.9311 0.5921 1.9272 -29.6034 -0.1768 -186.2297 0.9436 0.0063 0.0126 155 gazelle_omafiets
Motorcycle 1.00 1.00 0 0 0 0 0 0 0 0 -1000.00 -1000.00 -1000.00 -1000.00 1.6960 1.0692 2.4735 147.5718 4.5370 56.3351 -1.5470 0.0067 0.0136 156 harley_davidson_low_rider
Car 1.00 1.00 0 0 0 0 0 0 0 0 -1000.00 -1000.00 -1000.00 -1000.00 2.1397 2.1728 4.7045 162.5632 1.4411 -265.2940 0.6378 0.0104 0.0125 157 volkswagen_t2
Car 0.00 1.00 0 0 0 0 0 0 0 0 810.38 329.62 829.79 336.87 1.5488 2.0688 3.9961 -32.1245 -5.5109 130.5225 0.9182 -0.0016 0.0121 158 mini_cooperst
Cyclist 1.00 1.00 0 0 0 0 0 0 0 0 -1000.00 -1000.00 -1000.00 -1000.00 1.9311 0.5921 1.9272 209.0889 4.6116 -12.6994 0.9413 0.0063 0.0125 159 gazelle_omafiets
Car 1.00 1.00 0 0 0 0 0 0 0 0 -1000.00 -1000.00 -1000.00 -1000.00 1.4812 2.1349 5.6254 99.3631 1.8366 -149.9112 -2.2283 0.0211 0.0124 160 chevrolet_impala
Car 0.00 1.00 0 0 0 0 0 0 0 0 660.17 325.82 689.08 335.45 1.7173 2.2591 5.2781 -63.0694 -5.6935 124.0917 -2.1895 0.0140 0.0124 161 mercedes_benz_coupe
Car 1.00 1.00 0 0 0 0 0 0 0 0 -1000.00 -1000.00 -1000.00 -1000.00 1.9718 2.0005 4.0595 -22.8188 0.0246 -177.5489 2.5150 0.0100 0.0125 162 jeep_wrangler_rubicon
Car 1.00 1.00 853 963 1553 6221 0 457 0 0 -1000.00 -1000.00 -1000.00 -1000.00 1.7506 2.3538 4.8416 -17.1839 1.8804 -3.2118 -0.6324 0.0081 0.0149 163 bmw_grandtourer
Car 0.00 1.00 0 0 0 0 0 0 0 0 1432.24 374.29 1473.58 384.44 1.6115 2.2019 5.2564 88.1153 4.2181 98.2911 2.5267 0.0103 0.0131 164 charger2020_charger2020
Car 0.00 0.00 942 1072 1682 19829 0 0 232 0 631.00 388.00 813.00 472.00 1.6244 1.8781 3.8906 -4.2630 2.2204 12.1268 -2.1887 0.0099 0.0114 165 audi_a2
Car 1.00 1.00 0 0 0 0 0 0 0 0 -1000.00 -1000.00 -1000.00 -1000.00 1.5475 1.9070 4.4025 -32.8430 -1.3202 -294.5878 2.5051 0.0102 0.0121 166 seat_leon
Car 0.00 1.00 0 0 0 0 0 0 0 0 1461.20 330.86 1484.71 338.74 1.5765 1.9374 3.8150 119.4936 -5.0304 128.2756 -0.6599 0.0079 0.0113 167 nissan_micra
Car 1.00 1.00 2 1 4 0 0 0 0 0 -1000.00 -1000.00 -1000.00 -1000.00 1.5863 2.2347 5.1468 -80.2248 0.5339 -59.1052 -0.6377 0.0104 0.0125 168 lincoln_mkz2017
Car 1.00 1.00 0 0 0 0 0 0 0 0 -1000.00 -1000.00 -1000.00 -1000.00 1.7506 2.3538 4.8416 79.8443 2.3631 -69.9620 2.5072 0.0104 0.0125 169 bmw_grandtourer
Car 0.00 0.88 0 0 0 664 0 0 1 0 1658.86 382.99 1796.76 407.41 1.4812 2.1349 5.6254 57.6935 3.3077 41.2992 2.5080 0.0104 0.0125 170 chevrolet_impala
Car 1.00 1.00 0 0 0 0 0 0 0 0 -1000.00 -1000.00 -1000.00 -1000.00 1.4812 2.1349 5.6254 190.0491 4.1937 -32.7917 -2.2120 0.0104 0.0125 171 chevrolet_impala
Car 0.00 0.48 0 1 1 49 0 0 0 0 1320.00 372.75 1331.91 380.01 1.6011 2.1072 4.7392 83.9842 4.5097 125.9582 -2.1847 0.0096 0.0125 172 toyota_prius
Car 1.00 1.00 0 0 0 0 0 0 0 0 -1000.00 -1000.00 -1000.00 -1000.00 1.6115 2.2019 5.2564 207.3887 3.6401 -101.0136 1.0020 0.0103 0.0131 173 charger2020_charger2020
Car 1.00 1.00 0 0 0 0 0 0 0 0 -1000.00 -1000.00 -1000.00 -1000.00 1.5475 1.9070 4.4025 76.6971 1.3220 -172.0708 -0.6680 0.0166 0.0125 174 seat_leon
Car 1.00 1.00 0 0 0 0 0 0 0 0 -1000.00 -1000.00 -1000.00 -1000.00 2.5908 2.7453 5.4640 33.0682 1.1984 -133.7646 2.4828 0.0104 0.0125 175 carlamotors_carlacola
Car 1.00 1.00 0 0 0 0 0 0 0 0 -1000.00 -1000.00 -1000.00 -1000.00 1.4812 2.1349 5.6254 153.2819 4.5493 50.1728 2.4963 0.0167 0.0126 176 chevrolet_impala
Car 1.00 1.00 0 0 0 1 0 0 0 0 -1000.00 -1000.00 -1000.00 -1000.00 1.9718 2.0005 4.0595 -140.8870 0.4233 3.0166 -1.9642 0.0100 0.0124 177 jeep_wrangler_rubicon
Car 1.00 1.00 0 0 0 0 0 0 0 0 -1000.00 -1000.00 -1000.00 -1000.00 1.6980 1.9434 4.1871 147.5367 1.6457 -227.1251 -0.6601 0.0104 0.0125 178 citroen_c3
Car 1.00 1.00 0 0 0 0 0 0 0 0 -1000.00 -1000.00 -1000.00 -1000.00 1.5488 2.0688 3.9961 95.7665 3.2151 -12.7399 0.9158 0.0104 0.0125 179 mini_cooperst
Motorcycle 1.00 1.00 0 0 0 0 0 0 0 0 -1000.00 -1000.00 -1000.00 -1000.00 1.6960 1.0692 2.4735 124.4868 3.6724 -2.2122 2.5025 0.0134 0.0126 180 harley_davidson_low_rider
Car 1.00 1.00 0 0 0 0 0 0 0 0 -1000.00 -1000.00 -1000.00 -1000.00 1.4477 1.5550 2.3177 224.2992 5.1056 13.8678 -2.2166 0.0046 0.0125 181 bmw_isetta
Cyclist 1.00 1.00 0 0 0 0 0 0 0 0 -1000.00 -1000.00 -1000.00 -1000.00 1.7065 0.8593 1.4873 80.9822 3.4207 29.0108 2.5089 0.0107 0.0122 182 bh_crossbike
Car 1.00 1.00 0 1 0 2 0 0 0 0 -1000.00 -1000.00 -1000.00 -1000.00 1.6011 2.1072 4.7392 -142.1061 0.4813 10.3802 -2.2217 0.0104 0.0125 183 toyota_prius
Car 1.00 1.00 0 0 0 0 0 0 0 0 -1000.00 -1000.00 -1000.00 -1000.00 1.5488 2.0688 3.9961 -11.7830 0.0278 -190.1221 2.4894 0.0104 0.0125 184 mini_cooperst
Car 1.00 1.00 0 0 0 0 0 0 0 0 -1000.00 -1000.00 -1000.00 -1000.00 1.6980 1.9434 4.1871 132.1559 0.9214 -278.3427 -2.2184 0.0101 0.0125 185 citroen_c3
Car 0.00 0.52 0 3 7 232 0 0 0 0 1299.28 372.56 1310.74 379.78 1.5765 1.9374 3.8150 78.1724 4.4051 124.2753 -2.1905 0.0104 0.0125 186 nissan_micra
Car 1.00 1.00 0 0 0 0 0 0 0 0 -1000.00 -1000.00 -1000.00 -1000.00 1.7506 2.3538 4.8416 102.7781 3.5704 13.2657 2.5320 0.0083 0.0125 187 bmw_grandtourer
Car 1.00 1.00 0 0 0 0 0 0 0 0 -1000.00 -1000.00 -1000.00 -1000.00 1.5488 2.0688 3.9961 203.5448 3.9240 -74.2763 -0.6697 0.0107 0.0125 188 mini_cooperst
Car 1.00 1.00 0 0 0 0 0 0 0 0 -1000.00 -1000.00 -1000.00 -1000.00 1.5488 2.0688 3.9961 115.5839 1.4938 -202.3251 -0.6585 0.0112 0.0125 189 mini_cooperst
Car 1.00 1.00 0 0 0 0 0 0 0 0 -1000.00 -1000.00 -1000.00 -1000.00 1.6011 2.1072 4.7392 222.7878 5.1230 17.8744 -2.2039 0.0104 0.0125 190 toyota_prius
Car 0.00 1.00 0 0 0 0 0 0 0 0 968.59 369.54 991.27 377.24 1.3660 1.9896 4.9534 4.7180 3.2738 108.0068 0.9454 0.0102 0.0124 191 mustang_mustang
Car 1.00 1.00 0 0 0 0 0 0 0 0 -1000.00 -1000.00 -1000.00 -1000.00 1.9476 2.0282 4.8347 170.1275 1.5509 -261.4567 0.9377 0.0100 0.0125 192 nissan_patrol
Pedestrian 1.00 1.00 0 0 0 0 0 0 0 0 -1000.00 -1000.00 -1000.00 -1000.00 1.9158 0.4880 0.7507 147.2684 0.6445 -304.6261 -2.0933 0.0104 0.0125 193 pedestrian_0019
Pedestrian 1.00 1.00 0 0 0 0 0 0 0 0 -1000.00 -1000.00 -1000.00 -1000.00 1.1330 0.4333 0.4881 1.8849 1.1173 -81.5087 1.8240 0.0104 0.0125 194 pedestrian_0010
Pedestrian 1.00 1.00 0 0 0 0 0 0 0 0 -1000.00 -1000.00 -1000.00 -1000.00 1.9158 0.4880 0.7507 212.6696 3.6495 -103.2261 0.8341 0.0104 0.0125 195 pedestrian_0005
Pedestrian 0.00 1.00 0 0 0 0 0 0 0 0 1743.04 376.45 1748.05 384.92 1.9158 0.4880 0.6060 181.0806 5.7028 127.1967 0.9354 0.0104 0.0125 196 pedestrian_0003
Pedestrian 0.00 1.00 0 0 0 0 0 0 1 0 1123.21 333.02 1126.51 340.10 1.9158 0.4880 0.7507 46.2645 -5.5021 152.8052 -0.0586 0.0104 0.0125 197 pedestrian_0021
Pedestrian 1.00 1.00 0 0 0 0 0 0 0 0 -1000.00 -1000.00 -1000.00 -1000.00 1.9158 0.4880 0.7507 -212.6918 -2.4755 -171.3869 1.9634 0.0104 0.0125 198 pedestrian_0003
Pedestrian 1.00 1.00 0 0 0 0 0 0 0 0 -1000.00 -1000.00 -1000.00 -1000.00 1.9158 0.4880 0.4630 128.4086 0.1890 -325.8192 0.7586 0.0104 0.0125 199 pedestrian_0004
Pedestrian 1.00 1.00 5 2 4 192 0 0 0 0 -1000.00 -1000.00 -1000.00 -1000.00 1.9158 0.4880 0.7507 -51.3235 0.8452 -45.9730 0.9833 0.0104 0.0125 200 pedestrian_0022
Pedestrian 1.00 1.00 0 0 1 0 0 0 0 0 -1000.00 -1000.00 -1000.00 -1000.00 1.3390 0.3253 0.2985 131.3792 2.2421 -130.7073 -2.0049 0.0104 0.0125 201 pedestrian_0014
Pedestrian 1.00 1.00 0 0 0 0 0 0 0 0 -1000.00 -1000.00 -1000.00 -1000.00 1.9158 0.4880 0.4622 96.6357 3.2712 -5.2477 -0.5469 0.0104 0.0125 202 pedestrian_0022
Pedestrian 1.00 1.00 0 0 0 0 0 0 0 0 -1000.00 -1000.00 -1000.00 -1000.00 1.9158 0.4880 0.4114 -30.1820 -0.1268 -165.0389 -2.1870 0.0104 0.0125 203 pedestrian_0023
Pedestrian 1.00 1.00 0 0 0 0 0 0 0 0 -1000.00 -1000.00 -1000.00 -1000.00 1.3390 0.3253 0.5005 151.6931 4.1945 38.1740 2.5385 0.0104 0.0125 204 pedestrian_0012
Pedestrian 1.00 1.00 1 3 1 42 0 0 0 0 -1000.00 -1000.00 -1000.00 -1000.00 1.9158 0.4880 0.4072 -67.2871 0.6399 -61.1932 2.6865 0.0104 0.0125 205 pedestrian_0019
Pedestrian 1.00 1.00 0 0 0 0 0 0 0 0 -1000.00 -1000.00 -1000.00 -1000.00 1.9158 0.4880 0.7294 -146.4273 -0.8363 -90.0124 1.2423 0.0104 0.0125 206 pedestrian_0005
Pedestrian 0.00 1.00 0 0 0 2 0 0 0 0 1387.59 371.33 1390.26 377.60 1.9158 0.4880 0.4889 132.9826 5.4133 170.8143 2.8899 0.0104 0.0125 207 pedestrian_0026
Pedestrian 1.00 1.00 0 0 0 0 0 0 0 0 -1000.00 -1000.00 -1000.00 -1000.00 1.9158 0.4880 0.5151 107.1484 3.1902 -11.0271 2.5809 0.0104 0.0125 208 pedestrian_0015
Pedestrian 1.00 1.00 0 0 0 0 0 0 0 0 -1000.00 -1000.00 -1000.00 -1000.00 1.3390 0.3253 0.3167 -150.6712 0.2501 17.2866 -2.3819 0.0104 0.0125 209 pedestrian_0014
Pedestrian 1.00 1.00 0 0 0 0 0 0 0 0 -1000.00 -1000.00 -1000.00 -1000.00 1.9158 0.4880 0.7507 -182.4457 -0.5597 -23.1840 0.9325 0.0104 0.0125 210 pedestrian_0016
Pedestrian 1.00 1.00 0 0 0 24 0 0 0 0 -1000.00 -1000.00 -1000.00 -1000.00 1.3390 0.3253 0.5005 82.8375 2.2200 -83.6995 2.4910 0.0104 0.0125 211 pedestrian_0012
Pedestrian 1.00 1.00 11 10 14 95 0 0 0 0 -1000.00 -1000.00 -1000.00 -1000.00 1.1330 0.4333 0.6483 -28.2164 1.4469 -14.7478 -2.1533 0.0104 0.0125 212 pedestrian_0009
Pedestrian 1.00 1.00 0 0 0 0 0 0 0 0 -1000.00 -1000.00 -1000.00 -1000.00 1.1330 0.4333 0.6667 239.1924 5.9076 78.0250 -3.1171 0.0104 0.0125 213 pedestrian_0010
Pedestrian 1.00 1.00 0 0 0 0 0 0 0 0 -1000.00 -1000.00 -1000.00 -1000.00 1.9158 0.4880 0.7507 -223.8139 -2.1091 -122.7014 -1.5486 0.0104 0.0125 214 pedestrian_0021
Pedestrian 1.00 1.00 0 0 0 40 0 0 0 1 -1000.00 -1000.00 -1000.00 -1000.00 1.9158 0.4880 0.7507 76.4952 2.0405 -79.5032 2.5365 0.0104 0.0125 215 pedestrian_0018
Pedestrian 1.00 1.00 0 0 0 0 0 0 0 0 -1000.00 -1000.00 -1000.00 -1000.00 1.9158 0.4880 0.4770 76.8942 -0.7328 -352.3839 0.0502 0.0104 0.0125 216 pedestrian_0020
Pedestrian 1.00 1.00 0 0 0 0 0 0 0 0 -1000.00 -1000.00 -1000.00 -1000.00 1.9158 0.4880 0.7507 79.9886 2.4805 -46.6570 -2.1915 0.0104 0.0125 217 pedestrian_0017
Pedestrian 1.00 1.00 0 0 0 0 0 0 0 0 -1000.00 -1000.00 -1000.00 -1000.00 1.9158 0.4880 0.7507 121.5847 1.3791 -216.2053 2.3642 0.0104 0.0125 218 pedestrian_0007
Pedestrian 1.00 1.00 0 2 3 70 2 0 0 0 -1000.00 -1000.00 -1000.00 -1000.00 1.1330 0.4333 0.4122 -55.3003 0.7195 -52.1927 0.6996 0.0104 0.0125 219 pedestrian_0010
Pedestrian 1.00 1.00 14 15 27 163 1 0 0 0 -1000.00 -1000.00 -1000.00 -1000.00 1.9158 0.4880 0.5348 -16.3158 1.3863 -35.8602 -2.0663 0.0104 0.0125 220 pedestrian_0023
Pedestrian 1.00 1.00 0 0 0 0 0 0 0 0 -1000.00 -1000.00 -1000.00 -1000.00 1.9158 0.4880 0.4957 209.9357 3.4217 -107.2899 0.8159 0.0104 0.0125 221 pedestrian_0024
Pedestrian 1.00 1.00 0 0 0 0 0 0 0 0 -1000.00 -1000.00 -1000.00 -1000.00 1.1330 0.4333 0.3768 33.4182 -0.5273 -275.8982 -0.2027 0.0104 0.0125 222 pedestrian_0011
Pedestrian 1.00 1.00 0 0 0 0 0 0 0 0 -1000.00 -1000.00 -1000.00 -1000.00 1.9158 0.4880 0.7507 -219.4990 -2.3670 -152.6751 -1.2344 0.0104 0.0125 223 pedestrian_0016
Pedestrian 1.00 1.00 0 0 0 0 0 0 0 0 -1000.00 -1000.00 -1000.00 -1000.00 1.9158 0.4880 0.7013 226.8173 -4.4125 75.8139 2.5246 0.0104 0.0125 224 pedestrian_0017
Pedestrian 0.00 1.00 0 0 0 0 0 0 0 0 1026.60 332.79 1029.80 339.91 1.9158 0.4880 0.7507 19.5339 -5.5404 152.3320 -2.9964 0.0104 0.0125 225 pedestrian_0001
Pedestrian 1.00 1.00 0 0 0 0 0 0 0 0 -1000.00 -1000.00 -1000.00 -1000.00 1.9158 0.4880 0.7507 29.1925 0.8365 -143.7809 2.4421 0.0104 0.0125 226 pedestrian_0003
Pedestrian 1.00 1.00 0 0 0 0 0 0 0 0 -1000.00 -1000.00 -1000.00 -1000.00 1.9158 0.4880 0.5301 204.1514 3.6277 -83.8469 1.0285 0.0104 0.0125 227 pedestrian_0007
Pedestrian 1.00 1.00 0 0 0 0 0 0 0 0 -1000.00 -1000.00 -1000.00 -1000.00 1.1330 0.4333 0.3563 135.2985 2.3376 -126.0034 -2.9057 0.0104 0.0125 228 pedestrian_0010
Pedestrian 1.00 1.00 0 0 0 0 0 0 0 0 -1000.00 -1000.00 -1000.00 -1000.00 1.1330 0.4333 0.5711 -19.6152 1.0656 -60.7066 -1.1342 0.0104 0.0125 229 pedestrian_0010
Pedestrian 1.00 1.00 0 0 0 0 0 0 0 0 -1000.00 -1000.00 -1000.00 -1000.00 1.3390 0.3253 0.4404 122.3886 3.6734 3.2744 1.2440 0.0104 0.0125 230 pedestrian_0013
Pedestrian 0.00 1.00 0 0 0 0 0 0 0 0 859.80 367.67 863.01 375.09 1.3390 0.3253 0.4591 -17.0520 2.7295 100.3167 -2.2205 0.0104 0.0125 231 pedestrian_0013
Pedestrian 1.00 1.00 0 0 0 0 0 0 0 0 -1000.00 -1000.00 -1000.00 -1000.00 1.9158 0.4880 0.7507 94.1648 2.8230 -30.7523 0.8487 0.0104 0.0125 232 pedestrian_0020
Pedestrian 1.00 1.00 0 0 0 0 0 0 0 0 -1000.00 -1000.00 -1000.00 -1000.00 1.9158 0.4880 0.7394 133.1124 4.3584 59.1059 -2.0000 0.0104 0.0125 233 pedestrian_0021
Pedestrian 1.00 1.00 0 0 0 0 0 0 0 0 -1000.00 -1000.00 -1000.00 -1000.00 1.1330 0.4333 0.3429 -32.7686 -0.1814 -166.0869 -1.4274 0.0104 0.0125 234 pedestrian_0009
Pedestrian 1.00 1.00 0 0 0 0 0 0 0 0 -1000.00 -1000.00 -1000.00 -1000.00 1.9158 0.4880 0.5026 151.0882 4.6929 80.6027 -2.2309 0.0104 0.0125 235 pedestrian_0006
Pedestrian 1.00 1.00 0 0 0 0 0 0 0 0 -1000.00 -1000.00 -1000.00 -1000.00 1.1330 0.4333 0.5631 -42.3003 -0.5541 -189.1190 0.8819 0.0104 0.0125 236 pedestrian_0009
Pedestrian 1.00 1.00 0 0 0 0 0 0 0 0 -1000.00 -1000.00 -1000.00 -1000.00 1.9158 0.4880 0.3907 128.8014 2.1858 -133.8259 1.9384 0.0104 0.0125 237 pedestrian_0026
Pedestrian 1.00 1.00 0 0 0 0 0 0 0 0 -1000.00 -1000.00 -1000.00 -1000.00 1.9158 0.4880 0.5340 -97.7690 0.2099 -51.2107 2.3926 0.0104 0.0125 238 pedestrian_0021
Pedestrian 1.00 1.00 1 3 4 97 0 1 0 0 -1000.00 -1000.00 -1000.00 -1000.00 1.3390 0.3253 0.4097 -45.0317 0.8753 -64.5267 2.8840 0.0104 0.0125 239 pedestrian_0012
Pedestrian 1.00 1.00 0 0 0 0 0 0 0 0 -1000.00 -1000.00 -1000.00 -1000.00 1.9158 0.4880 0.7507 -12.0557 -1.6612 -334.8775 -0.4917 0.0104 0.0125 240 pedestrian_0020
Pedestrian 1.00 1.00 0 0 0 0 0 0 0 0 -1000.00 -1000.00 -1000.00 -1000.00 1.1330 0.4333 0.6667 265.9337 -6.2429 -144.1385 -2.2042 0.0104 0.0125 241 pedestrian_0011
Pedestrian 1.00 1.00 0 0 0 0 0 0 0 0 -1000.00 -1000.00 -1000.00 -1000.00 1.9158 0.4880 0.7507 -23.1105 -0.1464 -190.1119 0.9303 0.0104 0.0125 242 pedestrian_0002
Pedestrian 1.00 1.00 0 2 2 33 0 0 0 0 -1000.00 -1000.00 -1000.00 -1000.00 1.3390 0.3253 0.3764 51.1199 2.1230 -57.5755 -2.1066 0.0104 0.0125 243 pedestrian_0014
Pedestrian 1.00 1.00 0 0 0 0 0 0 0 0 -1000.00 -1000.00 -1000.00 -1000.00 1.9158 0.4880 0.7507 -35.9126 -0.6301 -204.9777 -2.1948 0.0104 0.0125 244 pedestrian_0006
Pedestrian 1.00 1.00 0 0 0 0 0 0 0 0 -1000.00 -1000.00 -1000.00 -1000.00 1.9158 0.4880 0.4560 309.4289 -4.8030 -60.4582 -1.9182 0.0104 0.0125 245 pedestrian_0020
Pedestrian 0.00 0.78 0 0 0 20 0 0 0 0 1284.38 370.09 1287.13 378.68 1.9158 0.4880 0.4349 73.7745 4.1787 124.1549 -2.1865 0.0104 0.0125 246 pedestrian_0022
Pedestrian 1.00 1.00 0 0 0 0 0 0 0 0 -1000.00 -1000.00 -1000.00 -1000.00 1.9158 0.4880 0.7283 108.7856 3.6800 19.4882 2.5464 0.0104 0.0125 247 pedestrian_0002
Pedestrian 0.00 1.00 0 0 0 0 0 0 0 0 913.34 365.70 921.35 382.68 1.9158 0.4880 0.7483 -4.0779 2.5705 63.2488 2.5684 0.0104 0.0125 248 pedestrian_0022
Pedestrian 1.00 1.00 2 4 6 75 2 0 0 0 -1000.00 -1000.00 -1000.00 -1000.00 1.9158 0.4880 0.7507 -64.7999 0.6598 -62.2743 0.8842 0.0104 0.0125 249 pedestrian_0006
Pedestrian 1.00 1.00 0 0 0 0 0 0 0 0 -1000.00 -1000.00 -1000.00 -1000.00 1.9158 0.4880 0.4780 139.9012 2.6001 -118.8611 -1.9245 0.0104 0.0125 250 pedestrian_0019
Pedestrian 1.00 1.00 0 0 0 5 0 0 0 0 -1000.00 -1000.00 -1000.00 -1000.00 1.9158 0.4880 0.7507 -129.1934 -0.3159 -60.8274 0.9970 0.0104 0.0125 251 pedestrian_0018
Pedestrian 1.00 1.00 0 0 0 0 0 0 0 0 -1000.00 -1000.00 -1000.00 -1000.00 1.9158 0.4880 0.7259 -198.8283 -2.5263 -192.9734 -0.9459 0.0104 0.0125 252 pedestrian_0007
Pedestrian 0.00 0.52 1 2 2 30 0 0 0 0 1253.16 369.76 1257.46 381.23 1.9158 0.4880 0.6618 50.7048 3.5713 93.6469 0.8505 0.0104 0.0125 253 pedestrian_0008
Pedestrian 1.00 1.00 0 0 0 0 0 0 0 0 -1000.00 -1000.00 -1000.00 -1000.00 1.9158 0.4880 0.5045 -137.2201 -2.2896 -244.3842 -0.7293 0.0104 0.0125 254 pedestrian_0022
Pedestrian 1.00 1.00 0 0 0 0 0 0 0 0 -1000.00 -1000.00 -1000.00 -1000.00 1.9158 0.4880 0.5394 -153.4938 0.1961 14.7277 -2.1832 0.0104 0.0125 255 pedestrian_0024
Pedestrian 1.00 1.00 0 0 0 0 0 0 0 0 -1000.00 -1000.00 -1000.00 -1000.00 1.1330 0.4333 0.5828 48.8158 2.8269 25.3318 2.7412 0.0104 0.0125 256 pedestrian_0011
Pedestrian 1.00 1.00 0 0 0 0 0 0 0 0 -1000.00 -1000.00 -1000.00 -1000.00 1.9158 0.4880 0.5673 164.3741 3.4677 -53.2235 2.4198 0.0104 0.0125 257 pedestrian_0006
Pedestrian 1.00 1.00 0 0 0 0 0 0 0 0 -1000.00 -1000.00 -1000.00 -1000.00 1.9158 0.4880 0.4058 235.8479 4.8472 -1.1776 2.5086 0.0104 0.0125 258 pedestrian_0005
Pedestrian 1.00 1.00 0 0 0 9 0 0 0 0 -1000.00 -1000.00 -1000.00 -1000.00 1.9158 0.4880 0.4039 130.3563 2.4936 -120.1837 1.0395 0.0104 0.0125 259 pedestrian_0003
Pedestrian 0.00 1.00 0 0 0 0 0 0 0 0 773.74 321.69 778.50 331.56 1.9158 0.4880 0.7385 -36.1811 -5.7500 111.4329 -2.1553 0.0104 0.0125 260 pedestrian_0001
Pedestrian 1.00 1.00 0 0 0 6 0 0 0 0 -1000.00 -1000.00 -1000.00 -1000.00 1.3390 0.3253 0.2621 129.9053 2.5333 -95.5942 -0.6297 0.0104 0.0125 261 pedestrian_0014
Pedestrian 1.00 1.00 0 0 0 0 0 0 0 0 -1000.00 -1000.00 -1000.00 -1000.00 1.9158 0.4880 0.7507 0.7816 0.3340 -158.3189 0.9358 0.0104 0.0125 262 pedestrian_0020
Pedestrian 1.00 1.00 0 0 0 0 0 0 0 0 -1000.00 -1000.00 -1000.00 -1000.00 1.9158 0.4880 0.6221 -44.2266 -0.8552 -216.6472 0.9091 0.0104 0.0125 263 pedestrian_0025
Pedestrian 1.00 1.00 9 9 16 425 1 1 0 0 -1000.00 -1000.00 -1000.00 -1000.00 1.9158 0.4880 0.7507 -42.2515 1.0967 -32.6797 -2.1979 0.0104 0.0125 264 pedestrian_0026
Pedestrian 1.00 1.00 0 0 0 0 0 0 0 0 -1000.00 -1000.00 -1000.00 -1000.00 1.9158 0.4880 0.7507 108.7662 -0.2034 -339.8856 0.5066 0.0104 0.0125 265 pedestrian_0025
Pedestrian 1.00 1.00 0 0 0 1 0 0 0 0 -1000.00 -1000.00 -1000.00 -1000.00 1.3390 0.3253 0.2502 135.9451 2.3493 -125.8736 -2.7567 0.0104 0.0125 266 pedestrian_0013
Pedestrian 1.00 1.00 0 0 0 0 0 0 0 0 -1000.00 -1000.00 -1000.00 -1000.00 1.9158 0.4880 0.3830 196.5653 3.9307 -47.4116 -2.8725 0.0104 0.0125 267 pedestrian_0015
Pedestrian 1.00 1.00 0 0 0 0 0 0 0 0 -1000.00 -1000.00 -1000.00 -1000.00 1.9158 0.4880 0.3854 199.1788 4.4448 -1.0195 2.5373 0.0104 0.0125 268 pedestrian_0021
Pedestrian 1.00 1.00 0 0 0 0 0 0 0 0 -1000.00 -1000.00 -1000.00 -1000.00 1.1330 0.4333 0.4133 -187.2770 -0.7236 -32.2277 -2.1961 0.0104 0.0125 269 pedestrian_0010
Pedestrian 0.00 0.08 10 12 17 700 0 0 3 0 1477.52 373.41 1491.14 408.42 1.9158 0.4880 0.4894 29.9394 2.6601 30.7871 0.9552 0.0104 0.0125 270 pedestrian_0023
Pedestrian 1.00 1.00 0 0 0 0 0 0 0 0 -1000.00 -1000.00 -1000.00 -1000.00 1.3390 0.3253 0.5005 -105.5632 -1.4636 -198.5515 -0.6773 0.0104 0.0125 271 pedestrian_0013
Pedestrian 1.00 1.00 0 0 0 0 0 0 0 0 -1000.00 -1000.00 -1000.00 -1000.00 1.9158 0.4880 0.5933 162.2637 1.0401 -284.5707 -2.2584 0.0104 0.0125 272 pedestrian_0016
Pedestrian 1.00 1.00 0 0 0 0 0 0 0 0 -1000.00 -1000.00 -1000.00 -1000.00 1.3390 0.3253 0.5005 82.8247 0.9306 -198.5078 -2.2278 0.0104 0.0125 273 pedestrian_0014
Pedestrian 1.00 1.00 0 0 0 0 0 0 0 0 -1000.00 -1000.00 -1000.00 -1000.00 1.9158 0.4880 0.6214 211.4114 3.4460 -106.6170 0.8690 0.0104 0.0125 274 pedestrian_0019
Pedestrian 1.00 1.00 0 0 0 0 0 0 0 0 -1000.00 -1000.00 -1000.00 -1000.00 1.3390 0.3253 0.2686 -71.5312 -1.2210 -219.5480 -2.4189 0.0104 0.0125 275 pedestrian_0013
Pedestrian 1.00 1.00 0 0 0 0 0 0 0 0 -1000.00 -1000.00 -1000.00 -1000.00 1.9158 0.4880 0.7507 79.2141 1.1954 -184.1493 2.6259 0.0104 0.0125 276 pedestrian_0023
Pedestrian 1.00 1.00 127 149 230 2961 50 0 0 0 -1000.00 -1000.00 -1000.00 -1000.00 1.1330 0.4333 0.6667 1.5031 1.9717 -9.3670 -2.2903 0.0104 0.0125 277 pedestrian_0011
Pedestrian 1.00 1.00 1 2 2 47 0 0 0 0 -1000.00 -1000.00 -1000.00 -1000.00 1.3390 0.3253 0.5005 88.0338 2.3162 -66.0668 -0.5736 0.0104 0.0125 278 pedestrian_0012
Pedestrian 1.00 1.00 0 0 0 0 0 0 0 0 -1000.00 -1000.00 -1000.00 -1000.00 1.9158 0.4880 0.5341 274.4903 -5.0615 -43.2800 1.5576 0.0104 0.0125 279 pedestrian_0015
Pedestrian 1.00 1.00 0 0 0 0 0 0 0 0 -1000.00 -1000.00 -1000.00 -1000.00 1.9158 0.4880 0.7507 185.0072 3.7962 -61.1282 0.8133 0.0104 0.0125 280 pedestrian_0017
Pedestrian 0.00 1.00 0 0 0 0 0 0 0 0 1547.90 332.20 1553.06 340.28 1.9158 0.4880 0.7507 144.5982 -4.8244 134.9525 -0.6448 0.0104 0.0125 281 pedestrian_0005
Pedestrian 1.00 1.00 0 0 0 0 0 0 0 0 -1000.00 -1000.00 -1000.00 -1000.00 1.1330 0.4333 0.3605 213.5041 3.9399 -79.0599 -0.3346 0.0104 0.0125 282 pedestrian_0009
Pedestrian 1.00 1.00 0 0 0 0 0 0 0 0 -1000.00 -1000.00 -1000.00 -1000.00 1.1330 0.4333 0.5069 -142.5458 -1.6223 -168.9082 2.4202 0.0104 0.0125 283 pedestrian_0009
Pedestrian 1.00 1.00 0 0 0 0 0 0 0 0 -1000.00 -1000.00 -1000.00 -1000.00 1.1330 0.4333 0.4160 176.9498 5.0562 85.6835 -2.2270 0.0104 0.0125 284 pedestrian_0009
Pedestrian 0.00 0.12 12 9 11 133 0 0 0 0 1101.67 368.20 1109.66 390.93 1.9158 0.4880 0.6107 13.2560 2.6223 47.3679 1.0107 0.0104 0.0125 285 pedestrian_0024
Pedestrian 1.00 1.00 0 0 0 6 0 0 0 0 -1000.00 -1000.00 -1000.00 -1000.00 1.9158 0.4880 0.4386 130.6697 2.2277 -131.9982 -2.2730 0.0104 0.0125 286 pedestrian_0023
Pedestrian 1.00 1.00 0 0 1 4 0 0 0 0 -1000.00 -1000.00 -1000.00 -1000.00 1.9158 0.4880 0.7507 -77.6896 0.2970 -66.9387 -0.7000 0.0104 0.0125 287 pedestrian_0015
Pedestrian 1.00 1.00 0 0 0 0 0 0 0 0 -1000.00 -1000.00 -1000.00 -1000.00 1.9158 0.4880 0.7507 242.5320 -6.2102 -113.7514 0.9382 0.0104 0.0125 288 pedestrian_0025
Pedestrian 0.00 1.00 0 0 0 0 0 0 0 0 1024.15 341.42 1025.86 344.81 1.1330 0.4333 0.4903 23.0240 -5.2086 189.5512 -3.0526 0.0104 0.0125 289 pedestrian_0009
Pedestrian 1.00 1.00 0 0 0 0 0 0 0 0 -1000.00 -1000.00 -1000.00 -1000.00 1.9158 0.4880 0.7507 252.1423 5.7729 48.3683 -0.0195 0.0104 0.0125 290 pedestrian_0019
Pedestrian 1.00 1.00 0 1 1 43 0 0 0 0 -1000.00 -1000.00 -1000.00 -1000.00 1.9158 0.4880 0.7507 -74.5496 0.3248 -68.0879 -0.2710 0.0104 0.0125 291 pedestrian_0007
Pedestrian 1.00 1.00 0 0 0 0 0 0 0 0 -1000.00 -1000.00 -1000.00 -1000.00 1.9158 0.4880 0.7507 -145.8291 -2.3312 -237.8871 -0.6677 0.0104 0.0125 292 pedestrian_0021
Pedestrian 1.00 1.00 0 0 0 0 0 0 0 0 -1000.00 -1000.00 -1000.00 -1000.00 1.3390 0.3253 0.4425 20.2138 1.1892 -112.8801 -0.7028 0.0104 0.0125 293 pedestrian_0014
Pedestrian 0.00 1.00 0 0 0 0 0 0 0 0 493.04 318.29 498.96 328.79 1.9158 0.4880 0.7475 -86.4610 -5.8954 104.2432 0.9414 0.0104 0.0125 294 pedestrian_0002
Pedestrian 0.00 0.04 38 50 71 1173 0 0 6 0 624.40 366.31 655.63 425.42 1.9158 0.4880 0.7507 -9.1154 2.0293 17.2090 -2.2956 0.0104 0.0125 295 pedestrian_0026
Pedestrian 1.00 1.00 0 0 0 0 0 0 0 0 -1000.00 -1000.00 -1000.00 -1000.00 1.9158 0.4880 0.7216 158.9706 4.5982 52.7732 1.5439 0.0104 0.0125 296 pedestrian_0020
Pedestrian 0.00 0.28 0 0 2 101 0 0 1 0 1406.84 371.72 1411.15 384.05 1.9158 0.4880 0.7262 71.0836 3.7540 86.7523 -2.2206 0.0104 0.0125 297 pedestrian_0016
Pedestrian 1.00 1.00 0 0 0 0 0 0 0 0 -1000.00 -1000.00 -1000.00 -1000.00 1.9158 0.4880 0.7507 -116.0943 -0.2736 -72.5329 -2.2327 0.0104 0.0125 298 pedestrian_0024
Pedestrian 1.00 1.00 0 0 0 0 0 0 0 0 -1000.00 -1000.00 -1000.00 -1000.00 1.9158 0.4880 0.6736 181.7243 -5.1075 63.0787 -0.6379 0.0104 0.0125 299 pedestrian_0001
Pedestrian 1.00 1.00 0 0 0 0 0 0 0 0 -1000.00 -1000.00 -1000.00 -1000.00 1.9158 0.4880 0.4437 -135.7286 -0.9179 -110.8874 1.3086 0.0104 0.0125 300 pedestrian_0025
Pedestrian 1.00 1.00 0 0 0 0 0 0 0 0 -1000.00 -1000.00 -1000.00 -1000.00 1.9158 0.4880 0.3766 82.0694 1.3007 -163.5254 0.8862 0.0104 0.0125 301 pedestrian_0016
Pedestrian 1.00 1.00 0 0 0 0 0 0 0 0 -1000.00 -1000.00 -1000.00 -1000.00 1.9158 0.4880 0.7507 14.3019 -0.6393 -264.5884 -0.5988 0.0104 0.0125 302 pedestrian_0006
Pedestrian 1.00 1.00 0 0 0 0 0 0 0 0 -1000.00 -1000.00 -1000.00 -1000.00 1.3390 0.3253 0.2900 -100.3638 0.1042 -54.3058 -2.4670 0.0104 0.0125 303 pedestrian_0012
Pedestrian 1.00 1.00 0 0 0 0 0 0 0 0 -1000.00 -1000.00 -1000.00 -1000.00 1.9158 0.4880 0.7507 -32.2443 -1.7758 -321.6053 -0.5928 0.0104 0.0125 304 pedestrian_0024
Pedestrian 1.00 1.00 0 0 0 0 0 0 0 0 -1000.00 -1000.00 -1000.00 -1000.00 1.3390 0.3253 0.5005 -216.5826 -1.5733 -79.0261 -2.0001 0.0104 0.0125 305 pedestrian_0013
Pedestrian 1.00 1.00 0 0 0 0 0 0 0 0 -1000.00 -1000.00 -1000.00 -1000.00 1.1330 0.4333 0.5330 -67.0119 -1.9582 -296.1859 2.5451 0.0104 0.0125 306 pedestrian_0011
Pedestrian 1.00 1.00 0 0 0 0 0 0 0 0 -1000.00 -1000.00 -1000.00 -1000.00 1.9158 0.4880 0.7374 174.9714 3.6572 -62.4165 2.5694 0.0104 0.0125 307 pedestrian_0024
Pedestrian 1.00 1.00 0 0 0 0 0 0 0 0 -1000.00 -1000.00 -1000.00 -1000.00 1.9158 0.4880 0.3862 -150.0052 -2.3812 -237.8025 -0.6619 0.0104 0.0125 308 pedestrian_0004
Pedestrian 0.00 0.04 26 30 50 550 0 0 19 0 874.33 366.85 888.66 414.15 1.9158 0.4880 0.7127 -2.3644 2.1689 22.5231 -2.2016 0.0104 0.0125 309 pedestrian_0019
Pedestrian 1.00 1.00 0 0 0 0 0 0 0 0 -1000.00 -1000.00 -1000.00 -1000.00 1.3390 0.3253 0.5005 5.9194 0.9674 -117.0254 -2.2007 0.0104 0.0125 310 pedestrian_0012
Pedestrian 1.00 1.00 0 0 0 2 0 0 0 0 -1000.00 -1000.00 -1000.00 -1000.00 1.9158 0.4880 0.5343 138.6386 2.5310 -122.7796 -1.9606 0.0104 0.0125 311 pedestrian_0022
Pedestrian 1.00 1.00 0 0 0 0 0 0 0 0 -1000.00 -1000.00 -1000.00 -1000.00 1.9158 0.4880 0.7507 155.5111 3.2115 -67.2263 -2.2439 0.0104 0.0125 312 pedestrian_0018
Pedestrian 0.00 0.32 0 2 3 43 0 0 0 0 1224.22 369.44 1229.31 382.11 1.9158 0.4880 0.5679 41.5599 3.3637 84.6662 0.6873 0.0104 0.0125 313 pedestrian_0022
Pedestrian 1.00 1.00 0 0 0 0 0 0 0 0 -1000.00 -1000.00 -1000.00 -1000.00 1.9158 0.4880 0.3889 149.6023 3.0517 -75.4919 -1.2752 0.0104 0.0125 314 pedestrian_0005
Pedestrian 1.00 1.00 0 0 0 0 0 0 0 0 -1000.00 -1000.00 -1000.00 -1000.00 1.9158 0.4880 0.7507 77.5488 2.7319 -19.5092 -2.2258 0.0104 0.0125 315 pedestrian_0018
Pedestrian 1.00 1.00 0 0 0 0 0 0 0 0 -1000.00 -1000.00 -1000.00 -1000.00 1.9158 0.4880 0.6840 -201.0595 -2.5346 -191.0721 2.2572 0.0104 0.0125 316 pedestrian_0024
Pedestrian 1.00 1.00 0 0 0 0 0 0 0 0 -1000.00 -1000.00 -1000.00 -1000.00 1.9158 0.4880 0.5235 7.6466 -0.6723 -259.9138 -0.6495 0.0104 0.0125 317 pedestrian_0002
Pedestrian 1.00 1.00 0 0 0 0 0 0 0 0 -1000.00 -1000.00 -1000.00 -1000.00 1.3390 0.3253 0.3290 42.6294 0.8730 -155.6498 2.5004 0.0104 0.0125 318 pedestrian_0013
Pedestrian 1.00 1.00 0 0 0 0 0 0 0 0 -1000.00 -1000.00 -1000.00 -1000.00 1.9158 0.4880 0.7507 138.9928 4.3326 46.5453 2.5210 0.0104 0.0125 319 pedestrian_0018
Pedestrian 1.00 1.00 0 0 0 0 0 0 0 0 -1000.00 -1000.00 -1000.00 -1000.00 1.9158 0.4880 0.6025 199.8321 3.1599 -120.2323 -2.3057 0.0104 0.0125 320 pedestrian_0006
Pedestrian 1.00 1.00 0 0 0 0 0 0 0 0 -1000.00 -1000.00 -1000.00 -1000.00 1.9158 0.4880 0.7507 -40.2932 -1.8129 -315.3672 -0.6142 0.0104 0.0125 321 pedestrian_0021
Pedestrian 1.00 1.00 0 0 0 0 0 0 0 0 -1000.00 -1000.00 -1000.00 -1000.00 1.1330 0.4333 0.5552 118.8970 3.8259 37.1289 0.9140 0.0104 0.0125 322 pedestrian_0010
Pedestrian 0.00 0.39 3 1 3 107 0 0 0 0 1398.49 371.66 1403.29 385.30 1.9158 0.4880 0.7507 63.1875 3.5693 78.4197 -2.2858 0.0104 0.0125 323 pedestrian_0022
Pedestrian 1.00 1.00 0 0 0 0 0 0 0 0 -1000.00 -1000.00 -1000.00 -1000.00 1.9158 0.4880 0.4123 92.6724 3.2989 2.2008 2.7680 0.0104 0.0125 324 pedestrian_0015
Pedestrian 1.00 1.00 22 22 32 212 0 7 0 0 -1000.00 -1000.00 -1000.00 -1000.00 1.9158 0.4880 0.5298 -28.2819 1.4690 -13.6908 0.9515 0.0104 0.0125 325 pedestrian_0005
Pedestrian 1.00 1.00 0 0 0 0 0 0 0 0 -1000.00 -1000.00 -1000.00 -1000.00 1.9158 0.4880 0.6192 257.0696 -4.2749 52.4945 -0.6347 0.0104 0.0125 326 pedestrian_0006
Pedestrian 1.00 1.00 0 0 0 0 0 0 0 0 -1000.00 -1000.00 -1000.00 -1000.00 1.9158 0.4880 0.7507 15.1249 0.2086 -187.5224 -2.0910 0.0104 0.0125 327 pedestrian_0002
Pedestrian 1.00 1.00 0 0 0 0 0 0 0 0 -1000.00 -1000.00 -1000.00 -1000.00 1.9158 0.4880 0.6584 45.4165 0.9166 -155.7954 -0.5801 0.0104 0.0125 328 pedestrian_0015
Pedestrian 1.00 1.00 0 0 0 0 0 0 0 0 -1000.00 -1000.00 -1000.00 -1000.00 1.9158 0.4880 0.7507 -188.7513 -0.7406 -33.0609 -2.2104 0.0104 0.0125 329 pedestrian_0005
Pedestrian 1.00 1.00 0 0 0 0 0 0 0 0 -1000.00 -1000.00 -1000.00 -1000.00 1.1330 0.4333 0.3998 -5.8884 -1.6371 -338.8069 -0.7319 0.0104 0.0125 330 pedestrian_0010
Pedestrian 1.00 1.00 0 0 0 0 0 0 0 0 -1000.00 -1000.00 -1000.00 -1000.00 1.9158 0.4880 0.5348 104.4158 3.3043 -11.4237 -0.4700 0.0104 0.0125 331 pedestrian_0001
Pedestrian 1.00 1.00 0 0 1 3 0 0 0 0 -1000.00 -1000.00 -1000.00 -1000.00 1.9158 0.4880 0.3843 -48.1932 0.4562 -87.2014 -1.4430 0.0104 0.0125 332 pedestrian_0017
Pedestrian 1.00 1.00 0 0 0 0 0 0 0 0 -1000.00 -1000.00 -1000.00 -1000.00 1.9158 0.4880 0.5842 111.6969 3.6992 17.8321 2.5912 0.0104 0.0125 333 pedestrian_0023
Pedestrian 1.00 1.00 0 0 0 0 0 0 0 0 -1000.00 -1000.00 -1000.00 -1000.00 1.3390 0.3253 0.4011 -106.5347 0.2805 -45.9667 -0.6160 0.0104 0.0125 334 pedestrian_0013
Pedestrian 1.00 1.00 51 45 65 637 0 0 0 9 -1000.00 -1000.00 -1000.00 -1000.00 1.9158 0.4880 0.7507 17.5793 1.9909 -13.2948 -0.6386 0.0104 0.0125 335 pedestrian_0019
Pedestrian 1.00 1.00 0 0 0 0 0 0 0 0 -1000.00 -1000.00 -1000.00 -1000.00 1.9158 0.4880 0.6881 -93.0318 0.2159 -56.1709 -0.6807 0.0104 0.0125 336 pedestrian_0017
Pedestrian 1.00 1.00 0 0 0 0 0 0 0 0 -1000.00 -1000.00 -1000.00 -1000.00 1.9158 0.4880 0.7387 23.8646 -1.3759 -350.4151 2.8506 0.0104 0.0125 337 pedestrian_0025
Pedestrian 1.00 1.00 0 0 0 0 0 0 0 0 -1000.00 -1000.00 -1000.00 -1000.00 1.9158 0.4880 0.4171 310.0352 -4.7995 -60.7288 -0.0675 0.0104 0.0125 338 pedestrian_0006
Pedestrian 1.00 1.00 0 0 0 0 0 0 0 0 -1000.00 -1000.00 -1000.00 -1000.00 1.1330 0.4333 0.5132 274.8883 -5.1329 -49.5484 -1.5121 0.0104 0.0125 339 pedestrian_0011
Pedestrian 1.00 1.00 0 0 0 0 0 0 0 0 -1000.00 -1000.00 -1000.00 -1000.00 1.1330 0.4333 0.5434 217.0107 4.6973 -11.8049 -0.7189 0.0104 0.0125 340 pedestrian_0011
Pedestrian 1.00 1.00 0 0 0 0 0 0 0 0 -1000.00 -1000.00 -1000.00 -1000.00 1.3390 0.3253 0.3150 227.1087 5.1186 30.8022 -2.1479 0.0104 0.0125 341 pedestrian_0013
Pedestrian 0.00 1.00 0 0 0 0 0 0 0 0 1706.15 375.35 1712.32 383.22 1.9158 0.4880 0.7507 184.4451 5.6830 135.8309 -0.6372 0.0104 0.0125 342 pedestrian_0007
Pedestrian 1.00 1.00 0 0 0 1 0 0 0 0 -1000.00 -1000.00 -1000.00 -1000.00 1.9158 0.4880 0.7507 104.3680 2.1002 -107.6225 2.6566 0.0104 0.0125 343 pedestrian_0021
Pedestrian 1.00 1.00 0 0 0 0 0 0 0 0 -1000.00 -1000.00 -1000.00 -1000.00 1.1330 0.4333 0.5874 309.7070 -4.8440 -63.5500 -1.7851 0.0104 0.0125 344 pedestrian_0010
Pedestrian 1.00 1.00 4 2 6 105 0 0 0 0 -1000.00 -1000.00 -1000.00 -1000.00 1.9158 0.4880 0.5215 45.4595 1.8768 -63.2003 -2.7201 0.0104 0.0125 345 pedestrian_0021
Pedestrian 0.00 0.94 2 3 5 176 0 0 0 0 1386.64 381.40 1393.20 399.35 1.3390 0.3253 0.2753 33.2566 2.9589 41.8237 -0.9930 0.0104 0.0125 346 pedestrian_0014
Pedestrian 1.00 1.00 0 0 0 9 0 0 0 0 -1000.00 -1000.00 -1000.00 -1000.00 1.9158 0.4880 0.3875 131.1855 2.4917 -120.1722 -0.3104 0.0104 0.0125 347 pedestrian_0023
Pedestrian 1.00 1.00 0 0 0 0 0 0 0 0 -1000.00 -1000.00 -1000.00 -1000.00 1.9158 0.4880 0.5611 -35.2908 -0.0393 -165.1323 2.2029 0.0104 0.0125 348 pedestrian_0008
Pedestrian 1.00 1.00 0 0 0 0 0 0 0 0 -1000.00 -1000.00 -1000.00 -1000.00 1.9158 0.4880 0.7507 -101.1660 -2.1136 -270.8576 -0.6371 0.0104 0.0125 349 pedestrian_0006
Pedestrian 1.00 1.00 0 0 0 0 0 0 0 0 -1000.00 -1000.00 -1000.00 -1000.00 1.9158 0.4880 0.6613 193.4006 3.6048 -74.9871 2.5185 0.0104 0.0125 350 pedestrian_0022
Pedestrian 1.00 1.00 0 0 0 3 0 0 0 0 -1000.00 -1000.00 -1000.00 -1000.00 1.9158 0.4880 0.4231 132.5077 2.2983 -127.4589 -2.2897 0.0104 0.0125 351 pedestrian_0023
Pedestrian 1.00 1.00 0 2 1 31 0 0 0 0 -1000.00 -1000.00 -1000.00 -1000.00 1.9158 0.4880 0.7455 114.6381 2.4629 -84.7418 -0.6317 0.0104 0.0125 352 pedestrian_0006
Pedestrian 1.00 1.00 0 0 0 0 0 0 0 0 -1000.00 -1000.00 -1000.00 -1000.00 1.9158 0.4880 0.5850 46.7515 0.4530 -202.0805 -2.4656 0.0104 0.0125 353 pedestrian_0024
Pedestrian 1.00 1.00 0 0 0 0 0 0 0 0 -1000.00 -1000.00 -1000.00 -1000.00 1.1330 0.4333 0.5111 -153.9034 0.1716 13.9440 0.8937 0.0104 0.0125 354 pedestrian_0011
Pedestrian 1.00 1.00 1 1 2 45 0 0 0 0 -1000.00 -1000.00 -1000.00 -1000.00 1.9158 0.4880 0.4137 -56.0047 0.7279 -51.7631 2.8602 0.0104 0.0125 355 pedestrian_0017
Pedestrian 1.00 1.00 0 0 0 0 0 0 0 0 -1000.00 -1000.00 -1000.00 -1000.00 1.3390 0.3253 0.3490 221.7415 -4.9173 34.1230 -0.6426 0.0104 0.0125 356 pedestrian_0012
Pedestrian 1.00 1.00 0 0 0 0 0 0 0 0 -1000.00 -1000.00 -1000.00 -1000.00 1.9158 0.4880 0.4194 76.4695 -0.7324 -351.8180 -2.9898 0.0104 0.0125 357 pedestrian_0020
Pedestrian 1.00 1.00 0 0 0 0 0 0 0 0 -1000.00 -1000.00 -1000.00 -1000.00 1.9158 0.4880 0.7507 196.4326 3.6249 -76.6945 2.4584 0.0104 0.0125 358 pedestrian_0017
Pedestrian 1.00 1.00 0 0 1 20 0 0 0 0 -1000.00 -1000.00 -1000.00 -1000.00 1.9158 0.4880 0.4849 -84.9548 0.2460 -63.1657 2.5657 0.0104 0.0125 359 pedestrian_0025
Pedestrian 1.00 1.00 0 0 0 0 0 0 0 0 -1000.00 -1000.00 -1000.00 -1000.00 1.3390 0.3253 0.5005 90.0274 -0.5313 -348.0521 -2.7697 0.0104 0.0125 360 pedestrian_0013
Pedestrian 1.00 1.00 0 0 0 0 0 0 0 0 -1000.00 -1000.00 -1000.00 -1000.00 1.3390 0.3253 0.5005 -33.2498 -1.7827 -320.1630 -0.6044 0.0104 0.0125 361 pedestrian_0013
Pedestrian 1.00 1.00 1 3 3 92 0 0 0 0 -1000.00 -1000.00 -1000.00 -1000.00 1.3390 0.3253 0.2502 47.4671 1.9048 -61.3437 1.9186 0.0104 0.0125 362 pedestrian_0013
Pedestrian 1.00 1.00 0 0 0 4 0 0 0 0 -1000.00 -1000.00 -1000.00 -1000.00 1.1330 0.4333 0.6667 -76.7565 0.2842 -68.2390 -0.6157 0.0104 0.0125 363 pedestrian_0011
Pedestrian 1.00 1.00 2 0 0 88 0 0 0 0 -1000.00 -1000.00 -1000.00 -1000.00 1.3390 0.3253 0.4235 64.5552 2.4272 -46.9280 2.4794 0.0104 0.0125 364 pedestrian_0012
Pedestrian 1.00 1.00 0 0 0 0 0 0 0 0 -1000.00 -1000.00 -1000.00 -1000.00 1.9158 0.4880 0.5308 164.3248 4.7264 67.8015 -2.1745 0.0104 0.0125 365 pedestrian_0023
Pedestrian 1.00 1.00 0 0 1 20 0 0 0 0 -1000.00 -1000.00 -1000.00 -1000.00 1.9158 0.4880 0.5405 -67.9190 0.5903 -65.2125 0.6449 0.0104 0.0125 366 pedestrian_0005
Pedestrian 1.00 1.00 0 0 0 0 0 0 0 0 -1000.00 -1000.00 -1000.00 -1000.00 1.9158 0.4880 0.6106 -136.4603 -1.6128 -176.6500 2.4463 0.0104 0.0125 367 pedestrian_0021
Pedestrian 1.00 1.00 0 0 0 0 0 0 0 0 -1000.00 -1000.00 -1000.00 -1000.00 1.1330 0.4333 0.4158 -0.2303 0.6705 -123.3726 0.9213 0.0104 0.0125 368 pedestrian_0010
Pedestrian 1.00 1.00 0 0 0 8 0 0 0 1 -1000.00 -1000.00 -1000.00 -1000.00 1.9158 0.4880 0.5051 136.3147 2.3635 -125.7599 -1.8754 0.0104 0.0125 369 pedestrian_0020
Pedestrian 1.00 1.00 0 1 2 65 0 0 0 0 -1000.00 -1000.00 -1000.00 -1000.00 1.3390 0.3253 0.4168 63.8903 2.4353 -45.4203 2.4458 0.0104 0.0125 370 pedestrian_0012
Pedestrian 1.00 1.00 0 0 0 0 0 0 0 0 -1000.00 -1000.00 -1000.00 -1000.00 1.9158 0.4880 0.6596 184.5933 3.7972 -60.5271 0.9047 0.0104 0.0125 371 pedestrian_0015
Pedestrian 1.00 1.00 3 5 5 137 1 0 0 0 -1000.00 -1000.00 -1000.00 -1000.00 1.9158 0.4880 0.4355 -55.4176 0.7383 -51.3387 -2.0250 0.0104 0.0125 372 pedestrian_0007
Pedestrian 1.00 1.00 0 0 0 0 0 0 0 0 -1000.00 -1000.00 -1000.00 -1000.00 1.9158 0.4880 0.6316 -134.4440 -2.2824 -247.2427 2.5903 0.0104 0.0125 373 pedestrian_0008
Pedestrian 1.00 1.00 0 0 0 0 0 0 0 0 -1000.00 -1000.00 -1000.00 -1000.00 1.9158 0.4880 0.6023 16.9323 1.1125 -102.5516 -2.2283 0.0104 0.0125 374 pedestrian_0020
Pedestrian 1.00 1.00 0 0 0 0 0 0 0 0 -1000.00 -1000.00 -1000.00 -1000.00 1.9158 0.4880 0.5520 176.8053 3.4180 -72.9884 0.8535 0.0104 0.0125 375 pedestrian_0015
Pedestrian 1.00 1.00 0 0 0 1 0 0 0 0 -1000.00 -1000.00 -1000.00 -1000.00 1.3390 0.3253 0.3065 48.8594 2.0792 -58.9592 0.3469 0.0104 0.0125 376 pedestrian_0012
Pedestrian 1.00 1.00 0 0 0 0 0 0 0 0 -1000.00 -1000.00 -1000.00 -1000.00 1.9158 0.4880 0.4339 210.3421 4.3079 -27.4608 -2.4199 0.0104 0.0125 377 pedestrian_0017
Pedestrian 1.00 1.00 1 2 2 91 0 0 0 1 -1000.00 -1000.00 -1000.00 -1000.00 1.9158 0.4880 0.3790 57.2466 2.1640 -61.6608 -1.2283 0.0104 0.0125 378 pedestrian_0025
Pedestrian 1.00 1.00 1 0 0 12 0 0 0 0 -1000.00 -1000.00 -1000.00 -1000.00 1.1330 0.4333 0.3897 -57.3899 0.6864 -53.0463 1.5411 0.0104 0.0125 379 pedestrian_0009
Pedestrian 0.00 0.91 3 6 11 300 0 0 1 0 1363.27 373.60 1373.87 400.03 1.9158 0.4880 0.6055 30.9573 2.9292 40.9254 2.5326 0.0104 0.0125 380 pedestrian_0002
Pedestrian 1.00 1.00 0 0 0 0 0 0 0 0 -1000.00 -1000.00 -1000.00 -1000.00 1.3390 0.3253 0.3231 110.4360 -0.1744 -338.1955 -2.6124 0.0104 0.0125 381 pedestrian_0013
Pedestrian 1.00 1.00 0 0 0 0 0 0 0 0 -1000.00 -1000.00 -1000.00 -1000.00 1.3390 0.3253 0.5005 141.0223 2.8374 -84.9910 -2.2612 0.0104 0.0125 382 pedestrian_0012
Pedestrian 1.00 1.00 0 0 0 0 0 0 0 0 -1000.00 -1000.00 -1000.00 -1000.00 1.1330 0.4333 0.6029 22.7740 0.7852 -139.9045 -0.6548 0.0104 0.0125 383 pedestrian_0010
Pedestrian 1.00 1.00 0 0 0 0 0 0 0 0 -1000.00 -1000.00 -1000.00 -1000.00 1.3390 0.3253 0.4934 74.9376 -0.7782 -353.5777 -2.8535 0.0104 0.0125 384 pedestrian_0013
Pedestrian 1.00 1.00 0 0 0 0 0 0 0 0 -1000.00 -1000.00 -1000.00 -1000.00 1.9158 0.4880 0.7507 -30.8430 -0.8881 -233.9772 -0.7321 0.0104 0.0125 385 pedestrian_0015
Pedestrian 1.00 1.00 0 0 0 0 0 0 0 0 -1000.00 -1000.00 -1000.00 -1000.00 1.9158 0.4880 0.7507 115.6875 3.7635 33.8945 0.9654 0.0104 0.0125 386 pedestrian_0018
Pedestrian 1.00 1.00 0 0 0 0 0 0 0 0 -1000.00 -1000.00 -1000.00 -1000.00 1.3390 0.3253 0.4164 100.2754 -0.3614 -343.7822 -2.6892 0.0104 0.0125 387 pedestrian_0013
Pedestrian 1.00 1.00 0 0 0 0 0 0 0 0 -1000.00 -1000.00 -1000.00 -1000.00 1.9158 0.4880 0.3754 232.9617 4.8291 0.6017 2.6933 0.0104 0.0125 388 pedestrian_0022
Pedestrian 1.00 1.00 0 0 0 0 0 0 0 0 -1000.00 -1000.00 -1000.00 -1000.00 1.9158 0.4880 0.7507 -223.6724 -2.1415 -125.9987 -1.5185 0.0104 0.0125 389 pedestrian_0003
Pedestrian 1.00 1.00 0 0 0 0 0 0 0 0 -1000.00 -1000.00 -1000.00 -1000.00 1.9158 0.4880 0.7507 -38.7719 -1.8015 -316.1004 -0.6111 0.0104 0.0125 390 pedestrian_0021
Pedestrian 1.00 1.00 0 0 0 0 0 0 0 0 -1000.00 -1000.00 -1000.00 -1000.00 1.9158 0.4880 0.3754 -74.6226 -0.0843 -64.7362 0.2428 0.0104 0.0125 391 pedestrian_0016
Pedestrian 1.00 1.00 0 0 0 0 0 0 0 0 -1000.00 -1000.00 -1000.00 -1000.00 1.9158 0.4880 0.7507 -25.8510 -1.7384 -325.6032 -0.6196 0.0104 0.0125 392 pedestrian_0005
Pedestrian 1.00 1.00 0 0 0 0 0 0 0 0 -1000.00 -1000.00 -1000.00 -1000.00 1.9158 0.4880 0.4774 273.5710 -4.9520 -32.0662 -1.3163 0.0104 0.0125 393 pedestrian_0026
Pedestrian 1.00 1.00 2 3 3 67 0 0 0 0 -1000.00 -1000.00 -1000.00 -1000.00 1.9158 0.4880 0.3894 58.9666 2.1849 -61.6953 -1.3517 0.0104 0.0125 394 pedestrian_0022
Pedestrian 0.00 1.00 0 0 0 0 0 0 0 0 940.21 334.03 943.28 338.50 1.1330 0.4333 0.6667 -3.9373 -5.5994 144.0127 0.4619 0.0104 0.0125 395 pedestrian_0010
Pedestrian 1.00 1.00 13 10 14 618 3 0 0 0 -1000.00 -1000.00 -1000.00 -1000.00 1.9158 0.4880 0.7507 -37.5771 1.2066 -27.8615 0.9266 0.0104 0.0125 396 pedestrian_0006
Pedestrian 1.00 1.00 0 0 0 0 0 0 0 0 -1000.00 -1000.00 -1000.00 -1000.00 1.3390 0.3253 0.5005 123.6113 2.0407 -140.7706 0.8632 0.0104 0.0125 397 pedestrian_0012
Pedestrian 1.00 1.00 0 0 0 0 0 0 0 0 -1000.00 -1000.00 -1000.00 -1000.00 1.1330 0.4333 0.3372 133.5579 2.4833 -124.4897 2.3650 0.0104 0.0125 398 pedestrian_0010
Pedestrian 1.00 1.00 1 2 3 22 0 0 0 0 -1000.00 -1000.00 -1000.00 -1000.00 1.9158 0.4880 0.3754 -74.3799 0.3206 -68.6596 -0.8683 0.0104 0.0125 399 pedestrian_0007
Pedestrian 1.00 1.00 0 0 0 0 0 0 0 0 -1000.00 -1000.00 -1000.00 -1000.00 1.9158 0.4880 0.6176 231.1507 -4.3983 71.8310 -0.6394 0.0104 0.0125 400 pedestrian_0001
Pedestrian 1.00 1.00 0 0 0 0 0 0 0 0 -1000.00 -1000.00 -1000.00 -1000.00 1.9158 0.4880 0.7507 67.7946 1.0042 -174.1263 -0.6898 0.0104 0.0125 401 pedestrian_0016
Pedestrian 1.00 1.00 0 0 0 0 0 0 0 0 -1000.00 -1000.00 -1000.00 -1000.00 1.9158 0.4880 0.4358 -62.3114 -1.9193 -298.9475 2.5254 0.0104 0.0125 402 pedestrian_0021
Pedestrian 0.00 1.00 0 0 0 0 0 0 0 0 1854.40 377.23 1861.43 387.70 1.9158 0.4880 0.6351 167.7758 5.1315 103.0660 0.9079 0.0104 0.0125 403 pedestrian_0006
Pedestrian 1.00 1.00 1 1 1 95 0 0 0 0 -1000.00 -1000.00 -1000.00 -1000.00 1.9158 0.4880 0.7507 -56.2029 0.5609 -82.1485 -0.5750 0.0104 0.0125 404 pedestrian_0023
Pedestrian 1.00 1.00 0 0 0 0 0 0 0 0 -1000.00 -1000.00 -1000.00 -1000.00 1.1330 0.4333 0.6103 183.7056 2.8376 -130.7537 -2.9212 0.0104 0.0125 405 pedestrian_0011
Pedestrian 1.00 1.00 0 0 0 66 0 0 0 0 -1000.00 -1000.00 -1000.00 -1000.00 1.9158 0.4880 0.5294 92.2643 2.3651 -67.5410 -0.6189 0.0104 0.0125 406 pedestrian_0004
Pedestrian 1.00 1.00 0 1 1 11 0 0 0 0 -1000.00 -1000.00 -1000.00 -1000.00 1.9158 0.4880 0.4159 136.7861 1.8904 -125.7234 -2.0643 0.0104 0.0125 407 pedestrian_0026
Pedestrian 1.00 1.00 0 0 0 0 0 0 0 0 -1000.00 -1000.00 -1000.00 -1000.00 1.3390 0.3253 0.3767 197.2708 4.6564 27.6888 -0.6583 0.0104 0.0125 408 pedestrian_0013
Pedestrian 1.00 1.00 0 0 0 0 0 0 0 0 -1000.00 -1000.00 -1000.00 -1000.00 1.1330 0.4333 0.5879 53.4120 0.9152 -164.2823 2.4469 0.0104 0.0125 409 pedestrian_0010
Pedestrian 0.00 1.00 0 0 0 0 0 0 0 0 1733.94 375.48 1741.50 388.12 1.9158 0.4880 0.5169 119.6308 4.2846 84.6642 -0.6727 0.0104 0.0125 410 pedestrian_0020
Pedestrian 1.00 1.00 0 0 0 0 0 0 0 0 -1000.00 -1000.00 -1000.00 -1000.00 1.9158 0.4880 0.5801 81.3046 0.0239 -281.3967 0.6940 0.0104 0.0125 411 pedestrian_0025
Pedestrian 1.00 1.00 4 4 7 176 1 0 0 0 -1000.00 -1000.00 -1000.00 -1000.00 1.1330 0.4333 0.6633 -40.3330 1.2611 -32.7477 -2.1841 0.0104 0.0125 412 pedestrian_0010
Pedestrian 1.00 1.00 0 0 0 0 0 0 0 0 -1000.00 -1000.00 -1000.00 -1000.00 1.9158 0.4880 0.7507 29.5577 1.4482 -85.3493 -2.2066 0.0104 0.0125 413 pedestrian_0015
Pedestrian 1.00 1.00 0 0 0 0 0 0 0 0 -1000.00 -1000.00 -1000.00 -1000.00 1.1330 0.4333 0.6667 123.9090 3.9773 45.6734 0.9637 0.0104 0.0125 414 pedestrian_0011
Pedestrian 0.00 0.19 17 17 27 262 0 0 15 0 960.41 367.51 970.29 400.23 1.9158 0.4880 0.6229 1.2075 2.3200 32.7714 0.9492 0.0104 0.0125 415 pedestrian_0025
Pedestrian 0.00 1.00 0 0 0 0 0 0 0 0 836.42 329.38 840.01 334.69 1.1330 0.4333 0.6445 -26.4314 -5.6842 123.9052 -2.2148 0.0104 0.0125 416 pedestrian_0009
Pedestrian 0.00 1.00 0 0 0 0 0 0 0 0 785.62 322.65 790.06 332.27 1.9158 0.4880 0.6925 -34.6523 -5.7377 114.0947 -2.2498 0.0104 0.0125 417 pedestrian_0026
Pedestrian 1.00 1.00 0 0 0 0 0 0 0 0 -1000.00 -1000.00 -1000.00 -1000.00 1.9158 0.4880 0.7507 -131.7065 -2.2634 -248.6546 2.5163 0.0104 0.0125 418 pedestrian_0019
Pedestrian 1.00 1.00 0 0 0 0 0 0 0 0 -1000.00 -1000.00 -1000.00 -1000.00 1.9158 0.4880 0.4527 137.1170 2.3459 -125.3500 -2.1571 0.0104 0.0125 419 pedestrian_0018
Pedestrian 1.00 1.00 0 0 0 0 0 0 0 0 -1000.00 -1000.00 -1000.00 -1000.00 1.9158 0.4880 0.6208 83.4977 -0.6259 -350.0292 -2.8756 0.0104 0.0125 420 pedestrian_0026
Pedestrian 0.00 0.36 0 3 2 88 0 0 0 0 1402.65 371.66 1407.35 383.54 1.9158 0.4880 0.7507 73.0367 3.8120 89.9643 -2.3839 0.0104 0.0125 421 pedestrian_0005
Pedestrian 1.00 1.00 0 0 0 0 0 0 0 0 -1000.00 -1000.00 -1000.00 -1000.00 1.9158 0.4880 0.7507 199.8775 4.4245 1.4896 2.3516 0.0104 0.0125 422 pedestrian_0021
Pedestrian 1.00 1.00 0 0 0 0 0 0 0 0 -1000.00 -1000.00 -1000.00 -1000.00 1.9158 0.4880 0.5447 241.8888 5.8554 68.6614 -1.7027 0.0104 0.0125 423 pedestrian_0025
Pedestrian 0.00 1.00 0 0 0 0 0 0 0 0 1887.96 377.37 1897.98 393.75 1.9158 0.4880 0.4458 111.5737 3.9886 65.8129 2.5154 0.0104 0.0125 424 pedestrian_0008
Pedestrian 1.00 1.00 0 0 0 0 0 0 0 0 -1000.00 -1000.00 -1000.00 -1000.00 1.9158 0.4880 0.4665 55.1790 2.9383 27.2966 -0.4922 0.0104 0.0125 425 pedestrian_0018
Pedestrian 1.00 1.00 0 0 0 0 0 0 0 0 -1000.00 -1000.00 -1000.00 -1000.00 1.9158 0.4880 0.7507 52.0554 -0.4663 -293.2997 0.0376 0.0104 0.0125 426 pedestrian_0020
Pedestrian 1.00 1.00 0 0 0 0 0 0 0 0 -1000.00 -1000.00 -1000.00 -1000.00 1.3390 0.3253 0.5005 -67.6309 -1.0782 -207.1366 2.5549 0.0104 0.0125 427 pedestrian_0012
Pedestrian 1.00 1.00 0 0 0 0 0 0 0 0 -1000.00 -1000.00 -1000.00 -1000.00 1.1330 0.4333 0.4400 209.1427 4.3058 -25.3527 -2.3419 0.0104 0.0125 428 pedestrian_0011
Pedestrian 1.00 1.00 0 0 0 0 0 0 0 0 -1000.00 -1000.00 -1000.00 -1000.00 1.9158 0.4880 0.4242 -21.4855 -0.3632 -198.2879 2.4721 0.0104 0.0125 429 pedestrian_0006
Pedestrian 0.00 1.00 0 0 0 0 0 0 0 0 1692.81 375.21 1698.47 383.68 1.9158 0.4880 0.6181 168.3481 5.3834 126.2132 -0.6170 0.0104 0.0125 430 pedestrian_0021
Pedestrian 1.00 1.00 0 0 0 0 0 0 0 0 -1000.00 -1000.00 -1000.00 -1000.00 1.9158 0.4880 0.7507 26.5958 -0.5389 -284.0584 -1.6526 0.0104 0.0125 431 pedestrian_0026
Pedestrian 0.00 1.00 0 0 0 0 0 0 0 0 1218.94 331.61 1222.39 339.07 1.9158 0.4880 0.7507 69.0008 -5.4926 145.0345 2.5874 0.0104 0.0125 432 pedestrian_0026
Pedestrian 1.00 1.00 0 0 0 2 0 0 0 0 -1000.00 -1000.00 -1000.00 -1000.00 1.9158 0.4880 0.4894 96.3784 2.0140 -106.9716 0.2282 0.0104 0.0125 433 pedestrian_0002
Pedestrian 1.00 1.00 0 0 0 1 0 0 0 0 -1000.00 -1000.00 -1000.00 -1000.00 1.9158 0.4880 0.4172 137.2285 2.3375 -125.8998 -3.1086 0.0104 0.0125 434 pedestrian_0001
Pedestrian 1.00 1.00 0 0 0 0 0 0 0 0 -1000.00 -1000.00 -1000.00 -1000.00 1.9158 0.4880 0.7328 225.3015 -4.4386 75.3397 2.5163 0.0104 0.0125 435 pedestrian_0022
Pedestrian 1.00 1.00 0 0 0 0 0 0 0 0 -1000.00 -1000.00 -1000.00 -1000.00 1.9158 0.4880 0.5227 102.3333 3.3223 -7.1824 -0.5693 0.0104 0.0125 436 pedestrian_0005
Pedestrian 1.00 1.00 0 0 0 0 0 0 0 0 -1000.00 -1000.00 -1000.00 -1000.00 1.3390 0.3253 0.5005 -122.6775 -1.3018 -162.7992 2.4570 0.0104 0.0125 437 pedestrian_0013
Pedestrian 1.00 1.00 0 0 0 0 0 0 0 0 -1000.00 -1000.00 -1000.00 -1000.00 1.1330 0.4333 0.3431 75.5695 -0.7633 -352.7314 0.1539 0.0104 0.0125 438 pedestrian_0011
Pedestrian 1.00 1.00 0 0 0 0 0 0 0 0 -1000.00 -1000.00 -1000.00 -1000.00 1.9158 0.4880 0.6212 -97.4509 0.2008 -52.3678 -0.6134 0.0104 0.0125 439 pedestrian_0006
Pedestrian 0.00 1.00 0 0 0 0 0 0 0 0 597.28 325.51 600.64 331.99 1.3390 0.3253 0.4934 -76.2395 -5.9964 118.2477 -2.2032 0.0104 0.0125 440 pedestrian_0014
Pedestrian 1.00 1.00 0 0 0 0 0 0 0 0 -1000.00 -1000.00 -1000.00 -1000.00 1.9158 0.4880 0.5004 -16.3065 0.5901 -112.7661 -0.6159 0.0104 0.0125 441 pedestrian_0025
Pedestrian 1.00 1.00 0 0 0 0 0 0 0 0 -1000.00 -1000.00 -1000.00 -1000.00 1.9158 0.4880 0.4652 -197.6575 -2.5183 -193.6163 -0.8625 0.0104 0.0125 442 pedestrian_0003
Pedestrian 0.00 1.00 0 0 0 0 0 0 0 0 1879.63 378.54 1911.45 418.75 1.9158 0.4880 0.7263 46.4219 2.8257 27.0085 -1.0865 0.0104 0.0125 443 pedestrian_0024
Pedestrian 1.00 1.00 0 0 0 0 0 0 0 0 -1000.00 -1000.00 -1000.00 -1000.00 1.9158 0.4880 0.4906 93.5835 2.8213 -30.1367 1.0395 0.0104 0.0125 444 pedestrian_0007
Pedestrian 1.00 1.00 0 0 0 0 0 0 0 0 -1000.00 -1000.00 -1000.00 -1000.00 1.9158 0.4880 0.3931 -1.4300 0.6663 -123.4481 1.5937 0.0104 0.0125 445 pedestrian_0023
Pedestrian 1.00 1.00 0 0 0 0 0 0 0 0 -1000.00 -1000.00 -1000.00 -1000.00 1.9158 0.4880 0.6184 -208.6170 -2.4968 -178.3519 -1.0283 0.0104 0.0125 446 pedestrian_0026
Pedestrian 1.00 1.00 0 0 0 0 0 0 0 0 -1000.00 -1000.00 -1000.00 -1000.00 1.1330 0.4333 0.6304 189.6210 -5.0828 57.1678 2.5061 0.0104 0.0125 447 pedestrian_0009
Pedestrian 1.00 1.00 0 0 0 0 0 0 0 0 -1000.00 -1000.00 -1000.00 -1000.00 1.9158 0.4880 0.5263 274.4703 -5.1371 -50.3687 1.8484 0.0104 0.0125 448 pedestrian_0015
Pedestrian 1.00 1.00 0 0 0 0 0 0 0 0 -1000.00 -1000.00 -1000.00 -1000.00 1.9158 0.4880 0.3938 158.2282 4.5680 60.1302 -2.5593 0.0104 0.0125 449 pedestrian_0017
Pedestrian 0.00 0.97 0 0 0 401 0 0 0 4 1692.71 377.36 1711.96 418.44 1.9158 0.4880 0.6668 34.8351 2.6542 25.3906 -2.7193 0.0104 0.0125 450 pedestrian_0023
Pedestrian 1.00 1.00 2 5 6 112 3 0 0 0 -1000.00 -1000.00 -1000.00 -1000.00 1.9158 0.4880 0.4727 -54.8072 0.8837 -52.7482 0.3042 0.0104 0.0125 451 pedestrian_0001
Pedestrian 1.00 1.00 0 0 0 0 0 0 0 0 -1000.00 -1000.00 -1000.00 -1000.00 1.9158 0.4880 0.7202 -10.9947 -0.9815 -266.7332 2.5708 0.0104 0.0125 452 pedestrian_0017
Pedestrian 1.00 1.00 0 0 0 0 0 0 0 0 -1000.00 -1000.00 -1000.00 -1000.00 1.1330 0.4333 0.6339 -49.8699 -0.7241 -196.7482 -2.1935 0.0104 0.0125 453 pedestrian_0011
Pedestrian 1.00 1.00 0 0 0 0 0 0 0 0 -1000.00 -1000.00 -1000.00 -1000.00 1.9158 0.4880 0.7048 143.8647 0.5577 -308.7525 0.9289 0.0104 0.0125 454 pedestrian_0018
Pedestrian 0.00 1.00 0 0 0 0 0 0 0 0 1550.13 373.14 1557.96 386.21 1.9158 0.4880 0.6981 89.1675 3.8807 82.4575 2.5371 0.0104 0.0125 455 pedestrian_0021
Pedestrian 1.00 1.00 0 0 0 0 0 0 0 0 -1000.00 -1000.00 -1000.00 -1000.00 1.9158 0.4880 0.4903 138.6187 4.4935 65.9295 -2.2004 0.0104 0.0125 456 pedestrian_0007
Pedestrian 1.00 1.00 0 0 0 13 0 0 0 0 -1000.00 -1000.00 -1000.00 -1000.00 1.9158 0.4880 0.3912 67.2045 2.3123 -59.1250 -2.4292 0.0104 0.0125 457 pedestrian_0021
Pedestrian 0.00 1.00 0 0 0 0 0 0 0 0 1191.66 332.22 1194.23 339.53 1.9158 0.4880 0.5374 63.0685 -5.4882 148.1200 -0.2526 0.0104 0.0125 458 pedestrian_0019
Pedestrian 1.00 1.00 0 0 0 0 0 0 0 0 -1000.00 -1000.00 -1000.00 -1000.00 1.1330 0.4333 0.5279 -131.7607 0.4831 42.6395 0.9273 0.0104 0.0125 459 pedestrian_0009
Pedestrian 1.00 1.00 0 0 0 0 0 0 0 0 -1000.00 -1000.00 -1000.00 -1000.00 1.9158 0.4880 0.6294 -133.6342 0.5602 40.5200 0.9357 0.0104 0.0125 460 pedestrian_0004
Pedestrian 1.00 1.00 0 0 1 5 0 0 0 0 -1000.00 -1000.00 -1000.00 -1000.00 1.3390 0.3253 0.2787 -57.9733 0.6752 -53.5290 1.4517 0.0104 0.0125 461 pedestrian_0012
Pedestrian 1.00 1.00 0 0 0 0 0 0 0 0 -1000.00 -1000.00 -1000.00 -1000.00 1.9158 0.4880 0.5851 15.9762 1.1628 -111.1247 -0.6145 0.0104 0.0125 462 pedestrian_0006
Pedestrian 1.00 1.00 1 3 3 73 1 0 0 0 -1000.00 -1000.00 -1000.00 -1000.00 1.1330 0.4333 0.3401 46.5572 1.8677 -59.2387 0.9169 0.0104 0.0125 463 pedestrian_0009
Pedestrian 1.00 1.00 0 0 0 0 0 0 0 0 -1000.00 -1000.00 -1000.00 -1000.00 1.3390 0.3253 0.4963 227.8494 4.2140 -66.3406 2.3033 0.0104 0.0125 464 pedestrian_0014
Pedestrian 1.00 1.00 0 0 0 0 0 0 0 0 -1000.00 -1000.00 -1000.00 -1000.00 1.1330 0.4333 0.3333 133.1307 2.2923 -127.6939 0.4774 0.0104 0.0125 465 pedestrian_0010
Pedestrian 0.00 1.00 0 0 0 0 0 0 0 0 1019.95 366.89 1025.77 379.07 1.9158 0.4880 0.7460 10.7496 3.0091 87.6354 -0.6780 0.0104 0.0125 466 pedestrian_0017
Pedestrian 1.00 1.00 3 4 5 79 0 1 0 0 -1000.00 -1000.00 -1000.00 -1000.00 1.9158 0.4880 0.4813 -65.6900 0.6500 -62.1451 -1.9300 0.0104 0.0125 467 pedestrian_0004
Pedestrian 1.00 1.00 0 0 0 0 0 0 0 0 -1000.00 -1000.00 -1000.00 -1000.00 1.9158 0.4880 0.5764 -23.2190 1.1229 -52.6774 -1.3342 0.0104 0.0125 468 pedestrian_0021
Pedestrian 1.00 1.00 0 0 0 0 0 0 0 0 -1000.00 -1000.00 -1000.00 -1000.00 1.3390 0.3253 0.4523 212.1581 4.6544 -10.3812 -0.5608 0.0104 0.0125 469 pedestrian_0013
Pedestrian 0.00 0.95 0 1 2 53 0 0 0 0 1286.84 370.11 1289.50 378.73 1.9158 0.4880 0.3754 74.0563 4.1757 123.7154 -2.0709 0.0104 0.0125 470 pedestrian_0001
Pedestrian 1.00 1.00 0 0 0 0 0 0 0 0 -1000.00 -1000.00 -1000.00 -1000.00 1.9158 0.4880 0.7507 62.5854 2.7978 5.6062 -2.8454 0.0104 0.0125 471 pedestrian_0015
Pedestrian 1.00 1.00 0 0 0 0 0 0 0 0 -1000.00 -1000.00 -1000.00 -1000.00 1.9158 0.4880 0.7507 -222.3920 -1.8647 -100.8282 -1.7210 0.0104 0.0125 472 pedestrian_0024
Pedestrian 1.00 1.00 0 0 0 0 0 0 0 0 -1000.00 -1000.00 -1000.00 -1000.00 1.3390 0.3253 0.2698 129.8383 2.2006 -133.0216 3.0432 0.0104 0.0125 473 pedestrian_0013
Pedestrian 1.00 1.00 0 0 0 0 0 0 0 0 -1000.00 -1000.00 -1000.00 -1000.00 1.9158 0.4880 0.6213 -1.9921 -1.5985 -340.7050 2.6950 0.0104 0.0125 474 pedestrian_0018
Pedestrian 1.00 1.00 0 0 0 0 0 0 0 0 -1000.00 -1000.00 -1000.00 -1000.00 1.3390 0.3253 0.4891 144.6707 1.3268 -234.9150 2.5644 0.0104 0.0125 475 pedestrian_0012
Pedestrian 1.00 1.00 7 5 11 391 3 0 0 2 -1000.00 -1000.00 -1000.00 -1000.00 1.9158 0.4880 0.6111 44.3832 2.1202 -33.1300 -0.8290 0.0104 0.0125 476 pedestrian_0026
Pedestrian 1.00 1.00 0 0 0 0 0 0 0 0 -1000.00 -1000.00 -1000.00 -1000.00 1.9158 0.4880 0.3940 122.8897 0.0775 -329.7284 -2.3934 0.0104 0.0125 477 pedestrian_0016
Pedestrian 1.00 1.00 5 6 4 149 0 0 0 0 -1000.00 -1000.00 -1000.00 -1000.00 1.9158 0.4880 0.7507 -49.7898 0.8602 -61.0521 2.8708 0.0104 0.0125 478 pedestrian_0006
Pedestrian 1.00 1.00 0 0 0 0 0 0 0 0 -1000.00 -1000.00 -1000.00 -1000.00 1.9158 0.4880 0.5912 23.5456 -1.3875 -351.2036 2.9085 0.0104 0.0125 479 pedestrian_0001
Pedestrian 1.00 1.00 0 0 0 0 0 0 0 0 -1000.00 -1000.00 -1000.00 -1000.00 1.9158 0.4880 0.7507 154.6880 4.2096 35.1645 -0.6498 0.0104 0.0125 480 pedestrian_0021
Car 1.00 1.00 0 0 0 0 0 0 0 0 -1000.00 -1000.00 -1000.00 -1000.00 1.6980 1.9434 4.1871 126.2673 2.7425 -80.5380 -0.6339 0.0104 0.0125 481 citroen_c3
Car 1.00 1.00 0 0 0 0 0 0 0 0 -1000.00 -1000.00 -1000.00 -1000.00 1.9718 2.0005 4.0595 117.8335 2.6769 -73.3714 -0.6339 0.0104 0.0125 482 jeep_wrangler_rubicon
Car 1.00 1.00 0 0 0 0 0 0 0 0 -1000.00 -1000.00 -1000.00 -1000.00 1.9718 2.0005 4.0595 144.2215 3.2317 -55.1055 2.5077 0.0104 0.0125 483 jeep_wrangler_rubicon
Car 1.00 1.00 0 0 0 0 0 0 0 0 -1000.00 -1000.00 -1000.00 -1000.00 1.9718 2.0005 4.0595 116.0919 2.6305 -75.7410 -0.6339 0.0104 0.0125 484 jeep_wrangler_rubicon
Car 1.00 1.00 0 0 0 0 0 0 0 0 -1000.00 -1000.00 -1000.00 -1000.00 1.9718 2.0005 4.0595 59.3643 1.3903 -130.9132 0.9369 0.0104 0.0125 485 nissan_patrol
Car 1.00 1.00 0 0 0 0 0 0 0 0 -1000.00 -1000.00 -1000.00 -1000.00 1.5488 2.0688 3.9961 61.6856 1.4292 -132.6419 -2.2047 0.0104 0.0125 486 nissan_patrol
Car 1.00 1.00 0 0 0 0 0 0 0 0 -1000.00 -1000.00 -1000.00 -1000.00 1.4855 2.1349 -5.6254 49.5476 1.4149 -115.7311 -2.2047 0.0104 0.0125 487 nissan_patrol
Car 1.00 1.00 0 0 0 0 0 0 0 0 -1000.00 -1000.00 -1000.00 -1000.00 1.6244 1.8781 -3.8906 63.1650 1.4674 -125.7394 0.9369 0.0104 0.0125 488 nissan_patrol
Car 1.00 1.00 0 0 0 0 0 0 0 0 -1000.00 -1000.00 -1000.00 -1000.00 1.7506 2.3538 -4.8416 55.3668 1.7353 -98.3298 0.9369 0.0104 0.0125 489 nissan_patrol
Car 1.00 1.00 0 13 28 659 2 0 0 2 -1000.00 -1000.00 -1000.00 -1000.00 1.9718 2.0005 -4.0595 66.8657 1.7343 -106.8281 -2.2047 0.0104 0.0125 490 nissan_patrol
Car 1.00 1.00 0 0 0 0 0 0 0 0 -1000.00 -1000.00 -1000.00 -1000.00 1.9476 2.0282 4.8347 41.2463 1.2876 -117.5421 -2.2047 0.0104 0.0125 491 nissan_patrol
Car 1.00 1.00 0 0 0 0 0 0 0 0 -1000.00 -1000.00 -1000.00 -1000.00 1.9718 2.0005 4.0595 43.5440 1.3131 -119.3027 -2.2047 0.0104 0.0125 492 nissan_patrol
Car 1.00 1.00 0 0 0 0 0 0 0 0 -1000.00 -1000.00 -1000.00 -1000.00 1.6244 1.8781 3.8906 53.8840 1.5643 -105.2356 0.9369 0.0104 0.0125 493 nissan_patrol
Car 1.00 1.00 0 0 0 0 0 0 0 0 -1000.00 -1000.00 -1000.00 -1000.00 1.5488 2.0688 3.9961 56.0783 1.6269 -106.8489 -2.2047 0.0104 0.0125 494 nissan_patrol
Car 1.00 1.00 0 0 0 0 0 0 0 0 -1000.00 -1000.00 -1000.00 -1000.00 2.1397 2.1728 4.7017 63.0899 1.6202 -111.9676 -2.2047 0.0104 0.0125 495 nissan_patrol
Car 1.00 1.00 0 1 1 139 0 0 0 1 -1000.00 -1000.00 -1000.00 -1000.00 1.9476 2.0282 4.8347 69.7382 1.6517 -116.7971 -2.2047 0.0104 0.0125 496 nissan_patrol
Car 1.00 1.00 0 0 0 10 0 0 0 0 -1000.00 -1000.00 -1000.00 -1000.00 1.5100 1.8730 4.1000 72.0294 1.6537 -118.5690 -2.2047 0.0104 0.0125 497 nissan_patrol
Car 1.00 1.00 10 10 13 401 2 0 0 1 -1000.00 -1000.00 -1000.00 -1000.00 1.5488 2.0688 3.9961 69.6783 1.8877 -98.1134 0.9369 0.0104 0.0125 498 nissan_patrol
Car 1.00 1.00 0 0 0 18 0 0 0 0 -1000.00 -1000.00 -1000.00 -1000.00 1.5100 1.8730 4.1000 72.0089 1.8480 -99.8310 0.9369 0.0104 0.0125 499 nissan_patrol
Car 1.00 1.00 0 0 1 25 0 0 0 0 -1000.00 -1000.00 -1000.00 -1000.00 1.9476 2.0282 4.8347 74.2017 1.8676 -101.3799 -2.2047 0.0104 0.0125 500 nissan_patrol
Car 1.00 1.00 17 23 36 935 2 0 0 2 -1000.00 -1000.00 -1000.00 -1000.00 2.1397 2.1728 -4.7017 64.2793 1.9027 -86.2057 -2.2047 0.0104 0.0125 501 nissan_patrol
Car 1.00 1.00 0 9 5 198 3 0 0 2 -1000.00 -1000.00 -1000.00 -1000.00 1.9476 2.0282 -4.8347 66.6504 1.9135 -87.8677 0.9369 0.0104 0.0125 502 nissan_patrol
Car 1.00 1.00 0 10 21 371 0 0 0 1 -1000.00 -1000.00 -1000.00 -1000.00 1.6244 1.8781 -3.8906 80.2886 1.9698 -97.9861 -2.2047 0.0104 0.0125 503 nissan_patrol
Car 1.00 1.00 0 1 2 92 0 0 0 1 -1000.00 -1000.00 -1000.00 -1000.00 1.7506 2.3538 -4.8416 82.4003 2.0606 -99.5689 -2.2047 0.0104 0.0125 504 nissan_patrol
Car 1.00 1.00 0 0 0 0 0 0 0 0 -1000.00 -1000.00 -1000.00 -1000.00 1.9476 2.0282 4.8347 129.4601 2.7722 -77.3244 2.5077 0.0104 0.0125 505 nissan_patrol
Car 1.00 1.00 0 0 0 0 0 0 0 0 -1000.00 -1000.00 -1000.00 -1000.00 1.5475 1.9070 4.4025 142.2385 3.1634 -57.1248 2.5077 0.0104 0.0125 506 seat_leon
Car 1.00 1.00 0 0 0 0 0 0 0 0 -1000.00 -1000.00 -1000.00 -1000.00 2.5908 2.7453 5.4640 134.9744 2.9786 -69.7171 2.5077 0.0104 0.0125 507 carlamotors_carlacola
Car 1.00 1.00 0 0 0 0 0 0 0 0 -1000.00 -1000.00 -1000.00 -1000.00 2.5908 2.7453 5.4640 192.7129 4.3668 -7.6385 -0.6339 0.0104 0.0125 508 carlamotors_carlacola
Car 1.00 1.00 0 0 0 0 0 0 0 0 -1000.00 -1000.00 -1000.00 -1000.00 2.5908 2.7453 5.4640 194.7787 4.4219 -4.8279 -0.6339 0.0104 0.0125 509 carlamotors_carlacola
Car 1.00 1.00 0 0 0 0 0 0 0 0 -1000.00 -1000.00 -1000.00 -1000.00 2.5908 2.7453 5.4640 168.9927 4.1081 7.7696 -2.2047 0.0104 0.0125 510 carlamotors_carlacola
Car 1.00 1.00 0 0 0 0 0 0 0 0 -1000.00 -1000.00 -1000.00 -1000.00 2.5908 2.7453 5.4640 132.4216 2.9106 -73.1903 2.5077 0.0104 0.0125 511 carlamotors_carlacola
Car 1.00 1.00 0 0 0 0 0 0 0 0 -1000.00 -1000.00 -1000.00 -1000.00 2.2031 2.5091 6.5872 60.3074 2.9325 14.7066 1.9841 0.0104 0.0125 512 tesla_cybertruck