Car 0.00 1.00 0 0 0 0 0 0 0 0 1630.13 361.56 1654.53 365.95 1.5542 2.3421 5.1370 -248.7667 2.1343 -206.5909 -1.1991 -0.0010 0.0024 0 lincoln2020_mkz2020
Car 1.00 1.00 6684 237363 379955 0 0 0 0 0 -1000.00 -1000.00 -1000.00 -1000.00 2.1397 2.1728 4.7045 -0.0005 2.0932 -2.2389 1.5708 0.0000 0.0000 1 volkswagen_t2
Motorcycle 0.00 1.00 0 0 0 0 0 0 0 0 1191.71 361.10 1197.21 365.63 1.6960 1.0692 2.4735 -89.2760 2.1237 -215.5449 -1.5827 0.0060 0.0000 2 harley_davidson_low_rider
Motorcycle 0.00 1.00 0 0 0 0 0 0 0 0 1795.25 361.38 1810.94 366.89 1.6960 1.0692 2.4735 -261.3474 2.1235 -176.3013 -1.5340 0.0007 -0.0029 3 harley_davidson_low_rider
Car 1.00 1.00 0 0 0 0 0 0 0 0 -1000.00 -1000.00 -1000.00 -1000.00 1.6320 2.1403 5.2230 141.5374 2.1214 -62.9457 -3.1201 -0.0049 0.0001 4 dodge_charger_police
Car 0.00 1.00 0 0 0 0 0 0 0 0 1139.99 361.23 1152.54 364.53 1.5542 2.3421 5.1370 -88.0894 2.1344 -266.6338 -3.1214 -0.0025 -0.0000 5 lincoln2020_mkz2020
Car 1.00 1.00 0 0 0 0 0 0 0 0 -1000.00 -1000.00 -1000.00 -1000.00 1.4546 2.0938 4.3903 -167.2133 2.1426 120.2736 0.1237 -0.0003 -0.0033 6 audi_tt
Car 0.00 1.00 0 0 0 0 0 0 0 0 1050.05 362.42 1059.08 367.49 1.4477 1.5550 2.3177 -27.1132 2.1415 -163.4268 0.0047 -0.0058 0.0000 7 bmw_isetta
Car 1.00 1.00 0 0 0 0 0 0 0 0 -1000.00 -1000.00 -1000.00 -1000.00 1.7173 2.2591 5.2781 -78.5376 2.1517 121.8490 0.0095 -0.0076 -0.0002 8 mercedes_benz_coupe
Car 1.00 1.00 141 145 237 10331 0 11 17 0 -1000.00 -1000.00 -1000.00 -1000.00 1.4812 2.1349 5.6254 -20.5370 2.1429 16.0696 0.0197 0.0000 -0.0000 9 chevrolet_impala
Car 1.00 1.00 0 0 0 0 0 0 0 0 -1000.00 -1000.00 -1000.00 -1000.00 1.6115 2.2019 5.2564 73.7859 2.1065 76.7957 0.0229 -0.0019 0.0037 10 charger2020_charger2020
Car 0.00 1.00 0 0 0 0 0 0 0 0 408.26 359.56 443.67 368.65 2.2031 2.5091 6.5872 132.4738 2.0955 -142.0799 -1.5550 -0.0000 0.0000 11 tesla_cybertruck
Car 0.00 1.00 0 0 0 0 0 0 0 0 1422.01 363.58 1458.80 373.01 1.5140 2.1024 4.9073 -80.9269 2.1345 -97.9444 1.5237 0.0000 -0.0000 12 mercedesccc_mercedesccc
Car 0.00 1.00 0 0 0 0 0 0 0 0 372.68 361.65 395.64 368.00 1.6980 1.9434 4.1871 155.3516 2.1447 -154.0266 3.1366 -0.0008 0.0000 13 citroen_c3
Car 1.00 1.00 0 0 0 0 0 0 0 0 -1000.00 -1000.00 -1000.00 -1000.00 1.4812 2.1349 5.6254 109.0413 2.1445 -63.5320 -3.1233 -0.0032 -0.0000 14 chevrolet_impala
Car 0.00 1.00 0 0 0 0 0 0 0 0 206.16 362.49 256.01 371.85 1.6320 2.1403 5.2230 131.8626 2.0920 -104.8352 -1.5770 -0.0012 -0.0000 15 dodge_charger_police
Car 0.00 1.00 0 0 2 1 1 0 0 0 1017.99 361.86 1036.56 367.34 1.5863 2.2347 5.1468 -19.6939 2.1365 -166.8854 0.0141 0.0000 -0.0000 16 lincoln_mkz2017
Car 1.00 1.00 0 0 0 0 0 0 0 0 -1000.00 -1000.00 -1000.00 -1000.00 1.7318 2.1344 5.0985 -241.0609 2.1513 58.9195 1.2069 -0.0002 -0.0039 17 audi_etron
Car 0.00 1.00 0 0 0 0 0 0 0 0 1040.36 361.29 1058.24 367.33 1.7506 2.3538 4.8416 -26.1628 2.1318 -166.9800 0.0138 0.0000 -0.0000 18 bmw_grandtourer
Car 1.00 1.00 0 0 0 0 0 0 0 0 -1000.00 -1000.00 -1000.00 -1000.00 1.5765 1.9374 3.8150 52.3845 2.0670 73.5013 -0.0427 -0.0001 -0.0021 19 nissan_micra
Motorcycle 0.00 0.58 0 2 2 11 0 0 0 0 1139.99 363.26 1161.94 376.51 1.6960 1.0692 2.4735 -24.7681 2.1239 -76.3998 0.0175 0.0031 -0.0000 20 harley_davidson_low_rider
Car 0.00 1.00 0 0 0 0 0 0 0 0 1193.47 361.64 1204.26 366.52 1.5765 1.9374 3.8150 -78.5051 2.1222 -186.6837 1.5595 0.0000 -0.0000 21 nissan_micra
Car 1.00 1.00 0 0 0 0 0 0 0 0 -1000.00 -1000.00 -1000.00 -1000.00 1.7203 2.2019 5.4994 125.6141 2.1327 -70.1410 0.0476 -0.0032 0.0009 22 chargercop2020_chargercop2020
Car 0.00 0.25 29 26 43 220 5 0 0 0 1129.91 364.70 1170.96 377.57 1.5475 1.9070 4.4025 -23.4583 2.1355 -72.8533 0.0173 0.0000 -0.0000 23 seat_leon
Car 0.00 1.00 0 0 0 0 0 0 0 0 1232.14 362.62 1247.74 367.50 1.3660 1.9896 4.9534 -80.8642 2.1342 -164.5665 -2.5098 -0.0001 0.0001 24 mustang_mustang
Cyclist 1.00 1.00 0 0 0 0 0 0 0 0 -1000.00 -1000.00 -1000.00 -1000.00 1.9709 0.6705 1.7250 -86.8132 2.1228 63.0471 -1.5554 0.0047 0.0000 25 diamondback_century
Cyclist 1.00 1.00 6 7 9 51 0 2 0 0 -1000.00 -1000.00 -1000.00 -1000.00 1.7065 0.8593 1.4873 -68.0673 2.0923 22.4121 -3.1400 -0.0000 0.0000 26 bh_crossbike
Car 0.00 1.00 0 0 0 0 0 0 0 0 1501.55 360.08 1563.09 379.53 2.1397 2.1728 4.7045 -64.0844 2.1485 -66.5987 -3.1230 0.0000 0.0000 27 volkswagen_t2
Car 1.00 1.00 0 0 0 0 0 0 0 0 -1000.00 -1000.00 -1000.00 -1000.00 1.9718 2.0005 4.0595 -165.7425 2.1402 113.4484 0.1201 -0.0009 -0.0046 28 jeep_wrangler_rubicon
Car 1.00 1.00 28 34 54 289 0 0 0 4 -1000.00 -1000.00 -1000.00 -1000.00 1.5627 2.2716 5.0314 49.0937 2.1404 13.5490 0.0150 0.0000 -0.0000 29 tesla_model3
Car 0.00 1.00 0 0 0 0 0 0 0 0 715.66 362.12 727.97 366.76 1.4546 2.0938 4.3903 76.4101 2.1418 -182.3440 1.5792 0.0000 -0.0000 30 audi_tt
Car 0.00 1.00 0 0 0 0 0 0 0 0 57.99 363.27 110.79 373.43 1.5488 2.0688 3.9961 138.7057 2.0795 -92.3412 1.5869 0.0000 -0.0000 31 mini_cooperst
Car 1.00 1.00 0 0 0 0 0 0 0 0 -1000.00 -1000.00 -1000.00 -1000.00 1.6011 2.1072 4.7392 73.3979 2.1364 -3.6643 1.5950 -0.0000 -0.0000 32 toyota_prius
Car 1.00 1.00 0 0 0 0 0 0 0 0 -1000.00 -1000.00 -1000.00 -1000.00 2.1397 2.1728 4.7045 -157.0962 2.1420 -43.7142 -1.5735 0.0152 0.0036 33 volkswagen_t2
Car 1.00 1.00 0 0 1 0 0 0 0 0 -1000.00 -1000.00 -1000.00 -1000.00 1.6011 2.1072 4.7392 -83.7461 2.1368 91.7204 1.5857 -0.0000 -0.0000 34 toyota_prius
Car 1.00 1.00 0 0 0 0 0 0 0 0 -1000.00 -1000.00 -1000.00 -1000.00 1.3660 1.9896 4.9534 77.2355 2.1341 -17.6236 1.5744 0.0004 -0.0000 35 mustang_mustang
Car 1.00 1.00 0 0 0 0 0 0 0 0 -1000.00 -1000.00 -1000.00 -1000.00 1.6011 2.1072 4.7392 219.1940 2.1361 -39.4748 1.5965 -0.0001 0.0003 36 toyota_prius
Car 0.00 0.74 2 4 10 31 6 0 0 0 963.63 362.01 979.88 373.57 1.7506 2.3538 4.8416 -1.8145 2.0765 -91.7182 1.5920 0.0000 -0.0000 37 bmw_grandtourer
Car 0.00 1.00 0 0 0 0 0 0 0 0 441.59 359.69 473.18 367.77 2.2031 2.5091 6.5872 139.1988 2.1265 -158.0213 3.1091 0.0002 0.0030 38 tesla_cybertruck
Motorcycle 1.00 1.00 0 0 0 0 0 0 0 0 -1000.00 -1000.00 -1000.00 -1000.00 1.6387 1.2138 2.3199 137.3055 2.0900 -2.0014 1.5856 -0.0000 0.0000 39 yamaha_yzf
Car 0.00 1.00 0 0 0 0 0 0 0 0 1429.71 361.09 1469.31 373.80 1.9476 2.0282 4.8347 -77.3439 2.1238 -92.1524 1.5597 -0.0004 0.0000 40 nissan_patrol
Car 0.00 0.88 0 0 0 8 0 0 0 0 961.51 362.71 977.13 372.67 1.6115 2.2019 5.2564 -1.5392 2.0807 -98.1079 1.6386 -0.0001 0.0006 41 charger2020_charger2020
Car 0.00 1.00 0 0 0 0 0 0 0 0 673.77 361.96 689.92 368.33 1.6115 2.2019 5.2564 72.7374 2.1360 -149.4997 -1.4336 -0.0001 0.0006 42 charger2020_charger2020
Motorcycle 1.00 1.00 0 0 0 0 0 0 0 0 -1000.00 -1000.00 -1000.00 -1000.00 1.6649 1.0692 2.4735 137.2389 2.0680 2.4389 1.5863 0.0030 0.0000 43 harley_davidson_low_rider
Car 0.00 1.00 0 0 0 0 0 0 0 0 1367.52 361.15 1382.21 364.64 1.5542 2.3421 5.1370 -195.2421 2.1343 -265.3775 -0.4307 -0.0014 0.0138 44 lincoln2020_mkz2020
Motorcycle 1.00 1.00 0 0 0 0 0 0 0 0 -1000.00 -1000.00 -1000.00 -1000.00 1.6960 1.0692 2.4735 77.0889 2.1239 -12.3091 1.5878 0.0028 0.0000 45 harley_davidson_low_rider
Cyclist 0.00 1.00 0 0 0 0 0 0 0 0 771.72 360.64 779.18 367.43 1.9310 0.5921 1.9272 52.5835 2.1136 -162.4063 0.0139 -0.0041 -0.0000 46 gazelle_omafiets
Car 1.00 1.00 2890 3158 5068 208364 0 0 1709 0 -1000.00 -1000.00 -1000.00 -1000.00 1.7318 2.1344 5.0985 0.0226 2.0957 4.2206 1.5672 -0.0000 -0.0000 47 audi_etron
Car 1.00 1.00 0 0 0 0 0 0 0 0 -1000.00 -1000.00 -1000.00 -1000.00 1.9476 2.0282 4.8347 116.0887 2.1238 14.5324 0.0144 -0.0004 -0.0000 48 nissan_patrol
Car 1.00 1.00 146 157 253 3521 0 16 1 0 -1000.00 -1000.00 -1000.00 -1000.00 1.7203 2.2019 5.4994 -27.1106 2.1390 15.8702 0.0608 -0.0001 0.0007 49 chargercop2020_chargercop2020
Car 0.56 1.00 0 0 0 0 0 0 0 0 1896.26 363.13 1920.00 373.74 1.6244 1.8781 3.8906 -152.9882 2.1334 -92.5508 1.5519 -0.0005 -0.0011 50 audi_a2
Car 0.00 1.00 0 0 0 0 0 0 0 0 1244.11 361.94 1266.74 367.83 1.5863 2.2347 5.1468 -82.1589 2.1365 -158.6860 -1.0380 0.0000 0.0006 51 lincoln_mkz2017
Cyclist 1.00 1.00 1 1 1 0 0 0 0 0 -1000.00 -1000.00 -1000.00 -1000.00 1.9709 0.6705 1.7250 -89.9176 2.1229 35.2929 -1.5562 0.0070 -0.0000 52 diamondback_century
Cyclist 0.00 0.43 5 6 11 47 0 0 0 0 1182.71 361.48 1200.30 377.18 1.9311 0.5921 1.9272 -28.6040 2.1139 -72.9691 0.0173 -0.0040 0.0000 53 gazelle_omafiets
Car 0.80 1.00 0 0 0 0 0 0 0 0 0.00 362.58 15.93 374.86 1.7173 2.2591 5.2781 142.0839 2.0956 -84.5900 1.5864 -0.0071 -0.0002 54 mercedes_benz_coupe
Car 0.00 1.00 0 0 0 0 0 0 0 0 790.47 361.38 805.63 365.58 1.5542 2.3421 5.1370 60.8342 2.0788 -212.7511 0.1076 0.0003 -0.0005 55 lincoln2020_mkz2020
Car 0.00 1.00 0 0 0 0 0 0 0 0 877.68 361.35 896.19 367.69 1.7506 2.3538 4.8416 20.3895 2.1318 -159.2990 3.1295 -0.0000 -0.0000 56 bmw_grandtourer
Car 0.00 1.00 0 0 0 0 0 0 0 0 469.72 364.18 505.96 373.69 1.4546 2.0938 4.3903 75.6671 2.1420 -93.3887 1.5790 0.0000 -0.0000 57 audi_tt
Car 0.00 1.00 0 0 0 0 0 0 0 0 1452.39 362.73 1497.84 374.00 1.7173 2.2591 5.2781 -80.8491 2.1513 -91.5836 1.5609 -0.0071 -0.0002 58 mercedes_benz_coupe
Car 0.00 1.00 0 0 0 0 0 0 0 0 552.84 364.47 605.92 377.04 1.5542 2.3421 5.1370 48.4509 2.1342 -75.1195 0.0178 0.0000 -0.0000 59 lincoln2020_mkz2020
Car 1.00 1.00 0 0 0 0 0 0 0 0 -1000.00 -1000.00 -1000.00 -1000.00 2.1397 2.1728 4.7045 75.3482 2.1486 60.6832 1.5952 0.0000 -0.0000 60 volkswagen_t2
Car 1.00 1.00 0 3 6 31 0 0 0 1 -1000.00 -1000.00 -1000.00 -1000.00 1.7506 2.3538 4.8416 134.5554 2.0767 30.7020 -1.4850 0.0000 0.0001 61 bmw_grandtourer
Car 0.00 1.00 0 0 0 0 0 0 0 0 515.16 361.75 538.53 367.49 1.6320 2.1403 5.2230 125.5008 2.1490 -165.0842 -0.0626 -0.0046 0.0036 62 dodge_charger_police
Car 0.00 1.00 3 2 2 2 4 0 0 0 943.83 362.06 954.50 371.47 1.6980 1.9434 4.1871 2.0172 2.0891 -107.5599 1.5916 -0.0000 0.0000 63 citroen_c3
Car 0.00 1.00 0 0 0 0 0 0 0 0 781.60 362.30 803.58 367.57 1.4812 2.1349 5.6254 47.6978 2.1425 -162.4690 0.0137 0.0000 -0.0000 64 chevrolet_impala
Car 1.00 1.00 412 475 771 35934 0 44 83 0 -1000.00 -1000.00 -1000.00 -1000.00 1.6115 2.2019 5.2564 -18.3018 2.1342 12.4377 0.0022 -0.0008 0.0031 65 charger2020_charger2020
Car 1.00 1.00 3 0 1 57 0 0 0 1 -1000.00 -1000.00 -1000.00 -1000.00 1.3660 1.9896 4.9534 68.9792 2.1344 34.1447 -1.5479 -0.0001 0.0000 66 mustang_mustang
Motorcycle 1.00 1.00 0 0 0 0 0 0 0 0 -1000.00 -1000.00 -1000.00 -1000.00 1.5852 1.1236 2.1350 77.0046 2.0998 -8.0056 1.5944 -0.0000 -0.0000 67 kawasaki_ninja
Car 1.00 1.00 0 0 0 0 0 0 0 0 -1000.00 -1000.00 -1000.00 -1000.00 1.5488 2.0688 3.9961 -176.4671 2.0967 61.1252 -2.7429 0.0004 0.0001 68 mini_cooperst
Car 1.00 1.00 0 0 0 0 0 0 0 0 -1000.00 -1000.00 -1000.00 -1000.00 1.5542 2.3421 5.1370 -156.8785 2.1309 -71.3526 -1.5192 0.0124 -0.0005 69 lincoln2020_mkz2020
Car 0.00 0.21 36 43 69 321 89 0 0 0 950.02 361.18 987.54 379.51 1.9718 2.0005 4.0595 -0.9347 2.1077 -65.4532 -3.1259 0.0032 -0.0007 70 jeep_wrangler_rubicon
Car 0.00 1.00 0 0 0 0 0 0 0 0 1199.44 361.18 1213.47 366.80 1.7506 2.3538 4.8416 -78.3713 2.1318 -180.8005 1.5593 0.0000 -0.0000 71 bmw_grandtourer
Car 0.00 1.00 0 0 0 0 0 0 0 0 390.50 359.55 426.95 368.70 2.2031 2.5091 6.5872 135.9614 2.0955 -141.2871 -1.5552 0.0000 -0.0000 72 tesla_cybertruck
Car 1.00 1.00 0 0 0 0 0 0 0 0 -1000.00 -1000.00 -1000.00 -1000.00 1.6244 1.8781 3.8906 -78.8546 2.1335 -1.3241 1.5864 -0.0005 -0.0011 73 audi_a2
Car 0.00 1.00 0 0 0 0 0 0 0 0 278.30 363.39 353.36 378.50 1.7203 2.2019 5.4994 77.0822 2.1387 -70.9475 -2.5269 -0.0028 0.0014 74 chargercop2020_chargercop2020
Car 1.00 1.00 0 0 0 0 0 0 0 0 -1000.00 -1000.00 -1000.00 -1000.00 1.6320 2.1403 5.2230 -82.2942 2.1492 -4.8547 1.5861 -0.0043 0.0000 75 dodge_charger_police
Car 1.00 1.00 13 20 29 145 0 2 0 0 -1000.00 -1000.00 -1000.00 -1000.00 1.5140 2.1024 4.9073 -78.7956 2.1346 17.8181 -0.5006 -0.0008 0.0077 76 mercedesccc_mercedesccc
Car 0.00 0.83 0 1 3 4 1 0 0 0 970.57 361.83 978.07 367.96 1.6244 1.8781 3.8906 -3.8397 2.1180 -153.6083 -1.5602 0.0007 -0.0028 77 audi_a2
Car 0.00 0.32 24 34 50 226 17 0 0 0 1067.29 364.31 1101.84 380.47 1.6244 1.8781 3.8906 -13.4207 2.1148 -64.0961 -2.3372 0.0056 0.0000 78 audi_a2
Car 0.00 1.00 0 0 0 0 0 0 0 0 903.33 361.48 923.31 367.72 1.7203 2.2019 5.4994 13.0206 2.1386 -159.3594 -3.0870 -0.0001 0.0007 79 chargercop2020_chargercop2020
Car 1.00 1.00 17 19 33 115 0 2 0 0 -1000.00 -1000.00 -1000.00 -1000.00 2.1397 2.1728 4.7045 -106.9956 2.1494 21.8498 -3.0755 -0.0018 -0.0025 80 volkswagen_t2
Car 0.00 1.00 0 0 0 0 0 0 0 0 766.47 362.62 785.72 367.37 1.3660 1.9896 4.9534 53.5377 2.1340 -165.8875 0.0137 0.0000 -0.0000 81 mustang_mustang
Car 0.00 0.40 0 0 2 24 4 0 0 0 941.15 362.17 955.76 373.15 1.7203 2.2019 5.4994 1.9210 2.0833 -95.0061 1.6250 -0.0001 0.0007 82 chargercop2020_chargercop2020
Car 1.00 1.00 0 0 0 4 0 0 0 0 -1000.00 -1000.00 -1000.00 -1000.00 1.6244 1.8781 3.8906 -80.2292 2.1336 89.8615 1.5860 -0.0005 -0.0011 83 audi_a2
Car 0.00 1.00 0 0 0 0 0 0 0 0 406.52 363.35 444.40 374.76 1.6244 1.8781 3.8906 79.1068 2.1332 -86.5748 1.5799 -0.0005 -0.0011 84 audi_a2
Car 0.00 1.00 0 0 0 0 0 0 0 0 193.33 362.90 227.47 368.23 1.3660 1.9896 4.9534 196.6863 2.1337 -149.9559 -2.6582 -0.0001 -0.0013 85 mustang_mustang
Car 0.00 1.00 0 0 0 0 0 0 0 0 1188.31 361.36 1197.78 365.82 1.6244 1.8781 3.8906 -85.6825 2.1346 -208.2944 -1.5824 -0.0058 -0.0011 86 audi_a2
Car 0.00 1.00 0 0 0 0 0 0 0 0 1609.69 360.42 1632.63 366.93 1.9718 2.0005 4.0595 -202.7099 2.1014 -174.4456 1.7528 -0.0024 -0.0013 87 jeep_wrangler_rubicon
Car 0.00 1.00 0 0 0 0 0 0 0 0 1177.63 360.42 1186.96 365.58 1.9718 2.0005 4.0595 -85.7835 2.1398 -218.4046 -1.5801 -0.0027 -0.0001 88 jeep_wrangler_rubicon
Car 0.00 1.00 0 0 0 0 0 0 0 0 1153.46 361.66 1165.78 364.65 1.3660 1.9896 4.9534 -91.9179 2.1339 -259.7191 -3.1212 -0.0002 -0.0000 89 mustang_mustang
Motorcycle 1.00 1.00 0 0 0 0 0 0 0 0 -1000.00 -1000.00 -1000.00 -1000.00 1.6649 1.0692 2.4735 140.6112 2.0993 11.0047 1.5859 0.0100 0.0021 90 harley_davidson_low_rider
Car 1.00 1.00 0 0 0 0 0 0 0 0 -1000.00 -1000.00 -1000.00 -1000.00 1.5475 1.9070 4.4025 -83.8369 2.1358 97.8141 1.5857 0.0000 -0.0000 91 seat_leon
Motorcycle 1.00 1.00 0 0 0 0 0 0 0 0 -1000.00 -1000.00 -1000.00 -1000.00 1.6387 1.2138 2.3199 134.7846 2.1204 -65.0874 0.8763 0.0033 -0.0249 92 yamaha_yzf
Cyclist 1.00 1.00 0 0 0 0 0 0 0 0 -1000.00 -1000.00 -1000.00 -1000.00 1.9311 0.5921 1.9272 -91.1513 2.1134 76.8815 -1.7342 -0.0028 0.0000 93 gazelle_omafiets
Car 1.00 1.00 0 0 0 0 0 0 0 0 -1000.00 -1000.00 -1000.00 -1000.00 1.5140 2.1024 4.9073 -151.9774 2.1342 -72.0431 -3.1054 0.0002 -0.0000 94 mercedesccc_mercedesccc
Car 0.00 1.00 0 0 0 0 0 0 0 0 749.67 362.00 760.55 366.39 1.4546 2.0938 4.3903 69.4947 2.1418 -192.5357 -1.5640 0.0000 -0.0000 95 audi_tt
Car 0.00 1.00 0 0 0 0 0 0 0 0 1341.06 360.01 1368.77 371.16 2.1397 2.1728 4.7045 -77.4324 2.1491 -113.2356 1.5422 -0.0018 0.0010 96 volkswagen_t2
Car 1.00 1.00 0 0 0 0 0 0 0 0 -1000.00 -1000.00 -1000.00 -1000.00 1.5140 2.1024 4.9073 -86.9416 2.1348 70.2522 -1.5565 0.0000 -0.0000 97 mercedesccc_mercedesccc
Car 1.00 1.00 0 0 0 0 0 0 0 0 -1000.00 -1000.00 -1000.00 -1000.00 1.4812 2.1349 5.6254 140.7697 2.0873 0.8577 1.5864 0.0000 -0.0000 98 chevrolet_impala
Car 1.00 1.00 0 0 0 0 0 0 0 0 -1000.00 -1000.00 -1000.00 -1000.00 1.5765 1.9374 3.8150 75.4138 2.1225 55.0040 1.5949 0.0000 -0.0000 99 nissan_micra
Motorcycle 0.00 1.00 0 0 0 0 0 0 0 0 451.31 363.35 471.32 374.02 1.5853 1.1236 2.1350 75.6266 2.0997 -88.5565 1.5793 -0.0000 -0.0000 100 kawasaki_ninja
Car 1.00 1.00 0 0 0 0 0 0 0 0 -1000.00 -1000.00 -1000.00 -1000.00 1.9476 2.0282 4.8347 -250.3540 2.1248 64.0852 -1.9551 -0.0022 0.0163 101 nissan_patrol
Car 1.00 1.00 0 0 0 0 0 0 0 0 -1000.00 -1000.00 -1000.00 -1000.00 2.1397 2.1728 4.7045 -78.7875 2.1487 -7.1448 1.5841 0.0000 -0.0000 102 volkswagen_t2
Car 1.00 1.00 0 0 0 0 0 0 0 0 -1000.00 -1000.00 -1000.00 -1000.00 1.3660 1.9896 4.9534 -150.8890 2.0959 65.9427 0.2119 -0.0001 -0.0009 103 mustang_mustang
Car 1.00 1.00 4 6 9 45 0 0 0 0 -1000.00 -1000.00 -1000.00 -1000.00 1.5627 2.2716 5.0314 49.6395 2.1404 17.0747 0.0141 0.0000 -0.0000 104 tesla_model3
Car 1.00 1.00 0 0 0 0 0 0 0 0 -1000.00 -1000.00 -1000.00 -1000.00 1.5542 2.3421 5.1370 141.1697 2.1043 -66.4758 -3.1194 0.0012 0.0007 105 lincoln2020_mkz2020
Car 0.00 1.00 0 0 0 0 0 0 0 0 183.58 364.95 258.06 379.18 1.5627 2.2716 5.0314 84.2403 2.1402 -67.7170 -3.0322 0.0000 -0.0000 106 tesla_model3
Car 1.00 1.00 0 0 0 0 0 0 0 0 -1000.00 -1000.00 -1000.00 -1000.00 1.5765 1.9374 3.8150 -88.6492 2.1197 -49.9124 -1.5405 0.0071 -0.0000 107 nissan_micra
Cyclist 0.00 1.00 0 0 0 0 0 0 0 0 1482.62 361.54 1503.59 377.94 1.9311 0.5921 1.9272 -63.0829 2.1139 -70.0678 -3.1240 -0.0040 -0.0000 108 gazelle_omafiets
Cyclist 0.00 1.00 0 0 0 0 0 0 0 0 1026.89 357.27 1031.08 361.39 1.9311 0.5921 1.9272 -33.9023 0.6311 -276.7529 0.1767 -0.1133 -0.0017 109 gazelle_omafiets
Car 1.00 1.00 401 460 745 7456 0 0 156 0 -1000.00 -1000.00 -1000.00 -1000.00 1.4546 2.0938 4.3903 3.9259 2.1070 19.0686 -2.9859 -0.0098 0.0014 110 audi_tt
Car 0.00 1.00 0 0 0 0 0 0 0 0 1427.23 361.47 1483.12 378.26 1.9476 2.0282 4.8347 -58.4819 2.1238 -69.9946 -3.1240 -0.0004 0.0000 111 nissan_patrol
Car 0.00 1.00 0 0 0 0 0 0 0 0 963.09 363.44 975.98 371.86 1.4546 2.0938 4.3903 -1.6907 2.0866 -104.2218 1.6056 0.0000 0.0000 112 audi_tt
Car 0.00 1.00 0 0 0 0 0 0 0 0 879.28 360.83 893.54 365.52 1.7506 2.3538 4.8416 27.9948 2.0761 -215.3625 -0.2594 -0.0001 0.0027 113 bmw_grandtourer
Car 0.00 0.34 25 32 52 188 8 0 0 0 1093.33 361.28 1128.98 376.75 1.9718 2.0005 4.0595 -19.5590 2.1397 -76.3115 0.0180 -0.0004 -0.0001 114 jeep_wrangler_rubicon
Motorcycle 0.00 1.00 0 0 0 0 0 0 0 0 18.45 362.97 52.31 374.13 1.6387 1.2138 2.3199 138.6305 2.0899 -87.6029 1.5864 -0.0000 0.0000 115 yamaha_yzf
Car 0.00 0.35 9 12 18 79 8 0 0 0 980.72 361.84 995.23 371.11 1.7203 2.2019 5.4994 -5.3502 2.0831 -111.1852 -1.5115 -0.0007 0.0007 116 chargercop2020_chargercop2020
Car 1.00 1.00 0 0 0 0 0 0 0 0 -1000.00 -1000.00 -1000.00 -1000.00 1.6980 1.9434 4.1871 131.0582 2.0891 -50.4272 -1.5553 0.0000 -0.0000 117 citroen_c3
Car 1.00 1.00 0 0 0 0 0 0 0 0 -1000.00 -1000.00 -1000.00 -1000.00 1.5542 2.3421 5.1370 89.6023 -6.4703 120.7316 -0.0340 -0.0136 -0.0053 118 lincoln2020_mkz2020
Car 1.00 1.00 22 27 38 1432 0 0 0 0 -1000.00 -1000.00 -1000.00 -1000.00 2.5908 2.7453 5.4640 65.4522 2.1537 35.4241 -1.5472 0.0074 0.0000 119 carlamotors_carlacola
Car 0.00 1.00 0 0 0 0 0 0 0 0 502.42 363.13 531.50 372.68 1.5765 1.9374 3.8150 75.6399 2.1222 -99.1715 1.5789 0.0000 -0.0000 120 nissan_micra
Car 1.00 1.00 0 0 0 0 0 0 0 0 -1000.00 -1000.00 -1000.00 -1000.00 1.4477 1.5550 2.3177 95.2518 -6.5341 116.9671 -0.0901 -0.0231 -0.0037 121 bmw_isetta
Car 1.00 1.00 0 0 0 0 0 0 0 0 -1000.00 -1000.00 -1000.00 -1000.00 1.7173 2.2591 5.2781 163.4461 2.1511 -63.7090 2.9073 -0.0071 -0.0003 122 mercedes_benz_coupe
Car 1.00 1.00 44 45 80 2952 0 4 1 0 -1000.00 -1000.00 -1000.00 -1000.00 1.7173 2.2591 5.2781 -36.5608 2.1513 22.8383 -3.1324 -0.0072 -0.0002 123 mercedes_benz_coupe
Car 0.00 1.00 0 0 0 0 0 0 0 0 439.00 362.00 456.66 367.98 1.5765 1.9374 3.8150 137.0713 2.1133 -152.8492 -1.3000 -0.0029 -0.0008 124 nissan_micra
Car 1.00 1.00 43 62 90 424 0 0 0 10 -1000.00 -1000.00 -1000.00 -1000.00 1.6115 2.2019 5.2564 43.2574 2.1363 16.8619 0.0600 -0.0001 0.0006 125 charger2020_charger2020
Car 1.00 1.00 28 25 37 1141 0 0 0 3 -1000.00 -1000.00 -1000.00 -1000.00 1.9476 2.0282 4.8347 68.9062 2.1254 42.5089 -1.5590 -0.0055 -0.0001 126 nissan_patrol
Car 0.00 1.00 0 0 0 0 0 0 0 0 1160.76 361.41 1169.62 364.94 1.5140 2.1024 4.9073 -89.6256 2.1342 -246.6299 -1.5818 0.0000 -0.0000 127 mercedesccc_mercedesccc
Car 0.00 1.00 0 0 0 0 0 0 0 0 1276.44 361.62 1296.79 368.34 1.7173 2.2591 5.2781 -85.0331 2.1512 -148.8565 -1.5896 -0.0072 -0.0002 128 mercedes_benz_coupe
Car 0.00 0.42 28 40 56 224 20 0 0 0 1007.53 365.65 1036.01 381.60 1.4812 2.1349 5.6254 -6.3083 2.1068 -61.7256 -1.5373 0.0040 0.0006 129 chevrolet_impala
Car 0.00 1.00 0 0 0 0 0 0 0 0 1369.01 360.00 1382.81 364.72 2.1397 2.1728 4.7045 -191.2988 2.1483 -259.4481 2.7263 -0.0003 -0.0027 130 volkswagen_t2
Car 0.00 1.00 0 0 0 0 0 0 0 0 512.50 363.93 554.60 377.01 1.6244 1.8781 3.8906 54.2206 2.1332 -74.9999 0.0181 -0.0005 -0.0011 131 audi_a2
Car 1.00 1.00 70 73 112 502 0 7 0 0 -1000.00 -1000.00 -1000.00 -1000.00 1.9476 2.0282 4.8347 -52.8979 2.1242 19.4242 -3.0365 -0.0017 -0.0057 132 nissan_patrol
Car 0.00 1.00 0 0 0 0 0 0 0 0 1207.08 361.41 1254.11 377.43 1.9476 2.0282 4.8347 -33.4354 2.1238 -73.0487 0.0185 -0.0003 0.0000 133 nissan_patrol
Car 0.00 1.00 0 0 0 0 0 0 0 0 868.93 339.67 879.59 343.99 1.9476 2.0282 4.8347 41.3250 -7.7831 -271.6469 0.0136 -0.0330 0.0000 134 nissan_patrol
Car 1.00 0.00 7984 21786 34889 254544 0 2342 0 0 1895.00 706.00 1918.00 719.00 1.7506 2.3538 4.8416 -3.4684 2.0767 -3.9271 1.5734 0.0000 -0.0000 135 bmw_grandtourer
Car 0.00 1.00 0 0 0 0 0 0 0 0 893.74 360.64 912.13 367.83 1.9476 2.0282 4.8347 15.5696 2.1236 -155.8713 -3.1280 -0.0003 -0.0000 136 nissan_patrol
Car 0.00 1.00 0 0 0 0 0 0 0 0 502.58 363.38 562.36 377.93 1.7203 2.2019 5.4994 51.7868 2.1387 -71.6991 0.0260 -0.0001 0.0007 137 chargercop2020_chargercop2020
Car 0.00 0.71 12 21 29 266 3 0 0 0 782.28 356.19 835.74 379.08 2.5908 2.7453 5.4640 17.4106 2.1595 -68.6434 -3.1239 0.0000 -0.0000 138 carlamotors_carlacola
Car 1.00 1.00 0 0 0 0 0 0 0 0 -1000.00 -1000.00 -1000.00 -1000.00 1.5863 2.2347 5.1468 116.5288 2.1367 18.0220 0.0141 0.0000 -0.0000 139 lincoln_mkz2017
Car 1.00 1.00 0 0 0 0 0 0 0 0 -1000.00 -1000.00 -1000.00 -1000.00 1.9718 2.0005 4.0595 198.5584 2.1395 -68.9606 0.0203 -0.0004 -0.0001 140 jeep_wrangler_rubicon
Car 0.00 1.00 0 0 0 0 0 0 0 0 738.38 361.56 749.97 366.40 1.6011 2.1072 4.7392 72.9907 2.1361 -191.9899 -1.5626 -0.0000 -0.0000 141 toyota_prius
Car 1.00 1.00 0 0 0 0 0 0 0 0 -1000.00 -1000.00 -1000.00 -1000.00 1.7318 2.1344 5.0985 134.4608 2.0954 -44.3584 -1.5554 -0.0000 -0.0000 142 audi_etron
Car 0.48 1.00 0 0 0 0 0 0 0 0 1839.25 359.37 1920.00 385.78 2.2031 2.5091 6.5872 -85.0975 2.1514 -54.0264 -1.5552 -0.0003 0.0000 143 tesla_cybertruck
Car 0.00 1.00 0 0 0 0 0 0 0 0 662.30 362.10 677.92 368.62 1.5765 1.9374 3.8150 72.6527 2.1201 -143.4433 -1.5634 0.0054 -0.0000 144 nissan_micra
Car 0.00 1.00 0 0 0 1 0 0 0 0 943.12 363.52 955.31 372.15 1.4546 2.0938 4.3903 1.8963 2.0866 -101.8727 1.5909 0.0000 -0.0000 145 audi_tt
Car 0.00 1.00 0 0 0 0 0 0 0 0 1683.06 362.19 1717.75 367.67 1.4812 2.1349 5.6254 -206.8533 2.1040 -159.3928 -1.5537 -0.0001 -0.0000 146 chevrolet_impala
Car 1.00 1.00 0 0 1 42 0 0 0 0 -1000.00 -1000.00 -1000.00 -1000.00 2.2031 2.5091 6.5872 -80.3162 2.1516 96.4989 1.5856 -0.0000 -0.0000 147 tesla_cybertruck
Car 0.00 1.00 0 0 0 0 0 0 0 0 1451.33 361.48 1504.03 379.45 1.9718 2.0005 4.0595 -57.8696 2.1397 -66.4875 -3.1240 -0.0004 -0.0001 148 jeep_wrangler_rubicon
Car 0.00 1.00 0 0 0 0 0 0 0 0 1701.47 366.53 1781.03 379.61 1.3660 1.9896 4.9534 -88.3632 2.1344 -67.2941 -1.5491 -0.0002 0.0000 149 mustang_mustang
Car 0.00 1.00 0 0 0 0 0 0 0 0 640.10 363.38 661.40 369.77 1.3660 1.9896 4.9534 68.9124 2.1341 -128.0745 -1.5702 -0.0000 0.0000 150 mustang_mustang
Car 1.00 1.00 0 0 0 0 0 0 0 0 -1000.00 -1000.00 -1000.00 -1000.00 2.5908 2.7453 5.4640 -82.2796 2.1597 -11.3793 1.5503 0.0000 -0.0000 151 carlamotors_carlacola
Car 1.00 1.00 0 0 0 0 0 0 0 0 -1000.00 -1000.00 -1000.00 -1000.00 1.5863 2.2347 5.1468 128.9287 2.0807 50.4346 -1.3767 0.0009 -0.0031 152 lincoln_mkz2017
Car 0.00 1.00 0 0 0 0 0 0 0 0 1585.41 360.96 1606.14 365.57 1.7506 2.3538 4.8416 -246.8800 2.1319 -219.7347 -1.1160 -0.0001 0.0016 153 bmw_grandtourer
Cyclist 0.00 1.00 0 0 0 0 0 0 0 0 701.84 360.47 706.51 366.84 1.9709 0.6705 1.7250 79.8701 2.1222 -177.5345 1.5790 0.0049 0.0000 154 diamondback_century
Cyclist 1.00 1.00 0 0 0 0 0 0 0 0 -1000.00 -1000.00 -1000.00 -1000.00 1.9311 0.5921 1.9272 -170.2420 2.0972 -76.3192 0.0110 -0.0041 -0.0000 155 gazelle_omafiets
Motorcycle 0.00 1.00 0 0 0 0 0 0 0 0 529.05 361.50 540.74 367.53 1.6960 1.0692 2.4735 120.4014 2.1236 -161.4710 0.0143 0.0030 -0.0000 156 harley_davidson_low_rider
Car 1.00 1.00 0 0 0 0 0 0 0 0 -1000.00 -1000.00 -1000.00 -1000.00 2.1397 2.1728 4.7045 -83.6724 2.1488 85.4042 1.5870 0.0000 -0.0000 157 volkswagen_t2
Car 0.00 1.00 0 0 0 0 0 0 0 0 1147.94 361.25 1158.07 364.59 1.5488 2.0688 3.9961 -90.0670 2.1347 -263.1499 -3.1223 -0.0002 -0.0000 158 mini_cooperst
Cyclist 0.00 1.00 0 0 0 0 0 0 0 0 809.12 360.64 816.44 367.42 1.9311 0.5921 1.9272 41.9870 2.1136 -162.5556 -0.0051 -0.0048 0.0000 159 gazelle_omafiets
Car 0.00 0.37 54 50 84 324 17 0 0 0 1049.10 366.07 1084.65 383.54 1.4812 2.1349 5.6254 -9.9478 2.0865 -56.5358 -1.5479 0.0013 0.0001 160 chevrolet_impala
Car 0.00 1.00 0 0 0 0 0 0 0 0 808.29 340.23 820.40 343.97 1.7173 2.2591 5.2781 71.0635 -7.8717 -274.9389 -0.0579 -0.0059 -0.0017 161 mercedes_benz_coupe
Car 0.00 1.00 0 0 0 0 0 0 0 0 1676.85 360.81 1711.41 370.67 1.9718 2.0005 4.0595 -149.9075 2.1398 -117.7084 1.4110 -0.0006 -0.0001 162 jeep_wrangler_rubicon
Car 1.00 1.00 0 0 0 0 0 0 0 0 -1000.00 -1000.00 -1000.00 -1000.00 1.7506 2.3538 4.8416 71.8938 2.1322 58.5656 1.5949 0.0000 -0.0000 163 bmw_grandtourer
Car 1.00 1.00 0 0 0 0 0 0 0 0 -1000.00 -1000.00 -1000.00 -1000.00 1.6115 2.2019 5.2564 137.3930 2.0807 -7.6141 1.6234 -0.0001 0.0006 164 charger2020_charger2020
Car 1.00 1.00 0 0 0 0 0 0 0 0 -1000.00 -1000.00 -1000.00 -1000.00 1.6244 1.8781 3.8906 73.5182 2.1333 -9.5582 1.5915 -0.0005 -0.0011 165 audi_a2
Car 1.00 1.00 0 0 0 0 0 0 0 0 -1000.00 -1000.00 -1000.00 -1000.00 1.5475 1.9070 4.4025 125.6135 -6.8842 115.8718 -0.4394 -0.0117 -0.0091 166 seat_leon
Car 1.00 1.00 0 0 0 0 0 0 0 0 -1000.00 -1000.00 -1000.00 -1000.00 1.5765 1.9374 3.8150 -249.3884 2.1225 -99.5435 1.5832 -0.0003 0.0002 167 nissan_micra
Car 1.00 1.00 0 0 0 3 0 0 0 0 -1000.00 -1000.00 -1000.00 -1000.00 1.5863 2.2347 5.1468 -90.8139 2.1372 101.9755 -1.4315 -0.0005 -0.0019 168 lincoln_mkz2017
Car 0.00 1.00 0 0 0 0 0 0 0 0 1026.71 361.32 1044.80 367.49 1.7506 2.3538 4.8416 -21.7045 2.1319 -163.4169 0.0138 -0.0000 -0.0000 169 bmw_grandtourer
Car 0.00 1.00 0 0 0 0 0 0 0 0 560.11 365.37 618.53 377.97 1.4812 2.1349 5.6254 44.8763 2.1427 -71.6694 0.0177 0.0000 -0.0000 170 chevrolet_impala
Car 0.00 1.00 0 0 0 0 0 0 0 0 377.23 362.37 404.86 367.81 1.4812 2.1349 5.6254 157.2833 2.1425 -157.7239 3.0953 -0.0001 -0.0000 171 chevrolet_impala
Car 1.00 1.00 0 0 0 0 0 0 0 0 -1000.00 -1000.00 -1000.00 -1000.00 1.6011 2.1072 4.7392 134.5542 2.0808 -50.3376 -1.5552 -0.0000 -0.0000 172 toyota_prius
Car 0.00 0.52 0 7 12 48 11 0 0 0 927.79 361.75 947.76 367.65 1.6115 2.2019 5.2564 6.2468 2.1163 -160.1287 -2.8944 0.0004 0.0027 173 charger2020_charger2020
Car 0.55 1.00 0 0 0 0 0 0 0 0 1872.88 366.12 1920.00 384.27 1.5475 1.9070 4.4025 -88.5715 2.1356 -55.4710 -1.5560 0.0001 -0.0000 174 seat_leon
Car 0.00 1.00 0 0 0 0 0 0 0 0 1198.98 358.69 1215.47 366.63 2.5908 2.7453 5.4640 -82.0515 2.1573 -188.5229 1.6417 0.0025 -0.0009 175 carlamotors_carlacola
Car 0.00 1.00 0 0 0 0 0 0 0 0 542.44 362.31 568.59 367.64 1.4812 2.1349 5.6254 114.5609 2.1424 -161.5093 0.1644 0.0000 -0.0000 176 chevrolet_impala
Car 0.00 1.00 0 0 0 0 0 0 0 0 904.80 342.22 913.46 346.70 1.9718 2.0005 4.0595 25.2035 -6.7145 -279.0360 -0.0145 -0.1006 0.0037 177 jeep_wrangler_rubicon
Car 0.00 1.00 0 0 0 0 0 0 0 0 1298.11 361.80 1316.34 368.90 1.6980 1.9434 4.1871 -84.9307 2.1446 -140.1065 -1.6055 -0.0002 0.0000 178 citroen_c3
Car 0.00 0.45 9 16 21 63 21 0 0 0 942.39 363.40 956.29 373.97 1.5488 2.0688 3.9961 1.6287 2.0796 -88.9907 1.5917 0.0000 -0.0000 179 mini_cooperst
Motorcycle 0.00 1.00 0 0 0 0 0 0 0 0 501.51 362.38 518.93 372.23 1.6960 1.0692 2.4735 79.2449 2.1238 -102.1593 1.5778 0.0031 -0.0000 180 harley_davidson_low_rider
Car 1.00 1.00 0 0 0 0 0 0 0 0 -1000.00 -1000.00 -1000.00 -1000.00 1.4477 1.5550 2.3177 140.5122 2.1092 18.3460 0.0137 0.0042 0.0029 181 bmw_isetta
Cyclist 0.00 1.00 0 0 0 0 0 0 0 0 447.23 362.44 461.29 373.47 1.7065 0.8593 1.4873 79.2174 2.0920 -91.3081 1.5897 0.0000 -0.0000 182 bh_crossbike
Car 0.00 1.00 0 0 0 0 0 0 0 0 747.41 340.38 758.65 343.86 1.6011 2.1072 4.7392 100.5314 -7.8809 -273.7340 0.1051 0.0001 0.0010 183 toyota_prius
Car 0.00 1.00 0 0 0 0 0 0 0 0 1214.10 361.84 1226.53 366.87 1.5488 2.0688 3.9961 -81.8476 2.1350 -178.7986 1.5591 -0.0000 -0.0000 184 mini_cooperst
Car 0.00 1.00 0 0 0 0 0 0 0 0 1267.63 361.55 1283.08 367.75 1.6980 1.9434 4.1871 -88.5534 2.1435 -160.1737 -1.5668 0.0023 -0.0001 185 citroen_c3
Car 0.00 1.00 0 0 0 0 0 0 0 0 476.18 361.60 493.68 366.90 1.5765 1.9374 3.8150 143.9445 2.0665 -172.4520 1.5222 0.0000 -0.0000 186 nissan_micra
Car 0.00 1.00 0 0 0 0 0 0 0 0 462.96 362.24 502.12 373.19 1.7506 2.3538 4.8416 79.1927 2.1319 -96.5100 1.5790 0.0000 -0.0000 187 bmw_grandtourer
Car 0.00 1.00 0 0 0 0 0 0 0 0 788.53 362.00 804.29 367.38 1.5488 2.0688 3.9961 47.6486 2.1349 -165.9683 0.0139 0.0000 -0.0000 188 mini_cooperst
Car 0.00 1.00 0 0 0 0 0 0 0 0 1694.87 365.14 1763.99 379.98 1.5488 2.0688 3.9961 -84.8920 2.1352 -65.7209 -1.5511 -0.0003 -0.0000 189 mini_cooperst
Car 1.00 1.00 0 0 0 0 0 0 0 0 -1000.00 -1000.00 -1000.00 -1000.00 1.6011 2.1072 4.7392 203.4867 2.1366 -72.3619 0.0177 -0.0009 -0.0000 190 toyota_prius
Car 1.00 1.00 0 0 0 0 0 0 0 0 -1000.00 -1000.00 -1000.00 -1000.00 1.3660 1.9896 4.9534 76.8685 2.1343 -2.4006 1.5950 0.0000 -0.0000 191 mustang_mustang
Car 0.00 1.00 0 0 0 0 0 0 0 0 1685.72 360.47 1710.69 366.17 1.9476 2.0282 4.8347 -258.3812 2.1235 -198.5161 -1.3416 0.0000 0.0035 192 nissan_patrol
Pedestrian 1.00 1.00 0 0 0 0 0 0 0 0 -1000.00 -1000.00 -1000.00 -1000.00 1.9158 0.4880 0.7434 -269.9774 1.9516 -136.2831 -1.4733 0.0000 -0.0000 193 pedestrian_0019
Pedestrian 0.00 1.00 0 0 0 0 0 0 0 0 1591.26 362.32 1594.36 365.76 1.1330 0.4333 0.5612 -209.2406 1.9023 -187.7466 -1.1966 0.0000 -0.0000 194 pedestrian_0010
Pedestrian 0.00 1.00 0 0 0 0 0 0 0 0 472.15 360.13 476.47 367.47 1.9158 0.4880 0.7507 127.1096 1.9499 -149.5365 1.6113 0.0000 -0.0000 195 pedestrian_0005
Pedestrian 0.00 1.00 0 0 0 0 0 0 0 0 456.40 359.92 459.65 367.42 1.9158 0.4880 0.3754 128.3973 1.8944 -146.2510 -1.4601 0.0000 -0.0000 196 pedestrian_0003
Pedestrian 1.00 1.00 0 0 0 0 0 0 0 0 -1000.00 -1000.00 -1000.00 -1000.00 1.9158 0.4880 0.7507 165.2851 -8.0503 -70.8663 1.5853 0.0000 -0.0000 197 pedestrian_0021
Pedestrian 1.00 1.00 0 0 0 0 0 0 0 0 -1000.00 -1000.00 -1000.00 -1000.00 1.9158 0.4880 0.6472 -224.3673 1.9507 119.3952 0.6697 0.0000 -0.0000 198 pedestrian_0003
Pedestrian 0.00 1.00 0 0 0 0 0 0 0 0 1483.10 360.08 1484.87 364.34 1.9158 0.4880 0.4465 -236.0401 1.9519 -254.1555 -1.0865 0.0000 -0.0000 199 pedestrian_0004
Pedestrian 1.00 1.00 0 0 0 0 0 0 0 0 -1000.00 -1000.00 -1000.00 -1000.00 1.9158 0.4880 0.7507 125.6112 1.8947 -14.9303 1.6188 0.0000 -0.0000 200 pedestrian_0022
Pedestrian 0.00 1.00 0 0 0 0 0 0 0 0 1208.61 362.46 1210.25 366.85 1.3390 0.3253 0.3254 -76.3882 2.0940 -174.2234 0.2926 0.0000 -0.0000 201 pedestrian_0014
Pedestrian 1.00 1.00 0 0 0 0 0 0 0 0 -1000.00 -1000.00 -1000.00 -1000.00 1.9158 0.4880 0.4662 48.9121 1.9407 -0.5879 -0.4828 0.0000 -0.0000 202 pedestrian_0022
Pedestrian 0.00 1.00 0 0 0 3 0 0 0 0 852.99 359.81 858.83 380.53 1.9158 0.4880 0.4331 9.6721 1.8984 -55.9878 3.0954 0.0000 -0.0000 203 pedestrian_0023
Pedestrian 0.00 0.55 1 0 0 15 1 0 0 0 924.47 363.79 926.97 373.13 1.3390 0.3253 0.2502 4.9345 1.8862 -84.2511 1.7828 0.0000 -0.0000 204 pedestrian_0012
Pedestrian 0.00 0.87 0 1 0 3 0 0 0 0 1034.15 359.92 1036.66 368.24 1.9158 0.4880 0.4907 -17.3987 1.8981 -132.3751 1.6316 0.0000 -0.0000 205 pedestrian_0019
Pedestrian 1.00 1.00 12 16 27 1007 0 1 4 0 -1000.00 -1000.00 -1000.00 -1000.00 1.9158 0.4880 0.7377 -20.7316 1.9503 27.0877 -3.1156 0.0000 -0.0000 206 pedestrian_0005
Pedestrian 1.00 1.00 0 0 0 0 0 0 0 0 -1000.00 -1000.00 -1000.00 -1000.00 1.9158 0.4880 0.7507 131.1290 2.0469 -79.4255 -0.1042 0.0000 -0.0000 207 pedestrian_0026
Pedestrian 0.00 1.00 0 0 0 0 0 0 0 0 1203.08 360.10 1207.46 368.97 1.9158 0.4880 0.7507 -53.0725 1.9370 -124.4151 -0.0983 0.0000 -0.0000 208 pedestrian_0015
Pedestrian 1.00 1.00 0 0 0 0 0 0 0 0 -1000.00 -1000.00 -1000.00 -1000.00 1.3390 0.3253 0.3147 -86.1785 1.9422 143.5781 -0.0656 0.0000 -0.0000 209 pedestrian_0014
Pedestrian 1.00 1.00 0 0 0 0 0 0 0 0 -1000.00 -1000.00 -1000.00 -1000.00 1.9158 0.4880 0.4908 -87.8949 1.9506 143.9630 -0.4022 0.0000 -0.0000 210 pedestrian_0016
Pedestrian 1.00 1.00 6 6 9 546 0 0 0 1 -1000.00 -1000.00 -1000.00 -1000.00 1.3390 0.3253 0.5005 22.8290 1.9419 27.7012 3.1082 0.0000 -0.0000 211 pedestrian_0012
Pedestrian 0.00 1.00 0 0 0 0 0 0 0 0 523.00 365.59 528.06 373.52 1.1330 0.4333 0.3768 62.4501 1.9387 -84.1493 1.6113 0.0000 -0.0000 212 pedestrian_0009
Pedestrian 1.00 1.00 0 0 0 0 0 0 0 0 -1000.00 -1000.00 -1000.00 -1000.00 1.1330 0.4333 0.6667 144.9458 1.8856 -7.0966 1.5189 0.0000 -0.0000 213 pedestrian_0010
Pedestrian 1.00 1.00 0 0 0 0 0 0 0 0 -1000.00 -1000.00 -1000.00 -1000.00 1.9158 0.4880 0.6350 -271.4390 1.9504 -71.8296 -1.5979 0.0000 -0.0000 214 pedestrian_0021
Pedestrian 1.00 1.00 3 5 7 18 0 0 0 0 -1000.00 -1000.00 -1000.00 -1000.00 1.9158 0.4880 0.7507 -84.9964 2.1028 27.5102 -0.0900 0.0000 -0.0000 215 pedestrian_0018
Pedestrian 0.00 1.00 0 0 0 0 0 0 0 0 1747.67 360.11 1750.96 365.77 1.9158 0.4880 0.4928 -267.3424 1.9526 -192.2090 -1.3447 0.0000 -0.0000 216 pedestrian_0020
Pedestrian 0.00 1.00 0 0 0 0 0 0 0 0 202.16 359.87 211.00 371.26 1.9158 0.4880 0.7507 127.3250 1.8945 -98.1501 1.6586 0.0000 -0.0000 217 pedestrian_0017
Pedestrian 0.00 1.00 0 0 0 0 0 0 0 0 1190.38 360.12 1193.40 366.51 1.9158 0.4880 0.7507 -69.7033 1.9525 -171.0824 2.9591 0.0000 -0.0000 218 pedestrian_0007
Pedestrian 1.00 1.00 0 0 0 0 0 0 0 0 -1000.00 -1000.00 -1000.00 -1000.00 1.1330 0.4333 0.5347 -146.2311 1.9389 -50.6819 1.5475 0.0000 -0.0000 219 pedestrian_0010
Pedestrian 1.00 1.00 0 0 0 29 0 0 0 0 -1000.00 -1000.00 -1000.00 -1000.00 1.9158 0.4880 0.5116 60.3831 2.1027 29.8719 2.9424 0.0000 -0.0000 220 pedestrian_0023
Pedestrian 0.00 1.00 0 0 0 0 0 0 0 0 764.54 359.94 766.33 364.89 1.9158 0.4880 0.5235 75.4244 1.8943 -219.3388 -3.1361 0.0000 -0.0000 221 pedestrian_0024
Pedestrian 0.00 1.00 0 0 0 0 0 0 0 0 1751.85 363.11 1755.78 367.70 1.1330 0.4333 0.3774 -196.7961 1.9055 -141.8880 -1.5690 0.0000 -0.0000 222 pedestrian_0011
Pedestrian 1.00 1.00 0 0 0 0 0 0 0 0 -1000.00 -1000.00 -1000.00 -1000.00 1.9158 0.4880 0.5837 -270.2418 1.9529 -116.7159 1.6083 0.0000 -0.0000 223 pedestrian_0016
Pedestrian 0.00 1.00 0 0 0 0 0 0 0 0 727.70 340.04 728.74 343.90 1.9158 0.4880 0.4357 116.0149 -8.0649 -281.9095 0.2965 0.0000 -0.0000 224 pedestrian_0017
Pedestrian 1.00 1.00 0 0 0 0 0 0 0 0 -1000.00 -1000.00 -1000.00 -1000.00 1.9158 0.4880 0.6617 165.3447 -8.0501 -96.8472 1.6037 0.0000 -0.0000 225 pedestrian_0001
Pedestrian 1.00 1.00 0 0 0 0 0 0 0 0 -1000.00 -1000.00 -1000.00 -1000.00 1.9158 0.4880 0.7507 -199.1796 1.9152 -99.5618 -1.6266 0.0000 -0.0000 226 pedestrian_0003
Pedestrian 0.00 1.00 0 0 0 0 0 0 0 0 1797.39 360.20 1806.85 371.38 1.9158 0.4880 0.7507 -144.8443 1.9502 -99.8142 -1.5294 0.0000 -0.0000 227 pedestrian_0007
Pedestrian 1.00 1.00 0 0 0 0 0 0 0 0 -1000.00 -1000.00 -1000.00 -1000.00 1.1330 0.4333 0.6667 126.1370 1.8832 -34.1318 1.5397 0.0000 -0.0000 228 pedestrian_0010
Pedestrian 0.87 1.00 0 0 0 0 0 0 0 0 1918.08 371.84 1920.00 389.15 1.1330 0.4333 0.5847 -64.5131 1.9310 -41.5201 0.4278 0.0000 -0.0000 229 pedestrian_0010
Pedestrian 1.00 1.00 0 0 0 0 0 0 0 0 -1000.00 -1000.00 -1000.00 -1000.00 1.3390 0.3253 0.4559 23.8176 1.9070 -22.0762 -0.2559 0.0000 -0.0000 230 pedestrian_0013
Pedestrian 1.00 1.00 0 0 0 0 0 0 0 0 -1000.00 -1000.00 -1000.00 -1000.00 1.3390 0.3253 0.4591 178.9315 1.9436 -76.5206 3.1300 0.0000 -0.0000 231 pedestrian_0013
Pedestrian 0.00 1.00 0 0 0 0 0 0 0 0 759.37 360.11 761.74 366.21 1.9158 0.4880 0.7507 62.8116 1.9511 -179.0366 -1.5521 0.0000 -0.0000 232 pedestrian_0020
Pedestrian 1.00 1.00 0 0 0 0 0 0 0 0 -1000.00 -1000.00 -1000.00 -1000.00 1.9158 0.4880 0.7422 123.7856 1.8949 81.5526 -0.5757 0.0000 -0.0000 233 pedestrian_0021
Pedestrian 1.00 1.00 0 0 0 0 0 0 0 0 -1000.00 -1000.00 -1000.00 -1000.00 1.1330 0.4333 0.4562 -200.4990 1.9031 -44.8865 -1.5986 0.0000 -0.0000 234 pedestrian_0009
Pedestrian 1.00 1.00 0 0 0 0 0 0 0 0 -1000.00 -1000.00 -1000.00 -1000.00 1.9158 0.4880 0.5026 224.5369 1.9500 -19.3096 -1.5444 0.0000 -0.0000 235 pedestrian_0006
Pedestrian 0.00 1.00 0 0 0 0 0 0 0 0 1736.45 369.19 1746.39 380.22 1.1330 0.4333 0.4279 -81.1206 2.0912 -62.0200 -3.1044 0.0000 -0.0000 236 pedestrian_0009
Pedestrian 0.00 1.00 0 0 0 0 0 0 0 0 1435.13 360.27 1443.50 374.14 1.9158 0.4880 0.7507 -66.4409 1.9538 -81.3113 0.0647 0.0000 -0.0000 237 pedestrian_0026
Pedestrian 1.00 1.00 12 9 16 177 0 0 5 0 -1000.00 -1000.00 -1000.00 -1000.00 1.9158 0.4880 0.5717 5.4079 1.8949 40.9132 -1.8335 0.0000 -0.0000 238 pedestrian_0021
Pedestrian 0.00 1.00 0 0 0 0 0 0 0 0 112.60 369.05 128.58 389.61 1.3390 0.3253 0.5005 55.4572 1.9417 -41.1011 1.7903 0.0000 -0.0000 239 pedestrian_0012
Pedestrian 0.00 1.00 0 0 0 0 0 0 0 0 1151.65 360.07 1153.44 363.82 1.9158 0.4880 0.7507 -98.4512 1.9501 -287.8758 -0.0238 0.0000 -0.0000 240 pedestrian_0020
Pedestrian 1.00 1.00 0 0 0 0 0 0 0 0 -1000.00 -1000.00 -1000.00 -1000.00 1.1330 0.4333 0.6667 201.0848 -8.0597 -56.7745 -1.5606 0.0000 -0.0000 241 pedestrian_0011
Pedestrian 0.00 1.00 0 0 0 0 0 0 0 0 922.37 360.11 924.88 366.48 1.9158 0.4880 0.7507 10.9601 1.9499 -171.4897 -3.0808 0.0000 -0.0000 242 pedestrian_0002
Pedestrian 0.00 1.00 0 0 0 0 0 0 0 0 34.65 363.97 40.14 373.72 1.3390 0.3253 0.2668 127.0598 1.8861 -80.8122 1.5250 0.0000 -0.0000 243 pedestrian_0014
Pedestrian 1.00 1.00 0 0 0 0 0 0 0 0 -1000.00 -1000.00 -1000.00 -1000.00 1.9158 0.4880 0.7507 36.0873 1.9289 -26.1366 -2.5790 0.0000 -0.0000 244 pedestrian_0006
Pedestrian 1.00 1.00 0 0 0 0 0 0 0 0 -1000.00 -1000.00 -1000.00 -1000.00 1.9158 0.4880 0.6629 201.0889 -8.0501 -77.2468 -1.5536 0.0000 -0.0000 245 pedestrian_0020
Pedestrian 0.00 0.83 4 0 1 10 0 0 0 0 1079.98 360.25 1086.47 374.45 1.9158 0.4880 0.7507 -16.6897 1.9501 -79.5576 0.0686 0.0000 -0.0000 246 pedestrian_0022
Pedestrian 0.00 1.00 0 0 0 0 0 0 0 0 1196.38 360.11 1198.89 366.26 1.9158 0.4880 0.7191 -74.1279 1.9500 -177.3773 1.5495 0.0000 -0.0000 247 pedestrian_0002
Pedestrian 1.00 1.00 0 0 0 0 0 0 0 0 -1000.00 -1000.00 -1000.00 -1000.00 1.9158 0.4880 0.3754 145.4975 1.8942 -82.1886 1.8054 0.0000 -0.0000 248 pedestrian_0022
Pedestrian 1.00 1.00 0 0 0 0 0 0 0 0 -1000.00 -1000.00 -1000.00 -1000.00 1.9158 0.4880 0.4208 -71.8542 1.9503 7.6564 2.1756 0.0000 -0.0000 249 pedestrian_0006
Pedestrian 0.00 1.00 0 0 0 0 0 0 0 0 702.79 360.63 705.26 367.08 1.9158 0.4880 0.4870 76.1466 2.1023 -169.3615 3.0440 0.0000 -0.0000 250 pedestrian_0019
Pedestrian 1.00 1.00 0 0 0 0 0 0 0 0 -1000.00 -1000.00 -1000.00 -1000.00 1.9158 0.4880 0.7507 -92.6311 1.9503 -20.8509 -1.6032 0.0000 -0.0000 251 pedestrian_0018
Pedestrian 1.00 1.00 0 0 0 0 0 0 0 0 -1000.00 -1000.00 -1000.00 -1000.00 1.9158 0.4880 0.6757 -270.2082 1.9529 -125.6843 -1.4348 0.0000 -0.0000 252 pedestrian_0007
Pedestrian 0.00 1.00 0 0 0 0 0 0 0 0 678.52 360.16 682.16 368.93 1.9158 0.4880 0.6523 61.2649 1.9500 -125.9047 1.6182 0.0000 -0.0000 253 pedestrian_0008
Pedestrian 1.00 1.00 0 0 0 0 0 0 0 0 -1000.00 -1000.00 -1000.00 -1000.00 1.9158 0.4880 0.5207 -257.7358 1.9507 80.3973 -2.0626 0.0000 -0.0000 254 pedestrian_0022
Pedestrian 1.00 1.00 0 0 0 0 0 0 0 0 -1000.00 -1000.00 -1000.00 -1000.00 1.9158 0.4880 0.5905 -153.1495 1.9507 142.3720 0.0585 0.0000 -0.0000 255 pedestrian_0024
Pedestrian 1.00 1.00 0 0 0 0 0 0 0 0 -1000.00 -1000.00 -1000.00 -1000.00 1.1330 0.4333 0.5854 201.8868 1.9394 -58.0191 -3.1264 0.0000 -0.0000 256 pedestrian_0011
Pedestrian 0.00 1.00 0 0 0 0 0 0 0 0 1635.53 360.16 1639.97 369.17 1.9158 0.4880 0.4093 -144.3818 1.9502 -122.5544 -1.4103 0.0000 -0.0000 257 pedestrian_0006
Pedestrian 0.00 1.00 0 0 0 0 0 0 0 0 443.61 360.63 447.80 367.30 1.9158 0.4880 0.7507 148.1533 2.0966 -164.1479 -1.6647 0.0000 -0.0000 258 pedestrian_0005
Pedestrian 1.00 1.00 0 0 0 0 0 0 0 0 -1000.00 -1000.00 -1000.00 -1000.00 1.9158 0.4880 0.7507 35.5413 1.9287 -25.4304 -2.6067 0.0000 -0.0000 259 pedestrian_0003
Pedestrian 1.00 1.00 0 0 0 0 0 0 0 0 -1000.00 -1000.00 -1000.00 -1000.00 1.9158 0.4880 0.7171 165.7033 -8.0501 -95.5661 1.5941 0.0000 -0.0000 260 pedestrian_0001
Pedestrian 0.00 1.00 0 0 0 0 0 0 0 0 748.02 362.54 749.69 367.06 1.3390 0.3253 0.5005 62.7547 2.0939 -169.2115 -1.5195 0.0000 -0.0000 261 pedestrian_0014
Pedestrian 0.00 1.00 0 0 0 0 0 0 0 0 1515.31 360.33 1525.70 378.61 1.9158 0.4880 0.5999 -58.9911 1.9506 -62.8157 3.1402 0.0000 -0.0000 262 pedestrian_0020
Pedestrian 1.00 1.00 0 0 0 0 0 0 0 0 -1000.00 -1000.00 -1000.00 -1000.00 1.9158 0.4880 0.6221 -215.8817 1.9146 0.0145 -1.5555 0.0000 -0.0000 263 pedestrian_0025
Pedestrian 1.00 1.00 0 0 0 0 0 0 0 0 -1000.00 -1000.00 -1000.00 -1000.00 1.9158 0.4880 0.7507 58.3614 1.9502 -20.2815 -1.5568 0.0000 -0.0000 264 pedestrian_0026
Pedestrian 0.00 1.00 0 0 0 0 0 0 0 0 1301.47 360.07 1303.47 363.84 1.9158 0.4880 0.7507 -174.2998 1.9499 -286.5680 2.9074 0.0000 -0.0000 265 pedestrian_0025
Pedestrian 0.00 1.00 0 0 0 0 0 0 0 0 811.83 361.55 813.25 365.33 1.3390 0.3253 0.4254 52.2721 1.8873 -200.9537 -3.1098 0.0000 -0.0000 266 pedestrian_0013
Pedestrian 0.00 1.00 0 0 0 0 0 0 0 0 673.99 360.11 676.05 366.40 1.9158 0.4880 0.3854 86.9794 1.9499 -173.6482 1.8329 0.0000 -0.0000 267 pedestrian_0015
Pedestrian 0.00 1.00 0 0 0 0 0 0 0 0 461.74 359.92 464.59 367.50 1.9158 0.4880 0.3868 125.8018 1.8944 -144.8233 2.1638 0.0000 -0.0000 268 pedestrian_0021
Pedestrian 1.00 1.00 0 0 0 0 0 0 0 0 -1000.00 -1000.00 -1000.00 -1000.00 1.1330 0.4333 0.4221 -64.6913 1.9370 144.2253 -3.0938 0.0000 -0.0000 269 pedestrian_0010
Pedestrian 0.00 0.16 20 21 32 259 2 0 0 0 1302.73 359.88 1317.94 406.53 1.9158 0.4880 0.4992 -14.4363 1.8983 -27.3863 1.5399 0.0000 -0.0000 270 pedestrian_0023
Pedestrian 1.00 1.00 10 4 15 170 0 0 7 0 -1000.00 -1000.00 -1000.00 -1000.00 1.3390 0.3253 0.4859 0.9702 2.0389 30.1079 -2.9144 0.0000 -0.0000 271 pedestrian_0013
Pedestrian 0.00 1.00 0 0 0 0 0 0 0 0 1328.56 360.07 1329.94 363.87 1.9158 0.4880 0.4318 -186.1154 1.9511 -283.8482 -0.2163 0.0000 -0.0000 272 pedestrian_0016
Pedestrian 1.00 1.00 0 0 0 0 0 0 0 0 -1000.00 -1000.00 -1000.00 -1000.00 1.3390 0.3253 0.2813 -96.8651 1.9050 77.5628 -0.4878 0.0000 -0.0000 273 pedestrian_0014
Pedestrian 0.00 1.00 0 0 0 0 0 0 0 0 1311.42 360.13 1314.90 367.33 1.9158 0.4880 0.6122 -94.1367 1.9501 -152.2227 0.0445 0.0000 -0.0000 274 pedestrian_0019
Pedestrian 0.00 1.00 0 0 0 0 0 0 0 0 989.18 362.35 990.98 366.80 1.3390 0.3253 0.4997 -9.0822 2.0508 -171.8221 -3.0423 0.0000 -0.0000 275 pedestrian_0013
Pedestrian 0.00 1.00 0 0 0 1 0 0 0 0 984.41 360.43 986.94 366.77 1.9158 0.4880 0.7507 -7.7690 2.0471 -172.2202 3.1232 0.0000 -0.0000 276 pedestrian_0023
Pedestrian 0.00 1.00 0 0 0 0 0 0 0 0 7.77 365.53 15.68 374.02 1.1330 0.4333 0.6621 128.0740 1.8842 -79.3399 -0.6997 0.0000 -0.0000 277 pedestrian_0011
Pedestrian 0.00 1.00 0 0 0 0 0 0 0 0 470.42 362.32 473.47 367.51 1.3390 0.3253 0.5005 126.3376 1.9415 -147.9552 1.4297 0.0000 -0.0000 278 pedestrian_0012
Pedestrian 0.00 1.00 0 0 0 0 0 0 0 0 957.33 346.75 958.59 351.10 1.9158 0.4880 0.5529 0.9056 -3.9502 -250.1353 0.0163 0.0000 -0.0000 279 pedestrian_0015
Pedestrian 1.00 1.00 0 0 0 0 0 0 0 0 -1000.00 -1000.00 -1000.00 -1000.00 1.9158 0.4880 0.7507 140.8405 2.0471 32.4773 -0.5555 0.0000 -0.0000 280 pedestrian_0017
Pedestrian 1.00 1.00 0 0 0 0 0 0 0 0 -1000.00 -1000.00 -1000.00 -1000.00 1.9158 0.4880 0.7507 200.5538 -8.0252 5.4415 -1.5530 0.0000 -0.0000 281 pedestrian_0005
Pedestrian 0.00 1.00 0 0 0 0 0 0 0 0 724.27 362.73 725.76 365.98 1.1330 0.4333 0.3664 82.1942 2.0908 -198.3543 -3.0473 0.0000 -0.0000 282 pedestrian_0009
Pedestrian 0.00 1.00 0 0 0 0 0 0 0 0 1242.24 362.43 1244.63 365.87 1.1330 0.4333 0.6667 -93.8470 1.9385 -187.9993 1.6106 0.0000 -0.0000 283 pedestrian_0009
Pedestrian 1.00 1.00 0 0 0 0 0 0 0 0 -1000.00 -1000.00 -1000.00 -1000.00 1.1330 0.4333 0.4011 208.4450 1.9384 -116.5453 1.5610 0.0000 -0.0000 284 pedestrian_0009
Pedestrian 0.00 1.00 0 0 0 0 0 0 0 0 1689.53 360.53 1693.19 367.40 1.9158 0.4880 0.3866 -204.2760 2.0639 -159.2900 -3.0395 0.0000 -0.0000 285 pedestrian_0024
Pedestrian 0.00 1.00 0 0 0 0 0 0 0 0 315.63 359.90 322.42 369.56 1.9158 0.4880 0.7507 127.5187 1.8963 -114.7492 -1.5414 0.0000 -0.0000 286 pedestrian_0023
Pedestrian 1.00 1.00 0 0 0 0 0 0 0 0 -1000.00 -1000.00 -1000.00 -1000.00 1.9158 0.4880 0.7507 -93.3861 1.9503 -1.5151 1.5192 0.0000 -0.0000 287 pedestrian_0015
Pedestrian 0.00 1.00 0 0 0 0 0 0 0 0 907.50 340.55 909.17 344.91 1.9158 0.4880 0.7137 22.8768 -6.6891 -249.8975 0.0508 0.0000 -0.0000 288 pedestrian_0025
Pedestrian 1.00 1.00 0 0 0 0 0 0 0 0 -1000.00 -1000.00 -1000.00 -1000.00 1.1330 0.4333 0.4903 157.9156 -7.3301 120.9291 2.5168 0.0000 -0.0000 289 pedestrian_0009
Pedestrian 0.00 1.00 0 0 0 0 0 0 0 0 1647.17 360.16 1653.95 369.33 1.9158 0.4880 0.7507 -144.8528 1.9502 -120.7439 -1.5762 0.0000 -0.0000 290 pedestrian_0019
Pedestrian 1.00 1.00 0 0 0 0 0 0 0 0 -1000.00 -1000.00 -1000.00 -1000.00 1.9158 0.4880 0.5164 -183.6637 1.9148 64.7931 0.4861 0.0000 -0.0000 291 pedestrian_0007
Pedestrian 1.00 1.00 0 0 0 0 0 0 0 0 -1000.00 -1000.00 -1000.00 -1000.00 1.9158 0.4880 0.7507 -272.5950 1.9505 -35.0560 -1.5752 0.0000 -0.0000 292 pedestrian_0021
Pedestrian 1.00 1.00 0 0 0 0 0 0 0 0 -1000.00 -1000.00 -1000.00 -1000.00 1.3390 0.3253 0.4403 90.0053 1.9418 8.7103 3.1291 0.0000 -0.0000 293 pedestrian_0014
Pedestrian 1.00 1.00 0 0 0 0 0 0 0 0 -1000.00 -1000.00 -1000.00 -1000.00 1.9158 0.4880 0.7475 39.3106 -6.0379 144.7531 0.0205 0.0000 -0.0000 294 pedestrian_0002
Pedestrian 1.00 1.00 74 81 135 2288 0 0 0 13 -1000.00 -1000.00 -1000.00 -1000.00 1.9158 0.4880 0.7507 13.8714 1.9503 7.3663 -0.0016 0.0000 -0.0000 295 pedestrian_0026
Pedestrian 0.00 0.09 28 30 57 306 3 0 0 0 797.21 360.78 811.20 409.55 1.9158 0.4880 0.7062 6.0713 1.8960 -26.1233 -1.4950 0.0000 -0.0000 296 pedestrian_0020
Pedestrian 0.00 1.00 0 0 0 0 0 0 0 0 379.81 360.33 389.83 379.26 1.9158 0.4880 0.5251 58.5219 1.9496 -60.8761 0.2190 0.0000 -0.0000 297 pedestrian_0016
Pedestrian 1.00 1.00 0 0 0 0 0 0 0 0 -1000.00 -1000.00 -1000.00 -1000.00 1.9158 0.4880 0.7507 -94.9261 1.9503 -27.5663 1.5445 0.0000 -0.0000 298 pedestrian_0024
Pedestrian 1.00 1.00 0 0 0 0 0 0 0 0 -1000.00 -1000.00 -1000.00 -1000.00 1.9158 0.4880 0.6557 98.2334 -6.7761 108.2381 -0.2689 0.0000 -0.0000 299 pedestrian_0001
Pedestrian 0.00 1.00 0 0 0 2 0 0 0 0 1001.02 360.12 1002.70 366.47 1.9158 0.4880 0.4210 -12.6417 1.9515 -171.8585 2.8812 0.0000 -0.0000 300 pedestrian_0025
Pedestrian 0.00 1.00 0 0 0 0 0 0 0 0 1220.34 360.10 1224.90 369.03 1.9158 0.4880 0.7507 -56.4568 1.9363 -123.6341 3.1410 0.0000 -0.0000 301 pedestrian_0016
Pedestrian 0.00 0.50 3 9 9 41 8 0 0 0 971.29 361.35 978.07 381.17 1.9158 0.4880 0.5465 -1.4294 2.0476 -58.4073 2.8358 0.0000 -0.0000 302 pedestrian_0006
Pedestrian 1.00 1.00 2 6 5 31 0 0 0 1 -1000.00 -1000.00 -1000.00 -1000.00 1.3390 0.3253 0.4096 41.5870 1.9419 28.4900 -3.1237 0.0000 -0.0000 303 pedestrian_0012
Pedestrian 0.00 1.00 0 0 0 0 0 0 0 0 1334.73 360.07 1336.16 363.89 1.9158 0.4880 0.4758 -188.5349 1.9504 -282.8059 -0.3046 0.0000 -0.0000 304 pedestrian_0024
Pedestrian 1.00 1.00 0 0 0 0 0 0 0 0 -1000.00 -1000.00 -1000.00 -1000.00 1.3390 0.3253 0.4907 -82.4028 1.9422 143.6323 -3.1320 0.0000 -0.0000 305 pedestrian_0013
Pedestrian 1.00 1.00 0 0 0 0 0 0 0 0 -1000.00 -1000.00 -1000.00 -1000.00 1.1330 0.4333 0.5364 -268.4148 1.9392 52.0041 -1.7915 0.0000 -0.0000 306 pedestrian_0011
Pedestrian 0.00 1.00 0 0 0 0 0 0 0 0 1288.67 360.70 1292.42 367.91 1.9158 0.4880 0.7177 -87.9777 2.1024 -152.0020 -0.1013 0.0000 -0.0000 307 pedestrian_0024
Pedestrian 1.00 1.00 0 0 0 0 0 0 0 0 -1000.00 -1000.00 -1000.00 -1000.00 1.9158 0.4880 0.3907 -273.5914 1.9505 4.9862 -2.2871 0.0000 -0.0000 308 pedestrian_0004
Pedestrian 1.00 1.00 30 26 51 344 0 0 0 4 -1000.00 -1000.00 -1000.00 -1000.00 1.9158 0.4880 0.5615 22.9215 1.9503 7.3271 -0.0471 0.0000 -0.0000 309 pedestrian_0019
Pedestrian 1.00 1.00 0 0 0 0 0 0 0 0 -1000.00 -1000.00 -1000.00 -1000.00 1.3390 0.3253 0.5005 171.3096 1.9399 -59.2583 0.0317 0.0000 -0.0000 310 pedestrian_0012
Pedestrian 0.00 1.00 0 0 0 0 0 0 0 0 582.00 360.11 584.90 366.50 1.9158 0.4880 0.5528 113.1441 1.9498 -171.0236 -3.0589 0.0000 -0.0000 311 pedestrian_0022
Pedestrian 0.00 1.00 0 0 0 0 0 0 0 0 716.98 359.94 719.45 364.90 1.9158 0.4880 0.7276 93.6489 1.8943 -219.1559 -0.1397 0.0000 -0.0000 312 pedestrian_0018
Pedestrian 1.00 1.00 0 0 0 0 0 0 0 0 -1000.00 -1000.00 -1000.00 -1000.00 1.9158 0.4880 0.6481 -118.4100 1.9542 5.7525 0.0481 0.0000 -0.0000 313 pedestrian_0022
Pedestrian 0.00 1.00 0 0 0 0 0 0 0 0 822.51 360.13 824.36 367.35 1.9158 0.4880 0.3891 36.2716 1.9499 -151.6941 -3.1013 0.0000 -0.0000 314 pedestrian_0005
Pedestrian 1.00 1.00 60 66 101 3672 0 0 0 7 -1000.00 -1000.00 -1000.00 -1000.00 1.9158 0.4880 0.7507 15.0620 1.9503 9.1087 0.0293 0.0000 -0.0000 315 pedestrian_0018
Pedestrian 1.00 1.00 0 0 0 0 0 0 0 0 -1000.00 -1000.00 -1000.00 -1000.00 1.9158 0.4880 0.6903 -271.2308 1.9506 38.3862 -1.7188 0.0000 -0.0000 316 pedestrian_0024
Pedestrian 0.00 1.00 0 0 0 0 0 0 0 0 1326.59 360.27 1333.36 374.09 1.9158 0.4880 0.6144 -51.4531 1.9531 -81.5639 -3.1142 0.0000 -0.0000 317 pedestrian_0002
Pedestrian 0.00 1.00 0 0 0 0 0 0 0 0 1205.12 361.86 1206.40 365.33 1.3390 0.3253 0.3332 -94.9245 2.0580 -218.5611 1.6894 0.0000 -0.0000 318 pedestrian_0013
Pedestrian 0.00 0.99 0 1 3 7 0 0 0 0 1066.46 359.96 1070.04 368.78 1.9158 0.4880 0.6103 -23.5922 1.9078 -125.2755 -0.6656 0.0000 -0.0000 319 pedestrian_0018
Pedestrian 0.00 1.00 0 0 0 0 0 0 0 0 1428.65 360.13 1432.88 367.47 1.9158 0.4880 0.7064 -123.2461 1.9501 -149.5871 -0.2815 0.0000 -0.0000 320 pedestrian_0006
Pedestrian 0.00 1.00 0 0 0 0 0 0 0 0 1111.83 360.07 1113.36 363.82 1.9158 0.4880 0.6287 -77.9113 1.9501 -287.4719 0.0784 0.0000 -0.0000 321 pedestrian_0021
Pedestrian 0.00 1.00 0 0 0 0 0 0 0 0 1487.29 366.79 1493.52 374.92 1.1330 0.4333 0.4876 -74.5736 2.0912 -82.4083 0.2042 0.0000 -0.0000 322 pedestrian_0010
Pedestrian 0.00 1.00 0 0 0 0 0 0 0 0 665.87 360.25 671.58 374.49 1.9158 0.4880 0.4914 39.3503 1.9501 -79.3603 3.0143 0.0000 -0.0000 323 pedestrian_0022
Pedestrian 0.00 1.00 0 0 0 0 0 0 0 0 1482.03 360.24 1488.62 373.91 1.9158 0.4880 0.4652 -73.8676 1.9502 -82.4177 -1.6146 0.0000 -0.0000 324 pedestrian_0015
Pedestrian 1.00 1.00 0 0 0 0 0 0 0 0 -1000.00 -1000.00 -1000.00 -1000.00 1.9158 0.4880 0.6248 -70.9337 1.9685 9.2246 3.1016 0.0000 -0.0000 325 pedestrian_0005
Pedestrian 1.00 1.00 0 0 0 0 0 0 0 0 -1000.00 -1000.00 -1000.00 -1000.00 1.9158 0.4880 0.6192 199.8341 -7.9361 36.6736 -1.5418 0.0000 -0.0000 326 pedestrian_0006
Pedestrian 1.00 1.00 0 0 0 0 0 0 0 0 -1000.00 -1000.00 -1000.00 -1000.00 1.9158 0.4880 0.7507 165.8212 1.9500 -58.7037 -3.1386 0.0000 -0.0000 327 pedestrian_0002
Pedestrian 1.00 1.00 0 0 0 0 0 0 0 0 -1000.00 -1000.00 -1000.00 -1000.00 1.9158 0.4880 0.6604 55.1552 1.9506 -9.3052 -1.8423 0.0000 -0.0000 328 pedestrian_0015
Pedestrian 1.00 1.00 0 0 0 0 0 0 0 0 -1000.00 -1000.00 -1000.00 -1000.00 1.9158 0.4880 0.7507 -179.2794 1.9507 140.6013 -2.8349 0.0000 -0.0000 329 pedestrian_0005
Pedestrian 0.00 1.00 0 0 0 0 0 0 0 0 1170.27 361.58 1171.90 363.80 1.1330 0.4333 0.6667 -107.8854 1.9393 -287.7598 0.0198 0.0000 -0.0000 330 pedestrian_0010
Pedestrian 1.00 1.00 0 0 0 0 0 0 0 0 -1000.00 -1000.00 -1000.00 -1000.00 1.9158 0.4880 0.7026 56.6398 1.9528 56.6358 1.5932 0.0000 -0.0000 331 pedestrian_0001
Pedestrian 1.00 1.00 0 0 0 0 0 0 0 0 -1000.00 -1000.00 -1000.00 -1000.00 1.9158 0.4880 0.3783 -93.9820 1.9503 -0.7528 0.5169 0.0000 -0.0000 332 pedestrian_0017
Pedestrian 0.00 1.00 0 0 0 0 0 0 0 0 1342.04 360.28 1348.61 374.21 1.9158 0.4880 0.5633 -53.1623 1.9540 -80.9516 0.0817 0.0000 -0.0000 333 pedestrian_0023
Pedestrian 1.00 1.00 0 0 0 0 0 0 0 0 -1000.00 -1000.00 -1000.00 -1000.00 1.3390 0.3253 0.3846 -94.7613 1.9412 40.0087 -1.6279 0.0000 -0.0000 334 pedestrian_0013
Pedestrian 0.00 1.00 0 0 0 0 0 0 0 0 1221.80 360.09 1224.06 365.47 1.9158 0.4880 0.6571 -93.7261 1.9481 -202.0574 1.5803 0.0000 -0.0000 335 pedestrian_0019
Pedestrian 1.00 1.00 24 25 38 379 0 0 0 4 -1000.00 -1000.00 -1000.00 -1000.00 1.9158 0.4880 0.7107 21.0781 1.9503 8.0331 0.0726 0.0000 -0.0000 336 pedestrian_0017
Pedestrian 0.00 1.00 0 0 0 0 0 0 0 0 1164.49 360.07 1166.32 363.82 1.9158 0.4880 0.7507 -105.0093 1.9504 -287.8383 0.0205 0.0000 -0.0000 337 pedestrian_0025
Pedestrian 0.00 1.00 0 0 0 0 0 0 0 0 722.87 340.01 724.23 343.87 1.9158 0.4880 0.3931 118.1290 -8.0632 -281.3808 1.3394 0.0000 -0.0000 338 pedestrian_0006
Pedestrian 0.00 1.00 0 0 0 0 0 0 0 0 814.24 339.10 815.86 341.70 1.1330 0.4333 0.6097 63.9732 -8.0841 -249.1001 -3.1267 0.0000 -0.0000 339 pedestrian_0011
Pedestrian 1.00 1.00 0 0 0 0 0 0 0 0 -1000.00 -1000.00 -1000.00 -1000.00 1.1330 0.4333 0.5601 124.8659 1.8853 1.3210 -1.5363 0.0000 -0.0000 340 pedestrian_0011
Pedestrian 1.00 1.00 0 0 0 0 0 0 0 0 -1000.00 -1000.00 -1000.00 -1000.00 1.3390 0.3253 0.3036 208.2547 1.9434 -109.7385 -1.5631 0.0000 -0.0000 341 pedestrian_0013
Pedestrian 0.00 0.94 2 1 3 23 0 0 0 0 1169.63 360.26 1176.37 374.19 1.9158 0.4880 0.7507 -29.3988 1.9520 -80.9845 -0.0350 0.0000 -0.0000 342 pedestrian_0007
Pedestrian 0.00 1.00 0 0 0 0 0 0 0 0 759.04 360.33 767.99 378.90 1.9158 0.4880 0.7447 20.3634 1.9501 -61.9276 3.0907 0.0000 -0.0000 343 pedestrian_0021
Pedestrian 1.00 1.00 0 0 0 0 0 0 0 0 -1000.00 -1000.00 -1000.00 -1000.00 1.1330 0.4333 0.6141 200.5958 -8.0608 -67.5471 -1.5765 0.0000 -0.0000 344 pedestrian_0010
Pedestrian 1.00 1.00 209 236 361 25065 0 0 56 53 -1000.00 -1000.00 -1000.00 -1000.00 1.9158 0.4880 0.5386 6.0493 1.8953 5.6603 -1.7217 0.0000 -0.0000 345 pedestrian_0021
Pedestrian 1.00 1.00 0 0 0 0 0 0 0 0 -1000.00 -1000.00 -1000.00 -1000.00 1.3390 0.3253 0.3147 90.5583 1.9261 60.5219 -1.9641 0.0000 -0.0000 346 pedestrian_0014
Pedestrian 0.00 1.00 0 0 0 0 0 0 0 0 1481.24 360.25 1487.77 374.06 1.9158 0.4880 0.4444 -72.9828 1.9502 -81.6044 -1.5806 0.0000 -0.0000 347 pedestrian_0023
Pedestrian 0.00 1.00 0 0 0 0 0 0 0 0 633.27 360.33 643.23 378.88 1.9158 0.4880 0.7507 33.3757 1.9501 -61.9781 -3.1212 0.0000 -0.0000 348 pedestrian_0008
Pedestrian 1.00 1.00 0 0 0 0 0 0 0 0 -1000.00 -1000.00 -1000.00 -1000.00 1.9158 0.4880 0.7507 -270.0773 1.9506 47.8546 1.3417 0.0000 -0.0000 349 pedestrian_0006
Pedestrian 0.00 1.00 0 0 0 0 0 0 0 0 499.37 360.67 502.84 367.62 1.9158 0.4880 0.6652 126.8281 2.1022 -157.6661 -1.3570 0.0000 -0.0000 350 pedestrian_0022
Pedestrian 0.00 1.00 0 0 0 0 0 0 0 0 621.08 360.11 624.52 366.51 1.9158 0.4880 0.7374 101.2159 1.9499 -170.8503 -0.0133 0.0000 -0.0000 351 pedestrian_0023
Pedestrian 0.00 1.00 0 0 0 0 0 0 0 0 696.62 360.61 699.82 366.95 1.9158 0.4880 0.7428 79.2675 2.1023 -172.3100 -3.1088 0.0000 -0.0000 352 pedestrian_0006
Pedestrian 0.00 1.00 0 0 0 0 0 0 0 0 530.13 360.24 537.72 373.54 1.9158 0.4880 0.7507 61.6628 1.9500 -84.6972 1.4666 0.0000 -0.0000 353 pedestrian_0024
Pedestrian 1.00 1.00 0 0 0 0 0 0 0 0 -1000.00 -1000.00 -1000.00 -1000.00 1.1330 0.4333 0.6667 -137.0171 1.9393 143.3828 0.0209 0.0000 -0.0000 354 pedestrian_0011
Pedestrian 1.00 1.00 0 0 0 0 0 0 0 0 -1000.00 -1000.00 -1000.00 -1000.00 1.9158 0.4880 0.6236 87.0699 1.9518 10.7782 2.9817 0.0000 -0.0000 355 pedestrian_0017
Pedestrian 1.00 1.00 0 0 0 0 0 0 0 0 -1000.00 -1000.00 -1000.00 -1000.00 1.3390 0.3253 0.3315 164.4637 -8.0584 -36.1779 -1.6434 0.0000 -0.0000 356 pedestrian_0012
Pedestrian 0.00 1.00 0 0 0 0 0 0 0 0 1313.28 360.07 1314.76 363.84 1.9158 0.4880 0.4471 -179.7429 1.9500 -285.8850 3.1057 0.0000 -0.0000 357 pedestrian_0020
Pedestrian 0.00 1.00 1 3 8 22 3 0 0 0 915.28 360.00 920.50 373.98 1.9158 0.4880 0.5996 5.7944 1.9156 -80.7373 -2.7707 0.0000 -0.0000 358 pedestrian_0017
Pedestrian 1.00 1.00 13 18 31 159 0 3 0 0 -1000.00 -1000.00 -1000.00 -1000.00 1.9158 0.4880 0.4894 -27.8922 1.9499 8.1771 -3.1151 0.0000 -0.0000 359 pedestrian_0025
Pedestrian 0.00 1.00 0 0 0 0 0 0 0 0 1635.28 361.57 1637.65 365.07 1.3390 0.3253 0.5005 -259.5843 1.9427 -217.1689 -1.2072 0.0000 -0.0000 360 pedestrian_0013
Pedestrian 0.00 1.00 0 0 0 0 0 0 0 0 1252.10 361.18 1253.41 363.79 1.3390 0.3253 0.5005 -150.1058 1.9436 -288.6687 0.0205 0.0000 -0.0000 361 pedestrian_0013
Pedestrian 1.00 1.00 0 0 0 0 0 0 0 0 -1000.00 -1000.00 -1000.00 -1000.00 1.3390 0.3253 0.4202 83.1375 1.9418 9.5548 -2.1253 0.0000 -0.0000 362 pedestrian_0013
Pedestrian 0.00 0.71 0 1 1 11 1 0 0 0 920.55 364.90 923.55 372.39 1.1330 0.4333 0.6667 5.7941 1.8849 -89.1226 1.6031 0.0000 -0.0000 363 pedestrian_0011
Pedestrian 0.00 1.00 0 0 0 0 0 0 0 0 920.45 361.68 921.89 365.80 1.3390 0.3253 0.4254 12.6436 1.8860 -184.9345 -1.0904 0.0000 -0.0000 364 pedestrian_0012
Pedestrian 1.00 1.00 0 0 0 0 0 0 0 0 -1000.00 -1000.00 -1000.00 -1000.00 1.9158 0.4880 0.4234 125.3001 2.0575 11.3502 -1.6620 0.0000 -0.0000 365 pedestrian_0023
Pedestrian 1.00 1.00 0 0 0 0 0 0 0 0 -1000.00 -1000.00 -1000.00 -1000.00 1.9158 0.4880 0.5574 -156.5436 1.9169 74.6710 0.2200 0.0000 -0.0000 366 pedestrian_0005
Pedestrian 0.00 1.00 0 0 0 0 0 0 0 0 1605.14 360.00 1609.11 366.36 1.9158 0.4880 0.6148 -195.5601 1.9167 -171.9771 1.7026 0.0000 -0.0000 367 pedestrian_0021
Pedestrian 1.00 1.00 0 0 0 0 0 0 0 0 -1000.00 -1000.00 -1000.00 -1000.00 1.1330 0.4333 0.4130 -168.6344 1.9274 -66.0286 0.1531 0.0000 -0.0000 368 pedestrian_0010
Pedestrian 0.00 1.00 0 0 0 0 0 0 0 0 1126.78 360.01 1130.91 368.88 1.9158 0.4880 0.7507 -36.5770 1.9188 -124.5536 -0.0133 0.0000 -0.0000 369 pedestrian_0020
Pedestrian 0.00 1.00 0 0 0 0 0 0 0 0 670.59 364.43 673.69 374.36 1.3390 0.3253 0.3202 38.9989 1.9409 -79.5721 0.3016 0.0000 -0.0000 370 pedestrian_0012
Pedestrian 1.00 1.00 0 0 0 33 0 0 0 0 -1000.00 -1000.00 -1000.00 -1000.00 1.9158 0.4880 0.4739 60.4067 2.1027 29.2241 2.9535 0.0000 -0.0000 371 pedestrian_0015
Pedestrian 0.00 1.00 0 0 0 0 0 0 0 0 480.87 361.44 489.32 376.37 1.9158 0.4880 0.7507 61.3346 2.1025 -76.0665 1.6722 0.0000 -0.0000 372 pedestrian_0007
Pedestrian 1.00 1.00 0 0 0 0 0 0 0 0 -1000.00 -1000.00 -1000.00 -1000.00 1.9158 0.4880 0.4986 -271.7871 1.9525 -72.2931 1.5393 0.0000 -0.0000 373 pedestrian_0008
Pedestrian 1.00 1.00 0 0 0 0 0 0 0 0 -1000.00 -1000.00 -1000.00 -1000.00 1.9158 0.4880 0.4371 127.9769 2.0667 -58.2721 -2.7997 0.0000 -0.0000 374 pedestrian_0020
Pedestrian 0.00 1.00 0 0 0 0 0 0 0 0 1197.38 360.11 1199.87 366.48 1.9158 0.4880 0.5245 -71.8924 1.9500 -171.4669 0.0748 0.0000 -0.0000 375 pedestrian_0015
Pedestrian 0.00 1.00 0 0 0 0 0 0 0 0 1550.31 365.36 1555.09 374.94 1.3390 0.3253 0.3264 -83.2891 2.0942 -82.3684 0.0577 0.0000 -0.0000 376 pedestrian_0012
Pedestrian 0.00 1.00 0 0 0 0 0 0 0 0 644.31 360.11 646.76 366.47 1.9158 0.4880 0.4487 94.7695 1.9475 -171.5160 -0.0742 0.0000 -0.0000 377 pedestrian_0017
Pedestrian 1.00 1.00 0 0 0 0 0 0 0 0 -1000.00 -1000.00 -1000.00 -1000.00 1.9158 0.4880 0.7507 121.2952 1.9500 -59.8071 -0.1538 0.0000 -0.0000 378 pedestrian_0025
Pedestrian 1.00 1.00 9 7 12 170 0 0 0 0 -1000.00 -1000.00 -1000.00 -1000.00 1.1330 0.4333 0.6667 16.1534 1.9389 28.4017 -3.0759 0.0000 -0.0000 379 pedestrian_0009
Pedestrian 0.00 1.00 0 0 0 0 0 0 0 0 729.39 360.67 731.97 367.61 1.9158 0.4880 0.6214 63.5017 2.1023 -157.9635 1.6380 0.0000 -0.0000 380 pedestrian_0002
Pedestrian 0.00 1.00 0 0 0 0 0 0 0 0 1205.61 361.18 1206.66 363.79 1.3390 0.3253 0.3962 -126.0390 1.9417 -288.3041 -0.0189 0.0000 -0.0000 381 pedestrian_0013
Pedestrian 0.00 1.00 0 0 0 0 0 0 0 0 671.32 361.55 673.22 365.35 1.3390 0.3253 0.5005 101.3112 1.8837 -199.6378 -3.1052 0.0000 -0.0000 382 pedestrian_0012
Pedestrian 1.00 1.00 0 0 0 0 0 0 0 0 -1000.00 -1000.00 -1000.00 -1000.00 1.1330 0.4333 0.6035 25.0634 1.8897 60.8083 -2.9941 0.0000 -0.0000 383 pedestrian_0010
Pedestrian 0.00 1.00 0 0 0 0 0 0 0 0 1490.61 361.35 1491.91 364.35 1.3390 0.3253 0.4123 -237.4309 1.9440 -252.1897 -0.7818 0.0000 -0.0000 384 pedestrian_0013
Pedestrian 1.00 1.00 6 6 12 112 0 0 0 7 -1000.00 -1000.00 -1000.00 -1000.00 1.9158 0.4880 0.7507 37.0882 1.9502 10.2482 0.0205 0.0000 -0.0000 385 pedestrian_0015
Pedestrian 1.00 1.00 0 0 0 0 0 0 0 0 -1000.00 -1000.00 -1000.00 -1000.00 1.9158 0.4880 0.7507 -131.3934 1.9534 -4.1846 -2.8074 0.0000 -0.0000 386 pedestrian_0018
Pedestrian 0.00 1.00 0 0 0 0 0 0 0 0 1109.31 361.18 1110.29 363.80 1.3390 0.3253 0.3830 -76.5589 1.9419 -287.7415 0.1668 0.0000 -0.0000 387 pedestrian_0013
Pedestrian 0.00 1.00 0 0 0 0 0 0 0 0 194.93 360.67 200.41 367.65 1.9158 0.4880 0.7507 210.0545 2.1022 -157.2038 0.4920 0.0000 -0.0000 388 pedestrian_0022
Pedestrian 1.00 1.00 0 0 0 0 0 0 0 0 -1000.00 -1000.00 -1000.00 -1000.00 1.9158 0.4880 0.7507 -271.7001 1.9504 -84.9985 -1.5243 0.0000 -0.0000 389 pedestrian_0003
Pedestrian 0.00 1.00 0 0 0 0 0 0 0 0 1107.22 360.07 1108.22 363.82 1.9158 0.4880 0.4192 -75.5492 1.9503 -287.9458 -1.8487 0.0000 -0.0000 390 pedestrian_0021
Pedestrian 1.00 1.00 0 0 0 6 0 0 0 0 -1000.00 -1000.00 -1000.00 -1000.00 1.9158 0.4880 0.3939 -92.0554 2.1028 29.3596 2.9047 0.0000 -0.0000 391 pedestrian_0016
Pedestrian 0.00 1.00 0 0 0 0 0 0 0 0 1221.19 360.06 1223.11 363.81 1.9158 0.4880 0.7507 -134.2639 1.9490 -288.3503 0.0513 0.0000 -0.0000 392 pedestrian_0005
Pedestrian 0.00 1.00 0 0 0 0 0 0 0 0 562.06 333.87 563.95 338.96 1.9158 0.4880 0.4774 151.6964 -8.0542 -216.2682 -2.2606 0.0000 -0.0000 393 pedestrian_0026
Pedestrian 1.00 1.00 0 0 0 0 0 0 0 0 -1000.00 -1000.00 -1000.00 -1000.00 1.9158 0.4880 0.7507 127.0610 2.0914 -74.3001 1.2959 0.0000 -0.0000 394 pedestrian_0022
Pedestrian 0.00 1.00 0 0 0 0 0 0 0 0 0.09 306.87 9.05 313.73 1.1330 0.4333 0.6508 165.9422 -8.0636 -100.7471 1.6035 0.0000 -0.0000 395 pedestrian_0010
Pedestrian 1.00 1.00 0 0 0 0 0 0 0 0 -1000.00 -1000.00 -1000.00 -1000.00 1.9158 0.4880 0.7507 143.1730 1.8948 47.9904 -1.5765 0.0000 -0.0000 396 pedestrian_0006
Pedestrian 0.00 1.00 0 0 0 0 0 0 0 0 1749.34 366.53 1760.57 381.25 1.3390 0.3253 0.5005 -72.9952 1.9414 -55.3761 -1.6927 0.0000 -0.0000 397 pedestrian_0012
Pedestrian 0.00 1.00 0 0 0 0 0 0 0 0 499.94 363.47 503.14 367.61 1.1330 0.4333 0.6049 126.3107 2.0908 -157.1849 -1.4034 0.0000 -0.0000 398 pedestrian_0010
Pedestrian 1.00 1.00 1 2 4 17 0 1 0 0 -1000.00 -1000.00 -1000.00 -1000.00 1.9158 0.4880 0.5564 -92.0414 2.1028 28.3080 -2.8661 0.0000 -0.0000 399 pedestrian_0007
Pedestrian 1.00 1.00 0 0 0 0 0 0 0 0 -1000.00 -1000.00 -1000.00 -1000.00 1.9158 0.4880 0.6437 186.8637 -7.6777 85.3372 -1.1117 0.0000 -0.0000 400 pedestrian_0001
Pedestrian 0.00 1.00 0 0 0 0 0 0 0 0 65.11 360.34 76.96 379.77 1.9158 0.4880 0.3890 88.0813 1.9500 -59.3995 -3.1222 0.0000 -0.0000 401 pedestrian_0016
Pedestrian 1.00 1.00 0 0 0 0 0 0 0 0 -1000.00 -1000.00 -1000.00 -1000.00 1.9158 0.4880 0.7507 -272.0008 1.9505 -29.1868 1.5975 0.0000 -0.0000 402 pedestrian_0021
Pedestrian 0.00 1.00 0 0 0 0 0 0 0 0 860.41 360.33 867.81 379.41 1.9158 0.4880 0.6324 9.6765 1.9496 -60.4190 -0.0847 0.0000 -0.0000 403 pedestrian_0006
Pedestrian 1.00 1.00 0 0 0 0 0 0 0 0 -1000.00 -1000.00 -1000.00 -1000.00 1.9158 0.4880 0.7507 -57.2591 1.9339 -29.5465 1.6533 0.0000 -0.0000 404 pedestrian_0023
Pedestrian 1.00 1.00 0 0 0 0 0 0 0 0 -1000.00 -1000.00 -1000.00 -1000.00 1.1330 0.4333 0.6072 60.9518 1.9387 -36.5297 -1.5413 0.0000 -0.0000 405 pedestrian_0011
Pedestrian 1.00 1.00 20 23 37 442 0 0 3 0 -1000.00 -1000.00 -1000.00 -1000.00 1.9158 0.4880 0.5277 11.4593 1.9503 26.5666 -3.0655 0.0000 -0.0000 406 pedestrian_0004
Pedestrian 0.00 1.00 0 0 0 0 0 0 0 0 712.17 360.62 714.47 366.97 1.9158 0.4880 0.4878 74.4720 2.1023 -171.8094 -3.1024 0.0000 -0.0000 407 pedestrian_0026
Pedestrian 1.00 1.00 0 0 0 0 0 0 0 0 -1000.00 -1000.00 -1000.00 -1000.00 1.3390 0.3253 0.3411 146.3700 1.9417 11.0087 -1.7619 0.0000 -0.0000 408 pedestrian_0013
Pedestrian 0.00 1.00 0 0 0 0 0 0 0 0 1297.75 363.38 1300.62 367.41 1.1330 0.4333 0.5855 -95.9460 2.0910 -161.2645 -1.5067 0.0000 -0.0000 409 pedestrian_0010
Pedestrian 1.00 1.00 0 0 0 0 0 0 0 0 -1000.00 -1000.00 -1000.00 -1000.00 1.9158 0.4880 0.5435 134.6373 1.8954 72.1350 -0.9271 0.0000 -0.0000 410 pedestrian_0020
Pedestrian 0.00 1.00 0 0 0 0 0 0 0 0 1544.94 360.22 1553.09 372.69 1.9158 0.4880 0.7267 -90.9004 1.9502 -90.0196 -1.5848 0.0000 -0.0000 411 pedestrian_0025
Pedestrian 1.00 1.00 0 0 0 2 0 0 0 0 -1000.00 -1000.00 -1000.00 -1000.00 1.1330 0.4333 0.6617 85.9042 2.0912 18.9587 1.4808 0.0000 -0.0000 412 pedestrian_0010
Pedestrian 0.00 1.00 0 0 0 0 0 0 0 0 744.01 360.64 746.50 367.21 1.9158 0.4880 0.7507 62.7279 2.1023 -166.3854 -1.4853 0.0000 -0.0000 413 pedestrian_0015
Pedestrian 0.00 1.00 0 0 0 0 0 0 0 0 724.77 363.56 727.44 367.81 1.1330 0.4333 0.6667 62.7330 2.0909 -153.1389 -1.5715 0.0000 -0.0000 414 pedestrian_0011
Pedestrian 0.00 1.00 0 0 0 0 0 0 0 0 689.98 360.25 696.07 374.15 1.9158 0.4880 0.6045 36.9043 1.9501 -81.0982 3.1294 0.0000 -0.0000 415 pedestrian_0025
Pedestrian 0.00 1.00 0 0 0 0 0 0 0 0 78.94 311.25 86.57 317.52 1.1330 0.4333 0.6378 165.9695 -8.0623 -109.3441 1.6209 0.0000 -0.0000 416 pedestrian_0009
Pedestrian 1.00 1.00 0 0 0 0 0 0 0 0 -1000.00 -1000.00 -1000.00 -1000.00 1.9158 0.4880 0.7507 70.2801 -6.4452 108.9768 -3.1168 0.0000 -0.0000 417 pedestrian_0026
Pedestrian 1.00 1.00 0 0 0 0 0 0 0 0 -1000.00 -1000.00 -1000.00 -1000.00 1.9158 0.4880 0.7507 -271.7526 1.9520 -41.3268 1.5814 0.0000 -0.0000 418 pedestrian_0019
Pedestrian 0.00 1.00 0 0 0 0 0 0 0 0 1757.68 361.81 1772.12 380.60 1.9158 0.4880 0.7507 -82.5185 2.1026 -61.3053 -0.0358 0.0000 -0.0000 419 pedestrian_0018
Pedestrian 0.00 1.00 0 0 0 0 0 0 0 0 1270.64 360.07 1272.52 363.81 1.9158 0.4880 0.6855 -159.7718 1.9501 -288.6956 0.0718 0.0000 -0.0000 420 pedestrian_0026
Pedestrian 0.90 1.00 0 0 0 0 0 0 0 0 0.00 359.86 0.86 372.50 1.9158 0.4880 0.5027 146.4805 1.8945 -88.7383 1.5317 0.0000 -0.0000 421 pedestrian_0005
Pedestrian 1.00 1.00 0 0 0 0 0 0 0 0 -1000.00 -1000.00 -1000.00 -1000.00 1.9158 0.4880 0.7507 58.5190 1.9502 -14.2992 -1.4859 0.0000 -0.0000 422 pedestrian_0021
Pedestrian 0.00 1.00 0 0 0 0 0 0 0 0 645.39 360.11 648.35 366.49 1.9158 0.4880 0.6530 94.1666 1.9483 -171.1599 0.1906 0.0000 -0.0000 423 pedestrian_0025
Pedestrian 0.00 1.00 0 0 0 0 0 0 0 0 279.94 359.89 285.59 370.16 1.9158 0.4880 0.4594 126.6023 1.8945 -108.0943 1.6248 0.0000 -0.0000 424 pedestrian_0008
Pedestrian 1.00 1.00 14 15 21 816 0 0 1 3 -1000.00 -1000.00 -1000.00 -1000.00 1.9158 0.4880 0.4720 23.2571 1.9483 30.3310 0.0959 0.0000 -0.0000 425 pedestrian_0018
Pedestrian 0.00 1.00 0 0 0 0 0 0 0 0 1311.28 360.18 1315.43 369.39 1.9158 0.4880 0.5809 -73.6665 1.9525 -120.0326 1.5978 0.0000 -0.0000 426 pedestrian_0020
Pedestrian 0.00 1.00 0 0 0 0 0 0 0 0 892.05 362.00 893.83 366.46 1.3390 0.3253 0.5005 20.1583 1.9415 -171.0963 -3.1264 0.0000 -0.0000 427 pedestrian_0012
Pedestrian 0.00 1.00 0 0 0 0 0 0 0 0 138.33 364.82 145.43 372.15 1.1330 0.4333 0.4492 127.3625 1.8856 -90.7665 -1.5177 0.0000 -0.0000 428 pedestrian_0011
Pedestrian 0.00 1.00 0 0 0 0 0 0 0 0 1229.39 360.09 1231.66 365.59 1.9158 0.4880 0.5653 -94.3958 1.9481 -197.8819 1.6597 0.0000 -0.0000 429 pedestrian_0006
Pedestrian 1.00 1.00 0 0 0 0 0 0 0 0 -1000.00 -1000.00 -1000.00 -1000.00 1.9158 0.4880 0.6174 99.6945 1.9502 9.9595 -0.0362 0.0000 -0.0000 430 pedestrian_0021
Pedestrian 0.00 0.09 30 31 52 254 13 0 0 0 853.98 359.98 865.99 404.45 1.9158 0.4880 0.7507 4.1858 1.8948 -27.7615 -1.6568 0.0000 -0.0000 431 pedestrian_0026
Pedestrian 1.00 1.00 0 0 0 0 0 0 0 0 -1000.00 -1000.00 -1000.00 -1000.00 1.9158 0.4880 0.7507 118.8491 -7.0620 102.5692 2.6403 0.0000 -0.0000 432 pedestrian_0026
Pedestrian 0.00 1.00 0 0 0 0 0 0 0 0 1466.64 360.24 1472.90 373.64 1.9158 0.4880 0.4812 -73.1426 1.9502 -84.0073 -1.8012 0.0000 -0.0000 433 pedestrian_0002
Pedestrian 0.00 1.00 0 0 0 0 0 0 0 0 470.20 359.93 472.41 366.34 1.9158 0.4880 0.5250 146.3778 1.8944 -170.4953 2.3100 0.0000 -0.0000 434 pedestrian_0001
Pedestrian 0.00 1.00 0 0 0 0 0 0 0 0 777.60 340.25 779.38 344.07 1.9158 0.4880 0.7507 91.8739 -8.0701 -285.0252 0.0257 0.0000 -0.0000 435 pedestrian_0022
Pedestrian 1.00 1.00 0 0 0 0 0 0 0 0 -1000.00 -1000.00 -1000.00 -1000.00 1.9158 0.4880 0.4968 56.9835 1.9515 38.8899 -1.6458 0.0000 -0.0000 436 pedestrian_0005
Pedestrian 1.00 1.00 0 0 0 0 0 0 0 0 -1000.00 -1000.00 -1000.00 -1000.00 1.3390 0.3253 0.2678 146.4993 1.9100 -57.7871 2.9178 0.0000 -0.0000 437 pedestrian_0013
Pedestrian 0.00 1.00 0 0 0 0 0 0 0 0 1306.54 361.59 1308.34 363.82 1.1330 0.4333 0.6667 -176.2905 1.9385 -285.7127 2.9297 0.0000 -0.0000 438 pedestrian_0011
Pedestrian 1.00 1.00 8 8 10 125 0 0 3 0 -1000.00 -1000.00 -1000.00 -1000.00 1.9158 0.4880 0.5987 8.5351 1.8993 48.0655 -1.6019 0.0000 -0.0000 439 pedestrian_0006
Pedestrian 1.00 1.00 0 0 0 0 0 0 0 0 -1000.00 -1000.00 -1000.00 -1000.00 1.3390 0.3253 0.4395 103.3344 -6.7834 144.5867 2.8820 0.0000 -0.0000 440 pedestrian_0014
Pedestrian 1.00 1.00 0 0 1 14 0 0 0 0 -1000.00 -1000.00 -1000.00 -1000.00 1.9158 0.4880 0.5004 -94.5772 1.9501 55.5153 -1.6186 0.0000 -0.0000 441 pedestrian_0025
Pedestrian 1.00 1.00 0 0 0 0 0 0 0 0 -1000.00 -1000.00 -1000.00 -1000.00 1.9158 0.4880 0.4304 -219.6828 1.9507 123.1412 -2.5831 0.0000 -0.0000 442 pedestrian_0003
Pedestrian 0.00 1.00 0 0 0 0 0 0 0 0 284.23 361.45 295.16 376.51 1.9158 0.4880 0.7507 85.8579 2.1024 -75.4765 1.3691 0.0000 -0.0000 443 pedestrian_0024
Pedestrian 0.00 1.00 0 1 1 2 0 0 0 0 929.17 359.91 931.08 367.42 1.9158 0.4880 0.5160 7.6404 1.8929 -146.2386 1.6216 0.0000 -0.0000 444 pedestrian_0007
Pedestrian 1.00 1.00 0 0 0 0 0 0 0 0 -1000.00 -1000.00 -1000.00 -1000.00 1.9158 0.4880 0.4108 -116.1822 1.9529 -62.7054 0.0461 0.0000 -0.0000 445 pedestrian_0023
Pedestrian 1.00 1.00 0 0 0 0 0 0 0 0 -1000.00 -1000.00 -1000.00 -1000.00 1.9158 0.4880 0.6141 -271.9594 1.9505 8.4616 1.5483 0.0000 -0.0000 446 pedestrian_0026
Pedestrian 1.00 1.00 0 0 0 0 0 0 0 0 -1000.00 -1000.00 -1000.00 -1000.00 1.1330 0.4333 0.4451 165.0420 -8.0589 -35.0198 -1.5604 0.0000 -0.0000 447 pedestrian_0009
Pedestrian 0.00 1.00 0 0 0 0 0 0 0 0 910.21 340.90 911.94 345.25 1.9158 0.4880 0.7444 21.7422 -6.5624 -250.7976 0.0366 0.0000 -0.0000 448 pedestrian_0015
Pedestrian 1.00 1.00 0 0 0 0 0 0 0 0 -1000.00 -1000.00 -1000.00 -1000.00 1.9158 0.4880 0.3940 155.8240 1.9500 -76.8816 3.0430 0.0000 -0.0000 449 pedestrian_0017
Pedestrian 0.00 1.00 0 0 0 2 0 0 0 0 924.86 360.65 926.67 367.35 1.9158 0.4880 0.4305 9.8032 2.1026 -163.1983 1.5623 0.0000 -0.0000 450 pedestrian_0023
Pedestrian 0.00 0.31 5 4 4 23 3 0 0 0 871.48 360.25 877.43 374.35 1.9158 0.4880 0.7507 11.6665 1.9501 -80.0791 0.0356 0.0000 -0.0000 451 pedestrian_0001
Pedestrian 1.00 1.00 0 0 0 0 0 0 0 0 -1000.00 -1000.00 -1000.00 -1000.00 1.9158 0.4880 0.7483 -113.1315 1.9169 61.7144 -3.1084 0.0000 -0.0000 452 pedestrian_0017
Pedestrian 0.00 1.00 0 0 0 0 0 0 0 0 187.56 369.70 200.27 381.35 1.1330 0.4333 0.6364 75.3615 2.0911 -59.0058 -3.1067 0.0000 -0.0000 453 pedestrian_0011
Pedestrian 1.00 1.00 0 0 0 0 0 0 0 0 -1000.00 -1000.00 -1000.00 -1000.00 1.9158 0.4880 0.7027 -269.9768 1.9528 -143.2353 1.6250 0.0000 -0.0000 454 pedestrian_0018
Pedestrian 0.00 1.00 0 0 0 0 0 0 0 0 692.73 359.95 695.14 364.89 1.9158 0.4880 0.6976 103.1562 1.8946 -219.3709 -0.0067 0.0000 -0.0000 455 pedestrian_0021
Pedestrian 1.00 1.00 0 0 0 0 0 0 0 0 -1000.00 -1000.00 -1000.00 -1000.00 1.9158 0.4880 0.5028 207.8757 1.9503 -24.7927 -1.5330 0.0000 -0.0000 456 pedestrian_0007
Pedestrian 1.00 1.00 0 0 0 0 0 0 0 0 -1000.00 -1000.00 -1000.00 -1000.00 1.9158 0.4880 0.7507 57.9348 1.9502 0.2038 -1.5642 0.0000 -0.0000 457 pedestrian_0021
Pedestrian 1.00 1.00 0 0 0 0 0 0 0 0 -1000.00 -1000.00 -1000.00 -1000.00 1.9158 0.4880 0.7507 158.5583 -7.7583 60.3864 1.9286 0.0000 -0.0000 458 pedestrian_0019
Pedestrian 1.00 1.00 0 0 0 0 0 0 0 0 -1000.00 -1000.00 -1000.00 -1000.00 1.1330 0.4333 0.5520 -206.1913 1.9393 131.0044 -2.7330 0.0000 -0.0000 459 pedestrian_0009
Pedestrian 1.00 1.00 0 0 0 0 0 0 0 0 -1000.00 -1000.00 -1000.00 -1000.00 1.9158 0.4880 0.6407 -178.7000 1.9507 140.1568 -2.8549 0.0000 -0.0000 460 pedestrian_0004
Pedestrian 0.00 1.00 0 0 0 0 0 0 0 0 1540.03 363.80 1544.85 372.24 1.3390 0.3253 0.4191 -92.7620 1.9450 -92.7542 1.6045 0.0000 -0.0000 461 pedestrian_0012
Pedestrian 0.00 1.00 0 0 0 0 0 0 0 0 1899.33 360.20 1908.08 371.25 1.9158 0.4880 0.6073 -164.0567 1.9502 -100.8353 1.5712 0.0000 -0.0000 462 pedestrian_0006
Pedestrian 0.00 1.00 0 0 0 0 0 0 0 0 550.18 366.01 557.56 374.54 1.1330 0.4333 0.6667 54.3096 1.9387 -78.6004 0.0621 0.0000 -0.0000 463 pedestrian_0009
Pedestrian 0.00 1.00 0 0 0 0 0 0 0 0 1680.30 363.01 1685.20 369.73 1.3390 0.3253 0.5005 -144.5403 1.9418 -115.3248 -1.5517 0.0000 -0.0000 464 pedestrian_0014
Pedestrian 1.00 1.00 0 0 0 0 0 0 0 0 -1000.00 -1000.00 -1000.00 -1000.00 1.1330 0.4333 0.6667 -92.9777 1.9389 -36.3242 -1.5656 0.0000 -0.0000 465 pedestrian_0010
Pedestrian 0.00 1.00 0 0 0 0 0 0 0 0 1731.96 361.51 1744.20 377.16 1.9158 0.4880 0.7371 -95.9086 2.1026 -72.8025 1.7458 0.0000 -0.0000 466 pedestrian_0017
Pedestrian 1.00 1.00 57 74 115 1333 0 0 49 0 -1000.00 -1000.00 -1000.00 -1000.00 1.9158 0.4880 0.5116 -0.4496 2.0472 8.9580 2.7660 0.0000 -0.0000 467 pedestrian_0004
Pedestrian 1.00 1.00 0 0 0 9 0 0 0 0 -1000.00 -1000.00 -1000.00 -1000.00 1.9158 0.4880 0.5951 89.8095 1.9499 30.3285 3.1149 0.0000 -0.0000 468 pedestrian_0021
Pedestrian 0.00 1.00 0 0 0 0 0 0 0 0 762.10 366.26 768.59 381.43 1.3390 0.3253 0.4525 17.2870 1.8968 -53.7060 -0.0676 0.0000 -0.0000 469 pedestrian_0013
Pedestrian 0.00 1.00 0 0 0 0 0 0 0 0 660.34 360.11 663.30 366.47 1.9158 0.4880 0.6687 89.9901 1.9490 -171.7533 0.8066 0.0000 -0.0000 470 pedestrian_0001
Pedestrian 0.00 1.00 0 0 0 0 0 0 0 0 494.95 360.34 506.48 379.60 1.9158 0.4880 0.7507 45.9049 1.9501 -59.8805 -0.0132 0.0000 -0.0000 471 pedestrian_0015
Pedestrian 1.00 1.00 0 0 0 0 0 0 0 0 -1000.00 -1000.00 -1000.00 -1000.00 1.9158 0.4880 0.6846 -162.5974 1.9507 141.9775 0.0481 0.0000 -0.0000 472 pedestrian_0024
Pedestrian 0.00 1.00 0 0 0 0 0 0 0 0 1155.46 361.58 1156.63 365.10 1.3390 0.3253 0.3471 -74.7538 1.9433 -215.8217 1.5598 0.0000 -0.0000 473 pedestrian_0013
Pedestrian 0.00 1.00 0 0 0 0 0 0 0 0 1110.49 360.07 1111.84 363.81 1.9158 0.4880 0.5433 -77.4932 1.9499 -288.6206 -3.0932 0.0000 -0.0000 474 pedestrian_0018
Pedestrian 0.00 1.00 0 0 0 0 0 0 0 0 754.91 361.98 756.23 366.39 1.3390 0.3253 0.2809 62.1534 1.9415 -172.9916 -3.1387 0.0000 -0.0000 475 pedestrian_0012
Pedestrian 1.00 1.00 0 0 0 0 0 0 0 0 -1000.00 -1000.00 -1000.00 -1000.00 1.9158 0.4880 0.6466 -94.6503 1.9488 78.2025 -1.6115 0.0000 -0.0000 476 pedestrian_0026
Pedestrian 0.00 1.00 0 0 0 0 0 0 0 0 1125.93 360.07 1127.28 363.82 1.9158 0.4880 0.5277 -85.2171 1.9499 -287.9738 0.0561 0.0000 -0.0000 477 pedestrian_0016
Pedestrian 0.00 1.00 0 0 0 0 0 0 0 0 711.84 360.13 715.06 367.69 1.9158 0.4880 0.7507 62.6858 1.9499 -145.4051 -1.5646 0.0000 -0.0000 478 pedestrian_0006
Pedestrian 0.00 1.00 0 0 0 0 0 0 0 0 1185.80 360.07 1187.34 363.80 1.9158 0.4880 0.5942 -116.2084 1.9498 -288.7623 3.1240 0.0000 -0.0000 479 pedestrian_0001
Pedestrian 1.00 1.00 0 0 0 0 0 0 0 0 -1000.00 -1000.00 -1000.00 -1000.00 1.9158 0.4880 0.6995 80.0904 2.1027 67.0588 2.6189 0.0000 -0.0000 480 pedestrian_0021
Car 0.00 1.00 0 0 0 0 0 0 0 0 879.97 361.19 890.26 368.47 1.6980 1.9434 4.1871 17.8163 1.9850 -136.4914 -1.5556 0.0000 -0.0000 481 citroen_c3
Car 0.00 1.00 0 0 0 0 0 0 0 0 869.61 359.90 881.35 369.09 1.9718 2.0005 4.0595 18.4247 1.9505 -125.4402 -1.5556 0.0000 -0.0000 482 jeep_wrangler_rubicon
Car 0.00 1.00 0 0 0 0 0 0 0 0 745.43 360.06 760.11 368.54 1.9718 2.0005 4.0595 48.9311 1.9855 -135.4218 1.5860 0.0000 -0.0000 483 jeep_wrangler_rubicon
Car 0.00 1.00 0 0 0 0 0 0 0 0 883.34 359.90 894.62 369.09 1.9718 2.0005 4.0595 15.4838 1.9505 -125.4849 -1.5556 0.0000 -0.0000 484 jeep_wrangler_rubicon
Car 0.00 1.00 0 0 0 0 0 0 0 0 1265.60 360.11 1292.03 370.22 1.9718 2.0005 4.0595 -62.7673 1.9929 -113.6408 0.0152 0.0000 -0.0000 485 nissan_patrol
Car 0.00 1.00 0 0 0 0 0 0 0 0 1257.69 362.31 1283.17 370.09 1.5488 2.0688 3.9961 -62.7374 2.0206 -116.5359 -3.1264 0.0000 -0.0000 486 nissan_patrol
Car 0.00 1.00 0 0 0 0 0 0 0 0 1279.83 362.95 1321.43 372.07 1.4855 2.1349 -5.6254 -56.6026 1.9826 -96.6445 -3.1264 0.0000 -0.0000 487 nissan_patrol
Car 0.00 1.00 0 0 0 0 0 0 0 0 1234.11 361.73 1258.80 370.09 1.6244 1.8781 -3.8906 -56.3451 1.9687 -113.5420 0.0152 0.0000 -0.0000 488 nissan_patrol
Car 0.00 0.97 0 0 0 19 0 0 0 0 1193.21 361.89 1231.20 373.35 1.7506 2.3538 -4.8416 -39.2216 2.0495 -90.7620 0.0152 0.0000 -0.0000 489 nissan_patrol
Car 0.00 0.32 14 21 28 117 2 0 0 0 1161.94 360.12 1188.63 371.10 1.9718 2.0005 -4.0595 -39.0432 1.9929 -105.0589 -3.1264 0.0000 -0.0000 490 nissan_patrol
Car 0.00 1.00 0 0 0 0 0 0 0 0 1343.55 360.19 1383.78 372.81 1.9476 2.0282 4.8347 -63.0677 1.9780 -91.1249 -3.1264 0.0000 -0.0000 491 nissan_patrol
Car 0.00 1.00 0 0 0 0 0 0 0 0 1333.78 360.13 1367.55 372.48 1.9718 2.0005 4.0595 -63.0813 1.9929 -94.0196 -3.1264 0.0000 -0.0000 492 nissan_patrol
Car 0.00 1.00 0 0 0 0 0 0 0 0 1228.33 362.11 1258.44 372.36 1.6244 1.8781 3.8906 -45.6203 1.9687 -93.7548 0.0152 0.0000 -0.0000 493 nissan_patrol
Car 0.00 1.00 0 0 0 0 0 0 0 0 1219.63 362.81 1249.88 372.32 1.5488 2.0688 3.9961 -45.5777 2.0207 -96.4784 -3.1264 0.0000 -0.0000 494 nissan_patrol
Car 0.00 0.99 0 0 0 4 0 0 0 0 1194.58 359.11 1225.87 371.02 2.1397 2.1728 4.7017 -45.4222 1.9794 -105.1570 -3.1264 0.0000 -0.0000 495 nissan_patrol
Car 0.00 0.56 7 5 12 63 1 0 0 0 1176.00 360.15 1204.89 370.17 1.9476 2.0282 4.8347 -45.2492 1.9779 -113.3729 -3.1264 0.0000 -0.0000 496 nissan_patrol
Car 0.00 0.90 0 0 1 6 0 0 0 0 1172.51 362.26 1196.61 369.85 1.5100 1.8730 4.1000 -45.2724 1.9696 -116.2700 -3.1264 0.0000 -0.0000 497 nissan_patrol
Car 0.00 0.56 3 11 16 71 4 0 0 0 1119.62 362.65 1146.05 371.61 1.5488 2.0688 3.9961 -30.3959 2.0206 -102.0329 0.0152 0.0000 -0.0000 498 nissan_patrol
Car 0.00 0.99 0 0 0 3 0 0 0 0 1114.72 362.51 1140.52 370.97 1.5100 1.8730 4.1000 -30.3558 1.9696 -104.9277 0.0152 0.0000 -0.0000 499 nissan_patrol
Car 0.00 1.00 0 0 0 0 0 0 0 0 1108.19 360.16 1137.42 370.74 1.9476 2.0282 4.8347 -30.2676 1.9779 -107.6101 -3.1264 0.0000 -0.0000 500 nissan_patrol
Car 0.00 0.33 11 21 27 142 2 0 0 0 1098.79 358.95 1133.09 372.92 2.1397 2.1728 -4.7017 -24.1782 1.9795 -90.5330 -3.1264 0.0000 -0.0000 501 nissan_patrol
Car 0.00 0.88 8 4 7 35 0 0 0 0 1093.35 360.19 1126.96 372.47 1.9476 2.0282 -4.8347 -24.0673 1.9779 -93.4269 0.0152 0.0000 -0.0000 502 nissan_patrol
Car 0.00 0.42 7 10 17 62 0 0 0 0 1073.73 361.78 1096.38 370.40 1.6244 1.8781 -3.8906 -23.8814 1.9686 -110.4084 -3.1264 0.0000 -0.0000 503 nissan_patrol
Car 0.00 0.66 3 4 6 25 0 0 0 0 1068.25 361.51 1095.71 370.58 1.7506 2.3538 -4.8416 -23.8655 2.0494 -113.0476 -3.1264 0.0000 -0.0000 504 nissan_patrol
Car 0.00 1.00 0 0 0 0 0 0 0 0 860.88 359.97 872.47 368.27 1.9476 2.0282 4.8347 22.3042 1.9414 -137.0920 1.5860 0.0000 -0.0000 505 nissan_patrol
Car 0.00 1.00 0 0 0 0 0 0 0 0 756.87 361.73 771.32 368.48 1.5475 1.9070 4.4025 46.1264 1.9629 -135.0633 1.5860 0.0000 -0.0000 506 seat_leon
Car 0.00 1.00 0 0 0 0 0 0 0 0 818.82 357.47 835.48 368.55 2.5908 2.7453 5.4640 31.6946 1.9999 -136.8858 1.5860 0.0000 -0.0000 507 carlamotors_carlacola
Car 0.00 1.00 0 0 0 0 0 0 0 0 488.95 357.71 517.28 368.11 2.5908 2.7453 5.4640 116.0604 2.0212 -145.3610 -1.5556 0.0000 -0.0000 508 carlamotors_carlacola
Car 0.00 1.00 0 0 0 0 0 0 0 0 474.77 357.71 503.65 368.11 2.5908 2.7453 5.4640 119.5486 2.0212 -145.3079 -1.5556 0.0000 -0.0000 509 carlamotors_carlacola
Car 0.00 1.00 0 0 0 0 0 0 0 0 378.60 356.55 419.35 369.46 2.5908 2.7453 5.4640 113.9942 1.8991 -117.1504 -3.1264 0.0000 -0.0000 510 carlamotors_carlacola
Car 0.00 1.00 0 0 0 0 0 0 0 0 837.31 357.48 853.21 368.55 2.5908 2.7453 5.4640 27.3842 1.9999 -136.9514 1.5860 0.0000 -0.0000 511 carlamotors_carlacola
Car 1.00 1.00 0 0 0 0 0 0 0 0 -1000.00 -1000.00 -1000.00 -1000.00 2.2031 2.5091 6.5872 53.8192 2.0111 -26.3733 1.0624 0.0000 -0.0000 512 tesla_cybertruck