Car 0.00 1.00 0 0 0 0 0 0 0 0 1839.48 361.49 1876.73 367.04 1.5542 2.3421 5.1370 -258.1765 1.9898 -163.8639 -1.5325 0.0006 -0.0000 0 lincoln2020_mkz2020
Car 1.00 1.00 6732 237995 380607 0 0 0 0 0 -1000.00 -1000.00 -1000.00 -1000.00 2.1397 2.1728 4.7045 -0.0005 2.0932 -2.2389 1.5708 0.0000 0.0000 1 volkswagen_t2
Motorcycle 0.00 1.00 0 0 0 0 0 0 0 0 1200.28 360.66 1206.10 365.36 1.6960 1.0692 2.4735 -89.1835 1.9469 -207.7583 -1.5825 0.0055 0.0001 2 harley_davidson_low_rider
Motorcycle 1.00 1.00 0 0 0 0 0 0 0 0 -1000.00 -1000.00 -1000.00 -1000.00 1.6960 1.0692 2.4735 -262.0949 1.9942 -145.1898 -1.5459 -0.0082 0.0004 3 harley_davidson_low_rider
Car 1.00 1.00 0 0 0 0 0 0 0 0 -1000.00 -1000.00 -1000.00 -1000.00 1.6320 2.1403 5.2230 155.0375 2.1004 -62.6572 -3.1213 -0.0011 -0.0002 4 dodge_charger_police
Car 0.00 1.00 0 0 0 0 0 0 0 0 1096.21 360.74 1108.40 364.05 1.5542 2.3421 5.1370 -67.1851 1.9044 -266.2079 -3.1212 0.0004 0.0000 5 lincoln2020_mkz2020
Car 1.00 1.00 0 0 0 0 0 0 0 0 -1000.00 -1000.00 -1000.00 -1000.00 1.4546 2.0938 4.3903 -239.0634 2.1978 71.1703 1.0626 0.0005 -0.0029 6 audi_tt
Car 0.00 1.00 0 0 0 0 0 0 0 0 1057.25 361.92 1066.37 367.00 1.4477 1.5550 2.3177 -29.1933 2.0032 -163.4364 0.0087 -0.0086 0.0000 7 bmw_isetta
Car 1.00 1.00 0 0 0 2 0 0 0 0 -1000.00 -1000.00 -1000.00 -1000.00 1.7173 2.2591 5.2781 -103.5241 2.2536 121.6117 0.0095 -0.0069 -0.0002 8 mercedes_benz_coupe
Car 1.00 1.00 259 290 461 15998 0 40 45 0 -1000.00 -1000.00 -1000.00 -1000.00 1.4812 2.1349 5.6254 -20.5370 2.1575 16.0698 0.0197 0.0009 0.0000 9 chevrolet_impala
Car 1.00 1.00 0 0 0 0 0 0 0 0 -1000.00 -1000.00 -1000.00 -1000.00 1.6115 2.2019 5.2564 52.7107 2.1492 77.0398 0.0095 -0.0003 0.0006 10 charger2020_charger2020
Car 0.00 1.00 0 0 0 0 0 0 0 0 408.25 359.09 443.66 368.18 2.2031 2.5091 6.5872 132.4738 1.9803 -142.0793 -1.5550 0.0008 0.0000 11 tesla_cybertruck
Car 0.00 1.00 0 0 0 0 0 0 0 0 1422.00 363.08 1458.80 372.51 1.5140 2.1024 4.9073 -80.9270 2.0508 -97.9460 1.5237 0.0012 0.0000 12 mercedesccc_mercedesccc
Car 0.00 1.00 0 0 0 0 0 0 0 0 291.99 361.18 316.38 367.54 1.6980 1.9434 4.1871 176.8942 2.0199 -154.0015 -3.1107 0.0012 -0.0003 13 citroen_c3
Car 1.00 1.00 0 0 0 0 0 0 0 0 -1000.00 -1000.00 -1000.00 -1000.00 1.4812 2.1349 5.6254 112.8314 2.0937 -63.4641 -3.1242 0.0006 0.0000 14 chevrolet_impala
Car 0.00 1.00 0 0 0 0 0 0 0 0 143.86 362.26 201.04 372.33 1.6320 2.1403 5.2230 131.9213 2.0155 -97.4155 -1.5807 -0.0023 -0.0001 15 dodge_charger_police
Car 0.00 1.00 0 0 1 3 0 0 0 0 1017.99 361.39 1036.56 366.86 1.5863 2.2347 5.1468 -19.6939 1.9961 -166.8851 0.0141 0.0008 0.0000 16 lincoln_mkz2017
Car 1.00 1.00 0 0 0 0 0 0 0 0 -1000.00 -1000.00 -1000.00 -1000.00 1.7318 2.1344 5.0985 -247.1250 2.1595 15.9084 1.5716 0.0006 0.0001 17 audi_etron
Car 0.00 1.00 0 0 0 0 0 0 0 0 1040.37 360.81 1058.25 366.85 1.7506 2.3538 4.8416 -26.1652 1.9912 -166.9796 0.0138 0.0008 0.0000 18 bmw_grandtourer
Car 1.00 1.00 0 0 0 0 0 0 0 0 -1000.00 -1000.00 -1000.00 -1000.00 1.5765 1.9374 3.8150 27.5877 2.1284 72.8369 0.2021 0.0084 0.0001 19 nissan_micra
Motorcycle 0.00 0.47 2 1 0 11 0 0 0 0 1150.51 362.77 1172.59 376.00 1.6960 1.0692 2.4735 -26.1508 2.0598 -76.4236 0.0176 0.0022 0.0000 20 harley_davidson_low_rider
Car 0.00 1.00 0 0 0 0 0 0 0 0 1193.47 361.16 1204.26 366.04 1.5765 1.9374 3.8150 -78.5052 1.9634 -186.6844 1.5595 0.0009 0.0000 21 nissan_micra
Car 1.00 1.00 0 0 0 0 0 0 0 0 -1000.00 -1000.00 -1000.00 -1000.00 1.7203 2.2019 5.4994 122.6173 2.0841 -70.1889 0.0231 -0.0016 0.0005 22 chargercop2020_chargercop2020
Car 0.00 0.25 24 29 45 168 2 0 0 0 1129.94 364.20 1170.99 377.07 1.5475 1.9070 4.4025 -23.4611 2.0746 -72.8531 0.0172 0.0009 0.0000 23 seat_leon
Car 0.00 1.00 0 0 0 0 0 0 0 0 1231.05 362.14 1247.25 367.03 1.3660 1.9896 4.9534 -80.4551 1.9943 -164.2105 -2.5516 0.0009 0.0002 24 mustang_mustang
Cyclist 1.00 1.00 0 0 0 0 0 0 0 0 -1000.00 -1000.00 -1000.00 -1000.00 1.9709 0.6705 1.7250 -86.9728 2.1842 73.3051 -1.5552 0.0079 0.0000 25 diamondback_century
Cyclist 1.00 1.00 4 6 8 24 0 0 0 0 -1000.00 -1000.00 -1000.00 -1000.00 1.7065 0.8593 1.4873 -68.0620 2.1110 22.4124 -3.1400 0.0007 0.0000 26 bh_crossbike
Car 0.00 1.00 0 0 0 0 0 0 0 0 1501.55 359.57 1563.11 379.02 2.1397 2.1728 4.7045 -64.0844 2.0919 -66.5981 -3.1230 0.0008 0.0000 27 volkswagen_t2
Car 1.00 1.00 0 0 0 0 0 0 0 0 -1000.00 -1000.00 -1000.00 -1000.00 1.9718 2.0005 4.0595 -228.0475 2.1996 75.7366 0.9580 -0.0002 -0.0047 28 jeep_wrangler_rubicon
Car 1.00 1.00 23 24 39 343 0 0 0 11 -1000.00 -1000.00 -1000.00 -1000.00 1.5627 2.2716 5.0314 45.0134 2.1547 13.4877 0.0146 0.0007 0.0000 29 tesla_model3
Car 0.00 1.00 0 0 0 0 0 0 0 0 715.66 361.64 727.97 366.29 1.4546 2.0938 4.3903 76.4102 1.9910 -182.3465 1.5792 0.0009 0.0000 30 audi_tt
Car 0.00 1.00 0 0 0 0 0 0 0 0 58.00 362.81 110.81 372.97 1.5488 2.0688 3.9961 138.7057 2.0066 -92.3432 1.5869 0.0009 0.0000 31 mini_cooperst
Car 1.00 1.00 0 0 0 0 0 0 0 0 -1000.00 -1000.00 -1000.00 -1000.00 1.6011 2.1072 4.7392 73.3979 2.1369 -3.6640 1.5950 0.0008 0.0000 32 toyota_prius
Car 1.00 1.00 0 0 0 0 0 0 0 0 -1000.00 -1000.00 -1000.00 -1000.00 2.1397 2.1728 4.7045 -138.2950 2.1544 8.4005 -2.4880 -0.0010 0.0201 33 volkswagen_t2
Car 1.00 1.00 0 0 0 0 0 0 0 0 -1000.00 -1000.00 -1000.00 -1000.00 1.6011 2.1072 4.7392 -83.7460 2.2137 91.7195 1.5857 0.0008 0.0000 34 toyota_prius
Car 1.00 1.00 0 0 0 0 0 0 0 0 -1000.00 -1000.00 -1000.00 -1000.00 1.3660 1.9896 4.9534 77.3610 2.1043 -39.5367 1.5859 0.0007 -0.0000 35 mustang_mustang
Car 1.00 1.00 0 0 0 0 0 0 0 0 -1000.00 -1000.00 -1000.00 -1000.00 1.6011 2.1072 4.7392 206.3958 2.0852 -68.8182 0.0173 0.0000 0.0000 36 toyota_prius
Car 0.00 0.25 12 17 26 106 37 0 0 0 963.63 361.53 979.88 373.09 1.7506 2.3538 4.8416 -1.8145 2.0003 -91.7177 1.5920 0.0008 0.0000 37 bmw_grandtourer
Car 0.00 1.00 0 0 0 0 0 0 0 0 441.58 359.22 473.18 367.31 2.2031 2.5091 6.5872 139.1992 1.9979 -158.0207 3.1091 0.0013 0.0030 38 tesla_cybertruck
Motorcycle 1.00 1.00 0 0 0 0 0 0 0 0 -1000.00 -1000.00 -1000.00 -1000.00 1.6387 1.2138 2.3199 137.3088 2.0935 -2.2167 1.5858 -0.0004 0.0000 39 yamaha_yzf
Car 0.00 1.00 0 0 0 0 0 0 0 0 1425.75 360.56 1464.77 373.20 1.9476 2.0282 4.8347 -77.3517 2.0440 -92.9299 1.5589 0.0020 0.0001 40 nissan_patrol
Car 0.00 0.43 2 4 6 19 4 0 0 0 961.51 362.23 977.13 372.19 1.6115 2.2019 5.2564 -1.5392 1.9991 -98.1075 1.6386 0.0007 0.0007 41 charger2020_charger2020
Car 0.00 1.00 0 0 0 0 0 0 0 0 661.67 361.59 680.60 368.22 1.6115 2.2019 5.2564 72.2883 2.0181 -143.2712 -1.5229 -0.0003 0.0007 42 charger2020_charger2020
Motorcycle 1.00 1.00 0 0 0 0 0 0 0 0 -1000.00 -1000.00 -1000.00 -1000.00 1.6649 1.0692 2.4735 137.2389 2.0754 2.4392 1.5863 0.0039 0.0000 43 harley_davidson_low_rider
Car 0.00 1.00 0 0 0 0 0 0 0 0 1597.19 360.96 1619.97 365.28 1.5542 2.3421 5.1370 -245.5641 1.9476 -214.3767 -1.1493 -0.0008 0.0113 44 lincoln2020_mkz2020
Motorcycle 1.00 1.00 0 0 0 0 0 0 0 0 -1000.00 -1000.00 -1000.00 -1000.00 1.6960 1.0692 2.4735 77.1296 2.1147 -14.6554 1.5889 -0.0004 0.0000 45 harley_davidson_low_rider
Cyclist 0.00 1.00 0 0 0 0 0 0 0 0 771.72 360.17 779.18 366.96 1.9310 0.5921 1.9272 52.5835 1.9790 -162.4058 0.0139 -0.0032 0.0000 46 gazelle_omafiets
Car 1.00 1.00 2759 3135 4998 207710 0 0 1692 0 -1000.00 -1000.00 -1000.00 -1000.00 1.7318 2.1344 5.0985 0.0226 2.1008 4.2209 1.5672 0.0008 0.0000 47 audi_etron
Car 1.00 1.00 0 0 0 0 0 0 0 0 -1000.00 -1000.00 -1000.00 -1000.00 1.9476 2.0282 4.8347 116.0887 2.1409 14.5328 0.0144 0.0005 0.0000 48 nissan_patrol
Car 1.00 1.00 215 231 376 8848 0 34 24 0 -1000.00 -1000.00 -1000.00 -1000.00 1.7203 2.2019 5.4994 -27.1115 2.1532 15.8705 0.0608 0.0007 0.0007 49 chargercop2020_chargercop2020
Car 0.29 1.00 0 0 0 0 0 0 0 0 1882.63 362.60 1920.00 373.00 1.6244 1.8781 3.8906 -153.0133 2.0521 -93.8956 1.5520 -0.0014 -0.0010 50 audi_a2
Car 0.00 1.00 0 0 0 0 0 0 0 0 1276.96 361.59 1297.13 367.88 1.5863 2.2347 5.1468 -84.9785 2.0099 -148.5783 -1.5784 0.0008 0.0000 51 lincoln_mkz2017
Cyclist 1.00 1.00 0 0 0 0 0 0 0 0 -1000.00 -1000.00 -1000.00 -1000.00 1.9709 0.6705 1.7250 -89.9747 2.1552 39.3445 -1.5573 0.0069 0.0000 52 diamondback_century
Cyclist 0.00 0.32 5 9 14 49 4 0 0 0 1182.72 360.98 1200.30 376.68 1.9311 0.5921 1.9272 -28.6041 2.0528 -72.9686 0.0173 -0.0034 0.0000 53 gazelle_omafiets
Car 0.80 1.00 0 0 0 0 0 0 0 0 0.00 362.12 15.91 374.41 1.7173 2.2591 5.2781 142.0839 2.0294 -84.5896 1.5864 -0.0062 -0.0002 54 mercedes_benz_coupe
Car 0.00 1.00 0 0 0 0 0 0 0 0 790.47 360.91 805.63 365.10 1.5542 2.3421 5.1370 60.8342 1.9018 -212.7508 0.1076 0.0011 -0.0004 55 lincoln2020_mkz2020
Car 0.00 1.00 0 0 0 0 0 0 0 0 865.83 360.88 884.55 367.21 1.7506 2.3538 4.8416 23.6780 1.9990 -159.3433 3.1226 0.0008 0.0000 56 bmw_grandtourer
Car 0.00 1.00 0 0 0 0 0 0 0 0 469.71 363.71 505.96 373.22 1.4546 2.0938 4.3903 75.6671 2.0665 -93.3884 1.5790 0.0009 0.0000 57 audi_tt
Car 0.00 1.00 0 0 0 0 0 0 0 0 1452.40 362.23 1497.85 373.50 1.7173 2.2591 5.2781 -80.8491 2.0730 -91.5833 1.5609 -0.0062 -0.0002 58 mercedes_benz_coupe
Car 0.00 1.00 0 0 0 0 0 0 0 0 552.83 364.00 605.92 376.56 1.5542 2.3421 5.1370 48.4509 2.0734 -75.1192 0.0178 0.0009 0.0000 59 lincoln2020_mkz2020
Car 1.00 1.00 0 0 0 0 0 0 0 0 -1000.00 -1000.00 -1000.00 -1000.00 2.1397 2.1728 4.7045 75.3483 2.2037 60.6799 1.5952 0.0009 0.0000 60 volkswagen_t2
Car 1.00 1.00 0 3 8 15 0 0 0 0 -1000.00 -1000.00 -1000.00 -1000.00 1.7506 2.3538 4.8416 134.5554 2.1079 30.7024 -1.4850 0.0009 0.0001 61 bmw_grandtourer
Car 0.00 1.00 0 0 0 0 0 0 0 0 537.62 361.31 561.22 366.99 1.6320 2.1403 5.2230 118.8817 2.0138 -164.9927 0.0131 -0.0035 0.0000 62 dodge_charger_police
Car 0.00 1.00 5 2 1 0 3 0 0 0 943.89 361.55 954.42 370.84 1.6980 1.9434 4.1871 2.0443 1.9984 -108.8645 1.5915 0.0009 0.0000 63 citroen_c3
Car 0.00 1.00 0 0 0 0 0 0 0 0 781.61 361.83 803.58 367.10 1.4812 2.1349 5.6254 47.6964 2.0077 -162.4687 0.0137 0.0009 0.0000 64 chevrolet_impala
Car 1.00 1.00 80 77 129 551 0 14 0 0 -1000.00 -1000.00 -1000.00 -1000.00 1.6115 2.2019 5.2564 -41.8928 2.1471 12.2348 0.0483 -0.0010 0.0005 65 charger2020_charger2020
Car 1.00 1.00 4 0 1 99 0 0 0 0 -1000.00 -1000.00 -1000.00 -1000.00 1.3660 1.9896 4.9534 68.8047 2.1731 41.5568 -1.5465 0.0006 0.0000 66 mustang_mustang
Motorcycle 1.00 1.00 0 0 0 0 0 0 0 0 -1000.00 -1000.00 -1000.00 -1000.00 1.5852 1.1236 2.1350 77.0057 2.0967 -8.0527 1.5945 0.0007 0.0000 67 kawasaki_ninja
Car 1.00 1.00 0 0 0 0 0 0 0 0 -1000.00 -1000.00 -1000.00 -1000.00 1.5488 2.0688 3.9961 -148.3179 2.1535 69.7873 -2.9516 0.0008 0.0001 68 mini_cooperst
Car 1.00 1.00 0 0 0 0 0 0 0 0 -1000.00 -1000.00 -1000.00 -1000.00 1.5542 2.3421 5.1370 -155.4275 2.1156 -19.4016 -1.7778 -0.0007 0.0207 69 lincoln2020_mkz2020
Car 0.00 0.17 46 47 81 361 39 0 0 0 901.52 360.84 939.52 379.10 1.9718 2.0005 4.0595 4.3017 2.0679 -65.3711 -3.1260 -0.0054 0.0001 70 jeep_wrangler_rubicon
Car 0.00 1.00 0 0 0 0 0 0 0 0 1199.44 360.70 1213.47 366.31 1.7506 2.3538 4.8416 -78.3713 1.9781 -180.8021 1.5593 0.0009 0.0000 71 bmw_grandtourer
Car 0.00 1.00 0 0 0 0 0 0 0 0 386.98 359.09 423.82 368.29 2.2031 2.5091 6.5872 135.9488 1.9819 -140.4553 -1.5553 0.0007 0.0000 72 tesla_cybertruck
Car 1.00 1.00 0 0 0 0 0 0 0 0 -1000.00 -1000.00 -1000.00 -1000.00 1.6244 1.8781 3.8906 -78.8546 2.1317 -1.3238 1.5864 0.0004 -0.0011 73 audi_a2
Car 0.00 1.00 0 0 0 0 0 0 0 0 241.22 362.97 321.05 378.44 1.7203 2.2019 5.4994 79.3483 2.0837 -69.3923 -2.7035 0.0007 0.0007 74 chargercop2020_chargercop2020
Car 1.00 1.00 0 0 0 0 0 0 0 0 -1000.00 -1000.00 -1000.00 -1000.00 1.6320 2.1403 5.2230 -82.2951 2.1444 -4.8567 1.5860 -0.0035 0.0000 75 dodge_charger_police
Car 1.00 1.00 6 7 17 69 0 2 0 0 -1000.00 -1000.00 -1000.00 -1000.00 1.5140 2.1024 4.9073 -86.3974 2.1630 34.3213 -1.5552 -0.0001 0.0000 76 mercedesccc_mercedesccc
Car 0.00 0.94 0 4 4 7 3 0 0 0 985.51 362.10 998.06 371.53 1.6244 1.8781 3.8906 -5.5674 1.9950 -101.9352 -1.5427 -0.0042 -0.0000 77 audi_a2
Car 0.00 0.24 46 52 78 345 19 0 0 0 1059.99 364.73 1091.51 384.23 1.6244 1.8781 3.8906 -10.0197 2.0380 -52.7147 -1.5564 -0.0066 -0.0010 78 audi_a2
Car 0.00 1.00 0 0 0 0 0 0 0 0 889.47 361.00 909.69 367.25 1.7203 2.2019 5.4994 16.8469 2.0057 -159.2365 -3.0887 0.0006 0.0007 79 chargercop2020_chargercop2020
Car 1.00 1.00 27 29 49 195 0 7 0 0 -1000.00 -1000.00 -1000.00 -1000.00 2.1397 2.1728 4.7045 -89.8824 2.1784 32.6800 -1.5597 -0.0059 -0.0000 80 volkswagen_t2
Car 0.00 1.00 0 0 0 0 0 0 0 0 766.46 362.15 785.72 366.90 1.3660 1.9896 4.9534 53.5377 1.9965 -165.8873 0.0137 0.0008 0.0000 81 mustang_mustang
Car 0.00 0.38 2 1 5 28 2 0 0 0 941.15 361.69 955.76 372.66 1.7203 2.2019 5.4994 1.9210 2.0044 -95.0057 1.6250 0.0007 0.0007 82 chargercop2020_chargercop2020
Car 1.00 1.00 0 0 2 6 0 0 0 0 -1000.00 -1000.00 -1000.00 -1000.00 1.6244 1.8781 3.8906 -80.2292 2.2091 89.8618 1.5860 0.0004 -0.0011 83 audi_a2
Car 0.00 1.00 0 0 0 0 0 0 0 0 406.50 362.88 444.40 374.29 1.6244 1.8781 3.8906 79.1068 2.0636 -86.5744 1.5799 0.0004 -0.0011 84 audi_a2
Car 1.00 1.00 0 0 0 0 0 0 0 0 -1000.00 -1000.00 -1000.00 -1000.00 1.3660 1.9896 4.9534 212.2254 2.0457 -112.7004 -1.5627 0.0007 0.0000 85 mustang_mustang
Car 0.00 1.00 0 0 0 0 0 0 0 0 1193.45 360.93 1203.23 365.50 1.6244 1.8781 3.8906 -85.6286 1.9597 -203.6464 -1.5823 0.0004 -0.0011 86 audi_a2
Car 0.00 1.00 0 0 0 0 0 0 0 0 1554.54 359.89 1574.52 365.97 1.9718 2.0005 4.0595 -198.7517 1.9393 -186.7254 2.0487 -0.0018 -0.0012 87 jeep_wrangler_rubicon
Car 0.00 1.00 0 0 0 0 0 0 0 0 1186.94 359.97 1196.87 365.36 1.9718 2.0005 4.0595 -85.7018 1.9617 -209.3492 -1.5801 -0.0009 -0.0001 88 jeep_wrangler_rubicon
Car 0.00 1.00 0 0 0 0 0 0 0 0 1099.36 361.19 1111.30 364.18 1.3660 1.9896 4.9534 -66.7772 1.9141 -259.1975 -3.1207 0.0006 0.0000 89 mustang_mustang
Motorcycle 1.00 1.00 0 0 0 0 0 0 0 0 -1000.00 -1000.00 -1000.00 -1000.00 1.6649 1.0692 2.4735 140.7330 2.0758 2.8690 1.5863 0.0039 0.0000 90 harley_davidson_low_rider
Car 1.00 1.00 0 0 0 0 0 0 0 0 -1000.00 -1000.00 -1000.00 -1000.00 1.5475 1.9070 4.4025 -83.8369 2.2179 97.8114 1.5857 0.0009 0.0000 91 seat_leon
Motorcycle 1.00 1.00 0 0 0 0 0 0 0 0 -1000.00 -1000.00 -1000.00 -1000.00 1.6387 1.2138 2.3199 129.3208 2.0680 -69.2106 0.2910 0.0004 -0.0007 92 yamaha_yzf
Cyclist 1.00 1.00 0 0 0 0 0 0 0 0 -1000.00 -1000.00 -1000.00 -1000.00 1.9311 0.5921 1.9272 -90.7137 2.1821 81.1284 -1.6086 -0.0016 0.0000 93 gazelle_omafiets
Car 1.00 1.00 0 0 0 0 0 0 0 0 -1000.00 -1000.00 -1000.00 -1000.00 1.5140 2.1024 4.9073 -138.3229 2.0716 -71.8063 -3.1307 -0.0015 0.0000 94 mercedesccc_mercedesccc
Car 0.00 1.00 0 0 0 0 0 0 0 0 749.67 361.53 760.55 365.92 1.4546 2.0938 4.3903 69.4947 1.9821 -192.5354 -1.5640 0.0009 0.0000 95 audi_tt
Car 0.00 1.00 0 0 0 0 0 0 0 0 1306.60 359.54 1329.68 369.58 2.1397 2.1728 4.7045 -77.9686 2.0415 -125.2233 1.5168 0.0015 -0.0000 96 volkswagen_t2
Car 1.00 1.00 0 0 0 0 0 0 0 0 -1000.00 -1000.00 -1000.00 -1000.00 1.5140 2.1024 4.9073 -87.0640 2.2008 78.8917 -1.5567 0.0009 0.0000 97 mercedesccc_mercedesccc
Car 1.00 1.00 0 0 0 0 0 0 0 0 -1000.00 -1000.00 -1000.00 -1000.00 1.4812 2.1349 5.6254 140.8233 2.0904 -2.6695 1.5863 0.0008 0.0000 98 chevrolet_impala
Car 1.00 1.00 0 0 0 0 0 0 0 0 -1000.00 -1000.00 -1000.00 -1000.00 1.5765 1.9374 3.8150 75.4139 2.1727 55.0014 1.5949 0.0009 0.0000 99 nissan_micra
Motorcycle 0.00 1.00 0 0 0 0 0 0 0 0 451.33 362.88 471.34 373.55 1.5853 1.1236 2.1350 75.6267 2.0283 -88.5604 1.5794 0.0008 0.0000 100 kawasaki_ninja
Car 1.00 1.00 0 0 0 0 0 0 0 0 -1000.00 -1000.00 -1000.00 -1000.00 1.9476 2.0282 4.8347 -209.5451 2.2159 112.5011 -2.5821 -0.0014 0.0121 101 nissan_patrol
Car 1.00 1.00 0 0 0 0 0 0 0 0 -1000.00 -1000.00 -1000.00 -1000.00 2.1397 2.1728 4.7045 -78.7801 2.1411 -7.7118 1.5839 0.0017 0.0000 102 volkswagen_t2
Car 1.00 1.00 0 0 0 0 0 0 0 0 -1000.00 -1000.00 -1000.00 -1000.00 1.3660 1.9896 4.9534 -205.5689 2.1061 16.9783 1.4526 0.0007 -0.0011 103 mustang_mustang
Car 1.00 1.00 8 5 10 44 0 0 0 0 -1000.00 -1000.00 -1000.00 -1000.00 1.5627 2.2716 5.0314 49.6395 2.1578 17.0749 0.0141 0.0009 0.0000 104 tesla_model3
Car 1.00 1.00 0 0 0 0 0 0 0 0 -1000.00 -1000.00 -1000.00 -1000.00 1.5542 2.3421 5.1370 154.9938 2.0841 -66.1658 -3.1198 -0.0002 0.0000 105 lincoln2020_mkz2020
Car 0.00 1.00 0 0 0 0 0 0 0 0 130.02 364.52 203.78 378.76 1.5627 2.2716 5.0314 89.9133 2.0870 -67.3725 -3.1242 0.0014 0.0000 106 tesla_model3
Car 1.00 1.00 0 0 0 0 0 0 0 0 -1000.00 -1000.00 -1000.00 -1000.00 1.5765 1.9374 3.8150 -88.8027 2.0835 -44.8843 -1.5481 0.0009 0.0000 107 nissan_micra
Cyclist 0.00 1.00 0 0 0 0 0 0 0 0 1482.61 361.04 1503.57 377.44 1.9311 0.5921 1.9272 -63.0798 2.0544 -70.0673 -3.1239 -0.0032 0.0000 108 gazelle_omafiets
Cyclist 0.00 1.00 0 0 0 0 0 0 0 0 1082.38 359.87 1086.53 363.76 1.9311 0.5921 1.9272 -61.8906 1.8674 -280.1158 0.0195 -0.0034 0.0000 109 gazelle_omafiets
Car 1.00 1.00 308 325 523 5865 0 0 80 0 -1000.00 -1000.00 -1000.00 -1000.00 1.4546 2.0938 4.3903 5.9791 2.1455 19.3904 -3.0459 -0.0099 -0.0002 110 audi_tt
Car 0.00 1.00 0 0 0 0 0 0 0 0 1427.24 360.97 1483.13 377.76 1.9476 2.0282 4.8347 -58.4819 2.0645 -69.9941 -3.1240 0.0005 0.0000 111 nissan_patrol
Car 0.00 1.00 0 3 4 11 12 0 0 0 959.31 362.71 973.39 370.56 1.4546 2.0938 4.3903 -1.2027 1.9932 -111.6529 1.7082 0.0017 -0.0001 112 audi_tt
Car 0.00 0.99 0 6 6 26 28 0 0 0 949.12 360.43 962.54 365.58 1.7506 2.3538 4.8416 1.4703 1.9105 -197.6737 -0.9630 0.0004 0.0027 113 bmw_grandtourer
Car 0.00 0.93 29 40 54 214 5 0 0 0 1093.34 360.79 1129.00 376.26 1.9718 2.0005 4.0595 -19.5603 2.0760 -76.3111 0.0180 0.0004 -0.0001 114 jeep_wrangler_rubicon
Motorcycle 0.00 1.00 0 0 0 0 0 0 0 0 18.43 362.51 52.31 373.67 1.6387 1.2138 2.3199 138.6305 2.0210 -87.6025 1.5864 0.0008 0.0000 115 yamaha_yzf
Car 0.00 0.94 26 34 51 200 34 0 0 0 973.97 362.29 1007.40 376.48 1.7203 2.2019 5.4994 -4.0541 2.0441 -76.6289 -2.0675 -0.0011 0.0062 116 chargercop2020_chargercop2020
Car 1.00 1.00 0 0 0 0 0 0 0 0 -1000.00 -1000.00 -1000.00 -1000.00 1.6980 1.9434 4.1871 131.0582 2.0515 -50.4254 -1.5553 0.0008 0.0000 117 citroen_c3
Car 1.00 1.00 0 0 0 0 0 0 0 0 -1000.00 -1000.00 -1000.00 -1000.00 1.5542 2.3421 5.1370 34.9140 -5.5373 120.0201 0.0178 -0.0540 -0.0001 118 lincoln2020_mkz2020
Car 1.00 1.00 54 69 102 3664 0 0 0 3 -1000.00 -1000.00 -1000.00 -1000.00 2.5908 2.7453 5.4640 65.3793 2.1970 38.5130 -1.5473 -0.0008 0.0000 119 carlamotors_carlacola
Car 0.00 1.00 0 0 0 0 0 0 0 0 502.41 362.66 531.50 372.21 1.5765 1.9374 3.8150 75.6399 2.0418 -99.1712 1.5789 0.0009 0.0000 120 nissan_micra
Car 1.00 1.00 0 0 0 0 0 0 0 0 -1000.00 -1000.00 -1000.00 -1000.00 1.4477 1.5550 2.3177 51.9273 -5.9615 116.8154 0.0170 -0.0160 -0.0000 121 bmw_isetta
Car 1.00 1.00 0 0 0 0 0 0 0 0 -1000.00 -1000.00 -1000.00 -1000.00 1.7173 2.2591 5.2781 186.1291 2.1027 -65.1013 -3.1182 -0.0070 0.0004 122 mercedes_benz_coupe
Car 1.00 1.00 439 443 721 6295 0 0 254 0 -1000.00 -1000.00 -1000.00 -1000.00 1.7173 2.2591 5.2781 -1.6193 2.1382 23.1985 -3.1238 -0.0041 0.0004 123 mercedes_benz_coupe
Car 0.00 1.00 0 0 0 0 0 0 0 0 432.91 361.51 452.64 367.69 1.5765 1.9374 3.8150 136.4689 1.9914 -150.7619 -1.4440 0.0035 0.0018 124 nissan_micra
Car 1.00 1.00 61 82 119 629 0 0 0 9 -1000.00 -1000.00 -1000.00 -1000.00 1.6115 2.2019 5.2564 43.2562 2.1533 16.8621 0.0600 0.0007 0.0007 125 charger2020_charger2020
Car 1.00 1.00 0 0 0 0 0 0 0 0 -1000.00 -1000.00 -1000.00 -1000.00 1.9476 2.0282 4.8347 68.8271 2.1679 47.8436 -1.5248 0.0005 0.0000 126 nissan_patrol
Car 0.00 1.00 0 0 0 0 0 0 0 0 1160.76 360.92 1169.62 364.45 1.5140 2.1024 4.9073 -89.6256 1.9243 -246.6295 -1.5818 0.0009 0.0000 127 mercedesccc_mercedesccc
Car 0.00 1.00 0 0 0 0 0 0 0 0 1291.39 361.22 1313.35 368.27 1.7173 2.2591 5.2781 -84.8979 2.0301 -142.0008 -1.5907 -0.0062 -0.0002 128 mercedes_benz_coupe
Car 0.00 0.35 62 66 109 407 30 0 0 0 1024.43 366.72 1062.36 387.32 1.4812 2.1349 5.6254 -6.5706 2.0486 -48.7866 -1.5613 -0.0013 0.0000 129 chevrolet_impala
Car 0.00 1.00 0 0 0 0 0 0 0 0 1301.47 359.52 1314.39 364.09 2.1397 2.1728 4.7045 -164.8276 1.9189 -267.0839 3.0234 0.0006 -0.0030 130 volkswagen_t2
Car 0.00 1.00 0 0 0 0 0 0 0 0 512.49 363.46 554.60 376.54 1.6244 1.8781 3.8906 54.2206 2.0727 -74.9996 0.0181 0.0004 -0.0011 131 audi_a2
Car 1.00 1.00 271 309 498 6070 0 0 39 0 -1000.00 -1000.00 -1000.00 -1000.00 1.9476 2.0282 4.8347 -14.2159 2.0486 27.3712 -2.1835 0.0244 -0.1511 132 nissan_patrol
Car 0.00 1.00 0 0 0 0 0 0 0 0 1207.04 360.75 1254.20 377.04 1.9476 2.0282 4.8347 -33.4290 2.0582 -73.0481 0.0185 0.0160 0.0000 133 nissan_patrol
Car 0.00 1.00 0 0 0 0 0 0 0 0 926.82 344.13 937.02 348.78 1.9476 2.0282 4.8347 13.5479 -5.5719 -271.9896 0.0117 -0.1289 0.0003 134 nissan_patrol
Car 1.00 0.00 8119 21832 34878 255062 0 2274 0 0 1894.00 705.00 1918.00 718.00 1.7506 2.3538 4.8416 -3.4684 2.0748 -3.9267 1.5734 0.0008 0.0000 135 bmw_grandtourer
Car 0.00 1.00 0 0 0 0 0 0 0 0 893.74 360.16 912.13 367.35 1.9476 2.0282 4.8347 15.5704 1.9935 -155.8708 -3.1280 0.0005 0.0000 136 nissan_patrol
Car 0.00 1.00 0 0 0 0 0 0 0 0 502.58 362.91 562.35 377.45 1.7203 2.2019 5.4994 51.7868 2.0810 -71.6987 0.0260 0.0007 0.0007 137 chargercop2020_chargercop2020
Car 0.00 0.69 16 24 30 288 7 0 0 0 782.27 355.70 835.73 378.59 2.5908 2.7453 5.4640 17.4114 2.1034 -68.6427 -3.1239 0.0008 0.0000 138 carlamotors_carlacola
Car 1.00 1.00 0 0 0 0 0 0 0 0 -1000.00 -1000.00 -1000.00 -1000.00 1.5863 2.2347 5.1468 116.5288 2.1567 18.0222 0.0141 0.0009 0.0000 139 lincoln_mkz2017
Car 1.00 1.00 0 0 0 0 0 0 0 0 -1000.00 -1000.00 -1000.00 -1000.00 1.9718 2.0005 4.0595 196.8084 2.0886 -68.9955 0.0202 -0.0015 -0.0001 140 jeep_wrangler_rubicon
Car 0.00 1.00 0 0 0 0 0 0 0 0 738.38 361.09 749.97 365.92 1.6011 2.1072 4.7392 72.9906 1.9770 -191.9883 -1.5626 0.0008 0.0000 141 toyota_prius
Car 1.00 1.00 0 0 0 0 0 0 0 0 -1000.00 -1000.00 -1000.00 -1000.00 1.7318 2.1344 5.0985 134.4608 2.0631 -44.3581 -1.5554 0.0008 0.0000 142 audi_etron
Car 1.00 1.00 0 0 0 0 0 0 0 0 -1000.00 -1000.00 -1000.00 -1000.00 2.2031 2.5091 6.5872 -85.1872 2.1101 -47.7515 -1.5558 0.0009 0.0000 143 tesla_cybertruck
Car 0.00 1.00 0 0 0 0 0 0 0 0 649.29 361.77 665.93 368.49 1.5765 1.9374 3.8150 72.6076 2.0091 -137.6174 -1.5628 0.0009 0.0000 144 nissan_micra
Car 0.00 1.00 1 0 0 0 0 0 0 0 943.12 363.03 955.31 371.67 1.4546 2.0938 4.3903 1.8963 2.0019 -101.8724 1.5909 0.0009 0.0000 145 audi_tt
Car 0.10 1.00 0 0 0 0 0 0 0 0 1872.34 362.25 1920.00 369.23 1.4812 2.1349 5.6254 -207.4004 1.9923 -127.0076 -1.5544 0.0007 0.0000 146 chevrolet_impala
Car 1.00 1.00 0 0 0 50 0 0 0 0 -1000.00 -1000.00 -1000.00 -1000.00 2.2031 2.5091 6.5872 -80.3162 2.2327 96.4993 1.5856 0.0008 0.0000 147 tesla_cybertruck
Car 0.00 1.00 0 0 0 0 0 0 0 0 1451.35 360.90 1504.17 378.99 1.9718 2.0005 4.0595 -57.8709 2.0814 -66.4871 -3.1240 0.0071 -0.0000 148 jeep_wrangler_rubicon
Car 0.35 1.00 0 0 0 0 0 0 0 0 1847.68 367.27 1920.00 383.28 1.3660 1.9896 4.9534 -88.5462 2.0854 -56.6619 -1.5557 0.0008 0.0000 149 mustang_mustang
Car 0.00 1.00 0 0 0 0 0 0 0 0 613.69 363.16 637.82 370.11 1.3660 1.9896 4.9534 68.9245 2.0364 -118.8641 -1.5714 0.0017 0.0000 150 mustang_mustang
Car 1.00 1.00 0 0 0 0 0 0 0 0 -1000.00 -1000.00 -1000.00 -1000.00 2.5908 2.7453 5.4640 -82.2796 2.1493 -11.3786 1.5503 0.0008 0.0000 151 carlamotors_carlacola
Car 1.00 1.00 0 0 0 0 0 0 0 0 -1000.00 -1000.00 -1000.00 -1000.00 1.5863 2.2347 5.1468 101.2823 2.1486 73.9042 0.0004 0.0001 -0.0006 152 lincoln_mkz2017
Car 0.00 1.00 0 0 0 0 0 0 0 0 1741.44 360.65 1770.52 366.20 1.7506 2.3538 4.8416 -257.3296 1.9707 -183.7090 -1.4851 0.0007 0.0015 153 bmw_grandtourer
Cyclist 0.00 1.00 0 0 0 0 0 0 0 0 701.84 360.00 706.52 366.38 1.9709 0.6705 1.7250 79.8701 1.9756 -177.5392 1.5791 0.0058 0.0000 154 diamondback_century
Cyclist 1.00 1.00 0 0 0 0 0 0 0 0 -1000.00 -1000.00 -1000.00 -1000.00 1.9311 0.5921 1.9272 -170.2419 2.0294 -76.3187 0.0110 -0.0032 0.0000 155 gazelle_omafiets
Motorcycle 0.00 1.00 0 0 0 0 0 0 0 0 529.05 361.03 540.73 367.06 1.6960 1.0692 2.4735 120.4014 1.9916 -161.4706 0.0143 0.0039 0.0000 156 harley_davidson_low_rider
Car 1.00 1.00 0 0 0 0 0 0 0 0 -1000.00 -1000.00 -1000.00 -1000.00 2.1397 2.1728 4.7045 -83.6724 2.2204 85.4035 1.5870 0.0009 0.0000 157 volkswagen_t2
Car 0.00 1.00 0 0 0 0 0 0 0 0 1092.76 360.76 1102.49 364.11 1.5488 2.0688 3.9961 -64.0951 1.9053 -262.6474 -3.1222 0.0014 0.0000 158 mini_cooperst
Cyclist 0.00 1.00 0 0 0 0 0 0 0 0 830.05 360.16 837.29 366.95 1.9311 0.5921 1.9272 36.0200 1.9786 -162.5140 -0.0076 -0.0021 0.0001 159 gazelle_omafiets
Car 0.00 0.08 125 161 254 1109 35 0 0 0 1116.00 370.94 1178.77 397.90 1.4812 2.1349 5.6254 -10.1968 2.0566 -35.0380 -1.5623 0.0044 0.0000 160 chevrolet_impala
Car 0.00 1.00 0 0 0 0 0 0 0 0 912.04 342.98 923.12 347.18 1.7173 2.2591 5.2781 20.7211 -6.4361 -275.3096 0.0235 -0.1248 -0.0014 161 mercedes_benz_coupe
Car 0.00 1.00 0 0 0 0 0 0 0 0 1478.37 360.10 1499.98 367.84 1.9718 2.0005 4.0595 -138.4991 2.0108 -149.5915 2.3867 -0.0006 -0.0064 162 jeep_wrangler_rubicon
Car 1.00 1.00 0 0 0 0 0 0 0 0 -1000.00 -1000.00 -1000.00 -1000.00 1.7506 2.3538 4.8416 71.8938 2.1853 58.5639 1.5949 0.0009 0.0000 163 bmw_grandtourer
Car 1.00 1.00 0 0 0 0 0 0 0 0 -1000.00 -1000.00 -1000.00 -1000.00 1.6115 2.2019 5.2564 137.4106 2.0791 -8.2562 1.6252 -0.0003 0.0006 164 charger2020_charger2020
Car 1.00 1.00 0 0 0 0 0 0 0 0 -1000.00 -1000.00 -1000.00 -1000.00 1.6244 1.8781 3.8906 73.5182 2.1288 -9.5579 1.5915 0.0004 -0.0011 165 audi_a2
Car 1.00 1.00 0 0 0 0 0 0 0 0 -1000.00 -1000.00 -1000.00 -1000.00 1.5475 1.9070 4.4025 53.1392 -5.9743 123.8210 0.0175 -0.0102 0.0000 166 seat_leon
Car 0.00 1.00 0 0 0 0 0 0 0 0 1715.30 361.14 1738.02 366.21 1.5765 1.9374 3.8150 -246.9461 1.9620 -183.0428 1.6912 0.0005 -0.0077 167 nissan_micra
Car 1.00 1.00 0 0 0 0 0 0 0 0 -1000.00 -1000.00 -1000.00 -1000.00 1.5863 2.2347 5.1468 -104.1340 2.2333 114.6053 0.0113 -0.0000 0.0000 168 lincoln_mkz2017
Car 0.00 1.00 0 0 0 0 0 0 0 0 1026.71 360.84 1044.80 367.01 1.7506 2.3538 4.8416 -21.7045 1.9943 -163.4165 0.0138 0.0008 0.0000 169 bmw_grandtourer
Car 0.00 1.00 0 0 0 0 0 0 0 0 560.11 364.89 618.52 377.50 1.4812 2.1349 5.6254 44.8763 2.0847 -71.6691 0.0177 0.0008 0.0000 170 chevrolet_impala
Car 0.00 1.00 0 0 0 0 0 0 0 0 210.14 361.66 247.09 367.85 1.4812 2.1349 5.6254 196.5155 2.0196 -153.4305 -2.7204 0.0007 -0.0331 171 chevrolet_impala
Car 1.00 1.00 0 0 0 0 0 0 0 0 -1000.00 -1000.00 -1000.00 -1000.00 1.6011 2.1072 4.7392 134.5542 2.0435 -50.3357 -1.5552 0.0009 0.0000 172 toyota_prius
Car 0.00 0.64 0 6 6 27 3 0 0 0 918.37 361.31 937.59 367.17 1.6115 2.2019 5.2564 8.9693 1.9920 -159.5147 -3.0318 -0.0089 0.0029 173 charger2020_charger2020
Car 1.00 1.00 0 0 0 0 0 0 0 0 -1000.00 -1000.00 -1000.00 -1000.00 1.5475 1.9070 4.4025 -88.6471 2.0919 -50.4780 -1.5556 0.0009 0.0000 174 seat_leon
Car 0.00 1.00 0 0 0 0 0 0 0 0 1165.59 358.35 1178.47 365.42 2.5908 2.7453 5.4640 -78.7027 1.9791 -210.3010 1.5590 0.0025 0.0000 175 carlamotors_carlacola
Car 0.00 1.00 0 0 0 0 0 0 0 0 567.51 361.78 592.82 367.14 1.4812 2.1349 5.6254 108.6341 2.0075 -163.0710 0.3657 0.0031 -0.0012 176 chevrolet_impala
Car 0.00 1.00 0 0 0 0 0 0 0 0 1013.67 355.25 1022.49 359.79 1.9718 2.0005 4.0595 -28.4561 -0.2345 -275.9884 0.0163 -0.1293 -0.0004 177 jeep_wrangler_rubicon
Car 0.00 1.00 0 0 0 0 0 0 0 0 1318.23 361.42 1338.30 369.00 1.6980 1.9434 4.1871 -84.6210 2.0320 -131.8977 -1.6080 0.0009 0.0000 178 citroen_c3
Car 0.00 0.35 11 15 22 93 24 0 0 0 942.39 362.92 956.29 373.49 1.5488 2.0688 3.9961 1.6287 2.0058 -88.9904 1.5917 0.0009 0.0000 179 mini_cooperst
Motorcycle 0.00 1.00 0 0 0 0 0 0 0 0 513.24 361.83 529.95 371.46 1.6960 1.0692 2.4735 79.2640 2.0391 -104.7208 1.5788 0.0068 0.0000 180 harley_davidson_low_rider
Car 1.00 1.00 0 0 0 0 0 0 0 0 -1000.00 -1000.00 -1000.00 -1000.00 1.4477 1.5550 2.3177 138.3759 2.1255 18.3174 0.0139 0.0117 0.0031 181 bmw_isetta
Cyclist 0.00 1.00 0 0 0 0 0 0 0 0 447.33 361.90 461.60 372.88 1.7065 0.8593 1.4873 79.2157 2.0172 -91.3224 1.5897 -0.0241 -0.0022 182 bh_crossbike
Car 0.00 1.00 0 0 0 0 0 0 0 0 853.55 340.00 864.01 343.42 1.6011 2.1072 4.7392 49.3955 -8.1231 -275.0143 0.0122 0.0006 0.0000 183 toyota_prius
Car 0.00 1.00 0 0 0 0 0 0 0 0 1214.09 361.36 1226.53 366.38 1.5488 2.0688 3.9961 -81.8476 1.9828 -178.8001 1.5591 0.0008 0.0000 184 mini_cooperst
Car 0.00 1.00 0 0 0 0 0 0 0 0 1296.96 361.23 1314.73 367.99 1.6980 1.9434 4.1871 -88.7034 2.0194 -146.6926 -1.5701 0.0007 0.0000 185 citroen_c3
Car 0.00 1.00 0 0 0 0 0 0 0 0 476.17 361.13 493.68 366.44 1.5765 1.9374 3.8150 143.9445 1.9259 -172.4516 1.5222 0.0009 0.0000 186 nissan_micra
Car 0.00 1.00 0 0 0 0 0 0 0 0 465.31 361.78 504.17 372.63 1.7506 2.3538 4.8416 79.1962 2.0542 -96.9393 1.5789 -0.0008 0.0000 187 bmw_grandtourer
Car 0.00 1.00 0 0 0 0 0 0 0 0 788.52 361.53 804.29 366.90 1.5488 2.0688 3.9961 47.6486 1.9971 -165.9680 0.0139 0.0009 0.0000 188 mini_cooperst
Car 0.34 1.00 0 0 0 0 0 0 0 0 1855.28 365.73 1920.00 384.12 1.5488 2.0688 3.9961 -85.0786 2.0883 -54.5105 -1.5559 0.0005 0.0000 189 mini_cooperst
Car 1.00 1.00 0 0 0 0 0 0 0 0 -1000.00 -1000.00 -1000.00 -1000.00 1.6011 2.1072 4.7392 199.8677 2.0819 -72.4255 0.0178 0.0009 0.0000 190 toyota_prius
Car 1.00 1.00 0 0 0 0 0 0 0 0 -1000.00 -1000.00 -1000.00 -1000.00 1.3660 1.9896 4.9534 76.8685 2.1359 -2.4004 1.5950 0.0009 0.0000 191 mustang_mustang
Car 0.00 1.00 0 0 0 0 0 0 0 0 1853.92 360.06 1888.84 367.04 1.9476 2.0282 4.8347 -261.6730 1.9781 -163.6674 -1.5438 0.0049 0.0000 192 nissan_patrol
Pedestrian 1.00 1.00 0 0 0 0 0 0 0 0 -1000.00 -1000.00 -1000.00 -1000.00 1.9158 0.4880 0.7507 -270.2972 1.8146 -154.6755 1.5661 0.0008 0.0000 193 pedestrian_0019
Pedestrian 0.00 1.00 0 0 0 0 0 0 0 0 1681.97 362.66 1686.11 366.59 1.1330 0.4333 0.6667 -210.1754 1.9082 -165.3726 -1.9026 0.0008 0.0000 194 pedestrian_0010
Pedestrian 0.00 1.00 0 0 0 0 0 0 0 0 546.80 359.65 549.48 366.12 1.9158 0.4880 0.4098 122.1868 1.8116 -168.9134 1.5072 0.0008 0.0000 195 pedestrian_0005
Pedestrian 0.00 1.00 0 0 0 0 0 0 0 0 418.83 359.45 423.15 367.48 1.9158 0.4880 0.5603 128.8698 1.7835 -136.9973 -1.7571 0.0008 0.0000 196 pedestrian_0003
Pedestrian 0.00 1.00 0 0 0 0 0 0 0 0 108.17 308.44 116.53 318.56 1.9158 0.4880 0.7507 165.9116 -8.1399 -112.9687 1.6053 0.0008 0.0000 197 pedestrian_0021
Pedestrian 1.00 1.00 0 0 0 0 0 0 0 0 -1000.00 -1000.00 -1000.00 -1000.00 1.9158 0.4880 0.7507 -250.6544 2.0242 93.1192 0.9279 0.0008 0.0000 198 pedestrian_0003
Pedestrian 0.00 1.00 0 0 0 0 0 0 0 0 1501.15 359.59 1502.67 363.93 1.9158 0.4880 0.4808 -239.9014 1.7352 -249.8477 -0.7735 0.0008 0.0000 199 pedestrian_0004
Pedestrian 1.00 1.00 0 0 0 0 0 0 0 0 -1000.00 -1000.00 -1000.00 -1000.00 1.9158 0.4880 0.5853 126.7879 2.0487 -59.7444 1.5531 0.0008 0.0000 200 pedestrian_0022
Pedestrian 0.00 1.00 0 0 0 0 0 0 0 0 1269.58 361.51 1271.18 365.91 1.3390 0.3253 0.3162 -94.6305 1.7989 -173.4671 -1.6573 0.0008 0.0000 201 pedestrian_0014
Pedestrian 1.00 1.00 0 0 0 0 0 0 0 0 -1000.00 -1000.00 -1000.00 -1000.00 1.9158 0.4880 0.4655 43.9012 1.9398 1.6785 -0.1110 0.0008 0.0000 202 pedestrian_0022
Pedestrian 0.00 1.00 0 0 0 0 0 0 0 0 721.98 359.46 730.46 380.33 1.9158 0.4880 0.5714 21.5712 1.8664 -55.6274 3.1239 0.0008 0.0000 203 pedestrian_0023
Pedestrian 0.00 1.00 0 1 1 2 0 0 0 0 924.61 363.32 927.16 372.68 1.3390 0.3253 0.2948 4.9003 1.8167 -84.0859 1.7828 0.0008 0.0000 204 pedestrian_0012
Pedestrian 0.00 1.00 0 1 3 4 0 0 0 0 1002.97 360.19 1005.15 367.07 1.9158 0.4880 0.7507 -12.3037 1.9686 -159.2538 1.6610 0.0008 0.0000 205 pedestrian_0019
Pedestrian 1.00 1.00 4 7 7 110 0 0 2 0 -1000.00 -1000.00 -1000.00 -1000.00 1.9158 0.4880 0.7343 -1.6531 2.0743 30.1511 -3.0694 0.0008 0.0000 206 pedestrian_0005
Pedestrian 1.00 1.00 0 0 0 0 0 0 0 0 -1000.00 -1000.00 -1000.00 -1000.00 1.9158 0.4880 0.6377 125.5848 2.0528 -64.4636 -1.2201 0.0008 0.0000 207 pedestrian_0026
Pedestrian 0.00 1.00 0 0 0 0 0 0 0 0 1309.69 359.67 1314.12 368.85 1.9158 0.4880 0.6768 -73.7052 1.8474 -120.5713 -1.5434 0.0008 0.0000 208 pedestrian_0015
Pedestrian 1.00 1.00 0 0 0 0 0 0 0 0 -1000.00 -1000.00 -1000.00 -1000.00 1.3390 0.3253 0.3368 -92.8719 2.0633 144.1698 -0.0092 0.0008 0.0000 209 pedestrian_0014
Pedestrian 1.00 1.00 0 0 0 0 0 0 0 0 -1000.00 -1000.00 -1000.00 -1000.00 1.9158 0.4880 0.7507 -107.7891 2.0708 143.5695 0.0621 0.0008 0.0000 210 pedestrian_0016
Pedestrian 1.00 1.00 0 0 0 0 0 0 0 0 -1000.00 -1000.00 -1000.00 -1000.00 1.3390 0.3253 0.3655 54.9275 1.9688 28.2022 -3.1323 0.0008 0.0000 211 pedestrian_0012
Pedestrian 0.00 1.00 0 0 0 0 0 0 0 0 612.55 363.92 617.19 370.17 1.1330 0.4333 0.6572 63.0919 1.8523 -105.8054 1.5590 0.0008 0.0000 212 pedestrian_0009
Pedestrian 1.00 1.00 0 0 0 0 0 0 0 0 -1000.00 -1000.00 -1000.00 -1000.00 1.1330 0.4333 0.6667 144.3927 1.8641 -31.8559 1.5635 0.0008 0.0000 213 pedestrian_0010
Pedestrian 1.00 1.00 0 0 0 0 0 0 0 0 -1000.00 -1000.00 -1000.00 -1000.00 1.9158 0.4880 0.7507 -271.9811 1.9030 -48.9301 -1.5361 0.0008 0.0000 214 pedestrian_0021
Pedestrian 1.00 1.00 0 0 0 0 0 0 0 0 -1000.00 -1000.00 -1000.00 -1000.00 1.9158 0.4880 0.7507 -95.4345 1.9904 50.1247 -1.5386 0.0008 0.0000 215 pedestrian_0018
Pedestrian 0.00 1.00 0 0 0 0 0 0 0 0 1774.00 359.61 1777.51 365.46 1.9158 0.4880 0.4753 -267.6233 1.7889 -186.3158 -1.4432 0.0008 0.0000 216 pedestrian_0020
Pedestrian 0.00 1.00 0 0 0 0 0 0 0 0 347.54 359.44 353.73 368.54 1.9158 0.4880 0.7507 128.5816 1.7967 -121.4368 1.6073 0.0008 0.0000 217 pedestrian_0017
Pedestrian 0.00 1.00 0 0 0 0 0 0 0 0 1114.01 359.63 1116.93 366.01 1.9158 0.4880 0.7507 -46.7715 1.8052 -171.2306 3.1091 0.0008 0.0000 218 pedestrian_0007
Pedestrian 1.00 1.00 0 0 0 0 0 0 0 0 -1000.00 -1000.00 -1000.00 -1000.00 1.1330 0.4333 0.3885 -148.1469 2.0358 -62.4853 -0.3017 0.0008 0.0000 219 pedestrian_0010
Pedestrian 1.00 1.00 3 4 6 30 0 0 0 0 -1000.00 -1000.00 -1000.00 -1000.00 1.9158 0.4880 0.5342 68.7584 2.1321 30.6881 -2.8744 0.0008 0.0000 220 pedestrian_0023
Pedestrian 0.00 1.00 0 0 0 0 0 0 0 0 742.02 359.48 743.77 364.43 1.9158 0.4880 0.5126 84.0993 1.7125 -219.1858 -3.0599 0.0008 0.0000 221 pedestrian_0024
Pedestrian 0.00 1.00 0 0 0 0 0 0 0 0 1769.38 362.68 1773.45 367.37 1.1330 0.4333 0.3774 -196.8016 1.7839 -138.9108 -1.5690 0.0008 0.0000 222 pedestrian_0011
Pedestrian 1.00 1.00 0 0 0 0 0 0 0 0 -1000.00 -1000.00 -1000.00 -1000.00 1.9158 0.4880 0.7507 -270.1802 1.8449 -120.5172 -1.5172 0.0008 0.0000 223 pedestrian_0016
Pedestrian 0.00 1.00 0 0 0 0 0 0 0 0 742.58 339.65 744.27 343.50 1.9158 0.4880 0.7032 108.8648 -8.3027 -283.0890 0.1668 0.0008 0.0000 224 pedestrian_0017
Pedestrian 0.00 1.00 0 0 0 0 0 0 0 0 167.40 311.96 171.98 321.31 1.9158 0.4880 0.4017 165.9758 -8.1464 -120.8827 -0.4354 0.0008 0.0000 225 pedestrian_0001
Pedestrian 1.00 1.00 0 0 0 0 0 0 0 0 -1000.00 -1000.00 -1000.00 -1000.00 1.9158 0.4880 0.6872 -196.7403 1.8757 -67.4304 -2.6451 0.0008 0.0000 226 pedestrian_0003
Pedestrian 1.00 1.00 0 0 0 0 0 0 0 0 -1000.00 -1000.00 -1000.00 -1000.00 1.9158 0.4880 0.7507 -153.0751 2.0339 -77.9378 -0.8504 0.0008 0.0000 227 pedestrian_0007
Pedestrian 1.00 1.00 0 0 0 0 0 0 0 0 -1000.00 -1000.00 -1000.00 -1000.00 1.1330 0.4333 0.6667 115.2122 1.8933 -59.0748 0.0196 0.0008 0.0000 228 pedestrian_0010
Pedestrian 0.00 1.00 0 0 0 0 0 0 0 0 1778.21 368.55 1792.64 381.60 1.1330 0.4333 0.5840 -72.8495 1.8931 -53.4010 1.3017 0.0008 0.0000 229 pedestrian_0010
Pedestrian 0.00 0.00 41 52 92 3568 6 0 0 3 414.49 396.44 444.66 472.46 1.3390 0.3253 0.4529 9.0352 1.8790 -13.9266 -0.8261 0.0008 0.0000 230 pedestrian_0013
Pedestrian 1.00 1.00 0 0 0 0 0 0 0 0 -1000.00 -1000.00 -1000.00 -1000.00 1.3390 0.3253 0.4317 196.9290 1.8858 -76.4856 -3.0872 0.0008 0.0000 231 pedestrian_0013
Pedestrian 0.00 1.00 0 0 0 0 0 0 0 0 705.01 359.67 708.36 367.42 1.9158 0.4880 0.7507 62.8313 1.8350 -141.9588 -1.5659 0.0008 0.0000 232 pedestrian_0020
Pedestrian 1.00 1.00 0 0 0 0 0 0 0 0 -1000.00 -1000.00 -1000.00 -1000.00 1.9158 0.4880 0.7422 104.5817 1.9733 87.3216 -0.0060 0.0008 0.0000 233 pedestrian_0021
Pedestrian 1.00 1.00 0 0 0 0 0 0 0 0 -1000.00 -1000.00 -1000.00 -1000.00 1.1330 0.4333 0.4562 -200.2686 1.8681 -36.5936 -1.5986 0.0008 0.0000 234 pedestrian_0009
Pedestrian 1.00 1.00 0 0 0 0 0 0 0 0 -1000.00 -1000.00 -1000.00 -1000.00 1.9158 0.4880 0.5026 224.3356 1.9479 -11.6833 -1.5444 0.0008 0.0000 235 pedestrian_0006
Pedestrian 0.00 1.00 0 0 0 0 0 0 0 0 1611.89 367.13 1620.78 378.01 1.1330 0.4333 0.4249 -68.9942 1.8855 -62.7460 -3.0944 0.0008 0.0000 236 pedestrian_0009
Pedestrian 0.00 1.00 0 0 0 0 0 0 0 0 1527.11 360.80 1535.34 374.21 1.9158 0.4880 0.7507 -81.9616 2.0307 -84.0092 0.1860 0.0008 0.0000 237 pedestrian_0026
Pedestrian 1.00 1.00 8 9 10 85 0 0 2 0 -1000.00 -1000.00 -1000.00 -1000.00 1.9158 0.4880 0.5557 9.1959 1.9401 51.2863 -2.0174 0.0008 0.0000 238 pedestrian_0021
Pedestrian 0.00 1.00 0 0 0 0 0 0 0 0 417.57 366.25 424.51 378.34 1.3390 0.3253 0.5005 60.2369 2.0410 -66.4295 1.7215 0.0008 0.0000 239 pedestrian_0012
Pedestrian 0.00 1.00 0 0 0 0 0 0 0 0 1206.10 359.59 1207.99 363.33 1.9158 0.4880 0.7507 -126.5089 1.7039 -288.3088 0.0028 0.0008 0.0000 240 pedestrian_0020
Pedestrian 1.00 1.00 0 0 0 0 0 0 0 0 -1000.00 -1000.00 -1000.00 -1000.00 1.1330 0.4333 0.6667 200.8192 -8.0785 -30.6038 -1.5606 0.0008 0.0000 241 pedestrian_0011
Pedestrian 0.00 1.00 0 0 0 0 0 0 0 0 808.85 359.64 810.73 366.04 1.9158 0.4880 0.4448 45.0380 1.8081 -170.6694 -3.1100 0.0008 0.0000 242 pedestrian_0002
Pedestrian 0.00 1.00 0 0 0 0 0 0 0 0 155.03 363.00 160.66 371.53 1.3390 0.3253 0.3847 126.4186 1.8133 -91.8316 1.6128 0.0008 0.0000 243 pedestrian_0014
Pedestrian 1.00 1.00 0 0 0 0 0 0 0 0 -1000.00 -1000.00 -1000.00 -1000.00 1.9158 0.4880 0.5476 56.9960 1.9505 -3.3135 -2.0403 0.0008 0.0000 244 pedestrian_0006
Pedestrian 1.00 1.00 0 0 0 0 0 0 0 0 -1000.00 -1000.00 -1000.00 -1000.00 1.9158 0.4880 0.6637 200.7940 -8.0938 -59.9602 -1.5537 0.0008 0.0000 245 pedestrian_0020
Pedestrian 0.00 1.00 0 0 0 0 0 0 0 0 1370.51 359.75 1378.64 373.77 1.9158 0.4880 0.7507 -56.8518 1.8819 -80.4900 0.0323 0.0008 0.0000 246 pedestrian_0022
Pedestrian 0.00 1.00 0 0 0 0 0 0 0 0 1173.86 359.62 1176.06 365.16 1.9158 0.4880 0.7389 -74.4952 1.7829 -196.5617 1.5464 0.0008 0.0000 247 pedestrian_0002
Pedestrian 0.00 1.00 0 0 0 0 0 0 0 0 60.41 359.41 70.60 371.22 1.9158 0.4880 0.7253 145.6228 1.8194 -94.7154 1.5413 0.0008 0.0000 248 pedestrian_0022
Pedestrian 1.00 1.00 0 0 0 0 0 0 0 0 -1000.00 -1000.00 -1000.00 -1000.00 1.9158 0.4880 0.7507 -57.9006 1.9159 -21.9792 1.6509 0.0008 0.0000 249 pedestrian_0006
Pedestrian 0.00 1.00 0 0 0 0 0 0 0 0 681.28 360.15 683.86 366.58 1.9158 0.4880 0.4829 82.8331 1.9621 -169.9677 2.8584 0.0008 0.0000 250 pedestrian_0019
Pedestrian 1.00 1.00 0 0 0 0 0 0 0 0 -1000.00 -1000.00 -1000.00 -1000.00 1.9158 0.4880 0.5945 -92.3259 1.9528 4.0440 -3.0591 0.0008 0.0000 251 pedestrian_0018
Pedestrian 1.00 1.00 0 0 0 0 0 0 0 0 -1000.00 -1000.00 -1000.00 -1000.00 1.9158 0.4880 0.7507 -270.9150 1.8636 -98.5093 -1.5269 0.0008 0.0000 252 pedestrian_0007
Pedestrian 0.00 1.00 0 0 0 0 0 0 0 0 708.76 359.67 711.81 367.39 1.9158 0.4880 0.6333 62.0487 1.8327 -142.2045 1.6096 0.0008 0.0000 253 pedestrian_0008
Pedestrian 1.00 1.00 0 0 0 0 0 0 0 0 -1000.00 -1000.00 -1000.00 -1000.00 1.9158 0.4880 0.4083 -253.4656 2.0198 88.0303 -2.1513 0.0008 0.0000 254 pedestrian_0022
Pedestrian 1.00 1.00 0 0 0 0 0 0 0 0 -1000.00 -1000.00 -1000.00 -1000.00 1.9158 0.4880 0.4608 -164.7788 2.0687 142.7950 0.4712 0.0008 0.0000 255 pedestrian_0024
Pedestrian 1.00 1.00 0 0 0 0 0 0 0 0 -1000.00 -1000.00 -1000.00 -1000.00 1.1330 0.4333 0.5797 208.8362 1.9056 -48.5071 -1.5107 0.0008 0.0000 256 pedestrian_0011
Pedestrian 0.00 1.00 0 0 0 0 0 0 0 0 1834.72 359.70 1844.85 371.33 1.9158 0.4880 0.7507 -145.5775 1.8662 -96.1959 -1.5009 0.0008 0.0000 257 pedestrian_0006
Pedestrian 0.00 1.00 0 0 0 0 0 0 0 0 345.52 359.67 350.46 366.95 1.9158 0.4880 0.7507 161.1841 1.8283 -150.4557 -3.1077 0.0008 0.0000 258 pedestrian_0005
Pedestrian 1.00 1.00 0 0 0 0 0 0 0 0 -1000.00 -1000.00 -1000.00 -1000.00 1.9158 0.4880 0.5705 56.0261 1.9479 -6.3360 -1.9378 0.0008 0.0000 259 pedestrian_0003
Pedestrian 0.00 1.00 0 0 0 0 0 0 0 0 137.02 310.26 144.66 319.99 1.9158 0.4880 0.7170 166.1870 -8.1431 -116.9272 1.5814 0.0008 0.0000 260 pedestrian_0001
Pedestrian 0.00 1.00 0 0 0 0 0 0 0 0 706.59 361.93 708.71 367.31 1.3390 0.3253 0.5005 63.0763 1.8237 -143.0220 -1.5045 0.0008 0.0000 261 pedestrian_0014
Pedestrian 0.00 1.00 0 0 0 0 0 0 0 0 1196.41 359.81 1205.77 378.39 1.9158 0.4880 0.7507 -24.9802 1.8965 -61.9150 -3.0965 0.0008 0.0000 262 pedestrian_0020
Pedestrian 1.00 1.00 0 0 0 0 0 0 0 0 -1000.00 -1000.00 -1000.00 -1000.00 1.9158 0.4880 0.6221 -215.8474 1.9224 14.4646 -1.6354 0.0008 0.0000 263 pedestrian_0025
Pedestrian 1.00 1.00 3 6 9 44 0 0 0 6 -1000.00 -1000.00 -1000.00 -1000.00 1.9158 0.4880 0.7507 57.7636 2.1163 12.4762 -1.5519 0.0008 0.0000 264 pedestrian_0026
Pedestrian 0.00 1.00 0 0 0 0 0 0 0 0 1245.11 359.58 1247.08 363.33 1.9158 0.4880 0.7507 -146.6080 1.7029 -288.5083 -3.1245 0.0008 0.0000 265 pedestrian_0025
Pedestrian 0.00 1.00 0 0 0 0 0 0 0 0 770.87 361.64 772.39 365.42 1.3390 0.3253 0.4238 66.8077 1.9216 -201.0550 3.1166 0.0008 0.0000 266 pedestrian_0013
Pedestrian 0.00 1.00 0 0 0 0 0 0 0 0 674.34 359.64 676.63 365.92 1.9158 0.4880 0.3871 87.0153 1.8064 -173.9940 1.3929 0.0008 0.0000 267 pedestrian_0015
Pedestrian 0.00 1.00 0 0 0 0 0 0 0 0 460.51 359.45 463.78 367.01 1.9158 0.4880 0.3850 126.3985 1.7764 -145.1995 2.8371 0.0008 0.0000 268 pedestrian_0021
Pedestrian 1.00 1.00 0 0 0 0 0 0 0 0 -1000.00 -1000.00 -1000.00 -1000.00 1.1330 0.4333 0.4069 -59.6835 2.0590 144.2257 -3.1194 0.0008 0.0000 269 pedestrian_0010
Pedestrian 0.00 0.25 10 12 16 154 5 0 0 0 1225.55 359.36 1238.30 395.37 1.9158 0.4880 0.4691 -14.5424 1.8704 -34.2407 1.6739 0.0008 0.0000 270 pedestrian_0023
Pedestrian 1.00 1.00 1 1 4 21 0 0 1 0 -1000.00 -1000.00 -1000.00 -1000.00 1.3390 0.3253 0.3704 11.6953 1.9354 55.5334 -1.8800 0.0008 0.0000 271 pedestrian_0013
Pedestrian 0.00 1.00 0 0 0 0 0 0 0 0 1356.01 359.59 1357.73 363.45 1.9158 0.4880 0.5933 -196.9426 1.7104 -279.5258 -0.3761 0.0008 0.0000 272 pedestrian_0016
Pedestrian 1.00 1.00 0 0 0 5 0 0 0 0 -1000.00 -1000.00 -1000.00 -1000.00 1.3390 0.3253 0.5005 -126.8996 1.9713 78.5864 0.0672 0.0008 0.0000 273 pedestrian_0014
Pedestrian 0.00 1.00 0 0 0 0 0 0 0 0 1358.99 359.64 1362.49 366.88 1.9158 0.4880 0.5959 -106.3221 1.8203 -151.5349 -0.1614 0.0008 0.0000 274 pedestrian_0019
Pedestrian 0.00 1.00 0 0 0 0 0 0 0 0 918.49 361.52 920.21 365.98 1.3390 0.3253 0.4866 12.2381 1.7982 -171.3563 3.1198 0.0008 0.0000 275 pedestrian_0013
Pedestrian 0.00 1.00 0 0 0 0 0 0 0 0 892.71 359.64 895.42 366.02 1.9158 0.4880 0.7507 19.8126 1.8071 -171.0266 3.1314 0.0008 0.0000 276 pedestrian_0023
Pedestrian 1.00 1.00 0 0 0 0 0 0 0 0 -1000.00 -1000.00 -1000.00 -1000.00 1.1330 0.4333 0.5595 125.0222 2.0430 -62.5944 -1.2947 0.0008 0.0000 277 pedestrian_0011
Pedestrian 0.00 1.00 0 0 0 0 0 0 0 0 556.12 361.55 558.58 366.06 1.3390 0.3253 0.5005 119.9899 1.8025 -169.6509 -0.0717 0.0008 0.0000 278 pedestrian_0012
Pedestrian 0.00 1.00 0 0 0 0 0 0 0 0 963.12 346.99 964.22 351.34 1.9158 0.4880 0.4886 -1.6257 -3.8434 -250.1479 3.1350 0.0008 0.0000 279 pedestrian_0015
Pedestrian 1.00 1.00 0 0 0 0 0 0 0 0 -1000.00 -1000.00 -1000.00 -1000.00 1.9158 0.4880 0.7507 122.9003 1.9452 53.7184 -1.3019 0.0008 0.0000 280 pedestrian_0017
Pedestrian 1.00 1.00 0 0 0 0 0 0 0 0 -1000.00 -1000.00 -1000.00 -1000.00 1.9158 0.4880 0.7507 199.9226 -7.9100 33.6821 -1.5420 0.0008 0.0000 281 pedestrian_0005
Pedestrian 0.00 1.00 0 0 0 0 0 0 0 0 718.71 362.27 719.97 365.52 1.1330 0.4333 0.3527 84.0964 1.9268 -198.1616 -2.8485 0.0008 0.0000 282 pedestrian_0009
Pedestrian 0.00 1.00 0 0 0 0 0 0 0 0 1195.92 361.87 1197.70 364.76 1.1330 0.4333 0.6667 -93.4806 1.8743 -223.2733 1.5400 0.0008 0.0000 283 pedestrian_0009
Pedestrian 1.00 1.00 0 0 0 0 0 0 0 0 -1000.00 -1000.00 -1000.00 -1000.00 1.1330 0.4333 0.4160 208.4557 1.8432 -120.9653 1.5648 0.0008 0.0000 284 pedestrian_0009
Pedestrian 0.00 1.00 0 0 0 0 0 0 0 0 1574.86 359.51 1578.57 365.58 1.9158 0.4880 0.7131 -195.2412 1.7605 -179.9498 2.1414 0.0008 0.0000 285 pedestrian_0024
Pedestrian 0.00 1.00 0 0 0 0 0 0 0 0 106.15 359.41 117.00 372.16 1.9158 0.4880 0.7507 128.0523 1.8268 -88.1371 -1.5337 0.0008 0.0000 286 pedestrian_0023
Pedestrian 1.00 1.00 0 0 0 0 0 0 0 0 -1000.00 -1000.00 -1000.00 -1000.00 1.9158 0.4880 0.7507 -93.7341 1.9244 -29.2696 1.5643 0.0008 0.0000 287 pedestrian_0015
Pedestrian 0.00 1.00 0 0 0 0 0 0 0 0 963.67 347.12 965.08 351.45 1.9158 0.4880 0.5343 -1.9459 -3.8020 -250.7834 -0.2247 0.0008 0.0000 288 pedestrian_0025
Pedestrian 1.00 1.00 0 0 0 0 0 0 0 0 -1000.00 -1000.00 -1000.00 -1000.00 1.1330 0.4333 0.4903 165.6664 -7.3189 114.1821 2.3299 0.0008 0.0000 289 pedestrian_0009
Pedestrian 1.00 1.00 0 0 0 0 0 0 0 0 -1000.00 -1000.00 -1000.00 -1000.00 1.9158 0.4880 0.5393 -147.0926 2.0281 -84.9937 0.2555 0.0008 0.0000 290 pedestrian_0019
Pedestrian 1.00 1.00 0 0 0 0 0 0 0 0 -1000.00 -1000.00 -1000.00 -1000.00 1.9158 0.4880 0.7507 -204.4003 1.9483 47.3013 0.9249 0.0008 0.0000 291 pedestrian_0007
Pedestrian 1.00 1.00 0 0 0 0 0 0 0 0 -1000.00 -1000.00 -1000.00 -1000.00 1.9158 0.4880 0.7507 -272.7637 1.9395 -5.9177 -1.6025 0.0008 0.0000 292 pedestrian_0021
Pedestrian 1.00 1.00 0 0 0 0 0 0 0 0 -1000.00 -1000.00 -1000.00 -1000.00 1.3390 0.3253 0.2738 106.4590 1.9536 8.6273 3.1109 0.0008 0.0000 293 pedestrian_0014
Pedestrian 1.00 1.00 0 0 0 0 0 0 0 0 -1000.00 -1000.00 -1000.00 -1000.00 1.9158 0.4880 0.7475 17.0057 -4.1596 144.3014 0.0205 0.0008 0.0000 294 pedestrian_0002
Pedestrian 1.00 1.00 134 146 238 13760 0 39 41 0 -1000.00 -1000.00 -1000.00 -1000.00 1.9158 0.4880 0.7507 -7.9903 2.0548 7.4213 0.0541 0.0008 0.0000 295 pedestrian_0026
Pedestrian 1.00 1.00 386 404 663 7966 0 0 0 71 -1000.00 -1000.00 -1000.00 -1000.00 1.9158 0.4880 0.7155 5.6527 1.8900 -6.1722 -1.5528 0.0008 0.0000 296 pedestrian_0020
Pedestrian 0.00 1.00 0 0 0 0 0 0 0 0 571.43 359.85 581.80 378.84 1.9158 0.4880 0.7117 38.8529 1.9008 -60.6539 0.0173 0.0008 0.0000 297 pedestrian_0016
Pedestrian 0.00 1.00 0 0 0 0 0 0 0 0 1871.81 359.81 1886.37 377.56 1.9158 0.4880 0.7507 -99.6080 1.8953 -64.5518 -0.0205 0.0008 0.0000 298 pedestrian_0024
Pedestrian 1.00 1.00 0 0 0 0 0 0 0 0 -1000.00 -1000.00 -1000.00 -1000.00 1.9158 0.4880 0.6736 81.7543 -6.4680 109.0217 -0.0177 0.0008 0.0000 299 pedestrian_0001
Pedestrian 0.00 1.00 0 0 2 4 0 0 0 0 929.05 359.46 931.47 365.59 1.9158 0.4880 0.7507 9.3211 1.7466 -178.1927 2.0527 0.0008 0.0000 300 pedestrian_0025
Pedestrian 0.00 1.00 0 0 0 2 0 0 0 0 1061.43 359.46 1064.61 368.12 1.9158 0.4880 0.5048 -22.8448 1.7962 -127.3872 2.3566 0.0008 0.0000 301 pedestrian_0016
Pedestrian 0.00 1.00 0 0 0 0 0 0 0 0 860.27 359.85 867.92 379.12 1.9158 0.4880 0.7507 9.5914 1.9012 -59.9151 -2.9711 0.0008 0.0000 302 pedestrian_0006
Pedestrian 1.00 1.00 0 0 0 0 0 0 0 0 -1000.00 -1000.00 -1000.00 -1000.00 1.3390 0.3253 0.3856 55.3249 1.9694 28.8641 3.1249 0.0008 0.0000 303 pedestrian_0012
Pedestrian 0.00 1.00 0 0 0 0 0 0 0 0 1406.65 359.59 1408.84 363.59 1.9158 0.4880 0.7507 -214.9844 1.7193 -270.6096 -0.5287 0.0008 0.0000 304 pedestrian_0024
Pedestrian 1.00 1.00 0 0 0 0 0 0 0 0 -1000.00 -1000.00 -1000.00 -1000.00 1.3390 0.3253 0.3573 -53.2791 2.0640 143.6656 -2.9922 0.0008 0.0000 305 pedestrian_0013
Pedestrian 1.00 1.00 0 0 0 0 0 0 0 0 -1000.00 -1000.00 -1000.00 -1000.00 1.1330 0.4333 0.5550 -264.6450 1.9894 65.9991 -1.9496 0.0008 0.0000 306 pedestrian_0011
Pedestrian 0.00 1.00 0 0 0 0 0 0 0 0 1289.75 360.21 1293.56 367.36 1.9158 0.4880 0.7342 -89.0606 1.9716 -153.3209 3.0834 0.0008 0.0000 307 pedestrian_0024
Pedestrian 1.00 1.00 0 0 0 0 0 0 0 0 -1000.00 -1000.00 -1000.00 -1000.00 1.9158 0.4880 0.4036 -273.1479 1.9493 5.6668 -1.8231 0.0008 0.0000 308 pedestrian_0004
Pedestrian 1.00 1.00 0 0 0 42 0 0 0 0 -1000.00 -1000.00 -1000.00 -1000.00 1.9158 0.4880 0.7060 37.8348 1.9597 8.0844 -3.0771 0.0008 0.0000 309 pedestrian_0019
Pedestrian 1.00 1.00 0 0 0 0 0 0 0 0 -1000.00 -1000.00 -1000.00 -1000.00 1.3390 0.3253 0.3631 148.2195 1.8961 -58.4204 -0.0188 0.0008 0.0000 310 pedestrian_0012
Pedestrian 0.00 1.00 0 0 0 0 0 0 0 0 547.07 359.65 549.09 366.10 1.9158 0.4880 0.4316 122.5886 1.8112 -169.4292 -2.3953 0.0008 0.0000 311 pedestrian_0022
Pedestrian 0.00 1.00 0 0 0 0 0 0 0 0 703.64 359.63 705.79 365.16 1.9158 0.4880 0.7507 88.6381 1.7870 -196.9306 -1.4203 0.0008 0.0000 312 pedestrian_0018
Pedestrian 1.00 1.00 0 0 0 0 0 0 0 0 -1000.00 -1000.00 -1000.00 -1000.00 1.9158 0.4880 0.6921 -131.4839 1.9455 -4.8285 0.8631 0.0008 0.0000 313 pedestrian_0022
Pedestrian 0.00 1.00 0 0 0 0 0 0 0 0 819.18 359.65 821.40 366.88 1.9158 0.4880 0.3891 37.0953 1.8240 -151.6470 2.8958 0.0008 0.0000 314 pedestrian_0005
Pedestrian 1.00 1.00 126 113 205 14342 0 20 33 0 -1000.00 -1000.00 -1000.00 -1000.00 1.9158 0.4880 0.7507 -10.1420 2.0543 6.8427 -0.0387 0.0008 0.0000 315 pedestrian_0018
Pedestrian 1.00 1.00 0 0 0 0 0 0 0 0 -1000.00 -1000.00 -1000.00 -1000.00 1.9158 0.4880 0.7104 -267.9068 1.9908 54.3862 -1.8091 0.0008 0.0000 316 pedestrian_0024
Pedestrian 0.00 1.00 0 0 0 0 0 0 0 0 1220.02 359.76 1226.33 373.62 1.9158 0.4880 0.6396 -36.4803 1.8822 -81.3127 -3.1199 0.0008 0.0000 317 pedestrian_0002
Pedestrian 0.00 1.00 0 0 0 0 0 0 0 0 1196.37 361.31 1197.55 364.67 1.3390 0.3253 0.3417 -94.6782 1.8629 -225.9382 1.5610 0.0008 0.0000 318 pedestrian_0013
Pedestrian 0.00 1.00 0 0 0 0 0 0 0 0 1213.36 359.61 1216.45 368.50 1.9158 0.4880 0.4484 -55.0767 1.8313 -124.2399 -0.8405 0.0008 0.0000 319 pedestrian_0018
Pedestrian 0.00 1.00 0 0 0 0 0 0 0 0 1529.85 359.65 1533.63 367.62 1.9158 0.4880 0.4676 -137.7689 1.8309 -138.0374 -1.2540 0.0008 0.0000 320 pedestrian_0006
Pedestrian 0.00 1.00 0 0 0 0 0 0 0 0 1149.74 359.59 1151.54 363.34 1.9158 0.4880 0.7507 -97.4262 1.7052 -287.7351 0.0230 0.0008 0.0000 321 pedestrian_0021
Pedestrian 0.00 1.00 0 0 0 0 0 0 0 0 1581.78 366.18 1589.23 374.17 1.1330 0.4333 0.5713 -89.4074 2.0193 -83.7051 -0.0189 0.0008 0.0000 322 pedestrian_0010
Pedestrian 0.00 1.00 0 0 0 0 0 0 0 0 350.64 359.86 360.94 379.03 1.9158 0.4880 0.5038 60.7107 1.9023 -60.1749 -2.9914 0.0008 0.0000 323 pedestrian_0022
Pedestrian 0.00 1.00 0 0 0 0 0 0 0 0 1516.69 359.81 1528.59 378.12 1.9158 0.4880 0.7507 -59.1332 1.8960 -62.7356 3.1296 0.0008 0.0000 324 pedestrian_0015
Pedestrian 1.00 1.00 4 5 8 28 0 2 0 0 -1000.00 -1000.00 -1000.00 -1000.00 1.9158 0.4880 0.6511 -54.6130 1.9573 8.1808 3.1011 0.0008 0.0000 325 pedestrian_0005
Pedestrian 1.00 1.00 0 0 0 0 0 0 0 0 -1000.00 -1000.00 -1000.00 -1000.00 1.9158 0.4880 0.6192 198.4055 -7.8270 50.7693 -1.3620 0.0008 0.0000 326 pedestrian_0006
Pedestrian 1.00 1.00 0 0 0 0 0 0 0 0 -1000.00 -1000.00 -1000.00 -1000.00 1.9158 0.4880 0.7507 191.2269 1.9075 -58.1452 -3.1285 0.0008 0.0000 327 pedestrian_0002
Pedestrian 1.00 1.00 0 0 0 0 0 0 0 0 -1000.00 -1000.00 -1000.00 -1000.00 1.9158 0.4880 0.6038 60.5328 1.9586 5.5914 -2.8890 0.0008 0.0000 328 pedestrian_0015
Pedestrian 1.00 1.00 0 0 0 0 0 0 0 0 -1000.00 -1000.00 -1000.00 -1000.00 1.9158 0.4880 0.5816 -159.0942 2.0685 142.4215 3.1287 0.0008 0.0000 329 pedestrian_0005
Pedestrian 0.00 1.00 0 0 0 0 0 0 0 0 1224.33 361.09 1226.05 363.30 1.1330 0.4333 0.6667 -136.1105 1.6923 -288.9534 0.1683 0.0008 0.0000 330 pedestrian_0010
Pedestrian 1.00 1.00 0 0 0 0 0 0 0 0 -1000.00 -1000.00 -1000.00 -1000.00 1.9158 0.4880 0.6906 56.9804 1.9877 40.5140 1.5342 0.0008 0.0000 331 pedestrian_0001
Pedestrian 1.00 1.00 0 0 0 0 0 0 0 0 -1000.00 -1000.00 -1000.00 -1000.00 1.9158 0.4880 0.3820 -93.8592 1.9486 -0.8579 -0.3940 0.0008 0.0000 332 pedestrian_0017
Pedestrian 0.00 1.00 0 0 0 0 0 0 0 0 1431.40 359.78 1438.70 373.59 1.9158 0.4880 0.5972 -66.1229 1.8846 -81.6308 0.0313 0.0008 0.0000 333 pedestrian_0023
Pedestrian 1.00 1.00 0 0 0 0 0 0 0 0 -1000.00 -1000.00 -1000.00 -1000.00 1.3390 0.3253 0.3906 -94.7542 1.9846 52.4664 -1.4878 0.0008 0.0000 334 pedestrian_0013
Pedestrian 0.00 1.00 0 0 0 0 0 0 0 0 1195.31 359.51 1197.16 364.25 1.9158 0.4880 0.4890 -95.5147 1.7166 -228.5787 0.3110 0.0008 0.0000 335 pedestrian_0019
Pedestrian 1.00 1.00 177 193 339 5712 0 0 44 0 -1000.00 -1000.00 -1000.00 -1000.00 1.9158 0.4880 0.7098 3.6208 1.9028 7.5141 -0.3378 0.0008 0.0000 336 pedestrian_0017
Pedestrian 0.00 1.00 0 0 0 0 0 0 0 0 1212.47 359.59 1214.33 363.33 1.9158 0.4880 0.7174 -129.7401 1.7041 -288.2617 0.0780 0.0008 0.0000 337 pedestrian_0025
Pedestrian 0.00 1.00 0 0 0 0 0 0 0 0 707.96 339.35 709.71 343.27 1.9158 0.4880 0.7507 124.3708 -8.2946 -278.9326 -2.8013 0.0008 0.0000 338 pedestrian_0006
Pedestrian 0.00 1.00 0 0 0 0 0 0 0 0 771.72 338.61 773.42 341.22 1.1330 0.4333 0.6097 82.6243 -8.2861 -248.8136 -3.1267 0.0008 0.0000 339 pedestrian_0011
Pedestrian 1.00 1.00 0 0 0 0 0 0 0 0 -1000.00 -1000.00 -1000.00 -1000.00 1.1330 0.4333 0.5556 124.4507 2.0970 15.2186 -1.4331 0.0008 0.0000 340 pedestrian_0011
Pedestrian 1.00 1.00 0 0 0 0 0 0 0 0 -1000.00 -1000.00 -1000.00 -1000.00 1.3390 0.3253 0.2857 208.1682 1.8625 -104.0890 -1.5498 0.0008 0.0000 341 pedestrian_0013
Pedestrian 0.00 1.00 0 0 0 0 0 0 0 0 1399.34 359.76 1407.62 373.71 1.9158 0.4880 0.7507 -61.1386 1.8833 -80.8943 0.0060 0.0008 0.0000 342 pedestrian_0007
Pedestrian 0.00 1.00 0 0 0 0 0 0 0 0 538.28 359.85 549.24 378.70 1.9158 0.4880 0.7507 42.5318 1.9010 -61.1195 -3.0215 0.0008 0.0000 343 pedestrian_0021
Pedestrian 1.00 1.00 0 0 0 0 0 0 0 0 -1000.00 -1000.00 -1000.00 -1000.00 1.1330 0.4333 0.6148 200.5554 -8.0952 -49.0045 -1.5671 0.0008 0.0000 344 pedestrian_0010
Pedestrian 1.00 1.00 56 66 111 1278 0 0 14 0 -1000.00 -1000.00 -1000.00 -1000.00 1.9158 0.4880 0.5377 4.1401 2.0633 13.6030 -0.8568 0.0008 0.0000 345 pedestrian_0021
Pedestrian 1.00 1.00 0 0 0 0 0 0 0 0 -1000.00 -1000.00 -1000.00 -1000.00 1.3390 0.3253 0.3147 92.8165 1.9790 65.7156 -2.1287 0.0008 0.0000 346 pedestrian_0014
Pedestrian 0.00 1.00 0 0 0 0 0 0 0 0 1552.44 361.02 1561.41 376.87 1.9158 0.4880 0.5706 -72.5850 2.0412 -71.8800 -1.6886 0.0008 0.0000 347 pedestrian_0023
Pedestrian 0.00 1.00 0 0 0 0 0 0 0 0 269.30 361.40 283.19 380.86 1.9158 0.4880 0.7507 67.6941 2.0556 -59.3570 -3.0916 0.0008 0.0000 348 pedestrian_0008
Pedestrian 1.00 1.00 0 0 0 0 0 0 0 0 -1000.00 -1000.00 -1000.00 -1000.00 1.9158 0.4880 0.7507 -272.6698 1.9662 25.4625 1.4713 0.0008 0.0000 349 pedestrian_0006
Pedestrian 0.00 1.00 0 0 0 0 0 0 0 0 437.02 359.45 441.72 367.28 1.9158 0.4880 0.6839 127.7263 1.7805 -140.4586 -1.7160 0.0008 0.0000 350 pedestrian_0022
Pedestrian 0.00 1.00 0 0 0 0 0 0 0 0 688.62 360.15 691.41 366.54 1.9158 0.4880 0.5928 81.0842 1.9612 -170.9393 -0.0356 0.0008 0.0000 351 pedestrian_0023
Pedestrian 0.00 1.00 0 0 0 0 0 0 0 0 636.22 359.64 639.61 366.01 1.9158 0.4880 0.7363 97.1486 1.8087 -171.6576 3.0940 0.0008 0.0000 352 pedestrian_0006
Pedestrian 0.00 1.00 0 0 0 0 0 0 0 0 667.82 359.69 671.90 368.72 1.9158 0.4880 0.7507 61.7365 1.8495 -122.4201 1.5962 0.0008 0.0000 353 pedestrian_0024
Pedestrian 1.00 1.00 0 0 0 0 0 0 0 0 -1000.00 -1000.00 -1000.00 -1000.00 1.1330 0.4333 0.4471 -165.3130 2.0568 142.2294 0.0595 0.0008 0.0000 354 pedestrian_0011
Pedestrian 1.00 1.00 0 0 0 0 0 0 0 0 -1000.00 -1000.00 -1000.00 -1000.00 1.9158 0.4880 0.6398 103.3402 1.9643 9.6405 3.0262 0.0008 0.0000 355 pedestrian_0017
Pedestrian 1.00 1.00 0 0 0 0 0 0 0 0 -1000.00 -1000.00 -1000.00 -1000.00 1.3390 0.3253 0.3361 164.8962 -8.0767 -28.8637 -1.6662 0.0008 0.0000 356 pedestrian_0012
Pedestrian 0.00 1.00 0 0 0 0 0 0 0 0 1304.03 359.58 1305.56 363.35 1.9158 0.4880 0.4456 -175.6154 1.7038 -286.7822 -2.9052 0.0008 0.0000 357 pedestrian_0020
Pedestrian 0.00 1.00 0 0 0 0 0 0 0 0 860.39 359.77 866.56 373.92 1.9158 0.4880 0.7507 13.1068 1.8842 -79.7479 -0.0034 0.0008 0.0000 358 pedestrian_0017
Pedestrian 1.00 1.00 5 9 14 15 0 0 0 0 -1000.00 -1000.00 -1000.00 -1000.00 1.9158 0.4880 0.4937 -21.6311 1.9580 8.5153 -3.0150 0.0008 0.0000 359 pedestrian_0025
Pedestrian 0.00 1.00 0 0 0 0 0 0 0 0 1768.24 361.33 1770.97 365.39 1.3390 0.3253 0.5005 -267.8349 1.7803 -187.8417 -0.9471 0.0008 0.0000 360 pedestrian_0013
Pedestrian 0.00 1.00 0 0 0 0 0 0 0 0 1306.51 360.71 1307.52 363.35 1.3390 0.3253 0.3345 -176.1720 1.6981 -285.8633 -0.1570 0.0008 0.0000 361 pedestrian_0013
Pedestrian 1.00 1.00 0 0 0 3 0 0 0 0 -1000.00 -1000.00 -1000.00 -1000.00 1.3390 0.3253 0.4309 86.3414 2.1189 24.4654 -1.6770 0.0008 0.0000 362 pedestrian_0013
Pedestrian 0.00 1.00 0 0 0 3 0 0 0 0 928.17 362.98 930.17 368.25 1.1330 0.4333 0.6667 6.6791 1.7810 -124.5634 1.6250 0.0008 0.0000 363 pedestrian_0011
Pedestrian 0.00 1.00 0 1 2 1 0 0 0 0 940.74 361.82 942.27 366.22 1.3390 0.3253 0.4203 5.6441 1.8951 -173.5908 -0.1277 0.0008 0.0000 364 pedestrian_0012
Pedestrian 1.00 1.00 0 0 0 0 0 0 0 0 -1000.00 -1000.00 -1000.00 -1000.00 1.9158 0.4880 0.5319 125.2491 2.0835 20.9529 -1.4621 0.0008 0.0000 365 pedestrian_0023
Pedestrian 1.00 1.00 0 0 0 0 0 0 0 0 -1000.00 -1000.00 -1000.00 -1000.00 1.9158 0.4880 0.4525 -166.6465 1.9743 71.3821 0.3081 0.0008 0.0000 366 pedestrian_0005
Pedestrian 0.00 1.00 0 0 0 0 0 0 0 0 1557.94 359.51 1560.58 365.46 1.9158 0.4880 0.4354 -193.0947 1.7578 -183.0754 1.9702 0.0008 0.0000 367 pedestrian_0021
Pedestrian 1.00 1.00 0 0 0 0 0 0 0 0 -1000.00 -1000.00 -1000.00 -1000.00 1.1330 0.4333 0.4255 -174.6698 1.8684 -65.8189 -0.0637 0.0008 0.0000 368 pedestrian_0010
Pedestrian 0.00 1.00 0 0 0 0 0 0 0 0 1249.99 359.65 1254.61 368.57 1.9158 0.4880 0.7507 -62.9550 1.8409 -123.8578 -0.0905 0.0008 0.0000 369 pedestrian_0020
Pedestrian 0.00 1.00 1 0 0 0 0 0 0 0 784.33 363.95 788.29 373.88 1.3390 0.3253 0.4356 23.5222 1.8757 -79.5453 0.0063 0.0008 0.0000 370 pedestrian_0012
Pedestrian 1.00 1.00 1 1 2 19 0 0 0 0 -1000.00 -1000.00 -1000.00 -1000.00 1.9158 0.4880 0.6672 75.4889 2.1334 31.9847 -3.0116 0.0008 0.0000 371 pedestrian_0015
Pedestrian 0.00 1.00 0 0 0 0 0 0 0 0 600.29 359.73 605.96 370.95 1.9158 0.4880 0.7507 61.1857 1.8689 -99.5104 1.5709 0.0008 0.0000 372 pedestrian_0007
Pedestrian 1.00 1.00 0 0 0 0 0 0 0 0 -1000.00 -1000.00 -1000.00 -1000.00 1.9158 0.4880 0.6562 -272.0330 1.8729 -86.8477 1.5293 0.0008 0.0000 373 pedestrian_0008
Pedestrian 1.00 1.00 0 0 0 0 0 0 0 0 -1000.00 -1000.00 -1000.00 -1000.00 1.9158 0.4880 0.6234 141.1000 2.0053 -55.6118 -2.9566 0.0008 0.0000 374 pedestrian_0020
Pedestrian 0.00 1.00 0 0 0 0 0 0 0 0 1227.57 360.13 1230.16 366.48 1.9158 0.4880 0.5420 -81.2506 1.9560 -171.9772 0.0255 0.0008 0.0000 375 pedestrian_0015
Pedestrian 0.00 1.00 0 0 0 0 0 0 0 0 1594.86 364.82 1599.64 374.33 1.3390 0.3253 0.3229 -90.1667 2.0230 -82.9052 0.1884 0.0008 0.0000 376 pedestrian_0012
Pedestrian 0.00 1.00 0 0 0 0 0 0 0 0 658.33 359.64 660.36 365.96 1.9158 0.4880 0.4375 91.2404 1.8053 -172.6820 0.7320 0.0008 0.0000 377 pedestrian_0017
Pedestrian 0.00 1.00 0 0 0 0 0 0 0 0 62.40 359.87 78.00 378.87 1.9158 0.4880 0.7507 90.1403 1.9027 -60.6317 0.0655 0.0008 0.0000 378 pedestrian_0025
Pedestrian 1.00 1.00 0 0 0 0 0 0 0 0 -1000.00 -1000.00 -1000.00 -1000.00 1.1330 0.4333 0.5827 55.6060 1.9676 30.2641 -2.3938 0.0008 0.0000 379 pedestrian_0009
Pedestrian 0.00 1.00 0 0 0 0 0 0 0 0 739.33 360.15 741.99 366.56 1.9158 0.4880 0.6283 65.7150 1.9612 -170.5382 -3.0505 0.0008 0.0000 380 pedestrian_0002
Pedestrian 0.00 1.00 0 0 0 0 0 0 0 0 1230.67 360.69 1231.79 363.30 1.3390 0.3253 0.4026 -139.1748 1.6946 -288.8829 0.1107 0.0008 0.0000 381 pedestrian_0013
Pedestrian 0.00 1.00 0 0 0 0 0 0 0 0 604.74 361.12 606.79 365.03 1.3390 0.3253 0.5005 121.5867 1.7236 -194.7230 -2.0776 0.0008 0.0000 382 pedestrian_0012
Pedestrian 1.00 1.00 0 0 0 0 0 0 0 0 -1000.00 -1000.00 -1000.00 -1000.00 1.1330 0.4333 0.6035 43.1003 1.9678 63.4891 -2.9941 0.0008 0.0000 383 pedestrian_0010
Pedestrian 0.00 1.00 0 0 0 0 0 0 0 0 1581.85 360.99 1583.96 364.29 1.3390 0.3253 0.5005 -253.5303 1.7437 -230.0716 -1.1203 0.0008 0.0000 384 pedestrian_0013
Pedestrian 1.00 1.00 0 0 0 0 0 0 0 0 -1000.00 -1000.00 -1000.00 -1000.00 1.9158 0.4880 0.7507 41.0893 1.9610 9.5619 -3.1052 0.0008 0.0000 385 pedestrian_0015
Pedestrian 1.00 1.00 0 0 0 0 0 0 0 0 -1000.00 -1000.00 -1000.00 -1000.00 1.9158 0.4880 0.7507 -99.4732 1.9555 7.4694 -2.8411 0.0008 0.0000 386 pedestrian_0018
Pedestrian 0.00 1.00 0 0 0 0 0 0 0 0 1148.48 360.69 1149.67 363.30 1.3390 0.3253 0.4936 -97.1919 1.6956 -289.3898 0.0317 0.0008 0.0000 387 pedestrian_0013
Pedestrian 0.00 1.00 0 0 0 0 0 0 0 0 244.50 359.67 249.89 367.04 1.9158 0.4880 0.7507 185.7036 1.8303 -148.8804 0.0543 0.0008 0.0000 388 pedestrian_0022
Pedestrian 1.00 1.00 0 0 0 0 0 0 0 0 -1000.00 -1000.00 -1000.00 -1000.00 1.9158 0.4880 0.7507 -271.7396 1.8928 -60.9763 -1.6665 0.0008 0.0000 389 pedestrian_0003
Pedestrian 0.00 1.00 0 0 0 0 0 0 0 0 1146.76 359.59 1148.50 363.34 1.9158 0.4880 0.7507 -95.9874 1.7052 -288.0227 -0.0932 0.0008 0.0000 390 pedestrian_0021
Pedestrian 1.00 1.00 6 6 11 43 0 0 0 0 -1000.00 -1000.00 -1000.00 -1000.00 1.9158 0.4880 0.7507 -59.6820 1.9724 26.0738 -3.1162 0.0008 0.0000 391 pedestrian_0016
Pedestrian 0.00 1.00 0 0 0 0 0 0 0 0 1290.78 359.58 1292.81 363.34 1.9158 0.4880 0.7507 -169.5043 1.7023 -287.6324 -0.0827 0.0008 0.0000 392 pedestrian_0005
Pedestrian 0.00 1.00 0 0 0 0 0 0 0 0 542.56 332.81 544.71 338.02 1.9158 0.4880 0.4774 155.5326 -8.2251 -211.5235 -2.0618 0.0008 0.0000 393 pedestrian_0026
Pedestrian 0.00 1.00 0 0 0 0 0 0 0 0 171.63 359.41 181.10 371.21 1.9158 0.4880 0.7507 127.6974 1.8193 -94.8025 1.6407 0.0008 0.0000 394 pedestrian_0022
Pedestrian 0.00 1.00 0 0 0 0 0 0 0 0 172.37 316.02 176.74 321.50 1.1330 0.4333 0.3368 166.2244 -8.1607 -121.7787 1.6214 0.0008 0.0000 395 pedestrian_0010
Pedestrian 1.00 1.00 0 0 0 0 0 0 0 0 -1000.00 -1000.00 -1000.00 -1000.00 1.9158 0.4880 0.7507 135.2507 1.9605 71.3430 -0.9246 0.0008 0.0000 396 pedestrian_0006
Pedestrian 1.00 1.00 0 0 0 0 0 0 0 0 -1000.00 -1000.00 -1000.00 -1000.00 1.3390 0.3253 0.5005 -73.4965 1.9151 -30.4274 -1.4651 0.0008 0.0000 397 pedestrian_0012
Pedestrian 0.00 1.00 0 0 0 0 0 0 0 0 420.51 362.68 423.77 367.45 1.1330 0.4333 0.3563 128.1085 1.7725 -136.4953 -1.5961 0.0008 0.0000 398 pedestrian_0010
Pedestrian 1.00 1.00 4 2 4 19 0 0 0 0 -1000.00 -1000.00 -1000.00 -1000.00 1.9158 0.4880 0.7507 -74.4407 2.1205 21.5076 1.7168 0.0008 0.0000 399 pedestrian_0007
Pedestrian 1.00 1.00 0 0 0 0 0 0 0 0 -1000.00 -1000.00 -1000.00 -1000.00 1.9158 0.4880 0.6437 189.9541 -7.6524 78.9087 2.0391 0.0008 0.0000 400 pedestrian_0001
Pedestrian 1.00 1.00 0 0 0 0 0 0 0 0 -1000.00 -1000.00 -1000.00 -1000.00 1.9158 0.4880 0.5161 115.8935 1.9050 -58.6771 -2.4849 0.0008 0.0000 401 pedestrian_0016
Pedestrian 1.00 1.00 0 0 0 0 0 0 0 0 -1000.00 -1000.00 -1000.00 -1000.00 1.9158 0.4880 0.7507 -271.4087 1.8890 -65.4010 1.6018 0.0008 0.0000 402 pedestrian_0021
Pedestrian 0.00 0.03 6 4 9 42 6 0 0 0 984.59 360.89 991.17 380.22 1.9158 0.4880 0.6339 -2.7797 2.0052 -59.7130 -0.0937 0.0008 0.0000 403 pedestrian_0006
Pedestrian 0.00 1.00 0 0 0 0 0 0 0 0 1444.56 359.56 1457.45 380.30 1.9158 0.4880 0.7507 -45.6064 1.8749 -55.9667 2.9898 0.0008 0.0000 404 pedestrian_0023
Pedestrian 1.00 1.00 0 0 0 0 0 0 0 0 -1000.00 -1000.00 -1000.00 -1000.00 1.1330 0.4333 0.6103 60.5923 1.9269 -17.8492 -1.5521 0.0008 0.0000 405 pedestrian_0011
Pedestrian 1.00 1.00 12 18 26 1122 0 0 3 4 -1000.00 -1000.00 -1000.00 -1000.00 1.9158 0.4880 0.4120 20.8337 1.9760 27.8549 -3.0608 0.0008 0.0000 406 pedestrian_0004
Pedestrian 0.00 1.00 0 0 0 0 0 0 0 0 688.64 360.15 690.94 366.50 1.9158 0.4880 0.4232 81.5840 1.9605 -171.8271 3.0066 0.0008 0.0000 407 pedestrian_0026
Pedestrian 1.00 1.00 0 0 0 0 0 0 0 0 -1000.00 -1000.00 -1000.00 -1000.00 1.3390 0.3253 0.3682 145.9010 2.1176 21.6954 -1.4078 0.0008 0.0000 408 pedestrian_0013
Pedestrian 0.00 1.00 0 0 0 0 0 0 0 0 1351.18 362.50 1354.42 366.73 1.1330 0.4333 0.5828 -105.7082 1.8071 -153.6396 -0.1850 0.0008 0.0000 409 pedestrian_0010
Pedestrian 1.00 1.00 0 0 0 0 0 0 0 0 -1000.00 -1000.00 -1000.00 -1000.00 1.9158 0.4880 0.4914 127.4254 1.9678 78.9099 -0.7162 0.0008 0.0000 410 pedestrian_0020
Pedestrian 0.00 1.00 0 0 0 0 0 0 0 0 1482.96 360.81 1489.19 374.35 1.9158 0.4880 0.6131 -74.8147 2.0315 -83.3033 -2.6170 0.0008 0.0000 411 pedestrian_0025
Pedestrian 1.00 1.00 0 0 0 0 0 0 0 0 -1000.00 -1000.00 -1000.00 -1000.00 1.1330 0.4333 0.6666 76.2073 2.0986 4.4577 0.1581 0.0008 0.0000 412 pedestrian_0010
Pedestrian 0.00 1.00 0 0 0 0 0 0 0 0 698.14 359.67 701.67 367.59 1.9158 0.4880 0.7507 63.0941 1.8355 -138.9360 -1.6049 0.0008 0.0000 413 pedestrian_0015
Pedestrian 0.00 1.00 0 0 0 0 0 0 0 0 657.20 363.40 661.02 368.90 1.1330 0.4333 0.6667 62.3913 1.8407 -119.4122 -1.5627 0.0008 0.0000 414 pedestrian_0011
Pedestrian 0.00 1.00 0 0 0 0 0 0 0 0 581.40 359.77 588.31 373.80 1.9158 0.4880 0.6244 51.4255 1.8849 -80.4622 -3.0603 0.0008 0.0000 415 pedestrian_0025
Pedestrian 0.00 1.00 0 0 0 0 0 0 0 0 202.39 317.66 207.53 322.98 1.1330 0.4333 0.5089 166.1531 -8.1634 -126.4501 1.6394 0.0008 0.0000 416 pedestrian_0009
Pedestrian 1.00 1.00 0 0 0 0 0 0 0 0 -1000.00 -1000.00 -1000.00 -1000.00 1.9158 0.4880 0.7507 99.7432 -6.7003 108.0034 2.9175 0.0008 0.0000 417 pedestrian_0026
Pedestrian 1.00 1.00 0 0 0 0 0 0 0 0 -1000.00 -1000.00 -1000.00 -1000.00 1.9158 0.4880 0.7507 -271.2925 1.8843 -72.8465 1.6016 0.0008 0.0000 418 pedestrian_0019
Pedestrian 0.00 1.00 0 0 0 0 0 0 0 0 1883.31 359.84 1893.00 379.26 1.9158 0.4880 0.3754 -92.0164 1.9005 -59.4300 -1.3006 0.0008 0.0000 419 pedestrian_0018
Pedestrian 0.00 1.00 0 0 0 0 0 0 0 0 1304.80 359.58 1306.01 363.36 1.9158 0.4880 0.4286 -175.5585 1.7044 -286.1919 -0.3485 0.0008 0.0000 420 pedestrian_0026
Pedestrian 0.00 1.00 0 0 0 0 0 0 0 0 199.28 359.43 207.11 369.36 1.9158 0.4880 0.7507 146.5127 1.8053 -111.7836 1.5773 0.0008 0.0000 421 pedestrian_0005
Pedestrian 1.00 1.00 0 0 0 0 0 0 0 0 -1000.00 -1000.00 -1000.00 -1000.00 1.9158 0.4880 0.6569 57.2928 1.9603 8.1576 -1.5147 0.0008 0.0000 422 pedestrian_0021
Pedestrian 0.00 1.00 0 0 0 0 0 0 0 0 693.71 360.15 696.53 366.48 1.9158 0.4880 0.6178 80.2204 1.9600 -172.3439 -0.0062 0.0008 0.0000 423 pedestrian_0025
Pedestrian 0.00 1.00 0 0 0 0 0 0 0 0 309.46 359.43 314.81 369.26 1.9158 0.4880 0.4764 126.5498 1.8040 -112.7478 1.5550 0.0008 0.0000 424 pedestrian_0008
Pedestrian 1.00 1.00 10 9 20 254 0 0 5 0 -1000.00 -1000.00 -1000.00 -1000.00 1.9158 0.4880 0.4472 18.0765 1.9760 30.2684 -0.0943 0.0008 0.0000 425 pedestrian_0018
Pedestrian 0.00 1.00 0 0 0 0 0 0 0 0 1211.71 359.60 1214.92 368.52 1.9158 0.4880 0.5285 -54.5849 1.8307 -123.9157 2.9461 0.0008 0.0000 426 pedestrian_0020
Pedestrian 0.00 1.00 0 0 0 0 0 0 0 0 821.51 361.53 823.37 366.00 1.3390 0.3253 0.5005 41.3117 1.7994 -170.9331 -3.0473 0.0008 0.0000 427 pedestrian_0012
Pedestrian 0.00 1.00 0 0 0 0 0 0 0 0 68.22 364.78 76.06 372.76 1.1330 0.4333 0.4341 127.0344 1.8197 -83.7842 -1.6029 0.0008 0.0000 428 pedestrian_0011
Pedestrian 0.00 1.00 0 0 0 0 0 0 0 0 1214.65 359.60 1216.74 364.81 1.9158 0.4880 0.5600 -94.2540 1.7701 -208.7923 1.6370 0.0008 0.0000 429 pedestrian_0006
Pedestrian 1.00 1.00 0 0 0 0 0 0 0 0 -1000.00 -1000.00 -1000.00 -1000.00 1.9158 0.4880 0.6322 87.1553 2.1172 12.5879 -1.4832 0.0008 0.0000 430 pedestrian_0021
Pedestrian 1.00 1.00 729 849 1342 8980 0 0 0 183 -1000.00 -1000.00 -1000.00 -1000.00 1.9158 0.4880 0.7507 5.0673 1.8939 -3.0869 -1.4333 0.0008 0.0000 431 pedestrian_0026
Pedestrian 1.00 1.00 0 0 0 0 0 0 0 0 -1000.00 -1000.00 -1000.00 -1000.00 1.9158 0.4880 0.6095 145.4880 -7.4226 82.7245 2.1972 0.0008 0.0000 432 pedestrian_0026
Pedestrian 0.00 1.00 0 0 0 0 0 0 0 0 1504.43 360.89 1511.67 375.26 1.9158 0.4880 0.4846 -73.3357 2.0355 -78.6492 -1.5873 0.0008 0.0000 433 pedestrian_0002
Pedestrian 0.00 1.00 0 0 0 0 0 0 0 0 503.26 359.96 506.59 366.24 1.9158 0.4880 0.7507 139.1788 1.9047 -173.9933 -0.3882 0.0008 0.0000 434 pedestrian_0001
Pedestrian 0.00 1.00 0 0 0 0 0 0 0 0 823.06 339.81 824.76 343.62 1.9158 0.4880 0.7507 69.0255 -8.3137 -285.6029 0.0257 0.0008 0.0000 435 pedestrian_0022
Pedestrian 1.00 1.00 0 0 0 0 0 0 0 0 -1000.00 -1000.00 -1000.00 -1000.00 1.9158 0.4880 0.5045 56.8648 1.9965 46.4921 -1.4397 0.0008 0.0000 436 pedestrian_0005
Pedestrian 1.00 1.00 0 0 0 0 0 0 0 0 -1000.00 -1000.00 -1000.00 -1000.00 1.3390 0.3253 0.5005 166.6924 1.8981 -58.6294 -3.1347 0.0008 0.0000 437 pedestrian_0013
Pedestrian 0.00 1.00 0 0 0 0 0 0 0 0 1253.72 361.09 1255.47 363.30 1.1330 0.4333 0.6667 -150.9616 1.6914 -288.5040 3.1289 0.0008 0.0000 438 pedestrian_0011
Pedestrian 1.00 1.00 0 0 0 0 0 0 0 0 -1000.00 -1000.00 -1000.00 -1000.00 1.9158 0.4880 0.4751 27.5829 1.9564 68.3109 -1.1984 0.0008 0.0000 439 pedestrian_0006
Pedestrian 1.00 1.00 0 0 0 0 0 0 0 0 -1000.00 -1000.00 -1000.00 -1000.00 1.3390 0.3253 0.4934 123.7012 -6.8507 139.5765 2.8509 0.0008 0.0000 440 pedestrian_0014
Pedestrian 1.00 1.00 0 0 0 0 0 0 0 0 -1000.00 -1000.00 -1000.00 -1000.00 1.9158 0.4880 0.4903 -94.5590 2.0018 62.2278 -1.7359 0.0008 0.0000 441 pedestrian_0025
Pedestrian 1.00 1.00 0 0 0 0 0 0 0 0 -1000.00 -1000.00 -1000.00 -1000.00 1.9158 0.4880 0.4931 -223.5415 2.0478 120.1071 0.6962 0.0008 0.0000 442 pedestrian_0003
Pedestrian 0.00 1.00 0 0 0 0 0 0 0 0 501.35 359.78 508.41 374.00 1.9158 0.4880 0.5541 61.5167 1.8858 -79.3994 -0.0858 0.0008 0.0000 443 pedestrian_0024
Pedestrian 0.00 1.00 0 1 1 4 1 0 0 0 934.13 360.21 936.75 367.36 1.9158 0.4880 0.5075 6.5961 1.9713 -153.3178 0.8560 0.0008 0.0000 444 pedestrian_0007
Pedestrian 1.00 1.00 0 0 0 0 0 0 0 0 -1000.00 -1000.00 -1000.00 -1000.00 1.9158 0.4880 0.4108 -118.3072 1.8980 -62.7988 0.1206 0.0008 0.0000 445 pedestrian_0023
Pedestrian 1.00 1.00 0 0 0 0 0 0 0 0 -1000.00 -1000.00 -1000.00 -1000.00 1.9158 0.4880 0.5680 -272.0640 1.9400 -5.3712 1.5704 0.0008 0.0000 446 pedestrian_0026
Pedestrian 1.00 1.00 0 0 0 0 0 0 0 0 -1000.00 -1000.00 -1000.00 -1000.00 1.1330 0.4333 0.5553 164.9798 -8.0737 -24.6448 -1.5656 0.0008 0.0000 447 pedestrian_0009
Pedestrian 0.00 1.00 0 0 0 0 0 0 0 0 971.79 348.12 972.85 352.46 1.9158 0.4880 0.3754 -5.4732 -3.3543 -250.6937 2.9106 0.0008 0.0000 448 pedestrian_0015
Pedestrian 1.00 1.00 0 0 0 0 0 0 0 0 -1000.00 -1000.00 -1000.00 -1000.00 1.9158 0.4880 0.3940 156.9368 1.8906 -76.9911 3.0432 0.0008 0.0000 449 pedestrian_0017
Pedestrian 0.00 1.00 0 0 0 3 1 0 0 0 933.84 359.96 935.38 366.32 1.9158 0.4880 0.4290 7.6660 1.9043 -171.8252 -0.0313 0.0008 0.0000 450 pedestrian_0023
Pedestrian 0.00 1.00 0 0 2 13 0 0 0 0 1162.73 359.76 1169.47 373.73 1.9158 0.4880 0.7507 -28.3573 1.8831 -80.7449 -0.0270 0.0008 0.0000 451 pedestrian_0001
Pedestrian 1.00 1.00 0 0 0 0 0 0 0 0 -1000.00 -1000.00 -1000.00 -1000.00 1.9158 0.4880 0.7313 -95.6400 2.1416 65.7259 -1.5722 0.0008 0.0000 452 pedestrian_0017
Pedestrian 0.00 1.00 0 0 0 0 0 0 0 0 2.03 367.66 15.83 379.25 1.1330 0.4333 0.6278 93.8845 1.8926 -59.1956 3.1243 0.0008 0.0000 453 pedestrian_0011
Pedestrian 0.00 1.00 0 0 0 0 0 0 0 0 1896.55 359.63 1902.42 366.32 1.9158 0.4880 0.7091 -269.3056 1.8085 -163.3612 1.6324 0.0008 0.0000 454 pedestrian_0018
Pedestrian 0.00 1.00 0 0 0 0 0 0 0 0 719.94 359.87 721.77 364.93 1.9158 0.4880 0.6948 90.9079 1.8685 -215.1769 -1.3972 0.0008 0.0000 455 pedestrian_0021
Pedestrian 1.00 1.00 0 0 0 0 0 0 0 0 -1000.00 -1000.00 -1000.00 -1000.00 1.9158 0.4880 0.5028 207.5878 1.9430 -17.1562 -1.5330 0.0008 0.0000 456 pedestrian_0007
Pedestrian 1.00 1.00 4 2 3 47 0 0 0 1 -1000.00 -1000.00 -1000.00 -1000.00 1.9158 0.4880 0.7354 57.0526 2.1276 25.7953 -1.6644 0.0008 0.0000 457 pedestrian_0021
Pedestrian 1.00 1.00 0 0 1 0 0 0 0 0 -1000.00 -1000.00 -1000.00 -1000.00 1.9158 0.4880 0.7507 163.8839 -7.9400 27.1074 1.5880 0.0008 0.0000 458 pedestrian_0019
Pedestrian 1.00 1.00 0 0 0 0 0 0 0 0 -1000.00 -1000.00 -1000.00 -1000.00 1.1330 0.4333 0.4776 -192.6838 2.0510 136.3145 -2.8808 0.0008 0.0000 459 pedestrian_0009
Pedestrian 1.00 1.00 0 0 0 0 0 0 0 0 -1000.00 -1000.00 -1000.00 -1000.00 1.9158 0.4880 0.4310 -164.7357 2.0680 142.0197 -2.4693 0.0008 0.0000 460 pedestrian_0004
Pedestrian 0.00 1.00 0 0 0 0 0 0 0 0 1447.46 362.68 1451.22 369.78 1.3390 0.3253 0.4371 -92.6254 1.8480 -109.3952 1.5766 0.0008 0.0000 461 pedestrian_0012
Pedestrian 0.00 1.00 0 0 0 0 0 0 0 0 1779.74 359.67 1784.96 369.30 1.9158 0.4880 0.4045 -163.9252 1.8498 -114.9662 1.6996 0.0008 0.0000 462 pedestrian_0006
Pedestrian 0.00 1.00 0 0 0 0 0 0 0 0 665.09 365.48 671.73 373.95 1.1330 0.4333 0.6667 39.3019 1.8742 -79.1881 -3.1327 0.0008 0.0000 463 pedestrian_0009
Pedestrian 1.00 1.00 0 0 0 0 0 0 0 0 -1000.00 -1000.00 -1000.00 -1000.00 1.3390 0.3253 0.5005 -146.1153 1.8652 -87.5212 -1.3928 0.0008 0.0000 464 pedestrian_0014
Pedestrian 1.00 1.00 0 0 0 0 0 0 0 0 -1000.00 -1000.00 -1000.00 -1000.00 1.1330 0.4333 0.6667 -93.2353 1.9372 -0.8345 -1.5001 0.0008 0.0000 465 pedestrian_0010
Pedestrian 0.00 1.00 0 0 0 0 0 0 0 0 1537.39 359.74 1545.36 371.85 1.9158 0.4880 0.7460 -92.3611 1.8739 -92.5364 1.5456 0.0008 0.0000 466 pedestrian_0017
Pedestrian 1.00 1.00 118 131 207 8097 0 0 40 1 -1000.00 -1000.00 -1000.00 -1000.00 1.9158 0.4880 0.5062 6.5352 1.9015 7.4259 -2.9120 0.0008 0.0000 467 pedestrian_0004
Pedestrian 1.00 1.00 2 0 1 17 0 0 0 0 -1000.00 -1000.00 -1000.00 -1000.00 1.9158 0.4880 0.5951 102.9780 1.9797 29.9770 3.1149 0.0008 0.0000 468 pedestrian_0021
Pedestrian 0.00 0.98 6 5 8 40 4 0 0 0 878.35 366.91 884.52 385.35 1.3390 0.3253 0.4552 5.7680 1.8498 -45.1804 1.4022 0.0008 0.0000 469 pedestrian_0013
Pedestrian 0.00 1.00 0 0 0 0 0 0 0 0 678.34 359.58 681.23 365.58 1.9158 0.4880 0.7507 89.6699 1.7823 -181.8474 -1.6929 0.0008 0.0000 470 pedestrian_0001
Pedestrian 0.00 1.00 0 0 0 0 0 0 0 0 767.64 359.85 776.73 379.01 1.9158 0.4880 0.7507 18.8722 1.9012 -60.1801 0.0118 0.0008 0.0000 471 pedestrian_0015
Pedestrian 1.00 1.00 0 0 0 0 0 0 0 0 -1000.00 -1000.00 -1000.00 -1000.00 1.9158 0.4880 0.7507 -183.2587 2.0651 139.1620 0.1791 0.0008 0.0000 472 pedestrian_0024
Pedestrian 0.00 1.00 0 0 0 0 0 0 0 0 1148.90 361.04 1149.97 364.42 1.3390 0.3253 0.3471 -75.1365 1.7528 -224.3174 1.4827 0.0008 0.0000 473 pedestrian_0013
Pedestrian 0.00 1.00 0 0 0 0 0 0 0 0 1128.36 359.59 1129.99 363.32 1.9158 0.4880 0.6726 -86.9348 1.7040 -289.2975 0.0710 0.0008 0.0000 474 pedestrian_0018
Pedestrian 0.00 1.00 0 0 0 0 0 0 0 0 690.06 362.02 691.94 366.44 1.3390 0.3253 0.4205 81.5484 1.9515 -172.5063 -3.0878 0.0008 0.0000 475 pedestrian_0012
Pedestrian 1.00 1.00 0 0 0 0 0 0 0 0 -1000.00 -1000.00 -1000.00 -1000.00 1.9158 0.4880 0.6680 -94.1955 2.0302 94.3084 -1.5809 0.0008 0.0000 476 pedestrian_0026
Pedestrian 0.00 1.00 0 0 0 0 0 0 0 0 1143.46 359.59 1144.87 363.34 1.9158 0.4880 0.5333 -94.1052 1.7051 -287.7011 0.0777 0.0008 0.0000 477 pedestrian_0016
Pedestrian 0.00 1.00 0 0 0 0 0 0 0 0 597.83 359.72 603.49 370.81 1.9158 0.4880 0.7507 62.3692 1.8680 -100.6843 -1.5835 0.0008 0.0000 478 pedestrian_0006
Pedestrian 0.00 1.00 0 0 0 0 0 0 0 0 1159.72 359.59 1161.20 363.32 1.9158 0.4880 0.5858 -102.8277 1.7038 -288.7915 3.1353 0.0008 0.0000 479 pedestrian_0001
Pedestrian 1.00 1.00 0 0 0 2 0 0 0 0 -1000.00 -1000.00 -1000.00 -1000.00 1.9158 0.4880 0.7507 82.5431 1.9902 42.6177 1.6450 0.0008 0.0000 480 pedestrian_0021
Car 0.00 1.00 0 0 0 0 0 0 0 0 879.97 360.71 890.26 367.99 1.6980 1.9434 4.1871 17.8163 1.8714 -136.4910 -1.5556 0.0008 0.0000 481 citroen_c3
Car 0.00 1.00 0 0 0 0 0 0 0 0 869.60 359.42 881.35 368.61 1.9718 2.0005 4.0595 18.4247 1.8463 -125.4395 -1.5556 0.0008 0.0000 482 jeep_wrangler_rubicon
Car 0.00 1.00 0 0 0 0 0 0 0 0 745.42 359.58 760.10 368.06 1.9718 2.0005 4.0595 48.9311 1.8736 -135.4212 1.5860 0.0008 0.0000 483 jeep_wrangler_rubicon
Car 0.00 1.00 0 0 0 0 0 0 0 0 883.34 359.42 894.62 368.61 1.9718 2.0005 4.0595 15.4839 1.8462 -125.4843 -1.5556 0.0008 0.0000 484 jeep_wrangler_rubicon
Car 0.00 1.00 0 0 0 0 0 0 0 0 1265.60 359.62 1292.03 369.72 1.9718 2.0005 4.0595 -62.7673 1.8964 -113.6402 0.0152 0.0008 0.0000 485 nissan_patrol
Car 0.00 1.00 0 0 0 0 0 0 0 0 1257.69 361.82 1283.18 369.60 1.5488 2.0688 3.9961 -62.7374 1.9217 -116.5355 -3.1264 0.0008 0.0000 486 nissan_patrol
Car 0.00 1.00 0 0 0 0 0 0 0 0 1279.83 362.46 1321.43 371.58 1.4855 2.1349 -5.6254 -56.6026 1.9007 -96.6441 -3.1264 0.0008 0.0000 487 nissan_patrol
Car 0.00 1.00 0 0 0 0 0 0 0 0 1234.11 361.25 1258.80 369.61 1.6244 1.8781 -3.8906 -56.3451 1.8725 -113.5415 0.0152 0.0008 0.0000 488 nissan_patrol
Car 0.00 0.99 0 0 0 18 1 0 0 0 1193.21 361.40 1231.20 372.86 1.7506 2.3538 -4.8416 -39.2216 1.9731 -90.7616 0.0152 0.0008 0.0000 489 nissan_patrol
Car 0.00 0.95 14 17 29 111 5 0 0 0 1161.94 359.63 1188.63 370.61 1.9718 2.0005 -4.0595 -39.0432 1.9043 -105.0583 -3.1264 0.0008 0.0000 490 nissan_patrol
Car 0.00 1.00 0 0 0 0 0 0 0 0 1343.55 359.70 1383.79 372.31 1.9476 2.0282 4.8347 -63.0677 1.9006 -91.1243 -3.1264 0.0008 0.0000 491 nissan_patrol
Car 0.00 1.00 0 0 0 0 0 0 0 0 1333.78 359.64 1367.56 371.99 1.9718 2.0005 4.0595 -63.0813 1.9131 -94.0190 -3.1264 0.0008 0.0000 492 nissan_patrol
Car 0.00 1.00 0 0 0 0 0 0 0 0 1228.34 361.62 1258.44 371.87 1.6244 1.8781 3.8906 -45.6203 1.8896 -93.7544 0.0152 0.0008 0.0000 493 nissan_patrol
Car 0.00 1.00 0 0 0 0 0 0 0 0 1219.63 362.32 1249.89 371.83 1.5488 2.0688 3.9961 -45.5777 1.9392 -96.4780 -3.1264 0.0008 0.0000 494 nissan_patrol
Car 0.00 1.00 0 0 0 5 0 0 0 0 1194.59 358.62 1225.88 370.53 2.1397 2.1728 4.7017 -45.4222 1.8906 -105.1564 -3.1264 0.0008 0.0000 495 nissan_patrol
Car 0.00 0.97 4 7 12 57 1 0 0 0 1176.00 359.67 1204.90 369.68 1.9476 2.0282 4.8347 -45.2491 1.8821 -113.3723 -3.1264 0.0008 0.0000 496 nissan_patrol
Car 0.00 1.00 0 0 1 6 0 0 0 0 1172.51 361.77 1196.61 369.36 1.5100 1.8730 4.1000 -45.2724 1.8714 -116.2696 -3.1264 0.0008 0.0000 497 nissan_patrol
Car 0.00 0.97 13 8 14 59 1 0 0 0 1119.62 362.17 1146.06 371.12 1.5488 2.0688 3.9961 -30.3959 1.9349 -102.0325 0.0152 0.0008 0.0000 498 nissan_patrol
Car 0.00 1.00 0 2 0 3 0 0 0 0 1114.72 362.03 1140.52 370.49 1.5100 1.8730 4.1000 -30.3558 1.8814 -104.9273 0.0152 0.0008 0.0000 499 nissan_patrol
Car 0.00 1.00 0 0 0 6 0 0 0 0 1108.19 359.68 1137.43 370.25 1.9476 2.0282 4.8347 -30.2676 1.8874 -107.6095 -3.1264 0.0008 0.0000 500 nissan_patrol
Car 0.00 0.94 16 16 29 127 2 0 0 0 1098.79 358.47 1133.09 372.43 2.1397 2.1728 -4.7017 -24.1782 1.9036 -90.5324 -3.1264 0.0008 0.0000 501 nissan_patrol
Car 0.00 0.98 4 4 8 38 1 0 0 0 1093.35 359.70 1126.97 371.98 1.9476 2.0282 -4.8347 -24.0673 1.8997 -93.4263 0.0152 0.0008 0.0000 502 nissan_patrol
Car 0.00 0.96 11 15 24 90 5 0 0 0 1073.73 361.30 1096.38 369.91 1.6244 1.8781 -3.8906 -23.8814 1.8760 -110.4080 -3.1264 0.0008 0.0000 503 nissan_patrol
Car 0.00 0.99 5 5 7 19 0 0 0 0 1068.25 361.02 1095.71 370.10 1.7506 2.3538 -4.8416 -23.8655 1.9545 -113.0471 -3.1264 0.0008 0.0000 504 nissan_patrol
Car 0.00 1.00 0 0 0 0 0 0 0 0 860.87 359.50 872.47 367.79 1.9476 2.0282 4.8347 22.3042 1.8274 -137.0913 1.5860 0.0008 0.0000 505 nissan_patrol
Car 0.00 1.00 0 0 0 0 0 0 0 0 756.86 361.26 771.32 368.00 1.5475 1.9070 4.4025 46.1264 1.8513 -135.0628 1.5860 0.0008 0.0000 506 seat_leon
Car 0.00 1.00 0 0 0 0 0 0 0 0 818.82 357.00 835.48 368.07 2.5908 2.7453 5.4640 31.6946 1.8863 -136.8850 1.5860 0.0008 0.0000 507 carlamotors_carlacola
Car 0.00 1.00 0 0 0 0 0 0 0 0 488.94 357.25 517.28 367.64 2.5908 2.7453 5.4640 116.0604 1.9028 -145.3602 -1.5556 0.0008 0.0000 508 carlamotors_carlacola
Car 0.00 1.00 0 0 0 0 0 0 0 0 474.76 357.25 503.65 367.65 2.5908 2.7453 5.4640 119.5486 1.9029 -145.3071 -1.5556 0.0008 0.0000 509 carlamotors_carlacola
Car 0.00 1.00 0 0 0 0 0 0 0 0 378.58 356.09 419.35 369.00 2.5908 2.7453 5.4640 113.9942 1.8046 -117.1495 -3.1264 0.0008 0.0000 510 carlamotors_carlacola
Car 0.00 1.00 0 0 0 0 0 0 0 0 837.30 357.00 853.21 368.07 2.5908 2.7453 5.4640 27.3842 1.8861 -136.9506 1.5860 0.0008 0.0000 511 carlamotors_carlacola
Car 1.00 1.00 0 0 0 0 0 0 0 0 -1000.00 -1000.00 -1000.00 -1000.00 2.2031 2.5091 6.5872 53.8192 1.9918 -26.3727 1.0624 0.0008 0.0000 512 tesla_cybertruck