Car 0.00 1.00 0 0 0 0 0 0 0 0 1677.13 361.66 1703.95 366.26 1.5542 2.3421 5.1370 -252.6144 2.1346 -196.1746 -1.2337 -0.0024 0.0019 0 lincoln2020_mkz2020
Car 1.00 1.00 6518 237776 380440 0 0 0 0 0 -1000.00 -1000.00 -1000.00 -1000.00 2.1397 2.1728 4.7045 -0.0005 2.0932 -2.2389 1.5708 0.0000 0.0000 1 volkswagen_t2
Motorcycle 0.00 1.00 0 0 0 0 0 0 0 0 1195.04 361.13 1200.66 365.70 1.6960 1.0692 2.4735 -89.2392 2.1236 -212.4505 -1.5827 0.0023 0.0000 2 harley_davidson_low_rider
Motorcycle 0.00 1.00 0 0 0 0 0 0 0 0 1845.61 361.43 1863.01 367.34 1.6960 1.0692 2.4735 -261.6131 2.1240 -166.6336 -1.5481 0.0054 -0.0001 3 harley_davidson_low_rider
Car 1.00 1.00 0 0 0 0 0 0 0 0 -1000.00 -1000.00 -1000.00 -1000.00 1.6320 2.1403 5.2230 143.0500 2.1199 -62.9131 -3.1201 -0.0036 0.0006 4 dodge_charger_police
Car 0.00 1.00 0 0 0 0 0 0 0 0 1125.07 361.22 1137.50 364.53 1.5542 2.3421 5.1370 -80.9585 2.1345 -266.4895 -3.1212 -0.0033 -0.0000 5 lincoln2020_mkz2020
Car 1.00 1.00 0 0 0 0 0 0 0 0 -1000.00 -1000.00 -1000.00 -1000.00 1.4546 2.0938 4.3903 -187.7145 2.1426 115.2524 0.3342 -0.0003 -0.0036 6 audi_tt
Car 0.00 1.00 0 0 0 0 0 0 0 0 1050.05 362.41 1059.08 367.49 1.4477 1.5550 2.3177 -27.1142 2.1414 -163.4268 0.0047 -0.0068 -0.0000 7 bmw_isetta
Car 1.00 1.00 0 0 0 0 0 0 0 0 -1000.00 -1000.00 -1000.00 -1000.00 1.7173 2.2591 5.2781 -87.1925 2.1518 121.7666 0.0095 -0.0078 -0.0002 8 mercedes_benz_coupe
Car 1.00 1.00 202 217 365 14766 0 31 23 0 -1000.00 -1000.00 -1000.00 -1000.00 1.4812 2.1349 5.6254 -20.5370 2.1429 16.0696 0.0197 0.0000 -0.0000 9 chevrolet_impala
Car 1.00 1.00 0 0 0 0 0 0 0 0 -1000.00 -1000.00 -1000.00 -1000.00 1.6115 2.2019 5.2564 66.6530 2.1067 76.8193 0.0129 -0.0014 0.0045 10 charger2020_charger2020
Car 0.00 1.00 0 0 0 0 0 0 0 0 408.26 359.56 443.67 368.65 2.2031 2.5091 6.5872 132.4738 2.0955 -142.0799 -1.5550 -0.0000 0.0000 11 tesla_cybertruck
Car 0.00 1.00 0 0 0 0 0 0 0 0 1422.01 363.58 1458.80 373.01 1.5140 2.1024 4.9073 -80.9269 2.1345 -97.9444 1.5237 0.0000 -0.0000 12 mercedesccc_mercedesccc
Car 0.00 1.00 0 0 0 0 0 0 0 0 361.57 361.64 384.67 368.00 1.6980 1.9434 4.1871 158.3442 2.1440 -154.0423 3.1368 0.0006 0.0000 13 citroen_c3
Car 1.00 1.00 0 0 0 0 0 0 0 0 -1000.00 -1000.00 -1000.00 -1000.00 1.4812 2.1349 5.6254 111.3267 2.1439 -63.4903 -3.1234 -0.0021 0.0000 14 chevrolet_impala
Car 0.00 1.00 0 0 0 0 0 0 0 0 197.83 362.57 248.67 371.94 1.6320 2.1403 5.2230 131.8668 2.0933 -103.7707 -1.5778 -0.0041 -0.0000 15 dodge_charger_police
Car 0.00 1.00 0 0 2 1 0 0 0 0 1017.99 361.86 1036.56 367.34 1.5863 2.2347 5.1468 -19.6939 2.1365 -166.8854 0.0141 0.0000 -0.0000 16 lincoln_mkz2017
Car 1.00 1.00 0 0 0 0 0 0 0 0 -1000.00 -1000.00 -1000.00 -1000.00 1.7318 2.1344 5.0985 -244.1073 2.1513 49.6640 1.3165 -0.0002 -0.0042 17 audi_etron
Car 0.00 1.00 0 0 0 0 0 0 0 0 1040.36 361.29 1058.24 367.33 1.7506 2.3538 4.8416 -26.1631 2.1318 -166.9800 0.0138 0.0000 -0.0000 18 bmw_grandtourer
Car 1.00 1.00 0 0 0 0 0 0 0 0 -1000.00 -1000.00 -1000.00 -1000.00 1.5765 1.9374 3.8150 46.3953 2.0670 73.6161 -0.0016 -0.0001 -0.0001 19 nissan_micra
Motorcycle 0.00 0.58 0 2 2 11 0 0 0 0 1139.99 363.26 1161.94 376.51 1.6960 1.0692 2.4735 -24.7681 2.1239 -76.3998 0.0175 0.0031 -0.0000 20 harley_davidson_low_rider
Car 0.00 1.00 0 0 0 0 0 0 0 0 1193.47 361.64 1204.26 366.52 1.5765 1.9374 3.8150 -78.5052 2.1222 -186.6842 1.5595 0.0000 -0.0000 21 nissan_micra
Car 1.00 1.00 0 0 0 0 0 0 0 0 -1000.00 -1000.00 -1000.00 -1000.00 1.7203 2.2019 5.4994 123.4887 2.1385 -70.1909 0.0226 -0.0029 0.0005 22 chargercop2020_chargercop2020
Car 0.00 0.25 33 25 42 220 3 0 0 0 1129.92 364.70 1170.96 377.57 1.5475 1.9070 4.4025 -23.4587 2.1355 -72.8533 0.0173 0.0000 -0.0000 23 seat_leon
Car 0.00 1.00 0 0 0 0 0 0 0 0 1232.09 362.62 1247.71 367.50 1.3660 1.9896 4.9534 -80.8424 2.1341 -164.5466 -2.5116 0.0000 -0.0000 24 mustang_mustang
Cyclist 1.00 1.00 0 0 0 0 0 0 0 0 -1000.00 -1000.00 -1000.00 -1000.00 1.9709 0.6705 1.7250 -86.8599 2.1229 66.0784 -1.5553 0.0069 0.0000 25 diamondback_century
Cyclist 1.00 1.00 5 8 11 51 0 1 0 0 -1000.00 -1000.00 -1000.00 -1000.00 1.7065 0.8593 1.4873 -68.0672 2.0923 22.4121 -3.1400 -0.0001 0.0000 26 bh_crossbike
Car 0.00 1.00 0 0 0 0 0 0 0 0 1501.55 360.08 1563.09 379.53 2.1397 2.1728 4.7045 -64.0844 2.1485 -66.5987 -3.1230 0.0000 0.0000 27 volkswagen_t2
Car 1.00 1.00 0 0 0 0 0 0 0 0 -1000.00 -1000.00 -1000.00 -1000.00 1.9718 2.0005 4.0595 -182.3739 2.1402 109.7407 0.3044 -0.0009 -0.0053 28 jeep_wrangler_rubicon
Car 1.00 1.00 36 38 62 361 0 0 0 5 -1000.00 -1000.00 -1000.00 -1000.00 1.5627 2.2716 5.0314 49.0937 2.1404 13.5490 0.0150 0.0000 -0.0000 29 tesla_model3
Car 0.00 1.00 0 0 0 0 0 0 0 0 715.66 362.12 727.97 366.76 1.4546 2.0938 4.3903 76.4102 2.1418 -182.3449 1.5792 0.0000 -0.0000 30 audi_tt
Car 0.00 1.00 0 0 0 0 0 0 0 0 57.99 363.27 110.79 373.43 1.5488 2.0688 3.9961 138.7057 2.0795 -92.3412 1.5869 0.0000 -0.0000 31 mini_cooperst
Car 1.00 1.00 0 0 0 0 0 0 0 0 -1000.00 -1000.00 -1000.00 -1000.00 1.6011 2.1072 4.7392 73.3979 2.1364 -3.6643 1.5950 -0.0000 -0.0000 32 toyota_prius
Car 1.00 1.00 0 0 0 0 0 0 0 0 -1000.00 -1000.00 -1000.00 -1000.00 2.1397 2.1728 4.7045 -156.7300 2.1492 -30.5130 -1.6356 -0.0013 0.0113 33 volkswagen_t2
Car 1.00 1.00 0 0 1 0 0 0 0 0 -1000.00 -1000.00 -1000.00 -1000.00 1.6011 2.1072 4.7392 -83.7460 2.1368 91.7199 1.5857 -0.0000 -0.0000 34 toyota_prius
Car 1.00 1.00 0 0 0 0 0 0 0 0 -1000.00 -1000.00 -1000.00 -1000.00 1.3660 1.9896 4.9534 77.2434 2.1342 -19.9762 1.5738 -0.0000 -0.0000 35 mustang_mustang
Car 1.00 1.00 0 0 0 0 0 0 0 0 -1000.00 -1000.00 -1000.00 -1000.00 1.6011 2.1072 4.7392 219.2518 2.1361 -48.9057 1.5338 -0.0002 0.0010 36 toyota_prius
Car 0.00 0.38 11 16 26 83 25 0 0 0 963.63 362.01 979.88 373.57 1.7506 2.3538 4.8416 -1.8145 2.0765 -91.7182 1.5920 0.0000 -0.0000 37 bmw_grandtourer
Car 0.00 1.00 0 0 0 0 0 0 0 0 441.59 359.69 473.18 367.77 2.2031 2.5091 6.5872 139.1991 2.1265 -158.0213 3.1091 0.0002 0.0030 38 tesla_cybertruck
Motorcycle 1.00 1.00 0 0 0 0 0 0 0 0 -1000.00 -1000.00 -1000.00 -1000.00 1.6387 1.2138 2.3199 137.3055 2.0900 -2.0014 1.5856 -0.0000 0.0000 39 yamaha_yzf
Car 0.00 1.00 0 0 0 0 0 0 0 0 1429.71 361.09 1469.31 373.80 1.9476 2.0282 4.8347 -77.3439 2.1238 -92.1524 1.5597 -0.0004 0.0000 40 nissan_patrol
Car 0.00 0.77 1 2 4 19 2 0 0 0 961.51 362.71 977.13 372.67 1.6115 2.2019 5.2564 -1.5392 2.0807 -98.1079 1.6386 -0.0001 0.0006 41 charger2020_charger2020
Car 0.00 1.00 0 0 0 0 0 0 0 0 673.77 361.96 689.92 368.33 1.6115 2.2019 5.2564 72.7374 2.1360 -149.4997 -1.4336 -0.0001 0.0006 42 charger2020_charger2020
Motorcycle 1.00 1.00 0 0 0 0 0 0 0 0 -1000.00 -1000.00 -1000.00 -1000.00 1.6649 1.0692 2.4735 137.2389 2.0680 2.4389 1.5863 0.0030 0.0000 43 harley_davidson_low_rider
Car 0.00 1.00 0 0 0 0 0 0 0 0 1413.45 361.20 1428.75 364.80 1.5542 2.3421 5.1370 -209.9934 2.1343 -256.9543 -0.5969 -0.0014 0.0132 44 lincoln2020_mkz2020
Motorcycle 1.00 1.00 0 0 0 0 0 0 0 0 -1000.00 -1000.00 -1000.00 -1000.00 1.6960 1.0692 2.4735 77.0956 2.1238 -12.6999 1.5878 0.0024 0.0000 45 harley_davidson_low_rider
Cyclist 0.00 1.00 0 0 0 0 0 0 0 0 771.72 360.64 779.18 367.43 1.9310 0.5921 1.9272 52.5835 2.1136 -162.4063 0.0139 -0.0041 -0.0000 46 gazelle_omafiets
Car 1.00 1.00 2837 3152 4994 208364 0 0 1654 0 -1000.00 -1000.00 -1000.00 -1000.00 1.7318 2.1344 5.0985 0.0226 2.0957 4.2206 1.5672 -0.0000 -0.0000 47 audi_etron
Car 1.00 1.00 0 0 0 0 0 0 0 0 -1000.00 -1000.00 -1000.00 -1000.00 1.9476 2.0282 4.8347 116.0887 2.1238 14.5324 0.0144 -0.0004 -0.0000 48 nissan_patrol
Car 1.00 1.00 92 116 172 2402 0 12 1 0 -1000.00 -1000.00 -1000.00 -1000.00 1.7203 2.2019 5.4994 -27.1108 2.1390 15.8702 0.0608 -0.0001 0.0007 49 chargercop2020_chargercop2020
Car 0.56 1.00 0 0 0 0 0 0 0 0 1896.26 363.12 1920.00 373.74 1.6244 1.8781 3.8906 -152.9882 2.1333 -92.5515 1.5519 -0.0004 -0.0011 50 audi_a2
Car 0.00 1.00 0 0 0 0 0 0 0 0 1252.78 361.96 1275.06 367.94 1.5863 2.2347 5.1468 -83.3957 2.1365 -156.6422 -1.2095 0.0001 0.0006 51 lincoln_mkz2017
Cyclist 1.00 1.00 1 0 0 4 0 0 0 0 -1000.00 -1000.00 -1000.00 -1000.00 1.9709 0.6705 1.7250 -89.9370 2.1229 36.6256 -1.5561 0.0072 -0.0000 52 diamondback_century
Cyclist 0.00 0.43 2 10 11 47 1 0 0 0 1182.71 361.48 1200.30 377.18 1.9311 0.5921 1.9272 -28.6040 2.1139 -72.9691 0.0173 -0.0040 0.0000 53 gazelle_omafiets
Car 0.80 1.00 0 0 0 0 0 0 0 0 0.00 362.58 15.93 374.86 1.7173 2.2591 5.2781 142.0839 2.0956 -84.5900 1.5864 -0.0071 -0.0002 54 mercedes_benz_coupe
Car 0.00 1.00 0 0 0 0 0 0 0 0 790.47 361.38 805.63 365.58 1.5542 2.3421 5.1370 60.8342 2.0788 -212.7511 0.1076 0.0003 -0.0005 55 lincoln2020_mkz2020
Car 0.00 1.00 0 0 0 0 0 0 0 0 877.68 361.35 896.19 367.69 1.7506 2.3538 4.8416 20.3895 2.1318 -159.2990 3.1295 0.0001 -0.0000 56 bmw_grandtourer
Car 0.00 1.00 0 0 0 0 0 0 0 0 469.72 364.18 505.96 373.69 1.4546 2.0938 4.3903 75.6671 2.1420 -93.3887 1.5790 0.0000 -0.0000 57 audi_tt
Car 0.00 1.00 0 0 0 0 0 0 0 0 1452.39 362.73 1497.84 374.00 1.7173 2.2591 5.2781 -80.8491 2.1513 -91.5836 1.5609 -0.0071 -0.0002 58 mercedes_benz_coupe
Car 0.00 1.00 0 0 0 0 0 0 0 0 552.84 364.47 605.92 377.04 1.5542 2.3421 5.1370 48.4509 2.1342 -75.1195 0.0178 0.0000 -0.0000 59 lincoln2020_mkz2020
Car 1.00 1.00 0 0 0 0 0 0 0 0 -1000.00 -1000.00 -1000.00 -1000.00 2.1397 2.1728 4.7045 75.3483 2.1487 60.6820 1.5952 0.0000 -0.0000 60 volkswagen_t2
Car 1.00 1.00 0 3 6 31 0 0 0 1 -1000.00 -1000.00 -1000.00 -1000.00 1.7506 2.3538 4.8416 134.5554 2.0767 30.7020 -1.4850 0.0000 0.0001 61 bmw_grandtourer
Car 0.00 1.00 0 0 0 0 0 0 0 0 529.40 361.77 553.11 367.46 1.6320 2.1403 5.2230 121.2231 2.1473 -164.9624 0.0132 -0.0014 -0.0001 62 dodge_charger_police
Car 0.00 1.00 2 1 2 2 0 0 0 0 943.83 362.06 954.50 371.47 1.6980 1.9434 4.1871 2.0172 2.0891 -107.5599 1.5916 -0.0000 0.0000 63 citroen_c3
Car 0.00 1.00 0 0 0 0 0 0 0 0 781.60 362.30 803.58 367.57 1.4812 2.1349 5.6254 47.6972 2.1425 -162.4690 0.0137 0.0000 -0.0000 64 chevrolet_impala
Car 1.00 1.00 389 426 672 29544 0 69 60 0 -1000.00 -1000.00 -1000.00 -1000.00 1.6115 2.2019 5.2564 -19.4833 2.1365 12.4628 0.0030 0.0047 0.0011 65 charger2020_charger2020
Car 1.00 1.00 0 0 0 49 0 0 0 0 -1000.00 -1000.00 -1000.00 -1000.00 1.3660 1.9896 4.9534 68.9285 2.1343 36.3718 -1.5484 0.0001 -0.0000 66 mustang_mustang
Motorcycle 1.00 1.00 0 0 0 0 0 0 0 0 -1000.00 -1000.00 -1000.00 -1000.00 1.5852 1.1236 2.1350 77.0046 2.0998 -8.0056 1.5944 -0.0000 -0.0000 67 kawasaki_ninja
Car 1.00 1.00 0 0 0 0 0 0 0 0 -1000.00 -1000.00 -1000.00 -1000.00 1.5488 2.0688 3.9961 -170.3222 2.0968 63.5893 -2.7922 -0.0000 0.0001 68 mini_cooperst
Car 1.00 1.00 0 0 0 0 0 0 0 0 -1000.00 -1000.00 -1000.00 -1000.00 1.5542 2.3421 5.1370 -157.0227 2.1307 -68.2996 -1.5373 0.0138 0.0007 69 lincoln2020_mkz2020
Car 0.00 0.18 43 54 82 332 104 0 0 0 936.16 361.22 973.70 379.49 1.9718 2.0005 4.0595 0.5635 2.1088 -65.4297 -3.1263 -0.0015 -0.0009 70 jeep_wrangler_rubicon
Car 0.00 1.00 0 0 0 0 0 0 0 0 1199.44 361.18 1213.47 366.80 1.7506 2.3538 4.8416 -78.3713 2.1318 -180.8005 1.5593 0.0000 -0.0000 71 bmw_grandtourer
Car 0.00 1.00 0 0 0 0 0 0 0 0 390.50 359.55 426.95 368.70 2.2031 2.5091 6.5872 135.9614 2.0955 -141.2868 -1.5552 0.0000 -0.0000 72 tesla_cybertruck
Car 1.00 1.00 0 0 0 0 0 0 0 0 -1000.00 -1000.00 -1000.00 -1000.00 1.6244 1.8781 3.8906 -78.8546 2.1335 -1.3241 1.5864 -0.0005 -0.0011 73 audi_a2
Car 0.00 1.00 0 0 0 0 0 0 0 0 271.87 363.35 347.99 378.63 1.7203 2.2019 5.4994 77.4458 2.1387 -70.6554 -2.5569 0.0012 0.0004 74 chargercop2020_chargercop2020
Car 1.00 1.00 0 0 0 0 0 0 0 0 -1000.00 -1000.00 -1000.00 -1000.00 1.6320 2.1403 5.2230 -82.2944 2.1492 -4.8553 1.5861 -0.0043 0.0000 75 dodge_charger_police
Car 1.00 1.00 21 31 39 190 0 5 0 0 -1000.00 -1000.00 -1000.00 -1000.00 1.5140 2.1024 4.9073 -84.0970 2.1346 22.3191 -1.0778 -0.0013 0.0055 76 mercedesccc_mercedesccc
Car 0.00 0.62 0 2 4 9 1 0 0 0 971.16 361.59 979.17 368.18 1.6244 1.8781 3.8906 -3.9266 2.0709 -148.5236 -1.5453 0.0161 -0.0025 77 audi_a2
Car 0.00 0.72 3 7 12 50 2 0 0 0 1058.86 364.43 1086.23 381.07 1.6244 1.8781 3.8906 -11.7043 2.1023 -61.9598 -2.0210 0.0009 -0.0005 78 audi_a2
Car 0.00 1.00 0 0 0 0 0 0 0 0 903.33 361.48 923.31 367.72 1.7203 2.2019 5.4994 13.0206 2.1386 -159.3594 -3.0870 -0.0001 0.0007 79 chargercop2020_chargercop2020
Car 1.00 1.00 19 27 46 158 0 4 0 0 -1000.00 -1000.00 -1000.00 -1000.00 2.1397 2.1728 4.7045 -99.4397 2.1505 22.6070 -2.9368 -0.0042 -0.0125 80 volkswagen_t2
Car 0.00 1.00 0 0 0 0 0 0 0 0 766.47 362.62 785.72 367.37 1.3660 1.9896 4.9534 53.5377 2.1340 -165.8875 0.0137 0.0000 -0.0000 81 mustang_mustang
Car 0.00 0.78 0 0 0 13 0 0 0 0 941.15 362.17 955.76 373.15 1.7203 2.2019 5.4994 1.9210 2.0833 -95.0061 1.6250 -0.0001 0.0007 82 chargercop2020_chargercop2020
Car 1.00 1.00 0 0 0 4 0 0 0 0 -1000.00 -1000.00 -1000.00 -1000.00 1.6244 1.8781 3.8906 -80.2292 2.1336 89.8615 1.5860 -0.0005 -0.0011 83 audi_a2
Car 0.00 1.00 0 0 0 0 0 0 0 0 406.52 363.35 444.40 374.76 1.6244 1.8781 3.8906 79.1068 2.1332 -86.5748 1.5799 -0.0005 -0.0011 84 audi_a2
Car 0.00 1.00 0 0 0 0 0 0 0 0 127.13 363.01 163.63 368.63 1.3660 1.9896 4.9534 204.8202 2.1338 -143.8924 -2.2930 -0.0001 -0.0012 85 mustang_mustang
Car 0.00 1.00 0 0 0 0 0 0 0 0 1191.04 361.40 1200.68 365.92 1.6244 1.8781 3.8906 -85.6536 2.1338 -205.8003 -1.5824 -0.0020 -0.0011 86 audi_a2
Car 0.00 1.00 0 0 0 0 0 0 0 0 1588.61 360.40 1610.52 366.75 1.9718 2.0005 4.0595 -201.6391 2.1010 -179.2524 1.8663 -0.0004 -0.0007 87 jeep_wrangler_rubicon
Car 0.00 1.00 0 0 0 0 0 0 0 0 1182.12 360.44 1191.74 365.71 1.9718 2.0005 4.0595 -85.7425 2.1395 -213.9394 -1.5797 -0.0008 -0.0001 88 jeep_wrangler_rubicon
Car 0.00 1.00 0 0 0 0 0 0 0 0 1134.67 361.66 1146.86 364.66 1.3660 1.9896 4.9534 -83.1742 2.1339 -259.5394 -3.1209 -0.0002 -0.0000 89 mustang_mustang
Motorcycle 1.00 1.00 0 0 0 0 0 0 0 0 -1000.00 -1000.00 -1000.00 -1000.00 1.6649 1.0692 2.4735 140.6284 2.0896 9.7929 1.5859 0.0226 0.0009 90 harley_davidson_low_rider
Car 1.00 1.00 0 0 0 0 0 0 0 0 -1000.00 -1000.00 -1000.00 -1000.00 1.5475 1.9070 4.4025 -83.8369 2.1358 97.8132 1.5857 0.0000 -0.0000 91 seat_leon
Motorcycle 1.00 1.00 0 0 0 0 0 0 0 0 -1000.00 -1000.00 -1000.00 -1000.00 1.6387 1.2138 2.3199 132.7079 2.1205 -67.2717 0.6128 -0.0014 -0.0015 92 yamaha_yzf
Cyclist 1.00 1.00 0 0 0 1 0 0 0 0 -1000.00 -1000.00 -1000.00 -1000.00 1.9311 0.5921 1.9272 -91.0737 2.1134 77.3139 -1.7158 -0.0032 -0.0006 93 gazelle_omafiets
Car 1.00 1.00 0 0 0 0 0 0 0 0 -1000.00 -1000.00 -1000.00 -1000.00 1.5140 2.1024 4.9073 -151.3650 2.1342 -72.0166 -3.1103 0.0030 0.0002 94 mercedesccc_mercedesccc
Car 0.00 1.00 0 0 0 0 0 0 0 0 749.67 362.00 760.55 366.39 1.4546 2.0938 4.3903 69.4947 2.1418 -192.5357 -1.5640 0.0000 -0.0000 95 audi_tt
Car 0.00 1.00 0 0 0 0 0 0 0 0 1321.53 359.93 1346.52 370.45 2.1397 2.1728 4.7045 -77.6604 2.1530 -119.6314 1.5204 -0.0109 0.0005 96 volkswagen_t2
Car 1.00 1.00 0 0 0 2 0 0 0 0 -1000.00 -1000.00 -1000.00 -1000.00 1.5140 2.1024 4.9073 -86.9762 2.1348 72.6624 -1.5566 -0.0001 -0.0000 97 mercedesccc_mercedesccc
Car 1.00 1.00 0 0 0 0 0 0 0 0 -1000.00 -1000.00 -1000.00 -1000.00 1.4812 2.1349 5.6254 140.7696 2.0829 0.8602 1.5864 0.0073 -0.0000 98 chevrolet_impala
Car 1.00 1.00 0 0 0 0 0 0 0 0 -1000.00 -1000.00 -1000.00 -1000.00 1.5765 1.9374 3.8150 75.4138 2.1225 55.0040 1.5949 0.0000 -0.0000 99 nissan_micra
Motorcycle 0.00 1.00 0 0 0 0 0 0 0 0 451.32 363.35 471.33 374.02 1.5853 1.1236 2.1350 75.6266 2.0997 -88.5576 1.5793 -0.0000 -0.0000 100 kawasaki_ninja
Car 1.00 1.00 0 0 0 0 0 0 0 0 -1000.00 -1000.00 -1000.00 -1000.00 1.9476 2.0282 4.8347 -243.6320 2.1248 77.6184 -2.1046 -0.0023 0.0155 101 nissan_patrol
Car 1.00 1.00 0 0 0 0 0 0 0 0 -1000.00 -1000.00 -1000.00 -1000.00 2.1397 2.1728 4.7045 -78.7875 2.1487 -7.1448 1.5841 0.0000 -0.0000 102 volkswagen_t2
Car 1.00 1.00 0 0 0 0 0 0 0 0 -1000.00 -1000.00 -1000.00 -1000.00 1.3660 1.9896 4.9534 -168.8712 2.0959 60.4475 0.3711 -0.0001 -0.0012 103 mustang_mustang
Car 1.00 1.00 7 7 10 47 0 0 0 0 -1000.00 -1000.00 -1000.00 -1000.00 1.5627 2.2716 5.0314 49.6395 2.1404 17.0747 0.0141 0.0000 -0.0000 104 tesla_model3
Car 1.00 1.00 0 0 0 0 0 0 0 0 -1000.00 -1000.00 -1000.00 -1000.00 1.5542 2.3421 5.1370 143.6575 2.1016 -66.4206 -3.1192 0.0031 0.0007 105 lincoln2020_mkz2020
Car 0.00 1.00 0 0 0 0 0 0 0 0 183.58 364.95 258.06 379.19 1.5627 2.2716 5.0314 84.2401 2.1401 -67.7171 -3.0322 0.0005 -0.0001 106 tesla_model3
Car 1.00 1.00 0 0 0 0 0 0 0 0 -1000.00 -1000.00 -1000.00 -1000.00 1.5765 1.9374 3.8150 -88.7115 2.1225 -47.8976 -1.5410 -0.0002 0.0000 107 nissan_micra
Cyclist 0.00 1.00 0 0 0 0 0 0 0 0 1482.62 361.54 1503.59 377.94 1.9311 0.5921 1.9272 -63.0829 2.1139 -70.0678 -3.1240 -0.0040 -0.0000 108 gazelle_omafiets
Cyclist 0.00 1.00 0 0 0 0 0 0 0 0 1038.43 358.52 1042.67 362.52 1.9311 0.5921 1.9272 -39.7916 1.2188 -278.0754 0.2370 -0.0850 -0.0210 109 gazelle_omafiets
Car 1.00 1.00 376 423 683 7007 0 0 114 0 -1000.00 -1000.00 -1000.00 -1000.00 1.4546 2.0938 4.3903 4.9153 2.1129 19.2594 -3.0292 -0.0163 0.0006 110 audi_tt
Car 0.00 1.00 0 0 0 0 0 0 0 0 1427.23 361.47 1483.12 378.26 1.9476 2.0282 4.8347 -58.4819 2.1238 -69.9946 -3.1240 -0.0004 0.0000 111 nissan_patrol
Car 0.00 1.00 0 0 0 0 0 0 0 0 963.09 363.43 975.98 371.86 1.4546 2.0938 4.3903 -1.6907 2.0865 -104.2218 1.6056 0.0001 0.0000 112 audi_tt
Car 0.00 1.00 0 0 0 0 0 0 0 0 896.81 360.84 911.17 365.59 1.7506 2.3538 4.8416 21.0849 2.0761 -213.1164 -0.4176 -0.0001 0.0027 113 bmw_grandtourer
Car 0.00 0.95 27 39 53 201 7 0 0 0 1093.33 361.28 1128.99 376.75 1.9718 2.0005 4.0595 -19.5595 2.1397 -76.3115 0.0180 -0.0004 -0.0001 114 jeep_wrangler_rubicon
Motorcycle 0.00 1.00 0 0 0 0 0 0 0 0 18.45 362.97 52.31 374.13 1.6387 1.2138 2.3199 138.6305 2.0899 -87.6029 1.5864 -0.0000 0.0000 115 yamaha_yzf
Car 0.00 0.98 9 17 29 89 11 0 0 0 984.57 362.01 1000.58 372.21 1.7203 2.2019 5.4994 -5.6811 2.0831 -101.8001 -1.5169 -0.0010 0.0009 116 chargercop2020_chargercop2020
Car 1.00 1.00 0 0 0 0 0 0 0 0 -1000.00 -1000.00 -1000.00 -1000.00 1.6980 1.9434 4.1871 131.0582 2.0891 -50.4269 -1.5553 0.0000 -0.0000 117 citroen_c3
Car 1.00 1.00 0 0 0 0 0 0 0 0 -1000.00 -1000.00 -1000.00 -1000.00 1.5542 2.3421 5.1370 76.2718 -6.3260 120.7289 0.0164 -0.0124 -0.0001 118 lincoln2020_mkz2020
Car 1.00 1.00 26 35 63 2250 0 0 0 0 -1000.00 -1000.00 -1000.00 -1000.00 2.5908 2.7453 5.4640 65.4337 2.1619 36.2210 -1.5474 -0.0027 -0.0000 119 carlamotors_carlacola
Car 0.00 1.00 0 0 0 0 0 0 0 0 502.42 363.13 531.50 372.68 1.5765 1.9374 3.8150 75.6399 2.1222 -99.1715 1.5789 0.0000 -0.0000 120 nissan_micra
Car 1.00 1.00 0 0 0 0 0 0 0 0 -1000.00 -1000.00 -1000.00 -1000.00 1.4477 1.5550 2.3177 88.7688 -6.4562 117.3291 -0.0105 -0.0246 -0.0013 121 bmw_isetta
Car 1.00 1.00 0 0 0 0 0 0 0 0 -1000.00 -1000.00 -1000.00 -1000.00 1.7173 2.2591 5.2781 163.9947 2.1510 -63.8899 2.9459 -0.0067 -0.0001 122 mercedes_benz_coupe
Car 1.00 1.00 75 80 140 6020 0 10 15 0 -1000.00 -1000.00 -1000.00 -1000.00 1.7173 2.2591 5.2781 -27.6468 2.1513 22.9210 -3.1323 -0.0073 -0.0002 123 mercedes_benz_coupe
Car 0.00 1.00 0 0 0 0 0 0 0 0 439.00 362.00 456.66 367.98 1.5765 1.9374 3.8150 137.0712 2.1133 -152.8488 -1.3001 -0.0029 -0.0008 124 nissan_micra
Car 1.00 1.00 50 47 74 325 0 0 0 6 -1000.00 -1000.00 -1000.00 -1000.00 1.6115 2.2019 5.2564 43.2572 2.1363 16.8619 0.0600 -0.0001 0.0006 125 charger2020_charger2020
Car 1.00 1.00 10 15 26 659 0 0 0 2 -1000.00 -1000.00 -1000.00 -1000.00 1.9476 2.0282 4.8347 68.8977 2.1240 43.4740 -1.5574 -0.0007 -0.0001 126 nissan_patrol
Car 0.00 1.00 0 0 0 0 0 0 0 0 1160.76 361.41 1169.62 364.94 1.5140 2.1024 4.9073 -89.6256 2.1342 -246.6299 -1.5818 0.0000 -0.0000 127 mercedesccc_mercedesccc
Car 0.00 1.00 0 0 0 0 0 0 0 0 1281.04 361.65 1301.87 368.47 1.7173 2.2591 5.2781 -84.9924 2.1511 -146.6808 -1.5908 -0.0069 -0.0002 128 mercedes_benz_coupe
Car 0.00 0.39 38 45 71 241 19 0 0 0 1009.14 365.44 1038.24 382.32 1.4812 2.1349 5.6254 -6.3553 2.0984 -60.4313 -1.5421 0.0140 0.0002 129 chevrolet_impala
Car 0.00 1.00 0 0 0 0 0 0 0 0 1353.06 360.00 1366.67 364.67 2.1397 2.1728 4.7045 -185.6227 2.1483 -261.8087 2.7903 -0.0003 -0.0027 130 volkswagen_t2
Car 0.00 1.00 0 0 0 0 0 0 0 0 512.50 363.93 554.60 377.01 1.6244 1.8781 3.8906 54.2206 2.1332 -74.9999 0.0181 -0.0005 -0.0011 131 audi_a2
Car 1.00 1.00 101 103 161 843 0 16 0 0 -1000.00 -1000.00 -1000.00 -1000.00 1.9476 2.0282 4.8347 -42.9667 2.1245 20.7427 -2.9931 -0.0025 0.0008 132 nissan_patrol
Car 0.00 1.00 0 0 0 0 0 0 0 0 1207.09 361.41 1254.12 377.43 1.9476 2.0282 4.8347 -33.4359 2.1238 -73.0487 0.0185 -0.0004 0.0000 133 nissan_patrol
Car 0.00 1.00 0 0 0 0 0 0 0 0 882.45 340.23 893.02 344.66 1.9476 2.0282 4.8347 34.8413 -7.4901 -271.7342 0.0131 -0.0613 0.0001 134 nissan_patrol
Car 1.00 0.00 8052 21841 34805 254544 0 2209 0 0 1895.00 706.00 1918.00 719.00 1.7506 2.3538 4.8416 -3.4684 2.0767 -3.9271 1.5734 0.0000 -0.0000 135 bmw_grandtourer
Car 0.00 1.00 0 0 0 0 0 0 0 0 893.74 360.64 912.13 367.83 1.9476 2.0282 4.8347 15.5696 2.1236 -155.8713 -3.1280 -0.0003 -0.0000 136 nissan_patrol
Car 0.00 1.00 0 0 0 0 0 0 0 0 502.58 363.38 562.36 377.93 1.7203 2.2019 5.4994 51.7868 2.1387 -71.6991 0.0260 -0.0001 0.0007 137 chargercop2020_chargercop2020
Car 0.00 0.71 21 25 33 287 10 0 0 0 782.28 356.19 835.74 379.08 2.5908 2.7453 5.4640 17.4109 2.1595 -68.6434 -3.1239 0.0000 -0.0000 138 carlamotors_carlacola
Car 1.00 1.00 0 0 0 0 0 0 0 0 -1000.00 -1000.00 -1000.00 -1000.00 1.5863 2.2347 5.1468 116.5288 2.1367 18.0220 0.0141 0.0000 -0.0000 139 lincoln_mkz2017
Car 1.00 1.00 0 0 0 0 0 0 0 0 -1000.00 -1000.00 -1000.00 -1000.00 1.9718 2.0005 4.0595 198.5584 2.1395 -68.9606 0.0203 -0.0004 -0.0001 140 jeep_wrangler_rubicon
Car 0.00 1.00 0 0 0 0 0 0 0 0 738.38 361.56 749.97 366.40 1.6011 2.1072 4.7392 72.9907 2.1361 -191.9899 -1.5626 -0.0000 -0.0000 141 toyota_prius
Car 1.00 1.00 0 0 0 0 0 0 0 0 -1000.00 -1000.00 -1000.00 -1000.00 1.7318 2.1344 5.0985 134.4608 2.0954 -44.3584 -1.5554 -0.0000 -0.0000 142 audi_etron
Car 0.53 1.00 0 0 0 0 0 0 0 0 1845.61 359.27 1920.00 386.16 2.2031 2.5091 6.5872 -85.1021 2.1495 -53.6517 -1.5564 0.0046 -0.0000 143 tesla_cybertruck
Car 0.00 1.00 0 0 0 0 0 0 0 0 658.91 362.18 674.78 368.68 1.5765 1.9374 3.8150 72.6404 2.1224 -141.8713 -1.5631 -0.0007 -0.0000 144 nissan_micra
Car 0.00 1.00 0 0 0 1 0 0 0 0 943.12 363.52 955.31 372.15 1.4546 2.0938 4.3903 1.8963 2.0866 -101.8727 1.5909 0.0000 -0.0000 145 audi_tt
Car 0.00 1.00 0 0 0 0 0 0 0 0 1718.13 362.29 1755.90 368.05 1.4812 2.1349 5.6254 -206.9766 2.1040 -152.1883 -1.5538 -0.0001 0.0000 146 chevrolet_impala
Car 1.00 1.00 0 0 1 42 0 0 0 0 -1000.00 -1000.00 -1000.00 -1000.00 2.2031 2.5091 6.5872 -80.3162 2.1516 96.4989 1.5856 -0.0000 -0.0000 147 tesla_cybertruck
Car 0.00 1.00 0 0 0 0 0 0 0 0 1451.33 361.48 1504.03 379.45 1.9718 2.0005 4.0595 -57.8696 2.1397 -66.4875 -3.1240 -0.0004 -0.0001 148 jeep_wrangler_rubicon
Car 0.00 1.00 0 0 0 0 0 0 0 0 1702.62 366.51 1782.39 379.66 1.3660 1.9896 4.9534 -88.3649 2.1339 -67.1962 -1.5506 0.0009 -0.0000 149 mustang_mustang
Car 0.00 1.00 0 0 0 0 0 0 0 0 634.60 363.44 656.52 369.93 1.3660 1.9896 4.9534 68.9107 2.1342 -126.0329 -1.5724 -0.0003 -0.0000 150 mustang_mustang
Car 1.00 1.00 0 0 0 0 0 0 0 0 -1000.00 -1000.00 -1000.00 -1000.00 2.5908 2.7453 5.4640 -82.2796 2.1597 -11.3793 1.5503 0.0000 -0.0000 151 carlamotors_carlacola
Car 1.00 1.00 0 0 0 0 0 0 0 0 -1000.00 -1000.00 -1000.00 -1000.00 1.5863 2.2347 5.1468 125.8111 2.0814 60.0452 -1.0569 -0.0003 -0.0059 152 lincoln_mkz2017
Car 0.00 1.00 0 0 0 0 0 0 0 0 1617.26 361.00 1639.58 365.78 1.7506 2.3538 4.8416 -250.3368 2.1319 -212.0920 -1.1951 -0.0001 0.0016 153 bmw_grandtourer
Cyclist 0.00 1.00 0 0 0 0 0 0 0 0 701.84 360.47 706.51 366.84 1.9709 0.6705 1.7250 79.8701 2.1222 -177.5345 1.5790 0.0049 0.0000 154 diamondback_century
Cyclist 1.00 1.00 0 0 0 0 0 0 0 0 -1000.00 -1000.00 -1000.00 -1000.00 1.9311 0.5921 1.9272 -170.2419 2.0972 -76.3192 0.0110 -0.0041 -0.0000 155 gazelle_omafiets
Motorcycle 0.00 1.00 0 0 0 0 0 0 0 0 529.05 361.50 540.74 367.53 1.6960 1.0692 2.4735 120.4014 2.1236 -161.4710 0.0143 0.0030 -0.0000 156 harley_davidson_low_rider
Car 1.00 1.00 0 0 0 0 0 0 0 0 -1000.00 -1000.00 -1000.00 -1000.00 2.1397 2.1728 4.7045 -83.6724 2.1488 85.4042 1.5870 0.0000 -0.0000 157 volkswagen_t2
Car 0.00 1.00 0 0 0 0 0 0 0 0 1128.50 361.25 1138.49 364.60 1.5488 2.0688 3.9961 -80.9066 2.1347 -262.9728 -3.1223 -0.0003 -0.0000 158 mini_cooperst
Cyclist 0.00 1.00 0 0 0 0 0 0 0 0 811.80 360.63 819.11 367.42 1.9311 0.5921 1.9272 41.2232 2.1135 -162.5530 -0.0053 -0.0058 -0.0001 159 gazelle_omafiets
Car 0.00 0.35 56 56 90 356 15 0 0 0 1054.09 366.37 1091.71 384.78 1.4812 2.1349 5.6254 -10.0046 2.0867 -54.0622 -1.5546 0.0010 0.0001 160 chevrolet_impala
Car 0.00 1.00 0 0 0 0 0 0 0 0 832.43 340.23 844.25 343.94 1.7173 2.2591 5.2781 59.3076 -7.8735 -274.7236 0.0109 -0.0071 -0.0003 161 mercedes_benz_coupe
Car 0.00 1.00 0 0 0 0 0 0 0 0 1676.65 360.77 1711.28 370.70 1.9718 2.0005 4.0595 -149.9150 2.1385 -117.7432 1.4146 0.0036 0.0006 162 jeep_wrangler_rubicon
Car 1.00 1.00 0 0 0 0 0 0 0 0 -1000.00 -1000.00 -1000.00 -1000.00 1.7506 2.3538 4.8416 71.8938 2.1322 58.5656 1.5949 0.0000 -0.0000 163 bmw_grandtourer
Car 1.00 1.00 0 0 0 0 0 0 0 0 -1000.00 -1000.00 -1000.00 -1000.00 1.6115 2.2019 5.2564 137.3930 2.0807 -7.6141 1.6234 -0.0001 0.0006 164 charger2020_charger2020
Car 1.00 1.00 0 0 0 0 0 0 0 0 -1000.00 -1000.00 -1000.00 -1000.00 1.6244 1.8781 3.8906 73.5182 2.1333 -9.5582 1.5915 -0.0005 -0.0011 165 audi_a2
Car 1.00 1.00 0 0 0 0 0 0 0 0 -1000.00 -1000.00 -1000.00 -1000.00 1.5475 1.9070 4.4025 108.6471 -6.6838 121.7030 -0.2375 -0.0117 -0.0083 166 seat_leon
Car 1.00 1.00 0 0 0 0 0 0 0 0 -1000.00 -1000.00 -1000.00 -1000.00 1.5765 1.9374 3.8150 -249.1946 2.1224 -118.1320 1.5808 -0.0003 -0.0001 167 nissan_micra
Car 1.00 1.00 0 0 0 0 0 0 0 0 -1000.00 -1000.00 -1000.00 -1000.00 1.5863 2.2347 5.1468 -92.3793 2.1372 108.8779 -1.0908 -0.0005 -0.0048 168 lincoln_mkz2017
Car 0.00 1.00 0 0 0 0 0 0 0 0 1026.71 361.32 1044.80 367.49 1.7506 2.3538 4.8416 -21.7045 2.1319 -163.4169 0.0138 -0.0000 -0.0000 169 bmw_grandtourer
Car 0.00 1.00 0 0 0 0 0 0 0 0 560.11 365.37 618.53 377.97 1.4812 2.1349 5.6254 44.8763 2.1427 -71.6694 0.0177 0.0000 -0.0000 170 chevrolet_impala
Car 0.00 1.00 0 0 0 0 0 0 0 0 371.47 362.35 399.32 367.81 1.4812 2.1349 5.6254 158.9260 2.1407 -157.8057 3.1051 0.0028 0.0013 171 chevrolet_impala
Car 1.00 1.00 0 0 0 0 0 0 0 0 -1000.00 -1000.00 -1000.00 -1000.00 1.6011 2.1072 4.7392 134.5542 2.0808 -50.3373 -1.5552 -0.0000 -0.0000 172 toyota_prius
Car 0.00 0.52 0 4 9 35 4 0 0 0 927.79 361.75 947.76 367.65 1.6115 2.2019 5.2564 6.2469 2.1163 -160.1287 -2.8944 0.0004 0.0027 173 charger2020_charger2020
Car 0.57 1.00 0 0 0 0 0 0 0 0 1875.38 366.14 1920.00 384.35 1.5475 1.9070 4.4025 -88.5736 2.1355 -55.3273 -1.5560 0.0003 -0.0000 174 seat_leon
Car 0.00 1.00 0 0 0 0 0 0 0 0 1193.76 358.61 1210.71 366.58 2.5908 2.7453 5.4640 -81.7884 2.1514 -191.7270 1.7201 0.0099 -0.0027 175 carlamotors_carlacola
Car 0.00 1.00 0 0 0 0 0 0 0 0 542.44 362.31 568.59 367.64 1.4812 2.1349 5.6254 114.5609 2.1424 -161.5093 0.1644 0.0000 0.0000 176 chevrolet_impala
Car 0.00 1.00 0 0 0 0 1 0 0 0 928.90 345.07 937.64 349.63 1.9718 2.0005 4.0595 13.2275 -5.2762 -278.5010 -0.0805 -0.1271 0.0133 177 jeep_wrangler_rubicon
Car 0.00 1.00 0 0 0 0 0 0 0 0 1303.23 361.83 1321.88 369.05 1.6980 1.9434 4.1871 -84.8557 2.1446 -137.9402 -1.6091 -0.0002 0.0000 178 citroen_c3
Car 0.00 0.76 0 0 0 30 0 0 0 0 942.39 363.40 956.29 373.97 1.5488 2.0688 3.9961 1.6287 2.0796 -88.9907 1.5917 0.0000 -0.0000 179 mini_cooperst
Motorcycle 0.00 1.00 0 0 0 0 0 0 0 0 501.53 362.38 518.93 372.22 1.6960 1.0692 2.4735 79.2449 2.1236 -102.1600 1.5778 0.0016 -0.0000 180 harley_davidson_low_rider
Car 1.00 1.00 0 0 0 0 0 0 0 0 -1000.00 -1000.00 -1000.00 -1000.00 1.4477 1.5550 2.3177 139.8015 2.1069 18.3366 0.0136 0.0013 0.0028 181 bmw_isetta
Cyclist 0.00 1.00 0 0 0 0 0 0 0 0 447.23 362.44 461.29 373.47 1.7065 0.8593 1.4873 79.2174 2.0920 -91.3081 1.5897 0.0000 -0.0000 182 bh_crossbike
Car 0.00 1.00 0 0 0 0 0 0 0 0 771.49 340.45 782.62 343.88 1.6011 2.1072 4.7392 89.1034 -7.8829 -274.4684 0.0253 0.0001 0.0003 183 toyota_prius
Car 0.00 1.00 0 0 0 0 0 0 0 0 1214.09 361.84 1226.53 366.87 1.5488 2.0688 3.9961 -81.8476 2.1350 -178.8000 1.5591 -0.0000 -0.0000 184 mini_cooperst
Car 0.00 1.00 0 0 0 0 0 0 0 0 1279.87 361.64 1296.38 368.05 1.6980 1.9434 4.1871 -88.5975 2.1446 -154.1887 -1.5583 -0.0007 -0.0000 185 citroen_c3
Car 0.00 1.00 0 0 0 0 0 0 0 0 476.18 361.60 493.68 366.90 1.5765 1.9374 3.8150 143.9445 2.0665 -172.4520 1.5222 0.0000 -0.0000 186 nissan_micra
Car 0.00 1.00 0 0 0 0 0 0 0 0 462.96 362.24 502.12 373.19 1.7506 2.3538 4.8416 79.1928 2.1319 -96.5108 1.5790 0.0000 -0.0000 187 bmw_grandtourer
Car 0.00 1.00 0 0 0 0 0 0 0 0 788.53 362.00 804.29 367.38 1.5488 2.0688 3.9961 47.6486 2.1349 -165.9683 0.0139 0.0000 -0.0000 188 mini_cooperst
Car 0.00 1.00 0 0 0 0 0 0 0 0 1701.46 365.18 1771.66 380.17 1.5488 2.0688 3.9961 -84.9037 2.1352 -65.1684 -1.5519 0.0001 -0.0000 189 mini_cooperst
Car 1.00 1.00 0 0 0 0 0 0 0 0 -1000.00 -1000.00 -1000.00 -1000.00 1.6011 2.1072 4.7392 200.4803 2.1366 -72.4149 0.0177 -0.0010 -0.0000 190 toyota_prius
Car 1.00 1.00 0 0 0 0 0 0 0 0 -1000.00 -1000.00 -1000.00 -1000.00 1.3660 1.9896 4.9534 76.8685 2.1343 -2.4006 1.5950 0.0000 -0.0000 191 mustang_mustang
Car 0.00 1.00 0 0 0 0 0 0 0 0 1718.55 360.46 1745.25 366.45 1.9476 2.0282 4.8347 -259.8907 2.1227 -191.1392 -1.4141 0.0030 0.0048 192 nissan_patrol
Pedestrian 1.00 1.00 0 0 0 0 0 0 0 0 -1000.00 -1000.00 -1000.00 -1000.00 1.9158 0.4880 0.5863 -270.1566 1.9516 -132.9471 1.5514 0.0000 -0.0000 193 pedestrian_0019
Pedestrian 0.00 1.00 0 0 0 0 0 0 0 0 1612.75 362.39 1616.55 365.92 1.1330 0.4333 0.6667 -210.6919 1.9023 -182.8625 -1.3404 0.0000 -0.0000 194 pedestrian_0010
Pedestrian 0.00 1.00 0 0 0 0 0 0 0 0 488.63 360.69 492.88 367.77 1.9158 0.4880 0.7507 127.2268 2.1022 -154.7568 1.4675 0.0000 -0.0000 195 pedestrian_0005
Pedestrian 0.00 1.00 0 0 0 0 0 0 0 0 456.42 359.92 459.67 367.42 1.9158 0.4880 0.3754 128.3981 1.8944 -146.2579 -1.4601 0.0000 -0.0000 196 pedestrian_0003
Pedestrian 1.00 1.00 0 0 0 0 0 0 0 0 -1000.00 -1000.00 -1000.00 -1000.00 1.9158 0.4880 0.7507 165.4199 -8.0503 -80.1833 1.5853 0.0000 -0.0000 197 pedestrian_0021
Pedestrian 1.00 1.00 0 0 0 0 0 0 0 0 -1000.00 -1000.00 -1000.00 -1000.00 1.9158 0.4880 0.7507 -230.0240 1.9507 114.6502 0.6883 0.0000 -0.0000 198 pedestrian_0003
Pedestrian 0.00 1.00 0 0 0 0 0 0 0 0 1485.99 360.08 1487.75 364.35 1.9158 0.4880 0.4735 -236.5221 1.9519 -253.2975 -0.9867 0.0000 -0.0000 199 pedestrian_0004
Pedestrian 1.00 1.00 0 0 0 0 0 0 0 0 -1000.00 -1000.00 -1000.00 -1000.00 1.9158 0.4880 0.7507 126.1326 1.8946 -25.7813 1.6186 0.0000 -0.0000 200 pedestrian_0022
Pedestrian 0.00 1.00 0 0 0 0 0 0 0 0 1219.25 362.46 1221.28 366.84 1.3390 0.3253 0.4748 -79.7234 2.0940 -174.2608 -0.0455 0.0000 -0.0000 201 pedestrian_0014
Pedestrian 1.00 1.00 0 0 0 0 0 0 0 0 -1000.00 -1000.00 -1000.00 -1000.00 1.9158 0.4880 0.4678 47.8192 1.9407 -0.0334 -0.4632 0.0000 -0.0000 202 pedestrian_0022
Pedestrian 0.00 1.00 0 0 0 1 0 0 0 0 827.64 359.84 834.93 380.56 1.9158 0.4880 0.5815 11.9577 1.9009 -55.9779 -3.0927 0.0000 -0.0000 203 pedestrian_0023
Pedestrian 0.00 0.60 2 0 0 15 2 0 0 0 924.47 363.79 926.97 373.13 1.3390 0.3253 0.2502 4.9345 1.8862 -84.2511 1.7828 0.0000 -0.0000 204 pedestrian_0012
Pedestrian 0.00 1.00 0 0 0 0 0 0 0 0 1027.33 359.93 1030.22 367.95 1.9158 0.4880 0.7507 -16.4713 1.8981 -137.2334 1.7460 0.0000 -0.0000 205 pedestrian_0019
Pedestrian 1.00 1.00 12 14 15 357 0 0 2 0 -1000.00 -1000.00 -1000.00 -1000.00 1.9158 0.4880 0.5720 -15.6486 1.9503 27.1306 -2.8305 0.0000 -0.0000 206 pedestrian_0005
Pedestrian 0.00 1.00 0 0 0 0 0 0 0 0 8.00 360.05 17.76 374.44 1.9158 0.4880 0.4644 126.6174 1.9225 -78.5789 -1.0845 0.0000 -0.0000 207 pedestrian_0026
Pedestrian 0.00 1.00 0 0 0 0 0 0 0 0 1228.94 360.11 1233.52 369.04 1.9158 0.4880 0.7507 -58.3204 1.9397 -123.6594 -0.0314 0.0000 -0.0000 208 pedestrian_0015
Pedestrian 1.00 1.00 0 0 0 0 0 0 0 0 -1000.00 -1000.00 -1000.00 -1000.00 1.3390 0.3253 0.3155 -87.4457 1.9422 143.7502 -0.3536 0.0000 -0.0000 209 pedestrian_0014
Pedestrian 1.00 1.00 0 0 0 0 0 0 0 0 -1000.00 -1000.00 -1000.00 -1000.00 1.9158 0.4880 0.6063 -89.1556 1.9506 144.2966 -0.0541 0.0000 -0.0000 210 pedestrian_0016
Pedestrian 1.00 1.00 0 0 0 236 0 0 0 0 -1000.00 -1000.00 -1000.00 -1000.00 1.3390 0.3253 0.5005 29.7674 1.9419 27.5657 3.1386 0.0000 -0.0000 211 pedestrian_0012
Pedestrian 0.00 1.00 0 0 0 0 0 0 0 0 543.06 365.31 549.13 372.87 1.1330 0.4333 0.6667 62.5990 1.9387 -88.3086 1.6048 0.0000 -0.0000 212 pedestrian_0009
Pedestrian 1.00 1.00 0 0 0 0 0 0 0 0 -1000.00 -1000.00 -1000.00 -1000.00 1.1330 0.4333 0.6667 144.6350 1.8856 -12.5025 1.5137 0.0000 -0.0000 213 pedestrian_0010
Pedestrian 1.00 1.00 0 0 0 0 0 0 0 0 -1000.00 -1000.00 -1000.00 -1000.00 1.9158 0.4880 0.6343 -271.5957 1.9504 -68.8494 -1.4997 0.0000 -0.0000 214 pedestrian_0021
Pedestrian 1.00 1.00 3 1 3 22 0 0 0 0 -1000.00 -1000.00 -1000.00 -1000.00 1.9158 0.4880 0.6090 -92.2405 2.1028 28.7589 -0.6208 0.0000 -0.0000 215 pedestrian_0018
Pedestrian 0.00 1.00 0 0 0 0 0 0 0 0 1753.66 360.11 1757.25 365.82 1.9158 0.4880 0.4921 -267.4020 1.9526 -190.8004 -1.6599 0.0000 -0.0000 216 pedestrian_0020
Pedestrian 0.00 1.00 0 0 0 0 0 0 0 0 246.23 359.88 253.34 370.56 1.9158 0.4880 0.6176 127.7886 1.8945 -104.2089 1.5918 0.0000 -0.0000 217 pedestrian_0017
Pedestrian 0.00 1.00 0 0 0 0 0 0 0 0 1175.28 360.11 1178.42 366.48 1.9158 0.4880 0.7507 -65.3557 1.9500 -171.5279 -3.1249 0.0000 -0.0000 218 pedestrian_0007
Pedestrian 1.00 1.00 0 0 0 0 0 0 0 0 -1000.00 -1000.00 -1000.00 -1000.00 1.1330 0.4333 0.5347 -146.3014 1.9389 -53.7009 1.5475 0.0000 -0.0000 219 pedestrian_0010
Pedestrian 1.00 1.00 0 0 0 41 0 0 0 0 -1000.00 -1000.00 -1000.00 -1000.00 1.9158 0.4880 0.5241 62.0311 2.1027 29.5997 2.9710 0.0000 -0.0000 220 pedestrian_0023
Pedestrian 0.00 1.00 0 0 0 0 0 0 0 0 759.43 359.94 761.23 364.89 1.9158 0.4880 0.5235 77.3973 1.8943 -219.3279 -3.1361 0.0000 -0.0000 221 pedestrian_0024
Pedestrian 0.00 1.00 0 0 0 0 0 0 0 0 1755.68 363.13 1759.64 367.73 1.1330 0.4333 0.3774 -196.7973 1.9055 -141.2264 -1.5690 0.0000 -0.0000 222 pedestrian_0011
Pedestrian 1.00 1.00 0 0 0 0 0 0 0 0 -1000.00 -1000.00 -1000.00 -1000.00 1.9158 0.4880 0.6175 -270.0759 1.9529 -120.8584 1.6393 0.0000 -0.0000 223 pedestrian_0016
Pedestrian 0.00 1.00 0 0 0 0 0 0 0 0 729.75 340.06 730.91 343.92 1.9158 0.4880 0.4435 115.0916 -8.0674 -282.2299 0.1752 0.0000 -0.0000 224 pedestrian_0017
Pedestrian 0.00 1.00 0 0 0 0 0 0 0 0 11.12 302.99 21.19 314.31 1.9158 0.4880 0.7507 165.6331 -8.0501 -101.7478 1.5873 0.0000 -0.0000 225 pedestrian_0001
Pedestrian 1.00 1.00 0 0 0 0 0 0 0 0 -1000.00 -1000.00 -1000.00 -1000.00 1.9158 0.4880 0.7507 -198.7531 1.9152 -91.9204 -1.6266 0.0000 -0.0000 226 pedestrian_0003
Pedestrian 0.00 1.00 0 0 0 0 0 0 0 0 1852.42 360.21 1862.86 372.10 1.9158 0.4880 0.7507 -145.2741 1.9502 -94.1836 -1.4625 0.0000 -0.0000 227 pedestrian_0007
Pedestrian 1.00 1.00 0 0 0 0 0 0 0 0 -1000.00 -1000.00 -1000.00 -1000.00 1.1330 0.4333 0.6667 126.0670 1.8832 -42.5847 1.6076 0.0000 -0.0000 228 pedestrian_0010
Pedestrian 1.00 1.00 0 0 0 0 0 0 0 0 -1000.00 -1000.00 -1000.00 -1000.00 1.1330 0.4333 0.5670 -67.9097 1.9336 -43.0927 0.4940 0.0000 -0.0000 229 pedestrian_0010
Pedestrian 1.00 1.00 0 0 0 0 0 0 0 0 -1000.00 -1000.00 -1000.00 -1000.00 1.3390 0.3253 0.4559 19.8415 1.9020 -21.0359 -0.2559 0.0000 -0.0000 230 pedestrian_0013
Pedestrian 1.00 1.00 0 0 0 0 0 0 0 0 -1000.00 -1000.00 -1000.00 -1000.00 1.3390 0.3253 0.4591 183.1041 1.9436 -76.5690 3.1300 0.0000 -0.0000 231 pedestrian_0013
Pedestrian 0.00 1.00 0 0 0 0 0 0 0 0 747.81 360.63 750.04 367.08 1.9158 0.4880 0.4638 62.7501 2.1023 -169.2566 -1.5606 0.0000 -0.0000 232 pedestrian_0020
Pedestrian 1.00 1.00 0 0 0 0 0 0 0 0 -1000.00 -1000.00 -1000.00 -1000.00 1.9158 0.4880 0.4227 119.3090 1.8949 83.9230 -0.3397 0.0000 -0.0000 233 pedestrian_0021
Pedestrian 1.00 1.00 0 0 0 0 0 0 0 0 -1000.00 -1000.00 -1000.00 -1000.00 1.1330 0.4333 0.4562 -200.4478 1.9031 -43.0437 -1.5986 0.0000 -0.0000 234 pedestrian_0009
Pedestrian 1.00 1.00 0 0 0 0 0 0 0 0 -1000.00 -1000.00 -1000.00 -1000.00 1.9158 0.4880 0.5026 224.4921 1.9500 -17.6150 -1.5444 0.0000 -0.0000 235 pedestrian_0006
Pedestrian 0.00 1.00 0 0 0 0 0 0 0 0 1723.55 369.21 1734.58 380.25 1.1330 0.4333 0.5319 -79.7282 2.0912 -61.9415 3.1037 0.0000 -0.0000 236 pedestrian_0009
Pedestrian 0.00 1.00 0 0 0 0 0 0 0 0 1473.30 360.25 1480.12 374.06 1.9158 0.4880 0.5063 -71.9272 1.9502 -81.6352 0.1713 0.0000 -0.0000 237 pedestrian_0026
Pedestrian 1.00 1.00 6 8 14 162 0 0 6 0 -1000.00 -1000.00 -1000.00 -1000.00 1.9158 0.4880 0.5775 6.0911 1.8949 43.4767 -1.8268 0.0000 -0.0000 238 pedestrian_0021
Pedestrian 0.00 1.00 0 0 0 0 0 0 0 0 130.73 368.34 141.58 387.22 1.3390 0.3253 0.3814 59.1382 1.9417 -44.2685 -0.9362 0.0000 -0.0000 239 pedestrian_0012
Pedestrian 0.00 1.00 0 0 0 0 0 0 0 0 1163.99 360.07 1165.82 363.82 1.9158 0.4880 0.7507 -104.7432 1.9501 -287.8084 0.0227 0.0000 -0.0000 240 pedestrian_0020
Pedestrian 1.00 1.00 0 0 0 0 0 0 0 0 -1000.00 -1000.00 -1000.00 -1000.00 1.1330 0.4333 0.6667 201.0257 -8.0597 -50.9607 -1.5606 0.0000 -0.0000 241 pedestrian_0011
Pedestrian 0.00 1.00 0 0 0 0 0 0 0 0 896.98 360.11 899.65 366.50 1.9158 0.4880 0.7507 18.5424 1.9499 -171.0927 -3.1338 0.0000 -0.0000 242 pedestrian_0002
Pedestrian 0.00 1.00 0 0 0 0 0 0 0 0 55.79 363.87 62.34 373.42 1.3390 0.3253 0.3822 126.9457 1.8861 -82.5783 1.4578 0.0000 -0.0000 243 pedestrian_0014
Pedestrian 1.00 1.00 0 0 0 0 0 0 0 0 -1000.00 -1000.00 -1000.00 -1000.00 1.9158 0.4880 0.7507 43.2323 1.9372 -21.4242 -2.5394 0.0000 -0.0000 244 pedestrian_0006
Pedestrian 1.00 1.00 0 0 0 0 0 0 0 0 -1000.00 -1000.00 -1000.00 -1000.00 1.9158 0.4880 0.6637 201.0232 -8.0501 -73.4109 -1.5537 0.0000 -0.0000 245 pedestrian_0020
Pedestrian 0.00 0.97 2 1 2 4 0 0 0 0 1145.04 360.25 1151.77 374.39 1.9158 0.4880 0.7507 -25.6063 1.9501 -79.8143 -0.0029 0.0000 -0.0000 246 pedestrian_0022
Pedestrian 0.00 1.00 0 0 0 0 0 0 0 0 1190.62 360.11 1193.06 366.10 1.9158 0.4880 0.7130 -74.2224 1.9500 -181.9232 1.5593 0.0000 -0.0000 247 pedestrian_0002
Pedestrian 1.00 1.00 0 0 0 0 0 0 0 0 -1000.00 -1000.00 -1000.00 -1000.00 1.9158 0.4880 0.3754 145.4975 1.8942 -82.1886 1.8054 0.0000 -0.0000 248 pedestrian_0022
Pedestrian 1.00 1.00 0 0 0 0 0 0 0 0 -1000.00 -1000.00 -1000.00 -1000.00 1.9158 0.4880 0.7507 -68.4692 1.9479 2.8481 2.1837 0.0000 -0.0000 249 pedestrian_0006
Pedestrian 0.00 1.00 0 0 0 0 0 0 0 0 698.03 360.63 700.51 367.07 1.9158 0.4880 0.4889 77.6313 2.1023 -169.5102 3.0600 0.0000 -0.0000 250 pedestrian_0019
Pedestrian 1.00 1.00 0 0 0 0 0 0 0 0 -1000.00 -1000.00 -1000.00 -1000.00 1.9158 0.4880 0.7507 -92.4548 1.9503 -15.3101 -1.5629 0.0000 -0.0000 251 pedestrian_0018
Pedestrian 1.00 1.00 0 0 0 0 0 0 0 0 -1000.00 -1000.00 -1000.00 -1000.00 1.9158 0.4880 0.7507 -270.7316 1.9529 -120.2334 -1.6529 0.0000 -0.0000 252 pedestrian_0007
Pedestrian 0.00 1.00 0 0 0 0 0 0 0 0 686.17 360.15 689.64 368.66 1.9158 0.4880 0.6584 61.4380 1.9500 -129.6319 1.6294 0.0000 -0.0000 253 pedestrian_0008
Pedestrian 1.00 1.00 0 0 0 0 0 0 0 0 -1000.00 -1000.00 -1000.00 -1000.00 1.9158 0.4880 0.5207 -256.8217 1.9507 82.1034 -2.0626 0.0000 -0.0000 254 pedestrian_0022
Pedestrian 1.00 1.00 0 0 0 0 0 0 0 0 -1000.00 -1000.00 -1000.00 -1000.00 1.9158 0.4880 0.5976 -156.0888 1.9507 142.2608 0.0342 0.0000 -0.0000 255 pedestrian_0024
Pedestrian 1.00 1.00 0 0 0 0 0 0 0 0 -1000.00 -1000.00 -1000.00 -1000.00 1.1330 0.4333 0.3607 205.3915 1.9394 -57.2635 2.2285 0.0000 -0.0000 256 pedestrian_0011
Pedestrian 0.00 1.00 0 0 0 0 0 0 0 0 1661.56 360.17 1668.62 369.54 1.9158 0.4880 0.7507 -144.6318 1.9502 -118.1748 -1.5217 0.0000 -0.0000 257 pedestrian_0006
Pedestrian 0.00 1.00 0 0 0 0 0 0 0 0 422.40 360.67 426.75 367.59 1.9158 0.4880 0.7507 148.5659 2.1022 -158.2721 -1.5512 0.0000 -0.0000 258 pedestrian_0005
Pedestrian 1.00 1.00 0 0 0 0 0 0 0 0 -1000.00 -1000.00 -1000.00 -1000.00 1.9158 0.4880 0.7507 41.6492 1.9370 -21.8563 -2.6032 0.0000 -0.0000 259 pedestrian_0003
Pedestrian 0.55 1.00 0 0 0 0 0 0 0 0 0.00 302.05 4.61 313.56 1.9158 0.4880 0.7263 165.8419 -8.0502 -100.1851 1.6339 0.0000 -0.0000 260 pedestrian_0001
Pedestrian 0.00 1.00 0 0 0 0 0 0 0 0 739.64 362.64 741.51 367.35 1.3390 0.3253 0.5005 62.5988 2.0939 -162.6055 -1.6003 0.0000 -0.0000 261 pedestrian_0014
Pedestrian 0.00 1.00 0 0 0 0 0 0 0 0 1480.32 360.30 1491.81 378.52 1.9158 0.4880 0.7507 -55.5693 1.9481 -63.0303 -3.1402 0.0000 -0.0000 262 pedestrian_0020
Pedestrian 1.00 1.00 0 0 0 0 0 0 0 0 -1000.00 -1000.00 -1000.00 -1000.00 1.9158 0.4880 0.6221 -215.9318 1.9146 3.3005 -1.5555 0.0000 -0.0000 263 pedestrian_0025
Pedestrian 1.00 1.00 0 0 0 0 0 0 0 0 -1000.00 -1000.00 -1000.00 -1000.00 1.9158 0.4880 0.7507 58.2340 1.9502 -12.4782 -1.5481 0.0000 -0.0000 264 pedestrian_0026
Pedestrian 0.00 1.00 0 0 0 0 0 0 0 0 1285.03 360.07 1286.64 363.81 1.9158 0.4880 0.5838 -166.7277 1.9499 -288.0928 2.9465 0.0000 -0.0000 265 pedestrian_0025
Pedestrian 0.00 1.00 0 0 0 0 0 0 0 0 801.86 361.55 803.30 365.33 1.3390 0.3253 0.4254 55.7697 1.8873 -200.8424 -3.1098 0.0000 -0.0000 266 pedestrian_0013
Pedestrian 0.00 1.00 0 0 0 0 0 0 0 0 674.01 360.11 676.16 366.39 1.9158 0.4880 0.3865 87.0351 1.9499 -173.7950 1.7256 0.0000 -0.0000 267 pedestrian_0015
Pedestrian 0.00 1.00 0 0 0 0 0 0 0 0 462.14 359.92 465.14 367.49 1.9158 0.4880 0.3881 125.8518 1.8944 -145.0120 2.5432 0.0000 -0.0000 268 pedestrian_0021
Pedestrian 1.00 1.00 0 0 0 0 0 0 0 0 -1000.00 -1000.00 -1000.00 -1000.00 1.1330 0.4333 0.4173 -63.3542 1.9370 144.2903 -3.0919 0.0000 -0.0000 269 pedestrian_0010
Pedestrian 0.00 0.15 19 16 32 216 1 0 0 0 1280.90 361.08 1294.07 403.42 1.9158 0.4880 0.4992 -14.4872 1.8983 -29.0355 1.5399 0.0000 -0.0000 270 pedestrian_0023
Pedestrian 1.00 1.00 11 9 15 146 0 0 4 0 -1000.00 -1000.00 -1000.00 -1000.00 1.3390 0.3253 0.5005 5.9426 1.8865 32.4592 -1.8420 0.0000 -0.0000 271 pedestrian_0013
Pedestrian 0.00 1.00 0 0 0 0 0 0 0 0 1333.46 360.07 1335.08 363.88 1.9158 0.4880 0.5695 -188.2683 1.9511 -283.2891 -0.3312 0.0000 -0.0000 272 pedestrian_0016
Pedestrian 1.00 1.00 0 0 0 0 0 0 0 0 -1000.00 -1000.00 -1000.00 -1000.00 1.3390 0.3253 0.5005 -100.9257 1.9067 78.4644 -0.0256 0.0000 -0.0000 273 pedestrian_0014
Pedestrian 0.00 1.00 0 0 0 0 0 0 0 0 1321.06 360.13 1324.35 367.32 1.9158 0.4880 0.5512 -96.7905 1.9501 -152.3885 0.0542 0.0000 -0.0000 274 pedestrian_0019
Pedestrian 0.00 1.00 0 0 0 0 0 0 0 0 973.26 362.36 974.92 366.80 1.3390 0.3253 0.4934 -4.2510 2.0501 -171.6621 3.1384 0.0000 -0.0000 275 pedestrian_0013
Pedestrian 0.00 0.98 0 0 0 2 2 0 0 0 964.77 360.44 967.35 366.78 1.9158 0.4880 0.7507 -1.8323 2.0482 -172.1399 -3.0879 0.0000 -0.0000 276 pedestrian_0023
Pedestrian 0.68 1.00 0 0 0 0 0 0 0 0 0.00 366.08 2.57 374.78 1.1330 0.4333 0.3707 126.3300 1.9346 -77.3078 -2.5701 0.0000 -0.0000 277 pedestrian_0011
Pedestrian 0.00 1.00 0 0 0 0 0 0 0 0 493.59 362.79 496.24 367.77 1.3390 0.3253 0.5005 125.6079 2.0939 -154.1729 1.6844 0.0000 -0.0000 278 pedestrian_0012
Pedestrian 0.00 1.00 0 0 0 0 0 0 0 0 962.66 347.43 963.93 351.77 1.9158 0.4880 0.5529 -1.4587 -3.6511 -250.1739 0.0163 0.0000 -0.0000 279 pedestrian_0015
Pedestrian 1.00 1.00 0 0 0 4 0 0 0 0 -1000.00 -1000.00 -1000.00 -1000.00 1.9158 0.4880 0.7507 133.3468 2.0472 34.6138 0.7197 0.0000 -0.0000 280 pedestrian_0017
Pedestrian 1.00 1.00 0 0 0 0 0 0 0 0 -1000.00 -1000.00 -1000.00 -1000.00 1.9158 0.4880 0.7507 200.4338 -8.0120 12.1974 -1.5530 0.0000 -0.0000 281 pedestrian_0005
Pedestrian 0.00 1.00 0 0 0 0 0 0 0 0 722.81 362.74 724.30 365.99 1.1330 0.4333 0.3663 82.6874 2.0908 -198.3084 -3.0409 0.0000 -0.0000 282 pedestrian_0009
Pedestrian 0.00 1.00 0 0 0 0 0 0 0 0 1226.42 362.30 1228.59 365.56 1.1330 0.4333 0.6667 -93.4294 1.9385 -198.0650 1.5769 0.0000 -0.0000 283 pedestrian_0009
Pedestrian 1.00 1.00 0 0 0 0 0 0 0 0 -1000.00 -1000.00 -1000.00 -1000.00 1.1330 0.4333 0.4144 208.4284 1.9384 -117.6160 1.5629 0.0000 -0.0000 284 pedestrian_0009
Pedestrian 0.00 1.00 0 0 0 0 0 0 0 0 1671.50 360.53 1676.52 367.37 1.9158 0.4880 0.7381 -200.5447 2.0639 -160.1564 2.5946 0.0000 -0.0000 285 pedestrian_0024
Pedestrian 0.00 1.00 0 0 0 0 0 0 0 0 277.69 359.90 285.15 370.15 1.9158 0.4880 0.7507 127.2965 1.8964 -108.4570 -1.5324 0.0000 -0.0000 286 pedestrian_0023
Pedestrian 1.00 1.00 0 0 0 0 0 0 0 0 -1000.00 -1000.00 -1000.00 -1000.00 1.9158 0.4880 0.7507 -93.7189 1.9503 -7.5177 1.5182 0.0000 -0.0000 287 pedestrian_0015
Pedestrian 0.00 1.00 0 0 0 0 0 0 0 0 919.19 341.95 920.90 346.30 1.9158 0.4880 0.7507 17.7104 -6.0772 -250.1576 0.0606 0.0000 -0.0000 288 pedestrian_0025
Pedestrian 1.00 1.00 0 0 0 0 0 0 0 0 -1000.00 -1000.00 -1000.00 -1000.00 1.1330 0.4333 0.4903 159.8252 -7.3524 119.5519 2.5168 0.0000 -0.0000 289 pedestrian_0009
Pedestrian 0.00 1.00 0 0 0 0 0 0 0 0 1697.69 360.18 1705.33 370.00 1.9158 0.4880 0.7507 -145.1612 1.9502 -112.9862 -1.4958 0.0000 -0.0000 290 pedestrian_0019
Pedestrian 1.00 1.00 0 0 0 0 0 0 0 0 -1000.00 -1000.00 -1000.00 -1000.00 1.9158 0.4880 0.7507 -188.0552 1.9148 62.4056 0.6021 0.0000 -0.0000 291 pedestrian_0007
Pedestrian 1.00 1.00 0 0 0 0 0 0 0 0 -1000.00 -1000.00 -1000.00 -1000.00 1.9158 0.4880 0.7507 -272.2505 1.9505 -28.9267 -1.5411 0.0000 -0.0000 292 pedestrian_0021
Pedestrian 1.00 1.00 0 0 0 0 0 0 0 0 -1000.00 -1000.00 -1000.00 -1000.00 1.3390 0.3253 0.4474 93.8404 1.9418 8.6453 -3.1397 0.0000 -0.0000 293 pedestrian_0014
Pedestrian 1.00 1.00 0 0 0 0 0 0 0 0 -1000.00 -1000.00 -1000.00 -1000.00 1.9158 0.4880 0.7475 34.3539 -5.8108 144.6514 0.0205 0.0000 -0.0000 294 pedestrian_0002
Pedestrian 1.00 1.00 102 124 204 10999 0 0 26 25 -1000.00 -1000.00 -1000.00 -1000.00 1.9158 0.4880 0.5351 8.3261 1.9503 7.4260 -0.0350 0.0000 -0.0000 295 pedestrian_0026
Pedestrian 0.00 0.04 46 45 79 505 10 0 0 0 763.81 362.25 785.84 422.69 1.9158 0.4880 0.6979 5.6849 1.8960 -21.6373 -1.5215 0.0000 -0.0000 296 pedestrian_0020
Pedestrian 0.00 1.00 0 0 0 0 0 0 0 0 417.87 360.33 429.46 379.24 1.9158 0.4880 0.7327 54.5992 1.9496 -60.9065 -0.0891 0.0000 -0.0000 297 pedestrian_0016
Pedestrian 1.00 1.00 0 0 0 0 0 0 0 0 -1000.00 -1000.00 -1000.00 -1000.00 1.9158 0.4880 0.7507 -95.2352 1.9503 -35.9346 1.5116 0.0000 -0.0000 298 pedestrian_0024
Pedestrian 1.00 1.00 0 0 0 0 0 0 0 0 -1000.00 -1000.00 -1000.00 -1000.00 1.9158 0.4880 0.6668 94.9557 -6.7311 108.8506 0.0001 0.0000 -0.0000 299 pedestrian_0001
Pedestrian 0.00 1.00 0 1 1 2 1 0 0 0 991.84 360.44 994.40 366.79 1.9158 0.4880 0.7507 -10.0174 2.0487 -172.1142 3.0379 0.0000 -0.0000 300 pedestrian_0025
Pedestrian 0.00 1.00 0 0 0 1 0 0 0 0 1184.47 360.07 1188.89 369.00 1.9158 0.4880 0.7507 -48.7219 1.9309 -123.6140 3.1350 0.0000 -0.0000 301 pedestrian_0016
Pedestrian 0.00 0.09 3 3 9 45 8 0 0 0 931.22 361.31 939.55 380.55 1.9158 0.4880 0.7507 2.4644 2.0476 -60.0043 2.9827 0.0000 -0.0000 302 pedestrian_0006
Pedestrian 1.00 1.00 0 2 7 75 0 0 0 0 -1000.00 -1000.00 -1000.00 -1000.00 1.3390 0.3253 0.4096 44.7717 1.9419 28.5471 -3.1237 0.0000 -0.0000 303 pedestrian_0012
Pedestrian 0.00 1.00 0 0 0 0 0 0 0 0 1344.86 360.07 1346.17 363.91 1.9158 0.4880 0.4259 -192.5828 1.9504 -281.3570 -0.3505 0.0000 -0.0000 304 pedestrian_0024
Pedestrian 1.00 1.00 0 0 0 0 0 0 0 0 -1000.00 -1000.00 -1000.00 -1000.00 1.3390 0.3253 0.5005 -74.7111 1.9422 143.7655 3.1111 0.0000 -0.0000 305 pedestrian_0013
Pedestrian 1.00 1.00 0 0 0 0 0 0 0 0 -1000.00 -1000.00 -1000.00 -1000.00 1.1330 0.4333 0.5550 -267.6566 1.9392 55.1400 -1.8151 0.0000 -0.0000 306 pedestrian_0011
Pedestrian 0.00 1.00 0 0 0 0 0 0 0 0 1305.63 360.13 1308.82 367.35 1.9158 0.4880 0.5290 -92.3523 1.9500 -151.8973 0.2404 0.0000 -0.0000 307 pedestrian_0024
Pedestrian 1.00 1.00 0 0 0 0 0 0 0 0 -1000.00 -1000.00 -1000.00 -1000.00 1.9158 0.4880 0.4030 -273.4862 1.9505 5.1647 -2.6033 0.0000 -0.0000 308 pedestrian_0004
Pedestrian 1.00 1.00 26 27 52 306 0 0 0 8 -1000.00 -1000.00 -1000.00 -1000.00 1.9158 0.4880 0.7147 22.6643 1.9503 7.4277 -3.0702 0.0000 -0.0000 309 pedestrian_0019
Pedestrian 1.00 1.00 0 0 0 0 0 0 0 0 -1000.00 -1000.00 -1000.00 -1000.00 1.3390 0.3253 0.5005 164.5241 1.9399 -59.0529 0.0030 0.0000 -0.0000 310 pedestrian_0012
Pedestrian 0.00 1.00 0 0 0 0 0 0 0 0 573.98 360.11 576.85 366.51 1.9158 0.4880 0.5393 115.4352 1.9498 -170.8443 -3.0278 0.0000 -0.0000 311 pedestrian_0022
Pedestrian 0.00 1.00 0 0 0 0 0 0 0 0 723.96 360.34 725.85 365.32 1.9158 0.4880 0.4679 90.5316 2.0467 -217.9184 -1.8037 0.0000 -0.0000 312 pedestrian_0018
Pedestrian 1.00 1.00 0 0 0 0 0 0 0 0 -1000.00 -1000.00 -1000.00 -1000.00 1.9158 0.4880 0.6859 -121.9536 1.9542 5.0401 0.5948 0.0000 -0.0000 313 pedestrian_0022
Pedestrian 0.00 1.00 0 0 0 0 0 0 0 0 821.80 360.13 823.68 367.35 1.9158 0.4880 0.3891 36.4545 1.9499 -151.6847 -3.1123 0.0000 -0.0000 314 pedestrian_0005
Pedestrian 1.00 1.00 100 109 183 8705 0 0 23 16 -1000.00 -1000.00 -1000.00 -1000.00 1.9158 0.4880 0.7507 8.2165 1.9503 8.8788 0.0641 0.0000 -0.0000 315 pedestrian_0018
Pedestrian 1.00 1.00 0 0 0 0 0 0 0 0 -1000.00 -1000.00 -1000.00 -1000.00 1.9158 0.4880 0.4226 -270.5544 1.9506 42.8318 -1.7592 0.0000 -0.0000 316 pedestrian_0024
Pedestrian 0.00 1.00 0 0 0 0 0 0 0 0 1304.36 360.25 1310.25 374.08 1.9158 0.4880 0.5096 -48.2553 1.9505 -81.4922 -3.1253 0.0000 -0.0000 317 pedestrian_0002
Pedestrian 0.00 1.00 0 0 0 0 0 0 0 0 1202.91 361.85 1204.13 365.29 1.3390 0.3253 0.3309 -94.7575 2.0580 -220.1466 1.5930 0.0000 -0.0000 318 pedestrian_0013
Pedestrian 0.00 1.00 0 0 0 2 0 0 0 0 1090.80 359.99 1094.83 368.85 1.9158 0.4880 0.7507 -28.7735 1.9129 -124.5574 0.0201 0.0000 -0.0000 319 pedestrian_0018
Pedestrian 0.00 1.00 0 0 0 0 0 0 0 0 1447.93 360.13 1451.64 367.56 1.9158 0.4880 0.6989 -126.7248 1.9501 -147.8890 -0.6800 0.0000 -0.0000 320 pedestrian_0006
Pedestrian 0.00 1.00 0 0 0 0 0 0 0 0 1120.56 360.07 1122.31 363.82 1.9158 0.4880 0.7507 -82.4201 1.9501 -287.4559 0.0140 0.0000 -0.0000 321 pedestrian_0021
Pedestrian 0.00 1.00 0 0 0 0 0 0 0 0 1504.30 366.76 1511.16 374.85 1.1330 0.4333 0.5448 -77.3775 2.0912 -82.7807 0.0324 0.0000 -0.0000 322 pedestrian_0010
Pedestrian 0.00 1.00 0 0 0 0 0 0 0 0 603.27 360.25 611.09 374.48 1.9158 0.4880 0.7507 47.6979 1.9501 -79.4136 -3.0583 0.0000 -0.0000 323 pedestrian_0022
Pedestrian 0.00 1.00 0 0 0 0 0 0 0 0 1512.56 361.41 1521.73 376.07 1.9158 0.4880 0.7507 -73.3135 2.1026 -77.4167 -1.6792 0.0000 -0.0000 324 pedestrian_0015
Pedestrian 1.00 1.00 2 1 2 0 0 0 0 0 -1000.00 -1000.00 -1000.00 -1000.00 1.9158 0.4880 0.6507 -67.4484 1.9503 8.8218 3.0481 0.0000 -0.0000 325 pedestrian_0005
Pedestrian 1.00 1.00 0 0 0 0 0 0 0 0 -1000.00 -1000.00 -1000.00 -1000.00 1.9158 0.4880 0.6192 199.7401 -7.9241 39.9204 -1.5418 0.0000 -0.0000 326 pedestrian_0006
Pedestrian 1.00 1.00 0 0 0 0 0 0 0 0 -1000.00 -1000.00 -1000.00 -1000.00 1.9158 0.4880 0.6076 170.7338 1.9500 -58.5818 -2.9546 0.0000 -0.0000 327 pedestrian_0002
Pedestrian 1.00 1.00 0 0 0 0 0 0 0 0 -1000.00 -1000.00 -1000.00 -1000.00 1.9158 0.4880 0.4957 56.3842 1.9507 -5.4571 -2.2810 0.0000 -0.0000 328 pedestrian_0015
Pedestrian 1.00 1.00 0 0 0 0 0 0 0 0 -1000.00 -1000.00 -1000.00 -1000.00 1.9158 0.4880 0.7507 -173.9344 1.9507 141.9888 -3.0257 0.0000 -0.0000 329 pedestrian_0005
Pedestrian 0.00 1.00 0 0 0 0 0 0 0 0 1182.92 361.58 1184.57 363.80 1.1330 0.4333 0.6667 -114.3956 1.9393 -287.8622 0.0220 0.0000 -0.0000 330 pedestrian_0010
Pedestrian 1.00 1.00 0 0 0 0 0 0 0 0 -1000.00 -1000.00 -1000.00 -1000.00 1.9158 0.4880 0.7026 56.7385 1.9503 52.2777 1.5921 0.0000 -0.0000 331 pedestrian_0001
Pedestrian 1.00 1.00 0 0 0 0 0 0 0 0 -1000.00 -1000.00 -1000.00 -1000.00 1.9158 0.4880 0.3772 -93.9744 1.9503 -0.8153 0.1761 0.0000 -0.0000 332 pedestrian_0017
Pedestrian 0.00 1.00 0 0 0 0 0 0 0 0 1359.76 360.28 1366.63 374.17 1.9158 0.4880 0.5934 -55.7789 1.9540 -81.1599 0.0503 0.0000 -0.0000 333 pedestrian_0023
Pedestrian 1.00 1.00 0 0 0 0 0 0 0 0 -1000.00 -1000.00 -1000.00 -1000.00 1.3390 0.3253 0.3854 -94.6044 1.9413 42.6916 -1.6204 0.0000 -0.0000 334 pedestrian_0013
Pedestrian 0.00 1.00 0 0 0 0 0 0 0 0 1214.61 360.09 1217.10 365.35 1.9158 0.4880 0.7507 -93.3883 1.9481 -206.7852 1.7319 0.0000 -0.0000 335 pedestrian_0019
Pedestrian 1.00 1.00 50 60 94 631 0 0 0 13 -1000.00 -1000.00 -1000.00 -1000.00 1.9158 0.4880 0.7108 16.6175 1.9503 7.7221 0.0727 0.0000 -0.0000 336 pedestrian_0017
Pedestrian 0.00 1.00 0 0 0 0 0 0 0 0 1175.07 360.07 1176.93 363.82 1.9158 0.4880 0.7507 -110.4651 1.9504 -287.9341 0.0393 0.0000 -0.0000 337 pedestrian_0025
Pedestrian 0.00 1.00 0 0 0 0 0 0 0 0 723.50 340.01 724.73 343.88 1.9158 0.4880 0.3895 117.8840 -8.0632 -281.4696 3.0864 0.0000 -0.0000 338 pedestrian_0006
Pedestrian 0.00 1.00 0 0 0 0 0 0 0 0 804.80 339.09 806.44 341.70 1.1330 0.4333 0.6097 68.1178 -8.0841 -249.0384 -3.1267 0.0000 -0.0000 339 pedestrian_0011
Pedestrian 1.00 1.00 0 0 0 0 0 0 0 0 -1000.00 -1000.00 -1000.00 -1000.00 1.1330 0.4333 0.5482 124.7806 1.8853 4.6461 -1.5618 0.0000 -0.0000 340 pedestrian_0011
Pedestrian 1.00 1.00 0 0 0 0 0 0 0 0 -1000.00 -1000.00 -1000.00 -1000.00 1.3390 0.3253 0.3138 208.2354 1.9434 -108.6163 -1.5567 0.0000 -0.0000 341 pedestrian_0013
Pedestrian 0.00 1.00 0 0 0 0 0 0 0 0 1222.05 360.26 1229.16 374.25 1.9158 0.4880 0.7507 -36.5040 1.9520 -80.6594 -0.0510 0.0000 -0.0000 342 pedestrian_0007
Pedestrian 0.00 1.00 0 0 0 0 0 0 0 0 712.96 360.33 722.20 378.82 1.9158 0.4880 0.7507 25.2274 1.9501 -62.1629 -3.1264 0.0000 -0.0000 343 pedestrian_0021
Pedestrian 1.00 1.00 0 0 0 0 0 0 0 0 -1000.00 -1000.00 -1000.00 -1000.00 1.1330 0.4333 0.6148 200.6195 -8.0608 -63.3294 -1.5763 0.0000 -0.0000 344 pedestrian_0010
Pedestrian 1.00 1.00 133 137 225 8084 0 0 33 2 -1000.00 -1000.00 -1000.00 -1000.00 1.9158 0.4880 0.5381 6.4906 1.8953 7.5548 -1.7312 0.0000 -0.0000 345 pedestrian_0021
Pedestrian 1.00 1.00 0 0 0 0 0 0 0 0 -1000.00 -1000.00 -1000.00 -1000.00 1.3390 0.3253 0.3143 91.0470 1.9236 61.7123 -1.9360 0.0000 -0.0000 346 pedestrian_0014
Pedestrian 0.00 1.00 0 0 0 0 0 0 0 0 1489.95 361.36 1497.44 375.46 1.9158 0.4880 0.5531 -72.8795 2.1026 -80.1697 -1.4660 0.0000 -0.0000 347 pedestrian_0023
Pedestrian 0.00 1.00 0 0 0 0 0 0 0 0 551.13 360.33 561.88 379.00 1.9158 0.4880 0.7507 41.5937 1.9501 -61.6186 -3.1051 0.0000 -0.0000 348 pedestrian_0008
Pedestrian 1.00 1.00 0 0 0 0 0 0 0 0 -1000.00 -1000.00 -1000.00 -1000.00 1.9158 0.4880 0.7413 -271.1566 1.9506 43.2302 1.4965 0.0000 -0.0000 349 pedestrian_0006
Pedestrian 0.00 1.00 0 0 0 0 0 0 0 0 488.64 360.69 492.64 367.82 1.9158 0.4880 0.6856 126.4256 2.1023 -153.7744 -1.5999 0.0000 -0.0000 350 pedestrian_0022
Pedestrian 0.00 1.00 0 0 0 0 0 0 0 0 637.12 360.11 640.52 366.51 1.9158 0.4880 0.7376 96.3814 1.9499 -170.8043 0.0136 0.0000 -0.0000 351 pedestrian_0023
Pedestrian 0.00 1.00 0 0 0 0 0 0 0 0 680.00 360.62 683.15 366.96 1.9158 0.4880 0.7128 84.2340 2.1023 -172.1646 -3.1143 0.0000 -0.0000 352 pedestrian_0006
Pedestrian 0.00 1.00 0 0 0 0 0 0 0 0 567.17 360.22 573.61 372.40 1.9158 0.4880 0.7507 61.5095 1.9500 -91.9859 1.5672 0.0000 -0.0000 353 pedestrian_0024
Pedestrian 1.00 1.00 0 0 0 0 0 0 0 0 -1000.00 -1000.00 -1000.00 -1000.00 1.1330 0.4333 0.6667 -144.6815 1.9393 143.2227 0.0211 0.0000 -0.0000 354 pedestrian_0011
Pedestrian 1.00 1.00 0 0 0 0 0 0 0 0 -1000.00 -1000.00 -1000.00 -1000.00 1.9158 0.4880 0.6679 90.4052 1.9518 11.0401 3.1065 0.0000 -0.0000 355 pedestrian_0017
Pedestrian 1.00 1.00 0 0 0 0 0 0 0 0 -1000.00 -1000.00 -1000.00 -1000.00 1.3390 0.3253 0.3313 164.5754 -8.0584 -34.5560 -1.7076 0.0000 -0.0000 356 pedestrian_0012
Pedestrian 0.00 1.00 0 0 0 0 0 0 0 0 1311.45 360.07 1312.79 363.84 1.9158 0.4880 0.4538 -178.8014 1.9500 -285.9225 2.8618 0.0000 -0.0000 357 pedestrian_0020
Pedestrian 0.00 0.98 4 4 8 19 3 0 0 0 888.98 360.25 893.45 374.42 1.9158 0.4880 0.5013 9.3311 1.9499 -79.6755 3.0245 0.0000 -0.0000 358 pedestrian_0017
Pedestrian 1.00 1.00 19 19 26 177 0 4 0 0 -1000.00 -1000.00 -1000.00 -1000.00 1.9158 0.4880 0.4755 -26.4692 1.9499 8.2078 -3.1141 0.0000 -0.0000 359 pedestrian_0025
Pedestrian 0.00 1.00 0 0 0 0 0 0 0 0 1667.46 361.63 1669.64 365.26 1.3390 0.3253 0.4076 -262.5635 1.9452 -209.8695 -1.2745 0.0000 -0.0000 360 pedestrian_0013
Pedestrian 0.00 1.00 0 0 0 0 0 0 0 0 1264.68 361.18 1266.01 363.79 1.3390 0.3253 0.5005 -156.6253 1.9436 -288.7848 0.0429 0.0000 -0.0000 361 pedestrian_0013
Pedestrian 1.00 1.00 0 0 0 0 0 0 0 0 -1000.00 -1000.00 -1000.00 -1000.00 1.3390 0.3253 0.4304 84.6519 2.0942 12.1972 -1.6916 0.0000 -0.0000 362 pedestrian_0013
Pedestrian 0.00 0.73 1 1 0 6 0 0 0 0 921.81 364.48 924.68 371.31 1.1330 0.4333 0.6667 6.1441 1.8848 -97.1461 1.5672 0.0000 -0.0000 363 pedestrian_0011
Pedestrian 0.00 1.00 0 0 0 0 0 0 0 0 924.81 361.71 926.28 365.90 1.3390 0.3253 0.4254 11.0262 1.8861 -181.8304 -1.0904 0.0000 -0.0000 364 pedestrian_0012
Pedestrian 1.00 1.00 0 0 0 0 0 0 0 0 -1000.00 -1000.00 -1000.00 -1000.00 1.9158 0.4880 0.5474 125.5248 2.0550 13.2430 -1.6334 0.0000 -0.0000 365 pedestrian_0023
Pedestrian 1.00 1.00 0 0 0 0 0 0 0 0 -1000.00 -1000.00 -1000.00 -1000.00 1.9158 0.4880 0.5574 -158.9081 1.9169 74.1476 0.1991 0.0000 -0.0000 366 pedestrian_0005
Pedestrian 0.00 1.00 0 0 0 0 0 0 0 0 1591.76 360.00 1595.31 366.23 1.9158 0.4880 0.5332 -195.2570 1.9167 -175.3048 1.6360 0.0000 -0.0000 367 pedestrian_0021
Pedestrian 1.00 1.00 0 0 0 0 0 0 0 0 -1000.00 -1000.00 -1000.00 -1000.00 1.1330 0.4333 0.4255 -169.8436 1.9274 -66.1272 -0.0637 0.0000 -0.0000 368 pedestrian_0010
Pedestrian 0.00 0.86 0 0 0 6 0 0 0 0 1161.35 360.05 1165.60 368.92 1.9158 0.4880 0.7507 -44.0438 1.9268 -124.4547 -0.0420 0.0000 -0.0000 369 pedestrian_0020
Pedestrian 0.00 1.00 0 0 0 0 0 0 0 0 694.42 364.42 698.65 374.30 1.3390 0.3253 0.4222 35.8269 1.9409 -79.8516 0.0066 0.0000 -0.0000 370 pedestrian_0012
Pedestrian 1.00 1.00 0 0 0 45 0 0 0 1 -1000.00 -1000.00 -1000.00 -1000.00 1.9158 0.4880 0.6565 62.8281 2.1027 29.2517 -3.0438 0.0000 -0.0000 371 pedestrian_0015
Pedestrian 0.00 1.00 0 0 0 0 0 0 0 0 508.51 360.25 515.68 374.21 1.9158 0.4880 0.6096 61.7218 1.9502 -80.8602 1.5310 0.0000 -0.0000 372 pedestrian_0007
Pedestrian 1.00 1.00 0 0 0 0 0 0 0 0 -1000.00 -1000.00 -1000.00 -1000.00 1.9158 0.4880 0.6348 -271.5489 1.9525 -74.8916 1.7500 0.0000 -0.0000 373 pedestrian_0008
Pedestrian 1.00 1.00 0 0 0 0 0 0 0 0 -1000.00 -1000.00 -1000.00 -1000.00 1.9158 0.4880 0.6215 130.1528 2.0685 -57.9550 -3.0785 0.0000 -0.0000 374 pedestrian_0020
Pedestrian 0.00 1.00 0 0 0 0 0 0 0 0 1203.69 360.11 1206.23 366.47 1.9158 0.4880 0.5143 -73.9341 1.9500 -171.7661 0.2038 0.0000 -0.0000 375 pedestrian_0015
Pedestrian 0.00 1.00 0 0 0 0 0 0 0 0 1560.28 365.35 1565.14 374.91 1.3390 0.3253 0.3307 -84.8409 2.0942 -82.5017 0.0200 0.0000 -0.0000 376 pedestrian_0012
Pedestrian 0.00 1.00 0 0 0 0 0 0 0 0 647.41 360.11 649.84 366.47 1.9158 0.4880 0.4491 93.8428 1.9475 -171.5230 -0.0383 0.0000 -0.0000 377 pedestrian_0017
Pedestrian 1.00 1.00 0 0 0 0 0 0 0 0 -1000.00 -1000.00 -1000.00 -1000.00 1.9158 0.4880 0.7507 114.5548 1.9500 -59.2926 0.0350 0.0000 -0.0000 378 pedestrian_0025
Pedestrian 1.00 1.00 4 7 13 24 0 0 0 0 -1000.00 -1000.00 -1000.00 -1000.00 1.1330 0.4333 0.6667 24.9130 1.9389 29.0519 -3.0762 0.0000 -0.0000 379 pedestrian_0009
Pedestrian 0.00 1.00 0 0 0 0 0 0 0 0 733.59 360.66 736.12 367.45 1.9158 0.4880 0.6237 63.6615 2.1023 -161.2016 1.6266 0.0000 -0.0000 380 pedestrian_0002
Pedestrian 0.00 1.00 0 0 0 0 0 0 0 0 1211.49 361.18 1212.57 363.79 1.3390 0.3253 0.4038 -129.0627 1.9417 -288.3109 0.0205 0.0000 -0.0000 381 pedestrian_0013
Pedestrian 0.00 1.00 0 0 0 0 0 0 0 0 655.74 361.55 657.04 365.36 1.3390 0.3253 0.3204 106.7797 1.8837 -199.4138 -2.9347 0.0000 -0.0000 382 pedestrian_0012
Pedestrian 1.00 1.00 0 0 0 0 0 0 0 0 -1000.00 -1000.00 -1000.00 -1000.00 1.1330 0.4333 0.6035 29.0716 1.8922 61.4040 -2.9941 0.0000 -0.0000 383 pedestrian_0010
Pedestrian 0.00 1.00 0 0 0 0 0 0 0 0 1504.91 361.37 1506.52 364.41 1.3390 0.3253 0.4958 -240.5864 1.9440 -248.8332 -0.8049 0.0000 -0.0000 384 pedestrian_0013
Pedestrian 1.00 1.00 17 29 40 196 0 0 0 3 -1000.00 -1000.00 -1000.00 -1000.00 1.9158 0.4880 0.7507 26.7225 1.9503 10.0026 0.0453 0.0000 -0.0000 385 pedestrian_0015
Pedestrian 1.00 1.00 0 0 0 0 0 0 0 0 -1000.00 -1000.00 -1000.00 -1000.00 1.9158 0.4880 0.7507 -123.9442 1.9534 -1.5552 -2.7536 0.0000 -0.0000 386 pedestrian_0018
Pedestrian 0.00 1.00 0 0 0 0 0 0 0 0 1116.62 361.18 1117.78 363.80 1.3390 0.3253 0.4858 -80.4560 1.9419 -288.1574 0.0874 0.0000 -0.0000 387 pedestrian_0013
Pedestrian 0.00 1.00 0 0 0 0 0 0 0 0 217.24 360.67 221.46 367.58 1.9158 0.4880 0.6243 205.9706 2.1022 -158.6169 -1.0734 0.0000 -0.0000 388 pedestrian_0022
Pedestrian 1.00 1.00 0 0 0 0 0 0 0 0 -1000.00 -1000.00 -1000.00 -1000.00 1.9158 0.4880 0.7507 -271.9013 1.9504 -79.4385 -1.5660 0.0000 -0.0000 389 pedestrian_0003
Pedestrian 0.00 1.00 0 0 0 0 0 0 0 0 1109.87 360.07 1111.48 363.82 1.9158 0.4880 0.7085 -76.9553 1.9503 -287.5568 -0.0616 0.0000 -0.0000 390 pedestrian_0021
Pedestrian 1.00 1.00 2 1 1 5 0 0 0 0 -1000.00 -1000.00 -1000.00 -1000.00 1.9158 0.4880 0.7507 -86.2115 2.1028 29.2476 3.1058 0.0000 -0.0000 391 pedestrian_0016
Pedestrian 0.00 1.00 0 0 0 0 0 0 0 0 1236.70 360.06 1238.65 363.80 1.9158 0.4880 0.7507 -142.3964 1.9490 -288.7138 0.0446 0.0000 -0.0000 392 pedestrian_0005
Pedestrian 0.00 1.00 0 0 0 0 0 0 0 0 557.81 333.74 559.71 338.86 1.9158 0.4880 0.4774 152.5610 -8.0517 -215.2201 -2.2606 0.0000 -0.0000 393 pedestrian_0026
Pedestrian 0.09 1.00 0 0 0 0 0 0 0 0 0.00 360.07 9.02 374.55 1.9158 0.4880 0.4635 126.9591 1.9257 -78.0918 -3.0828 0.0000 -0.0000 394 pedestrian_0022
Pedestrian 0.00 1.00 0 0 0 0 0 0 0 0 48.24 309.59 56.57 316.09 1.1330 0.4333 0.6667 166.1090 -8.0636 -105.9225 1.5746 0.0000 -0.0000 395 pedestrian_0010
Pedestrian 1.00 1.00 0 0 0 0 0 0 0 0 -1000.00 -1000.00 -1000.00 -1000.00 1.9158 0.4880 0.7507 142.9307 1.8948 53.3252 -1.3642 0.0000 -0.0000 396 pedestrian_0006
Pedestrian 0.00 1.00 0 0 0 0 0 0 0 0 1846.01 367.40 1858.18 384.09 1.3390 0.3253 0.4062 -72.2376 1.9414 -49.3630 -1.6914 0.0000 -0.0000 397 pedestrian_0012
Pedestrian 0.00 1.00 0 0 0 0 0 0 0 0 479.48 363.61 483.40 367.91 1.1330 0.4333 0.6667 126.7599 2.0909 -151.2926 -1.6950 0.0000 -0.0000 398 pedestrian_0010
Pedestrian 1.00 1.00 2 3 3 4 0 0 0 0 -1000.00 -1000.00 -1000.00 -1000.00 1.9158 0.4880 0.6776 -85.8269 2.1028 27.9880 2.8883 0.0000 -0.0000 399 pedestrian_0007
Pedestrian 1.00 1.00 0 0 0 0 0 0 0 0 -1000.00 -1000.00 -1000.00 -1000.00 1.9158 0.4880 0.3754 185.1179 -7.6526 88.8747 1.9002 0.0000 -0.0000 400 pedestrian_0001
Pedestrian 0.00 1.00 0 0 0 0 0 0 0 0 18.87 360.34 35.17 379.84 1.9158 0.4880 0.7507 92.1422 1.9500 -59.2216 -3.0900 0.0000 -0.0000 401 pedestrian_0016
Pedestrian 1.00 1.00 0 0 0 0 0 0 0 0 -1000.00 -1000.00 -1000.00 -1000.00 1.9158 0.4880 0.7507 -271.8157 1.9504 -35.9968 1.5817 0.0000 -0.0000 402 pedestrian_0021
Pedestrian 0.00 0.96 2 0 0 10 2 0 0 0 896.34 360.05 901.52 379.25 1.9158 0.4880 0.4069 6.1200 1.9204 -60.0331 -0.1438 0.0000 -0.0000 403 pedestrian_0006
Pedestrian 0.45 1.00 0 0 0 0 0 0 0 0 1906.89 360.30 1920.00 393.06 1.9158 0.4880 0.6051 -56.6944 1.9339 -37.2537 1.8349 0.0000 -0.0000 404 pedestrian_0023
Pedestrian 1.00 1.00 0 0 0 0 0 0 0 0 -1000.00 -1000.00 -1000.00 -1000.00 1.1330 0.4333 0.6103 60.8646 1.9387 -32.3867 -1.5521 0.0000 -0.0000 405 pedestrian_0011
Pedestrian 1.00 1.00 19 20 31 435 0 0 4 0 -1000.00 -1000.00 -1000.00 -1000.00 1.9158 0.4880 0.5346 13.6515 1.9503 26.7084 -3.0336 0.0000 -0.0000 406 pedestrian_0004
Pedestrian 0.00 1.00 0 0 0 0 0 0 0 0 707.02 360.62 709.35 366.98 1.9158 0.4880 0.4946 76.0023 2.1023 -171.7665 -3.1012 0.0000 -0.0000 407 pedestrian_0026
Pedestrian 1.00 1.00 0 0 0 0 0 0 0 0 -1000.00 -1000.00 -1000.00 -1000.00 1.3390 0.3253 0.3750 146.7005 2.0937 13.1539 -1.6495 0.0000 -0.0000 408 pedestrian_0013
Pedestrian 0.00 1.00 0 0 0 0 0 0 0 0 1306.86 363.46 1309.81 367.58 1.1330 0.4333 0.5705 -96.2274 2.0911 -157.5943 -1.4850 0.0000 -0.0000 409 pedestrian_0010
Pedestrian 1.00 1.00 0 0 0 0 0 0 0 0 -1000.00 -1000.00 -1000.00 -1000.00 1.9158 0.4880 0.4962 133.1931 1.8954 73.9357 -0.6603 0.0000 -0.0000 410 pedestrian_0020
Pedestrian 0.00 1.00 0 0 0 0 0 0 0 0 1578.94 360.43 1586.63 373.64 1.9158 0.4880 0.5650 -90.5694 1.9780 -85.0850 3.0992 0.0000 -0.0000 411 pedestrian_0025
Pedestrian 1.00 1.00 0 0 0 0 0 0 0 0 -1000.00 -1000.00 -1000.00 -1000.00 1.1330 0.4333 0.6634 85.5228 2.0912 14.0699 1.4285 0.0000 -0.0000 412 pedestrian_0010
Pedestrian 0.00 1.00 0 0 0 0 0 0 0 0 733.18 360.67 735.97 367.61 1.9158 0.4880 0.7507 62.4173 2.1023 -157.9489 -1.5371 0.0000 -0.0000 413 pedestrian_0015
Pedestrian 0.00 1.00 0 0 0 0 0 0 0 0 713.65 363.14 716.04 367.59 1.1330 0.4333 0.4045 62.7140 1.9385 -146.2682 -1.5694 0.0000 -0.0000 414 pedestrian_0011
Pedestrian 0.00 1.00 0 0 0 0 0 0 0 0 667.03 360.25 673.19 374.15 1.9158 0.4880 0.6076 40.0971 1.9501 -81.1470 -3.0909 0.0000 -0.0000 415 pedestrian_0025
Pedestrian 0.00 1.00 0 0 0 0 0 0 0 0 115.06 313.28 122.12 319.28 1.1330 0.4333 0.6336 166.0951 -8.0623 -113.8925 1.5682 0.0000 -0.0000 416 pedestrian_0009
Pedestrian 1.00 1.00 0 0 0 0 0 0 0 0 -1000.00 -1000.00 -1000.00 -1000.00 1.9158 0.4880 0.6152 77.7498 -6.5257 109.1519 -3.0726 0.0000 -0.0000 417 pedestrian_0026
Pedestrian 1.00 1.00 0 0 0 0 0 0 0 0 -1000.00 -1000.00 -1000.00 -1000.00 1.9158 0.4880 0.5065 -271.6584 1.9520 -49.9065 1.5811 0.0000 -0.0000 418 pedestrian_0019
Pedestrian 0.00 1.00 0 0 0 0 0 0 0 0 1817.01 361.82 1832.29 380.67 1.9158 0.4880 0.7507 -88.3973 2.1026 -61.1471 -0.0812 0.0000 -0.0000 419 pedestrian_0018
Pedestrian 0.00 1.00 0 0 0 0 0 0 0 0 1278.24 360.07 1280.10 363.80 1.9158 0.4880 0.6833 -163.8984 1.9501 -289.1003 -0.0655 0.0000 -0.0000 420 pedestrian_0026
Pedestrian 0.00 1.00 0 0 0 0 0 0 0 0 19.26 359.86 29.68 372.15 1.9158 0.4880 0.6754 146.4632 1.8945 -91.2549 1.5970 0.0000 -0.0000 421 pedestrian_0005
Pedestrian 1.00 1.00 0 0 0 0 0 0 0 0 -1000.00 -1000.00 -1000.00 -1000.00 1.9158 0.4880 0.7507 58.0696 1.9502 -9.0352 -1.4880 0.0000 -0.0000 422 pedestrian_0021
Pedestrian 0.00 1.00 0 0 0 0 0 0 0 0 657.28 360.11 660.19 366.47 1.9158 0.4880 0.6677 90.9562 1.9483 -171.8201 0.2264 0.0000 -0.0000 423 pedestrian_0025
Pedestrian 0.00 1.00 0 0 0 0 0 0 0 0 286.74 359.89 292.09 370.05 1.9158 0.4880 0.4346 126.7257 1.8945 -109.2235 1.5571 0.0000 -0.0000 424 pedestrian_0008
Pedestrian 1.00 1.00 11 10 20 540 0 0 3 1 -1000.00 -1000.00 -1000.00 -1000.00 1.9158 0.4880 0.4675 22.0148 1.9483 30.2333 -0.0426 0.0000 -0.0000 425 pedestrian_0018
Pedestrian 0.00 1.00 0 0 0 0 0 0 0 0 1292.88 360.17 1296.19 369.06 1.9158 0.4880 0.4023 -72.2473 1.9525 -124.1821 -3.0591 0.0000 -0.0000 426 pedestrian_0020
Pedestrian 0.00 1.00 0 0 0 0 0 0 0 0 875.80 362.00 877.46 366.46 1.3390 0.3253 0.4327 25.0986 1.9415 -171.3377 3.0663 0.0000 -0.0000 427 pedestrian_0012
Pedestrian 0.00 1.00 0 0 0 0 0 0 0 0 122.77 364.91 129.91 372.38 1.1330 0.4333 0.4335 127.3202 1.8856 -89.1297 -1.5485 0.0000 -0.0000 428 pedestrian_0011
Pedestrian 0.00 1.00 0 0 0 0 0 0 0 0 1225.29 360.09 1227.51 365.52 1.9158 0.4880 0.5693 -94.1582 1.9481 -200.3808 1.6398 0.0000 -0.0000 429 pedestrian_0006
Pedestrian 1.00 1.00 0 0 0 0 0 0 0 0 -1000.00 -1000.00 -1000.00 -1000.00 1.9158 0.4880 0.6109 96.5204 1.9502 10.0677 0.0005 0.0000 -0.0000 430 pedestrian_0021
Pedestrian 0.00 0.03 50 58 109 550 11 0 0 0 791.20 363.08 812.80 423.82 1.9158 0.4880 0.7507 4.8102 1.8948 -21.4489 -1.6912 0.0000 -0.0000 431 pedestrian_0026
Pedestrian 1.00 1.00 0 0 0 0 0 0 0 0 -1000.00 -1000.00 -1000.00 -1000.00 1.9158 0.4880 0.5228 126.7610 -7.1817 98.4536 2.5418 0.0000 -0.0000 432 pedestrian_0026
Pedestrian 0.00 1.00 0 0 0 0 0 0 0 0 1472.13 360.24 1478.64 373.85 1.9158 0.4880 0.4731 -72.8307 1.9502 -82.8055 -1.6837 0.0000 -0.0000 433 pedestrian_0002
Pedestrian 0.00 1.00 0 0 0 0 0 0 0 0 476.72 359.93 479.75 366.22 1.9158 0.4880 0.5075 147.0538 1.8943 -173.6617 1.3322 0.0000 -0.0000 434 pedestrian_0001
Pedestrian 0.00 1.00 0 0 0 0 0 0 0 0 787.72 340.26 789.48 344.08 1.9158 0.4880 0.7507 86.7964 -8.0701 -285.1556 0.0257 0.0000 -0.0000 435 pedestrian_0022
Pedestrian 1.00 1.00 0 0 0 0 0 0 0 0 -1000.00 -1000.00 -1000.00 -1000.00 1.9158 0.4880 0.5099 57.1651 1.9515 40.5949 -1.7618 0.0000 -0.0000 436 pedestrian_0005
Pedestrian 1.00 1.00 0 0 0 0 0 0 0 0 -1000.00 -1000.00 -1000.00 -1000.00 1.3390 0.3253 0.3317 151.2201 1.9416 -58.8043 -3.1239 0.0000 -0.0000 437 pedestrian_0013
Pedestrian 0.00 1.00 0 0 0 0 0 0 0 0 1292.62 361.58 1294.39 363.81 1.1330 0.4333 0.6667 -170.0303 1.9385 -287.0543 2.9392 0.0000 -0.0000 438 pedestrian_0011
Pedestrian 1.00 1.00 6 7 10 91 0 0 1 0 -1000.00 -1000.00 -1000.00 -1000.00 1.9158 0.4880 0.4446 10.5321 1.8962 54.1057 -2.0721 0.0000 -0.0000 439 pedestrian_0006
Pedestrian 1.00 1.00 0 0 0 0 0 0 0 0 -1000.00 -1000.00 -1000.00 -1000.00 1.3390 0.3253 0.4934 107.7824 -6.8252 143.5367 2.9388 0.0000 -0.0000 440 pedestrian_0014
Pedestrian 1.00 1.00 0 0 0 9 0 0 0 0 -1000.00 -1000.00 -1000.00 -1000.00 1.9158 0.4880 0.5004 -94.4760 1.9501 57.1783 -1.6617 0.0000 -0.0000 441 pedestrian_0025
Pedestrian 1.00 1.00 0 0 0 0 0 0 0 0 -1000.00 -1000.00 -1000.00 -1000.00 1.9158 0.4880 0.3904 -219.5430 1.9507 123.4487 0.6963 0.0000 -0.0000 442 pedestrian_0003
Pedestrian 0.00 1.00 0 0 0 0 0 0 0 0 354.26 361.33 363.69 375.08 1.9158 0.4880 0.7507 84.1223 2.1024 -82.0595 0.2204 0.0000 -0.0000 443 pedestrian_0024
Pedestrian 0.00 1.00 0 1 2 3 0 0 0 0 929.20 359.91 931.09 367.32 1.9158 0.4880 0.5160 7.7352 1.8929 -148.1097 1.6223 0.0000 -0.0000 444 pedestrian_0007
Pedestrian 1.00 1.00 0 0 0 0 0 0 0 0 -1000.00 -1000.00 -1000.00 -1000.00 1.9158 0.4880 0.4108 -116.6543 1.9529 -62.7272 0.0462 0.0000 -0.0000 445 pedestrian_0023
Pedestrian 1.00 1.00 0 0 0 0 0 0 0 0 -1000.00 -1000.00 -1000.00 -1000.00 1.9158 0.4880 0.6265 -272.0458 1.9505 5.1638 1.5469 0.0000 -0.0000 446 pedestrian_0026
Pedestrian 1.00 1.00 0 0 0 0 0 0 0 0 -1000.00 -1000.00 -1000.00 -1000.00 1.1330 0.4333 0.5033 164.9967 -8.0589 -33.1557 -1.5501 0.0000 -0.0000 447 pedestrian_0009
Pedestrian 0.00 1.00 0 0 0 0 0 0 0 0 923.53 342.54 925.29 346.88 1.9158 0.4880 0.7507 15.8209 -5.8363 -250.8627 -0.0044 0.0000 -0.0000 448 pedestrian_0015
Pedestrian 1.00 1.00 0 0 0 0 0 0 0 0 -1000.00 -1000.00 -1000.00 -1000.00 1.9158 0.4880 0.3940 156.0713 1.9500 -76.9061 3.0430 0.0000 -0.0000 449 pedestrian_0017
Pedestrian 0.00 1.00 0 0 0 3 0 0 0 0 924.99 360.65 926.85 367.32 1.9158 0.4880 0.4271 9.8036 2.1026 -163.9105 1.5184 0.0000 -0.0000 450 pedestrian_0023
Pedestrian 0.00 0.27 2 2 3 21 2 0 0 0 915.50 360.08 919.73 374.18 1.9158 0.4880 0.5584 5.7805 1.9271 -80.0838 0.0396 0.0000 -0.0000 451 pedestrian_0001
Pedestrian 1.00 1.00 0 0 0 0 0 0 0 0 -1000.00 -1000.00 -1000.00 -1000.00 1.9158 0.4880 0.7483 -108.1667 1.9169 61.8794 -3.1084 0.0000 -0.0000 452 pedestrian_0017
Pedestrian 0.00 1.00 0 0 0 0 0 0 0 0 139.41 369.72 152.17 381.40 1.1330 0.4333 0.6327 79.8982 2.0911 -58.8711 3.1075 0.0000 -0.0000 453 pedestrian_0011
Pedestrian 1.00 1.00 0 0 0 0 0 0 0 0 -1000.00 -1000.00 -1000.00 -1000.00 1.9158 0.4880 0.7130 -269.9125 1.9528 -147.7041 1.5759 0.0000 -0.0000 454 pedestrian_0018
Pedestrian 0.00 1.00 0 0 0 0 0 0 0 0 703.75 359.95 706.12 364.89 1.9158 0.4880 0.6908 98.8781 1.8946 -219.3416 -0.0207 0.0000 -0.0000 455 pedestrian_0021
Pedestrian 1.00 1.00 0 0 0 0 0 0 0 0 -1000.00 -1000.00 -1000.00 -1000.00 1.9158 0.4880 0.5028 207.8117 1.9503 -23.0958 -1.5330 0.0000 -0.0000 456 pedestrian_0007
Pedestrian 1.00 1.00 0 0 0 0 0 0 0 0 -1000.00 -1000.00 -1000.00 -1000.00 1.9158 0.4880 0.7507 57.9244 1.9502 6.1148 -1.5710 0.0000 -0.0000 457 pedestrian_0021
Pedestrian 1.00 1.00 0 0 0 0 0 0 0 0 -1000.00 -1000.00 -1000.00 -1000.00 1.9158 0.4880 0.7507 161.5853 -7.8280 52.4390 1.8257 0.0000 -0.0000 458 pedestrian_0019
Pedestrian 1.00 1.00 0 0 0 0 0 0 0 0 -1000.00 -1000.00 -1000.00 -1000.00 1.1330 0.4333 0.5520 -203.1677 1.9393 132.2930 -2.7440 0.0000 -0.0000 459 pedestrian_0009
Pedestrian 1.00 1.00 0 0 0 0 0 0 0 0 -1000.00 -1000.00 -1000.00 -1000.00 1.9158 0.4880 0.6331 -175.6268 1.9507 141.0869 -2.8524 0.0000 -0.0000 460 pedestrian_0004
Pedestrian 0.00 1.00 0 0 0 0 0 0 0 0 1517.11 363.65 1521.73 371.77 1.3390 0.3253 0.4371 -92.7016 1.9450 -96.3272 1.5766 0.0000 -0.0000 461 pedestrian_0012
Pedestrian 0.00 1.00 0 0 0 0 0 0 0 0 1870.23 360.19 1878.53 370.90 1.9158 0.4880 0.6073 -164.0554 1.9502 -103.9249 1.5712 0.0000 -0.0000 462 pedestrian_0006
Pedestrian 0.00 1.00 0 0 0 0 0 0 0 0 628.23 366.00 635.09 374.55 1.1330 0.4333 0.6667 43.9046 1.9387 -78.5966 -0.1633 0.0000 -0.0000 463 pedestrian_0009
Pedestrian 0.00 1.00 0 0 0 0 0 0 0 0 1720.20 363.17 1725.55 370.26 1.3390 0.3253 0.5005 -144.6934 1.9418 -109.6065 -1.5392 0.0000 -0.0000 464 pedestrian_0014
Pedestrian 1.00 1.00 0 0 0 0 0 0 0 0 -1000.00 -1000.00 -1000.00 -1000.00 1.1330 0.4333 0.6667 -93.1131 1.9389 -28.4600 -1.5795 0.0000 -0.0000 465 pedestrian_0010
Pedestrian 0.00 1.00 0 0 0 0 0 0 0 0 1674.39 361.41 1685.10 376.03 1.9158 0.4880 0.7402 -94.9711 2.1026 -77.6170 1.8790 0.0000 -0.0000 466 pedestrian_0017
Pedestrian 1.00 1.00 126 140 203 2838 0 0 39 0 -1000.00 -1000.00 -1000.00 -1000.00 1.9158 0.4880 0.5268 1.3350 2.0472 8.3310 2.6055 0.0000 -0.0000 467 pedestrian_0004
Pedestrian 1.00 1.00 0 0 0 17 0 0 0 0 -1000.00 -1000.00 -1000.00 -1000.00 1.9158 0.4880 0.5951 92.7359 1.9499 30.2503 3.1149 0.0000 -0.0000 468 pedestrian_0021
Pedestrian 0.00 1.00 0 0 0 0 0 0 0 0 796.32 366.37 801.18 382.00 1.3390 0.3253 0.3022 13.9256 1.8914 -52.3448 -0.9718 0.0000 -0.0000 469 pedestrian_0013
Pedestrian 0.00 1.00 0 0 0 0 0 0 0 0 673.41 360.11 676.32 366.25 1.9158 0.4880 0.7507 89.1131 1.9499 -177.7037 1.4937 0.0000 -0.0000 470 pedestrian_0001
Pedestrian 0.00 1.00 0 0 0 0 0 0 0 0 555.76 360.34 566.77 379.57 1.9158 0.4880 0.7507 39.9186 1.9501 -59.9726 0.0105 0.0000 -0.0000 471 pedestrian_0015
Pedestrian 1.00 1.00 0 0 0 0 0 0 0 0 -1000.00 -1000.00 -1000.00 -1000.00 1.9158 0.4880 0.5204 -168.3406 1.9507 141.6561 0.0795 0.0000 -0.0000 472 pedestrian_0024
Pedestrian 0.00 1.00 0 0 0 0 0 0 0 0 1153.75 361.57 1154.90 365.05 1.3390 0.3253 0.3471 -74.7751 1.9433 -217.7563 1.5598 0.0000 -0.0000 473 pedestrian_0013
Pedestrian 0.00 1.00 0 0 0 0 0 0 0 0 1105.73 360.07 1106.77 363.80 1.9158 0.4880 0.3947 -75.0340 1.9499 -288.8407 0.0268 0.0000 -0.0000 474 pedestrian_0018
Pedestrian 0.00 1.00 0 0 0 0 0 0 0 0 743.34 362.48 745.37 366.90 1.3390 0.3253 0.4914 65.5360 2.0939 -172.9218 -3.1326 0.0000 -0.0000 475 pedestrian_0012
Pedestrian 1.00 1.00 0 0 0 14 0 0 0 0 -1000.00 -1000.00 -1000.00 -1000.00 1.9158 0.4880 0.4484 -94.4681 1.9514 81.9954 -1.6036 0.0000 -0.0000 476 pedestrian_0026
Pedestrian 0.00 1.00 0 0 0 0 0 0 0 0 1129.66 360.07 1131.01 363.81 1.9158 0.4880 0.5226 -87.1604 1.9499 -288.0958 0.0608 0.0000 -0.0000 477 pedestrian_0016
Pedestrian 0.00 1.00 0 0 0 0 0 0 0 0 694.55 360.14 698.05 368.27 1.9158 0.4880 0.7507 62.3277 1.9500 -135.4858 -1.5378 0.0000 -0.0000 478 pedestrian_0006
Pedestrian 0.00 1.00 0 0 0 0 0 0 0 0 1180.13 360.07 1181.70 363.80 1.9158 0.4880 0.6060 -113.3184 1.9498 -288.7835 -3.1286 0.0000 -0.0000 479 pedestrian_0001
Pedestrian 1.00 1.00 0 0 0 0 0 0 0 0 -1000.00 -1000.00 -1000.00 -1000.00 1.9158 0.4880 0.7507 81.4398 1.9503 62.9803 1.6911 0.0000 -0.0000 480 pedestrian_0021
Car 0.00 1.00 0 0 0 0 0 0 0 0 879.97 361.19 890.26 368.47 1.6980 1.9434 4.1871 17.8163 1.9850 -136.4914 -1.5556 0.0000 -0.0000 481 citroen_c3
Car 0.00 1.00 0 0 0 0 0 0 0 0 869.61 359.90 881.35 369.09 1.9718 2.0005 4.0595 18.4247 1.9505 -125.4402 -1.5556 0.0000 -0.0000 482 jeep_wrangler_rubicon
Car 0.00 1.00 0 0 0 0 0 0 0 0 745.43 360.06 760.11 368.54 1.9718 2.0005 4.0595 48.9311 1.9855 -135.4218 1.5860 0.0000 -0.0000 483 jeep_wrangler_rubicon
Car 0.00 1.00 0 0 0 0 0 0 0 0 883.34 359.90 894.62 369.09 1.9718 2.0005 4.0595 15.4838 1.9505 -125.4849 -1.5556 0.0000 -0.0000 484 jeep_wrangler_rubicon
Car 0.00 1.00 0 0 0 0 0 0 0 0 1265.60 360.11 1292.03 370.22 1.9718 2.0005 4.0595 -62.7673 1.9929 -113.6408 0.0152 0.0000 -0.0000 485 nissan_patrol
Car 0.00 1.00 0 0 0 0 0 0 0 0 1257.69 362.31 1283.17 370.09 1.5488 2.0688 3.9961 -62.7374 2.0206 -116.5359 -3.1264 0.0000 -0.0000 486 nissan_patrol
Car 0.00 1.00 0 0 0 0 0 0 0 0 1279.83 362.95 1321.43 372.07 1.4855 2.1349 -5.6254 -56.6026 1.9826 -96.6445 -3.1264 0.0000 -0.0000 487 nissan_patrol
Car 0.00 1.00 0 0 0 0 0 0 0 0 1234.11 361.73 1258.80 370.09 1.6244 1.8781 -3.8906 -56.3451 1.9687 -113.5420 0.0152 0.0000 -0.0000 488 nissan_patrol
Car 0.00 0.97 0 0 0 19 0 0 0 0 1193.21 361.89 1231.20 373.35 1.7506 2.3538 -4.8416 -39.2216 2.0495 -90.7620 0.0152 0.0000 -0.0000 489 nissan_patrol
Car 0.00 0.32 15 18 30 131 1 0 0 0 1161.94 360.12 1188.63 371.10 1.9718 2.0005 -4.0595 -39.0432 1.9929 -105.0589 -3.1264 0.0000 -0.0000 490 nissan_patrol
Car 0.00 1.00 0 0 0 0 0 0 0 0 1343.55 360.19 1383.78 372.81 1.9476 2.0282 4.8347 -63.0677 1.9780 -91.1249 -3.1264 0.0000 -0.0000 491 nissan_patrol
Car 0.00 1.00 0 0 0 0 0 0 0 0 1333.78 360.13 1367.55 372.48 1.9718 2.0005 4.0595 -63.0813 1.9929 -94.0196 -3.1264 0.0000 -0.0000 492 nissan_patrol
Car 0.00 1.00 0 0 0 0 0 0 0 0 1228.33 362.11 1258.44 372.36 1.6244 1.8781 3.8906 -45.6203 1.9687 -93.7548 0.0152 0.0000 -0.0000 493 nissan_patrol
Car 0.00 1.00 0 0 0 0 0 0 0 0 1219.63 362.81 1249.88 372.32 1.5488 2.0688 3.9961 -45.5777 2.0207 -96.4784 -3.1264 0.0000 -0.0000 494 nissan_patrol
Car 0.00 0.99 0 0 0 4 0 0 0 0 1194.58 359.11 1225.87 371.02 2.1397 2.1728 4.7017 -45.4222 1.9794 -105.1570 -3.1264 0.0000 -0.0000 495 nissan_patrol
Car 0.00 0.56 8 6 12 63 2 0 0 0 1176.00 360.15 1204.89 370.17 1.9476 2.0282 4.8347 -45.2492 1.9779 -113.3729 -3.1264 0.0000 -0.0000 496 nissan_patrol
Car 0.00 0.90 0 0 1 6 0 0 0 0 1172.51 362.26 1196.61 369.85 1.5100 1.8730 4.1000 -45.2724 1.9696 -116.2700 -3.1264 0.0000 -0.0000 497 nissan_patrol
Car 0.00 0.56 4 12 19 71 5 0 0 0 1119.62 362.65 1146.05 371.61 1.5488 2.0688 3.9961 -30.3959 2.0206 -102.0329 0.0152 0.0000 -0.0000 498 nissan_patrol
Car 0.00 0.99 0 0 0 3 0 0 0 0 1114.72 362.51 1140.52 370.97 1.5100 1.8730 4.1000 -30.3558 1.9696 -104.9277 0.0152 0.0000 -0.0000 499 nissan_patrol
Car 0.00 1.00 0 0 0 0 0 0 0 0 1108.19 360.16 1137.42 370.74 1.9476 2.0282 4.8347 -30.2676 1.9779 -107.6101 -3.1264 0.0000 -0.0000 500 nissan_patrol
Car 0.00 0.33 16 22 27 142 4 0 0 0 1098.79 358.95 1133.09 372.92 2.1397 2.1728 -4.7017 -24.1782 1.9795 -90.5330 -3.1264 0.0000 -0.0000 501 nissan_patrol
Car 0.00 0.88 2 5 10 35 1 0 0 0 1093.35 360.19 1126.96 372.47 1.9476 2.0282 -4.8347 -24.0673 1.9779 -93.4269 0.0152 0.0000 -0.0000 502 nissan_patrol
Car 0.00 0.35 13 17 24 100 0 0 0 0 1073.73 361.78 1096.38 370.40 1.6244 1.8781 -3.8906 -23.8814 1.9686 -110.4084 -3.1264 0.0000 -0.0000 503 nissan_patrol
Car 0.00 0.41 6 2 7 23 2 0 0 0 1068.25 361.51 1095.71 370.58 1.7506 2.3538 -4.8416 -23.8655 2.0494 -113.0476 -3.1264 0.0000 -0.0000 504 nissan_patrol
Car 0.00 1.00 0 0 0 0 0 0 0 0 860.88 359.97 872.47 368.27 1.9476 2.0282 4.8347 22.3042 1.9414 -137.0920 1.5860 0.0000 -0.0000 505 nissan_patrol
Car 0.00 1.00 0 0 0 0 0 0 0 0 756.87 361.73 771.32 368.48 1.5475 1.9070 4.4025 46.1264 1.9629 -135.0633 1.5860 0.0000 -0.0000 506 seat_leon
Car 0.00 1.00 0 0 0 0 0 0 0 0 818.82 357.47 835.48 368.55 2.5908 2.7453 5.4640 31.6946 1.9999 -136.8858 1.5860 0.0000 -0.0000 507 carlamotors_carlacola
Car 0.00 1.00 0 0 0 0 0 0 0 0 488.95 357.71 517.28 368.11 2.5908 2.7453 5.4640 116.0604 2.0212 -145.3610 -1.5556 0.0000 -0.0000 508 carlamotors_carlacola
Car 0.00 1.00 0 0 0 0 0 0 0 0 474.77 357.71 503.65 368.11 2.5908 2.7453 5.4640 119.5486 2.0212 -145.3079 -1.5556 0.0000 -0.0000 509 carlamotors_carlacola
Car 0.00 1.00 0 0 0 0 0 0 0 0 378.60 356.55 419.35 369.46 2.5908 2.7453 5.4640 113.9942 1.8991 -117.1504 -3.1264 0.0000 -0.0000 510 carlamotors_carlacola
Car 0.00 1.00 0 0 0 0 0 0 0 0 837.31 357.48 853.21 368.55 2.5908 2.7453 5.4640 27.3842 1.9999 -136.9514 1.5860 0.0000 -0.0000 511 carlamotors_carlacola
Car 1.00 1.00 0 0 0 0 0 0 0 0 -1000.00 -1000.00 -1000.00 -1000.00 2.2031 2.5091 6.5872 53.8192 2.0111 -26.3733 1.0624 0.0000 -0.0000 512 tesla_cybertruck