Car 0.00 1.00 0 0 0 0 0 0 0 0 1177.76 361.17 1190.05 364.39 1.5542 2.3421 5.1370 -109.4217 2.1333 -275.3825 -0.1201 0.0030 -0.0009 0 lincoln2020_mkz2020
Car 1.00 1.00 6710 237480 379931 0 0 0 0 0 -1000.00 -1000.00 -1000.00 -1000.00 2.1397 2.1728 4.7045 -0.0005 2.0932 -2.2389 1.5708 0.0000 0.0000 1 volkswagen_t2
Motorcycle 0.00 1.00 0 0 0 0 0 0 0 0 1164.71 360.99 1169.26 364.92 1.6960 1.0692 2.4735 -89.6127 2.1231 -244.4518 -1.5814 -0.0016 0.0000 2 harley_davidson_low_rider
Motorcycle 0.00 1.00 0 0 0 0 0 0 0 0 1472.53 360.96 1480.21 364.81 1.6960 1.0692 2.4735 -228.9574 2.1234 -250.2398 -0.7663 0.0000 0.0003 3 harley_davidson_low_rider
Car 1.00 1.00 0 0 0 0 0 0 0 0 -1000.00 -1000.00 -1000.00 -1000.00 1.6320 2.1403 5.2230 126.8867 2.1394 -63.2447 -3.1226 0.0023 0.0002 4 dodge_charger_police
Car 0.00 1.00 0 0 0 0 0 0 0 0 1544.85 361.40 1566.00 365.61 1.5542 2.3421 5.1370 -232.5168 2.1343 -220.9658 1.9997 -0.0009 -0.0118 5 lincoln2020_mkz2020
Car 1.00 1.00 0 0 0 0 0 0 0 0 -1000.00 -1000.00 -1000.00 -1000.00 1.4546 2.0938 4.3903 60.3309 -6.1508 123.8333 0.0158 -0.0108 -0.0000 6 audi_tt
Car 0.00 1.00 0 0 0 0 0 0 0 0 1043.83 362.40 1052.80 367.47 1.4477 1.5550 2.3177 -25.3196 2.1406 -163.4206 0.0035 -0.0121 -0.0000 7 bmw_isetta
Car 1.00 1.00 0 0 0 0 0 0 0 0 -1000.00 -1000.00 -1000.00 -1000.00 1.7173 2.2591 5.2781 90.6728 -6.4647 124.1635 -0.0448 -0.0186 -0.0033 8 mercedes_benz_coupe
Car 1.00 1.00 467 521 834 27257 0 59 60 0 -1000.00 -1000.00 -1000.00 -1000.00 1.4812 2.1349 5.6254 -13.7061 2.1214 16.9930 0.2459 -0.0035 0.0022 9 chevrolet_impala
Car 1.00 1.00 0 0 0 0 0 0 0 0 -1000.00 -1000.00 -1000.00 -1000.00 1.6115 2.2019 5.2564 133.2715 2.0808 38.7333 -1.5241 0.0010 0.0007 10 charger2020_charger2020
Car 0.00 1.00 0 0 0 0 0 0 0 0 408.28 359.55 443.68 368.65 2.2031 2.5091 6.5872 132.4738 2.0956 -142.0835 -1.5550 -0.0001 0.0000 11 tesla_cybertruck
Car 0.00 1.00 0 0 0 0 0 0 0 0 1422.08 363.58 1458.88 373.01 1.5140 2.1024 4.9073 -80.9262 2.1345 -97.9290 1.5237 0.0000 -0.0000 12 mercedesccc_mercedesccc
Car 0.00 1.00 0 0 0 0 0 0 0 0 378.38 361.64 401.27 368.00 1.6980 1.9434 4.1871 153.8147 2.1443 -154.0202 3.1371 -0.0000 0.0000 13 citroen_c3
Car 0.00 1.00 0 0 0 0 0 0 0 0 59.82 366.06 144.25 380.39 1.4812 2.1349 5.6254 91.8059 2.1426 -63.8432 -3.1242 -0.0000 0.0000 14 chevrolet_impala
Car 0.00 1.00 0 0 0 0 0 0 0 0 380.49 361.96 411.93 369.05 1.6320 2.1403 5.2230 132.3516 2.0934 -134.6644 -1.5463 -0.0043 0.0000 15 dodge_charger_police
Car 0.00 0.91 0 4 2 12 1 0 0 0 998.67 361.86 1016.98 367.35 1.5863 2.2347 5.1468 -13.9879 2.1362 -166.8094 0.0133 0.0006 -0.0000 16 lincoln_mkz2017
Car 1.00 1.00 0 0 0 0 0 0 0 0 -1000.00 -1000.00 -1000.00 -1000.00 1.7318 2.1344 5.0985 -142.7924 2.1513 118.0645 0.0029 -0.0000 -0.0005 17 audi_etron
Car 0.00 1.00 0 0 0 0 0 0 0 0 1031.56 361.29 1049.32 367.33 1.7506 2.3538 4.8416 -23.5595 2.1318 -166.9442 0.0137 0.0001 -0.0000 18 bmw_grandtourer
Car 1.00 1.00 28 36 52 1714 0 0 0 1 -1000.00 -1000.00 -1000.00 -1000.00 1.5765 1.9374 3.8150 65.4797 2.1221 39.2782 -1.5710 0.0010 -0.0000 19 nissan_micra
Motorcycle 0.00 0.35 10 16 24 85 1 0 0 0 1135.12 363.26 1156.99 376.51 1.6960 1.0692 2.4735 -24.1271 2.1238 -76.3884 0.0176 0.0022 -0.0000 20 harley_davidson_low_rider
Car 0.00 1.00 0 0 0 0 0 0 0 0 1193.51 361.64 1204.31 366.53 1.5765 1.9374 3.8150 -78.5048 2.1221 -186.6504 1.5594 0.0001 -0.0000 21 nissan_micra
Car 1.00 1.00 0 0 0 0 0 0 0 0 -1000.00 -1000.00 -1000.00 -1000.00 1.7203 2.2019 5.4994 128.5975 2.1201 -69.5895 0.2154 -0.0040 -0.0020 22 chargercop2020_chargercop2020
Car 0.00 0.25 33 35 62 243 12 0 0 0 1080.96 364.69 1120.77 377.59 1.5475 1.9070 4.4025 -17.3164 2.1337 -72.7407 0.0205 0.0002 -0.0002 23 seat_leon
Car 0.00 1.00 0 0 0 0 0 0 0 0 1199.08 362.16 1211.08 366.18 1.3660 1.9896 4.9534 -85.8081 2.1335 -198.5988 -1.5649 0.0007 0.0000 24 mustang_mustang
Cyclist 1.00 1.00 1 1 1 4 0 0 0 0 -1000.00 -1000.00 -1000.00 -1000.00 1.9709 0.6705 1.7250 -86.4260 2.1228 36.9333 -1.5561 0.0050 0.0000 25 diamondback_century
Cyclist 1.00 1.00 4 4 9 37 0 3 0 0 -1000.00 -1000.00 -1000.00 -1000.00 1.7065 0.8593 1.4873 -68.0830 2.0923 22.4120 -3.1401 -0.0001 0.0000 26 bh_crossbike
Car 0.00 1.00 0 0 0 0 0 0 0 0 1501.55 360.08 1563.09 379.53 2.1397 2.1728 4.7045 -64.0844 2.1485 -66.5987 -3.1230 0.0000 0.0000 27 volkswagen_t2
Car 1.00 1.00 0 0 0 0 0 0 0 0 -1000.00 -1000.00 -1000.00 -1000.00 1.9718 2.0005 4.0595 -90.5356 2.1400 86.6627 -1.5700 -0.0004 -0.0001 28 jeep_wrangler_rubicon
Car 1.00 1.00 15 13 23 140 0 0 0 1 -1000.00 -1000.00 -1000.00 -1000.00 1.5627 2.2716 5.0314 54.2401 2.1399 13.6319 0.0162 0.0016 -0.0000 29 tesla_model3
Car 0.00 1.00 0 0 0 0 0 0 0 0 715.63 362.12 727.95 366.76 1.4546 2.0938 4.3903 76.4099 2.1418 -182.3257 1.5792 0.0000 -0.0000 30 audi_tt
Car 0.00 1.00 0 0 0 0 0 0 0 0 57.68 363.27 110.50 373.43 1.5488 2.0688 3.9961 138.7054 2.0795 -92.3109 1.5876 0.0000 -0.0000 31 mini_cooperst
Car 1.00 1.00 0 0 0 0 0 0 0 0 -1000.00 -1000.00 -1000.00 -1000.00 1.6011 2.1072 4.7392 73.3979 2.1364 -3.6643 1.5950 -0.0000 -0.0000 32 toyota_prius
Car 1.00 1.00 0 0 0 0 0 0 0 0 -1000.00 -1000.00 -1000.00 -1000.00 2.1397 2.1728 4.7045 -156.7259 2.1487 -54.5363 -1.5227 0.0000 0.0000 33 volkswagen_t2
Car 1.00 1.00 0 0 0 4 0 0 0 0 -1000.00 -1000.00 -1000.00 -1000.00 1.6011 2.1072 4.7392 -83.7754 2.1371 93.6761 1.5858 -0.0008 -0.0000 34 toyota_prius
Car 1.00 1.00 0 0 0 0 0 0 0 0 -1000.00 -1000.00 -1000.00 -1000.00 1.3660 1.9896 4.9534 77.2352 2.1342 -17.5586 1.5744 -0.0000 -0.0000 35 mustang_mustang
Car 1.00 1.00 0 0 0 0 0 0 0 0 -1000.00 -1000.00 -1000.00 -1000.00 1.6011 2.1072 4.7392 148.5630 2.1352 22.0041 -3.1088 0.0033 -0.0000 36 toyota_prius
Car 0.00 0.74 2 5 11 40 9 0 0 0 963.63 362.01 979.88 373.57 1.7506 2.3538 4.8416 -1.8145 2.0765 -91.7182 1.5920 0.0000 -0.0000 37 bmw_grandtourer
Car 0.00 1.00 0 0 0 0 0 0 0 0 441.64 359.69 473.23 367.77 2.2031 2.5091 6.5872 139.1838 2.1265 -158.0205 3.1090 0.0002 0.0030 38 tesla_cybertruck
Motorcycle 1.00 1.00 0 0 0 0 0 0 0 0 -1000.00 -1000.00 -1000.00 -1000.00 1.6387 1.2138 2.3199 137.2365 2.0900 2.7235 1.5854 -0.0000 0.0000 39 yamaha_yzf
Car 0.00 1.00 0 0 0 0 0 0 0 0 1429.71 361.09 1469.31 373.80 1.9476 2.0282 4.8347 -77.3439 2.1238 -92.1524 1.5597 -0.0004 0.0000 40 nissan_patrol
Car 0.00 0.88 0 0 0 8 0 0 0 0 961.51 362.71 977.13 372.67 1.6115 2.2019 5.2564 -1.5392 2.0807 -98.1079 1.6386 -0.0001 0.0006 41 charger2020_charger2020
Car 0.00 1.00 0 0 0 0 0 0 0 0 602.62 361.79 624.30 367.51 1.6115 2.2019 5.2564 99.7313 2.1359 -164.0075 -0.2191 0.0014 0.0007 42 charger2020_charger2020
Motorcycle 1.00 1.00 0 0 0 0 0 0 0 0 -1000.00 -1000.00 -1000.00 -1000.00 1.6649 1.0692 2.4735 111.9770 2.0688 79.4387 2.8684 0.0033 -0.0477 43 harley_davidson_low_rider
Car 0.00 1.00 0 0 0 0 0 0 0 0 1156.84 361.18 1167.30 364.43 1.5542 2.3421 5.1370 -98.3107 2.1340 -274.1236 0.6396 0.0000 0.0000 44 lincoln2020_mkz2020
Motorcycle 1.00 1.00 0 0 0 0 0 0 0 0 -1000.00 -1000.00 -1000.00 -1000.00 1.6960 1.0692 2.4735 77.0888 2.1239 -12.3008 1.5876 0.0030 0.0000 45 harley_davidson_low_rider
Cyclist 0.00 1.00 0 0 0 0 0 0 0 0 765.35 360.64 772.84 367.43 1.9310 0.5921 1.9272 54.3859 2.1137 -162.3814 0.0138 -0.0028 -0.0000 46 gazelle_omafiets
Car 1.00 1.00 2793 3166 4995 208364 0 0 1612 0 -1000.00 -1000.00 -1000.00 -1000.00 1.7318 2.1344 5.0985 0.0226 2.0957 4.2206 1.5672 -0.0000 -0.0000 47 audi_etron
Car 1.00 1.00 0 0 0 0 0 0 0 0 -1000.00 -1000.00 -1000.00 -1000.00 1.9476 2.0282 4.8347 129.3777 2.0738 9.3068 -1.1180 -0.0065 -0.0110 48 nissan_patrol
Car 1.00 1.00 51 50 88 4244 0 4 7 0 -1000.00 -1000.00 -1000.00 -1000.00 1.7203 2.2019 5.4994 -25.2819 2.1389 15.9389 0.0603 -0.0016 0.0005 49 chargercop2020_chargercop2020
Car 1.00 1.00 0 0 0 0 0 0 0 0 -1000.00 -1000.00 -1000.00 -1000.00 1.6244 1.8781 3.8906 -154.4352 2.1330 -79.8094 1.9351 -0.0006 -0.0011 50 audi_a2
Car 0.00 1.00 0 0 0 0 0 0 0 0 1075.07 361.85 1093.68 367.47 1.5863 2.2347 5.1468 -36.0618 2.1352 -165.1595 -0.2762 0.0027 0.0006 51 lincoln_mkz2017
Cyclist 1.00 1.00 1 2 7 29 0 0 0 0 -1000.00 -1000.00 -1000.00 -1000.00 1.9709 0.6705 1.7250 -89.8830 2.1228 29.0924 -1.6106 0.0050 0.0000 52 diamondback_century
Cyclist 0.00 0.13 4 10 16 45 0 0 0 0 1173.49 361.48 1191.00 377.18 1.9311 0.5921 1.9272 -27.4510 2.1140 -72.9481 0.0180 -0.0027 -0.0000 53 gazelle_omafiets
Car 0.80 1.00 0 0 0 0 0 0 0 0 0.00 362.58 15.93 374.86 1.7173 2.2591 5.2781 142.0839 2.0956 -84.5900 1.5864 -0.0071 -0.0002 54 mercedes_benz_coupe
Car 0.00 1.00 0 0 0 0 0 0 0 0 790.47 361.38 805.63 365.58 1.5542 2.3421 5.1370 60.8342 2.0788 -212.7511 0.1076 0.0003 -0.0005 55 lincoln2020_mkz2020
Car 0.00 1.00 0 0 0 0 0 0 0 0 877.68 361.35 896.19 367.69 1.7506 2.3538 4.8416 20.3895 2.1318 -159.2990 3.1295 -0.0000 -0.0000 56 bmw_grandtourer
Car 0.00 1.00 0 0 0 0 0 0 0 0 469.72 364.18 505.96 373.69 1.4546 2.0938 4.3903 75.6671 2.1420 -93.3887 1.5790 0.0000 -0.0000 57 audi_tt
Car 0.00 1.00 0 0 0 0 0 0 0 0 1452.39 362.73 1497.84 374.00 1.7173 2.2591 5.2781 -80.8491 2.1513 -91.5836 1.5609 -0.0071 -0.0002 58 mercedes_benz_coupe
Car 0.00 1.00 0 0 0 0 0 0 0 0 541.58 364.47 595.06 377.05 1.5542 2.3421 5.1370 49.8434 2.1341 -75.0954 0.0172 0.0003 0.0000 59 lincoln2020_mkz2020
Car 1.00 1.00 0 0 0 0 0 0 0 0 -1000.00 -1000.00 -1000.00 -1000.00 2.1397 2.1728 4.7045 76.0080 2.1483 67.4776 1.2423 -0.0090 -0.0340 60 volkswagen_t2
Car 1.00 1.00 0 0 0 1 0 0 0 0 -1000.00 -1000.00 -1000.00 -1000.00 1.7506 2.3538 4.8416 134.5554 2.0767 30.7020 -1.4850 0.0000 0.0001 61 bmw_grandtourer
Car 0.00 1.00 0 0 0 0 0 0 0 0 685.72 361.26 702.93 365.78 1.6320 2.1403 5.2230 96.5525 2.0933 -205.9409 -3.1406 -0.0043 0.0000 62 dodge_charger_police
Car 0.00 1.00 3 2 2 2 2 0 0 0 943.83 362.06 954.50 371.47 1.6980 1.9434 4.1871 2.0172 2.0891 -107.5599 1.5916 -0.0000 0.0000 63 citroen_c3
Car 0.00 1.00 0 0 0 0 0 0 0 0 781.02 362.30 803.00 367.57 1.4812 2.1349 5.6254 47.8629 2.1421 -162.4671 0.0145 0.0006 0.0000 64 chevrolet_impala
Car 1.00 1.00 387 446 724 36549 0 67 90 0 -1000.00 -1000.00 -1000.00 -1000.00 1.6115 2.2019 5.2564 -18.0469 2.1338 12.4266 -0.0024 -0.0019 0.0035 65 charger2020_charger2020
Car 1.00 1.00 0 0 0 0 0 0 0 0 -1000.00 -1000.00 -1000.00 -1000.00 1.3660 1.9896 4.9534 116.7535 2.1340 14.5609 -0.1006 0.0005 0.0001 66 mustang_mustang
Motorcycle 1.00 1.00 0 0 0 0 0 0 0 0 -1000.00 -1000.00 -1000.00 -1000.00 1.5852 1.1236 2.1350 77.0046 2.0998 -8.0056 1.5944 -0.0000 -0.0000 67 kawasaki_ninja
Car 1.00 1.00 0 0 0 0 0 0 0 0 -1000.00 -1000.00 -1000.00 -1000.00 1.5488 2.0688 3.9961 -209.4724 2.0967 -7.8373 -1.5406 -0.0000 0.0000 68 mini_cooperst
Car 1.00 1.00 0 0 0 0 0 0 0 0 -1000.00 -1000.00 -1000.00 -1000.00 1.5542 2.3421 5.1370 -156.8787 2.1336 -71.3482 -1.5192 -0.0001 -0.0003 69 lincoln2020_mkz2020
Car 0.00 0.21 44 45 79 342 109 0 0 0 950.00 361.22 987.52 379.48 1.9718 2.0005 4.0595 -0.9328 2.1086 -65.4532 -3.1259 -0.0004 -0.0006 70 jeep_wrangler_rubicon
Car 0.00 1.00 0 0 0 0 0 0 0 0 1199.47 361.18 1213.51 366.80 1.7506 2.3538 4.8416 -78.3711 2.1318 -180.7748 1.5592 0.0001 -0.0000 71 bmw_grandtourer
Car 0.00 1.00 0 0 0 0 0 0 0 0 390.55 359.55 426.99 368.70 2.2031 2.5091 6.5872 135.9616 2.0955 -141.2973 -1.5552 0.0000 -0.0000 72 tesla_cybertruck
Car 1.00 1.00 0 0 0 0 0 0 0 0 -1000.00 -1000.00 -1000.00 -1000.00 1.6244 1.8781 3.8906 -78.8546 2.1335 -1.3241 1.5864 -0.0005 -0.0011 73 audi_a2
Car 0.00 1.00 0 0 0 0 0 0 0 0 641.30 361.74 662.96 369.27 1.7203 2.2019 5.4994 72.4887 2.1384 -135.0788 -1.5360 -0.0004 0.0005 74 chargercop2020_chargercop2020
Car 1.00 1.00 0 0 0 0 0 0 0 0 -1000.00 -1000.00 -1000.00 -1000.00 1.6320 2.1403 5.2230 -82.2923 2.1492 -4.8376 1.5861 -0.0043 0.0000 75 dodge_charger_police
Car 1.00 1.00 196 191 295 1814 0 32 0 0 -1000.00 -1000.00 -1000.00 -1000.00 1.5140 2.1024 4.9073 -24.8604 2.1346 12.4512 0.0407 0.0000 -0.0000 76 mercedesccc_mercedesccc
Car 0.00 1.00 0 0 0 0 0 0 0 0 898.74 361.14 910.57 365.78 1.6244 1.8781 3.8906 20.3636 2.0790 -208.2836 -0.4431 -0.0035 0.0182 77 audi_a2
Car 0.00 1.00 0 0 0 0 0 0 0 0 1383.12 364.23 1428.20 378.30 1.6244 1.8781 3.8906 -52.6777 2.1333 -70.0375 -3.0918 -0.0005 -0.0011 78 audi_a2
Car 0.00 0.83 0 3 3 18 5 0 0 0 914.94 361.46 934.79 367.69 1.7203 2.2019 5.4994 9.8297 2.1331 -159.4896 -3.0722 -0.0037 0.0014 79 chargercop2020_chargercop2020
Car 1.00 1.00 0 0 0 0 0 0 0 0 -1000.00 -1000.00 -1000.00 -1000.00 2.1397 2.1728 4.7045 -160.3915 2.1487 -50.1401 -1.5557 -0.0004 0.0002 80 volkswagen_t2
Car 0.00 1.00 0 0 0 0 0 0 0 0 745.95 362.62 765.48 367.38 1.3660 1.9896 4.9534 59.4439 2.1339 -165.8093 0.0115 0.0001 -0.0000 81 mustang_mustang
Car 0.00 0.40 0 1 2 24 3 0 0 0 941.15 362.17 955.76 373.15 1.7203 2.2019 5.4994 1.9210 2.0833 -95.0061 1.6250 -0.0001 0.0007 82 chargercop2020_chargercop2020
Car 1.00 1.00 0 0 0 0 0 0 0 0 -1000.00 -1000.00 -1000.00 -1000.00 1.6244 1.8781 3.8906 -80.2773 2.1362 93.0810 1.5858 -0.0056 -0.0011 83 audi_a2
Car 0.00 1.00 0 0 0 0 0 0 0 0 406.52 363.35 444.40 374.76 1.6244 1.8781 3.8906 79.1068 2.1332 -86.5748 1.5799 -0.0005 -0.0011 84 audi_a2
Car 0.00 1.00 0 0 0 0 0 0 0 0 354.46 362.83 380.40 367.97 1.3660 1.9896 4.9534 159.7709 2.1339 -153.9404 3.1163 -0.0000 -0.0000 85 mustang_mustang
Car 0.00 1.00 0 0 0 0 0 0 0 0 1155.18 361.17 1162.66 364.96 1.6244 1.8781 3.8906 -86.0960 2.1331 -244.4052 -1.5824 -0.0006 -0.0011 86 audi_a2
Car 1.00 1.00 0 0 0 0 0 0 0 0 -1000.00 -1000.00 -1000.00 -1000.00 1.9718 2.0005 4.0595 -185.8083 2.1236 -76.0614 0.0341 -0.0028 -0.0010 87 jeep_wrangler_rubicon
Car 0.00 1.00 0 0 0 0 0 0 0 0 1147.75 360.37 1155.66 364.80 1.9718 2.0005 4.0595 -86.0466 2.1401 -253.2916 -1.5267 -0.0028 0.0011 88 jeep_wrangler_rubicon
Car 0.00 1.00 0 0 0 0 0 0 0 0 1792.71 362.66 1826.64 367.63 1.3660 1.9896 4.9534 -241.5124 2.1341 -162.0720 1.6078 -0.0001 -0.0004 89 mustang_mustang
Motorcycle 1.00 1.00 0 0 0 0 0 0 0 0 -1000.00 -1000.00 -1000.00 -1000.00 1.6649 1.0692 2.4735 140.0793 2.0681 46.1533 1.5871 0.0030 0.0000 90 harley_davidson_low_rider
Car 1.00 1.00 0 0 0 0 0 0 0 0 -1000.00 -1000.00 -1000.00 -1000.00 1.5475 1.9070 4.4025 -83.9446 2.1357 105.0678 1.5884 -0.0014 0.0004 91 seat_leon
Motorcycle 1.00 1.00 0 0 0 0 0 0 0 0 -1000.00 -1000.00 -1000.00 -1000.00 1.6387 1.2138 2.3199 137.3536 2.0900 -12.1290 1.5792 0.0011 0.0001 92 yamaha_yzf
Cyclist 1.00 1.00 0 0 0 0 0 0 0 0 -1000.00 -1000.00 -1000.00 -1000.00 1.9311 0.5921 1.9272 -91.4827 2.1134 75.5437 -1.8357 -0.0041 -0.0006 93 gazelle_omafiets
Car 1.00 1.00 0 0 0 0 0 0 0 0 -1000.00 -1000.00 -1000.00 -1000.00 1.5140 2.1024 4.9073 -151.9774 2.1342 -72.0431 -3.1054 -0.0000 -0.0000 94 mercedesccc_mercedesccc
Car 0.00 1.00 0 0 0 0 0 0 0 0 759.49 361.94 772.76 366.11 1.4546 2.0938 4.3903 68.4281 2.1390 -200.1560 -1.9297 -0.0021 -0.0015 95 audi_tt
Car 0.00 1.00 0 0 0 0 0 0 0 0 1398.73 360.05 1434.50 372.99 2.1397 2.1728 4.7045 -77.3716 2.1485 -98.4897 1.5772 0.0000 -0.0000 96 volkswagen_t2
Car 1.00 1.00 0 0 0 0 0 0 0 0 -1000.00 -1000.00 -1000.00 -1000.00 1.5140 2.1024 4.9073 -86.5125 2.1347 41.7699 -1.5555 0.0000 -0.0000 97 mercedesccc_mercedesccc
Car 1.00 1.00 0 0 0 0 0 0 0 0 -1000.00 -1000.00 -1000.00 -1000.00 1.4812 2.1349 5.6254 140.7697 2.0873 0.8577 1.5864 0.0000 -0.0000 98 chevrolet_impala
Car 1.00 1.00 0 0 0 0 0 0 0 0 -1000.00 -1000.00 -1000.00 -1000.00 1.5765 1.9374 3.8150 75.3404 2.1230 58.0852 1.5946 -0.0013 -0.0000 99 nissan_micra
Motorcycle 0.00 1.00 0 0 0 0 0 0 0 0 450.97 363.35 471.00 374.03 1.5853 1.1236 2.1350 75.6261 2.0997 -88.4998 1.5787 -0.0001 -0.0000 100 kawasaki_ninja
Car 0.00 1.00 0 0 0 0 0 0 0 0 1869.93 360.64 1906.98 367.85 1.9476 2.0282 4.8347 -254.8970 2.1242 -156.6913 -1.5396 -0.0022 0.0004 101 nissan_patrol
Car 1.00 1.00 0 0 0 0 0 0 0 0 -1000.00 -1000.00 -1000.00 -1000.00 2.1397 2.1728 4.7045 -78.7875 2.1487 -7.1448 1.5841 0.0000 -0.0000 102 volkswagen_t2
Car 1.00 1.00 0 0 0 0 0 0 0 0 -1000.00 -1000.00 -1000.00 -1000.00 1.3660 1.9896 4.9534 -98.7036 2.0980 68.4132 -0.0548 0.0015 -0.0014 103 mustang_mustang
Car 1.00 1.00 4 1 1 77 0 0 0 0 -1000.00 -1000.00 -1000.00 -1000.00 1.5627 2.2716 5.0314 51.1967 2.1402 17.0959 0.0127 0.0006 -0.0000 104 tesla_model3
Car 1.00 1.00 0 0 0 0 0 0 0 0 -1000.00 -1000.00 -1000.00 -1000.00 1.5542 2.3421 5.1370 129.4711 2.1100 -66.7146 -3.1236 0.0084 0.0006 105 lincoln2020_mkz2020
Car 0.00 1.00 0 0 0 0 0 0 0 0 560.34 363.02 594.01 371.82 1.5627 2.2716 5.0314 71.1007 2.1400 -107.5204 -1.7450 0.0004 -0.0002 106 tesla_model3
Car 0.57 1.00 0 0 0 0 0 0 0 0 1879.80 365.73 1920.00 384.06 1.5765 1.9374 3.8150 -88.4902 2.1224 -55.3079 -1.5423 0.0000 -0.0000 107 nissan_micra
Cyclist 0.00 1.00 0 0 0 0 0 0 0 0 1482.79 361.54 1503.76 377.94 1.9311 0.5921 1.9272 -63.1033 2.1139 -70.0682 -3.1243 -0.0041 -0.0000 108 gazelle_omafiets
Cyclist 0.00 1.00 0 0 0 0 0 0 0 0 901.87 341.79 905.96 345.86 1.9311 0.5921 1.9272 27.4133 -6.9446 -275.3135 0.0169 -0.0916 -0.0002 109 gazelle_omafiets
Car 1.00 1.00 562 622 984 8206 0 0 234 0 -1000.00 -1000.00 -1000.00 -1000.00 1.4546 2.0938 4.3903 -1.2939 2.1037 16.6304 -2.5987 0.0011 0.0025 110 audi_tt
Car 0.00 1.00 0 0 0 0 0 0 0 0 1427.23 361.47 1483.12 378.26 1.9476 2.0282 4.8347 -58.4819 2.1238 -69.9946 -3.1240 -0.0004 0.0000 111 nissan_patrol
Car 0.00 1.00 0 0 0 0 0 0 0 0 963.09 363.44 975.98 371.86 1.4546 2.0938 4.3903 -1.6907 2.0866 -104.2218 1.6056 0.0000 0.0000 112 audi_tt
Car 0.00 1.00 0 0 0 0 0 0 0 0 813.48 360.85 827.57 365.45 1.7506 2.3538 4.8416 53.4072 2.0762 -216.7742 0.0319 0.0000 -0.0000 113 bmw_grandtourer
Car 0.00 0.26 26 31 53 225 13 0 0 0 1060.36 361.19 1094.35 376.64 1.9718 2.0005 4.0595 -15.1877 2.1330 -76.3637 -0.0619 -0.0069 -0.0006 114 jeep_wrangler_rubicon
Motorcycle 0.00 1.00 0 0 0 0 0 0 0 0 18.45 362.97 52.31 374.13 1.6387 1.2138 2.3199 138.6305 2.0899 -87.6029 1.5864 -0.0000 0.0000 115 yamaha_yzf
Car 0.00 0.75 0 3 6 25 0 0 0 0 949.76 361.45 968.70 367.76 1.7203 2.2019 5.4994 0.2371 2.1290 -159.0373 -0.8492 -0.0013 0.0000 116 chargercop2020_chargercop2020
Car 1.00 1.00 0 0 0 0 0 0 0 0 -1000.00 -1000.00 -1000.00 -1000.00 1.6980 1.9434 4.1871 131.1109 2.0888 -54.3858 -1.5598 0.0004 -0.0001 117 citroen_c3
Car 1.00 1.00 0 0 0 0 0 0 0 0 -1000.00 -1000.00 -1000.00 -1000.00 1.5542 2.3421 5.1370 175.4742 -7.8657 -40.5564 -1.5850 -0.0014 0.0004 118 lincoln2020_mkz2020
Car 1.00 1.00 30 40 69 406 0 0 0 9 -1000.00 -1000.00 -1000.00 -1000.00 2.5908 2.7453 5.4640 65.8872 2.1597 17.0508 -1.5468 -0.0001 0.0000 119 carlamotors_carlacola
Car 0.00 1.00 0 0 0 0 0 0 0 0 502.42 363.13 531.50 372.68 1.5765 1.9374 3.8150 75.6399 2.1222 -99.1715 1.5789 0.0000 -0.0000 120 nissan_micra
Car 1.00 1.00 0 2 1 5 0 0 0 0 -1000.00 -1000.00 -1000.00 -1000.00 1.4477 1.5550 2.3177 171.8296 -7.7510 34.5296 -1.5109 -0.0173 -0.0013 121 bmw_isetta
Car 1.00 1.00 0 0 0 0 0 0 0 0 -1000.00 -1000.00 -1000.00 -1000.00 1.7173 2.2591 5.2781 140.8770 2.0948 -21.8604 1.5496 -0.0041 -0.0001 122 mercedes_benz_coupe
Car 1.00 1.00 48 48 75 331 0 5 0 0 -1000.00 -1000.00 -1000.00 -1000.00 1.7173 2.2591 5.2781 -63.2062 2.1515 22.5373 -3.1255 -0.0071 -0.0002 123 mercedes_benz_coupe
Car 0.00 1.00 0 0 0 0 0 0 0 0 439.04 362.00 456.68 367.98 1.5765 1.9374 3.8150 137.0785 2.1132 -152.8648 -1.2985 -0.0029 -0.0008 124 nissan_micra
Car 1.00 1.00 74 79 118 571 0 0 0 9 -1000.00 -1000.00 -1000.00 -1000.00 1.6115 2.2019 5.2564 43.8485 2.1363 16.8848 0.0611 0.0004 0.0007 125 charger2020_charger2020
Car 1.00 1.00 0 0 0 27 0 0 0 0 -1000.00 -1000.00 -1000.00 -1000.00 1.9476 2.0282 4.8347 83.8795 2.1257 17.7267 -0.2139 -0.0067 0.0051 126 nissan_patrol
Car 0.00 1.00 0 0 0 0 0 0 0 0 1158.53 361.36 1164.51 364.78 1.5140 2.1024 4.9073 -90.3250 2.1340 -252.9508 -1.8330 -0.0015 -0.0049 127 mercedesccc_mercedesccc
Car 0.00 1.00 0 0 0 0 0 0 0 0 1217.89 361.30 1232.62 366.71 1.7173 2.2591 5.2781 -85.4606 2.1509 -183.1203 -1.5807 -0.0071 -0.0002 128 mercedes_benz_coupe
Car 0.00 0.39 33 32 47 172 16 0 0 0 999.31 365.17 1024.07 378.90 1.4812 2.1349 5.6254 -5.9859 2.1134 -69.3253 -1.5266 -0.0003 0.0006 129 chevrolet_impala
Car 0.00 1.00 0 0 0 0 0 0 0 0 1625.40 360.01 1648.16 366.09 2.1397 2.1728 4.7045 -242.4491 2.1484 -203.0709 1.9104 -0.0003 -0.0027 130 volkswagen_t2
Car 0.00 1.00 0 0 0 0 0 0 0 0 497.61 363.98 540.16 377.01 1.6244 1.8781 3.8906 56.0628 2.1355 -74.9669 0.0177 -0.0049 -0.0011 131 audi_a2
Car 1.00 1.00 30 45 64 301 0 12 0 0 -1000.00 -1000.00 -1000.00 -1000.00 1.9476 2.0282 4.8347 -66.6298 2.1240 18.7106 -3.1359 -0.0003 -0.0000 132 nissan_patrol
Car 0.00 1.00 0 0 0 0 0 0 0 0 1206.39 361.41 1253.43 377.40 1.9476 2.0282 4.8347 -33.3517 2.1252 -73.0473 0.0194 -0.0051 0.0000 133 nissan_patrol
Car 0.00 1.00 0 0 0 0 0 0 0 0 673.69 338.65 685.60 343.17 1.9476 2.0282 4.8347 130.2452 -7.8879 -262.0060 0.4196 -0.0004 0.0036 134 nissan_patrol
Car 1.00 0.00 8089 21892 34877 254544 0 2173 0 0 1895.00 706.00 1918.00 719.00 1.7506 2.3538 4.8416 -3.4684 2.0767 -3.9271 1.5734 0.0000 -0.0000 135 bmw_grandtourer
Car 0.00 1.00 0 0 0 0 0 0 0 0 893.77 360.64 912.16 367.83 1.9476 2.0282 4.8347 15.5614 2.1236 -155.8714 -3.1280 -0.0003 -0.0000 136 nissan_patrol
Car 0.00 1.00 0 0 0 0 0 0 0 0 477.83 363.39 538.66 377.95 1.7203 2.2019 5.4994 54.6898 2.1387 -71.6587 0.0358 -0.0002 0.0007 137 chargercop2020_chargercop2020
Car 0.00 0.69 23 27 40 294 6 0 0 0 782.33 356.19 835.79 379.08 2.5908 2.7453 5.4640 17.4051 2.1595 -68.6435 -3.1239 0.0000 -0.0000 138 carlamotors_carlacola
Car 1.00 1.00 0 0 0 0 0 0 0 0 -1000.00 -1000.00 -1000.00 -1000.00 1.5863 2.2347 5.1468 120.1203 2.1372 18.0712 0.0136 -0.0010 0.0000 139 lincoln_mkz2017
Car 1.00 1.00 0 0 0 0 0 0 0 0 -1000.00 -1000.00 -1000.00 -1000.00 1.9718 2.0005 4.0595 218.2903 2.1394 -18.1672 1.6152 -0.0006 -0.0001 140 jeep_wrangler_rubicon
Car 0.00 1.00 0 0 0 0 0 0 0 0 741.71 361.54 753.04 366.29 1.6011 2.1072 4.7392 73.0148 2.1363 -194.8727 -1.5625 -0.0004 -0.0000 141 toyota_prius
Car 1.00 1.00 0 0 0 0 0 0 0 0 -1000.00 -1000.00 -1000.00 -1000.00 1.7318 2.1344 5.0985 134.4939 2.0961 -46.4343 -1.5548 -0.0030 -0.0000 142 audi_etron
Car 0.00 1.00 0 0 0 0 0 0 0 0 1655.63 359.52 1755.80 379.89 2.2031 2.5091 6.5872 -84.8273 2.1513 -67.7481 -1.5505 0.0000 -0.0000 143 tesla_cybertruck
Car 0.00 1.00 0 0 0 0 0 0 0 0 699.69 361.89 712.46 367.48 1.5765 1.9374 3.8150 72.8012 2.1226 -163.4337 -1.5631 -0.0013 -0.0000 144 nissan_micra
Car 0.00 1.00 0 0 0 1 0 0 0 0 943.12 363.52 955.31 372.15 1.4546 2.0938 4.3903 1.8963 2.0866 -101.8727 1.5909 0.0000 -0.0000 145 audi_tt
Car 0.00 1.00 0 0 0 0 0 0 0 0 1382.44 361.60 1402.34 365.55 1.4812 2.1349 5.6254 -165.5583 2.1037 -216.7404 -0.2393 0.0002 0.0017 146 chevrolet_impala
Car 1.00 1.00 0 0 0 16 0 0 0 0 -1000.00 -1000.00 -1000.00 -1000.00 2.2031 2.5091 6.5872 -80.3883 2.1516 104.5537 1.5645 -0.0003 -0.0028 147 tesla_cybertruck
Car 0.00 1.00 0 0 0 0 0 0 0 0 1451.33 361.48 1504.03 379.45 1.9718 2.0005 4.0595 -57.8696 2.1397 -66.4875 -3.1240 -0.0004 -0.0001 148 jeep_wrangler_rubicon
Car 0.00 1.00 0 0 0 0 0 0 0 0 1632.47 365.92 1699.26 377.69 1.3660 1.9896 4.9534 -88.1964 2.1343 -73.8496 -1.5447 0.0000 -0.0000 149 mustang_mustang
Car 0.00 1.00 0 0 0 0 0 0 0 0 720.60 362.54 734.07 367.27 1.3660 1.9896 4.9534 69.3033 2.1340 -169.6470 -1.5574 0.0000 -0.0000 150 mustang_mustang
Car 1.00 1.00 0 0 0 0 0 0 0 0 -1000.00 -1000.00 -1000.00 -1000.00 2.5908 2.7453 5.4640 -82.2796 2.1597 -11.3793 1.5503 0.0000 -0.0000 151 carlamotors_carlacola
Car 1.00 1.00 0 0 0 3 0 0 0 0 -1000.00 -1000.00 -1000.00 -1000.00 1.5863 2.2347 5.1468 130.0926 2.0813 31.8591 -1.5886 0.0000 -0.0000 152 lincoln_mkz2017
Car 0.00 1.00 0 0 0 0 0 0 0 0 1277.73 360.76 1290.36 364.35 1.7506 2.3538 4.8416 -160.0199 2.1324 -278.2140 -0.0841 -0.0018 0.0026 153 bmw_grandtourer
Cyclist 0.00 1.00 0 0 0 0 0 0 0 0 701.80 360.47 706.48 366.85 1.9709 0.6705 1.7250 79.8699 2.1222 -177.5119 1.5785 0.0049 0.0000 154 diamondback_century
Cyclist 1.00 1.00 0 0 0 0 0 0 0 0 -1000.00 -1000.00 -1000.00 -1000.00 1.9311 0.5921 1.9272 -160.6229 2.1131 -76.1999 0.0219 -0.0041 0.0001 155 gazelle_omafiets
Motorcycle 0.00 1.00 0 0 0 0 0 0 0 0 334.75 361.50 347.87 367.57 1.6960 1.0692 2.4735 174.3860 2.1234 -160.7136 0.0137 0.0032 0.0000 156 harley_davidson_low_rider
Car 1.00 1.00 0 0 0 0 0 0 0 0 -1000.00 -1000.00 -1000.00 -1000.00 2.1397 2.1728 4.7045 -83.6797 2.1524 85.8622 1.5880 -0.0082 -0.0001 157 volkswagen_t2
Car 0.00 1.00 0 0 0 0 0 0 0 0 1700.54 361.79 1724.00 366.69 1.5488 2.0688 3.9961 -243.1690 2.1350 -183.6711 1.6990 -0.0001 -0.0008 158 mini_cooperst
Cyclist 0.00 1.00 0 0 0 0 0 0 0 0 809.12 360.64 816.44 367.42 1.9311 0.5921 1.9272 41.9875 2.1136 -162.5556 -0.0051 -0.0040 -0.0000 159 gazelle_omafiets
Car 0.00 0.36 14 26 38 132 13 0 0 0 1017.00 364.59 1039.67 376.23 1.4812 2.1349 5.6254 -9.1131 2.1072 -78.8508 -1.5305 -0.0041 -0.0005 160 chevrolet_impala
Car 0.00 1.00 0 0 0 0 0 0 0 0 562.90 337.48 578.90 342.03 1.7173 2.2591 5.2781 167.6739 -7.8547 -243.3412 0.8209 -0.0071 0.0021 161 mercedes_benz_coupe
Car 0.87 1.00 0 0 0 0 0 0 0 0 1912.02 361.08 1920.00 374.42 1.9718 2.0005 4.0595 -149.2341 2.1398 -88.7457 1.6007 -0.0004 -0.0001 162 jeep_wrangler_rubicon
Car 1.00 1.00 0 0 0 0 0 0 0 0 -1000.00 -1000.00 -1000.00 -1000.00 1.7506 2.3538 4.8416 71.7049 2.1327 65.4267 1.6080 -0.0034 0.0018 163 bmw_grandtourer
Car 1.00 1.00 0 0 0 0 0 0 0 0 -1000.00 -1000.00 -1000.00 -1000.00 1.6115 2.2019 5.2564 137.2803 2.0807 -2.1841 1.6110 -0.0001 0.0006 164 charger2020_charger2020
Car 1.00 1.00 0 0 0 0 0 0 0 0 -1000.00 -1000.00 -1000.00 -1000.00 1.6244 1.8781 3.8906 73.5182 2.1333 -9.5582 1.5915 -0.0005 -0.0011 165 audi_a2
Car 1.00 1.00 0 0 0 0 0 0 0 0 -1000.00 -1000.00 -1000.00 -1000.00 1.5475 1.9070 4.4025 179.6493 -7.8649 -99.8292 -1.5373 -0.0002 0.0004 166 seat_leon
Car 1.00 1.00 0 0 0 0 0 0 0 0 -1000.00 -1000.00 -1000.00 -1000.00 1.5765 1.9374 3.8150 -137.0868 2.1213 122.2631 0.0128 0.0035 -0.0041 167 nissan_micra
Car 1.00 1.00 0 0 0 0 0 0 0 0 -1000.00 -1000.00 -1000.00 -1000.00 1.5863 2.2347 5.1468 -90.5359 2.1369 80.7435 -1.5991 -0.0001 0.0001 168 lincoln_mkz2017
Car 0.00 1.00 0 1 3 2 0 0 0 0 1003.23 361.31 1021.15 367.51 1.7506 2.3538 4.8416 -14.9346 2.1320 -163.2788 0.0380 -0.0003 0.0018 169 bmw_grandtourer
Car 0.00 1.00 0 0 0 0 0 0 0 0 543.88 365.38 602.86 377.98 1.4812 2.1349 5.6254 46.7860 2.1431 -71.6356 0.0176 -0.0007 -0.0000 170 chevrolet_impala
Car 0.00 1.00 0 0 0 0 0 0 0 0 385.49 362.37 413.04 367.82 1.4812 2.1349 5.6254 154.8997 2.1424 -157.6123 3.0952 0.0000 -0.0000 171 chevrolet_impala
Car 1.00 1.00 0 0 0 0 0 0 0 0 -1000.00 -1000.00 -1000.00 -1000.00 1.6011 2.1072 4.7392 134.9716 2.0938 -57.2587 -1.4342 0.0082 0.0031 172 toyota_prius
Car 0.00 1.00 0 1 0 0 0 0 0 0 953.41 361.68 971.43 367.47 1.6115 2.2019 5.2564 -0.7195 2.1152 -164.7709 -2.3306 -0.0008 0.0040 173 charger2020_charger2020
Car 0.00 1.00 0 0 0 0 0 0 0 0 1701.90 364.99 1773.27 379.45 1.5475 1.9070 4.4025 -88.3328 2.1355 -67.5436 -1.5481 0.0000 -0.0000 174 seat_leon
Car 0.00 1.00 0 0 0 0 0 0 0 0 1204.36 358.65 1220.48 366.74 2.5908 2.7453 5.4640 -82.0923 2.1593 -184.8231 1.5728 0.0000 0.0000 175 carlamotors_carlacola
Car 0.00 1.00 0 0 0 0 0 0 0 0 524.95 362.32 550.79 367.63 1.4812 2.1349 5.6254 119.3961 2.1424 -161.2833 0.0289 0.0000 0.0000 176 chevrolet_impala
Car 0.00 1.00 0 0 0 0 0 0 0 0 527.20 335.60 541.07 340.92 1.9718 2.0005 4.0595 173.5695 -7.8647 -230.3892 0.9622 -0.0009 0.0037 177 jeep_wrangler_rubicon
Car 0.00 1.00 0 0 0 0 0 0 0 0 1280.81 361.70 1297.80 368.42 1.6980 1.9434 4.1871 -85.0761 2.1444 -147.7279 -1.5834 0.0002 -0.0000 178 citroen_c3
Car 0.00 0.45 6 17 22 63 25 0 0 0 942.39 363.40 956.29 373.97 1.5488 2.0688 3.9961 1.6287 2.0796 -88.9907 1.5917 0.0000 -0.0000 179 mini_cooperst
Motorcycle 0.00 1.00 0 0 0 0 0 0 0 0 501.31 362.38 518.74 372.23 1.6960 1.0692 2.4735 79.2447 2.1238 -102.1161 1.5773 0.0030 0.0000 180 harley_davidson_low_rider
Car 1.00 1.00 0 0 0 0 0 0 0 0 -1000.00 -1000.00 -1000.00 -1000.00 1.4477 1.5550 2.3177 212.8841 2.1415 4.5743 -1.2584 -0.0060 -0.0142 181 bmw_isetta
Cyclist 0.00 1.00 0 0 0 0 0 0 0 0 447.23 362.44 461.29 373.47 1.7065 0.8593 1.4873 79.2174 2.0920 -91.3081 1.5897 0.0000 -0.0000 182 bh_crossbike
Car 0.00 1.00 0 0 0 0 0 0 0 0 325.68 328.99 350.11 334.97 1.6011 2.1072 4.7392 192.6278 -7.8644 -176.1450 1.5060 -0.0000 0.0011 183 toyota_prius
Car 0.00 1.00 0 0 0 0 0 0 0 0 1214.13 361.84 1226.57 366.87 1.5488 2.0688 3.9961 -81.8473 2.1350 -178.7719 1.5591 -0.0000 -0.0000 184 mini_cooperst
Car 0.00 1.00 0 0 0 0 0 0 0 0 1216.09 361.29 1227.46 366.37 1.6980 1.9434 4.1871 -89.0611 2.1443 -193.0950 -1.5859 0.0004 0.0000 185 citroen_c3
Car 0.00 1.00 0 0 0 0 0 0 0 0 404.81 361.88 425.06 367.43 1.5765 1.9374 3.8150 156.8427 2.1228 -163.9887 0.0658 -0.0026 -0.0024 186 nissan_micra
Car 0.00 1.00 0 0 0 0 0 0 0 0 462.77 362.24 501.94 373.19 1.7506 2.3538 4.8416 79.1924 2.1319 -96.4745 1.5791 0.0001 -0.0000 187 bmw_grandtourer
Car 0.00 1.00 0 0 0 0 0 0 0 0 779.59 362.00 795.48 367.38 1.5488 2.0688 3.9961 50.2236 2.1349 -165.9325 0.0139 0.0000 -0.0000 188 mini_cooperst
Car 0.00 1.00 0 0 0 0 0 0 0 0 1607.31 364.54 1662.84 377.51 1.5488 2.0688 3.9961 -84.6810 2.1352 -74.0871 -1.5431 0.0000 -0.0000 189 mini_cooperst
Car 0.00 1.00 0 0 0 0 0 0 0 0 16.49 362.31 60.24 369.48 1.6011 2.1072 4.7392 211.4330 2.1360 -131.6814 -1.7714 -0.0001 -0.0019 190 toyota_prius
Car 1.00 1.00 0 0 0 0 0 0 0 0 -1000.00 -1000.00 -1000.00 -1000.00 1.3660 1.9896 4.9534 76.8685 2.1343 -2.4006 1.5950 0.0000 -0.0000 191 mustang_mustang
Car 0.00 1.00 0 0 0 0 0 0 0 0 1438.80 360.37 1453.12 364.68 1.9476 2.0282 4.8347 -221.4154 2.1251 -257.0408 -0.6861 -0.0054 0.0003 192 nissan_patrol
Pedestrian 0.00 1.00 0 0 0 0 0 0 0 0 1671.86 360.10 1674.53 365.30 1.9158 0.4880 0.4595 -262.8934 1.9514 -208.7864 -1.2737 0.0000 -0.0000 193 pedestrian_0019
Pedestrian 0.00 1.00 0 0 0 0 0 0 0 0 1341.66 361.93 1344.06 364.78 1.1330 0.4333 0.6667 -152.6467 1.9022 -225.4619 -0.1591 0.0000 -0.0000 194 pedestrian_0010
Pedestrian 0.00 1.00 0 0 0 0 0 0 0 0 672.26 360.11 674.81 366.45 1.9158 0.4880 0.5286 86.7121 1.9499 -172.2527 -3.1127 0.0000 -0.0000 195 pedestrian_0005
Pedestrian 0.00 1.00 0 0 0 0 0 0 0 0 355.70 359.90 360.99 368.97 1.9158 0.4880 0.5825 127.4490 1.8945 -121.8902 1.5787 0.0000 -0.0000 196 pedestrian_0003
Pedestrian 1.00 1.00 0 0 0 2 0 0 0 0 -1000.00 -1000.00 -1000.00 -1000.00 1.9158 0.4880 0.7507 163.9115 -7.9643 28.9267 1.5421 0.0000 -0.0000 197 pedestrian_0021
Pedestrian 1.00 1.00 0 0 0 0 0 0 0 0 -1000.00 -1000.00 -1000.00 -1000.00 1.9158 0.4880 0.7507 -268.6321 1.9506 54.2731 -1.7247 0.0000 -0.0000 198 pedestrian_0003
Pedestrian 0.00 1.00 0 0 0 0 0 0 0 0 1440.00 360.08 1441.40 364.16 1.9158 0.4880 0.4647 -225.5665 1.9519 -264.5646 -0.6490 0.0000 -0.0000 199 pedestrian_0004
Pedestrian 1.00 1.00 0 0 0 0 0 0 0 0 -1000.00 -1000.00 -1000.00 -1000.00 1.9158 0.4880 0.7507 59.8521 1.9515 31.7398 3.0193 0.0000 -0.0000 200 pedestrian_0022
Pedestrian 0.00 1.00 0 0 0 0 0 0 0 0 1148.33 361.51 1149.35 364.88 1.3390 0.3253 0.3130 -75.2393 1.9415 -225.3123 -1.6752 0.0000 -0.0000 201 pedestrian_0014
Pedestrian 1.00 1.00 0 0 0 0 0 0 0 0 -1000.00 -1000.00 -1000.00 -1000.00 1.9158 0.4880 0.4533 55.8099 1.9482 -12.0801 -1.3089 0.0000 -0.0000 202 pedestrian_0022
Pedestrian 0.00 0.54 4 4 8 28 0 0 0 0 1168.37 360.33 1175.83 378.94 1.9158 0.4880 0.5695 -21.9371 1.9501 -61.8104 -3.0775 0.0000 -0.0000 203 pedestrian_0023
Pedestrian 0.00 1.00 0 0 0 0 0 0 0 0 881.31 362.28 883.39 367.38 1.3390 0.3253 0.5005 20.4574 1.9416 -150.5039 -0.0099 0.0000 -0.0000 204 pedestrian_0012
Pedestrian 0.00 1.00 0 0 0 0 0 0 0 0 1347.97 360.18 1353.34 370.35 1.9158 0.4880 0.7379 -73.9086 1.9505 -109.3437 1.5956 0.0000 -0.0000 205 pedestrian_0019
Pedestrian 1.00 1.00 0 0 0 0 0 0 0 0 -1000.00 -1000.00 -1000.00 -1000.00 1.9158 0.4880 0.7161 -78.3295 2.1028 27.6770 3.0068 0.0000 -0.0000 206 pedestrian_0005
Pedestrian 0.00 1.00 0 0 0 0 0 0 0 0 219.29 359.89 226.74 369.54 1.9158 0.4880 0.7507 146.7831 1.8945 -114.8715 -1.5548 0.0000 -0.0000 207 pedestrian_0026
Pedestrian 0.00 1.00 0 0 0 2 0 0 0 0 973.08 360.51 976.04 367.78 1.9158 0.4880 0.7507 -3.8465 2.0521 -150.9462 0.0450 0.0000 -0.0000 208 pedestrian_0015
Pedestrian 1.00 1.00 0 0 0 0 0 0 0 0 -1000.00 -1000.00 -1000.00 -1000.00 1.3390 0.3253 0.3230 -70.2046 1.9422 143.1379 0.0105 0.0000 -0.0000 209 pedestrian_0014
Pedestrian 1.00 1.00 0 0 0 0 0 0 0 0 -1000.00 -1000.00 -1000.00 -1000.00 1.9158 0.4880 0.5129 -32.2104 1.2089 143.9307 -0.0241 0.0000 -0.0000 210 pedestrian_0016
Pedestrian 0.79 0.03 29 39 53 777 0 6 0 0 1902.15 401.40 1919.44 480.60 1.3390 0.3253 0.5005 -14.7520 1.8867 -12.8483 -1.5520 0.0000 -0.0000 211 pedestrian_0012
Pedestrian 1.00 1.00 0 0 0 0 0 0 0 0 -1000.00 -1000.00 -1000.00 -1000.00 1.1330 0.4333 0.6667 61.5200 1.9399 -25.6744 1.5982 0.0000 -0.0000 212 pedestrian_0009
Pedestrian 1.00 1.00 0 0 0 0 0 0 0 0 -1000.00 -1000.00 -1000.00 -1000.00 1.1330 0.4333 0.6604 145.0855 1.8856 -21.6239 -1.5582 0.0000 -0.0000 213 pedestrian_0010
Pedestrian 1.00 1.00 0 0 0 0 0 0 0 0 -1000.00 -1000.00 -1000.00 -1000.00 1.9158 0.4880 0.7507 -270.3328 1.9528 -113.1915 1.5916 0.0000 -0.0000 214 pedestrian_0021
Pedestrian 0.00 1.00 0 0 0 0 0 0 0 0 1745.44 360.23 1766.01 388.73 1.9158 0.4880 0.7507 -54.1492 1.9319 -42.2004 -1.0741 0.0000 -0.0000 215 pedestrian_0018
Pedestrian 0.00 1.00 0 0 0 0 0 0 0 0 1667.76 360.10 1670.44 365.27 1.9158 0.4880 0.4637 -262.9884 1.9525 -210.0417 -1.2872 0.0000 -0.0000 216 pedestrian_0020
Pedestrian 1.00 1.00 0 0 0 0 0 0 0 0 -1000.00 -1000.00 -1000.00 -1000.00 1.9158 0.4880 0.7507 125.6776 1.8946 -38.1388 1.5953 0.0000 -0.0000 217 pedestrian_0017
Pedestrian 0.00 1.00 0 0 0 0 0 0 0 0 1213.72 360.09 1215.54 365.28 1.9158 0.4880 0.4246 -94.2018 1.9499 -209.5321 -1.6290 0.0000 -0.0000 218 pedestrian_0007
Pedestrian 1.00 1.00 0 0 0 0 0 0 0 0 -1000.00 -1000.00 -1000.00 -1000.00 1.1330 0.4333 0.5347 -139.4251 1.9390 -15.8056 0.6339 0.0000 -0.0000 219 pedestrian_0010
Pedestrian 1.00 1.00 0 0 0 246 0 0 0 0 -1000.00 -1000.00 -1000.00 -1000.00 1.9158 0.4880 0.5171 36.0872 1.9503 27.8931 -2.9438 0.0000 -0.0000 220 pedestrian_0023
Pedestrian 0.00 1.00 0 0 0 0 0 0 0 0 823.45 359.94 825.04 364.86 1.9158 0.4880 0.5121 52.9591 1.8943 -220.7032 -3.1097 0.0000 -0.0000 221 pedestrian_0024
Pedestrian 0.00 1.00 0 0 0 0 0 0 0 0 1713.57 362.96 1717.22 367.33 1.1330 0.4333 0.3774 -196.7456 1.9055 -148.8396 -1.5899 0.0000 -0.0000 222 pedestrian_0011
Pedestrian 1.00 1.00 0 0 0 0 0 0 0 0 -1000.00 -1000.00 -1000.00 -1000.00 1.9158 0.4880 0.7507 -271.7140 1.9504 -53.9039 1.6049 0.0000 -0.0000 223 pedestrian_0016
Pedestrian 0.00 1.00 0 0 0 0 0 0 0 0 704.77 339.78 706.10 343.70 1.9158 0.4880 0.5674 125.7835 -8.0649 -278.3476 0.3624 0.0000 -0.0000 224 pedestrian_0017
Pedestrian 0.00 1.00 0 0 0 0 0 0 0 0 44.91 305.05 54.36 315.95 1.9158 0.4880 0.7507 165.7303 -8.0501 -105.3841 -1.5126 0.0000 -0.0000 225 pedestrian_0001
Pedestrian 0.00 1.00 0 0 0 0 0 0 0 0 1673.44 360.51 1677.94 367.13 1.9158 0.4880 0.7507 -207.4519 2.0639 -165.1391 -3.0055 0.0000 -0.0000 226 pedestrian_0003
Pedestrian 0.00 1.00 0 0 0 0 0 0 0 0 1392.79 360.13 1397.08 367.38 1.9158 0.4880 0.7507 -115.2153 1.9501 -151.3056 -0.1400 0.0000 -0.0000 227 pedestrian_0007
Pedestrian 0.00 1.00 0 0 0 0 0 0 0 0 245.64 364.16 252.83 370.50 1.1330 0.4333 0.6667 127.9403 1.8836 -104.2503 -1.6505 0.0000 -0.0000 228 pedestrian_0010
Pedestrian 1.00 1.00 0 0 0 0 0 0 0 0 -1000.00 -1000.00 -1000.00 -1000.00 1.1330 0.4333 0.4398 -50.8471 1.9309 -1.4152 1.3312 0.0000 -0.0000 229 pedestrian_0010
Pedestrian 0.00 1.00 0 0 0 0 0 0 0 0 227.32 367.47 237.22 384.38 1.3390 0.3253 0.4410 58.2678 1.9404 -48.8602 -1.0840 0.0000 -0.0000 230 pedestrian_0013
Pedestrian 1.00 1.00 0 0 0 0 0 0 0 0 -1000.00 -1000.00 -1000.00 -1000.00 1.3390 0.3253 0.3979 146.0131 1.8861 -55.0906 1.7008 0.0000 -0.0000 231 pedestrian_0013
Pedestrian 0.00 1.00 0 0 0 0 0 0 0 0 901.98 359.94 904.30 364.96 1.9158 0.4880 0.7507 21.7638 1.8944 -216.6200 2.8415 0.0000 -0.0000 232 pedestrian_0020
Pedestrian 1.00 1.00 0 0 0 0 0 0 0 0 -1000.00 -1000.00 -1000.00 -1000.00 1.9158 0.4880 0.5310 144.4997 1.8947 33.5432 -1.4860 0.0000 -0.0000 233 pedestrian_0021
Pedestrian 1.00 1.00 0 0 0 0 0 0 0 0 -1000.00 -1000.00 -1000.00 -1000.00 1.1330 0.4333 0.3852 -214.6388 1.9004 -55.2327 -1.9422 0.0000 -0.0000 234 pedestrian_0009
Pedestrian 1.00 1.00 0 0 0 0 0 0 0 0 -1000.00 -1000.00 -1000.00 -1000.00 1.9158 0.4880 0.5026 225.6795 1.9500 -40.0514 -1.6140 0.0000 -0.0000 235 pedestrian_0006
Pedestrian 1.00 1.00 0 0 0 0 0 0 0 0 -1000.00 -1000.00 -1000.00 -1000.00 1.1330 0.4333 0.5656 -122.3627 1.9417 -64.0690 3.1161 0.0000 -0.0000 236 pedestrian_0009
Pedestrian 0.00 0.98 2 2 2 4 0 0 0 0 1088.73 360.26 1092.54 374.45 1.9158 0.4880 0.3754 -17.6977 1.9512 -79.5718 0.0670 0.0000 -0.0000 237 pedestrian_0026
Pedestrian 1.00 1.00 15 16 19 1189 0 4 0 0 -1000.00 -1000.00 -1000.00 -1000.00 1.9158 0.4880 0.5775 -18.2449 1.9510 27.1460 -3.1053 0.0000 -0.0000 238 pedestrian_0021
Pedestrian 1.00 1.00 128 141 239 12478 0 0 44 0 -1000.00 -1000.00 -1000.00 -1000.00 1.3390 0.3253 0.2502 3.8257 1.8874 4.0942 1.6553 0.0000 -0.0000 239 pedestrian_0012
Pedestrian 0.00 1.00 0 0 0 0 0 0 0 0 1186.73 360.07 1188.60 363.80 1.9158 0.4880 0.7507 -116.8005 1.9501 -288.8374 -3.0980 0.0000 -0.0000 240 pedestrian_0020
Pedestrian 0.00 1.00 0 0 0 0 0 0 0 0 11.02 316.78 17.38 322.28 1.1330 0.4333 0.5414 201.6318 -8.0598 -122.6413 -1.5803 0.0000 -0.0000 241 pedestrian_0011
Pedestrian 0.00 1.00 0 0 0 0 0 0 0 0 1149.26 360.11 1152.35 366.50 1.9158 0.4880 0.7507 -57.3253 1.9500 -171.0034 -3.1028 0.0000 -0.0000 242 pedestrian_0002
Pedestrian 1.00 1.00 0 0 0 0 0 0 0 0 -1000.00 -1000.00 -1000.00 -1000.00 1.3390 0.3253 0.3748 113.4728 2.0927 -61.0555 3.0842 0.0000 -0.0000 243 pedestrian_0014
Pedestrian 0.00 1.00 0 3 5 12 1 0 0 0 920.42 359.91 923.07 369.66 1.9158 0.4880 0.7507 7.5357 1.8972 -113.6711 -1.5479 0.0000 -0.0000 244 pedestrian_0006
Pedestrian 0.00 1.00 0 0 0 0 0 0 0 0 10.41 313.29 17.84 322.48 1.9158 0.4880 0.6398 202.3650 -8.0502 -123.0617 -1.5107 0.0000 -0.0000 245 pedestrian_0020
Pedestrian 0.00 1.00 0 0 0 0 0 0 0 0 608.13 360.25 615.91 374.40 1.9158 0.4880 0.7507 47.2871 1.9500 -79.8009 -0.0506 0.0000 -0.0000 246 pedestrian_0022
Pedestrian 0.00 1.00 0 0 0 0 0 0 0 0 1047.89 360.11 1050.48 366.52 1.9158 0.4880 0.7245 -26.7119 1.9500 -170.4814 -0.0684 0.0000 -0.0000 247 pedestrian_0002
Pedestrian 1.00 1.00 0 0 0 0 0 0 0 0 -1000.00 -1000.00 -1000.00 -1000.00 1.9158 0.4880 0.4011 146.0198 1.8941 -83.9835 -1.6224 0.0000 -0.0000 248 pedestrian_0022
Pedestrian 1.00 1.00 0 0 0 0 0 0 0 0 -1000.00 -1000.00 -1000.00 -1000.00 1.9158 0.4880 0.6874 -95.9075 1.9242 77.1741 2.1995 0.0000 -0.0000 249 pedestrian_0006
Pedestrian 0.00 1.00 0 0 0 0 0 0 0 0 762.19 360.11 764.23 366.50 1.9158 0.4880 0.4778 59.1184 1.9499 -170.9857 -3.0327 0.0000 -0.0000 250 pedestrian_0019
Pedestrian 1.00 1.00 0 0 0 0 0 0 0 0 -1000.00 -1000.00 -1000.00 -1000.00 1.9158 0.4880 0.7507 -93.7642 1.9503 -13.5136 1.5565 0.0000 -0.0000 251 pedestrian_0018
Pedestrian 1.00 1.00 0 0 0 0 0 0 0 0 -1000.00 -1000.00 -1000.00 -1000.00 1.9158 0.4880 0.7507 -272.5555 1.9504 -53.8237 1.6859 0.0000 -0.0000 252 pedestrian_0007
Pedestrian 0.00 1.00 0 0 0 0 0 0 0 0 501.54 360.25 507.51 374.26 1.9158 0.4880 0.4084 62.4632 1.9501 -80.4916 1.4470 0.0000 -0.0000 253 pedestrian_0008
Pedestrian 1.00 1.00 0 0 0 0 0 0 0 0 -1000.00 -1000.00 -1000.00 -1000.00 1.9158 0.4880 0.5184 -266.4139 1.9506 60.3383 -1.7600 0.0000 -0.0000 254 pedestrian_0022
Pedestrian 1.00 1.00 0 0 0 2 0 0 0 0 -1000.00 -1000.00 -1000.00 -1000.00 1.9158 0.4880 0.5976 -117.8082 1.9506 144.1179 0.0046 0.0000 -0.0000 255 pedestrian_0024
Pedestrian 1.00 1.00 0 0 0 0 0 0 0 0 -1000.00 -1000.00 -1000.00 -1000.00 1.1330 0.4333 0.5845 154.5866 1.9394 -58.6891 -3.1272 0.0000 -0.0000 256 pedestrian_0011
Pedestrian 0.00 1.00 0 0 0 0 0 0 0 0 1279.99 360.70 1283.85 367.89 1.9158 0.4880 0.7507 -85.9310 2.1024 -152.4320 -0.0613 0.0000 -0.0000 257 pedestrian_0006
Pedestrian 0.00 1.00 0 0 0 0 0 0 0 0 521.49 359.94 524.88 365.69 1.9158 0.4880 0.7507 145.6682 1.8943 -189.3125 -1.7700 0.0000 -0.0000 258 pedestrian_0005
Pedestrian 0.00 1.00 1 0 1 10 3 0 0 0 1004.20 361.20 1009.19 376.23 1.9158 0.4880 0.4276 -5.9854 2.0708 -75.5331 -2.5590 0.0000 -0.0000 259 pedestrian_0003
Pedestrian 1.00 1.00 0 0 0 0 0 0 0 0 -1000.00 -1000.00 -1000.00 -1000.00 1.9158 0.4880 0.7395 164.6595 -8.0501 -48.8030 1.5615 0.0000 -0.0000 260 pedestrian_0001
Pedestrian 0.00 1.00 0 0 0 0 0 0 0 0 747.77 361.41 749.38 364.86 1.3390 0.3253 0.5005 82.0341 1.8859 -219.5332 3.1307 0.0000 -0.0000 261 pedestrian_0014
Pedestrian 0.00 1.00 0 0 0 0 0 0 0 0 1471.94 360.24 1477.94 373.74 1.9158 0.4880 0.3939 -73.2847 1.9502 -83.3610 1.5728 0.0000 -0.0000 262 pedestrian_0020
Pedestrian 1.00 1.00 0 0 0 0 0 0 0 0 -1000.00 -1000.00 -1000.00 -1000.00 1.9158 0.4880 0.6221 -209.1359 2.0642 -32.6496 0.5689 0.0000 -0.0000 263 pedestrian_0025
Pedestrian 0.00 1.00 0 0 0 0 0 0 0 0 207.27 360.41 219.88 385.39 1.9158 0.4880 0.5195 57.7356 1.9475 -47.3550 0.7941 0.0000 -0.0000 264 pedestrian_0026
Pedestrian 0.00 1.00 0 0 0 0 0 0 0 0 1457.79 360.07 1460.05 364.24 1.9158 0.4880 0.7507 -229.9086 1.9500 -259.8910 2.4566 0.0000 -0.0000 265 pedestrian_0025
Pedestrian 0.00 1.00 0 0 0 0 0 0 0 0 904.20 361.61 905.78 365.57 1.3390 0.3253 0.4254 18.6630 1.8874 -192.5236 2.4671 0.0000 -0.0000 266 pedestrian_0013
Pedestrian 0.00 1.00 0 0 0 0 0 0 0 0 672.54 360.11 674.78 366.43 1.9158 0.4880 0.3875 87.0283 1.9499 -172.9389 2.9598 0.0000 -0.0000 267 pedestrian_0015
Pedestrian 0.00 1.00 0 0 0 0 0 0 0 0 462.28 359.92 465.39 367.49 1.9158 0.4880 0.3806 125.6718 1.8944 -144.8667 -1.8282 0.0000 -0.0000 268 pedestrian_0021
Pedestrian 1.00 1.00 0 0 0 0 0 0 0 0 -1000.00 -1000.00 -1000.00 -1000.00 1.1330 0.4333 0.4081 -78.0519 1.9394 143.7671 -3.1100 0.0000 -0.0000 269 pedestrian_0010
Pedestrian 1.00 1.00 58 79 131 751 0 17 0 0 -1000.00 -1000.00 -1000.00 -1000.00 1.9158 0.4880 0.4769 -13.5725 1.8959 -6.9749 1.4931 0.0000 -0.0000 270 pedestrian_0023
Pedestrian 1.00 1.00 0 0 0 1 0 0 0 0 -1000.00 -1000.00 -1000.00 -1000.00 1.3390 0.3253 0.2502 -71.1227 1.9420 25.4354 -3.0308 0.0000 -0.0000 271 pedestrian_0013
Pedestrian 0.00 1.00 0 0 0 0 0 0 0 0 1261.18 360.07 1262.71 363.81 1.9158 0.4880 0.5212 -154.7095 1.9511 -288.4714 -0.0128 0.0000 -0.0000 272 pedestrian_0016
Pedestrian 1.00 1.00 0 0 0 0 0 0 0 0 -1000.00 -1000.00 -1000.00 -1000.00 1.3390 0.3253 0.3799 -75.7430 1.9419 3.6140 -0.9525 0.0000 -0.0000 273 pedestrian_0014
Pedestrian 0.00 1.00 0 0 0 0 0 0 0 0 1199.42 360.63 1201.33 367.08 1.9158 0.4880 0.4746 -71.5121 2.1024 -169.3739 -1.9085 0.0000 -0.0000 274 pedestrian_0019
Pedestrian 0.00 1.00 0 0 0 0 0 0 0 0 1162.39 362.53 1164.49 367.03 1.3390 0.3253 0.4966 -60.6419 2.0940 -169.6930 -3.0651 0.0000 -0.0000 275 pedestrian_0013
Pedestrian 0.00 1.00 0 0 0 0 0 0 0 0 1164.94 360.11 1168.06 366.49 1.9158 0.4880 0.7507 -62.1203 1.9500 -171.2175 -3.1175 0.0000 -0.0000 276 pedestrian_0023
Pedestrian 1.00 1.00 0 0 0 0 0 0 0 0 -1000.00 -1000.00 -1000.00 -1000.00 1.1330 0.4333 0.3452 146.3262 1.8831 -82.7792 -1.5362 0.0000 -0.0000 277 pedestrian_0011
Pedestrian 1.00 1.00 0 0 0 0 0 0 0 0 -1000.00 -1000.00 -1000.00 -1000.00 1.3390 0.3253 0.5005 124.0875 2.0936 -68.5812 1.8383 0.0000 -0.0000 278 pedestrian_0012
Pedestrian 0.00 1.00 0 0 0 0 0 0 0 0 891.95 339.06 893.32 343.43 1.9158 0.4880 0.5529 29.7982 -7.3382 -249.6480 0.0158 0.0000 -0.0000 279 pedestrian_0015
Pedestrian 1.00 1.00 0 0 0 0 0 0 0 0 -1000.00 -1000.00 -1000.00 -1000.00 1.9158 0.4880 0.4462 125.8802 1.8948 33.7954 -2.4365 0.0000 -0.0000 280 pedestrian_0017
Pedestrian 1.00 1.00 0 0 0 0 0 0 0 0 -1000.00 -1000.00 -1000.00 -1000.00 1.9158 0.4880 0.7507 202.0798 -8.0485 -80.3581 -1.5530 0.0000 -0.0000 281 pedestrian_0005
Pedestrian 0.00 1.00 0 0 0 0 0 0 0 0 738.76 362.69 740.39 365.90 1.1330 0.4333 0.3492 78.0486 2.0858 -200.7336 -2.1337 0.0000 -0.0000 282 pedestrian_0009
Pedestrian 0.00 1.00 0 0 0 0 0 0 0 0 1711.90 367.75 1722.84 377.08 1.1330 0.4333 0.6667 -93.2166 2.0912 -72.7005 1.6151 0.0000 -0.0000 283 pedestrian_0009
Pedestrian 1.00 1.00 0 0 0 0 0 0 0 0 -1000.00 -1000.00 -1000.00 -1000.00 1.1330 0.4333 0.4160 208.2065 1.9385 -104.5596 1.5511 0.0000 -0.0000 284 pedestrian_0009
Pedestrian 1.00 1.00 0 0 0 0 0 0 0 0 -1000.00 -1000.00 -1000.00 -1000.00 1.9158 0.4880 0.6835 -213.7178 1.9117 -75.0538 0.9150 0.0000 -0.0000 285 pedestrian_0024
Pedestrian 0.00 1.00 0 0 0 0 0 0 0 0 515.95 360.65 519.71 367.42 1.9158 0.4880 0.7507 125.5805 2.1022 -161.8955 -1.5225 0.0000 -0.0000 286 pedestrian_0023
Pedestrian 1.00 1.00 0 0 0 0 0 0 0 0 -1000.00 -1000.00 -1000.00 -1000.00 1.9158 0.4880 0.7507 -94.5879 2.0968 71.0550 1.5425 0.0000 -0.0000 287 pedestrian_0015
Pedestrian 0.00 1.00 0 0 0 0 0 0 0 0 762.86 337.33 764.95 341.72 1.9158 0.4880 0.7507 86.4746 -8.0712 -248.9004 0.0118 0.0000 -0.0000 288 pedestrian_0025
Pedestrian 1.00 1.00 0 0 0 0 0 0 0 0 -1000.00 -1000.00 -1000.00 -1000.00 1.1330 0.4333 0.4903 151.1310 -7.2511 125.8468 -0.6264 0.0000 -0.0000 289 pedestrian_0009
Pedestrian 0.00 1.00 0 0 0 0 0 0 0 0 1243.16 360.70 1245.66 367.89 1.9158 0.4880 0.3940 -75.9780 2.1024 -152.5477 0.7452 0.0000 -0.0000 290 pedestrian_0019
Pedestrian 1.00 1.00 0 0 0 1 0 0 0 0 -1000.00 -1000.00 -1000.00 -1000.00 1.9158 0.4880 0.7507 -105.8065 1.9173 78.6745 -0.0395 0.0000 -0.0000 291 pedestrian_0007
Pedestrian 1.00 1.00 0 0 0 0 0 0 0 0 -1000.00 -1000.00 -1000.00 -1000.00 1.9158 0.4880 0.6222 -272.7556 1.9505 0.8019 1.5875 0.0000 -0.0000 292 pedestrian_0021
Pedestrian 1.00 1.00 0 0 0 0 0 0 0 0 -1000.00 -1000.00 -1000.00 -1000.00 1.3390 0.3253 0.4331 55.4106 1.9418 -8.5371 -1.8485 0.0000 -0.0000 293 pedestrian_0014
Pedestrian 1.00 1.00 0 0 0 0 0 0 0 0 -1000.00 -1000.00 -1000.00 -1000.00 1.9158 0.4880 0.6651 99.6605 -6.7380 145.0534 0.0011 0.0000 -0.0000 294 pedestrian_0002
Pedestrian 1.00 1.00 0 0 0 0 0 0 0 0 -1000.00 -1000.00 -1000.00 -1000.00 1.9158 0.4880 0.7420 75.8783 2.1026 7.7505 0.0332 0.0000 -0.0000 295 pedestrian_0026
Pedestrian 0.00 0.34 4 4 6 21 2 0 0 0 870.56 360.25 876.71 374.59 1.9158 0.4880 0.7301 11.5852 1.9501 -78.8388 -0.0544 0.0000 -0.0000 296 pedestrian_0020
Pedestrian 0.00 1.00 0 0 0 0 0 0 0 0 652.73 360.17 657.01 369.56 1.9158 0.4880 0.7267 62.4213 1.9500 -117.8687 -1.5446 0.0000 -0.0000 297 pedestrian_0016
Pedestrian 1.00 1.00 0 0 0 0 0 0 0 0 -1000.00 -1000.00 -1000.00 -1000.00 1.9158 0.4880 0.7507 -94.8098 1.9497 86.4586 1.5751 0.0000 -0.0000 298 pedestrian_0024
Pedestrian 1.00 1.00 0 0 0 0 0 0 0 0 -1000.00 -1000.00 -1000.00 -1000.00 1.9158 0.4880 0.6736 138.4616 -7.3768 89.4349 -0.7703 0.0000 -0.0000 299 pedestrian_0001
Pedestrian 0.00 1.00 0 0 0 0 0 0 0 0 1234.00 360.61 1237.28 366.94 1.9158 0.4880 0.7507 -83.6694 2.1024 -172.7252 -3.1162 0.0000 -0.0000 300 pedestrian_0025
Pedestrian 0.00 1.00 0 0 0 0 0 0 0 0 1561.30 361.29 1570.12 374.61 1.9158 0.4880 0.7507 -87.4208 2.1026 -84.4764 -3.1101 0.0000 -0.0000 301 pedestrian_0016
Pedestrian 0.00 1.00 0 0 0 0 0 0 0 0 1511.66 360.33 1522.97 378.66 1.9158 0.4880 0.7033 -58.5014 1.9508 -62.6634 -3.1150 0.0000 -0.0000 302 pedestrian_0006
Pedestrian 1.00 1.00 12 9 19 189 0 0 4 0 -1000.00 -1000.00 -1000.00 -1000.00 1.3390 0.3253 0.3408 4.5835 1.8929 28.3018 1.2555 0.0000 -0.0000 303 pedestrian_0012
Pedestrian 0.00 1.00 0 0 0 0 0 0 0 0 1161.38 360.07 1163.21 363.82 1.9158 0.4880 0.7507 -103.4417 1.9499 -287.8919 0.0364 0.0000 -0.0000 304 pedestrian_0024
Pedestrian 1.00 1.00 0 0 0 0 0 0 0 0 -1000.00 -1000.00 -1000.00 -1000.00 1.3390 0.3253 0.3173 -179.3781 1.9423 139.8431 -2.9430 0.0000 -0.0000 305 pedestrian_0013
Pedestrian 1.00 1.00 0 0 0 0 0 0 0 0 -1000.00 -1000.00 -1000.00 -1000.00 1.1330 0.4333 0.5550 -272.1089 1.9408 14.6092 -1.5649 0.0000 -0.0000 306 pedestrian_0011
Pedestrian 0.00 1.00 0 0 0 0 0 0 0 0 1148.34 360.11 1151.36 366.53 1.9158 0.4880 0.7375 -56.7896 1.9500 -170.2778 -0.0083 0.0000 -0.0000 307 pedestrian_0024
Pedestrian 1.00 1.00 0 0 0 0 0 0 0 0 -1000.00 -1000.00 -1000.00 -1000.00 1.9158 0.4880 0.3771 -274.4121 1.9505 2.2029 -1.9825 0.0000 -0.0000 308 pedestrian_0004
Pedestrian 1.00 1.00 0 0 0 0 0 0 0 0 -1000.00 -1000.00 -1000.00 -1000.00 1.9158 0.4880 0.6851 77.2188 2.1026 8.2758 0.0842 0.0000 -0.0000 309 pedestrian_0019
Pedestrian 1.00 1.00 0 0 0 0 0 0 0 0 -1000.00 -1000.00 -1000.00 -1000.00 1.3390 0.3253 0.5005 208.3775 1.9425 -45.8827 -1.4739 0.0000 -0.0000 310 pedestrian_0012
Pedestrian 0.00 1.00 0 0 0 0 0 0 0 0 673.41 360.62 676.02 367.03 1.9158 0.4880 0.5420 85.4338 2.1023 -170.4648 -3.0877 0.0000 -0.0000 311 pedestrian_0022
Pedestrian 0.00 1.00 0 0 0 0 0 0 0 0 481.46 359.93 485.14 366.15 1.9158 0.4880 0.7507 147.0728 1.8943 -175.4825 1.5572 0.0000 -0.0000 312 pedestrian_0018
Pedestrian 1.00 1.00 1 2 4 17 0 0 0 0 -1000.00 -1000.00 -1000.00 -1000.00 1.9158 0.4880 0.6707 -73.9932 2.1028 11.1615 1.4298 0.0000 -0.0000 313 pedestrian_0022
Pedestrian 0.00 1.00 0 0 0 0 0 0 0 0 831.38 360.13 833.19 367.35 1.9158 0.4880 0.3891 33.9486 1.9499 -151.8101 -3.0916 0.0000 -0.0000 314 pedestrian_0005
Pedestrian 1.00 1.00 0 0 0 0 0 0 0 0 -1000.00 -1000.00 -1000.00 -1000.00 1.9158 0.4880 0.7507 95.0790 1.9502 8.6914 -0.0019 0.0000 -0.0000 315 pedestrian_0018
Pedestrian 1.00 1.00 0 0 0 0 0 0 0 0 -1000.00 -1000.00 -1000.00 -1000.00 1.9158 0.4880 0.7104 -272.0292 1.9505 -13.9066 -1.5660 0.0000 -0.0000 316 pedestrian_0024
Pedestrian 0.00 1.00 0 0 0 0 0 0 0 0 1599.12 360.24 1606.39 373.44 1.9158 0.4880 0.5211 -93.5584 1.9502 -85.1579 -2.9927 0.0000 -0.0000 317 pedestrian_0002
Pedestrian 0.00 1.00 0 0 0 0 0 0 0 0 1229.33 361.73 1230.81 365.58 1.3390 0.3253 0.3401 -94.0022 1.9412 -197.4012 1.7543 0.0000 -0.0000 318 pedestrian_0013
Pedestrian 0.00 1.00 0 0 0 0 0 0 0 0 911.96 360.13 914.90 367.40 1.9158 0.4880 0.7507 12.2866 1.9500 -150.7216 0.0350 0.0000 -0.0000 319 pedestrian_0018
Pedestrian 0.00 1.00 0 0 0 0 0 0 0 0 1239.26 360.70 1241.84 367.88 1.9158 0.4880 0.4211 -74.9631 2.1024 -152.5801 0.0934 0.0000 -0.0000 320 pedestrian_0006
Pedestrian 0.00 1.00 0 0 0 0 0 0 0 0 1223.80 360.07 1225.72 363.81 1.9158 0.4880 0.7507 -135.6002 1.9502 -288.3506 -3.1394 0.0000 -0.0000 321 pedestrian_0021
Pedestrian 0.00 0.93 1 1 2 8 0 0 0 0 1192.92 365.85 1198.25 374.16 1.1330 0.4333 0.5581 -32.3646 1.9397 -80.6259 -0.0461 0.0000 -0.0000 322 pedestrian_0010
Pedestrian 0.00 1.00 0 0 0 0 0 0 0 0 203.84 361.61 216.94 378.40 1.9158 0.4880 0.7507 86.1553 2.1025 -68.1863 1.5170 0.0000 -0.0000 323 pedestrian_0022
Pedestrian 1.00 1.00 0 0 0 0 0 0 0 0 -1000.00 -1000.00 -1000.00 -1000.00 1.9158 0.4880 0.7507 -163.8806 1.9503 -82.1197 1.8508 0.0000 -0.0000 324 pedestrian_0015
Pedestrian 1.00 1.00 0 1 5 1 0 0 0 0 -1000.00 -1000.00 -1000.00 -1000.00 1.9158 0.4880 0.5672 -93.4008 1.9504 30.8929 1.8903 0.0000 -0.0000 325 pedestrian_0005
Pedestrian 1.00 1.00 0 0 0 0 0 0 0 0 -1000.00 -1000.00 -1000.00 -1000.00 1.9158 0.4880 0.6192 200.5203 -8.0408 -4.1289 -1.5603 0.0000 -0.0000 326 pedestrian_0006
Pedestrian 1.00 1.00 0 0 0 0 0 0 0 0 -1000.00 -1000.00 -1000.00 -1000.00 1.9158 0.4880 0.7507 96.7708 1.9494 -58.9714 -3.1137 0.0000 -0.0000 327 pedestrian_0002
Pedestrian 0.00 1.00 17 13 16 0 0 0 0 0 598.83 361.02 617.02 398.93 1.9158 0.4880 0.6606 17.4753 1.9122 -32.1166 -2.9734 0.0000 -0.0000 328 pedestrian_0015
Pedestrian 1.00 1.00 0 0 0 0 0 0 0 0 -1000.00 -1000.00 -1000.00 -1000.00 1.9158 0.4880 0.4135 -194.8030 1.9507 135.6416 0.4045 0.0000 -0.0000 329 pedestrian_0005
Pedestrian 0.00 1.00 0 0 0 0 0 0 0 0 1180.66 361.57 1182.29 363.78 1.1330 0.4333 0.6667 -113.5861 1.9384 -288.7356 3.1112 0.0000 -0.0000 330 pedestrian_0010
Pedestrian 1.00 1.00 0 0 0 0 0 0 0 0 -1000.00 -1000.00 -1000.00 -1000.00 1.9158 0.4880 0.7026 40.8419 1.8949 86.9739 -3.1415 0.0000 -0.0000 331 pedestrian_0001
Pedestrian 1.00 1.00 0 0 0 0 0 0 0 0 -1000.00 -1000.00 -1000.00 -1000.00 1.9158 0.4880 0.3843 -93.8947 1.9503 -1.2019 -1.3715 0.0000 -0.0000 332 pedestrian_0017
Pedestrian 0.00 0.75 1 2 3 10 0 0 0 0 1096.94 360.26 1102.18 374.31 1.9158 0.4880 0.5850 -19.0988 1.9515 -80.3337 0.0258 0.0000 -0.0000 333 pedestrian_0023
Pedestrian 1.00 1.00 0 0 0 0 0 0 0 0 -1000.00 -1000.00 -1000.00 -1000.00 1.3390 0.3253 0.3967 -94.9118 1.9412 40.9696 1.6166 0.0000 -0.0000 334 pedestrian_0013
Pedestrian 0.00 1.00 0 0 0 0 0 0 0 0 1389.98 360.16 1395.03 369.11 1.9158 0.4880 0.7507 -92.8471 1.9501 -123.4672 1.5978 0.0000 -0.0000 335 pedestrian_0019
Pedestrian 1.00 1.00 58 67 105 1100 0 13 0 0 -1000.00 -1000.00 -1000.00 -1000.00 1.9158 0.4880 0.5424 -14.1415 1.8948 7.5397 3.1094 0.0000 -0.0000 336 pedestrian_0017
Pedestrian 0.00 1.00 0 0 0 0 0 0 0 0 1161.48 360.07 1163.29 363.81 1.9158 0.4880 0.7507 -103.7811 1.9504 -288.6979 3.1346 0.0000 -0.0000 337 pedestrian_0025
Pedestrian 0.00 1.00 0 0 0 0 0 0 0 0 712.11 339.89 713.45 343.80 1.9158 0.4880 0.5321 122.8681 -8.0638 -279.9471 -2.5544 0.0000 -0.0000 338 pedestrian_0006
Pedestrian 0.00 1.00 0 0 0 0 0 0 0 0 920.91 343.91 922.36 346.49 1.1330 0.4333 0.6097 17.0335 -6.0031 -250.5708 3.1250 0.0000 -0.0000 339 pedestrian_0011
Pedestrian 1.00 1.00 0 0 0 0 0 0 0 0 -1000.00 -1000.00 -1000.00 -1000.00 1.1330 0.4333 0.5597 126.5694 1.8852 -40.8300 -1.5479 0.0000 -0.0000 340 pedestrian_0011
Pedestrian 1.00 1.00 0 0 0 0 0 0 0 0 -1000.00 -1000.00 -1000.00 -1000.00 1.3390 0.3253 0.2920 208.4316 1.9434 -120.3557 -1.5784 0.0000 -0.0000 341 pedestrian_0013
Pedestrian 0.00 1.00 0 0 0 0 0 0 0 0 579.41 360.25 587.36 374.38 1.9158 0.4880 0.7507 51.2480 1.9499 -79.9038 0.0008 0.0000 -0.0000 342 pedestrian_0007
Pedestrian 0.00 0.68 0 0 2 7 0 0 0 0 1027.89 359.88 1031.37 371.15 1.9158 0.4880 0.7507 -11.8756 1.8950 -99.0226 -1.5544 0.0000 -0.0000 343 pedestrian_0021
Pedestrian 1.00 1.00 0 0 0 0 0 0 0 0 -1000.00 -1000.00 -1000.00 -1000.00 1.1330 0.4333 0.5934 201.8369 -8.0609 -117.1305 -1.5704 0.0000 -0.0000 344 pedestrian_0010
Pedestrian 0.00 0.03 57 55 104 637 10 0 0 0 742.46 360.95 762.45 428.05 1.9158 0.4880 0.5388 5.8363 1.8952 -20.1216 -1.5551 0.0000 -0.0000 345 pedestrian_0021
Pedestrian 1.00 1.00 0 0 0 0 0 0 0 0 -1000.00 -1000.00 -1000.00 -1000.00 1.3390 0.3253 0.3147 84.6433 1.9437 45.6843 -1.8304 0.0000 -0.0000 346 pedestrian_0014
Pedestrian 0.00 1.00 0 0 0 0 0 0 0 0 1358.46 360.19 1363.12 370.70 1.9158 0.4880 0.5257 -73.2453 1.9501 -105.7739 -1.6461 0.0000 -0.0000 347 pedestrian_0023
Pedestrian 0.00 0.17 1 3 2 23 2 0 0 0 1134.99 360.26 1141.74 374.35 1.9158 0.4880 0.7507 -24.3438 1.9517 -80.1309 0.0603 0.0000 -0.0000 348 pedestrian_0008
Pedestrian 1.00 1.00 0 0 0 0 0 0 0 0 -1000.00 -1000.00 -1000.00 -1000.00 1.9158 0.4880 0.7507 -245.2339 1.9507 99.5796 0.8233 0.0000 -0.0000 349 pedestrian_0006
Pedestrian 0.00 1.00 0 0 0 0 0 0 0 0 659.34 360.11 662.03 366.42 1.9158 0.4880 0.5302 91.0103 1.9498 -173.0104 -1.8289 0.0000 -0.0000 350 pedestrian_0022
Pedestrian 0.00 1.00 0 0 0 0 0 0 0 0 618.38 360.11 621.88 366.51 1.9158 0.4880 0.7507 101.9879 1.9498 -170.8031 3.1314 0.0000 -0.0000 351 pedestrian_0023
Pedestrian 0.00 1.00 0 0 0 0 0 0 0 0 859.05 359.98 861.32 365.66 1.9158 0.4880 0.7455 33.7022 1.9095 -191.6204 -2.9458 0.0000 -0.0000 352 pedestrian_0006
Pedestrian 1.00 1.00 0 0 0 0 0 0 0 0 -1000.00 -1000.00 -1000.00 -1000.00 1.9158 0.4880 0.7338 59.0909 1.9502 9.3623 2.1548 0.0000 -0.0000 353 pedestrian_0024
Pedestrian 1.00 1.00 0 0 0 0 0 0 0 0 -1000.00 -1000.00 -1000.00 -1000.00 1.1330 0.4333 0.6667 -46.9636 1.8928 143.8854 -0.0095 0.0000 -0.0000 354 pedestrian_0011
Pedestrian 1.00 1.00 0 0 0 0 0 0 0 0 -1000.00 -1000.00 -1000.00 -1000.00 1.9158 0.4880 0.3951 58.6140 1.9503 31.5777 3.0690 0.0000 -0.0000 355 pedestrian_0017
Pedestrian 1.00 1.00 0 0 0 0 0 0 0 0 -1000.00 -1000.00 -1000.00 -1000.00 1.3390 0.3253 0.3482 165.1934 -8.0584 -53.9603 -1.5888 0.0000 -0.0000 356 pedestrian_0012
Pedestrian 0.00 1.00 0 0 0 0 0 0 0 0 1339.51 360.07 1340.82 363.90 1.9158 0.4880 0.4480 -190.4644 1.9501 -282.1669 2.7551 0.0000 -0.0000 357 pedestrian_0020
Pedestrian 0.00 1.00 0 0 0 3 1 0 0 0 1004.08 359.92 1006.24 367.61 1.9158 0.4880 0.7507 -11.2824 1.8956 -142.9648 -1.5864 0.0000 -0.0000 358 pedestrian_0017
Pedestrian 1.00 1.00 11 6 9 56 0 2 0 0 -1000.00 -1000.00 -1000.00 -1000.00 1.9158 0.4880 0.4989 -46.2615 1.9499 8.3679 3.1186 0.0000 -0.0000 359 pedestrian_0025
Pedestrian 0.00 1.00 0 0 0 0 0 0 0 0 1390.99 361.24 1392.41 364.00 1.3390 0.3253 0.5005 -209.7711 1.9425 -273.8049 -0.5134 0.0000 -0.0000 360 pedestrian_0013
Pedestrian 0.00 1.00 0 0 0 0 0 0 0 0 1169.57 361.17 1170.80 363.79 1.3390 0.3253 0.5005 -107.8358 1.9414 -288.8419 -3.0798 0.0000 -0.0000 361 pedestrian_0013
Pedestrian 1.00 1.00 0 0 0 0 0 0 0 0 -1000.00 -1000.00 -1000.00 -1000.00 1.3390 0.3253 0.4294 54.5446 1.9393 -11.7002 -1.8364 0.0000 -0.0000 362 pedestrian_0013
Pedestrian 0.00 1.00 0 0 0 0 0 0 0 0 1757.20 371.45 1775.94 388.52 1.1330 0.4333 0.6667 -54.8693 1.9201 -42.1878 2.0283 0.0000 -0.0000 363 pedestrian_0011
Pedestrian 0.00 1.00 0 0 0 0 0 0 0 0 835.96 361.53 837.36 365.28 1.3390 0.3253 0.4254 44.0897 1.8860 -202.6095 -0.0231 0.0000 -0.0000 364 pedestrian_0012
Pedestrian 1.00 1.00 0 0 0 0 0 0 0 0 -1000.00 -1000.00 -1000.00 -1000.00 1.9158 0.4880 0.5315 125.6816 1.8947 -12.9169 -1.5410 0.0000 -0.0000 365 pedestrian_0023
Pedestrian 1.00 1.00 0 0 0 28 0 0 0 0 -1000.00 -1000.00 -1000.00 -1000.00 1.9158 0.4880 0.5384 -128.9854 1.9169 78.1615 -0.0239 0.0000 -0.0000 366 pedestrian_0005
Pedestrian 0.00 1.00 0 0 0 0 0 0 0 0 1812.82 360.00 1819.16 368.33 1.9158 0.4880 0.6294 -197.3986 1.9167 -132.2980 1.5631 0.0000 -0.0000 367 pedestrian_0021
Pedestrian 1.00 1.00 0 0 0 0 0 0 0 0 -1000.00 -1000.00 -1000.00 -1000.00 1.1330 0.4333 0.4179 -153.1445 2.0913 -62.9304 0.0656 0.0000 -0.0000 368 pedestrian_0010
Pedestrian 0.00 1.00 0 0 0 4 3 0 0 0 939.14 360.43 941.47 366.68 1.9158 0.4880 0.5208 6.0476 2.0469 -174.6619 -0.6832 0.0000 -0.0000 369 pedestrian_0020
Pedestrian 0.00 1.00 0 0 0 0 0 0 0 0 599.94 363.47 603.45 371.23 1.3390 0.3253 0.4316 62.0674 1.9408 -100.4930 -1.5880 0.0000 -0.0000 370 pedestrian_0012
Pedestrian 1.00 1.00 0 0 0 0 0 0 0 0 -1000.00 -1000.00 -1000.00 -1000.00 1.9158 0.4880 0.6720 61.2662 1.9502 -14.3090 -1.5111 0.0000 -0.0000 371 pedestrian_0015
Pedestrian 1.00 1.00 0 0 0 0 0 0 0 0 -1000.00 -1000.00 -1000.00 -1000.00 1.9158 0.4880 0.7507 47.4410 1.9396 -19.3451 1.6269 0.0000 -0.0000 372 pedestrian_0007
Pedestrian 1.00 1.00 0 0 0 0 0 0 0 0 -1000.00 -1000.00 -1000.00 -1000.00 1.9158 0.4880 0.6309 -271.8876 1.9525 -50.0147 -1.6476 0.0000 -0.0000 373 pedestrian_0008
Pedestrian 0.00 1.00 0 0 0 0 0 0 0 0 51.94 360.33 66.18 379.77 1.9158 0.4880 0.5727 89.2440 1.9487 -59.3853 -3.0150 0.0000 -0.0000 374 pedestrian_0020
Pedestrian 0.00 1.00 0 0 0 0 0 0 0 0 1120.67 360.11 1122.96 366.49 1.9158 0.4880 0.5391 -48.6924 1.9501 -171.2676 0.0202 0.0000 -0.0000 375 pedestrian_0015
Pedestrian 0.00 1.00 0 0 0 0 0 0 0 0 1425.16 364.37 1429.51 374.09 1.3390 0.3253 0.3256 -64.6548 1.9452 -81.1610 0.0760 0.0000 -0.0000 376 pedestrian_0012
Pedestrian 0.00 1.00 0 0 0 0 0 0 0 0 610.74 360.10 613.27 366.47 1.9158 0.4880 0.4315 104.9894 1.9475 -171.7008 -0.1655 0.0000 -0.0000 377 pedestrian_0017
Pedestrian 1.00 1.00 0 0 0 0 0 0 0 0 -1000.00 -1000.00 -1000.00 -1000.00 1.9158 0.4880 0.7507 125.7613 1.8946 -28.0408 1.5391 0.0000 -0.0000 378 pedestrian_0025
Pedestrian 1.00 1.00 0 0 0 0 0 0 0 0 -1000.00 -1000.00 -1000.00 -1000.00 1.1330 0.4333 0.4573 -68.9219 1.9390 25.4537 -2.9091 0.0000 -0.0000 379 pedestrian_0009
Pedestrian 0.00 1.00 0 0 0 0 0 0 0 0 654.87 360.17 658.75 369.61 1.9158 0.4880 0.6009 61.7164 1.9500 -117.3045 1.6428 0.0000 -0.0000 380 pedestrian_0002
Pedestrian 0.00 1.00 0 0 0 0 0 0 0 0 1135.37 361.18 1136.25 363.80 1.3390 0.3253 0.3720 -89.9005 1.9416 -287.9055 -0.1025 0.0000 -0.0000 381 pedestrian_0013
Pedestrian 0.00 1.00 0 0 0 0 0 0 0 0 728.15 362.47 729.87 366.86 1.3390 0.3253 0.3832 70.5929 2.0939 -173.8643 -2.3099 0.0000 -0.0000 382 pedestrian_0012
Pedestrian 1.00 1.00 3 7 11 81 0 0 1 0 -1000.00 -1000.00 -1000.00 -1000.00 1.1330 0.4333 0.5858 -3.0628 2.0359 29.6574 -2.9824 0.0000 -0.0000 383 pedestrian_0010
Pedestrian 0.00 1.00 0 0 0 0 0 0 0 0 1314.76 361.19 1316.13 363.84 1.3390 0.3253 0.5005 -179.9869 1.9439 -285.1403 -0.1874 0.0000 -0.0000 384 pedestrian_0013
Pedestrian 1.00 1.00 0 0 0 0 0 0 0 0 -1000.00 -1000.00 -1000.00 -1000.00 1.9158 0.4880 0.7507 55.9277 1.8949 86.8347 -2.9551 0.0000 -0.0000 385 pedestrian_0015
Pedestrian 1.00 1.00 0 0 1 16 0 1 0 0 -1000.00 -1000.00 -1000.00 -1000.00 1.9158 0.4880 0.5258 -72.7842 1.9504 25.5727 0.2957 0.0000 -0.0000 386 pedestrian_0018
Pedestrian 0.00 1.00 0 0 0 0 0 0 0 0 1208.66 361.18 1209.90 363.79 1.3390 0.3253 0.4932 -127.6540 1.9414 -288.3112 3.0753 0.0000 -0.0000 387 pedestrian_0013
Pedestrian 1.00 1.00 0 0 0 0 0 0 0 0 -1000.00 -1000.00 -1000.00 -1000.00 1.9158 0.4880 0.7507 209.1226 1.9498 -120.9697 -1.5698 0.0000 -0.0000 388 pedestrian_0022
Pedestrian 1.00 1.00 0 0 0 0 0 0 0 0 -1000.00 -1000.00 -1000.00 -1000.00 1.9158 0.4880 0.7507 -270.5887 1.9529 -102.5939 1.5904 0.0000 -0.0000 389 pedestrian_0003
Pedestrian 0.00 1.00 0 0 0 0 0 0 0 0 1229.34 360.07 1231.28 363.81 1.9158 0.4880 0.7507 -138.4966 1.9504 -288.4572 -3.1018 0.0000 -0.0000 390 pedestrian_0021
Pedestrian 1.00 1.00 0 0 0 0 0 0 0 0 -1000.00 -1000.00 -1000.00 -1000.00 1.9158 0.4880 0.5609 -147.0155 1.9170 76.3208 -2.9737 0.0000 -0.0000 391 pedestrian_0016
Pedestrian 0.00 1.00 0 0 0 0 0 0 0 0 1138.06 360.06 1139.84 363.81 1.9158 0.4880 0.7507 -91.7279 1.9490 -288.5883 -3.1048 0.0000 -0.0000 392 pedestrian_0005
Pedestrian 0.00 1.00 0 0 0 0 0 0 0 0 577.04 334.32 578.90 339.32 1.9158 0.4880 0.4774 148.5745 -8.0542 -220.0343 0.8830 0.0000 -0.0000 393 pedestrian_0026
Pedestrian 0.00 1.00 0 0 0 0 0 0 0 0 19.95 360.34 35.19 379.72 1.9158 0.4880 0.7055 92.6198 1.9501 -59.5377 3.1232 0.0000 -0.0000 394 pedestrian_0022
Pedestrian 1.00 1.00 0 0 0 0 0 0 0 0 -1000.00 -1000.00 -1000.00 -1000.00 1.1330 0.4333 0.6667 164.3789 -8.0636 -38.5030 1.5756 0.0000 -0.0000 395 pedestrian_0010
Pedestrian 1.00 1.00 0 0 0 0 0 0 0 0 -1000.00 -1000.00 -1000.00 -1000.00 1.9158 0.4880 0.4257 126.2122 1.8948 32.9618 -1.4276 0.0000 -0.0000 396 pedestrian_0006
Pedestrian 0.00 1.00 0 0 0 0 0 0 0 0 1442.88 363.20 1446.91 370.35 1.3390 0.3253 0.5005 -91.1965 1.9417 -108.7228 -1.5989 0.0000 -0.0000 397 pedestrian_0012
Pedestrian 0.00 1.00 0 0 0 0 0 0 0 0 757.84 362.68 759.70 365.89 1.1330 0.4333 0.4739 71.3925 2.0854 -201.1197 -2.3054 0.0000 -0.0000 398 pedestrian_0010
Pedestrian 1.00 1.00 0 0 0 2 0 0 0 0 -1000.00 -1000.00 -1000.00 -1000.00 1.9158 0.4880 0.7507 -131.4422 1.9168 78.6747 -3.0522 0.0000 -0.0000 399 pedestrian_0007
Pedestrian 1.00 1.00 0 0 0 0 0 0 0 0 -1000.00 -1000.00 -1000.00 -1000.00 1.9158 0.4880 0.6437 199.6294 -7.9044 44.3679 -1.5133 0.0000 -0.0000 400 pedestrian_0001
Pedestrian 1.00 1.00 0 0 0 0 0 0 0 0 -1000.00 -1000.00 -1000.00 -1000.00 1.9158 0.4880 0.7507 27.0984 1.9212 -22.9034 2.8772 0.0000 -0.0000 401 pedestrian_0016
Pedestrian 1.00 1.00 0 0 0 0 0 0 0 0 -1000.00 -1000.00 -1000.00 -1000.00 1.9158 0.4880 0.6153 -265.8117 1.9506 64.0716 1.1999 0.0000 -0.0000 402 pedestrian_0021
Pedestrian 0.00 1.00 0 0 0 0 0 0 0 0 430.93 360.34 441.62 379.51 1.9158 0.4880 0.6131 52.5771 1.9496 -60.1255 -0.0115 0.0000 -0.0000 403 pedestrian_0006
Pedestrian 1.00 1.00 3 1 0 16 0 0 0 0 -1000.00 -1000.00 -1000.00 -1000.00 1.9158 0.4880 0.5280 -92.9905 1.9509 29.4412 2.0923 0.0000 -0.0000 404 pedestrian_0023
Pedestrian 0.00 1.00 0 0 0 0 0 0 0 0 516.24 365.73 522.72 373.89 1.1330 0.4333 0.5876 61.7308 1.9387 -82.1518 -1.6078 0.0000 -0.0000 405 pedestrian_0011
Pedestrian 1.00 1.00 259 280 442 38857 0 0 77 57 -1000.00 -1000.00 -1000.00 -1000.00 1.9158 0.4880 0.5333 6.0792 1.8952 4.0435 -1.5535 0.0000 -0.0000 406 pedestrian_0004
Pedestrian 0.00 1.00 0 0 0 0 0 0 0 0 778.33 360.11 780.57 366.45 1.9158 0.4880 0.5031 54.6253 1.9499 -172.1738 3.0926 0.0000 -0.0000 407 pedestrian_0026
Pedestrian 1.00 1.00 0 0 0 0 0 0 0 0 -1000.00 -1000.00 -1000.00 -1000.00 1.3390 0.3253 0.3610 144.8775 1.8883 -8.3688 -1.5743 0.0000 -0.0000 408 pedestrian_0013
Pedestrian 0.00 1.00 0 0 0 0 0 0 0 0 1219.50 362.22 1221.43 365.36 1.1330 0.4333 0.5717 -94.4140 1.9389 -205.3873 -1.5799 0.0000 -0.0000 409 pedestrian_0010
Pedestrian 1.00 1.00 0 0 0 0 0 0 0 0 -1000.00 -1000.00 -1000.00 -1000.00 1.9158 0.4880 0.5052 143.6740 1.8953 49.8817 -1.3036 0.0000 -0.0000 410 pedestrian_0020
Pedestrian 0.00 1.00 0 0 0 0 0 0 0 0 1314.31 360.13 1317.22 367.52 1.9158 0.4880 0.4198 -92.3407 1.9501 -148.3416 -1.5717 0.0000 -0.0000 411 pedestrian_0025
Pedestrian 1.00 1.00 0 0 0 0 0 0 0 0 -1000.00 -1000.00 -1000.00 -1000.00 1.1330 0.4333 0.6667 122.4467 1.8942 44.8093 1.5097 0.0000 -0.0000 412 pedestrian_0010
Pedestrian 0.00 1.00 0 0 0 0 0 0 0 0 492.42 360.68 496.52 367.75 1.9158 0.4880 0.7507 126.5097 2.1022 -155.1048 1.5832 0.0000 -0.0000 413 pedestrian_0015
Pedestrian 0.00 1.00 0 0 0 0 0 0 0 0 753.14 361.93 755.28 364.84 1.1330 0.4333 0.6667 80.0748 1.8829 -220.1455 -0.0221 0.0000 -0.0000 414 pedestrian_0011
Pedestrian 0.00 1.00 6 5 8 42 5 0 0 0 899.16 361.63 903.98 378.51 1.9158 0.4880 0.6109 6.6686 2.1025 -67.7508 1.5740 0.0000 -0.0000 415 pedestrian_0025
Pedestrian 1.00 1.00 0 0 0 0 0 0 0 0 -1000.00 -1000.00 -1000.00 -1000.00 1.1330 0.4333 0.5746 164.9017 -8.0614 -58.1568 1.5220 0.0000 -0.0000 416 pedestrian_0009
Pedestrian 1.00 1.00 0 0 0 0 0 0 0 0 -1000.00 -1000.00 -1000.00 -1000.00 1.9158 0.4880 0.7507 36.8738 -5.9115 108.7355 0.0081 0.0000 -0.0000 417 pedestrian_0026
Pedestrian 1.00 1.00 0 0 0 0 0 0 0 0 -1000.00 -1000.00 -1000.00 -1000.00 1.9158 0.4880 0.5100 -272.9203 1.9521 -1.5752 -2.2883 0.0000 -0.0000 418 pedestrian_0019
Pedestrian 0.00 1.00 0 0 0 0 0 0 0 0 1215.54 360.33 1224.80 378.76 1.9158 0.4880 0.7507 -27.1771 1.9505 -62.3820 -0.0759 0.0000 -0.0000 419 pedestrian_0018
Pedestrian 0.00 1.00 0 0 0 0 0 0 0 0 1178.56 360.07 1180.24 363.82 1.9158 0.4880 0.6677 -112.1941 1.9501 -287.9081 -0.0185 0.0000 -0.0000 420 pedestrian_0026
Pedestrian 1.00 1.00 0 0 0 0 0 0 0 0 -1000.00 -1000.00 -1000.00 -1000.00 1.9158 0.4880 0.3887 146.3983 1.8945 -85.0560 -0.8370 0.0000 -0.0000 421 pedestrian_0005
Pedestrian 0.00 1.00 0 0 0 0 0 0 0 0 486.74 361.41 493.11 376.02 1.9158 0.4880 0.4149 61.8903 2.1025 -77.4553 -1.5437 0.0000 -0.0000 422 pedestrian_0021
Pedestrian 0.00 1.00 0 0 0 0 0 0 0 0 506.19 360.68 509.86 367.67 1.9158 0.4880 0.6461 124.0888 2.1022 -156.6514 1.6001 0.0000 -0.0000 423 pedestrian_0025
Pedestrian 0.00 1.00 0 0 0 0 0 0 0 0 168.90 359.87 176.08 371.83 1.9158 0.4880 0.4700 126.4508 1.8945 -93.4786 1.5600 0.0000 -0.0000 424 pedestrian_0008
Pedestrian 1.00 1.00 0 0 0 256 0 0 2 0 -1000.00 -1000.00 -1000.00 -1000.00 1.9158 0.4880 0.4578 37.6308 1.9483 29.4993 0.1806 0.0000 -0.0000 425 pedestrian_0018
Pedestrian 0.00 1.00 0 0 0 0 0 0 0 0 1903.72 360.26 1914.81 373.76 1.9158 0.4880 0.7507 -135.2348 1.9535 -83.4425 -3.1334 0.0000 -0.0000 426 pedestrian_0020
Pedestrian 0.00 1.00 0 0 0 0 0 0 0 0 1066.06 362.01 1067.96 366.47 1.3390 0.3253 0.5005 -32.1589 1.9437 -171.0481 -3.1119 0.0000 -0.0000 427 pedestrian_0012
Pedestrian 0.00 1.00 0 0 0 0 0 0 0 0 290.37 363.91 295.07 369.84 1.1330 0.4333 0.4339 128.1815 1.8856 -110.9507 -1.8235 0.0000 -0.0000 428 pedestrian_0011
Pedestrian 0.00 1.00 0 0 0 0 0 0 0 0 1288.80 360.11 1291.61 366.42 1.9158 0.4880 0.5707 -100.4339 1.9501 -173.0623 3.0950 0.0000 -0.0000 429 pedestrian_0006
Pedestrian 1.00 1.00 0 0 0 0 0 0 0 0 -1000.00 -1000.00 -1000.00 -1000.00 1.9158 0.4880 0.6120 125.7113 1.8954 -7.0378 -1.5006 0.0000 -0.0000 430 pedestrian_0021
Pedestrian 0.00 1.00 0 0 0 0 0 0 0 0 1314.70 360.31 1324.81 378.53 1.9158 0.4880 0.7507 -37.9823 1.9487 -63.0005 -3.1390 0.0000 -0.0000 431 pedestrian_0026
Pedestrian 1.00 1.00 0 0 0 0 0 0 0 0 -1000.00 -1000.00 -1000.00 -1000.00 1.9158 0.4880 0.7507 16.1840 -4.1264 107.6992 -3.1109 0.0000 -0.0000 432 pedestrian_0026
Pedestrian 0.00 1.00 0 0 0 0 0 0 0 0 1372.01 360.21 1376.90 371.22 1.9158 0.4880 0.4897 -72.2935 1.9529 -101.1608 -1.5733 0.0000 -0.0000 433 pedestrian_0002
Pedestrian 0.00 1.00 0 0 0 0 0 0 0 0 98.16 360.73 101.96 368.31 1.9158 0.4880 0.6944 218.1660 2.1022 -145.0944 -0.5232 0.0000 -0.0000 434 pedestrian_0001
Pedestrian 0.00 1.00 0 0 0 0 0 0 0 0 707.31 339.80 708.62 343.72 1.9158 0.4880 0.5607 124.6924 -8.0651 -278.6933 0.3646 0.0000 -0.0000 435 pedestrian_0022
Pedestrian 1.00 1.00 3 3 6 36 0 0 0 1 -1000.00 -1000.00 -1000.00 -1000.00 1.9158 0.4880 0.5052 58.1028 2.1026 16.7364 -1.4211 0.0000 -0.0000 436 pedestrian_0005
Pedestrian 0.00 1.00 0 0 0 0 0 0 0 0 400.04 365.93 408.29 379.21 1.3390 0.3253 0.5005 56.3533 1.9417 -60.6747 -3.0801 0.0000 -0.0000 437 pedestrian_0013
Pedestrian 0.00 1.00 0 0 0 0 0 0 0 0 1462.47 361.76 1464.44 364.24 1.1330 0.4333 0.6667 -230.8629 1.9394 -258.6385 2.4017 0.0000 -0.0000 438 pedestrian_0011
Pedestrian 1.00 1.00 2 1 4 33 0 1 0 0 -1000.00 -1000.00 -1000.00 -1000.00 1.9158 0.4880 0.6329 -63.0995 1.9504 26.4098 -3.1019 0.0000 -0.0000 439 pedestrian_0006
Pedestrian 1.00 1.00 0 0 0 0 0 0 0 0 -1000.00 -1000.00 -1000.00 -1000.00 1.3390 0.3253 0.4934 45.0725 -6.1902 144.9006 -3.1186 0.0000 -0.0000 440 pedestrian_0014
Pedestrian 1.00 1.00 0 1 2 6 0 0 0 0 -1000.00 -1000.00 -1000.00 -1000.00 1.9158 0.4880 0.4966 -95.8488 1.9501 36.4385 -1.5009 0.0000 -0.0000 441 pedestrian_0025
Pedestrian 1.00 1.00 0 0 0 0 0 0 0 0 -1000.00 -1000.00 -1000.00 -1000.00 1.9158 0.4880 0.3904 -233.8169 1.9507 111.5439 -2.4347 0.0000 -0.0000 442 pedestrian_0003
Pedestrian 0.00 1.00 0 0 0 0 0 0 0 0 127.67 360.26 136.62 374.78 1.9158 0.4880 0.4442 109.6033 1.9500 -77.8626 -2.9586 0.0000 -0.0000 443 pedestrian_0024
Pedestrian 0.00 0.93 0 1 4 10 0 0 0 0 929.50 359.89 931.80 368.86 1.9158 0.4880 0.5160 6.2824 1.8930 -123.1410 1.6171 0.0000 -0.0000 444 pedestrian_0007
Pedestrian 1.00 1.00 0 0 0 0 0 0 0 0 -1000.00 -1000.00 -1000.00 -1000.00 1.9158 0.4880 0.4108 -111.5330 1.9555 -62.0464 -0.0315 0.0000 -0.0000 445 pedestrian_0023
Pedestrian 1.00 1.00 0 0 0 0 0 0 0 0 -1000.00 -1000.00 -1000.00 -1000.00 1.9158 0.4880 0.6381 -269.4628 1.9489 48.2435 1.3693 0.0000 -0.0000 446 pedestrian_0026
Pedestrian 1.00 1.00 0 0 0 0 0 0 0 0 -1000.00 -1000.00 -1000.00 -1000.00 1.1330 0.4333 0.6304 165.6510 -8.0590 -76.3420 -1.5542 0.0000 -0.0000 447 pedestrian_0009
Pedestrian 0.00 1.00 0 0 0 0 0 0 0 0 746.91 337.30 748.85 341.69 1.9158 0.4880 0.6845 93.3989 -8.0700 -248.5247 0.0630 0.0000 -0.0000 448 pedestrian_0015
Pedestrian 1.00 1.00 0 0 0 0 0 0 0 0 -1000.00 -1000.00 -1000.00 -1000.00 1.9158 0.4880 0.3910 153.9042 1.9500 -77.0668 3.0741 0.0000 -0.0000 449 pedestrian_0017
Pedestrian 0.00 0.96 0 0 0 5 0 0 0 0 927.97 359.91 930.08 367.83 1.9158 0.4880 0.5001 7.5062 1.8948 -138.7978 1.5778 0.0000 -0.0000 450 pedestrian_0023
Pedestrian 0.00 1.00 0 0 0 0 0 0 0 0 1483.70 360.12 1491.59 381.22 1.9158 0.4880 0.4279 -48.2129 1.9268 -55.1274 2.5961 0.0000 -0.0000 451 pedestrian_0001
Pedestrian 1.00 1.00 0 0 0 0 0 0 0 0 -1000.00 -1000.00 -1000.00 -1000.00 1.9158 0.4880 0.7483 -172.3834 1.9169 50.7315 -2.7574 0.0000 -0.0000 452 pedestrian_0017
Pedestrian 0.00 1.00 0 0 0 0 0 0 0 0 724.04 367.91 732.11 379.18 1.1330 0.4333 0.6364 23.5377 1.9387 -60.7347 3.1342 0.0000 -0.0000 453 pedestrian_0011
Pedestrian 0.00 1.00 0 0 0 0 0 0 0 0 1826.09 360.12 1830.02 366.32 1.9158 0.4880 0.4678 -268.7926 1.9528 -176.1061 -1.5586 0.0000 -0.0000 454 pedestrian_0018
Pedestrian 0.00 1.00 0 0 0 0 0 0 0 0 550.20 359.94 552.37 365.44 1.9158 0.4880 0.4646 142.7073 1.8946 -198.0061 1.0062 0.0000 -0.0000 455 pedestrian_0021
Pedestrian 1.00 1.00 0 0 0 0 0 0 0 0 -1000.00 -1000.00 -1000.00 -1000.00 1.9158 0.4880 0.4897 209.0957 1.9502 -45.1534 -1.3946 0.0000 -0.0000 456 pedestrian_0007
Pedestrian 0.00 1.00 0 0 0 0 0 0 0 0 731.79 360.49 742.90 392.07 1.9158 0.4880 0.7507 13.4010 1.9060 -37.8615 -1.7337 0.0000 -0.0000 457 pedestrian_0021
Pedestrian 1.00 1.00 0 0 0 0 0 0 0 0 -1000.00 -1000.00 -1000.00 -1000.00 1.9158 0.4880 0.7507 86.6364 -6.6204 108.9472 3.1275 0.0000 -0.0000 458 pedestrian_0019
Pedestrian 1.00 1.00 0 0 0 0 0 0 0 0 -1000.00 -1000.00 -1000.00 -1000.00 1.1330 0.4333 0.5279 -191.8326 1.9393 136.8177 0.2765 0.0000 -0.0000 459 pedestrian_0009
Pedestrian 1.00 1.00 0 0 0 0 0 0 0 0 -1000.00 -1000.00 -1000.00 -1000.00 1.9158 0.4880 0.4967 -214.7680 1.9507 127.1815 0.2283 0.0000 -0.0000 460 pedestrian_0004
Pedestrian 1.00 1.00 0 0 0 0 0 0 0 0 -1000.00 -1000.00 -1000.00 -1000.00 1.3390 0.3253 0.4195 -94.9194 1.9418 -49.6840 1.6618 0.0000 -0.0000 461 pedestrian_0012
Pedestrian 1.00 1.00 0 0 0 0 0 0 0 0 -1000.00 -1000.00 -1000.00 -1000.00 1.9158 0.4880 0.5643 -146.6477 2.1026 -84.4091 0.3231 0.0000 -0.0000 462 pedestrian_0006
Pedestrian 0.00 0.57 3 0 6 19 0 0 0 0 885.13 367.72 889.89 379.45 1.1330 0.4333 0.4716 7.0787 1.8905 -58.6152 1.6407 0.0000 -0.0000 463 pedestrian_0009
Pedestrian 0.00 1.00 0 0 0 0 0 0 0 0 1313.64 362.26 1315.87 367.29 1.3390 0.3253 0.3836 -94.6605 1.9417 -152.3770 0.0508 0.0000 -0.0000 464 pedestrian_0014
Pedestrian 0.00 1.00 0 0 0 0 0 0 0 0 1376.61 363.66 1380.95 368.84 1.1330 0.4333 0.6667 -92.0687 1.9389 -126.3344 -1.5151 0.0000 -0.0000 465 pedestrian_0010
Pedestrian 0.00 1.00 0 0 0 0 0 0 0 0 1902.00 360.38 1919.33 390.86 1.9158 0.4880 0.7309 -60.4004 1.9399 -39.6957 0.4336 0.0000 -0.0000 466 pedestrian_0017
Pedestrian 1.00 1.00 49 64 92 742 0 9 0 0 -1000.00 -1000.00 -1000.00 -1000.00 1.9158 0.4880 0.3993 -17.9299 1.9506 8.2243 2.5628 0.0000 -0.0000 467 pedestrian_0004
Pedestrian 1.00 1.00 0 0 0 0 0 0 0 0 -1000.00 -1000.00 -1000.00 -1000.00 1.9158 0.4880 0.5472 57.3756 1.9506 29.5066 -2.9420 0.0000 -0.0000 468 pedestrian_0021
Pedestrian 0.00 1.00 0 0 0 0 0 0 0 0 307.58 367.63 315.98 381.30 1.3390 0.3253 0.4398 63.9162 2.0941 -59.1327 0.0445 0.0000 -0.0000 469 pedestrian_0013
Pedestrian 0.00 1.00 0 0 0 0 0 0 0 0 315.79 359.89 322.56 369.47 1.9158 0.4880 0.7507 128.6823 1.8945 -115.7812 1.5498 0.0000 -0.0000 470 pedestrian_0001
Pedestrian 1.00 1.00 0 0 0 0 0 0 0 0 -1000.00 -1000.00 -1000.00 -1000.00 1.9158 0.4880 0.7507 111.4242 1.9500 -59.9667 -0.0226 0.0000 -0.0000 471 pedestrian_0015
Pedestrian 1.00 1.00 0 0 0 0 0 0 0 0 -1000.00 -1000.00 -1000.00 -1000.00 1.9158 0.4880 0.7507 -94.9313 1.9506 144.1911 -0.0092 0.0000 -0.0000 472 pedestrian_0024
Pedestrian 0.00 1.00 0 0 0 0 0 0 0 0 1177.46 361.77 1178.77 365.70 1.3390 0.3253 0.3171 -74.3855 1.9434 -193.5028 1.5452 0.0000 -0.0000 473 pedestrian_0013
Pedestrian 0.00 1.00 0 0 0 0 0 0 0 0 1207.09 360.07 1208.56 363.80 1.9158 0.4880 0.5826 -127.1792 1.9498 -288.9145 2.9917 0.0000 -0.0000 474 pedestrian_0018
Pedestrian 0.00 1.00 0 1 2 4 1 0 0 0 937.49 362.32 939.19 366.78 1.3390 0.3253 0.4758 6.5271 2.0398 -171.5232 3.0629 0.0000 -0.0000 475 pedestrian_0012
Pedestrian 1.00 1.00 2 1 1 11 0 1 0 0 -1000.00 -1000.00 -1000.00 -1000.00 1.9158 0.4880 0.5399 -94.6198 1.9487 33.2635 -1.8124 0.0000 -0.0000 476 pedestrian_0026
Pedestrian 0.00 1.00 0 0 0 0 0 0 0 0 1129.79 360.07 1131.07 363.82 1.9158 0.4880 0.5106 -87.0131 1.9499 -287.4541 3.1133 0.0000 -0.0000 477 pedestrian_0016
Pedestrian 0.00 1.00 0 0 0 0 0 0 0 0 612.30 360.19 617.50 370.70 1.9158 0.4880 0.7507 63.1527 1.9500 -105.9112 1.5823 0.0000 -0.0000 478 pedestrian_0006
Pedestrian 0.00 1.00 0 0 0 0 0 0 0 0 1255.20 360.07 1256.85 363.80 1.9158 0.4880 0.5702 -151.9704 1.9499 -289.0204 -3.0196 0.0000 -0.0000 479 pedestrian_0001
Pedestrian 1.00 1.00 0 0 0 0 0 0 0 0 -1000.00 -1000.00 -1000.00 -1000.00 1.9158 0.4880 0.7507 28.5449 1.8950 86.8994 -3.0872 0.0000 -0.0000 480 pedestrian_0021
Car 0.00 1.00 0 0 0 0 0 0 0 0 879.97 361.19 890.26 368.47 1.6980 1.9434 4.1871 17.8163 1.9850 -136.4914 -1.5556 0.0000 -0.0000 481 citroen_c3
Car 0.00 1.00 0 0 0 0 0 0 0 0 869.61 359.90 881.35 369.09 1.9718 2.0005 4.0595 18.4247 1.9505 -125.4402 -1.5556 0.0000 -0.0000 482 jeep_wrangler_rubicon
Car 0.00 1.00 0 0 0 0 0 0 0 0 745.43 360.06 760.11 368.54 1.9718 2.0005 4.0595 48.9311 1.9855 -135.4218 1.5860 0.0000 -0.0000 483 jeep_wrangler_rubicon
Car 0.00 1.00 0 0 0 0 0 0 0 0 883.34 359.90 894.62 369.09 1.9718 2.0005 4.0595 15.4838 1.9505 -125.4849 -1.5556 0.0000 -0.0000 484 jeep_wrangler_rubicon
Car 0.00 1.00 0 0 0 0 0 0 0 0 1265.60 360.11 1292.03 370.22 1.9718 2.0005 4.0595 -62.7673 1.9929 -113.6408 0.0152 0.0000 -0.0000 485 nissan_patrol
Car 0.00 1.00 0 0 0 0 0 0 0 0 1257.69 362.31 1283.17 370.09 1.5488 2.0688 3.9961 -62.7374 2.0206 -116.5359 -3.1264 0.0000 -0.0000 486 nissan_patrol
Car 0.00 1.00 0 0 0 0 0 0 0 0 1279.83 362.95 1321.43 372.07 1.4855 2.1349 -5.6254 -56.6026 1.9826 -96.6445 -3.1264 0.0000 -0.0000 487 nissan_patrol
Car 0.00 1.00 0 0 0 0 0 0 0 0 1234.11 361.73 1258.80 370.09 1.6244 1.8781 -3.8906 -56.3451 1.9687 -113.5420 0.0152 0.0000 -0.0000 488 nissan_patrol
Car 0.00 0.97 0 0 0 19 0 0 0 0 1193.21 361.89 1231.20 373.35 1.7506 2.3538 -4.8416 -39.2216 2.0495 -90.7620 0.0152 0.0000 -0.0000 489 nissan_patrol
Car 0.00 0.32 12 15 20 102 3 0 0 0 1161.94 360.12 1188.63 371.10 1.9718 2.0005 -4.0595 -39.0432 1.9929 -105.0589 -3.1264 0.0000 -0.0000 490 nissan_patrol
Car 0.00 1.00 0 0 0 0 0 0 0 0 1343.55 360.19 1383.78 372.81 1.9476 2.0282 4.8347 -63.0677 1.9780 -91.1249 -3.1264 0.0000 -0.0000 491 nissan_patrol
Car 0.00 1.00 0 0 0 0 0 0 0 0 1333.78 360.13 1367.55 372.48 1.9718 2.0005 4.0595 -63.0813 1.9929 -94.0196 -3.1264 0.0000 -0.0000 492 nissan_patrol
Car 0.00 1.00 0 0 0 0 0 0 0 0 1228.33 362.11 1258.44 372.36 1.6244 1.8781 3.8906 -45.6203 1.9687 -93.7548 0.0152 0.0000 -0.0000 493 nissan_patrol
Car 0.00 1.00 0 0 0 0 0 0 0 0 1219.63 362.81 1249.88 372.32 1.5488 2.0688 3.9961 -45.5777 2.0207 -96.4784 -3.1264 0.0000 -0.0000 494 nissan_patrol
Car 0.00 0.99 0 0 0 4 0 0 0 0 1194.58 359.11 1225.87 371.02 2.1397 2.1728 4.7017 -45.4222 1.9794 -105.1570 -3.1264 0.0000 -0.0000 495 nissan_patrol
Car 0.00 0.56 6 8 13 75 2 0 0 0 1176.00 360.15 1204.89 370.17 1.9476 2.0282 4.8347 -45.2492 1.9779 -113.3729 -3.1264 0.0000 -0.0000 496 nissan_patrol
Car 0.00 0.90 0 0 3 6 0 0 0 0 1172.51 362.26 1196.61 369.85 1.5100 1.8730 4.1000 -45.2724 1.9696 -116.2700 -3.1264 0.0000 -0.0000 497 nissan_patrol
Car 0.00 0.56 4 9 14 69 2 0 0 0 1119.62 362.65 1146.05 371.61 1.5488 2.0688 3.9961 -30.3959 2.0206 -102.0329 0.0152 0.0000 -0.0000 498 nissan_patrol
Car 0.00 0.87 0 0 0 4 0 0 0 0 1114.72 362.51 1140.52 370.97 1.5100 1.8730 4.1000 -30.3558 1.9696 -104.9277 0.0152 0.0000 -0.0000 499 nissan_patrol
Car 0.00 1.00 0 0 0 0 0 0 0 0 1108.19 360.16 1137.42 370.74 1.9476 2.0282 4.8347 -30.2676 1.9779 -107.6101 -3.1264 0.0000 -0.0000 500 nissan_patrol
Car 0.00 0.33 21 30 49 199 4 0 0 0 1098.79 358.95 1133.09 372.92 2.1397 2.1728 -4.7017 -24.1782 1.9795 -90.5330 -3.1264 0.0000 -0.0000 501 nissan_patrol
Car 0.00 0.90 4 3 5 17 0 0 0 0 1093.35 360.19 1126.96 372.47 1.9476 2.0282 -4.8347 -24.0673 1.9779 -93.4269 0.0152 0.0000 -0.0000 502 nissan_patrol
Car 0.00 0.54 7 4 6 44 0 0 0 0 1073.73 361.78 1096.38 370.40 1.6244 1.8781 -3.8906 -23.8814 1.9686 -110.4084 -3.1264 0.0000 -0.0000 503 nissan_patrol
Car 0.00 0.66 0 0 3 11 0 0 0 0 1068.25 361.51 1095.71 370.58 1.7506 2.3538 -4.8416 -23.8655 2.0494 -113.0476 -3.1264 0.0000 -0.0000 504 nissan_patrol
Car 0.00 1.00 0 0 0 0 0 0 0 0 860.88 359.97 872.47 368.27 1.9476 2.0282 4.8347 22.3042 1.9414 -137.0920 1.5860 0.0000 -0.0000 505 nissan_patrol
Car 0.00 1.00 0 0 0 0 0 0 0 0 756.87 361.73 771.32 368.48 1.5475 1.9070 4.4025 46.1264 1.9629 -135.0633 1.5860 0.0000 -0.0000 506 seat_leon
Car 0.00 1.00 0 0 0 0 0 0 0 0 818.82 357.47 835.48 368.55 2.5908 2.7453 5.4640 31.6946 1.9999 -136.8858 1.5860 0.0000 -0.0000 507 carlamotors_carlacola
Car 0.00 1.00 0 0 0 0 0 0 0 0 488.95 357.71 517.28 368.11 2.5908 2.7453 5.4640 116.0604 2.0212 -145.3610 -1.5556 0.0000 -0.0000 508 carlamotors_carlacola
Car 0.00 1.00 0 0 0 0 0 0 0 0 474.77 357.71 503.65 368.11 2.5908 2.7453 5.4640 119.5486 2.0212 -145.3079 -1.5556 0.0000 -0.0000 509 carlamotors_carlacola
Car 0.00 1.00 0 0 0 0 0 0 0 0 378.60 356.55 419.35 369.46 2.5908 2.7453 5.4640 113.9942 1.8991 -117.1504 -3.1264 0.0000 -0.0000 510 carlamotors_carlacola
Car 0.00 1.00 0 0 0 0 0 0 0 0 837.31 357.48 853.21 368.55 2.5908 2.7453 5.4640 27.3842 1.9999 -136.9514 1.5860 0.0000 -0.0000 511 carlamotors_carlacola
Car 1.00 1.00 0 0 0 0 0 0 0 0 -1000.00 -1000.00 -1000.00 -1000.00 2.2031 2.5091 6.5872 53.8192 2.0111 -26.3733 1.0624 0.0000 -0.0000 512 tesla_cybertruck