Car 0.00 1.00 0 0 0 0 0 0 0 0 1172.30 361.18 1184.42 364.38 1.5542 2.3421 5.1370 -106.8724 2.1340 -275.7925 -0.1596 0.0000 0.0000 0 lincoln2020_mkz2020
Car 1.00 1.00 6585 237642 380449 0 0 0 0 0 -1000.00 -1000.00 -1000.00 -1000.00 2.1397 2.1728 4.7045 -0.0005 2.0932 -2.2389 1.5708 0.0000 0.0000 1 volkswagen_t2
Motorcycle 0.00 1.00 0 0 0 0 0 0 0 0 1187.37 360.88 1193.74 364.66 1.6960 1.0692 2.4735 -106.4275 2.1232 -260.3034 -3.0662 -0.0008 0.0177 2 harley_davidson_low_rider
Motorcycle 0.00 1.00 0 0 0 0 0 0 0 0 1430.74 360.92 1437.96 364.63 1.6960 1.0692 2.4735 -218.2551 2.1234 -259.5073 -0.6640 -0.0009 -0.0032 3 harley_davidson_low_rider
Car 1.00 1.00 0 0 0 0 0 0 0 0 -1000.00 -1000.00 -1000.00 -1000.00 1.6320 2.1403 5.2230 125.0033 2.1466 -63.2789 -3.1222 -0.0027 -0.0000 4 dodge_charger_police
Car 0.44 1.00 0 0 0 0 0 0 0 0 1895.44 362.23 1920.00 368.48 1.5542 2.3421 5.1370 -245.1919 2.1345 -146.4919 1.5850 -0.0015 -0.0011 5 lincoln2020_mkz2020
Car 1.00 1.00 0 0 0 0 0 0 0 0 -1000.00 -1000.00 -1000.00 -1000.00 1.4546 2.0938 4.3903 142.7753 -7.1015 105.5212 -0.6594 -0.0115 -0.0029 6 audi_tt
Car 0.00 1.00 0 0 1 0 1 0 0 0 1020.04 362.41 1028.79 367.48 1.4477 1.5550 2.3177 -18.4633 2.1412 -163.3924 0.0056 -0.0078 0.0000 7 bmw_isetta
Car 1.00 1.00 0 0 0 0 0 0 0 0 -1000.00 -1000.00 -1000.00 -1000.00 1.7173 2.2591 5.2781 165.1896 -7.4246 81.1256 -1.0240 -0.0159 -0.0071 8 mercedes_benz_coupe
Car 1.00 1.00 474 521 862 9612 0 0 100 0 -1000.00 -1000.00 -1000.00 -1000.00 1.4812 2.1349 5.6254 -9.6006 2.1189 18.9319 0.5103 0.0017 -0.0030 9 chevrolet_impala
Car 1.00 1.00 0 3 6 33 0 0 0 0 -1000.00 -1000.00 -1000.00 -1000.00 1.6115 2.2019 5.2564 133.2730 2.0808 38.6142 -1.5250 -0.0001 0.0006 10 charger2020_charger2020
Car 0.00 1.00 0 0 0 0 0 0 0 0 414.79 359.56 449.50 368.54 2.2031 2.5091 6.5872 132.4989 2.0955 -143.7145 -1.5561 -0.0000 0.0000 11 tesla_cybertruck
Car 0.00 1.00 0 0 0 0 0 0 0 0 1422.09 363.58 1458.89 373.01 1.5140 2.1024 4.9073 -80.9260 2.1345 -97.9256 1.5238 0.0001 -0.0000 12 mercedesccc_mercedesccc
Car 0.00 1.00 0 0 0 0 0 0 0 0 378.38 361.64 401.27 368.00 1.6980 1.9434 4.1871 153.8147 2.1443 -154.0202 3.1371 -0.0000 0.0000 13 citroen_c3
Car 0.00 1.00 0 0 0 0 0 0 0 0 59.82 366.06 144.25 380.39 1.4812 2.1349 5.6254 91.8059 2.1426 -63.8432 -3.1242 -0.0000 0.0000 14 chevrolet_impala
Car 0.00 1.00 0 0 0 0 0 0 0 0 388.56 361.93 419.26 368.92 1.6320 2.1403 5.2230 132.3949 2.0934 -136.5075 -1.5474 -0.0043 0.0000 15 dodge_charger_police
Car 0.00 0.44 0 7 12 49 14 0 0 0 978.41 361.79 996.47 367.33 1.5863 2.2347 5.1468 -8.0172 2.1221 -166.7283 0.0132 0.0001 -0.0027 16 lincoln_mkz2017
Car 1.00 1.00 0 0 0 21 0 0 0 0 -1000.00 -1000.00 -1000.00 -1000.00 1.7318 2.1344 5.0985 -102.3609 2.1494 117.9727 0.0120 0.0098 0.0003 17 audi_etron
Car 0.00 1.00 0 1 3 2 1 0 0 0 1015.46 361.30 1033.00 367.32 1.7506 2.3538 4.8416 -18.8011 2.1332 -166.8797 0.0141 -0.0029 -0.0000 18 bmw_grandtourer
Car 1.00 1.00 28 27 41 1419 0 0 0 0 -1000.00 -1000.00 -1000.00 -1000.00 1.5765 1.9374 3.8150 65.4803 2.1225 37.7456 -1.5705 0.0000 -0.0000 19 nissan_micra
Motorcycle 0.00 0.39 6 7 12 45 2 0 0 0 1112.64 363.25 1134.21 376.53 1.6960 1.0692 2.4735 -21.1761 2.1241 -76.3381 0.0168 0.0054 -0.0000 20 harley_davidson_low_rider
Car 0.00 1.00 0 0 0 0 0 0 0 0 1193.52 361.64 1204.31 366.53 1.5765 1.9374 3.8150 -78.5048 2.1221 -186.6483 1.5594 0.0001 -0.0000 21 nissan_micra
Car 1.00 1.00 0 0 0 0 0 0 0 0 -1000.00 -1000.00 -1000.00 -1000.00 1.7203 2.2019 5.4994 132.4695 2.1138 -67.6026 0.5518 -0.0004 0.0009 22 chargercop2020_chargercop2020
Car 0.00 0.48 28 30 48 227 15 0 0 0 1026.93 364.56 1067.01 377.87 1.5475 1.9070 4.4025 -10.4946 2.1083 -71.4016 0.3379 -0.0011 0.0008 23 seat_leon
Car 0.00 1.00 0 0 0 0 0 0 0 0 1190.32 362.09 1201.69 365.94 1.3660 1.9896 4.9534 -85.7546 2.1340 -205.9325 -1.5630 -0.0000 -0.0000 24 mustang_mustang
Cyclist 1.00 1.00 0 1 1 8 0 0 0 0 -1000.00 -1000.00 -1000.00 -1000.00 1.9709 0.6705 1.7250 -86.4260 2.1228 36.9333 -1.5561 0.0050 0.0000 25 diamondback_century
Cyclist 1.00 1.00 6 5 8 37 0 0 0 0 -1000.00 -1000.00 -1000.00 -1000.00 1.7065 0.8593 1.4873 -68.0905 2.0923 22.4120 -3.1401 -0.0000 0.0000 26 bh_crossbike
Car 0.00 1.00 0 0 0 0 0 0 0 0 1501.55 360.08 1563.09 379.53 2.1397 2.1728 4.7045 -64.0844 2.1485 -66.5987 -3.1230 0.0000 0.0000 27 volkswagen_t2
Car 1.00 1.00 0 0 0 0 0 0 0 0 -1000.00 -1000.00 -1000.00 -1000.00 1.9718 2.0005 4.0595 -90.5362 2.1404 86.6183 -1.5683 -0.0018 -0.0001 28 jeep_wrangler_rubicon
Car 1.00 1.00 11 12 16 140 0 0 0 1 -1000.00 -1000.00 -1000.00 -1000.00 1.5627 2.2716 5.0314 54.4711 2.1404 13.6355 0.0180 0.0001 -0.0000 29 tesla_model3
Car 0.00 1.00 0 0 0 0 0 0 0 0 715.63 362.12 727.95 366.76 1.4546 2.0938 4.3903 76.4099 2.1418 -182.3241 1.5792 0.0000 -0.0000 30 audi_tt
Car 0.00 1.00 0 0 0 0 0 0 0 0 57.56 363.27 110.40 373.43 1.5488 2.0688 3.9961 138.7052 2.0795 -92.2997 1.5876 0.0000 -0.0000 31 mini_cooperst
Car 1.00 1.00 0 0 0 0 0 0 0 0 -1000.00 -1000.00 -1000.00 -1000.00 1.6011 2.1072 4.7392 73.3979 2.1364 -3.6643 1.5950 -0.0000 -0.0000 32 toyota_prius
Car 1.00 1.00 0 0 0 0 0 0 0 0 -1000.00 -1000.00 -1000.00 -1000.00 2.1397 2.1728 4.7045 -156.5250 2.1471 -60.6980 -1.5486 0.0037 0.0000 33 volkswagen_t2
Car 1.00 1.00 0 0 0 0 0 0 0 0 -1000.00 -1000.00 -1000.00 -1000.00 1.6011 2.1072 4.7392 -92.2668 2.1367 124.3404 2.5115 -0.0001 0.0050 34 toyota_prius
Car 1.00 1.00 0 0 0 0 0 0 0 0 -1000.00 -1000.00 -1000.00 -1000.00 1.3660 1.9896 4.9534 77.2352 2.1342 -17.5452 1.5744 -0.0000 -0.0000 35 mustang_mustang
Car 1.00 1.00 0 0 0 0 0 0 0 0 -1000.00 -1000.00 -1000.00 -1000.00 1.6011 2.1072 4.7392 147.8866 2.1364 21.9820 -3.1088 -0.0000 -0.0000 36 toyota_prius
Car 0.00 0.38 8 14 21 76 16 0 0 0 963.63 362.01 979.88 373.57 1.7506 2.3538 4.8416 -1.8145 2.0765 -91.7182 1.5920 0.0000 -0.0000 37 bmw_grandtourer
Car 0.00 1.00 0 0 0 0 0 0 0 0 441.66 359.69 473.25 367.77 2.2031 2.5091 6.5872 139.1782 2.1265 -158.0202 3.1089 0.0000 0.0029 38 tesla_cybertruck
Motorcycle 1.00 1.00 0 0 0 0 0 0 0 0 -1000.00 -1000.00 -1000.00 -1000.00 1.6387 1.2138 2.3199 137.2365 2.0900 2.7235 1.5854 -0.0000 0.0000 39 yamaha_yzf
Car 0.00 1.00 0 0 0 0 0 0 0 0 1429.71 361.09 1469.31 373.80 1.9476 2.0282 4.8347 -77.3439 2.1238 -92.1524 1.5597 -0.0004 0.0000 40 nissan_patrol
Car 0.00 0.97 0 0 0 7 3 0 0 0 961.51 362.71 977.13 372.67 1.6115 2.2019 5.2564 -1.5392 2.0807 -98.1079 1.6386 -0.0001 0.0006 41 charger2020_charger2020
Car 0.00 1.00 0 0 0 0 0 0 0 0 583.57 361.79 606.09 367.43 1.6115 2.2019 5.2564 105.8869 2.1359 -165.2195 -0.1095 -0.0017 0.0008 42 charger2020_charger2020
Motorcycle 1.00 1.00 0 0 0 0 0 0 0 0 -1000.00 -1000.00 -1000.00 -1000.00 1.6649 1.0692 2.4735 91.9415 2.0682 81.4920 3.1220 0.0030 0.0000 43 harley_davidson_low_rider
Car 0.00 1.00 0 0 0 0 0 0 0 0 1156.84 361.18 1167.30 364.43 1.5542 2.3421 5.1370 -98.3107 2.1340 -274.1236 0.6396 0.0000 0.0000 44 lincoln2020_mkz2020
Motorcycle 1.00 1.00 0 0 0 0 0 0 0 0 -1000.00 -1000.00 -1000.00 -1000.00 1.6960 1.0692 2.4735 77.0884 2.1239 -12.2729 1.5873 0.0031 0.0000 45 harley_davidson_low_rider
Cyclist 0.00 1.00 0 0 0 0 0 0 0 0 715.86 360.59 723.52 367.60 1.9310 0.5921 1.9272 67.6154 2.1138 -160.4743 0.4409 -0.0024 -0.0178 46 gazelle_omafiets
Car 1.00 1.00 2864 3185 5008 208364 0 0 1698 0 -1000.00 -1000.00 -1000.00 -1000.00 1.7318 2.1344 5.0985 0.0226 2.0957 4.2206 1.5672 -0.0000 -0.0000 47 audi_etron
Car 1.00 1.00 0 0 0 0 0 0 0 0 -1000.00 -1000.00 -1000.00 -1000.00 1.9476 2.0282 4.8347 130.5966 2.0706 -7.3242 -1.5852 -0.0080 -0.0001 48 nissan_patrol
Car 1.00 1.00 438 474 777 29860 0 81 76 0 -1000.00 -1000.00 -1000.00 -1000.00 1.7203 2.2019 5.4994 -16.0051 2.1282 16.3068 0.0903 -0.0066 -0.0030 49 chargercop2020_chargercop2020
Car 1.00 1.00 0 0 0 0 0 0 0 0 -1000.00 -1000.00 -1000.00 -1000.00 1.6244 1.8781 3.8906 -154.4357 2.1330 -79.8082 1.9352 -0.0006 -0.0011 50 audi_a2
Car 0.00 1.00 0 0 0 0 0 0 0 0 1044.43 361.86 1062.75 367.34 1.5863 2.2347 5.1468 -27.4369 2.1365 -167.0996 -0.0920 0.0001 0.0002 51 lincoln_mkz2017
Cyclist 1.00 1.00 4 5 8 32 0 2 0 0 -1000.00 -1000.00 -1000.00 -1000.00 1.9709 0.6705 1.7250 -93.6464 2.1230 23.3333 -2.6307 0.0068 0.0134 52 diamondback_century
Cyclist 0.00 0.18 9 8 9 37 3 0 0 0 1110.82 361.48 1127.86 377.22 1.9311 0.5921 1.9272 -19.6396 2.1139 -72.8067 0.0177 -0.0044 0.0000 53 gazelle_omafiets
Car 0.80 1.00 0 0 0 0 0 0 0 0 0.00 362.58 15.93 374.86 1.7173 2.2591 5.2781 142.0839 2.0956 -84.5900 1.5864 -0.0071 -0.0002 54 mercedes_benz_coupe
Car 0.00 1.00 0 0 0 0 0 0 0 0 790.47 361.38 805.63 365.58 1.5542 2.3421 5.1370 60.8342 2.0788 -212.7511 0.1076 0.0003 -0.0005 55 lincoln2020_mkz2020
Car 0.00 1.00 0 0 0 0 0 0 0 0 877.68 361.35 896.19 367.69 1.7506 2.3538 4.8416 20.3895 2.1318 -159.2990 3.1295 -0.0000 -0.0000 56 bmw_grandtourer
Car 0.00 1.00 0 0 0 0 0 0 0 0 469.72 364.18 505.96 373.69 1.4546 2.0938 4.3903 75.6671 2.1420 -93.3887 1.5790 0.0000 -0.0000 57 audi_tt
Car 0.00 1.00 0 0 0 0 0 0 0 0 1452.39 362.73 1497.84 374.00 1.7173 2.2591 5.2781 -80.8491 2.1513 -91.5836 1.5609 -0.0071 -0.0002 58 mercedes_benz_coupe
Car 0.00 1.00 0 0 0 0 0 0 0 0 522.25 364.40 576.47 377.11 1.5542 2.3421 5.1370 52.2242 2.1327 -75.0548 0.0170 0.0067 -0.0000 59 lincoln2020_mkz2020
Car 1.00 1.00 0 0 0 0 0 0 0 0 -1000.00 -1000.00 -1000.00 -1000.00 2.1397 2.1728 4.7045 115.8776 2.0864 70.0365 -0.4640 0.0159 -0.0105 60 volkswagen_t2
Car 1.00 1.00 0 0 0 0 0 0 0 0 -1000.00 -1000.00 -1000.00 -1000.00 1.7506 2.3538 4.8416 134.8999 2.0776 27.5613 -1.4339 0.0026 0.0014 61 bmw_grandtourer
Car 0.00 1.00 0 0 0 0 0 0 0 0 685.72 361.26 702.93 365.78 1.6320 2.1403 5.2230 96.5525 2.0933 -205.9409 -3.1406 -0.0043 0.0000 62 dodge_charger_police
Car 0.00 1.00 1 2 1 2 2 0 0 0 943.83 362.06 954.50 371.47 1.6980 1.9434 4.1871 2.0172 2.0891 -107.5599 1.5916 -0.0000 0.0000 63 citroen_c3
Car 0.00 1.00 0 0 0 0 0 0 0 0 741.67 362.31 764.22 367.58 1.4812 2.1349 5.6254 58.9381 2.1426 -162.3080 0.0143 -0.0002 0.0000 64 chevrolet_impala
Car 1.00 1.00 1463 1611 2623 46874 0 213 56 0 -1000.00 -1000.00 -1000.00 -1000.00 1.6115 2.2019 5.2564 -10.8587 2.0808 5.2505 -1.2518 -0.0015 -0.0018 65 charger2020_charger2020
Car 1.00 1.00 0 0 0 0 0 0 0 0 -1000.00 -1000.00 -1000.00 -1000.00 1.3660 1.9896 4.9534 117.1937 2.1343 14.5289 -0.0926 -0.0000 -0.0000 66 mustang_mustang
Motorcycle 1.00 1.00 0 0 0 0 0 0 0 0 -1000.00 -1000.00 -1000.00 -1000.00 1.5852 1.1236 2.1350 77.0046 2.0998 -8.0056 1.5944 -0.0000 -0.0000 67 kawasaki_ninja
Car 1.00 1.00 0 0 0 0 0 0 0 0 -1000.00 -1000.00 -1000.00 -1000.00 1.5488 2.0688 3.9961 -208.5631 2.0966 -43.4518 -1.5556 -0.0000 -0.0000 68 mini_cooperst
Car 1.00 1.00 0 0 0 0 0 0 0 0 -1000.00 -1000.00 -1000.00 -1000.00 1.5542 2.3421 5.1370 -156.8787 2.1336 -71.3482 -1.5192 -0.0001 -0.0003 69 lincoln2020_mkz2020
Car 0.00 0.21 41 50 81 362 33 0 0 0 1003.73 361.26 1042.84 379.46 1.9718 2.0005 4.0595 -6.9382 2.1124 -65.5446 -3.1277 -0.0042 0.0000 70 jeep_wrangler_rubicon
Car 0.00 1.00 0 0 0 0 0 0 0 0 1199.49 361.18 1213.52 366.80 1.7506 2.3538 4.8416 -78.3709 2.1318 -180.7624 1.5592 0.0001 -0.0000 71 bmw_grandtourer
Car 0.00 1.00 0 0 0 0 0 0 0 0 390.57 359.55 427.01 368.70 2.2031 2.5091 6.5872 135.9617 2.0955 -141.3028 -1.5552 0.0000 -0.0000 72 tesla_cybertruck
Car 1.00 1.00 0 0 0 0 0 0 0 0 -1000.00 -1000.00 -1000.00 -1000.00 1.6244 1.8781 3.8906 -78.8546 2.1335 -1.3241 1.5864 -0.0005 -0.0011 73 audi_a2
Car 0.00 1.00 0 0 0 0 0 0 0 0 665.01 361.61 684.25 368.58 1.7203 2.2019 5.4994 72.5891 2.1386 -145.5599 -1.5399 -0.0001 0.0007 74 chargercop2020_chargercop2020
Car 1.00 1.00 0 0 0 0 0 0 0 0 -1000.00 -1000.00 -1000.00 -1000.00 1.6320 2.1403 5.2230 -82.2914 2.1492 -4.8363 1.5861 -0.0043 0.0000 75 dodge_charger_police
Car 1.00 1.00 194 205 328 3345 0 25 4 0 -1000.00 -1000.00 -1000.00 -1000.00 1.5140 2.1024 4.9073 -23.3994 2.1346 12.5084 0.0375 -0.0001 0.0000 76 mercedesccc_mercedesccc
Car 0.00 1.00 0 0 0 0 0 0 0 0 816.32 361.14 827.87 365.57 1.6244 1.8781 3.8906 51.9020 2.0711 -213.1401 0.0185 0.0123 -0.0013 77 audi_a2
Car 0.00 1.00 0 0 0 0 0 0 0 0 1383.57 364.23 1428.68 378.30 1.6244 1.8781 3.8906 -52.7331 2.1333 -70.0388 -3.0929 -0.0005 -0.0011 78 audi_a2
Car 0.00 0.83 0 4 7 20 2 0 0 0 914.98 361.46 934.83 367.69 1.7203 2.2019 5.4994 9.8172 2.1330 -159.4905 -3.0721 -0.0038 0.0013 79 chargercop2020_chargercop2020
Car 1.00 1.00 0 0 0 0 0 0 0 0 -1000.00 -1000.00 -1000.00 -1000.00 2.1397 2.1728 4.7045 -160.2819 2.1487 -56.8598 -1.5529 0.0000 0.0000 80 volkswagen_t2
Car 0.00 1.00 0 0 0 0 0 0 0 0 725.31 362.57 742.06 367.34 1.3660 1.9896 4.9534 66.7345 2.1338 -167.9004 -0.5363 0.0003 0.0002 81 mustang_mustang
Car 0.00 0.40 1 0 2 24 3 0 0 0 941.15 362.17 955.76 373.15 1.7203 2.2019 5.4994 1.9210 2.0833 -95.0061 1.6250 -0.0001 0.0007 82 chargercop2020_chargercop2020
Car 1.00 1.00 0 0 0 0 0 0 0 0 -1000.00 -1000.00 -1000.00 -1000.00 1.6244 1.8781 3.8906 -72.1286 2.1333 114.0368 0.3205 0.0000 -0.0112 83 audi_a2
Car 0.00 1.00 0 0 0 0 0 0 0 0 406.52 363.35 444.40 374.76 1.6244 1.8781 3.8906 79.1068 2.1332 -86.5748 1.5799 -0.0005 -0.0011 84 audi_a2
Car 0.00 1.00 0 0 0 0 0 0 0 0 354.46 362.83 380.40 367.97 1.3660 1.9896 4.9534 159.7709 2.1339 -153.9404 3.1163 -0.0000 -0.0000 85 mustang_mustang
Car 0.00 1.00 0 0 0 0 0 0 0 0 1118.77 361.01 1128.21 364.54 1.6244 1.8781 3.8906 -78.1710 2.1331 -269.5355 -0.6732 -0.0010 0.0135 86 audi_a2
Car 1.00 1.00 0 0 0 0 0 0 0 0 -1000.00 -1000.00 -1000.00 -1000.00 1.9718 2.0005 4.0595 -165.0021 2.1328 -76.7119 -0.1687 0.0007 -0.0021 87 jeep_wrangler_rubicon
Car 0.00 1.00 0 0 0 0 0 0 0 0 1071.10 360.24 1080.32 364.37 1.9718 2.0005 4.0595 -56.1309 2.1084 -273.3852 -0.0059 -0.0187 0.0017 88 jeep_wrangler_rubicon
Car 1.00 1.00 0 0 0 0 0 0 0 0 -1000.00 -1000.00 -1000.00 -1000.00 1.3660 1.9896 4.9534 -243.1255 2.1343 -54.1895 1.5859 -0.0001 -0.0000 89 mustang_mustang
Motorcycle 1.00 1.00 0 0 0 0 0 0 0 0 -1000.00 -1000.00 -1000.00 -1000.00 1.6649 1.0692 2.4735 129.9317 2.0686 72.6110 2.3334 0.0046 -0.0376 90 harley_davidson_low_rider
Car 1.00 1.00 0 0 0 9 0 0 0 0 -1000.00 -1000.00 -1000.00 -1000.00 1.5475 1.9070 4.4025 -117.2009 2.1358 128.9268 3.1289 0.0000 0.0024 91 seat_leon
Motorcycle 1.00 1.00 0 0 0 0 0 0 0 0 -1000.00 -1000.00 -1000.00 -1000.00 1.6387 1.2138 2.3199 137.3399 2.0900 -8.4284 1.5735 0.0015 -0.0000 92 yamaha_yzf
Cyclist 1.00 1.00 0 0 0 0 0 0 0 0 -1000.00 -1000.00 -1000.00 -1000.00 1.9311 0.5921 1.9272 -92.4723 2.1132 73.7463 -2.1661 -0.0031 0.0044 93 gazelle_omafiets
Car 1.00 1.00 0 0 0 0 0 0 0 0 -1000.00 -1000.00 -1000.00 -1000.00 1.5140 2.1024 4.9073 -151.9774 2.1342 -72.0431 -3.1054 -0.0000 -0.0000 94 mercedesccc_mercedesccc
Car 0.00 1.00 0 0 0 0 0 0 0 0 821.99 361.72 835.41 365.76 1.4546 2.0938 4.3903 47.8053 2.0857 -206.3304 3.1396 0.0015 -0.0002 95 audi_tt
Car 0.00 1.00 0 0 0 0 0 0 0 0 1398.73 360.05 1434.50 372.99 2.1397 2.1728 4.7045 -77.3716 2.1485 -98.4897 1.5772 0.0000 -0.0000 96 volkswagen_t2
Car 1.00 1.00 0 0 0 0 0 0 0 0 -1000.00 -1000.00 -1000.00 -1000.00 1.5140 2.1024 4.9073 -86.5125 2.1347 41.7699 -1.5555 0.0000 -0.0000 97 mercedesccc_mercedesccc
Car 1.00 1.00 0 0 0 0 0 0 0 0 -1000.00 -1000.00 -1000.00 -1000.00 1.4812 2.1349 5.6254 140.7697 2.0873 0.8577 1.5864 0.0000 -0.0000 98 chevrolet_impala
Car 1.00 1.00 0 0 0 0 0 0 0 0 -1000.00 -1000.00 -1000.00 -1000.00 1.5765 1.9374 3.8150 92.2075 2.0675 74.4214 0.1766 -0.0015 -0.0016 99 nissan_micra
Motorcycle 0.00 1.00 0 0 0 0 0 0 0 0 450.93 363.35 470.97 374.03 1.5853 1.1236 2.1350 75.6260 2.0997 -88.4944 1.5785 -0.0001 -0.0000 100 kawasaki_ninja
Car 0.00 1.00 0 0 0 0 0 0 0 0 1460.64 360.24 1475.86 365.06 1.9476 2.0282 4.8347 -222.2311 2.1244 -246.8955 -0.7404 -0.0020 0.0300 101 nissan_patrol
Car 1.00 1.00 0 0 0 0 0 0 0 0 -1000.00 -1000.00 -1000.00 -1000.00 2.1397 2.1728 4.7045 -78.7875 2.1487 -7.1448 1.5841 0.0000 -0.0000 102 volkswagen_t2
Car 1.00 1.00 0 0 0 0 0 0 0 0 -1000.00 -1000.00 -1000.00 -1000.00 1.3660 1.9896 4.9534 -91.2261 2.1346 63.6295 -1.0209 -0.0002 -0.0002 103 mustang_mustang
Car 1.00 1.00 15 16 31 237 0 0 0 3 -1000.00 -1000.00 -1000.00 -1000.00 1.5627 2.2716 5.0314 59.8846 2.1403 17.8827 0.2098 -0.0005 0.0016 104 tesla_model3
Car 1.00 1.00 0 0 0 0 0 0 0 0 -1000.00 -1000.00 -1000.00 -1000.00 1.5542 2.3421 5.1370 120.7554 2.1351 -66.8603 -3.1252 -0.0042 -0.0000 105 lincoln2020_mkz2020
Car 0.00 1.00 0 0 0 0 0 0 0 0 636.57 362.57 659.76 369.90 1.5627 2.2716 5.0314 68.7238 2.1403 -126.7241 -1.5738 -0.0005 0.0001 106 tesla_model3
Car 0.57 1.00 0 0 0 0 0 0 0 0 1879.80 365.73 1920.00 384.06 1.5765 1.9374 3.8150 -88.4902 2.1224 -55.3079 -1.5423 0.0000 -0.0000 107 nissan_micra
Cyclist 0.00 1.00 0 0 0 0 0 0 0 0 1482.82 361.54 1503.79 377.94 1.9311 0.5921 1.9272 -63.1069 2.1139 -70.0682 -3.1244 -0.0041 -0.0000 108 gazelle_omafiets
Cyclist 0.00 1.00 0 0 0 0 0 0 0 0 853.63 339.80 857.80 343.81 1.9311 0.5921 1.9272 50.8895 -7.9127 -274.9472 0.0139 -0.0026 0.0001 109 gazelle_omafiets
Car 0.00 0.01 544 617 978 6475 89 0 0 0 1176.00 386.00 1326.61 448.00 1.4546 2.0938 4.3903 -7.2038 2.0867 -18.6727 -1.5498 -0.0003 0.0001 110 audi_tt
Car 0.00 1.00 0 0 0 0 0 0 0 0 1427.23 361.47 1483.12 378.26 1.9476 2.0282 4.8347 -58.4819 2.1238 -69.9946 -3.1240 -0.0004 0.0000 111 nissan_patrol
Car 0.00 1.00 0 0 0 0 0 0 0 0 963.09 363.44 975.98 371.86 1.4546 2.0938 4.3903 -1.6907 2.0866 -104.2218 1.6056 0.0000 0.0000 112 audi_tt
Car 0.00 1.00 0 0 0 0 0 0 0 0 813.48 360.85 827.57 365.45 1.7506 2.3538 4.8416 53.4072 2.0762 -216.7742 0.0319 0.0000 -0.0000 113 bmw_grandtourer
Car 0.00 0.30 17 22 31 152 11 0 0 0 1048.29 361.06 1080.58 376.48 1.9718 2.0005 4.0595 -13.6331 2.1237 -76.7429 -0.2249 -0.0117 -0.0002 114 jeep_wrangler_rubicon
Motorcycle 0.00 1.00 0 0 0 0 0 0 0 0 18.45 362.97 52.31 374.13 1.6387 1.2138 2.3199 138.6305 2.0899 -87.6029 1.5864 -0.0000 0.0000 115 yamaha_yzf
Car 0.00 0.69 0 3 6 18 6 0 0 0 917.29 361.33 937.78 367.56 1.7203 2.2019 5.4994 9.2754 2.1242 -163.0139 -0.1653 0.0106 0.0008 116 chargercop2020_chargercop2020
Car 1.00 1.00 0 0 0 0 0 0 0 0 -1000.00 -1000.00 -1000.00 -1000.00 1.6980 1.9434 4.1871 130.1446 2.1182 -59.2268 -1.8853 0.0058 -0.0005 117 citroen_c3
Car 0.00 1.00 0 0 0 0 0 0 0 0 211.85 320.52 248.95 328.31 1.5542 2.3421 5.1370 177.4969 -7.8659 -139.3853 -1.5356 -0.0013 -0.0001 118 lincoln2020_mkz2020
Car 1.00 1.00 8 5 12 179 0 0 0 3 -1000.00 -1000.00 -1000.00 -1000.00 2.5908 2.7453 5.4640 66.0141 2.1575 11.7565 -1.5469 0.0026 0.0000 119 carlamotors_carlacola
Car 0.00 1.00 0 0 0 0 0 0 0 0 502.42 363.13 531.50 372.68 1.5765 1.9374 3.8150 75.6399 2.1222 -99.1715 1.5789 0.0000 -0.0000 120 nissan_micra
Car 1.00 1.00 0 0 0 0 0 0 0 0 -1000.00 -1000.00 -1000.00 -1000.00 1.4477 1.5550 2.3177 172.0663 -7.8529 -7.0697 -1.5791 -0.0062 0.0000 121 bmw_isetta
Car 1.00 1.00 0 0 0 0 0 0 0 0 -1000.00 -1000.00 -1000.00 -1000.00 1.7173 2.2591 5.2781 140.9679 2.0954 -18.2404 1.5463 -0.0060 -0.0002 122 mercedes_benz_coupe
Car 1.00 1.00 48 47 73 331 0 8 0 0 -1000.00 -1000.00 -1000.00 -1000.00 1.7173 2.2591 5.2781 -63.2062 2.1515 22.5373 -3.1255 -0.0071 -0.0002 123 mercedes_benz_coupe
Car 0.00 1.00 0 0 0 0 0 0 0 0 439.04 362.00 456.68 367.98 1.5765 1.9374 3.8150 137.0787 2.1132 -152.8653 -1.2985 -0.0029 -0.0008 124 nissan_micra
Car 1.00 1.00 20 26 39 171 0 0 0 4 -1000.00 -1000.00 -1000.00 -1000.00 1.6115 2.2019 5.2564 49.0701 2.1363 17.0569 0.0530 -0.0008 0.0005 125 charger2020_charger2020
Car 1.00 1.00 0 0 0 0 0 0 0 0 -1000.00 -1000.00 -1000.00 -1000.00 1.9476 2.0282 4.8347 112.7288 2.1253 17.8376 0.0297 -0.0059 -0.0000 126 nissan_patrol
Car 0.00 1.00 0 0 0 0 0 0 0 0 1238.42 361.34 1251.37 364.63 1.5140 2.1024 4.9073 -131.7228 2.1341 -260.7691 -3.1406 -0.0004 -0.0001 127 mercedesccc_mercedesccc
Car 0.00 1.00 0 0 0 0 0 0 0 0 1197.17 361.20 1210.11 366.15 1.7173 2.2591 5.2781 -85.6097 2.1511 -199.2970 -1.5791 -0.0071 -0.0002 128 mercedes_benz_coupe
Car 0.00 0.36 14 21 33 118 10 0 0 0 988.97 364.45 1008.95 375.69 1.4812 2.1349 5.6254 -5.2855 2.0996 -80.3763 -1.5330 -0.0104 -0.0010 129 chevrolet_impala
Car 0.00 1.00 0 0 0 0 0 0 0 0 1758.05 360.02 1788.03 367.16 2.1397 2.1728 4.7045 -247.6416 2.1485 -173.3431 1.6131 -0.0003 -0.0013 130 volkswagen_t2
Car 0.00 1.00 0 0 0 0 0 0 0 0 479.53 363.99 522.58 377.01 1.6244 1.8781 3.8906 58.2973 2.1356 -74.9274 0.0169 -0.0053 -0.0011 131 audi_a2
Car 1.00 1.00 33 44 75 301 0 7 0 0 -1000.00 -1000.00 -1000.00 -1000.00 1.9476 2.0282 4.8347 -66.6298 2.1240 18.7106 -3.1359 -0.0003 -0.0000 132 nissan_patrol
Car 0.00 0.25 30 38 65 302 6 0 0 0 1146.42 361.42 1191.81 377.46 1.9476 2.0282 4.8347 -25.7763 2.1242 -72.9034 0.0185 -0.0017 -0.0000 133 nissan_patrol
Car 0.00 1.00 0 0 0 0 0 0 0 0 581.67 336.82 596.06 341.82 1.9476 2.0282 4.8347 159.1223 -7.8827 -242.1271 0.7676 -0.0004 0.0037 134 nissan_patrol
Car 1.00 0.00 8155 21892 34918 254544 0 2312 0 0 1895.00 706.00 1918.00 719.00 1.7506 2.3538 4.8416 -3.4684 2.0767 -3.9271 1.5734 0.0000 -0.0000 135 bmw_grandtourer
Car 0.00 1.00 0 0 0 0 0 0 0 0 893.78 360.64 912.17 367.83 1.9476 2.0282 4.8347 15.5595 2.1236 -155.8714 -3.1280 -0.0003 -0.0000 136 nissan_patrol
Car 0.00 1.00 0 0 0 0 0 0 0 0 399.81 363.42 466.66 378.24 1.7203 2.2019 5.4994 63.1099 2.1387 -70.9838 0.1849 -0.0001 0.0007 137 chargercop2020_chargercop2020
Car 0.00 0.69 25 24 36 274 6 0 0 0 782.35 356.19 835.80 379.08 2.5908 2.7453 5.4640 17.4034 2.1595 -68.6435 -3.1239 0.0000 -0.0000 138 carlamotors_carlacola
Car 1.00 1.00 0 0 0 0 0 0 0 0 -1000.00 -1000.00 -1000.00 -1000.00 1.5863 2.2347 5.1468 153.0315 2.1366 18.5171 0.0137 -0.0001 -0.0000 139 lincoln_mkz2017
Car 1.00 1.00 0 0 0 0 0 0 0 0 -1000.00 -1000.00 -1000.00 -1000.00 1.9718 2.0005 4.0595 197.3892 2.1395 20.8451 2.8698 -0.0005 0.0040 140 jeep_wrangler_rubicon
Car 0.00 1.00 0 0 0 0 0 0 0 0 747.61 361.49 757.30 366.08 1.6011 2.1072 4.7392 73.3601 2.1313 -200.4482 -1.4610 -0.0038 -0.0000 141 toyota_prius
Car 1.00 1.00 0 0 0 0 0 0 0 0 -1000.00 -1000.00 -1000.00 -1000.00 1.7318 2.1344 5.0985 141.3231 2.1208 -67.1478 -0.6160 -0.0018 0.0123 142 audi_etron
Car 0.00 1.00 0 0 0 0 0 0 0 0 1583.79 359.53 1665.95 377.63 2.2031 2.5091 6.5872 -84.6632 2.1518 -75.2586 -1.5488 -0.0018 0.0000 143 tesla_cybertruck
Car 0.00 1.00 0 0 0 0 0 0 0 0 709.96 361.83 721.99 367.17 1.5765 1.9374 3.8150 72.8539 2.1233 -169.9967 -1.5619 -0.0032 -0.0000 144 nissan_micra
Car 0.00 1.00 0 0 0 1 0 0 0 0 943.12 363.52 955.31 372.15 1.4546 2.0938 4.3903 1.8963 2.0866 -101.8727 1.5909 0.0000 -0.0000 145 audi_tt
Car 0.00 1.00 0 0 0 0 0 0 0 0 1306.22 361.58 1324.45 365.42 1.4812 2.1349 5.6254 -138.8215 2.1034 -221.0524 -0.1189 0.0007 0.0006 146 chevrolet_impala
Car 1.00 1.00 0 0 0 0 0 0 0 0 -1000.00 -1000.00 -1000.00 -1000.00 2.2031 2.5091 6.5872 -39.0284 1.8610 115.8964 -0.0053 -0.0494 0.0009 147 tesla_cybertruck
Car 0.00 1.00 0 0 0 0 0 0 0 0 1451.33 361.48 1504.03 379.45 1.9718 2.0005 4.0595 -57.8696 2.1397 -66.4875 -3.1240 -0.0004 -0.0001 148 jeep_wrangler_rubicon
Car 0.00 1.00 0 0 0 0 0 0 0 0 1535.41 365.09 1586.11 375.03 1.3660 1.9896 4.9534 -87.8866 2.1344 -85.6671 -1.5459 -0.0003 -0.0000 149 mustang_mustang
Car 0.00 1.00 0 0 0 0 0 0 0 0 737.54 362.36 749.61 366.74 1.3660 1.9896 4.9534 69.4629 2.1338 -182.4388 -1.5593 -0.0000 -0.0000 150 mustang_mustang
Car 1.00 1.00 0 0 0 0 0 0 0 0 -1000.00 -1000.00 -1000.00 -1000.00 2.5908 2.7453 5.4640 -82.2796 2.1597 -11.3793 1.5503 0.0000 -0.0000 151 carlamotors_carlacola
Car 1.00 1.00 0 3 4 41 0 0 0 3 -1000.00 -1000.00 -1000.00 -1000.00 1.5863 2.2347 5.1468 130.0926 2.0813 31.8591 -1.5886 0.0000 -0.0000 152 lincoln_mkz2017
Car 0.00 1.00 0 0 0 0 0 0 0 0 1198.19 360.77 1210.12 364.34 1.7506 2.3538 4.8416 -120.4158 2.1317 -277.8637 0.0497 0.0001 -0.0000 153 bmw_grandtourer
Cyclist 0.00 1.00 0 0 0 0 0 0 0 0 701.80 360.47 706.47 366.85 1.9709 0.6705 1.7250 79.8699 2.1222 -177.5071 1.5783 0.0046 0.0000 154 diamondback_century
Cyclist 1.00 1.00 0 0 0 0 0 0 0 0 -1000.00 -1000.00 -1000.00 -1000.00 1.9311 0.5921 1.9272 -160.6229 2.1131 -76.1999 0.0219 -0.0041 0.0001 155 gazelle_omafiets
Motorcycle 0.00 1.00 0 0 0 0 0 0 0 0 162.74 361.53 180.38 368.18 1.6960 1.0692 2.4735 208.2704 2.1234 -150.9192 0.7218 0.0035 -0.0123 156 harley_davidson_low_rider
Car 1.00 1.00 0 0 0 17 0 0 0 0 -1000.00 -1000.00 -1000.00 -1000.00 2.1397 2.1728 4.7045 -84.0083 2.1455 105.7576 1.5958 0.0075 0.0022 157 volkswagen_t2
Car 1.00 1.00 0 0 0 0 0 0 0 0 -1000.00 -1000.00 -1000.00 -1000.00 1.5488 2.0688 3.9961 -246.2648 2.1352 -78.1327 1.5881 -0.0001 0.0000 158 mini_cooperst
Cyclist 0.00 1.00 0 0 0 0 0 0 0 0 788.91 360.64 796.31 367.42 1.9311 0.5921 1.9272 47.7295 2.1137 -162.5242 0.0116 -0.0037 -0.0001 159 gazelle_omafiets
Car 0.00 0.77 4 6 11 16 1 0 0 0 997.40 363.13 1011.59 371.39 1.4812 2.1349 5.6254 -8.3445 2.0868 -108.8596 -1.5550 0.0004 -0.0001 160 chevrolet_impala
Car 0.00 1.00 0 0 0 0 0 0 0 0 367.30 330.93 391.83 337.00 1.7173 2.2591 5.2781 194.4328 -7.8501 -190.1860 1.3780 -0.0071 0.0022 161 mercedes_benz_coupe
Car 0.87 1.00 0 0 0 0 0 0 0 0 1912.02 361.08 1920.00 374.42 1.9718 2.0005 4.0595 -149.2341 2.1398 -88.7457 1.6007 -0.0004 -0.0001 162 jeep_wrangler_rubicon
Car 1.00 1.00 0 0 0 0 0 0 0 0 -1000.00 -1000.00 -1000.00 -1000.00 1.7506 2.3538 4.8416 62.7809 2.0780 78.9650 2.6908 -0.0011 0.0035 163 bmw_grandtourer
Car 1.00 1.00 0 0 0 0 0 0 0 0 -1000.00 -1000.00 -1000.00 -1000.00 1.6115 2.2019 5.2564 137.2803 2.0807 -2.1841 1.6110 -0.0001 0.0006 164 charger2020_charger2020
Car 1.00 1.00 0 0 0 0 0 0 0 0 -1000.00 -1000.00 -1000.00 -1000.00 1.6244 1.8781 3.8906 73.5182 2.1333 -9.5582 1.5915 -0.0005 -0.0011 165 audi_a2
Car 0.00 1.00 0 0 0 0 0 0 0 0 418.35 331.69 437.83 337.05 1.5475 1.9070 4.4025 179.4967 -7.8660 -191.5453 -1.8019 -0.0002 -0.0094 166 seat_leon
Car 1.00 1.00 0 0 0 2 0 0 0 0 -1000.00 -1000.00 -1000.00 -1000.00 1.5765 1.9374 3.8150 -103.7710 2.1228 121.9283 -0.0359 0.0000 -0.0000 167 nissan_micra
Car 1.00 1.00 0 0 0 18 0 0 0 0 -1000.00 -1000.00 -1000.00 -1000.00 1.5863 2.2347 5.1468 -90.5735 2.1370 79.0693 -1.5945 -0.0008 -0.0004 168 lincoln_mkz2017
Car 0.00 0.80 0 5 10 20 8 0 0 0 964.52 361.21 982.91 367.84 1.7506 2.3538 4.8416 -3.8156 2.1153 -158.1965 0.7556 0.0101 0.0004 169 bmw_grandtourer
Car 0.00 1.00 0 0 0 0 0 0 0 0 466.84 365.38 528.47 378.03 1.4812 2.1349 5.6254 55.8237 2.1427 -71.4762 0.0176 0.0000 -0.0000 170 chevrolet_impala
Car 0.00 1.00 0 0 0 0 0 0 0 0 385.49 362.37 413.04 367.82 1.4812 2.1349 5.6254 154.8997 2.1424 -157.6123 3.0952 0.0000 -0.0000 171 chevrolet_impala
Car 1.00 1.00 0 0 0 0 0 0 0 0 -1000.00 -1000.00 -1000.00 -1000.00 1.6011 2.1072 4.7392 173.2825 2.1362 -69.8589 0.0272 -0.0003 0.0002 172 toyota_prius
Car 0.00 0.66 0 4 5 19 15 0 0 0 957.78 361.66 974.30 367.39 1.6115 2.2019 5.2564 -1.7871 2.1129 -166.2987 -2.1922 -0.0009 0.0038 173 charger2020_charger2020
Car 0.00 1.00 0 0 0 0 0 0 0 0 1624.56 364.48 1683.27 377.34 1.5475 1.9070 4.4025 -88.1490 2.1355 -74.9805 -1.5454 -0.0000 0.0000 174 seat_leon
Car 0.00 1.00 0 0 0 0 0 0 0 0 1204.37 358.65 1220.48 366.74 2.5908 2.7453 5.4640 -82.0922 2.1593 -184.8194 1.5728 0.0000 0.0000 175 carlamotors_carlacola
Car 0.00 1.00 0 0 0 0 0 0 0 0 524.93 362.32 550.77 367.63 1.4812 2.1349 5.6254 119.4016 2.1424 -161.2833 0.0288 0.0000 0.0000 176 chevrolet_impala
Car 0.00 1.00 0 0 0 0 0 0 0 0 228.90 322.85 255.40 331.11 1.9718 2.0005 4.0595 192.6445 -7.8619 -153.2618 1.6537 0.0032 0.0025 177 jeep_wrangler_rubicon
Car 0.00 1.00 0 0 0 0 0 0 0 0 1274.00 361.67 1290.48 368.24 1.6980 1.9434 4.1871 -85.1010 2.1445 -150.9089 -1.5789 0.0000 0.0000 178 citroen_c3
Car 0.00 0.27 11 18 20 97 36 0 0 0 942.39 363.40 956.29 373.97 1.5488 2.0688 3.9961 1.6287 2.0796 -88.9907 1.5917 0.0000 -0.0000 179 mini_cooperst
Motorcycle 0.00 1.00 0 0 0 0 0 0 0 0 501.28 362.38 518.72 372.23 1.6960 1.0692 2.4735 79.2447 2.1238 -102.1111 1.5772 0.0030 0.0000 180 harley_davidson_low_rider
Car 1.00 1.00 0 0 0 0 0 0 0 0 -1000.00 -1000.00 -1000.00 -1000.00 1.4477 1.5550 2.3177 215.0262 2.1414 -29.9009 -1.5565 -0.0061 -0.0001 181 bmw_isetta
Cyclist 0.00 1.00 0 0 0 0 0 0 0 0 447.23 362.44 461.29 373.47 1.7065 0.8593 1.4873 79.2174 2.0920 -91.3081 1.5897 0.0000 -0.0000 182 bh_crossbike
Car 0.00 1.00 0 0 0 0 0 0 0 0 17.77 313.58 65.29 323.01 1.6011 2.1072 4.7392 191.1678 -7.8640 -119.9041 1.6143 -0.0001 -0.0000 183 toyota_prius
Car 0.00 1.00 0 0 0 0 0 0 0 0 1214.15 361.84 1226.59 366.87 1.5488 2.0688 3.9961 -81.8472 2.1350 -178.7598 1.5589 0.0000 -0.0000 184 mini_cooperst
Car 0.00 1.00 0 0 0 0 0 0 0 0 1201.47 361.22 1211.90 365.99 1.6980 1.9434 4.1871 -89.2098 2.1444 -204.9603 -1.5814 0.0000 0.0000 185 citroen_c3
Car 0.00 1.00 0 0 0 0 0 0 0 0 156.96 362.00 184.13 368.03 1.5765 1.9374 3.8150 210.4936 2.1211 -152.2920 0.7297 0.0018 0.0068 186 nissan_micra
Car 0.00 1.00 0 0 0 0 0 0 0 0 462.76 362.24 501.94 373.19 1.7506 2.3538 4.8416 79.1924 2.1319 -96.4730 1.5791 0.0001 -0.0000 187 bmw_grandtourer
Car 0.00 1.00 0 0 0 0 0 0 0 0 746.24 362.00 762.58 367.38 1.5488 2.0688 3.9961 59.8252 2.1349 -165.8055 0.0098 -0.0001 -0.0000 188 mini_cooperst
Car 0.00 1.00 0 0 0 0 0 0 0 0 1486.88 363.71 1526.00 374.16 1.5488 2.0688 3.9961 -84.2891 2.1350 -90.0459 -1.5549 -0.0003 -0.0000 189 mini_cooperst
Car 0.00 1.00 0 0 0 0 0 0 0 0 268.19 361.97 296.54 367.99 1.6011 2.1072 4.7392 182.4594 2.1359 -153.7446 -3.0462 -0.0000 -0.0008 190 toyota_prius
Car 1.00 1.00 0 0 0 0 0 0 0 0 -1000.00 -1000.00 -1000.00 -1000.00 1.3660 1.9896 4.9534 76.8685 2.1343 -2.4006 1.5950 0.0000 -0.0000 191 mustang_mustang
Car 0.00 1.00 0 0 0 0 0 0 0 0 1382.08 360.35 1395.56 364.50 1.9476 2.0282 4.8347 -204.3233 2.1241 -268.6075 -0.5116 -0.0026 0.0035 192 nissan_patrol
Pedestrian 0.00 1.00 0 0 0 0 0 0 0 0 1570.95 360.09 1572.91 364.74 1.9158 0.4880 0.4229 -252.1935 1.9514 -232.9058 -1.1206 0.0000 -0.0000 193 pedestrian_0019
Pedestrian 0.00 1.00 0 0 0 0 0 0 0 0 1267.75 361.91 1269.86 364.72 1.1330 0.4333 0.6207 -124.8765 1.9047 -228.6158 -0.0634 0.0000 -0.0000 194 pedestrian_0010
Pedestrian 0.00 1.00 0 0 0 0 0 0 0 0 737.75 360.61 740.89 366.90 1.9158 0.4880 0.7507 67.3384 2.1023 -173.6070 3.0264 0.0000 -0.0000 195 pedestrian_0005
Pedestrian 0.00 1.00 0 0 0 0 0 0 0 0 273.33 359.89 279.94 370.17 1.9158 0.4880 0.6057 127.7043 1.8945 -108.0589 1.5440 0.0000 -0.0000 196 pedestrian_0003
Pedestrian 1.00 1.00 0 1 1 0 0 0 0 0 -1000.00 -1000.00 -1000.00 -1000.00 1.9158 0.4880 0.6042 157.0554 -7.7195 64.5106 1.8670 0.0000 -0.0000 197 pedestrian_0021
Pedestrian 1.00 1.00 0 0 0 0 0 0 0 0 -1000.00 -1000.00 -1000.00 -1000.00 1.9158 0.4880 0.7507 -272.0430 1.9505 13.9248 -1.5711 0.0000 -0.0000 198 pedestrian_0003
Pedestrian 0.00 1.00 0 0 0 0 0 0 0 0 1421.87 360.08 1423.38 364.11 1.9158 0.4880 0.4741 -220.1174 1.9519 -268.1972 -0.5248 0.0000 -0.0000 199 pedestrian_0004
Pedestrian 1.00 1.00 14 16 23 341 0 0 4 0 -1000.00 -1000.00 -1000.00 -1000.00 1.9158 0.4880 0.7507 19.2148 1.9503 30.1250 3.1144 0.0000 -0.0000 200 pedestrian_0022
Pedestrian 0.00 1.00 0 0 0 0 0 0 0 0 1148.96 361.52 1150.11 364.91 1.3390 0.3253 0.4771 -75.1076 1.9415 -224.1173 1.4864 0.0000 -0.0000 201 pedestrian_0014
Pedestrian 1.00 1.00 0 0 0 0 0 0 0 0 -1000.00 -1000.00 -1000.00 -1000.00 1.9158 0.4880 0.4524 57.5252 1.9482 -17.2896 -1.4345 0.0000 -0.0000 202 pedestrian_0022
Pedestrian 0.00 1.00 0 0 0 0 0 0 0 0 1285.48 360.33 1293.83 378.73 1.9158 0.4880 0.5714 -34.4920 1.9501 -62.4751 -3.0188 0.0000 -0.0000 203 pedestrian_0023
Pedestrian 0.00 1.00 0 0 0 0 0 0 0 0 760.47 362.26 762.82 367.31 1.3390 0.3253 0.5005 52.7671 1.9416 -151.9273 -0.0526 0.0000 -0.0000 204 pedestrian_0012
Pedestrian 0.00 1.00 0 0 0 0 0 0 0 0 1482.91 361.08 1490.29 375.22 1.9158 0.4880 0.7507 -71.8263 2.0646 -80.0822 1.1877 0.0000 -0.0000 205 pedestrian_0019
Pedestrian 1.00 1.00 1 0 1 7 0 0 0 0 -1000.00 -1000.00 -1000.00 -1000.00 1.9158 0.4880 0.4533 -94.0474 1.9504 31.9378 2.0346 0.0000 -0.0000 206 pedestrian_0005
Pedestrian 0.00 1.00 0 0 0 0 0 0 0 0 364.23 359.91 369.42 367.65 1.9158 0.4880 0.7507 147.2184 1.8944 -142.0408 -1.5548 0.0000 -0.0000 207 pedestrian_0026
Pedestrian 0.00 1.00 0 0 0 0 0 0 0 0 868.69 360.13 871.89 367.41 1.9158 0.4880 0.7507 23.6516 1.9505 -150.6072 -0.0367 0.0000 -0.0000 208 pedestrian_0015
Pedestrian 1.00 1.00 0 0 0 0 0 0 0 0 -1000.00 -1000.00 -1000.00 -1000.00 1.3390 0.3253 0.3250 -62.0730 1.9422 143.2713 0.0090 0.0000 -0.0000 209 pedestrian_0014
Pedestrian 1.00 1.00 0 0 0 0 0 0 0 0 -1000.00 -1000.00 -1000.00 -1000.00 1.9158 0.4880 0.7507 -61.4040 1.9490 144.2587 -3.0960 0.0000 -0.0000 210 pedestrian_0016
Pedestrian 0.00 0.33 4 6 7 49 0 0 0 0 1138.03 366.96 1144.37 384.28 1.3390 0.3253 0.5005 -14.1559 1.8863 -47.7860 -1.5541 0.0000 -0.0000 211 pedestrian_0012
Pedestrian 1.00 1.00 0 0 0 0 0 0 0 0 -1000.00 -1000.00 -1000.00 -1000.00 1.1330 0.4333 0.6546 61.3383 2.0803 -1.4466 1.5904 0.0000 -0.0000 212 pedestrian_0009
Pedestrian 1.00 1.00 0 0 0 0 0 0 0 0 -1000.00 -1000.00 -1000.00 -1000.00 1.1330 0.4333 0.6667 145.4067 1.8855 -47.4853 -1.5843 0.0000 -0.0000 213 pedestrian_0010
Pedestrian 1.00 1.00 0 0 0 0 0 0 0 0 -1000.00 -1000.00 -1000.00 -1000.00 1.9158 0.4880 0.7507 -270.9587 1.9504 -83.0425 1.5916 0.0000 -0.0000 214 pedestrian_0021
Pedestrian 0.00 1.00 0 0 0 0 0 0 0 0 1254.78 359.94 1265.07 379.84 1.9158 0.4880 0.7507 -29.0372 1.9103 -58.1455 -0.1251 0.0000 -0.0000 215 pedestrian_0018
Pedestrian 0.00 1.00 0 0 0 0 0 0 0 0 1640.32 360.10 1642.77 365.12 1.9158 0.4880 0.4928 -260.4100 1.9525 -216.2551 -1.1139 0.0000 -0.0000 216 pedestrian_0020
Pedestrian 1.00 1.00 0 0 0 0 0 0 0 0 -1000.00 -1000.00 -1000.00 -1000.00 1.9158 0.4880 0.7507 125.4835 1.8947 -12.9118 1.5813 0.0000 -0.0000 217 pedestrian_0017
Pedestrian 0.00 1.00 0 0 0 0 0 0 0 0 1209.06 360.00 1211.46 364.73 1.9158 0.4880 0.7507 -101.4433 1.9169 -229.1524 -3.1214 0.0000 -0.0000 218 pedestrian_0007
Pedestrian 1.00 1.00 0 0 0 0 0 0 0 0 -1000.00 -1000.00 -1000.00 -1000.00 1.1330 0.4333 0.5347 -126.8744 1.9415 -7.9622 0.5614 0.0000 -0.0000 219 pedestrian_0010
Pedestrian 1.00 1.00 0 0 1 557 0 0 1 0 -1000.00 -1000.00 -1000.00 -1000.00 1.9158 0.4880 0.5172 26.9068 1.9503 27.3417 -3.1218 0.0000 -0.0000 220 pedestrian_0023
Pedestrian 0.00 1.00 0 0 0 0 0 0 0 0 843.39 359.94 844.91 364.86 1.9158 0.4880 0.4992 45.2226 1.8943 -220.8359 -3.1215 0.0000 -0.0000 221 pedestrian_0024
Pedestrian 0.00 1.00 0 0 0 0 0 0 0 0 1697.45 362.90 1700.95 367.17 1.1330 0.4333 0.3774 -196.7579 1.9055 -152.0110 -1.5393 0.0000 -0.0000 222 pedestrian_0011
Pedestrian 1.00 1.00 0 0 0 0 0 0 0 0 -1000.00 -1000.00 -1000.00 -1000.00 1.9158 0.4880 0.7507 -272.0250 1.9505 -31.8825 1.5466 0.0000 -0.0000 223 pedestrian_0016
Pedestrian 0.00 1.00 0 0 0 0 0 0 0 0 660.69 339.23 662.29 343.27 1.9158 0.4880 0.6717 143.6182 -8.0623 -271.1441 0.4839 0.0000 -0.0000 224 pedestrian_0017
Pedestrian 0.00 1.00 0 0 0 0 0 0 0 0 294.15 320.20 299.66 328.02 1.9158 0.4880 0.7507 166.4830 -8.0502 -143.6388 -1.5509 0.0000 -0.0000 225 pedestrian_0001
Pedestrian 0.00 1.00 0 0 0 0 0 0 0 0 1593.79 359.99 1596.60 365.82 1.9158 0.4880 0.4479 -209.0506 1.9115 -186.8940 -1.2756 0.0000 -0.0000 226 pedestrian_0003
Pedestrian 0.00 1.00 0 0 0 0 0 0 0 0 1298.06 360.70 1301.80 367.90 1.9158 0.4880 0.7185 -90.5952 2.1024 -152.1977 -0.1718 0.0000 -0.0000 227 pedestrian_0007
Pedestrian 0.00 1.00 0 0 0 0 0 0 0 0 400.47 363.27 404.17 368.23 1.1330 0.4333 0.4133 127.8844 1.8836 -131.5803 -1.5729 0.0000 -0.0000 228 pedestrian_0010
Pedestrian 1.00 1.00 6 6 11 0 0 0 0 0 -1000.00 -1000.00 -1000.00 -1000.00 1.1330 0.4333 0.5587 -34.5238 1.9343 3.8811 0.1405 0.0000 -0.0000 229 pedestrian_0010
Pedestrian 0.00 1.00 0 0 0 0 0 0 0 0 397.49 367.03 404.05 379.63 1.3390 0.3253 0.3735 59.8602 2.0941 -63.8094 -1.6805 0.0000 -0.0000 230 pedestrian_0013
Pedestrian 1.00 1.00 0 0 0 0 0 0 0 0 -1000.00 -1000.00 -1000.00 -1000.00 1.3390 0.3253 0.4583 144.5578 1.8861 -35.9241 1.5735 0.0000 -0.0000 231 pedestrian_0013
Pedestrian 0.00 1.00 0 0 0 0 1 0 0 0 973.50 359.94 975.88 365.59 1.9158 0.4880 0.7507 -4.9906 1.8944 -192.8168 2.0971 0.0000 -0.0000 232 pedestrian_0020
Pedestrian 1.00 1.00 0 0 0 0 0 0 0 0 -1000.00 -1000.00 -1000.00 -1000.00 1.9158 0.4880 0.7422 162.2617 1.9513 29.3343 -0.0167 0.0000 -0.0000 233 pedestrian_0021
Pedestrian 1.00 1.00 0 0 0 0 0 0 0 0 -1000.00 -1000.00 -1000.00 -1000.00 1.1330 0.4333 0.3672 -214.5676 1.9003 -62.1130 -0.1911 0.0000 -0.0000 234 pedestrian_0009
Pedestrian 1.00 1.00 0 0 0 0 0 0 0 0 -1000.00 -1000.00 -1000.00 -1000.00 1.9158 0.4880 0.5026 225.3877 1.9500 -48.1821 -1.5750 0.0000 -0.0000 235 pedestrian_0006
Pedestrian 1.00 1.00 0 0 0 0 0 0 0 0 -1000.00 -1000.00 -1000.00 -1000.00 1.1330 0.4333 0.5566 -139.3800 1.9417 -63.6492 -3.1400 0.0000 -0.0000 236 pedestrian_0009
Pedestrian 0.00 1.00 0 0 0 0 0 0 0 0 1217.29 360.26 1224.44 374.22 1.9158 0.4880 0.7507 -35.9129 1.9512 -80.7870 -3.1165 0.0000 -0.0000 237 pedestrian_0026
Pedestrian 1.00 1.00 11 14 17 678 0 3 1 0 -1000.00 -1000.00 -1000.00 -1000.00 1.9158 0.4880 0.5775 -31.4323 1.9510 26.6678 -3.1053 0.0000 -0.0000 238 pedestrian_0021
Pedestrian 1.00 1.00 129 145 223 9819 0 0 30 0 -1000.00 -1000.00 -1000.00 -1000.00 1.3390 0.3253 0.2502 3.7505 1.8874 4.6385 1.6870 0.0000 -0.0000 239 pedestrian_0012
Pedestrian 0.00 1.00 0 0 0 0 0 0 0 0 1244.00 360.07 1245.95 363.80 1.9158 0.4880 0.7507 -146.4076 1.9502 -289.2379 -3.1371 0.0000 -0.0000 240 pedestrian_0020
Pedestrian 0.00 1.00 0 0 0 0 0 0 0 0 162.59 323.82 168.03 328.43 1.1330 0.4333 0.6667 202.4214 -8.0599 -145.6601 -1.5366 0.0000 -0.0000 241 pedestrian_0011
Pedestrian 0.00 1.00 0 0 0 0 0 0 0 0 1239.12 360.61 1242.40 366.88 1.9158 0.4880 0.7507 -85.9117 2.1024 -174.0822 -3.0151 0.0000 -0.0000 242 pedestrian_0002
Pedestrian 1.00 1.00 0 0 0 0 0 0 0 0 -1000.00 -1000.00 -1000.00 -1000.00 1.3390 0.3253 0.3694 100.3081 1.9441 -60.2226 3.1018 0.0000 -0.0000 243 pedestrian_0014
Pedestrian 0.00 1.00 0 1 3 5 5 0 0 0 954.50 360.52 957.77 367.96 1.9158 0.4880 0.7507 0.9973 2.0504 -147.5200 2.9078 0.0000 -0.0000 244 pedestrian_0006
Pedestrian 0.00 1.00 0 0 0 0 0 0 0 0 132.79 319.46 138.77 327.42 1.9158 0.4880 0.6631 203.1355 -8.0502 -141.0820 -1.5794 0.0000 -0.0000 245 pedestrian_0020
Pedestrian 0.00 1.00 0 0 0 0 0 0 0 0 381.77 361.31 390.74 374.87 1.9158 0.4880 0.7507 81.4172 2.1024 -83.1343 0.0650 0.0000 -0.0000 246 pedestrian_0022
Pedestrian 0.00 1.00 0 0 1 1 0 0 0 0 986.06 360.55 988.16 366.96 1.9158 0.4880 0.5777 -8.1200 2.0814 -170.5113 0.0629 0.0000 -0.0000 247 pedestrian_0002
Pedestrian 1.00 1.00 0 0 0 0 0 0 0 0 -1000.00 -1000.00 -1000.00 -1000.00 1.9158 0.4880 0.7228 146.3303 2.0741 -76.1084 1.5432 0.0000 -0.0000 248 pedestrian_0022
Pedestrian 1.00 1.00 0 0 0 19 0 0 0 0 -1000.00 -1000.00 -1000.00 -1000.00 1.9158 0.4880 0.7507 -129.4200 1.9167 78.4269 -3.0493 0.0000 -0.0000 249 pedestrian_0006
Pedestrian 0.00 1.00 0 0 0 0 0 0 0 0 786.46 360.11 788.68 366.49 1.9158 0.4880 0.4871 51.8863 1.9499 -171.2646 3.0424 0.0000 -0.0000 250 pedestrian_0019
Pedestrian 1.00 1.00 0 0 0 0 0 0 0 0 -1000.00 -1000.00 -1000.00 -1000.00 1.9158 0.4880 0.7507 -93.9024 2.1028 11.5829 1.6269 0.0000 -0.0000 251 pedestrian_0018
Pedestrian 1.00 1.00 0 0 0 0 0 0 0 0 -1000.00 -1000.00 -1000.00 -1000.00 1.9158 0.4880 0.7507 -272.6885 1.9505 -25.5505 1.5118 0.0000 -0.0000 252 pedestrian_0007
Pedestrian 0.00 1.00 0 0 0 0 0 0 0 0 461.90 361.47 468.47 376.62 1.9158 0.4880 0.3874 62.8148 2.1025 -74.8426 -0.1288 0.0000 -0.0000 253 pedestrian_0008
Pedestrian 1.00 1.00 0 0 0 0 0 0 0 0 -1000.00 -1000.00 -1000.00 -1000.00 1.9158 0.4880 0.5195 -268.9378 1.9506 52.4573 -1.7407 0.0000 -0.0000 254 pedestrian_0022
Pedestrian 1.00 1.00 0 0 0 0 0 0 0 0 -1000.00 -1000.00 -1000.00 -1000.00 1.9158 0.4880 0.5976 -103.3016 1.9506 144.1844 0.0046 0.0000 -0.0000 255 pedestrian_0024
Pedestrian 1.00 1.00 0 0 0 0 0 0 0 0 -1000.00 -1000.00 -1000.00 -1000.00 1.1330 0.4333 0.5634 138.5347 2.0464 -57.0345 3.0136 0.0000 -0.0000 256 pedestrian_0011
Pedestrian 0.00 1.00 0 0 0 0 0 0 0 0 1200.01 360.63 1202.84 367.13 1.9158 0.4880 0.6922 -71.3242 2.1024 -168.2252 -1.4627 0.0000 -0.0000 257 pedestrian_0006
Pedestrian 0.00 1.00 0 0 0 0 0 0 0 0 595.71 359.94 597.90 365.14 1.9158 0.4880 0.5567 134.2017 1.8943 -209.2795 -2.2522 0.0000 -0.0000 258 pedestrian_0005
Pedestrian 0.00 1.00 3 3 6 15 0 0 0 0 1031.01 359.87 1034.64 371.46 1.9158 0.4880 0.7507 -12.0877 1.8949 -96.4857 -1.5471 0.0000 -0.0000 259 pedestrian_0003
Pedestrian 1.00 1.00 0 0 0 0 0 0 0 0 -1000.00 -1000.00 -1000.00 -1000.00 1.9158 0.4880 0.7455 164.8466 -8.0500 -25.2683 1.5777 0.0000 -0.0000 260 pedestrian_0001
Pedestrian 0.00 1.00 0 0 0 0 0 0 0 0 806.09 361.83 807.31 365.35 1.3390 0.3253 0.3844 58.4902 2.0383 -215.9479 2.2364 0.0000 -0.0000 261 pedestrian_0014
Pedestrian 0.00 1.00 0 0 0 0 0 0 0 0 1869.07 360.34 1885.46 379.48 1.9158 0.4880 0.7132 -92.4849 1.9502 -60.3680 2.5655 0.0000 -0.0000 262 pedestrian_0020
Pedestrian 1.00 1.00 0 0 0 0 0 0 0 0 -1000.00 -1000.00 -1000.00 -1000.00 1.9158 0.4880 0.6221 -200.5760 1.9118 -35.7869 -1.5444 0.0000 -0.0000 263 pedestrian_0025
Pedestrian 1.00 1.00 0 0 0 0 0 0 0 0 -1000.00 -1000.00 -1000.00 -1000.00 1.9158 0.4880 0.7507 59.5374 1.9502 -9.1340 1.5336 0.0000 -0.0000 264 pedestrian_0026
Pedestrian 0.00 1.00 0 0 0 0 0 0 0 0 1563.33 360.08 1566.24 364.70 1.9158 0.4880 0.7507 -251.2277 1.9501 -234.7186 2.1646 0.0000 -0.0000 265 pedestrian_0025
Pedestrian 0.00 1.00 0 0 0 0 0 0 0 0 926.90 361.73 928.39 365.98 1.3390 0.3253 0.4254 10.2200 1.8874 -179.5563 2.0369 0.0000 -0.0000 266 pedestrian_0013
Pedestrian 0.00 1.00 0 0 0 0 0 0 0 0 670.67 360.11 672.83 366.43 1.9158 0.4880 0.3847 87.5608 1.9499 -172.8474 -0.0723 0.0000 -0.0000 267 pedestrian_0015
Pedestrian 0.00 1.00 0 0 0 0 0 0 0 0 465.43 359.92 468.65 367.44 1.9158 0.4880 0.3880 125.6430 1.8944 -145.7464 -1.6912 0.0000 -0.0000 268 pedestrian_0021
Pedestrian 1.00 1.00 0 0 0 0 0 0 0 0 -1000.00 -1000.00 -1000.00 -1000.00 1.1330 0.4333 0.4221 -83.5233 1.9395 143.1531 -3.1086 0.0000 -0.0000 269 pedestrian_0010
Pedestrian 1.00 1.00 79 100 146 735 0 27 0 0 -1000.00 -1000.00 -1000.00 -1000.00 1.9158 0.4880 0.4385 -14.0945 1.8959 0.0036 1.7408 0.0000 -0.0000 270 pedestrian_0023
Pedestrian 1.00 1.00 1 0 0 2 0 0 0 0 -1000.00 -1000.00 -1000.00 -1000.00 1.3390 0.3253 0.5005 -79.3555 2.0944 27.6965 3.0293 0.0000 -0.0000 271 pedestrian_0013
Pedestrian 0.00 1.00 0 0 0 0 0 0 0 0 1240.84 360.07 1242.34 363.81 1.9158 0.4880 0.5032 -144.3200 1.9511 -288.5441 0.0866 0.0000 -0.0000 272 pedestrian_0016
Pedestrian 1.00 1.00 0 0 0 0 0 0 0 0 -1000.00 -1000.00 -1000.00 -1000.00 1.3390 0.3253 0.5005 -74.0701 1.9419 -34.1359 -1.5538 0.0000 -0.0000 273 pedestrian_0014
Pedestrian 0.00 1.00 0 0 0 0 0 0 0 0 1154.17 360.13 1156.83 366.55 1.9158 0.4880 0.6240 -58.4232 1.9550 -170.1180 0.0010 0.0000 -0.0000 274 pedestrian_0019
Pedestrian 0.00 1.00 0 0 0 0 0 0 0 0 1229.45 362.48 1231.62 366.90 1.3390 0.3253 0.4978 -82.1571 2.0940 -172.7979 -3.1027 0.0000 -0.0000 275 pedestrian_0013
Pedestrian 0.00 1.00 0 0 0 0 0 0 0 0 1254.08 360.61 1256.55 366.86 1.9158 0.4880 0.4984 -90.5995 2.1024 -174.5195 3.1390 0.0000 -0.0000 276 pedestrian_0023
Pedestrian 0.00 1.00 0 0 0 0 0 0 0 0 11.05 364.82 21.16 372.18 1.1330 0.4333 0.6667 146.4615 1.8831 -90.4848 -1.5642 0.0000 -0.0000 277 pedestrian_0011
Pedestrian 1.00 1.00 0 0 0 0 0 0 0 0 -1000.00 -1000.00 -1000.00 -1000.00 1.3390 0.3253 0.4487 119.4086 1.9416 -59.8003 3.0180 0.0000 -0.0000 278 pedestrian_0012
Pedestrian 0.00 1.00 0 0 0 0 0 0 0 0 865.66 337.61 867.08 341.99 1.9158 0.4880 0.5529 41.3835 -7.9692 -249.4618 0.0161 0.0000 -0.0000 279 pedestrian_0015
Pedestrian 1.00 1.00 0 0 0 1 0 0 0 0 -1000.00 -1000.00 -1000.00 -1000.00 1.9158 0.4880 0.7507 117.5201 1.9498 30.6500 -2.8156 0.0000 -0.0000 280 pedestrian_0017
Pedestrian 1.00 1.00 0 0 0 0 0 0 0 0 -1000.00 -1000.00 -1000.00 -1000.00 1.9158 0.4880 0.7507 201.5310 -8.0484 -53.2577 1.5880 0.0000 -0.0000 281 pedestrian_0005
Pedestrian 0.00 1.00 0 0 0 0 0 0 0 0 739.52 362.65 741.08 365.84 1.1330 0.4333 0.3575 78.4140 2.0808 -202.3028 -0.9058 0.0000 -0.0000 282 pedestrian_0009
Pedestrian 1.00 1.00 0 0 0 0 0 0 0 0 -1000.00 -1000.00 -1000.00 -1000.00 1.1330 0.4333 0.6667 -93.6067 1.9389 -25.4784 1.5743 0.0000 -0.0000 283 pedestrian_0009
Pedestrian 1.00 1.00 0 0 0 0 0 0 0 0 -1000.00 -1000.00 -1000.00 -1000.00 1.1330 0.4333 0.4160 208.3311 1.9385 -98.4825 1.5503 0.0000 -0.0000 284 pedestrian_0009
Pedestrian 1.00 1.00 0 0 0 0 0 0 0 0 -1000.00 -1000.00 -1000.00 -1000.00 1.9158 0.4880 0.7507 -182.2975 1.9382 -66.6449 -0.0379 0.0000 -0.0000 285 pedestrian_0024
Pedestrian 0.00 1.00 0 0 0 0 0 0 0 0 619.59 360.11 623.06 366.50 1.9158 0.4880 0.7507 101.8224 1.9498 -171.1183 -3.0525 0.0000 -0.0000 286 pedestrian_0023
Pedestrian 1.00 1.00 0 0 0 0 0 0 0 0 -1000.00 -1000.00 -1000.00 -1000.00 1.9158 0.4880 0.7507 -115.5966 1.9173 79.0673 3.0638 0.0000 -0.0000 287 pedestrian_0015
Pedestrian 0.00 1.00 0 0 0 0 0 0 0 0 699.73 336.97 701.61 341.45 1.9158 0.4880 0.6943 112.5409 -8.0637 -245.0144 0.3395 0.0000 -0.0000 288 pedestrian_0025
Pedestrian 1.00 1.00 0 0 0 0 0 0 0 0 -1000.00 -1000.00 -1000.00 -1000.00 1.1330 0.4333 0.4903 160.4778 -7.3564 119.0836 -0.6264 0.0000 -0.0000 289 pedestrian_0009
Pedestrian 0.00 1.00 0 0 0 0 0 0 0 0 1167.13 360.11 1170.27 366.51 1.9158 0.4880 0.7507 -62.6382 1.9500 -170.8347 0.0352 0.0000 -0.0000 290 pedestrian_0019
Pedestrian 1.00 1.00 0 0 0 0 0 0 0 0 -1000.00 -1000.00 -1000.00 -1000.00 1.9158 0.4880 0.3754 -96.8976 1.9149 77.5793 -0.5852 0.0000 -0.0000 291 pedestrian_0007
Pedestrian 1.00 1.00 0 0 0 0 0 0 0 0 -1000.00 -1000.00 -1000.00 -1000.00 1.9158 0.4880 0.7507 -272.1096 1.9506 32.0609 1.4849 0.0000 -0.0000 292 pedestrian_0021
Pedestrian 1.00 1.00 0 0 0 0 0 0 0 0 -1000.00 -1000.00 -1000.00 -1000.00 1.3390 0.3253 0.4272 46.4573 1.9335 -18.9907 -2.5780 0.0000 -0.0000 293 pedestrian_0014
Pedestrian 1.00 1.00 0 0 0 0 0 0 0 0 -1000.00 -1000.00 -1000.00 -1000.00 1.9158 0.4880 0.7224 122.3330 -6.9483 139.9760 -0.2688 0.0000 -0.0000 294 pedestrian_0002
Pedestrian 1.00 1.00 0 0 0 0 0 0 0 0 -1000.00 -1000.00 -1000.00 -1000.00 1.9158 0.4880 0.7507 97.3722 1.9502 8.6755 0.0001 0.0000 -0.0000 295 pedestrian_0026
Pedestrian 0.00 1.00 0 0 0 0 0 0 0 0 701.76 360.25 708.86 374.54 1.9158 0.4880 0.7301 34.2656 1.9501 -79.0534 -0.0098 0.0000 -0.0000 296 pedestrian_0020
Pedestrian 0.00 1.00 0 0 0 0 0 0 0 0 647.35 360.17 651.93 369.81 1.9158 0.4880 0.7326 61.9103 1.9500 -115.0465 1.5339 0.0000 -0.0000 297 pedestrian_0016
Pedestrian 1.00 1.00 0 0 0 0 0 0 0 0 -1000.00 -1000.00 -1000.00 -1000.00 1.9158 0.4880 0.7507 -94.8467 1.9527 92.0276 -1.6658 0.0000 -0.0000 298 pedestrian_0024
Pedestrian 1.00 1.00 0 0 0 0 0 0 0 0 -1000.00 -1000.00 -1000.00 -1000.00 1.9158 0.4880 0.6736 150.5133 -7.5941 75.2728 -0.9783 0.0000 -0.0000 299 pedestrian_0001
Pedestrian 0.00 1.00 0 0 0 0 0 0 0 0 1320.56 360.11 1324.08 366.43 1.9158 0.4880 0.7507 -110.0456 1.9500 -172.8233 -3.1116 0.0000 -0.0000 300 pedestrian_0025
Pedestrian 0.00 1.00 0 0 0 0 0 0 0 0 1844.99 360.26 1855.88 373.96 1.9158 0.4880 0.7507 -124.9506 1.9525 -82.2579 -3.1334 0.0000 -0.0000 301 pedestrian_0016
Pedestrian 0.00 1.00 0 0 0 0 0 0 0 0 1711.93 361.77 1725.20 380.07 1.9158 0.4880 0.7507 -79.8088 2.1026 -62.7960 -3.1024 0.0000 -0.0000 302 pedestrian_0006
Pedestrian 1.00 1.00 7 9 14 169 0 0 2 0 -1000.00 -1000.00 -1000.00 -1000.00 1.3390 0.3253 0.4084 -10.6365 2.0393 28.1898 -3.1391 0.0000 -0.0000 303 pedestrian_0012
Pedestrian 0.00 1.00 0 0 0 0 0 0 0 0 1106.13 360.07 1107.22 363.82 1.9158 0.4880 0.3754 -74.9492 1.9498 -287.6997 0.1485 0.0000 -0.0000 304 pedestrian_0024
Pedestrian 1.00 1.00 0 0 0 0 0 0 0 0 -1000.00 -1000.00 -1000.00 -1000.00 1.3390 0.3253 0.5005 -212.4412 1.9423 127.4634 -2.6051 0.0000 -0.0000 305 pedestrian_0013
Pedestrian 1.00 1.00 0 0 0 0 0 0 0 0 -1000.00 -1000.00 -1000.00 -1000.00 1.1330 0.4333 0.5416 -272.0036 1.9408 -0.2572 -1.5568 0.0000 -0.0000 306 pedestrian_0011
Pedestrian 0.00 1.00 0 0 0 0 0 0 0 0 1072.40 360.11 1075.03 366.52 1.9158 0.4880 0.7261 -34.0538 1.9500 -170.4608 -0.1001 0.0000 -0.0000 307 pedestrian_0024
Pedestrian 1.00 1.00 0 0 0 0 0 0 0 0 -1000.00 -1000.00 -1000.00 -1000.00 1.9158 0.4880 0.3867 -274.3953 1.9505 1.1542 -1.5647 0.0000 -0.0000 308 pedestrian_0004
Pedestrian 1.00 1.00 0 0 0 12 0 0 0 0 -1000.00 -1000.00 -1000.00 -1000.00 1.9158 0.4880 0.7167 85.9701 2.1026 21.0572 1.4546 0.0000 -0.0000 309 pedestrian_0019
Pedestrian 1.00 1.00 0 0 0 0 0 0 0 0 -1000.00 -1000.00 -1000.00 -1000.00 1.3390 0.3253 0.5005 187.5595 1.9425 -58.3891 -3.1321 0.0000 -0.0000 310 pedestrian_0012
Pedestrian 0.00 1.00 0 0 0 0 0 0 0 0 707.35 360.62 709.44 366.99 1.9158 0.4880 0.5155 75.8651 2.1023 -171.6023 -2.5886 0.0000 -0.0000 311 pedestrian_0022
Pedestrian 0.00 1.00 0 0 0 0 0 0 0 0 365.18 360.13 370.12 367.45 1.9158 0.4880 0.7507 155.2819 1.9498 -149.7766 0.0865 0.0000 -0.0000 312 pedestrian_0018
Pedestrian 1.00 1.00 1 2 2 9 0 0 0 0 -1000.00 -1000.00 -1000.00 -1000.00 1.9158 0.4880 0.6237 -69.8653 1.9504 25.7596 0.1367 0.0000 -0.0000 313 pedestrian_0022
Pedestrian 0.00 1.00 0 0 0 0 0 0 0 0 831.16 360.13 833.32 367.34 1.9158 0.4880 0.3891 33.9968 1.9499 -151.9639 -1.1320 0.0000 -0.0000 314 pedestrian_0005
Pedestrian 1.00 1.00 0 0 0 0 0 0 0 0 -1000.00 -1000.00 -1000.00 -1000.00 1.9158 0.4880 0.6054 124.8538 1.8948 7.3293 -0.7923 0.0000 -0.0000 315 pedestrian_0018
Pedestrian 1.00 1.00 0 0 0 0 0 0 0 0 -1000.00 -1000.00 -1000.00 -1000.00 1.9158 0.4880 0.6838 -272.7116 1.9505 -32.6688 -1.7203 0.0000 -0.0000 316 pedestrian_0024
Pedestrian 0.00 1.00 0 0 0 0 0 0 0 0 1725.00 360.28 1734.35 373.79 1.9158 0.4880 0.6544 -109.4848 1.9553 -83.3239 -3.1365 0.0000 -0.0000 317 pedestrian_0002
Pedestrian 0.00 1.00 0 0 0 0 0 0 0 0 1244.43 361.81 1245.93 365.84 1.3390 0.3253 0.3419 -94.8386 1.9412 -188.8016 1.5462 0.0000 -0.0000 318 pedestrian_0013
Pedestrian 0.00 1.00 0 0 0 0 0 0 0 0 765.72 360.13 769.21 367.37 1.9158 0.4880 0.7507 51.0432 1.9499 -151.4250 -0.0232 0.0000 -0.0000 319 pedestrian_0018
Pedestrian 0.00 1.00 0 0 0 0 0 0 0 0 1197.87 360.55 1199.99 366.98 1.9158 0.4880 0.3954 -71.4250 2.0814 -170.1658 -0.9094 0.0000 -0.0000 320 pedestrian_0006
Pedestrian 0.00 1.00 0 0 0 0 0 0 0 0 1272.60 360.07 1274.59 363.80 1.9158 0.4880 0.7507 -161.0477 1.9500 -289.1225 3.0737 0.0000 -0.0000 321 pedestrian_0021
Pedestrian 0.00 0.87 2 4 3 4 0 0 0 0 1075.78 365.84 1080.67 374.12 1.1330 0.4333 0.5619 -16.2848 1.9397 -80.8316 0.0687 0.0000 -0.0000 322 pedestrian_0010
Pedestrian 1.00 1.00 0 0 0 0 0 0 0 0 -1000.00 -1000.00 -1000.00 -1000.00 1.9158 0.4880 0.7507 101.5766 1.9501 -59.0443 0.0346 0.0000 -0.0000 323 pedestrian_0022
Pedestrian 1.00 1.00 0 0 0 0 0 0 0 0 -1000.00 -1000.00 -1000.00 -1000.00 1.9158 0.4880 0.7507 -186.9666 1.9364 -65.6615 3.0351 0.0000 -0.0000 324 pedestrian_0015
Pedestrian 1.00 1.00 1 1 1 0 0 0 0 0 -1000.00 -1000.00 -1000.00 -1000.00 1.9158 0.4880 0.6510 -95.1558 1.9504 47.0916 1.6086 0.0000 -0.0000 325 pedestrian_0005
Pedestrian 1.00 1.00 0 0 0 0 0 0 0 0 -1000.00 -1000.00 -1000.00 -1000.00 1.9158 0.4880 0.6192 200.6867 -8.0485 -20.0441 -1.5603 0.0000 -0.0000 326 pedestrian_0006
Pedestrian 0.00 1.00 0 0 0 0 0 0 0 0 168.98 361.86 184.00 381.20 1.9158 0.4880 0.7507 78.1104 2.1025 -59.7385 -3.0238 0.0000 -0.0000 327 pedestrian_0002
Pedestrian 0.00 0.39 9 8 13 83 5 0 0 0 873.57 359.70 883.18 386.79 1.9158 0.4880 0.6805 5.8259 1.8947 -44.0561 -1.7475 0.0000 -0.0000 328 pedestrian_0015
Pedestrian 1.00 1.00 0 0 0 0 0 0 0 0 -1000.00 -1000.00 -1000.00 -1000.00 1.9158 0.4880 0.7507 -170.4844 1.9507 141.3202 0.1555 0.0000 -0.0000 329 pedestrian_0005
Pedestrian 0.00 1.00 0 0 0 0 0 0 0 0 1247.92 361.57 1249.66 363.77 1.1330 0.4333 0.6667 -148.4590 1.9386 -289.4082 -3.0878 0.0000 -0.0000 330 pedestrian_0010
Pedestrian 1.00 1.00 0 0 0 0 0 0 0 0 -1000.00 -1000.00 -1000.00 -1000.00 1.9158 0.4880 0.7026 33.7041 1.8949 86.9051 -0.0063 0.0000 -0.0000 331 pedestrian_0001
Pedestrian 1.00 1.00 0 0 0 0 0 0 0 0 -1000.00 -1000.00 -1000.00 -1000.00 1.9158 0.4880 0.3843 -93.9079 1.9503 -1.2063 -2.7051 0.0000 -0.0000 332 pedestrian_0017
Pedestrian 0.00 0.70 1 2 4 14 0 0 0 0 1085.21 360.26 1089.02 374.34 1.9158 0.4880 0.3754 -17.3573 1.9515 -80.1663 0.0854 0.0000 -0.0000 333 pedestrian_0023
Pedestrian 1.00 1.00 0 0 0 0 0 0 0 0 -1000.00 -1000.00 -1000.00 -1000.00 1.3390 0.3253 0.3895 -95.4063 1.9413 54.8952 1.5599 0.0000 -0.0000 334 pedestrian_0013
Pedestrian 0.00 1.00 0 0 0 0 0 0 0 0 1547.15 360.24 1555.44 372.57 1.9158 0.4880 0.7507 -92.2458 1.9528 -90.9506 1.5979 0.0000 -0.0000 335 pedestrian_0019
Pedestrian 1.00 1.00 15 19 35 154 0 6 0 0 -1000.00 -1000.00 -1000.00 -1000.00 1.9158 0.4880 0.6849 -33.1501 1.9517 5.5550 3.1090 0.0000 -0.0000 336 pedestrian_0017
Pedestrian 0.00 1.00 0 0 0 0 0 0 0 0 1207.03 360.07 1208.47 363.80 1.9158 0.4880 0.4975 -127.2227 1.9504 -289.0989 -3.0455 0.0000 -0.0000 337 pedestrian_0025
Pedestrian 0.00 1.00 0 0 0 0 0 0 0 0 771.07 340.26 772.87 344.07 1.9158 0.4880 0.7507 95.1446 -8.0663 -284.9445 -3.1157 0.0000 -0.0000 338 pedestrian_0006
Pedestrian 0.00 1.00 0 0 0 0 0 0 0 0 966.70 349.69 968.07 352.26 1.1330 0.4333 0.6097 -3.2747 -3.4348 -250.2258 3.1246 0.0000 -0.0000 339 pedestrian_0011
Pedestrian 1.00 1.00 0 0 0 0 0 0 0 0 -1000.00 -1000.00 -1000.00 -1000.00 1.1330 0.4333 0.3882 126.4946 1.8852 -55.2526 -1.5764 0.0000 -0.0000 340 pedestrian_0011
Pedestrian 0.00 1.00 0 0 0 0 0 0 0 0 9.73 362.75 13.56 368.87 1.3390 0.3253 0.3150 208.1552 1.9434 -126.1348 -1.6565 0.0000 -0.0000 341 pedestrian_0013
Pedestrian 0.00 1.00 0 0 0 0 0 0 0 0 371.15 361.32 380.39 375.01 1.9158 0.4880 0.7507 82.1425 2.1024 -82.4114 0.1844 0.0000 -0.0000 342 pedestrian_0007
Pedestrian 0.00 0.89 0 2 3 6 0 0 0 0 1011.61 359.90 1014.24 368.78 1.9158 0.4880 0.7507 -11.4619 1.8949 -124.5275 -1.5551 0.0000 -0.0000 343 pedestrian_0021
Pedestrian 0.00 1.00 0 0 0 0 0 0 0 0 105.97 321.22 111.66 326.15 1.1330 0.4333 0.5968 202.2562 -8.0609 -136.1824 -1.5401 0.0000 -0.0000 344 pedestrian_0010
Pedestrian 0.00 0.14 15 23 37 213 12 0 0 0 827.53 360.16 839.14 400.61 1.9158 0.4880 0.5388 5.9992 1.8977 -30.7873 -1.5548 0.0000 -0.0000 345 pedestrian_0021
Pedestrian 1.00 1.00 0 0 0 12 0 0 0 0 -1000.00 -1000.00 -1000.00 -1000.00 1.3390 0.3253 0.3147 83.0243 1.9437 39.5881 -1.8304 0.0000 -0.0000 346 pedestrian_0014
Pedestrian 0.00 1.00 0 0 0 0 0 0 0 0 1321.92 360.17 1326.15 369.64 1.9158 0.4880 0.5594 -73.7905 1.9501 -116.8309 -1.5638 0.0000 -0.0000 347 pedestrian_0023
Pedestrian 0.00 0.72 4 3 4 25 1 0 0 0 1083.92 360.26 1087.98 374.43 1.9158 0.4880 0.3754 -17.0922 1.9517 -79.6997 0.1820 0.0000 -0.0000 348 pedestrian_0008
Pedestrian 1.00 1.00 0 0 0 0 0 0 0 0 -1000.00 -1000.00 -1000.00 -1000.00 1.9158 0.4880 0.7507 -230.2722 1.9507 114.4968 0.6859 0.0000 -0.0000 349 pedestrian_0006
Pedestrian 0.00 1.00 0 0 0 0 0 0 0 0 703.62 360.10 706.21 365.76 1.9158 0.4880 0.6555 86.5952 1.9498 -192.6383 -1.8531 0.0000 -0.0000 350 pedestrian_0022
Pedestrian 0.00 1.00 0 0 0 0 0 0 0 0 693.11 360.62 695.97 367.03 1.9158 0.4880 0.6556 79.4716 2.1023 -170.4114 -3.0031 0.0000 -0.0000 351 pedestrian_0023
Pedestrian 0.00 1.00 0 0 0 0 0 0 0 0 914.01 359.94 916.22 365.68 1.9158 0.4880 0.5589 15.0062 1.8950 -189.7925 2.6131 0.0000 -0.0000 352 pedestrian_0006
Pedestrian 1.00 1.00 0 0 0 0 0 0 0 0 -1000.00 -1000.00 -1000.00 -1000.00 1.9158 0.4880 0.7507 56.8865 1.9503 43.5165 1.5717 0.0000 -0.0000 353 pedestrian_0024
Pedestrian 1.00 1.00 0 0 0 0 0 0 0 0 -1000.00 -1000.00 -1000.00 -1000.00 1.1330 0.4333 0.6667 -40.9600 1.7106 143.9289 3.1379 0.0000 -0.0000 354 pedestrian_0011
Pedestrian 1.00 1.00 4 5 7 130 0 0 0 0 -1000.00 -1000.00 -1000.00 -1000.00 1.9158 0.4880 0.6475 40.7837 1.9503 31.1823 2.9518 0.0000 -0.0000 355 pedestrian_0017
Pedestrian 1.00 1.00 0 0 0 0 0 0 0 0 -1000.00 -1000.00 -1000.00 -1000.00 1.3390 0.3253 0.3490 165.4578 -8.0584 -62.9394 -1.5577 0.0000 -0.0000 356 pedestrian_0012
Pedestrian 0.00 1.00 0 0 0 0 0 0 0 0 1348.11 360.07 1349.44 363.91 1.9158 0.4880 0.4339 -194.2957 1.9501 -281.4786 2.7964 0.0000 -0.0000 357 pedestrian_0020
Pedestrian 0.00 0.91 0 0 0 2 0 0 0 0 1001.43 360.11 1003.80 366.53 1.9158 0.4880 0.6201 -12.7612 1.9500 -170.4675 -1.1981 0.0000 -0.0000 358 pedestrian_0017
Pedestrian 1.00 1.00 4 6 11 43 0 3 0 0 -1000.00 -1000.00 -1000.00 -1000.00 1.9158 0.4880 0.4989 -54.1811 1.9499 8.8513 3.1349 0.0000 -0.0000 359 pedestrian_0025
Pedestrian 0.00 1.00 0 0 0 0 0 0 0 0 1335.93 361.20 1337.29 363.87 1.3390 0.3253 0.5005 -189.0108 1.9425 -282.6475 -0.3411 0.0000 -0.0000 360 pedestrian_0013
Pedestrian 0.00 1.00 0 0 0 0 0 0 0 0 1228.07 361.17 1229.35 363.79 1.3390 0.3253 0.5005 -137.8849 1.9415 -288.8933 3.1301 0.0000 -0.0000 361 pedestrian_0013
Pedestrian 1.00 1.00 0 0 0 0 0 0 0 0 -1000.00 -1000.00 -1000.00 -1000.00 1.3390 0.3253 0.4073 44.0841 1.9293 -20.3319 -2.6279 0.0000 -0.0000 362 pedestrian_0013
Pedestrian 1.00 1.00 0 0 0 0 0 0 0 0 -1000.00 -1000.00 -1000.00 -1000.00 1.1330 0.4333 0.5807 -61.8661 1.9254 -7.6965 2.0165 0.0000 -0.0000 363 pedestrian_0011
Pedestrian 0.00 1.00 0 0 0 0 0 0 0 0 860.93 361.53 862.32 365.30 1.3390 0.3253 0.4224 35.0302 1.8860 -201.8377 3.0794 0.0000 -0.0000 364 pedestrian_0012
Pedestrian 1.00 1.00 0 0 0 0 0 0 0 0 -1000.00 -1000.00 -1000.00 -1000.00 1.9158 0.4880 0.5262 126.5058 1.8947 -23.1083 -1.4377 0.0000 -0.0000 365 pedestrian_0023
Pedestrian 1.00 1.00 0 0 0 0 0 0 0 0 -1000.00 -1000.00 -1000.00 -1000.00 1.9158 0.4880 0.5451 -118.2838 1.9169 78.5394 0.0014 0.0000 -0.0000 366 pedestrian_0005
Pedestrian 1.00 1.00 0 0 0 0 0 0 0 0 -1000.00 -1000.00 -1000.00 -1000.00 1.9158 0.4880 0.6294 -199.2181 1.9142 -116.7020 1.6539 0.0000 -0.0000 367 pedestrian_0021
Pedestrian 1.00 1.00 0 0 0 0 0 0 0 0 -1000.00 -1000.00 -1000.00 -1000.00 1.1330 0.4333 0.4185 -147.0525 2.0913 -62.8090 -0.0843 0.0000 -0.0000 368 pedestrian_0010
Pedestrian 0.00 1.00 0 0 0 0 0 0 0 0 878.05 359.94 880.56 365.37 1.9158 0.4880 0.7507 28.5301 1.8946 -200.4392 -0.6418 0.0000 -0.0000 369 pedestrian_0020
Pedestrian 0.00 1.00 0 0 0 0 0 0 0 0 617.65 363.30 620.72 370.68 1.3390 0.3253 0.4099 62.0525 1.9408 -105.3957 1.6501 0.0000 -0.0000 370 pedestrian_0012
Pedestrian 1.00 1.00 0 0 0 0 0 0 0 0 -1000.00 -1000.00 -1000.00 -1000.00 1.9158 0.4880 0.6762 61.8395 1.9515 -33.4628 -1.5928 0.0000 -0.0000 371 pedestrian_0015
Pedestrian 1.00 1.00 0 0 0 0 0 0 0 0 -1000.00 -1000.00 -1000.00 -1000.00 1.9158 0.4880 0.7507 57.6801 1.9499 -3.5094 1.6427 0.0000 -0.0000 372 pedestrian_0007
Pedestrian 1.00 1.00 0 0 0 0 0 0 0 0 -1000.00 -1000.00 -1000.00 -1000.00 1.9158 0.4880 0.6574 -271.5212 1.9525 -66.3631 -1.5077 0.0000 -0.0000 373 pedestrian_0008
Pedestrian 0.00 1.00 0 0 0 0 0 0 0 0 194.29 361.87 207.22 381.25 1.9158 0.4880 0.6093 75.4648 2.1025 -59.5725 -3.1184 0.0000 -0.0000 374 pedestrian_0020
Pedestrian 0.00 1.00 0 0 0 0 0 0 0 0 1089.59 360.11 1091.74 366.48 1.9158 0.4880 0.5285 -39.3558 1.9501 -171.4187 0.0131 0.0000 -0.0000 375 pedestrian_0015
Pedestrian 0.00 1.00 0 0 0 0 0 0 0 0 1370.20 364.39 1374.38 374.15 1.3390 0.3253 0.3315 -56.8212 1.9452 -80.8679 0.0389 0.0000 -0.0000 376 pedestrian_0012
Pedestrian 0.00 1.00 0 0 0 0 0 0 0 0 598.09 360.10 600.41 366.46 1.9158 0.4880 0.4331 108.8656 1.9475 -171.7427 0.1868 0.0000 -0.0000 377 pedestrian_0017
Pedestrian 1.00 1.00 0 0 0 0 0 0 0 0 -1000.00 -1000.00 -1000.00 -1000.00 1.9158 0.4880 0.7507 124.7789 1.8947 -1.2104 1.6314 0.0000 -0.0000 378 pedestrian_0025
Pedestrian 1.00 1.00 0 0 1 4 0 0 0 0 -1000.00 -1000.00 -1000.00 -1000.00 1.1330 0.4333 0.6667 -94.5207 1.9390 36.3308 1.6265 0.0000 -0.0000 379 pedestrian_0009
Pedestrian 0.00 1.00 0 0 0 0 0 0 0 0 613.17 360.19 618.03 371.09 1.9158 0.4880 0.6140 60.7320 1.9500 -102.2213 1.6096 0.0000 -0.0000 380 pedestrian_0002
Pedestrian 0.00 1.00 0 0 0 0 0 0 0 0 1109.62 361.18 1110.58 363.80 1.3390 0.3253 0.3791 -76.6933 1.9416 -287.6739 0.1155 0.0000 -0.0000 381 pedestrian_0013
Pedestrian 0.00 1.00 0 0 0 0 0 0 0 0 747.25 362.06 748.71 366.51 1.3390 0.3253 0.2502 63.9384 1.9612 -171.6282 2.6011 0.0000 -0.0000 382 pedestrian_0012
Pedestrian 1.00 1.00 10 9 14 534 0 0 7 0 -1000.00 -1000.00 -1000.00 -1000.00 1.1330 0.4333 0.5648 -17.3923 2.0913 22.4457 -2.0547 0.0000 -0.0000 383 pedestrian_0010
Pedestrian 0.00 1.00 0 0 0 0 0 0 0 0 1254.62 361.17 1255.93 363.79 1.3390 0.3253 0.5005 -151.3644 1.9416 -288.6033 0.0220 0.0000 -0.0000 384 pedestrian_0013
Pedestrian 1.00 1.00 0 0 0 0 0 0 0 0 -1000.00 -1000.00 -1000.00 -1000.00 1.9158 0.4880 0.5893 27.3683 1.8949 67.5557 3.1287 0.0000 -0.0000 385 pedestrian_0015
Pedestrian 1.00 1.00 3 2 3 26 0 0 0 0 -1000.00 -1000.00 -1000.00 -1000.00 1.9158 0.4880 0.5694 -66.8548 1.9504 25.9496 0.0198 0.0000 -0.0000 386 pedestrian_0018
Pedestrian 0.00 1.00 0 0 0 0 0 0 0 0 1216.89 361.18 1217.76 363.79 1.3390 0.3253 0.3044 -131.7375 1.9414 -288.2335 -0.0350 0.0000 -0.0000 387 pedestrian_0013
Pedestrian 0.00 1.00 0 0 0 0 0 0 0 0 222.40 360.13 228.02 367.55 1.9158 0.4880 0.7267 190.1375 1.9498 -147.9033 -2.8452 0.0000 -0.0000 388 pedestrian_0022
Pedestrian 1.00 1.00 0 0 0 0 0 0 0 0 -1000.00 -1000.00 -1000.00 -1000.00 1.9158 0.4880 0.7507 -271.1390 1.9504 -74.5538 1.5904 0.0000 -0.0000 389 pedestrian_0003
Pedestrian 0.00 1.00 0 0 0 0 0 0 0 0 1275.83 360.07 1277.82 363.81 1.9158 0.4880 0.7507 -162.5136 1.9500 -288.7860 3.0473 0.0000 -0.0000 390 pedestrian_0021
Pedestrian 1.00 1.00 0 0 0 0 0 0 0 0 -1000.00 -1000.00 -1000.00 -1000.00 1.9158 0.4880 0.5596 -153.8231 1.9170 75.1899 0.1824 0.0000 -0.0000 391 pedestrian_0016
Pedestrian 0.00 1.00 0 0 0 0 0 0 0 0 1207.71 360.06 1209.08 363.81 1.9158 0.4880 0.4376 -127.2507 1.9490 -288.4204 -2.9375 0.0000 -0.0000 392 pedestrian_0005
Pedestrian 0.00 1.00 0 0 0 0 0 0 0 0 556.54 333.69 558.45 338.82 1.9158 0.4880 0.4774 152.8011 -8.0542 -214.8903 0.8829 0.0000 -0.0000 393 pedestrian_0026
Pedestrian 0.00 1.00 0 0 0 0 0 0 0 0 258.14 361.95 272.13 382.21 1.9158 0.4880 0.7507 66.1243 2.1025 -57.2262 3.0793 0.0000 -0.0000 394 pedestrian_0022
Pedestrian 1.00 1.00 0 0 0 0 0 0 0 0 -1000.00 -1000.00 -1000.00 -1000.00 1.1330 0.4333 0.6667 164.1460 -8.0558 -5.8579 1.5894 0.0000 -0.0000 395 pedestrian_0010
Pedestrian 1.00 1.00 3 2 4 12 0 0 0 0 -1000.00 -1000.00 -1000.00 -1000.00 1.9158 0.4880 0.7507 98.5216 1.9502 30.1013 3.1152 0.0000 -0.0000 396 pedestrian_0006
Pedestrian 0.00 1.00 0 0 0 0 0 0 0 0 1343.32 362.52 1346.09 368.15 1.3390 0.3253 0.5005 -91.8562 1.9417 -136.8205 -1.6086 0.0000 -0.0000 397 pedestrian_0012
Pedestrian 0.00 1.00 0 0 0 0 0 0 0 0 828.08 362.11 830.25 365.32 1.1330 0.4333 0.6667 46.3846 1.8830 -200.9790 3.1329 0.0000 -0.0000 398 pedestrian_0010
Pedestrian 1.00 1.00 0 0 0 0 0 0 0 0 -1000.00 -1000.00 -1000.00 -1000.00 1.9158 0.4880 0.4511 -164.3574 1.9143 72.0948 -2.8482 0.0000 -0.0000 399 pedestrian_0007
Pedestrian 1.00 1.00 0 0 0 0 0 0 0 0 -1000.00 -1000.00 -1000.00 -1000.00 1.9158 0.4880 0.6437 200.1181 -7.9700 26.8584 -1.5417 0.0000 -0.0000 400 pedestrian_0001
Pedestrian 1.00 1.00 607 668 1038 15482 0 0 0 135 -1000.00 -1000.00 -1000.00 -1000.00 1.9158 0.4880 0.7507 4.7461 1.8973 -5.8222 1.7128 0.0000 -0.0000 401 pedestrian_0016
Pedestrian 1.00 1.00 0 0 0 0 0 0 0 0 -1000.00 -1000.00 -1000.00 -1000.00 1.9158 0.4880 0.7507 -246.1403 1.9507 98.6620 0.8479 0.0000 -0.0000 402 pedestrian_0021
Pedestrian 0.00 1.00 0 0 0 0 0 0 0 0 284.07 361.88 296.40 381.33 1.9158 0.4880 0.6330 66.3010 2.1025 -59.3492 -0.0061 0.0000 -0.0000 403 pedestrian_0006
Pedestrian 1.00 1.00 0 0 0 35 0 0 0 0 -1000.00 -1000.00 -1000.00 -1000.00 1.9158 0.4880 0.4458 -94.9551 1.9509 57.8432 1.6339 0.0000 -0.0000 404 pedestrian_0023
Pedestrian 0.00 1.00 0 0 0 0 0 0 0 0 603.17 364.62 607.15 371.19 1.1330 0.4333 0.5929 61.6987 1.9386 -100.8558 -1.2867 0.0000 -0.0000 405 pedestrian_0011
Pedestrian 1.00 1.00 335 364 579 8063 0 0 0 88 -1000.00 -1000.00 -1000.00 -1000.00 1.9158 0.4880 0.5453 5.8299 1.8951 -6.2056 -1.5283 0.0000 -0.0000 406 pedestrian_0004
Pedestrian 0.00 1.00 0 0 0 0 0 0 0 0 801.36 360.11 803.47 366.51 1.9158 0.4880 0.4923 47.2565 1.9499 -170.6911 3.1320 0.0000 -0.0000 407 pedestrian_0026
Pedestrian 1.00 1.00 0 0 0 0 0 0 0 0 -1000.00 -1000.00 -1000.00 -1000.00 1.3390 0.3253 0.3596 145.1588 1.8882 -18.8373 -1.5866 0.0000 -0.0000 408 pedestrian_0013
Pedestrian 0.00 1.00 0 0 0 0 0 0 0 0 1196.90 362.35 1198.68 365.23 1.1330 0.4333 0.5866 -93.8091 2.0609 -223.1402 -1.5249 0.0000 -0.0000 409 pedestrian_0010
Pedestrian 1.00 1.00 0 0 0 0 0 0 0 0 -1000.00 -1000.00 -1000.00 -1000.00 1.9158 0.4880 0.5435 144.1797 1.8953 40.1005 -1.5196 0.0000 -0.0000 410 pedestrian_0020
Pedestrian 0.00 1.00 0 0 0 0 0 0 0 0 1273.01 360.14 1275.87 366.54 1.9158 0.4880 0.7314 -94.3431 1.9569 -170.7788 -1.6591 0.0000 -0.0000 411 pedestrian_0025
Pedestrian 1.00 1.00 0 0 0 0 0 0 0 0 -1000.00 -1000.00 -1000.00 -1000.00 1.1330 0.4333 0.6667 123.0090 1.8835 52.3104 -1.3728 0.0000 -0.0000 412 pedestrian_0010
Pedestrian 0.00 1.00 0 0 0 0 0 0 0 0 431.58 359.91 434.89 367.82 1.9158 0.4880 0.4015 127.8283 1.8944 -138.9801 1.2479 0.0000 -0.0000 413 pedestrian_0015
Pedestrian 0.00 1.00 0 0 0 0 0 0 0 0 701.30 362.37 703.40 365.73 1.1330 0.4333 0.6667 87.3948 1.9384 -192.4860 1.6350 0.0000 -0.0000 414 pedestrian_0011
Pedestrian 0.00 0.99 7 5 8 49 15 0 0 0 960.88 361.32 967.73 380.68 1.9158 0.4880 0.6247 -0.4302 2.0481 -59.6662 3.0050 0.0000 -0.0000 415 pedestrian_0025
Pedestrian 1.00 1.00 0 0 0 0 0 0 0 0 -1000.00 -1000.00 -1000.00 -1000.00 1.1330 0.4333 0.6527 164.5264 -8.0614 -38.4981 1.5788 0.0000 -0.0000 416 pedestrian_0009
Pedestrian 1.00 1.00 0 0 0 0 0 0 0 0 -1000.00 -1000.00 -1000.00 -1000.00 1.9158 0.4880 0.7507 72.9519 -6.4734 109.3460 0.0341 0.0000 -0.0000 417 pedestrian_0026
Pedestrian 1.00 1.00 0 0 0 0 0 0 0 0 -1000.00 -1000.00 -1000.00 -1000.00 1.9158 0.4880 0.7507 -272.9541 1.9520 -38.7972 -1.5285 0.0000 -0.0000 418 pedestrian_0019
Pedestrian 0.00 0.99 3 7 13 49 12 0 0 0 969.42 361.40 977.26 380.50 1.9158 0.4880 0.7507 -1.3473 2.0579 -60.4114 -0.1136 0.0000 -0.0000 419 pedestrian_0018
Pedestrian 0.00 1.00 0 0 0 0 0 0 0 0 1141.22 360.07 1142.80 363.81 1.9158 0.4880 0.6655 -93.2014 1.9500 -288.2933 -0.0576 0.0000 -0.0000 420 pedestrian_0026
Pedestrian 1.00 1.00 0 0 0 0 0 0 0 0 -1000.00 -1000.00 -1000.00 -1000.00 1.9158 0.4880 0.3754 145.4278 1.8945 -82.3039 1.9115 0.0000 -0.0000 421 pedestrian_0005
Pedestrian 0.00 1.00 0 0 0 0 0 0 0 0 598.46 360.19 603.90 371.18 1.9158 0.4880 0.7507 62.8571 1.9500 -101.5765 -1.5241 0.0000 -0.0000 422 pedestrian_0021
Pedestrian 0.00 1.00 0 0 0 0 0 0 0 0 437.38 360.68 441.68 368.00 1.9158 0.4880 0.6639 136.3960 2.0941 -149.7316 0.0252 0.0000 -0.0000 423 pedestrian_0025
Pedestrian 0.00 1.00 0 0 0 0 0 0 0 0 111.97 359.86 119.97 372.69 1.9158 0.4880 0.4700 126.3855 1.8945 -87.4761 1.5493 0.0000 -0.0000 424 pedestrian_0008
Pedestrian 1.00 1.00 5 8 13 106 0 0 0 1 -1000.00 -1000.00 -1000.00 -1000.00 1.9158 0.4880 0.4676 43.1432 1.9483 28.5645 -0.2583 0.0000 -0.0000 425 pedestrian_0018
Pedestrian 1.00 1.00 0 0 0 0 0 0 0 0 -1000.00 -1000.00 -1000.00 -1000.00 1.9158 0.4880 0.7507 -171.8841 1.9337 -83.1548 3.1049 0.0000 -0.0000 426 pedestrian_0020
Pedestrian 0.00 1.00 0 0 0 0 0 0 0 0 1145.22 362.01 1147.01 366.47 1.3390 0.3253 0.4817 -55.9400 1.9437 -171.0753 2.9120 0.0000 -0.0000 427 pedestrian_0012
Pedestrian 0.00 1.00 0 0 0 0 0 0 0 0 333.48 363.65 338.06 369.18 1.1330 0.4333 0.4516 128.4797 1.8856 -118.5586 -1.5856 0.0000 -0.0000 428 pedestrian_0011
Pedestrian 0.00 1.00 0 0 0 0 0 0 0 0 1328.67 360.11 1331.39 366.45 1.9158 0.4880 0.5396 -112.1306 1.9502 -172.4387 2.9416 0.0000 -0.0000 429 pedestrian_0006
Pedestrian 1.00 1.00 0 0 0 0 0 0 0 0 -1000.00 -1000.00 -1000.00 -1000.00 1.9158 0.4880 0.6219 126.0968 1.8953 -21.7950 -1.5984 0.0000 -0.0000 430 pedestrian_0021
Pedestrian 0.00 1.00 0 0 0 0 0 0 0 0 1526.29 360.34 1536.09 378.65 1.9158 0.4880 0.5290 -60.0236 1.9512 -62.7265 -3.1200 0.0000 -0.0000 431 pedestrian_0026
Pedestrian 1.00 1.00 0 0 0 0 0 0 0 0 -1000.00 -1000.00 -1000.00 -1000.00 1.9158 0.4880 0.7507 34.3728 -5.7812 108.1836 0.0206 0.0000 -0.0000 432 pedestrian_0026
Pedestrian 0.00 1.00 0 0 0 0 0 0 0 0 1350.86 360.18 1355.23 370.44 1.9158 0.4880 0.4807 -73.5667 1.9501 -108.2220 -1.6354 0.0000 -0.0000 433 pedestrian_0002
Pedestrian 0.00 1.00 0 0 0 0 0 0 0 0 88.03 360.76 93.62 368.63 1.9158 0.4880 0.7507 212.0981 2.1022 -139.7319 2.9593 0.0000 -0.0000 434 pedestrian_0001
Pedestrian 0.00 1.00 0 0 0 0 0 0 0 0 663.86 339.25 665.39 343.28 1.9158 0.4880 0.6425 142.2159 -8.0626 -271.3399 0.5106 0.0000 -0.0000 435 pedestrian_0022
Pedestrian 1.00 1.00 0 0 0 0 0 0 0 0 -1000.00 -1000.00 -1000.00 -1000.00 1.9158 0.4880 0.3896 59.6487 2.0510 9.6319 -1.3318 0.0000 -0.0000 436 pedestrian_0005
Pedestrian 0.00 1.00 0 0 0 29 0 0 0 0 806.44 365.95 812.30 379.29 1.3390 0.3253 0.5005 15.2100 1.9417 -60.4493 3.1286 0.0000 -0.0000 437 pedestrian_0013
Pedestrian 0.00 1.00 0 0 0 0 0 0 0 0 1544.00 361.90 1546.54 364.58 1.1330 0.4333 0.6667 -248.0962 1.9402 -239.4290 2.1295 0.0000 -0.0000 438 pedestrian_0011
Pedestrian 1.00 1.00 2 0 2 19 0 2 0 0 -1000.00 -1000.00 -1000.00 -1000.00 1.9158 0.4880 0.7507 -91.8733 2.1028 29.0924 3.0620 0.0000 -0.0000 439 pedestrian_0006
Pedestrian 1.00 1.00 0 0 0 0 0 0 0 0 -1000.00 -1000.00 -1000.00 -1000.00 1.3390 0.3253 0.4934 21.2611 -4.7708 144.3515 -3.1185 0.0000 -0.0000 440 pedestrian_0014
Pedestrian 1.00 1.00 1 0 0 3 0 0 0 0 -1000.00 -1000.00 -1000.00 -1000.00 1.9158 0.4880 0.4996 -95.3644 1.9501 29.2694 -1.4880 0.0000 -0.0000 441 pedestrian_0025
Pedestrian 1.00 1.00 0 0 0 0 0 0 0 0 -1000.00 -1000.00 -1000.00 -1000.00 1.9158 0.4880 0.4859 -238.4941 1.9507 107.8311 -2.2964 0.0000 -0.0000 442 pedestrian_0003
Pedestrian 1.00 1.00 0 0 0 0 0 0 0 0 -1000.00 -1000.00 -1000.00 -1000.00 1.9158 0.4880 0.6445 125.5437 2.1024 -70.2522 1.0381 0.0000 -0.0000 443 pedestrian_0024
Pedestrian 0.00 1.00 2 1 1 8 1 0 0 0 929.86 359.89 932.41 369.54 1.9158 0.4880 0.5063 5.7381 1.8930 -114.6875 1.5862 0.0000 -0.0000 444 pedestrian_0007
Pedestrian 1.00 1.00 0 0 0 0 0 0 0 0 -1000.00 -1000.00 -1000.00 -1000.00 1.9158 0.4880 0.4108 -109.2268 1.9555 -62.1021 0.0157 0.0000 -0.0000 445 pedestrian_0023
Pedestrian 1.00 1.00 0 0 0 0 0 0 0 0 -1000.00 -1000.00 -1000.00 -1000.00 1.9158 0.4880 0.4480 -265.9101 1.9490 62.5068 1.3692 0.0000 -0.0000 446 pedestrian_0026
Pedestrian 1.00 1.00 0 0 0 0 0 0 0 0 -1000.00 -1000.00 -1000.00 -1000.00 1.1330 0.4333 0.6304 165.9975 -8.0590 -98.1710 -1.5536 0.0000 -0.0000 447 pedestrian_0009
Pedestrian 0.00 1.00 0 0 0 0 0 0 0 0 659.73 336.39 661.81 340.99 1.9158 0.4880 0.7507 126.6705 -8.0624 -239.1110 0.4442 0.0000 -0.0000 448 pedestrian_0015
Pedestrian 1.00 1.00 0 0 0 0 0 0 0 0 -1000.00 -1000.00 -1000.00 -1000.00 1.9158 0.4880 0.3816 152.9910 1.9500 -77.0887 3.0944 0.0000 -0.0000 449 pedestrian_0017
Pedestrian 0.00 1.00 3 4 6 12 1 0 0 0 922.76 359.90 925.26 369.12 1.9158 0.4880 0.6489 7.4992 1.8949 -119.9767 1.5848 0.0000 -0.0000 450 pedestrian_0023
Pedestrian 1.00 1.00 0 0 0 0 0 0 0 0 -1000.00 -1000.00 -1000.00 -1000.00 1.9158 0.4880 0.7507 -61.5803 1.9371 -6.6056 1.9368 0.0000 -0.0000 451 pedestrian_0001
Pedestrian 1.00 1.00 0 0 0 0 0 0 0 0 -1000.00 -1000.00 -1000.00 -1000.00 1.9158 0.4880 0.6226 -190.0996 1.9169 38.0012 -2.2749 0.0000 -0.0000 452 pedestrian_0017
Pedestrian 0.00 1.00 2 4 2 19 2 0 0 0 923.54 368.94 929.77 380.30 1.1330 0.4333 0.6037 3.3582 2.0369 -60.3233 -3.1350 0.0000 -0.0000 453 pedestrian_0011
Pedestrian 0.00 1.00 0 0 0 0 0 0 0 0 1724.25 360.11 1727.79 365.63 1.9158 0.4880 0.5674 -266.0409 1.9527 -196.9758 -1.3739 0.0000 -0.0000 454 pedestrian_0018
Pedestrian 0.00 1.00 0 0 0 0 0 0 0 0 493.69 359.93 497.11 366.02 1.9158 0.4880 0.6982 146.5124 1.8944 -179.2657 1.5517 0.0000 -0.0000 455 pedestrian_0021
Pedestrian 1.00 1.00 0 0 0 0 0 0 0 0 -1000.00 -1000.00 -1000.00 -1000.00 1.9158 0.4880 0.5028 208.3240 1.9502 -52.2727 -1.9464 0.0000 -0.0000 456 pedestrian_0007
Pedestrian 0.00 1.00 6 3 5 35 1 0 0 0 882.98 361.75 889.76 380.01 1.9158 0.4880 0.6821 7.7867 2.1025 -63.1094 -1.8299 0.0000 -0.0000 457 pedestrian_0021
Pedestrian 1.00 1.00 0 0 0 0 0 0 0 0 -1000.00 -1000.00 -1000.00 -1000.00 1.9158 0.4880 0.7507 46.1128 -6.1883 108.2156 -3.1208 0.0000 -0.0000 458 pedestrian_0019
Pedestrian 1.00 1.00 0 0 0 0 0 0 0 0 -1000.00 -1000.00 -1000.00 -1000.00 1.1330 0.4333 0.5378 -178.8883 1.9393 139.9106 0.1763 0.0000 -0.0000 459 pedestrian_0009
Pedestrian 1.00 1.00 0 0 0 0 0 0 0 0 -1000.00 -1000.00 -1000.00 -1000.00 1.9158 0.4880 0.6605 -199.0134 1.9507 133.9704 0.3528 0.0000 -0.0000 460 pedestrian_0004
Pedestrian 1.00 1.00 0 0 0 0 0 0 0 0 -1000.00 -1000.00 -1000.00 -1000.00 1.3390 0.3253 0.4197 -94.7898 1.9419 -32.3371 1.5995 0.0000 -0.0000 461 pedestrian_0012
Pedestrian 1.00 1.00 0 0 0 0 0 0 0 0 -1000.00 -1000.00 -1000.00 -1000.00 1.9158 0.4880 0.6063 -143.2475 2.1027 -70.9218 1.5246 0.0000 -0.0000 462 pedestrian_0006
Pedestrian 0.00 1.00 1 3 5 24 2 0 0 0 914.96 367.82 920.30 379.84 1.1330 0.4333 0.4955 4.0448 1.8833 -57.3820 -1.3303 0.0000 -0.0000 463 pedestrian_0009
Pedestrian 0.00 1.00 0 0 0 0 0 0 0 0 1216.32 362.69 1218.45 367.48 1.3390 0.3253 0.5005 -72.2038 2.0940 -159.9666 -1.4495 0.0000 -0.0000 464 pedestrian_0014
Pedestrian 0.00 1.00 0 0 0 0 0 0 0 0 1286.79 363.35 1289.55 367.35 1.1330 0.4333 0.6667 -93.5386 2.0910 -162.4618 -1.6603 0.0000 -0.0000 465 pedestrian_0010
Pedestrian 1.00 1.00 0 0 0 0 0 0 0 0 -1000.00 -1000.00 -1000.00 -1000.00 1.9158 0.4880 0.7460 -57.2346 1.9349 -19.2938 1.4924 0.0000 -0.0000 466 pedestrian_0017
Pedestrian 1.00 1.00 19 24 43 271 0 5 0 0 -1000.00 -1000.00 -1000.00 -1000.00 1.9158 0.4880 0.5105 -22.4211 1.9506 8.3952 -3.0949 0.0000 -0.0000 467 pedestrian_0004
Pedestrian 1.00 1.00 9 6 10 321 0 0 0 1 -1000.00 -1000.00 -1000.00 -1000.00 1.9158 0.4880 0.5711 44.1469 1.9506 27.8599 -3.0433 0.0000 -0.0000 468 pedestrian_0021
Pedestrian 0.00 1.00 0 0 0 0 0 0 0 0 108.79 367.66 117.76 381.40 1.3390 0.3253 0.4352 83.1543 2.0941 -58.9129 -0.1289 0.0000 -0.0000 469 pedestrian_0013
Pedestrian 1.00 1.00 0 0 0 0 0 0 0 0 -1000.00 -1000.00 -1000.00 -1000.00 1.9158 0.4880 0.7507 134.1678 2.0469 -81.1350 0.2556 0.0000 -0.0000 470 pedestrian_0001
Pedestrian 1.00 1.00 0 0 0 0 0 0 0 0 -1000.00 -1000.00 -1000.00 -1000.00 1.9158 0.4880 0.3754 122.8228 1.9500 -59.2348 0.0297 0.0000 -0.0000 471 pedestrian_0015
Pedestrian 1.00 1.00 0 0 0 2 0 0 0 0 -1000.00 -1000.00 -1000.00 -1000.00 1.9158 0.4880 0.7507 -70.5271 1.9506 144.0090 -0.0055 0.0000 -0.0000 472 pedestrian_0024
Pedestrian 0.00 1.00 0 0 0 0 0 0 0 0 1185.39 361.84 1186.77 365.92 1.3390 0.3253 0.3333 -74.2666 1.9434 -186.5528 1.5422 0.0000 -0.0000 473 pedestrian_0013
Pedestrian 0.00 1.00 0 0 0 0 0 0 0 0 1241.05 360.07 1242.79 363.79 1.9158 0.4880 0.6602 -145.1780 1.9499 -289.9005 3.0775 0.0000 -0.0000 474 pedestrian_0018
Pedestrian 0.00 1.00 0 0 0 0 0 0 0 0 1002.03 361.99 1003.05 366.44 1.3390 0.3253 0.2559 -12.8421 1.9415 -171.7990 2.9045 0.0000 -0.0000 475 pedestrian_0012
Pedestrian 1.00 1.00 1 1 3 11 0 0 0 0 -1000.00 -1000.00 -1000.00 -1000.00 1.9158 0.4880 0.6467 -91.0678 2.1028 28.2824 -0.3197 0.0000 -0.0000 476 pedestrian_0026
Pedestrian 0.00 1.00 0 0 0 0 0 0 0 0 1145.36 360.07 1146.69 363.82 1.9158 0.4880 0.5149 -95.0039 1.9499 -287.5452 -3.1402 0.0000 -0.0000 477 pedestrian_0016
Pedestrian 0.00 1.00 0 0 0 0 0 0 0 0 347.29 360.26 356.65 374.11 1.9158 0.4880 0.7507 84.5656 1.9521 -81.5702 0.4620 0.0000 -0.0000 478 pedestrian_0006
Pedestrian 0.00 1.00 0 0 0 0 0 0 0 0 1281.38 360.07 1282.91 363.81 1.9158 0.4880 0.5656 -164.8576 1.9499 -288.1197 2.8965 0.0000 -0.0000 479 pedestrian_0001
Pedestrian 1.00 1.00 0 0 0 0 0 0 0 0 -1000.00 -1000.00 -1000.00 -1000.00 1.9158 0.4880 0.4899 51.2919 2.0473 86.1054 -0.7813 0.0000 -0.0000 480 pedestrian_0021
Car 0.00 1.00 0 0 0 0 0 0 0 0 879.97 361.19 890.26 368.47 1.6980 1.9434 4.1871 17.8163 1.9850 -136.4914 -1.5556 0.0000 -0.0000 481 citroen_c3
Car 0.00 1.00 0 0 0 0 0 0 0 0 869.61 359.90 881.35 369.09 1.9718 2.0005 4.0595 18.4247 1.9505 -125.4402 -1.5556 0.0000 -0.0000 482 jeep_wrangler_rubicon
Car 0.00 1.00 0 0 0 0 0 0 0 0 745.43 360.06 760.11 368.54 1.9718 2.0005 4.0595 48.9311 1.9855 -135.4218 1.5860 0.0000 -0.0000 483 jeep_wrangler_rubicon
Car 0.00 1.00 0 0 0 0 0 0 0 0 883.34 359.90 894.62 369.09 1.9718 2.0005 4.0595 15.4838 1.9505 -125.4849 -1.5556 0.0000 -0.0000 484 jeep_wrangler_rubicon
Car 0.00 1.00 0 0 0 0 0 0 0 0 1265.60 360.11 1292.03 370.22 1.9718 2.0005 4.0595 -62.7673 1.9929 -113.6408 0.0152 0.0000 -0.0000 485 nissan_patrol
Car 0.00 1.00 0 0 0 0 0 0 0 0 1257.69 362.31 1283.17 370.09 1.5488 2.0688 3.9961 -62.7374 2.0206 -116.5359 -3.1264 0.0000 -0.0000 486 nissan_patrol
Car 0.00 1.00 0 0 0 0 0 0 0 0 1279.83 362.95 1321.43 372.07 1.4855 2.1349 -5.6254 -56.6026 1.9826 -96.6445 -3.1264 0.0000 -0.0000 487 nissan_patrol
Car 0.00 1.00 0 0 0 0 0 0 0 0 1234.11 361.73 1258.80 370.09 1.6244 1.8781 -3.8906 -56.3451 1.9687 -113.5420 0.0152 0.0000 -0.0000 488 nissan_patrol
Car 0.00 0.97 0 0 0 20 1 0 0 0 1193.21 361.89 1231.20 373.35 1.7506 2.3538 -4.8416 -39.2216 2.0495 -90.7620 0.0152 0.0000 -0.0000 489 nissan_patrol
Car 0.00 0.62 4 6 9 40 2 0 0 0 1161.94 360.12 1188.63 371.10 1.9718 2.0005 -4.0595 -39.0432 1.9929 -105.0589 -3.1264 0.0000 -0.0000 490 nissan_patrol
Car 0.00 1.00 0 0 0 0 0 0 0 0 1343.55 360.19 1383.78 372.81 1.9476 2.0282 4.8347 -63.0677 1.9780 -91.1249 -3.1264 0.0000 -0.0000 491 nissan_patrol
Car 0.00 1.00 0 0 0 0 0 0 0 0 1333.78 360.13 1367.55 372.48 1.9718 2.0005 4.0595 -63.0813 1.9929 -94.0196 -3.1264 0.0000 -0.0000 492 nissan_patrol
Car 0.00 1.00 0 0 0 0 0 0 0 0 1228.33 362.11 1258.44 372.36 1.6244 1.8781 3.8906 -45.6203 1.9687 -93.7548 0.0152 0.0000 -0.0000 493 nissan_patrol
Car 0.00 1.00 0 0 0 0 0 0 0 0 1219.63 362.81 1249.88 372.32 1.5488 2.0688 3.9961 -45.5777 2.0207 -96.4784 -3.1264 0.0000 -0.0000 494 nissan_patrol
Car 0.00 0.99 0 0 0 4 0 0 0 0 1194.58 359.11 1225.87 371.02 2.1397 2.1728 4.7017 -45.4222 1.9794 -105.1570 -3.1264 0.0000 -0.0000 495 nissan_patrol
Car 0.00 0.70 8 8 14 71 1 0 0 0 1176.00 360.15 1204.89 370.17 1.9476 2.0282 4.8347 -45.2492 1.9779 -113.3729 -3.1264 0.0000 -0.0000 496 nissan_patrol
Car 0.00 1.00 0 0 2 2 0 0 0 0 1172.51 362.26 1196.61 369.85 1.5100 1.8730 4.1000 -45.2724 1.9696 -116.2700 -3.1264 0.0000 -0.0000 497 nissan_patrol
Car 0.00 0.56 7 14 17 86 0 0 0 0 1119.62 362.65 1146.05 371.61 1.5488 2.0688 3.9961 -30.3959 2.0206 -102.0329 0.0152 0.0000 -0.0000 498 nissan_patrol
Car 0.00 0.84 0 0 0 5 0 0 0 0 1114.72 362.51 1140.52 370.97 1.5100 1.8730 4.1000 -30.3558 1.9696 -104.9277 0.0152 0.0000 -0.0000 499 nissan_patrol
Car 0.00 1.00 0 0 0 0 0 0 0 0 1108.19 360.16 1137.42 370.74 1.9476 2.0282 4.8347 -30.2676 1.9779 -107.6101 -3.1264 0.0000 -0.0000 500 nissan_patrol
Car 0.00 0.33 29 31 52 200 5 0 0 0 1098.79 358.95 1133.09 372.92 2.1397 2.1728 -4.7017 -24.1782 1.9795 -90.5330 -3.1264 0.0000 -0.0000 501 nissan_patrol
Car 0.00 0.59 4 8 12 58 1 0 0 0 1093.35 360.19 1126.96 372.47 1.9476 2.0282 -4.8347 -24.0673 1.9779 -93.4269 0.0152 0.0000 -0.0000 502 nissan_patrol
Car 0.00 0.32 13 13 17 80 5 0 0 0 1073.73 361.78 1096.38 370.40 1.6244 1.8781 -3.8906 -23.8814 1.9686 -110.4084 -3.1264 0.0000 -0.0000 503 nissan_patrol
Car 0.00 0.41 2 1 4 24 0 0 0 0 1068.25 361.51 1095.71 370.58 1.7506 2.3538 -4.8416 -23.8655 2.0494 -113.0476 -3.1264 0.0000 -0.0000 504 nissan_patrol
Car 0.00 1.00 0 0 0 0 0 0 0 0 860.88 359.97 872.47 368.27 1.9476 2.0282 4.8347 22.3042 1.9414 -137.0920 1.5860 0.0000 -0.0000 505 nissan_patrol
Car 0.00 1.00 0 0 0 0 0 0 0 0 756.87 361.73 771.32 368.48 1.5475 1.9070 4.4025 46.1264 1.9629 -135.0633 1.5860 0.0000 -0.0000 506 seat_leon
Car 0.00 1.00 0 0 0 0 0 0 0 0 818.82 357.47 835.48 368.55 2.5908 2.7453 5.4640 31.6946 1.9999 -136.8858 1.5860 0.0000 -0.0000 507 carlamotors_carlacola
Car 0.00 1.00 0 0 0 0 0 0 0 0 488.95 357.71 517.28 368.11 2.5908 2.7453 5.4640 116.0604 2.0212 -145.3610 -1.5556 0.0000 -0.0000 508 carlamotors_carlacola
Car 0.00 1.00 0 0 0 0 0 0 0 0 474.77 357.71 503.65 368.11 2.5908 2.7453 5.4640 119.5486 2.0212 -145.3079 -1.5556 0.0000 -0.0000 509 carlamotors_carlacola
Car 0.00 1.00 0 0 0 0 0 0 0 0 378.60 356.55 419.35 369.46 2.5908 2.7453 5.4640 113.9942 1.8991 -117.1504 -3.1264 0.0000 -0.0000 510 carlamotors_carlacola
Car 0.00 1.00 0 0 0 0 0 0 0 0 837.31 357.48 853.21 368.55 2.5908 2.7453 5.4640 27.3842 1.9999 -136.9514 1.5860 0.0000 -0.0000 511 carlamotors_carlacola
Car 1.00 1.00 0 0 0 0 0 0 0 0 -1000.00 -1000.00 -1000.00 -1000.00 2.2031 2.5091 6.5872 53.8192 2.0111 -26.3733 1.0624 0.0000 -0.0000 512 tesla_cybertruck