Car 0.00 1.00 0 0 0 0 0 0 0 0 1172.29 361.14 1184.43 364.42 1.5542 2.3421 5.1370 -106.8684 2.1316 -275.7933 -0.1595 0.0111 0.0004 0 lincoln2020_mkz2020
Car 1.00 1.00 6695 237727 380538 0 0 0 0 0 -1000.00 -1000.00 -1000.00 -1000.00 2.1397 2.1728 4.7045 -0.0005 2.0932 -2.2389 1.5708 0.0000 0.0000 1 volkswagen_t2
Motorcycle 0.00 1.00 0 0 0 0 0 0 0 0 1163.48 360.97 1167.98 364.91 1.6960 1.0692 2.4735 -89.6308 2.1236 -245.9695 -1.5831 0.0034 0.0000 2 harley_davidson_low_rider
Motorcycle 0.00 1.00 0 0 0 0 0 0 0 0 1467.29 360.94 1474.89 364.81 1.6960 1.0692 2.4735 -227.6977 2.1241 -251.4192 -0.7530 0.0061 -0.0004 3 harley_davidson_low_rider
Car 1.00 1.00 0 0 0 0 0 0 0 0 -1000.00 -1000.00 -1000.00 -1000.00 1.6320 2.1403 5.2230 125.1802 2.1445 -63.2771 -3.1236 -0.0009 -0.0006 4 dodge_charger_police
Car 0.00 1.00 0 0 0 0 0 0 0 0 1603.13 361.54 1627.17 365.99 1.5542 2.3421 5.1370 -238.2560 2.1344 -206.0882 1.8869 -0.0015 -0.0069 5 lincoln2020_mkz2020
Car 1.00 1.00 0 0 0 0 0 0 0 0 -1000.00 -1000.00 -1000.00 -1000.00 1.4546 2.0938 4.3903 79.1886 -6.3498 124.1122 0.0120 -0.0108 -0.0001 6 audi_tt
Car 0.00 1.00 0 0 0 0 0 0 0 0 1036.10 362.39 1045.00 367.47 1.4477 1.5550 2.3177 -23.0925 2.1405 -163.4129 0.0035 -0.0129 0.0000 7 bmw_isetta
Car 1.00 1.00 0 0 0 0 0 0 0 0 -1000.00 -1000.00 -1000.00 -1000.00 1.7173 2.2591 5.2781 109.3525 -6.6757 121.6331 -0.2413 -0.0187 -0.0061 8 mercedes_benz_coupe
Car 1.00 1.00 502 515 837 12445 0 10 74 0 -1000.00 -1000.00 -1000.00 -1000.00 1.4812 2.1349 5.6254 -10.6214 2.1167 18.2978 0.4288 0.0018 -0.0009 9 chevrolet_impala
Car 1.00 1.00 0 0 0 0 0 0 0 0 -1000.00 -1000.00 -1000.00 -1000.00 1.6115 2.2019 5.2564 133.2730 2.0808 38.6142 -1.5250 -0.0001 0.0006 10 charger2020_charger2020
Car 0.00 1.00 0 0 0 0 0 0 0 0 414.49 359.54 449.25 368.58 2.2031 2.5091 6.5872 132.4978 2.0943 -143.6449 -1.5555 0.0029 0.0000 11 tesla_cybertruck
Car 0.00 1.00 0 0 0 0 0 0 0 0 1422.08 363.58 1458.88 373.01 1.5140 2.1024 4.9073 -80.9261 2.1345 -97.9284 1.5237 0.0000 -0.0000 12 mercedesccc_mercedesccc
Car 0.00 1.00 0 0 0 0 0 0 0 0 378.38 361.64 401.27 368.00 1.6980 1.9434 4.1871 153.8147 2.1443 -154.0202 3.1371 -0.0000 0.0000 13 citroen_c3
Car 0.00 1.00 0 0 0 0 0 0 0 0 59.82 366.06 144.25 380.39 1.4812 2.1349 5.6254 91.8059 2.1426 -63.8432 -3.1242 -0.0000 0.0000 14 chevrolet_impala
Car 0.00 1.00 0 0 0 0 0 0 0 0 382.02 361.93 413.30 369.05 1.6320 2.1403 5.2230 132.3602 2.0917 -135.0110 -1.5471 -0.0011 -0.0001 15 dodge_charger_police
Car 0.00 0.44 0 5 5 29 9 0 0 0 988.84 361.84 1007.02 367.31 1.5863 2.2347 5.1468 -11.0893 2.1291 -166.7714 0.0132 -0.0052 0.0005 16 lincoln_mkz2017
Car 1.00 1.00 0 0 0 0 0 0 0 0 -1000.00 -1000.00 -1000.00 -1000.00 1.7318 2.1344 5.0985 -132.8727 2.1513 118.0403 -0.0046 -0.0001 -0.0001 17 audi_etron
Car 0.00 1.00 0 0 0 0 0 0 0 0 1022.89 361.29 1040.53 367.33 1.7506 2.3538 4.8416 -20.9959 2.1314 -166.9094 0.0137 0.0010 -0.0000 18 bmw_grandtourer
Car 1.00 1.00 20 22 25 1354 0 0 0 1 -1000.00 -1000.00 -1000.00 -1000.00 1.5765 1.9374 3.8150 65.4803 2.1222 37.7454 -1.5705 0.0006 -0.0000 19 nissan_micra
Motorcycle 0.00 0.47 10 16 21 89 2 0 0 0 1131.63 363.26 1153.46 376.52 1.6960 1.0692 2.4735 -23.6690 2.1240 -76.3804 0.0172 0.0038 0.0000 20 harley_davidson_low_rider
Car 0.00 1.00 0 0 0 0 0 0 0 0 1193.51 361.64 1204.31 366.53 1.5765 1.9374 3.8150 -78.5048 2.1221 -186.6504 1.5594 0.0001 -0.0000 21 nissan_micra
Car 1.00 1.00 0 0 0 0 0 0 0 0 -1000.00 -1000.00 -1000.00 -1000.00 1.7203 2.2019 5.4994 128.5975 2.1201 -69.5895 0.2154 -0.0040 -0.0020 22 chargercop2020_chargercop2020
Car 0.00 0.25 32 36 70 292 10 0 0 0 1059.21 364.60 1098.86 377.56 1.5475 1.9070 4.4025 -14.5958 2.1225 -72.5686 0.0709 -0.0026 -0.0014 23 seat_leon
Car 0.00 1.00 0 0 0 0 0 0 0 0 1190.63 362.08 1202.01 365.96 1.3660 1.9896 4.9534 -85.7570 2.1336 -205.6733 -1.5634 0.0012 -0.0000 24 mustang_mustang
Cyclist 1.00 1.00 0 1 1 8 0 0 0 0 -1000.00 -1000.00 -1000.00 -1000.00 1.9709 0.6705 1.7250 -86.4260 2.1228 36.9333 -1.5561 0.0050 0.0000 25 diamondback_century
Cyclist 1.00 1.00 4 4 10 37 0 1 0 0 -1000.00 -1000.00 -1000.00 -1000.00 1.7065 0.8593 1.4873 -68.0863 2.0923 22.4120 -3.1401 -0.0000 0.0000 26 bh_crossbike
Car 0.00 1.00 0 0 0 0 0 0 0 0 1501.55 360.08 1563.09 379.53 2.1397 2.1728 4.7045 -64.0844 2.1485 -66.5987 -3.1230 0.0000 0.0000 27 volkswagen_t2
Car 1.00 1.00 0 0 0 0 0 0 0 0 -1000.00 -1000.00 -1000.00 -1000.00 1.9718 2.0005 4.0595 -90.5356 2.1400 86.6627 -1.5700 -0.0004 -0.0001 28 jeep_wrangler_rubicon
Car 1.00 1.00 16 12 23 140 0 0 0 1 -1000.00 -1000.00 -1000.00 -1000.00 1.5627 2.2716 5.0314 54.2396 2.1404 13.6319 0.0162 0.0000 -0.0000 29 tesla_model3
Car 0.00 1.00 0 0 0 0 0 0 0 0 715.63 362.12 727.95 366.76 1.4546 2.0938 4.3903 76.4099 2.1418 -182.3253 1.5792 0.0000 -0.0000 30 audi_tt
Car 0.00 1.00 0 0 0 0 0 0 0 0 57.59 363.27 110.42 373.43 1.5488 2.0688 3.9961 138.7052 2.0795 -92.3023 1.5876 -0.0000 -0.0000 31 mini_cooperst
Car 1.00 1.00 0 0 0 0 0 0 0 0 -1000.00 -1000.00 -1000.00 -1000.00 1.6011 2.1072 4.7392 73.3979 2.1364 -3.6643 1.5950 -0.0000 -0.0000 32 toyota_prius
Car 1.00 1.00 0 0 0 0 0 0 0 0 -1000.00 -1000.00 -1000.00 -1000.00 2.1397 2.1728 4.7045 -156.7259 2.1487 -54.5363 -1.5227 0.0000 0.0000 33 volkswagen_t2
Car 1.00 1.00 0 0 0 0 0 0 0 0 -1000.00 -1000.00 -1000.00 -1000.00 1.6011 2.1072 4.7392 -83.8370 2.1369 97.7761 1.5858 -0.0004 -0.0000 34 toyota_prius
Car 1.00 1.00 0 0 0 0 0 0 0 0 -1000.00 -1000.00 -1000.00 -1000.00 1.3660 1.9896 4.9534 77.2352 2.1342 -17.5482 1.5744 -0.0000 -0.0000 35 mustang_mustang
Car 1.00 1.00 0 0 0 0 0 0 0 0 -1000.00 -1000.00 -1000.00 -1000.00 1.6011 2.1072 4.7392 147.8866 2.1364 21.9820 -3.1088 -0.0000 -0.0000 36 toyota_prius
Car 0.00 0.84 1 1 3 34 4 0 0 0 963.63 362.01 979.88 373.57 1.7506 2.3538 4.8416 -1.8145 2.0765 -91.7182 1.5920 0.0000 -0.0000 37 bmw_grandtourer
Car 0.00 1.00 0 0 0 0 0 0 0 0 441.64 359.69 473.23 367.77 2.2031 2.5091 6.5872 139.1838 2.1265 -158.0205 3.1090 0.0002 0.0030 38 tesla_cybertruck
Motorcycle 1.00 1.00 0 0 0 0 0 0 0 0 -1000.00 -1000.00 -1000.00 -1000.00 1.6387 1.2138 2.3199 137.2365 2.0900 2.7235 1.5854 -0.0000 0.0000 39 yamaha_yzf
Car 0.00 1.00 0 0 0 0 0 0 0 0 1429.71 361.09 1469.31 373.80 1.9476 2.0282 4.8347 -77.3439 2.1238 -92.1524 1.5597 -0.0004 0.0000 40 nissan_patrol
Car 0.00 0.88 2 3 4 9 3 0 0 0 961.51 362.71 977.13 372.67 1.6115 2.2019 5.2564 -1.5392 2.0807 -98.1079 1.6386 -0.0001 0.0006 41 charger2020_charger2020
Car 0.00 1.00 0 0 0 0 0 0 0 0 602.34 361.80 624.01 367.50 1.6115 2.2019 5.2564 99.8316 2.1359 -164.0342 -0.2205 -0.0006 0.0006 42 charger2020_charger2020
Motorcycle 1.00 1.00 0 0 0 0 0 0 0 0 -1000.00 -1000.00 -1000.00 -1000.00 1.6649 1.0692 2.4735 99.4535 2.0681 81.2828 3.0885 0.0033 -0.0197 43 harley_davidson_low_rider
Car 0.00 1.00 0 0 0 0 0 0 0 0 1156.84 361.18 1167.30 364.43 1.5542 2.3421 5.1370 -98.3107 2.1340 -274.1236 0.6396 0.0000 0.0000 44 lincoln2020_mkz2020
Motorcycle 1.00 1.00 0 0 0 0 0 0 0 0 -1000.00 -1000.00 -1000.00 -1000.00 1.6960 1.0692 2.4735 77.0886 2.1239 -12.2843 1.5874 0.0031 0.0000 45 harley_davidson_low_rider
Cyclist 0.00 1.00 0 0 0 0 0 0 0 0 758.66 360.64 766.18 367.43 1.9310 0.5921 1.9272 56.2773 2.1137 -162.3551 0.0139 -0.0028 0.0000 46 gazelle_omafiets
Car 1.00 1.00 2828 3168 4978 208364 0 0 1720 0 -1000.00 -1000.00 -1000.00 -1000.00 1.7318 2.1344 5.0985 0.0226 2.0957 4.2206 1.5672 -0.0000 -0.0000 47 audi_etron
Car 1.00 1.00 0 0 0 0 0 0 0 0 -1000.00 -1000.00 -1000.00 -1000.00 1.9476 2.0282 4.8347 130.3302 2.0687 4.4802 -1.4290 -0.0011 -0.0044 48 nissan_patrol
Car 1.00 1.00 62 61 94 4685 0 9 2 0 -1000.00 -1000.00 -1000.00 -1000.00 1.7203 2.2019 5.4994 -22.6522 2.1389 16.0301 0.0572 -0.0018 0.0005 49 chargercop2020_chargercop2020
Car 1.00 1.00 0 0 0 0 0 0 0 0 -1000.00 -1000.00 -1000.00 -1000.00 1.6244 1.8781 3.8906 -154.4352 2.1330 -79.8094 1.9351 -0.0006 -0.0011 50 audi_a2
Car 0.00 1.00 0 0 0 0 0 0 0 0 1074.93 361.88 1093.54 367.45 1.5863 2.2347 5.1468 -36.0251 2.1365 -165.1721 -0.2781 0.0000 0.0000 51 lincoln_mkz2017
Cyclist 1.00 1.00 3 1 4 30 0 1 0 0 -1000.00 -1000.00 -1000.00 -1000.00 1.9709 0.6705 1.7250 -89.9141 2.1229 28.7757 -1.6387 0.0072 0.0011 52 diamondback_century
Cyclist 0.00 0.18 5 6 5 35 2 0 0 0 1160.83 361.48 1178.24 377.19 1.9311 0.5921 1.9272 -25.8692 2.1140 -72.9194 0.0182 -0.0018 0.0000 53 gazelle_omafiets
Car 0.80 1.00 0 0 0 0 0 0 0 0 0.00 362.58 15.93 374.86 1.7173 2.2591 5.2781 142.0839 2.0956 -84.5900 1.5864 -0.0071 -0.0002 54 mercedes_benz_coupe
Car 0.00 1.00 0 0 0 0 0 0 0 0 790.47 361.38 805.63 365.58 1.5542 2.3421 5.1370 60.8342 2.0788 -212.7511 0.1076 0.0003 -0.0005 55 lincoln2020_mkz2020
Car 0.00 1.00 0 0 0 0 0 0 0 0 877.68 361.35 896.19 367.69 1.7506 2.3538 4.8416 20.3895 2.1318 -159.2990 3.1295 -0.0000 -0.0000 56 bmw_grandtourer
Car 0.00 1.00 0 0 0 0 0 0 0 0 469.72 364.18 505.96 373.69 1.4546 2.0938 4.3903 75.6671 2.1420 -93.3887 1.5790 0.0000 -0.0000 57 audi_tt
Car 0.00 1.00 0 0 0 0 0 0 0 0 1452.39 362.73 1497.84 374.00 1.7173 2.2591 5.2781 -80.8491 2.1513 -91.5836 1.5609 -0.0071 -0.0002 58 mercedes_benz_coupe
Car 0.00 1.00 0 0 0 0 0 0 0 0 540.18 364.49 593.71 377.03 1.5542 2.3421 5.1370 50.0167 2.1345 -75.0923 0.0168 -0.0013 -0.0000 59 lincoln2020_mkz2020
Car 1.00 1.00 0 0 0 0 0 0 0 0 -1000.00 -1000.00 -1000.00 -1000.00 2.1397 2.1728 4.7045 81.2078 2.1111 71.9867 0.4749 -0.0220 -0.0262 60 volkswagen_t2
Car 1.00 1.00 0 0 0 1 0 0 0 0 -1000.00 -1000.00 -1000.00 -1000.00 1.7506 2.3538 4.8416 134.5554 2.0767 30.7020 -1.4850 0.0000 0.0001 61 bmw_grandtourer
Car 0.00 1.00 0 0 0 0 0 0 0 0 685.72 361.26 702.93 365.78 1.6320 2.1403 5.2230 96.5525 2.0933 -205.9409 -3.1406 -0.0043 0.0000 62 dodge_charger_police
Car 0.00 1.00 1 2 2 2 0 0 0 0 943.83 362.06 954.50 371.47 1.6980 1.9434 4.1871 2.0172 2.0891 -107.5599 1.5916 -0.0000 0.0000 63 citroen_c3
Car 0.00 1.00 0 0 0 0 0 0 0 0 775.27 362.31 797.34 367.57 1.4812 2.1349 5.6254 49.4821 2.1430 -162.4438 0.0144 -0.0009 -0.0000 64 chevrolet_impala
Car 1.00 1.00 438 481 767 38226 0 74 92 0 -1000.00 -1000.00 -1000.00 -1000.00 1.6115 2.2019 5.2564 -17.7867 2.1334 12.4107 -0.0091 -0.0018 0.0039 65 charger2020_charger2020
Car 1.00 1.00 0 0 0 0 0 0 0 0 -1000.00 -1000.00 -1000.00 -1000.00 1.3660 1.9896 4.9534 117.1937 2.1343 14.5289 -0.0926 -0.0000 -0.0000 66 mustang_mustang
Motorcycle 1.00 1.00 0 0 0 0 0 0 0 0 -1000.00 -1000.00 -1000.00 -1000.00 1.5852 1.1236 2.1350 77.0046 2.0998 -8.0056 1.5944 -0.0000 -0.0000 67 kawasaki_ninja
Car 1.00 1.00 0 0 0 0 0 0 0 0 -1000.00 -1000.00 -1000.00 -1000.00 1.5488 2.0688 3.9961 -209.2227 2.0966 -15.8247 -1.5390 -0.0000 -0.0000 68 mini_cooperst
Car 1.00 1.00 0 0 0 0 0 0 0 0 -1000.00 -1000.00 -1000.00 -1000.00 1.5542 2.3421 5.1370 -156.8787 2.1336 -71.3482 -1.5192 -0.0001 -0.0003 69 lincoln2020_mkz2020
Car 0.00 0.21 39 49 83 347 75 0 0 0 960.96 361.25 998.74 379.47 1.9718 2.0005 4.0595 -2.1511 2.1092 -65.4705 -3.1277 -0.0025 0.0000 70 jeep_wrangler_rubicon
Car 0.00 1.00 0 0 0 0 0 0 0 0 1199.49 361.18 1213.52 366.80 1.7506 2.3538 4.8416 -78.3709 2.1318 -180.7634 1.5592 0.0001 -0.0000 71 bmw_grandtourer
Car 0.00 1.00 0 0 0 0 0 0 0 0 390.56 359.55 427.00 368.70 2.2031 2.5091 6.5872 135.9617 2.0955 -141.3017 -1.5552 0.0000 -0.0000 72 tesla_cybertruck
Car 1.00 1.00 0 0 0 0 0 0 0 0 -1000.00 -1000.00 -1000.00 -1000.00 1.6244 1.8781 3.8906 -78.8546 2.1335 -1.3241 1.5864 -0.0005 -0.0011 73 audi_a2
Car 0.00 1.00 0 0 0 0 0 0 0 0 661.85 361.55 681.42 368.75 1.7203 2.2019 5.4994 72.5774 2.1389 -144.0809 -1.5389 0.0063 0.0010 74 chargercop2020_chargercop2020
Car 1.00 1.00 0 0 0 0 0 0 0 0 -1000.00 -1000.00 -1000.00 -1000.00 1.6320 2.1403 5.2230 -82.2921 2.1492 -4.8372 1.5861 -0.0043 0.0000 75 dodge_charger_police
Car 1.00 1.00 158 167 271 1758 0 23 0 0 -1000.00 -1000.00 -1000.00 -1000.00 1.5140 2.1024 4.9073 -24.8604 2.1346 12.4512 0.0407 0.0000 -0.0000 76 mercedesccc_mercedesccc
Car 0.00 1.00 0 0 0 0 0 0 0 0 861.41 361.06 872.93 365.65 1.6244 1.8781 3.8906 34.8418 2.0667 -212.5202 -0.1119 0.0210 0.0088 77 audi_a2
Car 0.00 1.00 0 0 0 0 0 0 0 0 1383.12 364.23 1428.20 378.30 1.6244 1.8781 3.8906 -52.6777 2.1333 -70.0375 -3.0918 -0.0005 -0.0011 78 audi_a2
Car 0.00 0.90 0 3 6 13 3 0 0 0 914.98 361.46 934.83 367.69 1.7203 2.2019 5.4994 9.8172 2.1330 -159.4905 -3.0721 -0.0038 0.0013 79 chargercop2020_chargercop2020
Car 1.00 1.00 0 0 0 0 0 0 0 0 -1000.00 -1000.00 -1000.00 -1000.00 2.1397 2.1728 4.7045 -160.2813 2.1314 -56.8938 -1.5529 0.0523 -0.0000 80 volkswagen_t2
Car 0.00 1.00 0 0 0 0 0 0 0 0 736.41 362.62 756.00 367.38 1.3660 1.9896 4.9534 62.2805 2.1340 -165.9783 -0.0774 0.0000 -0.0002 81 mustang_mustang
Car 0.00 0.40 2 1 1 24 4 0 0 0 941.15 362.17 955.76 373.15 1.7203 2.2019 5.4994 1.9210 2.0833 -95.0061 1.6250 -0.0001 0.0007 82 chargercop2020_chargercop2020
Car 1.00 1.00 0 0 1 12 0 0 0 0 -1000.00 -1000.00 -1000.00 -1000.00 1.6244 1.8781 3.8906 -80.3470 2.1349 97.7516 1.5857 -0.0030 -0.0011 83 audi_a2
Car 0.00 1.00 0 0 0 0 0 0 0 0 406.52 363.35 444.40 374.76 1.6244 1.8781 3.8906 79.1068 2.1332 -86.5748 1.5799 -0.0005 -0.0011 84 audi_a2
Car 0.00 1.00 0 0 0 0 0 0 0 0 354.46 362.83 380.40 367.97 1.3660 1.9896 4.9534 159.7709 2.1339 -153.9404 3.1163 -0.0000 -0.0000 85 mustang_mustang
Car 0.00 1.00 0 0 0 0 0 0 0 0 1152.01 361.15 1159.32 364.87 1.6244 1.8781 3.8906 -86.1430 2.1337 -248.5267 -1.5817 -0.0019 -0.0010 86 audi_a2
Car 1.00 1.00 0 0 0 0 0 0 0 0 -1000.00 -1000.00 -1000.00 -1000.00 1.9718 2.0005 4.0595 -176.9028 2.1220 -75.9922 -0.0069 0.0026 -0.0003 87 jeep_wrangler_rubicon
Car 0.00 1.00 0 0 0 0 0 0 0 0 1140.03 360.35 1148.97 364.70 1.9718 2.0005 4.0595 -84.9102 2.1392 -259.6030 -1.3100 -0.0002 0.0020 88 jeep_wrangler_rubicon
Car 1.00 1.00 0 0 0 0 0 0 0 0 -1000.00 -1000.00 -1000.00 -1000.00 1.3660 1.9896 4.9534 -242.0649 2.1342 -138.6523 1.5834 -0.0001 -0.0001 89 mustang_mustang
Motorcycle 1.00 1.00 0 0 0 0 0 0 0 0 -1000.00 -1000.00 -1000.00 -1000.00 1.6649 1.0692 2.4735 140.0466 2.0682 47.8878 1.5904 0.0041 -0.0006 90 harley_davidson_low_rider
Car 1.00 1.00 0 0 0 0 0 0 0 0 -1000.00 -1000.00 -1000.00 -1000.00 1.5475 1.9070 4.4025 -84.7665 2.1358 112.6465 1.7525 -0.0009 0.0046 91 seat_leon
Motorcycle 1.00 1.00 0 0 0 0 0 0 0 0 -1000.00 -1000.00 -1000.00 -1000.00 1.6387 1.2138 2.3199 137.3476 2.0901 -11.0441 1.5768 -0.0015 0.0000 92 yamaha_yzf
Cyclist 1.00 1.00 0 0 0 0 0 0 0 0 -1000.00 -1000.00 -1000.00 -1000.00 1.9311 0.5921 1.9272 -91.4829 2.1134 75.5428 -1.8356 -0.0041 -0.0006 93 gazelle_omafiets
Car 1.00 1.00 0 0 0 0 0 0 0 0 -1000.00 -1000.00 -1000.00 -1000.00 1.5140 2.1024 4.9073 -151.9774 2.1342 -72.0431 -3.1054 -0.0000 -0.0000 94 mercedesccc_mercedesccc
Car 0.00 1.00 0 0 0 0 0 0 0 0 776.03 361.78 789.93 365.86 1.4546 2.0938 4.3903 63.7828 2.1074 -204.1860 -2.5879 -0.0073 -0.0006 95 audi_tt
Car 0.00 1.00 0 0 0 0 0 0 0 0 1398.73 360.05 1434.50 372.99 2.1397 2.1728 4.7045 -77.3716 2.1485 -98.4897 1.5772 0.0000 -0.0000 96 volkswagen_t2
Car 1.00 1.00 0 0 0 0 0 0 0 0 -1000.00 -1000.00 -1000.00 -1000.00 1.5140 2.1024 4.9073 -86.5125 2.1347 41.7699 -1.5555 0.0000 -0.0000 97 mercedesccc_mercedesccc
Car 1.00 1.00 0 0 0 0 0 0 0 0 -1000.00 -1000.00 -1000.00 -1000.00 1.4812 2.1349 5.6254 140.7697 2.0873 0.8577 1.5864 0.0000 -0.0000 98 chevrolet_impala
Car 1.00 1.00 0 0 0 0 0 0 0 0 -1000.00 -1000.00 -1000.00 -1000.00 1.5765 1.9374 3.8150 75.2634 2.1226 61.3231 1.5946 -0.0002 -0.0000 99 nissan_micra
Motorcycle 0.00 1.00 0 0 0 0 0 0 0 0 450.96 363.35 471.00 374.03 1.5853 1.1236 2.1350 75.6261 2.0997 -88.4987 1.5786 -0.0000 -0.0000 100 kawasaki_ninja
Car 0.00 1.00 0 0 0 0 0 0 0 0 1755.24 360.47 1784.73 366.96 1.9476 2.0282 4.8347 -254.0175 2.1243 -178.3537 -1.4901 -0.0022 0.0138 101 nissan_patrol
Car 1.00 1.00 0 0 0 0 0 0 0 0 -1000.00 -1000.00 -1000.00 -1000.00 2.1397 2.1728 4.7045 -78.7875 2.1487 -7.1448 1.5841 0.0000 -0.0000 102 volkswagen_t2
Car 1.00 1.00 0 0 0 0 0 0 0 0 -1000.00 -1000.00 -1000.00 -1000.00 1.3660 1.9896 4.9534 -98.6114 2.0986 68.4082 -0.0539 0.0017 -0.0016 103 mustang_mustang
Car 1.00 1.00 2 0 0 88 0 0 0 0 -1000.00 -1000.00 -1000.00 -1000.00 1.5627 2.2716 5.0314 51.6204 2.1405 17.1011 0.0135 -0.0003 -0.0000 104 tesla_model3
Car 1.00 1.00 0 0 0 0 0 0 0 0 -1000.00 -1000.00 -1000.00 -1000.00 1.5542 2.3421 5.1370 129.4713 2.1117 -66.7146 -3.1236 0.0006 0.0006 105 lincoln2020_mkz2020
Car 0.00 1.00 0 0 0 0 0 0 0 0 578.85 362.93 611.00 371.39 1.5627 2.2716 5.0314 70.2906 2.1403 -111.2939 -1.7792 -0.0005 0.0000 106 tesla_model3
Car 0.57 1.00 0 0 0 0 0 0 0 0 1879.80 365.73 1920.00 384.06 1.5765 1.9374 3.8150 -88.4902 2.1224 -55.3079 -1.5423 0.0000 -0.0000 107 nissan_micra
Cyclist 0.00 1.00 0 0 0 0 0 0 0 0 1482.79 361.54 1503.77 377.94 1.9311 0.5921 1.9272 -63.1042 2.1139 -70.0682 -3.1244 -0.0041 -0.0000 108 gazelle_omafiets
Cyclist 0.00 1.00 0 0 0 0 0 0 0 0 891.92 340.99 896.02 345.05 1.9311 0.5921 1.9272 32.2618 -7.3322 -275.2314 0.0168 -0.0709 -0.0001 109 gazelle_omafiets
Car 1.00 1.00 762 876 1442 14501 0 0 189 0 -1000.00 -1000.00 -1000.00 -1000.00 1.4546 2.0938 4.3903 -4.3553 2.1005 13.2203 -2.2269 -0.0027 0.0031 110 audi_tt
Car 0.00 1.00 0 0 0 0 0 0 0 0 1427.23 361.47 1483.12 378.26 1.9476 2.0282 4.8347 -58.4819 2.1238 -69.9946 -3.1240 -0.0004 0.0000 111 nissan_patrol
Car 0.00 1.00 0 0 0 0 0 0 0 0 963.09 363.44 975.98 371.86 1.4546 2.0938 4.3903 -1.6907 2.0866 -104.2218 1.6056 0.0000 0.0000 112 audi_tt
Car 0.00 1.00 0 0 0 0 0 0 0 0 813.48 360.85 827.57 365.45 1.7506 2.3538 4.8416 53.4072 2.0762 -216.7742 0.0319 0.0000 -0.0000 113 bmw_grandtourer
Car 0.00 0.24 16 21 34 130 6 0 0 0 1050.38 361.11 1082.55 376.56 1.9718 2.0005 4.0595 -13.8618 2.1243 -76.6666 -0.1970 -0.0089 0.0017 114 jeep_wrangler_rubicon
Motorcycle 0.00 1.00 0 0 0 0 0 0 0 0 18.45 362.97 52.31 374.13 1.6387 1.2138 2.3199 138.6305 2.0899 -87.6029 1.5864 -0.0000 0.0000 115 yamaha_yzf
Car 0.00 0.67 0 7 12 42 23 0 0 0 947.56 361.45 966.92 367.71 1.7203 2.2019 5.4994 0.7930 2.1283 -159.5375 -0.7938 -0.0050 0.0012 116 chargercop2020_chargercop2020
Car 1.00 1.00 0 0 0 0 0 0 0 0 -1000.00 -1000.00 -1000.00 -1000.00 1.6980 1.9434 4.1871 130.8561 2.1033 -57.2219 -1.6805 0.0102 -0.0016 117 citroen_c3
Car 1.00 1.00 0 0 0 0 0 0 0 0 -1000.00 -1000.00 -1000.00 -1000.00 1.5542 2.3421 5.1370 175.3095 -7.8658 -61.9275 -1.5669 -0.0013 0.0019 118 lincoln2020_mkz2020
Car 1.00 1.00 23 32 59 409 0 0 0 7 -1000.00 -1000.00 -1000.00 -1000.00 2.5908 2.7453 5.4640 65.8988 2.1713 16.5707 -1.5469 -0.0143 -0.0000 119 carlamotors_carlacola
Car 0.00 1.00 0 0 0 0 0 0 0 0 502.42 363.13 531.50 372.68 1.5765 1.9374 3.8150 75.6399 2.1222 -99.1715 1.5789 0.0000 -0.0000 120 nissan_micra
Car 1.00 1.00 0 0 0 0 0 0 0 0 -1000.00 -1000.00 -1000.00 -1000.00 1.4477 1.5550 2.3177 172.1459 -7.7893 23.9088 -1.5599 -0.0140 -0.0017 121 bmw_isetta
Car 1.00 1.00 0 0 0 0 0 0 0 0 -1000.00 -1000.00 -1000.00 -1000.00 1.7173 2.2591 5.2781 140.9135 2.0960 -20.4809 1.5466 -0.0077 -0.0002 122 mercedes_benz_coupe
Car 1.00 1.00 49 47 72 331 0 14 0 0 -1000.00 -1000.00 -1000.00 -1000.00 1.7173 2.2591 5.2781 -63.2062 2.1515 22.5373 -3.1255 -0.0071 -0.0002 123 mercedes_benz_coupe
Car 0.00 1.00 0 0 0 0 0 0 0 0 439.04 362.00 456.68 367.98 1.5765 1.9374 3.8150 137.0785 2.1132 -152.8648 -1.2985 -0.0029 -0.0008 124 nissan_micra
Car 1.00 1.00 65 70 109 508 0 0 0 8 -1000.00 -1000.00 -1000.00 -1000.00 1.6115 2.2019 5.2564 44.5603 2.1363 16.9111 0.0600 0.0027 0.0008 125 charger2020_charger2020
Car 1.00 1.00 1 1 1 58 0 0 0 1 -1000.00 -1000.00 -1000.00 -1000.00 1.9476 2.0282 4.8347 88.2213 2.1238 17.3909 -0.0551 -0.0001 0.0025 126 nissan_patrol
Car 0.00 1.00 0 0 0 0 0 0 0 0 1162.17 361.32 1173.00 364.70 1.5140 2.1024 4.9073 -94.8892 2.1340 -257.8398 -2.5739 0.0003 -0.0078 127 mercedesccc_mercedesccc
Car 0.00 1.00 0 0 0 0 0 0 0 0 1206.39 361.26 1220.11 366.41 1.7173 2.2591 5.2781 -85.5445 2.1502 -191.7674 -1.5804 -0.0049 -0.0002 128 mercedes_benz_coupe
Car 0.00 0.39 29 31 42 171 17 0 0 0 999.31 365.16 1024.07 378.91 1.4812 2.1349 5.6254 -5.9858 2.1133 -69.3267 -1.5266 -0.0001 0.0006 129 chevrolet_impala
Car 0.00 1.00 0 0 0 0 0 0 0 0 1653.28 360.01 1677.49 366.30 2.1397 2.1728 4.7045 -244.4143 2.1484 -196.5662 1.8396 -0.0003 -0.0027 130 volkswagen_t2
Car 0.00 1.00 0 0 0 0 0 0 0 0 488.37 363.91 531.18 377.03 1.6244 1.8781 3.8906 57.2008 2.1323 -74.9467 0.0178 0.0014 -0.0011 131 audi_a2
Car 1.00 1.00 30 41 74 301 0 9 0 0 -1000.00 -1000.00 -1000.00 -1000.00 1.9476 2.0282 4.8347 -66.6298 2.1240 18.7106 -3.1359 -0.0003 -0.0000 132 nissan_patrol
Car 0.00 0.99 0 0 0 4 0 0 0 0 1192.34 361.41 1238.98 377.44 1.9476 2.0282 4.8347 -31.5716 2.1240 -73.0129 0.0194 -0.0011 -0.0000 133 nissan_patrol
Car 0.00 1.00 0 0 0 0 0 0 0 0 654.30 338.34 666.36 342.95 1.9476 2.0282 4.8347 137.3018 -7.8866 -258.4394 0.4977 -0.0004 0.0036 134 nissan_patrol
Car 1.00 0.00 8075 21826 34838 254544 0 2303 0 0 1895.00 706.00 1918.00 719.00 1.7506 2.3538 4.8416 -3.4684 2.0767 -3.9271 1.5734 0.0000 -0.0000 135 bmw_grandtourer
Car 0.00 1.00 0 0 0 0 0 0 0 0 893.77 360.64 912.16 367.83 1.9476 2.0282 4.8347 15.5612 2.1236 -155.8714 -3.1280 -0.0003 -0.0000 136 nissan_patrol
Car 0.00 1.00 0 0 0 0 0 0 0 0 449.86 363.40 511.91 377.95 1.7203 2.2019 5.4994 57.9464 2.1387 -71.5914 0.0447 -0.0021 0.0009 137 chargercop2020_chargercop2020
Car 0.00 0.69 25 25 37 294 5 0 0 0 782.33 356.19 835.79 379.08 2.5908 2.7453 5.4640 17.4049 2.1595 -68.6435 -3.1239 -0.0000 -0.0000 138 carlamotors_carlacola
Car 1.00 1.00 0 0 0 0 0 0 0 0 -1000.00 -1000.00 -1000.00 -1000.00 1.5863 2.2347 5.1468 125.0384 2.1119 18.1381 0.0137 -0.0187 0.0003 139 lincoln_mkz2017
Car 1.00 1.00 0 0 0 0 0 0 0 0 -1000.00 -1000.00 -1000.00 -1000.00 1.9718 2.0005 4.0595 217.8210 2.1395 -7.1298 1.6102 -0.0006 -0.0002 140 jeep_wrangler_rubicon
Car 0.00 1.00 0 0 0 0 0 0 0 0 741.84 361.54 753.17 366.29 1.6011 2.1072 4.7392 73.0158 2.1361 -194.9942 -1.5627 -0.0000 -0.0000 141 toyota_prius
Car 1.00 1.00 0 0 0 0 0 0 0 0 -1000.00 -1000.00 -1000.00 -1000.00 1.7318 2.1344 5.0985 134.5628 2.0956 -50.7362 -1.5548 -0.0008 -0.0000 142 audi_etron
Car 0.00 1.00 0 0 0 0 0 0 0 0 1655.63 359.52 1755.80 379.89 2.2031 2.5091 6.5872 -84.8273 2.1513 -67.7481 -1.5505 0.0000 -0.0000 143 tesla_cybertruck
Car 0.00 1.00 0 0 0 0 0 0 0 0 706.23 361.81 718.54 367.31 1.5765 1.9374 3.8150 72.8336 2.1209 -167.5596 -1.5629 0.0030 -0.0000 144 nissan_micra
Car 0.00 1.00 0 0 0 1 0 0 0 0 943.12 363.52 955.31 372.15 1.4546 2.0938 4.3903 1.8963 2.0866 -101.8727 1.5909 0.0000 -0.0000 145 audi_tt
Car 0.00 1.00 0 0 0 0 0 0 0 0 1365.65 361.59 1385.11 365.52 1.4812 2.1349 5.6254 -159.9183 2.1031 -217.9029 -0.1903 0.0016 0.0010 146 chevrolet_impala
Car 1.00 1.00 0 0 0 18 0 0 0 0 -1000.00 -1000.00 -1000.00 -1000.00 2.2031 2.5091 6.5872 -77.5952 2.1516 110.9917 0.9275 -0.0001 -0.0143 147 tesla_cybertruck
Car 0.00 1.00 0 0 0 0 0 0 0 0 1451.33 361.48 1504.03 379.45 1.9718 2.0005 4.0595 -57.8696 2.1397 -66.4875 -3.1240 -0.0004 -0.0001 148 jeep_wrangler_rubicon
Car 0.00 1.00 0 0 0 0 0 0 0 0 1631.59 365.92 1698.20 377.66 1.3660 1.9896 4.9534 -88.1935 2.1344 -73.9422 -1.5453 -0.0002 0.0000 149 mustang_mustang
Car 0.00 1.00 0 0 0 0 0 0 0 0 720.60 362.54 734.07 367.27 1.3660 1.9896 4.9534 69.3033 2.1340 -169.6470 -1.5574 0.0000 -0.0000 150 mustang_mustang
Car 1.00 1.00 0 0 0 0 0 0 0 0 -1000.00 -1000.00 -1000.00 -1000.00 2.5908 2.7453 5.4640 -82.2796 2.1597 -11.3793 1.5503 0.0000 -0.0000 151 carlamotors_carlacola
Car 1.00 1.00 0 0 0 0 0 0 0 0 -1000.00 -1000.00 -1000.00 -1000.00 1.5863 2.2347 5.1468 130.0926 2.0813 31.8591 -1.5886 0.0000 -0.0000 152 lincoln_mkz2017
Car 0.00 1.00 0 0 0 0 0 0 0 0 1251.65 360.76 1264.00 364.34 1.7506 2.3538 4.8416 -147.2999 2.1316 -278.6307 -0.0019 -0.0000 0.0014 153 bmw_grandtourer
Cyclist 0.00 1.00 0 0 0 0 0 0 0 0 701.80 360.47 706.48 366.85 1.9709 0.6705 1.7250 79.8699 2.1222 -177.5111 1.5784 0.0047 0.0000 154 diamondback_century
Cyclist 1.00 1.00 0 0 0 0 0 0 0 0 -1000.00 -1000.00 -1000.00 -1000.00 1.9311 0.5921 1.9272 -160.6229 2.1131 -76.1999 0.0219 -0.0041 0.0001 155 gazelle_omafiets
Motorcycle 0.00 1.00 0 0 0 0 0 0 0 0 304.21 361.49 317.66 367.59 1.6960 1.0692 2.4735 182.7777 2.1234 -160.5717 0.0284 0.0032 -0.0042 156 harley_davidson_low_rider
Car 1.00 1.00 0 0 1 0 0 0 0 0 -1000.00 -1000.00 -1000.00 -1000.00 2.1397 2.1728 4.7045 -83.7075 2.1499 87.5434 1.5876 -0.0025 0.0000 157 volkswagen_t2
Car 0.00 1.00 0 0 0 0 0 0 0 0 1810.67 362.04 1840.10 367.64 1.5488 2.0688 3.9961 -244.9315 2.1350 -161.3867 1.6071 -0.0001 -0.0003 158 mini_cooperst
Cyclist 0.00 1.00 0 0 0 0 0 0 0 0 807.96 360.64 815.28 367.42 1.9311 0.5921 1.9272 42.3172 2.1137 -162.5563 -0.0026 -0.0025 -0.0000 159 gazelle_omafiets
Car 0.00 0.53 14 12 23 81 4 0 0 0 1011.59 364.01 1031.95 374.96 1.4812 2.1349 5.6254 -8.8949 2.0861 -84.7491 -1.5360 0.0016 -0.0002 160 chevrolet_impala
Car 0.00 1.00 0 0 0 0 0 0 0 0 523.90 336.43 541.40 341.24 1.7173 2.2591 5.2781 176.1325 -7.8533 -232.9407 0.9448 -0.0071 0.0021 161 mercedes_benz_coupe
Car 0.87 1.00 0 0 0 0 0 0 0 0 1912.02 361.08 1920.00 374.42 1.9718 2.0005 4.0595 -149.2341 2.1398 -88.7457 1.6007 -0.0004 -0.0001 162 jeep_wrangler_rubicon
Car 1.00 1.00 0 0 0 0 0 0 0 0 -1000.00 -1000.00 -1000.00 -1000.00 1.7506 2.3538 4.8416 69.8610 2.1148 71.9295 1.9707 0.0008 0.0033 163 bmw_grandtourer
Car 1.00 1.00 0 0 0 0 0 0 0 0 -1000.00 -1000.00 -1000.00 -1000.00 1.6115 2.2019 5.2564 137.2803 2.0807 -2.1841 1.6110 -0.0001 0.0006 164 charger2020_charger2020
Car 1.00 1.00 0 0 0 0 0 0 0 0 -1000.00 -1000.00 -1000.00 -1000.00 1.6244 1.8781 3.8906 73.5182 2.1333 -9.5582 1.5915 -0.0005 -0.0011 165 audi_a2
Car 0.00 1.00 0 0 0 0 0 0 0 0 76.83 314.13 118.41 323.13 1.5475 1.9070 4.4025 180.3742 -7.8650 -120.4619 -1.5347 -0.0002 0.0001 166 seat_leon
Car 1.00 1.00 0 0 0 0 0 0 0 0 -1000.00 -1000.00 -1000.00 -1000.00 1.5765 1.9374 3.8150 -115.1490 2.1171 122.2575 -0.0243 0.0145 -0.0014 167 nissan_micra
Car 1.00 1.00 0 0 0 0 0 0 0 0 -1000.00 -1000.00 -1000.00 -1000.00 1.5863 2.2347 5.1468 -90.5359 2.1369 80.7435 -1.5991 -0.0001 0.0001 168 lincoln_mkz2017
Car 0.00 0.68 0 6 8 27 3 0 0 0 995.88 361.28 1013.88 367.52 1.7506 2.3538 4.8416 -12.8306 2.1273 -163.1220 0.0670 0.0037 -0.0014 169 bmw_grandtourer
Car 0.00 1.00 0 0 0 0 0 0 0 0 520.68 365.40 580.47 377.99 1.4812 2.1349 5.6254 49.5118 2.1437 -71.5875 0.0176 -0.0017 -0.0000 170 chevrolet_impala
Car 0.00 1.00 0 0 0 0 0 0 0 0 385.49 362.37 413.04 367.82 1.4812 2.1349 5.6254 154.8997 2.1424 -157.6123 3.0952 0.0000 -0.0000 171 chevrolet_impala
Car 1.00 1.00 0 0 0 0 0 0 0 0 -1000.00 -1000.00 -1000.00 -1000.00 1.6011 2.1072 4.7392 138.0347 2.1103 -63.7307 -0.9480 -0.0013 0.0042 172 toyota_prius
Car 0.00 0.97 0 1 3 4 2 0 0 0 956.49 361.68 973.52 367.40 1.6115 2.2019 5.2564 -1.4808 2.1137 -165.8089 -2.2359 -0.0029 0.0048 173 charger2020_charger2020
Car 0.00 1.00 0 0 0 0 0 0 0 0 1701.90 364.99 1773.27 379.45 1.5475 1.9070 4.4025 -88.3328 2.1355 -67.5436 -1.5481 0.0000 -0.0000 174 seat_leon
Car 0.00 1.00 0 0 0 0 0 0 0 0 1204.37 358.65 1220.48 366.74 2.5908 2.7453 5.4640 -82.0923 2.1593 -184.8229 1.5728 0.0000 0.0000 175 carlamotors_carlacola
Car 0.00 1.00 0 0 0 0 0 0 0 0 524.95 362.32 550.79 367.63 1.4812 2.1349 5.6254 119.3961 2.1424 -161.2833 0.0289 0.0000 0.0000 176 chevrolet_impala
Car 0.00 1.00 0 0 0 0 0 0 0 0 471.85 333.82 487.62 339.56 1.9718 2.0005 4.0595 182.5133 -7.8631 -215.1298 1.1323 -0.0009 0.0039 177 jeep_wrangler_rubicon
Car 0.00 1.00 0 0 0 0 0 0 0 0 1280.81 361.70 1297.80 368.42 1.6980 1.9434 4.1871 -85.0761 2.1445 -147.7278 -1.5834 0.0000 0.0000 178 citroen_c3
Car 0.00 0.27 14 19 20 97 24 0 0 0 942.39 363.40 956.29 373.97 1.5488 2.0688 3.9961 1.6287 2.0796 -88.9907 1.5917 0.0000 -0.0000 179 mini_cooperst
Motorcycle 0.00 1.00 0 0 0 0 0 0 0 0 501.30 362.38 518.74 372.23 1.6960 1.0692 2.4735 79.2447 2.1238 -102.1153 1.5772 0.0030 0.0000 180 harley_davidson_low_rider
Car 1.00 1.00 0 0 0 0 0 0 0 0 -1000.00 -1000.00 -1000.00 -1000.00 1.4477 1.5550 2.3177 214.2158 2.1414 -3.0494 -1.4705 -0.0061 -0.0044 181 bmw_isetta
Cyclist 0.00 1.00 0 0 0 0 0 0 0 0 447.23 362.44 461.29 373.47 1.7065 0.8593 1.4873 79.2174 2.0920 -91.3081 1.5897 0.0000 -0.0000 182 bh_crossbike
Car 0.00 1.00 0 0 0 0 0 0 0 0 274.05 326.51 301.34 333.00 1.6011 2.1072 4.7392 192.8544 -7.8642 -163.5190 1.5822 -0.0000 0.0005 183 toyota_prius
Car 0.00 1.00 0 0 0 0 0 0 0 0 1214.14 361.84 1226.57 366.87 1.5488 2.0688 3.9961 -81.8473 2.1350 -178.7693 1.5591 -0.0000 -0.0000 184 mini_cooperst
Car 0.00 1.00 0 0 0 0 0 0 0 0 1209.81 361.27 1220.77 366.21 1.6980 1.9434 4.1871 -89.1285 2.1445 -198.0290 -1.5840 -0.0001 0.0000 185 citroen_c3
Car 0.00 1.00 0 0 0 0 0 0 0 0 369.46 361.90 389.83 367.43 1.5765 1.9374 3.8150 166.7968 2.1229 -163.7911 0.0034 -0.0027 -0.0005 186 nissan_micra
Car 0.00 1.00 0 0 0 0 0 0 0 0 462.76 362.24 501.94 373.19 1.7506 2.3538 4.8416 79.1924 2.1319 -96.4741 1.5791 0.0000 -0.0000 187 bmw_grandtourer
Car 0.00 1.00 0 0 0 0 0 0 0 0 770.93 362.00 786.93 367.38 1.5488 2.0688 3.9961 52.7176 2.1349 -165.8978 0.0139 -0.0000 -0.0000 188 mini_cooperst
Car 0.00 1.00 0 0 0 0 0 0 0 0 1607.30 364.54 1662.84 377.51 1.5488 2.0688 3.9961 -84.6810 2.1352 -74.0875 -1.5431 0.0000 -0.0000 189 mini_cooperst
Car 0.00 1.00 0 0 0 0 0 0 0 0 88.26 362.17 124.89 368.91 1.6011 2.1072 4.7392 208.1383 2.1359 -139.6868 -2.0835 -0.0000 -0.0021 190 toyota_prius
Car 1.00 1.00 0 0 0 0 0 0 0 0 -1000.00 -1000.00 -1000.00 -1000.00 1.3660 1.9896 4.9534 76.8685 2.1343 -2.4006 1.5950 0.0000 -0.0000 191 mustang_mustang
Car 0.00 1.00 0 0 0 0 0 0 0 0 1432.53 360.38 1446.74 364.68 1.9476 2.0282 4.8347 -219.6955 2.1235 -258.3907 -0.6671 -0.0001 0.0003 192 nissan_patrol
Pedestrian 0.00 1.00 0 0 0 0 0 0 0 0 1661.24 360.10 1664.21 365.24 1.9158 0.4880 0.5801 -261.9894 1.9514 -211.1190 -1.1622 0.0000 -0.0000 193 pedestrian_0019
Pedestrian 0.00 1.00 0 0 0 0 0 0 0 0 1323.65 361.92 1326.00 364.75 1.1330 0.4333 0.6667 -146.1406 1.9022 -226.5059 -0.1591 0.0000 -0.0000 194 pedestrian_0010
Pedestrian 0.00 1.00 0 0 0 0 0 0 0 0 692.49 360.61 695.74 366.95 1.9158 0.4880 0.7507 80.5216 2.1023 -172.3357 -3.1322 0.0000 -0.0000 195 pedestrian_0005
Pedestrian 0.00 1.00 0 0 0 0 0 0 0 0 339.13 359.90 344.70 369.22 1.9158 0.4880 0.5901 127.4009 1.8945 -118.7263 1.5243 0.0000 -0.0000 196 pedestrian_0003
Pedestrian 1.00 1.00 0 0 0 0 0 0 0 0 -1000.00 -1000.00 -1000.00 -1000.00 1.9158 0.4880 0.7507 163.4038 -7.9252 37.6692 1.6614 0.0000 -0.0000 197 pedestrian_0021
Pedestrian 1.00 1.00 0 0 0 0 0 0 0 0 -1000.00 -1000.00 -1000.00 -1000.00 1.9158 0.4880 0.4599 -270.2040 1.9506 46.2190 -1.7121 0.0000 -0.0000 198 pedestrian_0003
Pedestrian 0.00 1.00 0 0 0 0 0 0 0 0 1435.78 360.08 1437.16 364.15 1.9158 0.4880 0.4806 -224.4078 1.9519 -265.5223 -0.7372 0.0000 -0.0000 199 pedestrian_0004
Pedestrian 1.00 1.00 0 1 2 0 0 0 0 0 -1000.00 -1000.00 -1000.00 -1000.00 1.9158 0.4880 0.5817 56.1660 1.9503 30.6684 -2.5101 0.0000 -0.0000 200 pedestrian_0022
Pedestrian 0.00 1.00 0 0 0 0 0 0 0 0 1144.24 361.47 1145.41 364.76 1.3390 0.3253 0.4771 -75.4161 1.9415 -230.6401 -1.5953 0.0000 -0.0000 201 pedestrian_0014
Pedestrian 1.00 1.00 0 0 0 0 0 0 0 0 -1000.00 -1000.00 -1000.00 -1000.00 1.9158 0.4880 0.4674 56.2989 1.9482 -13.2233 -1.1293 0.0000 -0.0000 202 pedestrian_0022
Pedestrian 0.00 0.54 2 3 3 31 1 0 0 0 1192.50 360.33 1199.98 378.90 1.9158 0.4880 0.5600 -24.4869 1.9501 -61.9341 -3.1138 0.0000 -0.0000 203 pedestrian_0023
Pedestrian 0.00 1.00 0 0 0 0 0 0 0 0 853.79 362.27 856.02 367.35 1.3390 0.3253 0.5005 27.8157 1.9416 -151.1790 -0.1441 0.0000 -0.0000 204 pedestrian_0012
Pedestrian 0.00 1.00 0 0 0 0 0 0 0 0 1370.89 360.21 1376.48 371.04 1.9158 0.4880 0.7507 -73.4924 1.9530 -102.9489 1.4499 0.0000 -0.0000 205 pedestrian_0019
Pedestrian 1.00 1.00 2 1 1 14 0 0 0 0 -1000.00 -1000.00 -1000.00 -1000.00 1.9158 0.4880 0.6820 -83.2351 2.1028 27.6140 -3.0061 0.0000 -0.0000 206 pedestrian_0005
Pedestrian 0.00 1.00 0 0 0 0 0 0 0 0 257.73 359.90 264.54 369.04 1.9158 0.4880 0.7507 146.8808 1.8945 -120.9707 -1.5548 0.0000 -0.0000 207 pedestrian_0026
Pedestrian 0.00 1.00 0 0 1 1 0 0 0 0 949.05 360.54 951.93 367.82 1.9158 0.4880 0.7507 2.5063 2.0574 -150.5296 0.0312 0.0000 -0.0000 208 pedestrian_0015
Pedestrian 1.00 1.00 0 0 0 0 0 0 0 0 -1000.00 -1000.00 -1000.00 -1000.00 1.3390 0.3253 0.3368 -68.3850 1.9422 143.1776 0.0148 0.0000 -0.0000 209 pedestrian_0014
Pedestrian 1.00 1.00 0 0 0 0 0 0 0 0 -1000.00 -1000.00 -1000.00 -1000.00 1.9158 0.4880 0.7028 -38.3977 1.6039 144.2728 3.0332 0.0000 -0.0000 210 pedestrian_0016
Pedestrian 0.00 0.09 15 20 30 1167 5 1 0 0 1448.62 380.82 1477.16 426.06 1.3390 0.3253 0.5005 -14.6087 1.8867 -20.6134 -1.5541 0.0000 -0.0000 211 pedestrian_0012
Pedestrian 1.00 1.00 0 0 0 0 0 0 0 0 -1000.00 -1000.00 -1000.00 -1000.00 1.1330 0.4333 0.6489 61.1716 1.9399 -20.3278 1.6615 0.0000 -0.0000 212 pedestrian_0009
Pedestrian 1.00 1.00 0 0 0 0 0 0 0 0 -1000.00 -1000.00 -1000.00 -1000.00 1.1330 0.4333 0.6646 145.3852 1.8856 -27.2240 -1.4696 0.0000 -0.0000 213 pedestrian_0010
Pedestrian 1.00 1.00 0 0 0 0 0 0 0 0 -1000.00 -1000.00 -1000.00 -1000.00 1.9158 0.4880 0.7507 -270.4739 1.9528 -106.3959 1.5916 0.0000 -0.0000 214 pedestrian_0021
Pedestrian 0.00 1.00 0 0 0 0 0 0 0 0 1583.61 360.17 1600.06 384.09 1.9158 0.4880 0.7507 -51.0939 1.9293 -49.3044 -1.2250 0.0000 -0.0000 215 pedestrian_0018
Pedestrian 0.00 1.00 0 0 0 0 0 0 0 0 1662.34 360.10 1665.11 365.24 1.9158 0.4880 0.4745 -262.6430 1.9525 -211.3399 -1.3593 0.0000 -0.0000 216 pedestrian_0020
Pedestrian 1.00 1.00 0 0 0 0 0 0 0 0 -1000.00 -1000.00 -1000.00 -1000.00 1.9158 0.4880 0.7507 125.7349 1.8946 -31.7797 1.5738 0.0000 -0.0000 217 pedestrian_0017
Pedestrian 0.00 1.00 0 0 0 0 0 0 0 0 1207.11 360.40 1209.20 365.44 1.9158 0.4880 0.7507 -94.4815 2.0675 -215.5088 -1.6185 0.0000 -0.0000 218 pedestrian_0007
Pedestrian 1.00 1.00 0 0 0 0 0 0 0 0 -1000.00 -1000.00 -1000.00 -1000.00 1.1330 0.4333 0.5346 -136.5881 1.9415 -14.0714 0.5614 0.0000 -0.0000 219 pedestrian_0010
Pedestrian 1.00 1.00 0 0 0 507 0 0 1 0 -1000.00 -1000.00 -1000.00 -1000.00 1.9158 0.4880 0.5095 34.1258 1.9503 27.7259 -3.0806 0.0000 -0.0000 220 pedestrian_0023
Pedestrian 0.00 1.00 0 0 0 0 0 0 0 0 828.25 359.94 829.77 364.86 1.9158 0.4880 0.4887 51.1105 1.8943 -220.7436 -3.1206 0.0000 -0.0000 221 pedestrian_0024
Pedestrian 0.00 1.00 0 0 0 0 0 0 0 0 1710.30 362.95 1713.93 367.29 1.1330 0.4333 0.3724 -196.7730 1.9055 -149.4889 -1.6147 0.0000 -0.0000 222 pedestrian_0011
Pedestrian 1.00 1.00 0 0 0 0 0 0 0 0 -1000.00 -1000.00 -1000.00 -1000.00 1.9158 0.4880 0.4678 -271.6867 1.9504 -51.1792 1.0460 0.0000 -0.0000 223 pedestrian_0016
Pedestrian 0.00 1.00 0 0 0 0 0 0 0 0 694.47 339.67 696.14 343.61 1.9158 0.4880 0.6759 130.1156 -8.0649 -276.9378 0.2965 0.0000 -0.0000 224 pedestrian_0017
Pedestrian 0.00 1.00 0 0 0 0 0 0 0 0 88.03 307.68 95.66 317.99 1.9158 0.4880 0.6181 165.8621 -8.0501 -110.3736 -1.5611 0.0000 -0.0000 225 pedestrian_0001
Pedestrian 0.00 1.00 0 0 0 0 0 0 0 0 1674.01 359.99 1678.66 366.47 1.9158 0.4880 0.7507 -212.0860 1.9115 -168.5795 -3.1323 0.0000 -0.0000 226 pedestrian_0003
Pedestrian 0.00 1.00 0 0 0 0 0 0 0 0 1369.79 360.13 1373.98 367.35 1.9158 0.4880 0.7507 -109.5281 1.9501 -151.8689 -0.0780 0.0000 -0.0000 227 pedestrian_0007
Pedestrian 0.00 1.00 0 0 0 0 0 0 0 0 308.28 363.82 314.52 369.64 1.1330 0.4333 0.6667 127.1054 1.8836 -113.0990 -1.6652 0.0000 -0.0000 228 pedestrian_0010
Pedestrian 1.00 1.00 0 0 0 0 0 0 0 0 -1000.00 -1000.00 -1000.00 -1000.00 1.1330 0.4333 0.3922 -48.3862 1.9343 1.1605 0.8883 0.0000 -0.0000 229 pedestrian_0010
Pedestrian 0.00 1.00 0 0 0 0 0 0 0 0 272.11 366.85 281.27 382.34 1.3390 0.3253 0.4542 59.6869 1.9404 -52.8965 -1.1841 0.0000 -0.0000 230 pedestrian_0013
Pedestrian 1.00 1.00 0 0 0 0 0 0 0 0 -1000.00 -1000.00 -1000.00 -1000.00 1.3390 0.3253 0.3992 145.5087 1.8861 -50.9771 1.6271 0.0000 -0.0000 231 pedestrian_0013
Pedestrian 0.00 1.00 0 0 0 0 0 0 0 0 921.72 359.94 924.11 365.05 1.9158 0.4880 0.7507 13.9269 1.8944 -212.6319 2.6358 0.0000 -0.0000 232 pedestrian_0020
Pedestrian 1.00 1.00 0 0 0 0 0 0 0 0 -1000.00 -1000.00 -1000.00 -1000.00 1.9158 0.4880 0.4856 144.5310 1.8947 29.8447 -1.6523 0.0000 -0.0000 233 pedestrian_0021
Pedestrian 1.00 1.00 0 0 0 0 0 0 0 0 -1000.00 -1000.00 -1000.00 -1000.00 1.1330 0.4333 0.4562 -215.1521 1.9004 -57.3117 -1.8091 0.0000 -0.0000 234 pedestrian_0009
Pedestrian 1.00 1.00 0 0 0 0 0 0 0 0 -1000.00 -1000.00 -1000.00 -1000.00 1.9158 0.4880 0.5026 225.5991 1.9500 -41.9144 -1.6140 0.0000 -0.0000 235 pedestrian_0006
Pedestrian 1.00 1.00 0 0 0 0 0 0 0 0 -1000.00 -1000.00 -1000.00 -1000.00 1.1330 0.4333 0.5656 -126.1943 1.9417 -63.9640 3.1145 0.0000 -0.0000 236 pedestrian_0009
Pedestrian 0.00 0.98 1 2 3 5 0 0 0 0 1088.73 360.26 1092.54 374.45 1.9158 0.4880 0.3754 -17.6977 1.9512 -79.5718 0.0670 0.0000 -0.0000 237 pedestrian_0026
Pedestrian 1.00 1.00 11 14 24 996 0 6 2 0 -1000.00 -1000.00 -1000.00 -1000.00 1.9158 0.4880 0.5775 -21.2053 1.9510 27.0386 -3.1053 0.0000 -0.0000 238 pedestrian_0021
Pedestrian 1.00 1.00 156 160 252 13169 0 0 47 0 -1000.00 -1000.00 -1000.00 -1000.00 1.3390 0.3253 0.2502 3.8257 1.8874 4.0942 1.6553 0.0000 -0.0000 239 pedestrian_0012
Pedestrian 0.00 1.00 0 0 0 0 0 0 0 0 1200.10 360.07 1201.99 363.81 1.9158 0.4880 0.7507 -123.6265 1.9501 -288.7450 -3.1131 0.0000 -0.0000 240 pedestrian_0020
Pedestrian 0.00 1.00 0 0 0 0 0 0 0 0 39.10 318.10 45.16 323.43 1.1330 0.4333 0.5413 201.8205 -8.0598 -126.3506 -1.5522 0.0000 -0.0000 241 pedestrian_0011
Pedestrian 0.00 1.00 0 0 0 0 0 0 0 0 1174.63 360.11 1177.77 366.49 1.9158 0.4880 0.7507 -65.0233 1.9500 -171.1781 -3.1237 0.0000 -0.0000 242 pedestrian_0002
Pedestrian 1.00 1.00 0 0 0 0 0 0 0 0 -1000.00 -1000.00 -1000.00 -1000.00 1.3390 0.3253 0.3778 110.7106 2.0927 -60.9734 3.0398 0.0000 -0.0000 243 pedestrian_0014
Pedestrian 0.00 1.00 0 0 0 11 0 0 0 0 924.66 359.91 927.15 368.87 1.9158 0.4880 0.7507 7.3124 1.8972 -123.3674 -1.5727 0.0000 -0.0000 244 pedestrian_0006
Pedestrian 0.00 1.00 0 0 0 0 0 0 0 0 38.78 314.75 45.82 323.65 1.9158 0.4880 0.6392 202.6732 -8.0502 -126.8892 -1.4967 0.0000 -0.0000 245 pedestrian_0020
Pedestrian 0.00 1.00 0 0 0 0 0 0 0 0 537.88 360.25 546.17 374.46 1.9158 0.4880 0.7507 56.5626 1.9500 -79.4880 0.0893 0.0000 -0.0000 246 pedestrian_0022
Pedestrian 0.00 1.00 0 0 0 0 0 0 0 0 1030.82 360.11 1033.32 366.51 1.9158 0.4880 0.7157 -21.6354 1.9500 -170.8809 -0.0696 0.0000 -0.0000 247 pedestrian_0002
Pedestrian 1.00 1.00 0 0 0 0 0 0 0 0 -1000.00 -1000.00 -1000.00 -1000.00 1.9158 0.4880 0.4502 146.0907 1.8941 -84.8028 -1.5218 0.0000 -0.0000 248 pedestrian_0022
Pedestrian 1.00 1.00 0 0 0 0 0 0 0 0 -1000.00 -1000.00 -1000.00 -1000.00 1.9158 0.4880 0.5007 -99.7245 1.9167 78.2684 -2.8107 0.0000 -0.0000 249 pedestrian_0006
Pedestrian 0.00 1.00 0 0 0 0 0 0 0 0 767.49 360.11 769.51 366.49 1.9158 0.4880 0.4827 57.5959 1.9499 -171.1801 -3.0240 0.0000 -0.0000 250 pedestrian_0019
Pedestrian 1.00 1.00 0 0 0 0 0 0 0 0 -1000.00 -1000.00 -1000.00 -1000.00 1.9158 0.4880 0.7507 -93.5542 1.9503 -7.5063 1.5196 0.0000 -0.0000 251 pedestrian_0018
Pedestrian 1.00 1.00 0 0 0 0 0 0 0 0 -1000.00 -1000.00 -1000.00 -1000.00 1.9158 0.4880 0.7507 -272.8346 1.9504 -46.9231 1.5821 0.0000 -0.0000 252 pedestrian_0007
Pedestrian 0.00 1.00 0 0 0 0 0 0 0 0 484.77 361.42 492.76 376.16 1.9158 0.4880 0.6587 61.6047 2.1025 -76.9413 1.5802 0.0000 -0.0000 253 pedestrian_0008
Pedestrian 1.00 1.00 0 0 0 0 0 0 0 0 -1000.00 -1000.00 -1000.00 -1000.00 1.9158 0.4880 0.5046 -267.0465 1.9506 58.3960 -1.9737 0.0000 -0.0000 254 pedestrian_0022
Pedestrian 1.00 1.00 0 0 0 2 0 0 0 0 -1000.00 -1000.00 -1000.00 -1000.00 1.9158 0.4880 0.5976 -114.5516 1.9506 144.1328 0.0046 0.0000 -0.0000 255 pedestrian_0024
Pedestrian 1.00 1.00 0 0 0 0 0 0 0 0 -1000.00 -1000.00 -1000.00 -1000.00 1.1330 0.4333 0.4395 151.0692 1.9394 -58.8048 -3.0854 0.0000 -0.0000 256 pedestrian_0011
Pedestrian 0.00 1.00 0 0 0 0 0 0 0 0 1253.74 360.70 1257.53 367.88 1.9158 0.4880 0.7507 -78.9611 2.1024 -152.5185 0.0157 0.0000 -0.0000 257 pedestrian_0006
Pedestrian 0.00 1.00 0 0 0 0 0 0 0 0 532.11 359.94 535.12 365.59 1.9158 0.4880 0.6536 144.9207 1.8943 -192.8627 -1.9308 0.0000 -0.0000 258 pedestrian_0005
Pedestrian 0.00 1.00 2 4 7 28 0 0 0 0 1029.73 361.17 1036.28 375.87 1.9158 0.4880 0.7507 -9.5847 2.0708 -77.2452 -2.3868 0.0000 -0.0000 259 pedestrian_0003
Pedestrian 1.00 1.00 0 0 0 0 0 0 0 0 -1000.00 -1000.00 -1000.00 -1000.00 1.9158 0.4880 0.7455 164.7394 -8.0500 -43.4413 1.5543 0.0000 -0.0000 260 pedestrian_0001
Pedestrian 0.00 1.00 0 0 0 0 0 0 0 0 765.90 361.41 767.48 364.87 1.3390 0.3253 0.5005 74.9412 1.8859 -219.3485 3.1409 0.0000 -0.0000 261 pedestrian_0014
Pedestrian 0.00 1.00 0 0 0 0 0 0 0 0 1520.77 361.49 1530.13 377.03 1.9158 0.4880 0.7507 -70.2563 2.1026 -73.3499 1.3410 0.0000 -0.0000 262 pedestrian_0020
Pedestrian 1.00 1.00 0 0 0 0 0 0 0 0 -1000.00 -1000.00 -1000.00 -1000.00 1.9158 0.4880 0.6221 -206.0903 2.0642 -30.7020 0.5689 0.0000 -0.0000 263 pedestrian_0025
Pedestrian 0.00 1.00 0 0 0 0 0 0 0 0 17.70 360.54 45.35 391.29 1.9158 0.4880 0.7507 58.5026 1.9501 -39.4093 1.5377 0.0000 -0.0000 264 pedestrian_0026
Pedestrian 0.00 1.00 0 0 0 0 0 0 0 0 1476.04 360.08 1477.69 364.30 1.9158 0.4880 0.4848 -234.5914 1.9500 -256.0439 2.5253 0.0000 -0.0000 265 pedestrian_0025
Pedestrian 0.00 1.00 0 0 0 0 0 0 0 0 910.46 361.63 911.69 365.62 1.3390 0.3253 0.2597 16.4478 1.8874 -190.8060 2.4673 0.0000 -0.0000 266 pedestrian_0013
Pedestrian 0.00 1.00 0 0 0 0 0 0 0 0 672.25 360.11 674.37 366.43 1.9158 0.4880 0.3818 87.1414 1.9499 -172.9523 -2.1490 0.0000 -0.0000 267 pedestrian_0015
Pedestrian 0.00 1.00 0 0 0 0 0 0 0 0 462.69 359.92 465.82 367.49 1.9158 0.4880 0.3794 125.6747 1.8944 -144.9877 -1.7987 0.0000 -0.0000 268 pedestrian_0021
Pedestrian 1.00 1.00 0 0 0 0 0 0 0 0 -1000.00 -1000.00 -1000.00 -1000.00 1.1330 0.4333 0.4221 -79.4314 1.9394 143.7038 -3.0852 0.0000 -0.0000 269 pedestrian_0010
Pedestrian 1.00 1.00 74 84 130 667 0 22 0 0 -1000.00 -1000.00 -1000.00 -1000.00 1.9158 0.4880 0.4992 -13.5456 1.8959 -5.2529 1.5598 0.0000 -0.0000 270 pedestrian_0023
Pedestrian 1.00 1.00 0 0 0 1 0 0 0 0 -1000.00 -1000.00 -1000.00 -1000.00 1.3390 0.3253 0.2502 -71.1227 1.9420 25.4354 -3.0308 0.0000 -0.0000 271 pedestrian_0013
Pedestrian 0.00 1.00 0 0 0 0 0 0 0 0 1256.03 360.07 1257.58 363.81 1.9158 0.4880 0.5530 -152.0973 1.9511 -288.5109 -0.0867 0.0000 -0.0000 272 pedestrian_0016
Pedestrian 1.00 1.00 0 0 0 0 0 0 0 0 -1000.00 -1000.00 -1000.00 -1000.00 1.3390 0.3253 0.5005 -75.1440 1.9419 -5.2526 -1.4733 0.0000 -0.0000 273 pedestrian_0014
Pedestrian 0.00 1.00 0 0 0 0 0 0 0 0 1194.80 360.11 1196.82 366.52 1.9158 0.4880 0.4897 -70.6519 1.9500 -170.5445 -0.2594 0.0000 -0.0000 274 pedestrian_0019
Pedestrian 0.00 1.00 0 0 0 0 0 0 0 0 1179.13 362.14 1181.14 366.63 1.3390 0.3253 0.4701 -65.7965 1.9795 -170.1452 -3.1314 0.0000 -0.0000 275 pedestrian_0013
Pedestrian 0.00 1.00 0 0 0 0 0 0 0 0 1188.85 360.11 1192.02 366.50 1.9158 0.4880 0.7507 -69.2789 1.9500 -171.1169 -3.1381 0.0000 -0.0000 276 pedestrian_0023
Pedestrian 1.00 1.00 0 0 0 0 0 0 0 0 -1000.00 -1000.00 -1000.00 -1000.00 1.1330 0.4333 0.3446 146.3311 1.8831 -82.9445 -1.3815 0.0000 -0.0000 277 pedestrian_0011
Pedestrian 1.00 1.00 0 0 0 0 0 0 0 0 -1000.00 -1000.00 -1000.00 -1000.00 1.3390 0.3253 0.2839 122.6216 2.0936 -65.3245 2.4661 0.0000 -0.0000 278 pedestrian_0012
Pedestrian 0.00 1.00 0 0 0 0 0 0 0 0 886.05 338.63 887.43 343.00 1.9158 0.4880 0.5529 32.3989 -7.5278 -249.6061 0.0161 0.0000 -0.0000 279 pedestrian_0015
Pedestrian 1.00 1.00 0 0 0 0 0 0 0 0 -1000.00 -1000.00 -1000.00 -1000.00 1.9158 0.4880 0.3796 126.5017 1.8948 33.4382 -0.2104 0.0000 -0.0000 280 pedestrian_0017
Pedestrian 1.00 1.00 0 0 0 0 0 0 0 0 -1000.00 -1000.00 -1000.00 -1000.00 1.9158 0.4880 0.7421 201.9408 -8.0485 -79.1443 1.6200 0.0000 -0.0000 281 pedestrian_0005
Pedestrian 0.00 1.00 0 0 0 0 0 0 0 0 739.53 362.68 741.19 365.89 1.1330 0.4333 0.3574 77.8876 2.0858 -201.0262 -2.1088 0.0000 -0.0000 282 pedestrian_0009
Pedestrian 0.00 1.00 0 0 0 0 0 0 0 0 1853.49 367.74 1868.13 378.83 1.1330 0.4333 0.6667 -93.2947 1.9389 -61.8862 1.5685 0.0000 -0.0000 283 pedestrian_0009
Pedestrian 1.00 1.00 0 0 0 0 0 0 0 0 -1000.00 -1000.00 -1000.00 -1000.00 1.1330 0.4333 0.4160 208.2347 1.9385 -103.1954 1.5503 0.0000 -0.0000 284 pedestrian_0009
Pedestrian 1.00 1.00 0 0 0 0 0 0 0 0 -1000.00 -1000.00 -1000.00 -1000.00 1.9158 0.4880 0.7507 -207.0656 2.0641 -70.4110 0.6329 0.0000 -0.0000 285 pedestrian_0024
Pedestrian 0.00 1.00 0 0 0 0 0 0 0 0 531.03 360.63 534.02 367.14 1.9158 0.4880 0.5728 126.0305 2.1022 -167.8900 -1.3925 0.0000 -0.0000 286 pedestrian_0023
Pedestrian 1.00 1.00 0 0 0 0 0 0 0 0 -1000.00 -1000.00 -1000.00 -1000.00 1.9158 0.4880 0.6226 -95.2050 2.0827 76.7488 1.6880 0.0000 -0.0000 287 pedestrian_0015
Pedestrian 0.00 1.00 0 0 0 0 0 0 0 0 750.21 337.30 752.29 341.70 1.9158 0.4880 0.7507 91.9221 -8.0687 -248.5486 0.0748 0.0000 -0.0000 288 pedestrian_0025
Pedestrian 1.00 1.00 0 0 0 0 0 0 0 0 -1000.00 -1000.00 -1000.00 -1000.00 1.1330 0.4333 0.4903 153.2293 -7.2766 124.3286 -0.6264 0.0000 -0.0000 289 pedestrian_0009
Pedestrian 0.00 1.00 0 0 0 0 0 0 0 0 1227.53 360.68 1230.27 367.74 1.9158 0.4880 0.4870 -73.1768 2.1024 -155.3144 -1.4664 0.0000 -0.0000 290 pedestrian_0019
Pedestrian 1.00 1.00 0 0 0 0 0 0 0 0 -1000.00 -1000.00 -1000.00 -1000.00 1.9158 0.4880 0.4164 -100.1590 1.9169 78.2283 -0.1660 0.0000 -0.0000 291 pedestrian_0007
Pedestrian 1.00 1.00 0 0 0 0 0 0 0 0 -1000.00 -1000.00 -1000.00 -1000.00 1.9158 0.4880 0.7507 -272.7107 1.9505 7.5156 1.6443 0.0000 -0.0000 292 pedestrian_0021
Pedestrian 1.00 1.00 0 0 0 0 0 0 0 0 -1000.00 -1000.00 -1000.00 -1000.00 1.3390 0.3253 0.4220 54.3025 1.9392 -12.2573 -1.8724 0.0000 -0.0000 293 pedestrian_0014
Pedestrian 1.00 1.00 0 0 0 0 0 0 0 0 -1000.00 -1000.00 -1000.00 -1000.00 1.9158 0.4880 0.7475 104.6241 -6.7830 144.1824 -0.2056 0.0000 -0.0000 294 pedestrian_0002
Pedestrian 1.00 1.00 0 0 0 0 0 0 0 0 -1000.00 -1000.00 -1000.00 -1000.00 1.9158 0.4880 0.6588 80.9658 2.1026 7.7891 -0.0168 0.0000 -0.0000 295 pedestrian_0026
Pedestrian 0.00 0.47 0 0 0 27 0 0 0 0 835.35 360.25 841.61 374.58 1.9158 0.4880 0.7301 16.3106 1.9501 -78.8768 -0.0099 0.0000 -0.0000 296 pedestrian_0020
Pedestrian 0.00 1.00 0 0 0 0 0 0 0 0 664.62 360.16 668.67 369.17 1.9158 0.4880 0.7113 62.5845 1.9500 -122.7285 -1.5688 0.0000 -0.0000 297 pedestrian_0016
Pedestrian 1.00 1.00 0 0 0 0 0 0 0 0 -1000.00 -1000.00 -1000.00 -1000.00 1.9158 0.4880 0.7507 -94.3332 1.9497 96.9738 1.5030 0.0000 -0.0000 298 pedestrian_0024
Pedestrian 1.00 1.00 0 0 0 0 0 0 0 0 -1000.00 -1000.00 -1000.00 -1000.00 1.9158 0.4880 0.6736 141.5978 -7.4323 86.3919 -0.7703 0.0000 -0.0000 299 pedestrian_0001
Pedestrian 0.00 1.00 0 0 0 0 0 0 0 0 1255.47 360.61 1258.76 366.90 1.9158 0.4880 0.7507 -90.6933 2.1024 -173.6651 -2.9152 0.0000 -0.0000 300 pedestrian_0025
Pedestrian 0.00 1.00 0 0 0 0 0 0 0 0 1603.27 360.24 1611.02 373.44 1.9158 0.4880 0.5814 -94.2508 1.9502 -85.2046 -3.0491 0.0000 -0.0000 301 pedestrian_0016
Pedestrian 0.00 1.00 0 0 0 0 0 0 0 0 1547.10 360.33 1558.37 378.66 1.9158 0.4880 0.6611 -62.2406 1.9508 -62.6828 3.1375 0.0000 -0.0000 302 pedestrian_0006
Pedestrian 1.00 1.00 12 7 15 192 0 0 6 0 -1000.00 -1000.00 -1000.00 -1000.00 1.3390 0.3253 0.3997 1.1443 2.0389 28.1514 -3.1355 0.0000 -0.0000 303 pedestrian_0012
Pedestrian 0.00 1.00 0 0 0 0 0 0 0 0 1142.98 360.07 1144.76 363.82 1.9158 0.4880 0.7507 -93.9836 1.9499 -287.7868 -0.0230 0.0000 -0.0000 304 pedestrian_0024
Pedestrian 1.00 1.00 0 0 0 0 0 0 0 0 -1000.00 -1000.00 -1000.00 -1000.00 1.3390 0.3253 0.5005 -187.9571 1.9423 137.9099 -2.9733 0.0000 -0.0000 305 pedestrian_0013
Pedestrian 1.00 1.00 0 0 0 0 0 0 0 0 -1000.00 -1000.00 -1000.00 -1000.00 1.1330 0.4333 0.5409 -272.1400 1.9408 11.0819 -1.5745 0.0000 -0.0000 306 pedestrian_0011
Pedestrian 0.00 1.00 0 0 0 0 0 0 0 0 1130.78 360.11 1133.71 366.53 1.9158 0.4880 0.7281 -51.5402 1.9500 -170.3347 -0.0104 0.0000 -0.0000 307 pedestrian_0024
Pedestrian 1.00 1.00 0 0 0 0 0 0 0 0 -1000.00 -1000.00 -1000.00 -1000.00 1.9158 0.4880 0.3938 -274.4152 1.9505 1.9768 -1.8476 0.0000 -0.0000 308 pedestrian_0004
Pedestrian 1.00 1.00 0 0 0 0 0 0 0 0 -1000.00 -1000.00 -1000.00 -1000.00 1.9158 0.4880 0.4561 80.9877 2.1026 8.4064 -0.0487 0.0000 -0.0000 309 pedestrian_0019
Pedestrian 1.00 1.00 0 0 0 0 0 0 0 0 -1000.00 -1000.00 -1000.00 -1000.00 1.3390 0.3253 0.4099 208.7759 1.9425 -51.5820 -1.7040 0.0000 -0.0000 310 pedestrian_0012
Pedestrian 0.00 1.00 0 0 0 0 0 0 0 0 679.47 360.62 682.19 367.04 1.9158 0.4880 0.5527 83.5424 2.1023 -170.3455 3.0543 0.0000 -0.0000 311 pedestrian_0022
Pedestrian 0.00 1.00 0 0 0 0 0 0 0 0 458.01 359.95 462.03 366.46 1.9158 0.4880 0.7507 147.5267 1.9007 -168.0239 1.4938 0.0000 -0.0000 312 pedestrian_0018
Pedestrian 1.00 1.00 4 5 7 25 0 0 0 0 -1000.00 -1000.00 -1000.00 -1000.00 1.9158 0.4880 0.6685 -73.8276 2.1028 15.4528 1.5328 0.0000 -0.0000 313 pedestrian_0022
Pedestrian 0.00 1.00 0 0 0 0 0 0 0 0 831.95 360.13 833.58 367.35 1.9158 0.4880 0.3785 33.8218 1.9499 -151.8202 -3.0083 0.0000 -0.0000 314 pedestrian_0005
Pedestrian 1.00 1.00 0 0 0 0 0 0 0 0 -1000.00 -1000.00 -1000.00 -1000.00 1.9158 0.4880 0.7507 102.5888 1.9502 8.7854 0.0174 0.0000 -0.0000 315 pedestrian_0018
Pedestrian 1.00 1.00 0 0 0 0 0 0 0 0 -1000.00 -1000.00 -1000.00 -1000.00 1.9158 0.4880 0.5644 -272.0475 1.9505 -18.0810 -1.5568 0.0000 -0.0000 316 pedestrian_0024
Pedestrian 0.00 1.00 0 0 0 0 0 0 0 0 1627.79 360.27 1634.17 373.68 1.9158 0.4880 0.4077 -96.2884 1.9553 -84.0199 2.7233 0.0000 -0.0000 317 pedestrian_0002
Pedestrian 0.00 1.00 0 0 0 0 0 0 0 0 1233.49 361.74 1234.99 365.64 1.3390 0.3253 0.3309 -94.5466 1.9412 -195.5629 1.8886 0.0000 -0.0000 318 pedestrian_0013
Pedestrian 0.00 1.00 0 0 0 0 0 0 0 0 875.67 360.13 878.81 367.40 1.9158 0.4880 0.7507 21.8345 1.9500 -150.7102 -0.0112 0.0000 -0.0000 319 pedestrian_0018
Pedestrian 0.00 1.00 0 0 0 0 0 0 0 0 1224.42 360.68 1227.66 367.71 1.9158 0.4880 0.6966 -72.7743 2.1024 -156.0975 -1.4071 0.0000 -0.0000 320 pedestrian_0006
Pedestrian 0.00 1.00 0 0 0 0 0 0 0 0 1236.44 360.07 1238.39 363.81 1.9158 0.4880 0.7507 -142.1012 1.9502 -288.3864 -3.1184 0.0000 -0.0000 321 pedestrian_0021
Pedestrian 0.00 0.84 2 2 2 6 0 0 0 0 1165.35 365.84 1170.44 374.12 1.1330 0.4333 0.5590 -28.6478 1.9397 -80.8596 -0.0754 0.0000 -0.0000 322 pedestrian_0010
Pedestrian 0.00 1.00 0 0 0 0 0 0 0 0 103.50 360.34 118.04 379.40 1.9158 0.4880 0.6687 85.9381 1.9501 -60.5720 1.8613 0.0000 -0.0000 323 pedestrian_0022
Pedestrian 1.00 1.00 0 0 0 0 0 0 0 0 -1000.00 -1000.00 -1000.00 -1000.00 1.9158 0.4880 0.7507 -165.2720 2.0933 -73.4783 1.7384 0.0000 -0.0000 324 pedestrian_0015
Pedestrian 1.00 1.00 1 0 1 13 0 0 0 0 -1000.00 -1000.00 -1000.00 -1000.00 1.9158 0.4880 0.5477 -94.5002 1.9504 33.1633 1.7171 0.0000 -0.0000 325 pedestrian_0005
Pedestrian 1.00 1.00 0 0 0 0 0 0 0 0 -1000.00 -1000.00 -1000.00 -1000.00 1.9158 0.4880 0.6192 200.5576 -8.0434 -7.7018 -1.5603 0.0000 -0.0000 326 pedestrian_0006
Pedestrian 0.00 1.00 0 0 0 0 0 0 0 0 21.44 360.34 37.16 379.84 1.9158 0.4880 0.6927 91.8862 1.9494 -59.2034 -3.0769 0.0000 -0.0000 327 pedestrian_0002
Pedestrian 0.00 0.16 11 15 18 182 3 0 0 0 677.34 360.31 692.81 397.56 1.9158 0.4880 0.6071 14.1630 1.9071 -33.0083 -2.6098 0.0000 -0.0000 328 pedestrian_0015
Pedestrian 1.00 1.00 0 0 0 0 0 0 0 0 -1000.00 -1000.00 -1000.00 -1000.00 1.9158 0.4880 0.7384 -190.0501 1.9507 137.2426 0.3738 0.0000 -0.0000 329 pedestrian_0005
Pedestrian 0.00 1.00 0 0 0 0 0 0 0 0 1197.91 361.57 1199.58 363.79 1.1330 0.4333 0.6667 -122.3079 1.9384 -288.4239 3.1379 0.0000 -0.0000 330 pedestrian_0010
Pedestrian 1.00 1.00 0 0 0 0 0 0 0 0 -1000.00 -1000.00 -1000.00 -1000.00 1.9158 0.4880 0.6917 36.0970 1.8949 87.0867 3.0738 0.0000 -0.0000 331 pedestrian_0001
Pedestrian 1.00 1.00 0 0 0 0 0 0 0 0 -1000.00 -1000.00 -1000.00 -1000.00 1.9158 0.4880 0.3791 -93.9036 1.9503 -1.2542 -1.7008 0.0000 -0.0000 332 pedestrian_0017
Pedestrian 0.00 0.85 0 2 3 6 0 0 0 0 1085.18 360.26 1088.98 374.34 1.9158 0.4880 0.3754 -17.3523 1.9515 -80.1657 0.0854 0.0000 -0.0000 333 pedestrian_0023
Pedestrian 1.00 1.00 0 0 0 0 0 0 0 0 -1000.00 -1000.00 -1000.00 -1000.00 1.3390 0.3253 0.3984 -95.0766 1.9413 44.2095 1.6250 0.0000 -0.0000 334 pedestrian_0013
Pedestrian 0.00 1.00 0 0 0 0 0 0 0 0 1414.51 360.17 1419.90 369.68 1.9158 0.4880 0.7507 -92.4001 1.9501 -116.4964 1.5269 0.0000 -0.0000 335 pedestrian_0019
Pedestrian 1.00 1.00 44 50 77 569 0 12 0 0 -1000.00 -1000.00 -1000.00 -1000.00 1.9158 0.4880 0.4434 -16.7994 1.9156 7.3683 -2.7960 0.0000 -0.0000 336 pedestrian_0017
Pedestrian 0.00 1.00 0 0 0 0 0 0 0 0 1173.25 360.07 1175.09 363.81 1.9158 0.4880 0.7507 -109.8242 1.9504 -288.6987 -3.1326 0.0000 -0.0000 337 pedestrian_0025
Pedestrian 0.00 1.00 0 0 0 0 0 0 0 0 722.99 340.00 724.68 343.88 1.9158 0.4880 0.7507 118.0059 -8.0638 -281.4343 -2.7930 0.0000 -0.0000 338 pedestrian_0006
Pedestrian 0.00 1.00 0 0 0 0 0 0 0 0 931.18 345.21 932.61 347.79 1.1330 0.4333 0.6097 12.4745 -5.4265 -250.4930 3.1246 0.0000 -0.0000 339 pedestrian_0011
Pedestrian 1.00 1.00 0 0 0 0 0 0 0 0 -1000.00 -1000.00 -1000.00 -1000.00 1.1330 0.4333 0.5612 126.5460 1.8852 -44.4964 -1.5572 0.0000 -0.0000 340 pedestrian_0011
Pedestrian 1.00 1.00 0 0 0 0 0 0 0 0 -1000.00 -1000.00 -1000.00 -1000.00 1.3390 0.3253 0.2807 208.4707 1.9434 -121.1870 -1.5081 0.0000 -0.0000 341 pedestrian_0013
Pedestrian 0.00 1.00 0 0 0 0 0 0 0 0 519.34 360.25 527.78 374.50 1.9158 0.4880 0.7507 58.9168 1.9499 -79.3039 0.1162 0.0000 -0.0000 342 pedestrian_0007
Pedestrian 0.00 0.77 1 1 1 7 1 0 0 0 1023.51 359.88 1026.76 370.51 1.9158 0.4880 0.7507 -11.7817 1.8950 -104.7482 -1.5544 0.0000 -0.0000 343 pedestrian_0021
Pedestrian 0.08 1.00 0 0 0 0 0 0 0 0 0.00 316.30 6.36 321.88 1.1330 0.4333 0.5892 201.8716 -8.0609 -121.3874 -1.5514 0.0000 -0.0000 344 pedestrian_0010
Pedestrian 0.00 0.04 37 39 63 416 11 0 0 0 767.98 359.20 790.91 420.80 1.9158 0.4880 0.5388 5.8739 1.8952 -22.5169 -1.5551 0.0000 -0.0000 345 pedestrian_0021
Pedestrian 1.00 1.00 0 0 0 0 0 0 0 0 -1000.00 -1000.00 -1000.00 -1000.00 1.3390 0.3253 0.3147 84.2799 1.9437 44.3158 -1.8304 0.0000 -0.0000 346 pedestrian_0014
Pedestrian 0.00 1.00 0 0 0 0 0 0 0 0 1351.67 360.18 1356.26 370.47 1.9158 0.4880 0.5491 -73.5795 1.9501 -107.9981 -1.6572 0.0000 -0.0000 347 pedestrian_0023
Pedestrian 0.00 0.81 2 1 1 10 0 0 0 0 1089.41 360.26 1095.24 374.34 1.9158 0.4880 0.6414 -18.0806 1.9517 -80.2169 0.1407 0.0000 -0.0000 348 pedestrian_0008
Pedestrian 1.00 1.00 0 0 0 0 0 0 0 0 -1000.00 -1000.00 -1000.00 -1000.00 1.9158 0.4880 0.7507 -241.0850 1.9507 104.0423 0.8221 0.0000 -0.0000 349 pedestrian_0006
Pedestrian 0.00 1.00 0 0 0 0 0 0 0 0 669.79 360.08 672.71 366.22 1.9158 0.4880 0.6826 90.2229 1.9396 -177.6646 -1.7786 0.0000 -0.0000 350 pedestrian_0022
Pedestrian 0.00 1.00 0 0 0 0 0 0 0 0 636.90 360.11 640.35 366.51 1.9158 0.4880 0.7507 96.3785 1.9498 -170.6983 3.1037 0.0000 -0.0000 351 pedestrian_0023
Pedestrian 0.00 1.00 0 0 0 0 0 0 0 0 873.49 359.97 875.97 365.62 1.9158 0.4880 0.7455 28.9743 1.9069 -192.8152 -2.7792 0.0000 -0.0000 352 pedestrian_0006
Pedestrian 1.00 1.00 0 0 0 0 0 0 0 0 -1000.00 -1000.00 -1000.00 -1000.00 1.9158 0.4880 0.7507 58.5442 2.1026 14.1724 1.3910 0.0000 -0.0000 353 pedestrian_0024
Pedestrian 1.00 1.00 0 0 0 0 0 0 0 0 -1000.00 -1000.00 -1000.00 -1000.00 1.1330 0.4333 0.6135 -40.2579 1.6820 143.6577 -0.0627 0.0000 -0.0000 354 pedestrian_0011
Pedestrian 1.00 1.00 5 5 13 94 0 0 0 0 -1000.00 -1000.00 -1000.00 -1000.00 1.9158 0.4880 0.6482 54.6095 1.9503 30.9761 -3.1391 0.0000 -0.0000 355 pedestrian_0017
Pedestrian 1.00 1.00 0 0 0 0 0 0 0 0 -1000.00 -1000.00 -1000.00 -1000.00 1.3390 0.3253 0.3279 165.2810 -8.0584 -55.9112 -1.4700 0.0000 -0.0000 356 pedestrian_0012
Pedestrian 0.00 1.00 0 0 0 0 0 0 0 0 1342.27 360.07 1343.60 363.90 1.9158 0.4880 0.4546 -191.5477 1.9501 -281.7255 2.7546 0.0000 -0.0000 357 pedestrian_0020
Pedestrian 0.00 1.00 0 2 2 5 2 0 0 0 1002.04 359.92 1004.10 367.29 1.9158 0.4880 0.5828 -11.2288 1.8956 -148.9820 -1.5616 0.0000 -0.0000 358 pedestrian_0017
Pedestrian 1.00 1.00 6 9 9 53 0 1 0 0 -1000.00 -1000.00 -1000.00 -1000.00 1.9158 0.4880 0.4986 -48.0546 1.9499 8.5294 3.0029 0.0000 -0.0000 359 pedestrian_0025
Pedestrian 0.00 1.00 0 0 0 0 0 0 0 0 1372.43 361.23 1373.85 363.96 1.3390 0.3253 0.5005 -203.0937 1.9425 -276.9458 -0.4318 0.0000 -0.0000 360 pedestrian_0013
Pedestrian 0.00 1.00 0 0 0 0 0 0 0 0 1185.03 361.17 1186.27 363.79 1.3390 0.3253 0.5005 -115.7643 1.9414 -288.8314 -3.1192 0.0000 -0.0000 361 pedestrian_0013
Pedestrian 1.00 1.00 0 0 0 0 0 0 0 0 -1000.00 -1000.00 -1000.00 -1000.00 1.3390 0.3253 0.3406 54.0816 1.9393 -14.6070 -1.8156 0.0000 -0.0000 362 pedestrian_0013
Pedestrian 1.00 1.00 0 0 0 0 0 0 0 0 -1000.00 -1000.00 -1000.00 -1000.00 1.1330 0.4333 0.6667 -56.7669 1.9227 -34.7639 1.6327 0.0000 -0.0000 363 pedestrian_0011
Pedestrian 0.00 1.00 0 0 0 0 0 0 0 0 825.24 361.53 826.66 365.28 1.3390 0.3253 0.4254 47.9388 1.8860 -202.6984 -0.0231 0.0000 -0.0000 364 pedestrian_0012
Pedestrian 1.00 1.00 0 0 0 0 0 0 0 0 -1000.00 -1000.00 -1000.00 -1000.00 1.9158 0.4880 0.5446 125.8094 1.8947 -15.2660 -1.4937 0.0000 -0.0000 365 pedestrian_0023
Pedestrian 1.00 1.00 0 0 0 42 0 0 0 0 -1000.00 -1000.00 -1000.00 -1000.00 1.9158 0.4880 0.4240 -127.0371 1.9169 78.4694 0.2217 0.0000 -0.0000 366 pedestrian_0005
Pedestrian 0.00 1.00 0 0 0 0 0 0 0 0 1838.28 360.00 1844.89 368.58 1.9158 0.4880 0.6236 -197.4046 1.9168 -128.5909 1.5608 0.0000 -0.0000 367 pedestrian_0021
Pedestrian 1.00 1.00 0 0 0 0 0 0 0 0 -1000.00 -1000.00 -1000.00 -1000.00 1.1330 0.4333 0.4158 -151.7799 2.0913 -62.8804 0.0328 0.0000 -0.0000 368 pedestrian_0010
Pedestrian 0.00 1.00 0 1 1 0 0 0 0 0 926.01 359.93 928.46 365.92 1.9158 0.4880 0.7507 10.5061 1.8947 -182.2000 -1.0169 0.0000 -0.0000 369 pedestrian_0020
Pedestrian 0.00 1.00 0 0 0 0 0 0 0 0 614.58 363.34 617.88 370.81 1.3390 0.3253 0.4223 61.8513 1.9408 -104.2034 -1.6028 0.0000 -0.0000 370 pedestrian_0012
Pedestrian 1.00 1.00 0 0 0 0 0 0 0 0 -1000.00 -1000.00 -1000.00 -1000.00 1.9158 0.4880 0.6605 61.6580 2.0084 -18.5863 -1.4747 0.0000 -0.0000 371 pedestrian_0015
Pedestrian 1.00 1.00 0 0 0 0 0 0 0 0 -1000.00 -1000.00 -1000.00 -1000.00 1.9158 0.4880 0.7507 51.3649 1.9422 -16.2316 0.4600 0.0000 -0.0000 372 pedestrian_0007
Pedestrian 1.00 1.00 0 0 0 0 0 0 0 0 -1000.00 -1000.00 -1000.00 -1000.00 1.9158 0.4880 0.5159 -272.3384 1.9525 -52.1934 -1.6117 0.0000 -0.0000 373 pedestrian_0008
Pedestrian 0.00 1.00 0 0 0 0 0 0 0 0 75.89 360.33 88.49 379.73 1.9158 0.4880 0.4841 87.0780 1.9487 -59.4640 3.1188 0.0000 -0.0000 374 pedestrian_0020
Pedestrian 0.00 1.00 0 0 0 0 0 0 0 0 1112.70 360.11 1115.03 366.49 1.9158 0.4880 0.5461 -46.2883 1.9501 -171.2192 0.0634 0.0000 -0.0000 375 pedestrian_0015
Pedestrian 0.00 1.00 0 0 0 0 0 0 0 0 1413.43 364.38 1417.76 374.10 1.3390 0.3253 0.3306 -62.9892 1.9452 -81.1105 0.0211 0.0000 -0.0000 376 pedestrian_0012
Pedestrian 0.00 1.00 0 0 0 0 0 0 0 0 608.04 360.10 610.56 366.46 1.9158 0.4880 0.4379 105.8436 1.9475 -171.7598 -0.0634 0.0000 -0.0000 377 pedestrian_0017
Pedestrian 1.00 1.00 0 0 0 0 0 0 0 0 -1000.00 -1000.00 -1000.00 -1000.00 1.9158 0.4880 0.7357 125.4826 1.8947 -20.6435 1.6246 0.0000 -0.0000 378 pedestrian_0025
Pedestrian 1.00 1.00 0 0 0 0 0 0 0 0 -1000.00 -1000.00 -1000.00 -1000.00 1.1330 0.4333 0.6074 -73.7229 1.9390 26.6673 2.9277 0.0000 -0.0000 379 pedestrian_0009
Pedestrian 0.00 1.00 0 0 0 0 0 0 0 0 646.19 360.17 650.35 369.91 1.9158 0.4880 0.6271 61.5176 1.9500 -113.8611 1.6255 0.0000 -0.0000 380 pedestrian_0002
Pedestrian 0.00 1.00 0 0 0 0 0 0 0 0 1128.88 361.18 1129.81 363.80 1.3390 0.3253 0.3966 -86.6753 1.9416 -288.1642 -0.0705 0.0000 -0.0000 381 pedestrian_0013
Pedestrian 0.00 1.00 0 0 0 0 0 0 0 0 743.87 362.49 745.91 366.92 1.3390 0.3253 0.5005 65.2071 2.0939 -172.4939 2.6709 0.0000 -0.0000 382 pedestrian_0012
Pedestrian 1.00 1.00 5 11 14 142 0 0 0 0 -1000.00 -1000.00 -1000.00 -1000.00 1.1330 0.4333 0.5884 -7.2028 2.0359 28.9452 -2.9702 0.0000 -0.0000 383 pedestrian_0010
Pedestrian 0.00 1.00 0 0 0 0 0 0 0 0 1296.77 361.19 1298.11 363.82 1.3390 0.3253 0.5005 -171.8091 1.9439 -286.6859 -0.1867 0.0000 -0.0000 384 pedestrian_0013
Pedestrian 1.00 1.00 0 0 0 0 0 0 0 0 -1000.00 -1000.00 -1000.00 -1000.00 1.9158 0.4880 0.7507 53.7261 2.0473 77.8539 -1.7023 0.0000 -0.0000 385 pedestrian_0015
Pedestrian 1.00 1.00 1 1 1 17 0 1 0 0 -1000.00 -1000.00 -1000.00 -1000.00 1.9158 0.4880 0.4161 -72.2341 1.9504 25.6099 -0.1026 0.0000 -0.0000 386 pedestrian_0018
Pedestrian 0.00 1.00 0 0 0 0 0 0 0 0 1218.86 361.18 1220.13 363.79 1.3390 0.3253 0.4935 -132.8476 1.9414 -288.2314 -3.1217 0.0000 -0.0000 387 pedestrian_0013
Pedestrian 0.00 1.00 0 0 0 0 0 0 0 0 45.05 360.15 52.60 368.57 1.9158 0.4880 0.7507 208.0178 1.9498 -131.0165 -1.5586 0.0000 -0.0000 388 pedestrian_0022
Pedestrian 1.00 1.00 0 0 0 0 0 0 0 0 -1000.00 -1000.00 -1000.00 -1000.00 1.9158 0.4880 0.7507 -270.7127 1.9530 -96.2722 1.5904 0.0000 -0.0000 389 pedestrian_0003
Pedestrian 0.00 1.00 0 0 0 0 0 0 0 0 1240.76 360.07 1242.72 363.81 1.9158 0.4880 0.7507 -144.4751 1.9504 -288.6990 -3.0903 0.0000 -0.0000 390 pedestrian_0021
Pedestrian 1.00 1.00 0 0 0 0 0 0 0 0 -1000.00 -1000.00 -1000.00 -1000.00 1.9158 0.4880 0.7507 -156.1875 1.9170 74.6835 -2.9360 0.0000 -0.0000 391 pedestrian_0016
Pedestrian 0.00 1.00 0 0 0 0 0 0 0 0 1156.92 360.06 1158.72 363.81 1.9158 0.4880 0.7507 -101.3888 1.9490 -288.5519 3.1377 0.0000 -0.0000 392 pedestrian_0005
Pedestrian 0.00 1.00 0 0 0 0 0 0 0 0 572.53 334.19 574.39 339.21 1.9158 0.4880 0.4774 149.5234 -8.0542 -218.8795 0.8830 0.0000 -0.0000 393 pedestrian_0026
Pedestrian 0.00 1.00 0 0 0 0 0 0 0 0 82.05 360.34 95.11 379.51 1.9158 0.4880 0.5436 87.4765 1.9501 -60.1207 3.1409 0.0000 -0.0000 394 pedestrian_0022
Pedestrian 1.00 1.00 0 0 0 0 0 0 0 0 -1000.00 -1000.00 -1000.00 -1000.00 1.1330 0.4333 0.6667 164.3432 -8.0636 -31.1266 1.5757 0.0000 -0.0000 395 pedestrian_0010
Pedestrian 1.00 1.00 0 0 0 0 0 0 0 0 -1000.00 -1000.00 -1000.00 -1000.00 1.9158 0.4880 0.7507 120.0411 1.9502 31.2749 -2.8589 0.0000 -0.0000 396 pedestrian_0006
Pedestrian 0.00 1.00 0 0 0 0 0 0 0 0 1415.94 363.02 1419.67 369.76 1.3390 0.3253 0.5005 -91.2742 1.9417 -114.9850 -1.5538 0.0000 -0.0000 397 pedestrian_0012
Pedestrian 0.00 1.00 0 0 0 0 0 0 0 0 768.58 362.71 770.95 365.93 1.1330 0.4333 0.6667 67.0728 2.0882 -199.9032 3.0008 0.0000 -0.0000 398 pedestrian_0010
Pedestrian 1.00 1.00 0 0 0 0 0 0 0 0 -1000.00 -1000.00 -1000.00 -1000.00 1.9158 0.4880 0.7507 -138.8608 1.9168 77.4583 -2.9997 0.0000 -0.0000 399 pedestrian_0007
Pedestrian 1.00 1.00 0 0 0 0 0 0 0 0 -1000.00 -1000.00 -1000.00 -1000.00 1.9158 0.4880 0.6437 199.7231 -7.9214 40.4362 -1.5417 0.0000 -0.0000 400 pedestrian_0001
Pedestrian 1.00 1.00 0 0 0 0 0 0 0 0 -1000.00 -1000.00 -1000.00 -1000.00 1.9158 0.4880 0.7507 19.7415 1.9133 -21.0178 2.9091 0.0000 -0.0000 401 pedestrian_0016
Pedestrian 1.00 1.00 0 0 0 0 0 0 0 0 -1000.00 -1000.00 -1000.00 -1000.00 1.9158 0.4880 0.4598 -262.3351 1.9506 71.7104 1.1307 0.0000 -0.0000 402 pedestrian_0021
Pedestrian 0.00 1.00 0 0 0 0 0 0 0 0 396.47 360.34 407.31 379.54 1.9158 0.4880 0.5984 55.9305 1.9496 -60.0270 -0.0257 0.0000 -0.0000 403 pedestrian_0006
Pedestrian 1.00 1.00 0 1 3 6 0 0 0 0 -1000.00 -1000.00 -1000.00 -1000.00 1.9158 0.4880 0.5953 -94.6474 1.9509 32.2834 2.0470 0.0000 -0.0000 404 pedestrian_0023
Pedestrian 0.00 1.00 0 0 0 0 0 0 0 0 539.76 365.43 545.75 373.16 1.1330 0.4333 0.5936 61.6863 1.9387 -86.4246 -1.5930 0.0000 -0.0000 405 pedestrian_0011
Pedestrian 1.00 1.00 337 383 618 6823 0 0 0 79 -1000.00 -1000.00 -1000.00 -1000.00 1.9158 0.4880 0.5448 6.1949 1.8952 1.6324 -1.5732 0.0000 -0.0000 406 pedestrian_0004
Pedestrian 0.00 1.00 0 0 0 0 0 0 0 0 784.43 360.11 786.71 366.45 1.9158 0.4880 0.5021 52.7797 1.9499 -172.1894 3.0153 0.0000 -0.0000 407 pedestrian_0026
Pedestrian 1.00 1.00 0 0 0 0 0 0 0 0 -1000.00 -1000.00 -1000.00 -1000.00 1.3390 0.3253 0.3684 145.0074 1.8883 -10.9830 -1.5414 0.0000 -0.0000 408 pedestrian_0013
Pedestrian 0.00 1.00 0 0 0 0 0 0 0 0 1214.88 362.18 1216.57 365.26 1.1330 0.4333 0.4027 -94.3024 1.9389 -208.8744 -1.5521 0.0000 -0.0000 409 pedestrian_0010
Pedestrian 1.00 1.00 0 0 0 0 0 0 0 0 -1000.00 -1000.00 -1000.00 -1000.00 1.9158 0.4880 0.5157 143.9123 1.8953 48.0162 -1.4818 0.0000 -0.0000 410 pedestrian_0020
Pedestrian 0.00 1.00 0 0 0 0 0 0 0 0 1305.70 360.13 1308.59 367.32 1.9158 0.4880 0.5436 -92.7268 1.9500 -152.5305 -1.7470 0.0000 -0.0000 411 pedestrian_0025
Pedestrian 1.00 1.00 0 0 0 0 0 0 0 0 -1000.00 -1000.00 -1000.00 -1000.00 1.1330 0.4333 0.5738 122.5201 1.8834 49.6568 1.6025 0.0000 -0.0000 412 pedestrian_0010
Pedestrian 0.00 1.00 0 0 0 0 0 0 0 0 464.58 360.13 469.18 367.60 1.9158 0.4880 0.7507 126.7975 1.9499 -146.9997 1.4534 0.0000 -0.0000 413 pedestrian_0015
Pedestrian 0.00 1.00 0 0 0 0 0 0 0 0 735.04 361.93 736.95 364.86 1.1330 0.4333 0.6245 86.9069 1.8829 -219.5155 0.2181 0.0000 -0.0000 414 pedestrian_0011
Pedestrian 0.00 1.00 3 2 4 21 2 0 0 0 896.63 361.72 901.38 379.62 1.9158 0.4880 0.6233 6.5723 2.1025 -64.2175 1.6467 0.0000 -0.0000 415 pedestrian_0025
Pedestrian 1.00 1.00 0 0 0 0 0 0 0 0 -1000.00 -1000.00 -1000.00 -1000.00 1.1330 0.4333 0.3911 164.6539 -8.0614 -56.3258 1.6825 0.0000 -0.0000 416 pedestrian_0009
Pedestrian 1.00 1.00 0 0 0 0 0 0 0 0 -1000.00 -1000.00 -1000.00 -1000.00 1.9158 0.4880 0.7507 45.4122 -6.1787 108.8046 0.0081 0.0000 -0.0000 417 pedestrian_0026
Pedestrian 1.00 1.00 0 0 0 0 0 0 0 0 -1000.00 -1000.00 -1000.00 -1000.00 1.9158 0.4880 0.5208 -272.3794 1.9521 -9.1098 -1.5669 0.0000 -0.0000 418 pedestrian_0019
Pedestrian 0.00 1.00 7 6 9 30 1 0 0 0 1155.79 360.33 1164.73 378.73 1.9158 0.4880 0.7507 -20.9526 1.9505 -62.4748 0.0448 0.0000 -0.0000 419 pedestrian_0018
Pedestrian 0.00 1.00 0 0 0 0 0 0 0 0 1170.81 360.07 1172.26 363.82 1.9158 0.4880 0.5521 -108.1350 1.9501 -287.8113 0.0088 0.0000 -0.0000 420 pedestrian_0026
Pedestrian 1.00 1.00 0 0 0 0 0 0 0 0 -1000.00 -1000.00 -1000.00 -1000.00 1.9158 0.4880 0.4546 146.3667 1.8945 -85.8661 -1.5737 0.0000 -0.0000 421 pedestrian_0005
Pedestrian 0.00 1.00 0 0 0 0 0 0 0 0 509.14 360.25 516.32 374.05 1.9158 0.4880 0.6335 62.3371 1.9501 -81.7316 -1.5762 0.0000 -0.0000 422 pedestrian_0021
Pedestrian 0.00 1.00 0 0 0 0 0 0 0 0 491.05 360.70 495.09 367.89 1.9158 0.4880 0.6690 124.7280 2.1023 -152.5363 1.2626 0.0000 -0.0000 423 pedestrian_0025
Pedestrian 0.00 1.00 0 0 0 0 0 0 0 0 154.82 359.86 162.19 372.03 1.9158 0.4880 0.4770 126.5329 1.8945 -91.9826 1.5197 0.0000 -0.0000 424 pedestrian_0008
Pedestrian 1.00 1.00 4 5 9 130 0 0 0 2 -1000.00 -1000.00 -1000.00 -1000.00 1.9158 0.4880 0.4557 38.8065 1.9483 29.5183 -0.0101 0.0000 -0.0000 425 pedestrian_0018
Pedestrian 1.00 1.00 0 0 0 0 0 0 0 0 -1000.00 -1000.00 -1000.00 -1000.00 1.9158 0.4880 0.5415 -142.7311 1.9502 -83.5935 -3.1385 0.0000 -0.0000 426 pedestrian_0020
Pedestrian 0.00 1.00 0 0 0 0 0 0 0 0 1085.41 362.01 1087.32 366.47 1.3390 0.3253 0.5005 -38.0183 1.9437 -171.2382 -3.1360 0.0000 -0.0000 427 pedestrian_0012
Pedestrian 0.00 1.00 0 0 0 0 0 0 0 0 301.84 363.85 306.72 369.68 1.1330 0.4333 0.4373 128.0561 1.8856 -112.7226 -1.5095 0.0000 -0.0000 428 pedestrian_0011
Pedestrian 0.00 1.00 0 0 0 0 0 0 0 0 1297.15 360.11 1299.50 366.43 1.9158 0.4880 0.4293 -102.8352 1.9501 -172.9502 3.0947 0.0000 -0.0000 429 pedestrian_0006
Pedestrian 1.00 1.00 0 0 0 0 0 0 0 0 -1000.00 -1000.00 -1000.00 -1000.00 1.9158 0.4880 0.6097 125.9451 1.8954 -10.4748 -1.5043 0.0000 -0.0000 430 pedestrian_0021
Pedestrian 0.00 1.00 0 0 0 0 0 0 0 0 1381.83 360.31 1392.52 378.56 1.9158 0.4880 0.7507 -45.0408 1.9487 -62.9240 3.1324 0.0000 -0.0000 431 pedestrian_0026
Pedestrian 1.00 1.00 0 0 0 0 0 0 0 0 -1000.00 -1000.00 -1000.00 -1000.00 1.9158 0.4880 0.6751 8.9871 -3.2897 107.7189 3.1071 0.0000 -0.0000 432 pedestrian_0026
Pedestrian 0.00 1.00 0 0 0 0 0 0 0 0 1365.68 360.21 1370.41 371.04 1.9158 0.4880 0.4847 -72.3570 1.9529 -102.7658 -1.6112 0.0000 -0.0000 433 pedestrian_0002
Pedestrian 0.00 1.00 0 0 0 0 0 0 0 0 60.27 360.14 65.55 367.88 1.9158 0.4880 0.5250 222.6067 1.9498 -142.0166 0.5479 0.0000 -0.0000 434 pedestrian_0001
Pedestrian 0.00 1.00 0 0 0 0 0 0 0 0 697.31 339.69 698.92 343.63 1.9158 0.4880 0.6684 128.8842 -8.0651 -277.2511 0.3356 0.0000 -0.0000 435 pedestrian_0022
Pedestrian 1.00 1.00 0 0 0 0 0 0 0 0 -1000.00 -1000.00 -1000.00 -1000.00 1.9158 0.4880 0.4967 58.6044 2.1026 15.0099 -1.3693 0.0000 -0.0000 436 pedestrian_0005
Pedestrian 0.00 1.00 0 0 0 0 0 0 0 0 492.99 365.91 500.58 379.14 1.3390 0.3253 0.5005 47.1241 1.9417 -60.8677 -3.1412 0.0000 -0.0000 437 pedestrian_0013
Pedestrian 0.00 1.00 0 0 0 0 0 0 0 0 1479.40 361.78 1481.06 364.30 1.1330 0.4333 0.5392 -235.0255 1.9402 -254.8781 2.3739 0.0000 -0.0000 438 pedestrian_0011
Pedestrian 1.00 1.00 0 1 2 13 0 1 0 0 -1000.00 -1000.00 -1000.00 -1000.00 1.9158 0.4880 0.5165 -68.9250 1.9504 25.7190 3.0618 0.0000 -0.0000 439 pedestrian_0006
Pedestrian 1.00 1.00 0 0 0 0 0 0 0 0 -1000.00 -1000.00 -1000.00 -1000.00 1.3390 0.3253 0.4934 39.7155 -6.0588 144.7770 -3.1185 0.0000 -0.0000 440 pedestrian_0014
Pedestrian 1.00 1.00 0 0 0 0 0 0 0 0 -1000.00 -1000.00 -1000.00 -1000.00 1.9158 0.4880 0.4858 -95.7124 1.9501 34.8270 -1.5049 0.0000 -0.0000 441 pedestrian_0025
Pedestrian 1.00 1.00 0 0 0 0 0 0 0 0 -1000.00 -1000.00 -1000.00 -1000.00 1.9158 0.4880 0.4930 -235.2257 1.9507 110.3610 -2.3641 0.0000 -0.0000 442 pedestrian_0003
Pedestrian 0.00 1.00 0 0 0 0 0 0 0 0 116.25 360.26 127.37 374.79 1.9158 0.4880 0.7028 110.8952 1.9500 -77.8119 0.0579 0.0000 -0.0000 443 pedestrian_0024
Pedestrian 0.00 0.94 0 0 0 9 3 0 0 0 930.09 359.89 932.90 369.00 1.9158 0.4880 0.5139 6.0116 1.8930 -121.3641 1.8463 0.0000 -0.0000 444 pedestrian_0007
Pedestrian 1.00 1.00 0 0 0 0 0 0 0 0 -1000.00 -1000.00 -1000.00 -1000.00 1.9158 0.4880 0.4108 -111.0160 1.9555 -62.1024 -0.0835 0.0000 -0.0000 445 pedestrian_0023
Pedestrian 1.00 1.00 0 0 0 0 0 0 0 0 -1000.00 -1000.00 -1000.00 -1000.00 1.9158 0.4880 0.6071 -268.5726 1.9489 51.5720 1.2936 0.0000 -0.0000 446 pedestrian_0026
Pedestrian 1.00 1.00 0 0 0 0 0 0 0 0 -1000.00 -1000.00 -1000.00 -1000.00 1.1330 0.4333 0.6304 165.7325 -8.0590 -81.2426 -1.5542 0.0000 -0.0000 447 pedestrian_0009
Pedestrian 0.00 1.00 0 0 0 0 0 0 0 0 728.94 337.23 730.90 341.65 1.9158 0.4880 0.6990 101.0071 -8.0674 -247.8010 0.1534 0.0000 -0.0000 448 pedestrian_0015
Pedestrian 1.00 1.00 0 0 0 0 0 0 0 0 -1000.00 -1000.00 -1000.00 -1000.00 1.9158 0.4880 0.3909 153.6777 1.9500 -77.0323 3.0248 0.0000 -0.0000 449 pedestrian_0017
Pedestrian 0.00 0.96 0 1 1 6 1 0 0 0 927.07 359.91 929.29 368.12 1.9158 0.4880 0.6716 7.4475 1.8948 -134.2150 1.5833 0.0000 -0.0000 450 pedestrian_0023
Pedestrian 0.00 1.00 0 0 0 0 0 0 0 0 1715.59 360.23 1735.55 387.60 1.9158 0.4880 0.7507 -54.1946 1.9320 -43.7192 2.0086 0.0000 -0.0000 451 pedestrian_0001
Pedestrian 1.00 1.00 0 0 0 0 0 0 0 0 -1000.00 -1000.00 -1000.00 -1000.00 1.9158 0.4880 0.6435 -176.7860 1.9169 48.9270 -2.6755 0.0000 -0.0000 452 pedestrian_0017
Pedestrian 0.00 1.00 0 0 0 0 0 0 0 0 770.02 367.95 777.90 379.31 1.1330 0.4333 0.6329 18.7615 1.9387 -60.3795 3.0589 0.0000 -0.0000 453 pedestrian_0011
Pedestrian 0.00 1.00 0 0 0 0 0 0 0 0 1798.06 360.12 1802.93 366.13 1.9158 0.4880 0.7130 -268.2162 1.9527 -181.3544 -1.4492 0.0000 -0.0000 454 pedestrian_0018
Pedestrian 0.00 1.00 0 0 0 0 0 0 0 0 535.46 359.94 538.50 365.56 1.9158 0.4880 0.6649 144.3786 1.8946 -193.6523 1.2512 0.0000 -0.0000 455 pedestrian_0021
Pedestrian 1.00 1.00 0 0 0 0 0 0 0 0 -1000.00 -1000.00 -1000.00 -1000.00 1.9158 0.4880 0.4718 209.0905 1.9502 -46.5338 -1.6519 0.0000 -0.0000 456 pedestrian_0007
Pedestrian 0.00 1.00 0 1 0 0 0 0 0 0 779.51 359.79 790.56 386.76 1.9158 0.4880 0.7507 12.5511 1.9007 -44.2502 -1.6936 0.0000 -0.0000 457 pedestrian_0021
Pedestrian 1.00 1.00 0 0 0 0 0 0 0 0 -1000.00 -1000.00 -1000.00 -1000.00 1.9158 0.4880 0.4553 78.8702 -6.5364 109.2349 -3.1333 0.0000 -0.0000 458 pedestrian_0019
Pedestrian 1.00 1.00 0 0 0 0 0 0 0 0 -1000.00 -1000.00 -1000.00 -1000.00 1.1330 0.4333 0.5305 -188.7043 1.9393 137.8471 0.3611 0.0000 -0.0000 459 pedestrian_0009
Pedestrian 1.00 1.00 0 0 0 0 0 0 0 0 -1000.00 -1000.00 -1000.00 -1000.00 1.9158 0.4880 0.6605 -210.7370 1.9507 128.9889 0.4108 0.0000 -0.0000 460 pedestrian_0004
Pedestrian 1.00 1.00 0 0 0 0 0 0 0 0 -1000.00 -1000.00 -1000.00 -1000.00 1.3390 0.3253 0.4371 -94.8780 1.9419 -45.7663 1.5076 0.0000 -0.0000 461 pedestrian_0012
Pedestrian 1.00 1.00 0 0 0 0 0 0 0 0 -1000.00 -1000.00 -1000.00 -1000.00 1.9158 0.4880 0.5902 -145.3211 2.1026 -81.9105 1.3986 0.0000 -0.0000 462 pedestrian_0006
Pedestrian 0.00 0.75 3 4 6 35 4 0 0 0 877.19 369.48 883.70 384.18 1.1330 0.4333 0.6667 6.2437 1.8833 -47.9935 1.6008 0.0000 -0.0000 463 pedestrian_0009
Pedestrian 0.00 1.00 0 0 0 0 0 0 0 0 1288.60 362.83 1291.20 367.86 1.3390 0.3253 0.5005 -87.9698 2.0940 -152.2756 -0.0353 0.0000 -0.0000 464 pedestrian_0014
Pedestrian 0.00 1.00 0 0 0 0 0 0 0 0 1349.41 363.41 1353.23 368.25 1.1330 0.4333 0.6667 -92.1849 1.9389 -135.0507 -1.5834 0.0000 -0.0000 465 pedestrian_0010
Pedestrian 0.78 1.00 0 0 0 0 0 0 0 0 1915.00 360.36 1920.00 392.61 1.9158 0.4880 0.5535 -58.0373 1.9374 -37.7787 0.9281 0.0000 -0.0000 466 pedestrian_0017
Pedestrian 1.00 1.00 34 37 61 484 0 10 0 0 -1000.00 -1000.00 -1000.00 -1000.00 1.9158 0.4880 0.3884 -18.0148 1.9506 8.3554 2.4000 0.0000 -0.0000 467 pedestrian_0004
Pedestrian 1.00 1.00 0 0 0 0 0 0 0 0 -1000.00 -1000.00 -1000.00 -1000.00 1.9158 0.4880 0.5605 54.5044 1.9506 29.0261 -2.9391 0.0000 -0.0000 468 pedestrian_0021
Pedestrian 0.00 1.00 0 0 0 0 0 0 0 0 261.96 367.64 270.71 381.30 1.3390 0.3253 0.4552 68.3958 2.0941 -59.1314 -0.0008 0.0000 -0.0000 469 pedestrian_0013
Pedestrian 0.00 1.00 0 0 0 0 0 0 0 0 259.02 359.88 266.78 370.29 1.9158 0.4880 0.7507 128.7737 1.8945 -106.8691 1.5564 0.0000 -0.0000 470 pedestrian_0001
Pedestrian 1.00 1.00 0 0 0 0 0 0 0 0 -1000.00 -1000.00 -1000.00 -1000.00 1.9158 0.4880 0.7507 117.9100 1.9500 -59.8991 0.0254 0.0000 -0.0000 471 pedestrian_0015
Pedestrian 1.00 1.00 0 0 0 0 0 0 0 0 -1000.00 -1000.00 -1000.00 -1000.00 1.9158 0.4880 0.7507 -88.5637 1.9506 144.0710 -0.0406 0.0000 -0.0000 472 pedestrian_0024
Pedestrian 0.00 1.00 0 0 0 0 0 0 0 0 1179.11 361.78 1180.43 365.75 1.3390 0.3253 0.3163 -74.3551 1.9434 -192.0064 1.5452 0.0000 -0.0000 473 pedestrian_0013
Pedestrian 0.00 1.00 0 0 0 0 0 0 0 0 1213.84 360.07 1215.26 363.81 1.9158 0.4880 0.5395 -130.3811 1.9498 -288.3761 3.0207 0.0000 -0.0000 474 pedestrian_0018
Pedestrian 0.00 1.00 0 0 0 0 0 0 0 0 954.99 362.33 956.66 366.77 1.3390 0.3253 0.4788 1.2601 2.0428 -171.7859 -3.0454 0.0000 -0.0000 475 pedestrian_0012
Pedestrian 1.00 1.00 0 0 1 2 0 0 0 0 -1000.00 -1000.00 -1000.00 -1000.00 1.9158 0.4880 0.3935 -93.4793 1.9487 31.2531 -1.1889 0.0000 -0.0000 476 pedestrian_0026
Pedestrian 0.00 1.00 0 0 0 0 0 0 0 0 1132.96 360.07 1134.34 363.82 1.9158 0.4880 0.5112 -88.6919 1.9499 -287.5673 -2.9800 0.0000 -0.0000 477 pedestrian_0016
Pedestrian 0.00 1.00 0 0 0 0 0 0 0 0 569.57 360.21 575.78 371.99 1.9158 0.4880 0.7507 63.2572 1.9500 -95.0034 1.5649 0.0000 -0.0000 478 pedestrian_0006
Pedestrian 0.00 1.00 0 0 0 0 0 0 0 0 1260.17 360.07 1261.49 363.80 1.9158 0.4880 0.4323 -154.4323 1.9499 -289.0082 3.0689 0.0000 -0.0000 479 pedestrian_0001
Pedestrian 1.00 1.00 0 0 0 0 0 0 0 0 -1000.00 -1000.00 -1000.00 -1000.00 1.9158 0.4880 0.7507 30.8684 1.8949 86.6262 -0.0486 0.0000 -0.0000 480 pedestrian_0021
Car 0.00 1.00 0 0 0 0 0 0 0 0 879.97 361.19 890.26 368.47 1.6980 1.9434 4.1871 17.8163 1.9850 -136.4914 -1.5556 0.0000 -0.0000 481 citroen_c3
Car 0.00 1.00 0 0 0 0 0 0 0 0 869.61 359.90 881.35 369.09 1.9718 2.0005 4.0595 18.4247 1.9505 -125.4402 -1.5556 0.0000 -0.0000 482 jeep_wrangler_rubicon
Car 0.00 1.00 0 0 0 0 0 0 0 0 745.43 360.06 760.11 368.54 1.9718 2.0005 4.0595 48.9311 1.9855 -135.4218 1.5860 0.0000 -0.0000 483 jeep_wrangler_rubicon
Car 0.00 1.00 0 0 0 0 0 0 0 0 883.34 359.90 894.62 369.09 1.9718 2.0005 4.0595 15.4838 1.9505 -125.4849 -1.5556 0.0000 -0.0000 484 jeep_wrangler_rubicon
Car 0.00 1.00 0 0 0 0 0 0 0 0 1265.60 360.11 1292.03 370.22 1.9718 2.0005 4.0595 -62.7673 1.9929 -113.6408 0.0152 0.0000 -0.0000 485 nissan_patrol
Car 0.00 1.00 0 0 0 0 0 0 0 0 1257.69 362.31 1283.17 370.09 1.5488 2.0688 3.9961 -62.7374 2.0206 -116.5359 -3.1264 0.0000 -0.0000 486 nissan_patrol
Car 0.00 1.00 0 0 0 0 0 0 0 0 1279.83 362.95 1321.43 372.07 1.4855 2.1349 -5.6254 -56.6026 1.9826 -96.6445 -3.1264 0.0000 -0.0000 487 nissan_patrol
Car 0.00 1.00 0 0 0 0 0 0 0 0 1234.11 361.73 1258.80 370.09 1.6244 1.8781 -3.8906 -56.3451 1.9687 -113.5420 0.0152 0.0000 -0.0000 488 nissan_patrol
Car 0.00 1.00 0 0 0 4 0 0 0 0 1193.21 361.89 1231.20 373.35 1.7506 2.3538 -4.8416 -39.2216 2.0495 -90.7620 0.0152 0.0000 -0.0000 489 nissan_patrol
Car 0.00 0.32 12 16 24 120 3 0 0 0 1161.94 360.12 1188.63 371.10 1.9718 2.0005 -4.0595 -39.0432 1.9929 -105.0589 -3.1264 0.0000 -0.0000 490 nissan_patrol
Car 0.00 1.00 0 0 0 0 0 0 0 0 1343.55 360.19 1383.78 372.81 1.9476 2.0282 4.8347 -63.0677 1.9780 -91.1249 -3.1264 0.0000 -0.0000 491 nissan_patrol
Car 0.00 1.00 0 0 0 0 0 0 0 0 1333.78 360.13 1367.55 372.48 1.9718 2.0005 4.0595 -63.0813 1.9929 -94.0196 -3.1264 0.0000 -0.0000 492 nissan_patrol
Car 0.00 1.00 0 0 0 0 0 0 0 0 1228.33 362.11 1258.44 372.36 1.6244 1.8781 3.8906 -45.6203 1.9687 -93.7548 0.0152 0.0000 -0.0000 493 nissan_patrol
Car 0.00 1.00 0 0 0 0 0 0 0 0 1219.63 362.81 1249.88 372.32 1.5488 2.0688 3.9961 -45.5777 2.0207 -96.4784 -3.1264 0.0000 -0.0000 494 nissan_patrol
Car 0.00 1.00 0 0 0 2 0 0 0 0 1194.58 359.11 1225.87 371.02 2.1397 2.1728 4.7017 -45.4222 1.9794 -105.1570 -3.1264 0.0000 -0.0000 495 nissan_patrol
Car 0.00 0.59 4 4 9 71 2 0 0 0 1176.00 360.15 1204.89 370.17 1.9476 2.0282 4.8347 -45.2492 1.9779 -113.3729 -3.1264 0.0000 -0.0000 496 nissan_patrol
Car 0.00 0.90 0 0 0 6 0 0 0 0 1172.51 362.26 1196.61 369.85 1.5100 1.8730 4.1000 -45.2724 1.9696 -116.2700 -3.1264 0.0000 -0.0000 497 nissan_patrol
Car 0.00 0.56 6 9 13 69 2 0 0 0 1119.62 362.65 1146.05 371.61 1.5488 2.0688 3.9961 -30.3959 2.0206 -102.0329 0.0152 0.0000 -0.0000 498 nissan_patrol
Car 0.00 0.84 0 0 0 5 0 0 0 0 1114.72 362.51 1140.52 370.97 1.5100 1.8730 4.1000 -30.3558 1.9696 -104.9277 0.0152 0.0000 -0.0000 499 nissan_patrol
Car 0.00 1.00 0 0 0 0 0 0 0 0 1108.19 360.16 1137.42 370.74 1.9476 2.0282 4.8347 -30.2676 1.9779 -107.6101 -3.1264 0.0000 -0.0000 500 nissan_patrol
Car 0.00 0.33 22 36 60 246 2 0 0 0 1098.79 358.95 1133.09 372.92 2.1397 2.1728 -4.7017 -24.1782 1.9795 -90.5330 -3.1264 0.0000 -0.0000 501 nissan_patrol
Car 0.00 0.49 7 10 15 60 0 0 0 0 1093.35 360.19 1126.96 372.47 1.9476 2.0282 -4.8347 -24.0673 1.9779 -93.4269 0.0152 0.0000 -0.0000 502 nissan_patrol
Car 0.00 0.59 4 2 5 31 1 0 0 0 1073.73 361.78 1096.38 370.40 1.6244 1.8781 -3.8906 -23.8814 1.9686 -110.4084 -3.1264 0.0000 -0.0000 503 nissan_patrol
Car 0.00 0.78 0 1 2 19 0 0 0 0 1068.25 361.51 1095.71 370.58 1.7506 2.3538 -4.8416 -23.8655 2.0494 -113.0476 -3.1264 0.0000 -0.0000 504 nissan_patrol
Car 0.00 1.00 0 0 0 0 0 0 0 0 860.88 359.97 872.47 368.27 1.9476 2.0282 4.8347 22.3042 1.9414 -137.0920 1.5860 0.0000 -0.0000 505 nissan_patrol
Car 0.00 1.00 0 0 0 0 0 0 0 0 756.87 361.73 771.32 368.48 1.5475 1.9070 4.4025 46.1264 1.9629 -135.0633 1.5860 0.0000 -0.0000 506 seat_leon
Car 0.00 1.00 0 0 0 0 0 0 0 0 818.82 357.47 835.48 368.55 2.5908 2.7453 5.4640 31.6946 1.9999 -136.8858 1.5860 0.0000 -0.0000 507 carlamotors_carlacola
Car 0.00 1.00 0 0 0 0 0 0 0 0 488.95 357.71 517.28 368.11 2.5908 2.7453 5.4640 116.0604 2.0212 -145.3610 -1.5556 0.0000 -0.0000 508 carlamotors_carlacola
Car 0.00 1.00 0 0 0 0 0 0 0 0 474.77 357.71 503.65 368.11 2.5908 2.7453 5.4640 119.5486 2.0212 -145.3079 -1.5556 0.0000 -0.0000 509 carlamotors_carlacola
Car 0.00 1.00 0 0 0 0 0 0 0 0 378.60 356.55 419.35 369.46 2.5908 2.7453 5.4640 113.9942 1.8991 -117.1504 -3.1264 0.0000 -0.0000 510 carlamotors_carlacola
Car 0.00 1.00 0 0 0 0 0 0 0 0 837.31 357.48 853.21 368.55 2.5908 2.7453 5.4640 27.3842 1.9999 -136.9514 1.5860 0.0000 -0.0000 511 carlamotors_carlacola
Car 1.00 1.00 0 0 0 0 0 0 0 0 -1000.00 -1000.00 -1000.00 -1000.00 2.2031 2.5091 6.5872 53.8192 2.0111 -26.3733 1.0624 0.0000 -0.0000 512 tesla_cybertruck