Car 0.00 1.00 0 0 0 0 0 0 0 0 1146.82 356.36 1158.65 359.57 1.5542 2.3421 5.1370 -96.0781 -0.2412 -280.8292 -0.0795 0.0210 -0.0004 0 lincoln2020_mkz2020
Car 1.00 1.00 6642 237254 380220 0 0 0 0 0 -1000.00 -1000.00 -1000.00 -1000.00 2.1397 2.1728 4.7045 -0.0005 2.0932 -2.2389 1.5708 0.0000 0.0000 1 volkswagen_t2
Motorcycle 0.00 1.00 0 0 0 0 0 0 0 0 1737.86 356.42 1752.91 362.05 1.6960 1.0692 2.4735 -244.2841 0.6153 -176.8675 1.6404 0.0125 0.0329 2 harley_davidson_low_rider
Motorcycle 0.00 1.00 0 0 0 0 0 0 0 0 1321.99 356.07 1328.44 359.50 1.6960 1.0692 2.4735 -182.2603 -0.2605 -281.1024 -0.2919 0.0138 -0.0004 3 harley_davidson_low_rider
Car 0.69 1.00 0 0 0 0 0 0 0 0 0.00 359.76 25.15 374.78 1.6320 2.1403 5.2230 108.9147 1.6130 -66.3990 -3.1230 0.0069 0.0001 4 dodge_charger_police
Car 1.00 1.00 0 0 0 0 0 0 0 0 -1000.00 -1000.00 -1000.00 -1000.00 1.5542 2.3421 5.1370 -230.7999 2.7522 74.1416 0.9467 0.0074 -0.0242 5 lincoln2020_mkz2020
Car 0.00 1.00 0 0 0 0 0 0 0 0 144.42 313.53 181.27 321.29 1.4546 2.0938 4.3903 180.8969 -8.9263 -130.3148 -1.5323 0.0082 0.0001 6 audi_tt
Car 0.00 1.00 0 1 0 3 12 0 0 0 957.87 357.48 964.65 363.11 1.4477 1.5550 2.3177 -0.3441 0.8093 -153.1248 1.4500 -0.0157 0.0103 7 bmw_isetta
Car 0.00 1.00 0 0 0 0 0 0 0 0 365.66 324.14 391.22 330.74 1.7173 2.2591 5.2781 182.0554 -9.3213 -178.0382 -1.6456 0.0010 -0.0071 8 mercedes_benz_coupe
Car 1.00 1.00 302 335 551 4633 0 0 85 0 -1000.00 -1000.00 -1000.00 -1000.00 1.4812 2.1349 5.6254 -4.4256 2.3186 23.4655 1.2217 -0.0008 0.0019 9 chevrolet_impala
Car 1.00 1.00 0 0 0 2 0 0 0 0 -1000.00 -1000.00 -1000.00 -1000.00 1.6115 2.2019 5.2564 133.1418 2.4145 35.8621 -1.5217 0.0084 0.0007 10 charger2020_charger2020
Car 0.00 1.00 0 0 0 0 0 0 0 0 630.51 355.07 658.91 363.14 2.2031 2.5091 6.5872 86.9425 0.8439 -157.3668 3.0276 0.0085 0.0001 11 tesla_cybertruck
Car 0.00 1.00 0 0 0 0 0 0 0 0 1414.95 358.69 1451.28 367.97 1.5140 2.1024 4.9073 -80.5177 1.3036 -98.9090 1.5363 0.0076 0.0002 12 mercedesccc_mercedesccc
Car 0.00 1.00 0 0 0 0 0 0 0 0 387.60 356.91 410.05 363.15 1.6980 1.9434 4.1871 154.0890 0.8506 -156.6963 3.1406 0.0080 0.0001 13 citroen_c3
Car 0.00 1.00 0 0 0 0 0 0 0 0 100.16 360.98 179.67 374.63 1.4812 2.1349 5.6254 92.0142 1.6033 -66.7294 -3.1209 0.0085 0.0001 14 chevrolet_impala
Car 0.00 1.00 0 0 0 0 0 0 0 0 422.19 357.08 449.79 363.63 1.6320 2.1403 5.2230 132.9903 0.8942 -145.2200 -1.5471 0.0042 0.0001 15 dodge_charger_police
Car 0.00 0.87 0 2 5 6 1 0 0 0 976.22 356.99 993.92 362.41 1.5863 2.2347 5.1468 -7.4676 0.6981 -169.9402 0.0166 0.0086 -0.0026 16 lincoln_mkz2017
Car 1.00 1.00 0 0 0 31 0 0 0 0 -1000.00 -1000.00 -1000.00 -1000.00 1.7318 2.1344 5.0985 -102.3027 3.1241 114.4491 0.0182 0.0085 0.0001 17 audi_etron
Car 0.00 0.96 0 2 0 6 2 0 0 0 997.90 356.49 1014.89 362.42 1.7506 2.3538 4.8416 -13.8416 0.7062 -170.0496 0.0181 0.0085 0.0001 18 bmw_grandtourer
Car 1.00 1.00 0 0 0 13 0 0 0 0 -1000.00 -1000.00 -1000.00 -1000.00 1.5765 1.9374 3.8150 65.3523 2.4393 34.7686 -1.5672 0.0085 0.0001 19 nissan_micra
Motorcycle 0.00 0.72 2 6 8 25 2 0 0 0 1004.97 357.31 1013.74 368.13 1.6960 1.0692 2.4735 -8.0406 1.2795 -94.9108 -1.5120 0.0131 0.0102 20 harley_davidson_low_rider
Car 0.00 1.00 0 0 0 0 0 0 0 0 1189.90 356.86 1200.58 361.68 1.5765 1.9374 3.8150 -77.8716 0.5381 -188.0045 1.5634 0.0069 0.0001 21 nissan_micra
Car 1.00 1.00 0 0 0 0 0 0 0 0 -1000.00 -1000.00 -1000.00 -1000.00 1.7203 2.2019 5.4994 135.8536 1.5773 -66.9697 0.8977 0.0087 -0.0002 22 chargercop2020_chargercop2020
Car 0.00 0.32 42 37 60 241 35 0 0 0 975.10 359.94 1005.10 374.58 1.5475 1.9070 4.4025 -3.4195 1.5563 -66.6417 1.1498 0.0067 0.0003 23 seat_leon
Car 0.00 1.00 0 0 0 0 0 0 0 0 1171.97 357.17 1182.03 360.73 1.3660 1.9896 4.9534 -84.9845 0.2639 -221.6063 -1.5693 0.0082 0.0001 24 mustang_mustang
Cyclist 1.00 1.00 0 1 1 1 0 0 0 0 -1000.00 -1000.00 -1000.00 -1000.00 1.9709 0.6705 1.7250 -86.5505 2.4116 33.4549 -1.5527 0.0135 0.0001 25 diamondback_century
Cyclist 1.00 1.00 1 0 1 0 0 0 0 0 -1000.00 -1000.00 -1000.00 -1000.00 1.7065 0.8593 1.4873 -68.1787 2.2608 18.9941 -3.1369 0.0084 0.0001 26 bh_crossbike
Car 0.00 1.00 0 0 0 0 0 0 0 0 1472.10 355.13 1529.53 373.55 2.1397 2.1728 4.7045 -63.8660 1.5642 -69.9982 -3.1197 0.0085 0.0001 27 volkswagen_t2
Car 1.00 1.00 0 0 0 40 0 0 0 0 -1000.00 -1000.00 -1000.00 -1000.00 1.9718 2.0005 4.0595 -92.2061 2.7437 70.8366 -1.9649 0.0080 -0.0007 28 jeep_wrangler_rubicon
Car 1.00 1.00 1 0 0 97 0 0 0 0 -1000.00 -1000.00 -1000.00 -1000.00 1.5627 2.2716 5.0314 64.7761 2.2548 10.8422 0.0208 0.0079 0.0001 29 tesla_model3
Car 0.00 1.00 0 0 0 0 0 0 0 0 703.71 357.51 713.68 362.48 1.4546 2.0938 4.3903 75.6949 0.7137 -171.4823 1.8455 0.0095 0.0006 30 audi_tt
Car 0.00 1.00 0 0 0 0 0 0 0 0 24.28 358.65 80.55 369.16 1.5488 2.0688 3.9961 138.8920 1.3538 -89.3701 1.5916 0.0081 0.0001 31 mini_cooperst
Car 1.00 1.00 37 35 75 246 0 0 0 39 -1000.00 -1000.00 -1000.00 -1000.00 1.6011 2.1072 4.7392 73.1579 2.1765 1.9897 1.6050 0.0089 0.0002 32 toyota_prius
Car 1.00 1.00 0 0 0 0 0 0 0 0 -1000.00 -1000.00 -1000.00 -1000.00 2.1397 2.1728 4.7045 -156.0517 1.5667 -68.4796 -1.4648 0.0083 0.0001 33 volkswagen_t2
Car 1.00 1.00 0 0 0 0 0 0 0 0 -1000.00 -1000.00 -1000.00 -1000.00 1.6011 2.1072 4.7392 -230.0463 2.9469 96.9260 -2.3598 0.0084 0.0017 34 toyota_prius
Car 1.00 1.00 0 0 0 0 0 0 0 0 -1000.00 -1000.00 -1000.00 -1000.00 1.3660 1.9896 4.9534 77.2434 2.0173 -16.6282 1.5846 0.0086 0.0001 35 mustang_mustang
Car 1.00 1.00 0 0 0 0 0 0 0 0 -1000.00 -1000.00 -1000.00 -1000.00 1.6011 2.1072 4.7392 147.8104 2.3313 19.2785 -3.1055 0.0085 0.0001 36 toyota_prius
Car 0.00 0.37 18 21 34 128 45 0 0 0 966.11 357.39 989.71 370.62 1.7506 2.3538 4.8416 -2.4738 1.4079 -82.4607 1.7498 0.0163 0.0024 37 bmw_grandtourer
Car 0.00 1.00 0 0 0 0 0 0 0 0 631.75 355.08 660.24 362.94 2.2031 2.5091 6.5872 88.7196 0.8121 -161.1502 -3.1115 0.0085 0.0001 38 tesla_cybertruck
Motorcycle 1.00 1.00 0 0 0 0 0 0 0 0 -1000.00 -1000.00 -1000.00 -1000.00 1.6387 1.2138 2.3199 137.2241 2.1205 -0.0140 1.5887 0.0084 0.0001 39 yamaha_yzf
Car 0.00 1.00 0 0 0 0 0 0 0 0 1446.32 356.20 1488.92 369.40 1.9476 2.0282 4.8347 -77.0378 1.3812 -88.7000 1.5752 0.0029 0.0004 40 nissan_patrol
Car 0.00 0.57 3 5 13 46 24 0 0 0 961.63 357.97 977.77 368.43 1.6115 2.2019 5.2564 -1.5329 1.2986 -94.1794 1.6326 0.0101 0.0008 41 charger2020_charger2020
Car 0.00 1.00 0 0 0 0 0 0 0 0 528.48 357.04 552.29 362.57 1.6115 2.2019 5.2564 123.7939 0.7426 -168.0379 0.0611 0.0084 0.0007 42 charger2020_charger2020
Motorcycle 1.00 1.00 0 0 0 0 0 0 0 0 -1000.00 -1000.00 -1000.00 -1000.00 1.6649 1.0692 2.4735 74.2598 2.7485 74.4734 -2.4983 0.0151 -0.0607 43 harley_davidson_low_rider
Car 0.00 1.00 0 0 0 0 0 0 0 0 1135.56 356.39 1143.88 359.74 1.5542 2.3421 5.1370 -86.0634 -0.1442 -269.8764 0.9513 0.0055 0.0109 44 lincoln2020_mkz2020
Motorcycle 1.00 1.00 0 0 0 0 0 0 0 0 -1000.00 -1000.00 -1000.00 -1000.00 1.6960 1.0692 2.4735 77.0284 2.0605 -10.3350 1.5913 0.0140 0.0001 45 harley_davidson_low_rider
Cyclist 0.00 1.00 0 0 0 0 0 0 0 0 553.29 356.19 563.76 366.47 1.9310 0.5921 1.9272 76.0725 1.2105 -109.5204 1.5787 0.0054 0.0002 46 gazelle_omafiets
Car 1.00 1.00 1068 1183 1886 79098 0 0 204 181 -1000.00 -1000.00 -1000.00 -1000.00 1.7318 2.1344 5.0985 9.9150 2.2556 9.7582 0.2011 0.0036 -0.0061 47 audi_etron
Car 1.00 1.00 0 0 0 0 0 0 0 0 -1000.00 -1000.00 -1000.00 -1000.00 1.9476 2.0282 4.8347 130.9094 1.7634 -39.4638 -1.5383 0.0103 0.0001 48 nissan_patrol
Car 1.00 1.00 589 710 1113 14462 0 0 142 0 -1000.00 -1000.00 -1000.00 -1000.00 1.7203 2.2019 5.4994 -8.1384 2.2720 16.8013 0.6741 0.0083 -0.0005 49 chargercop2020_chargercop2020
Car 1.00 1.00 0 0 0 0 0 0 0 0 -1000.00 -1000.00 -1000.00 -1000.00 1.6244 1.8781 3.8906 -154.2207 1.4250 -83.4165 1.9476 0.0079 -0.0010 50 audi_a2
Car 0.00 1.00 0 0 0 0 0 0 0 0 1018.58 357.05 1036.84 362.42 1.5863 2.2347 5.1468 -20.2416 0.7078 -170.3225 0.0255 0.0085 0.0001 51 lincoln_mkz2017
Cyclist 1.00 1.00 0 3 4 17 0 2 0 0 -1000.00 -1000.00 -1000.00 -1000.00 1.9709 0.6705 1.7250 -118.8875 2.2750 17.7357 -2.9646 0.0138 -0.0040 52 diamondback_century
Cyclist 0.00 0.75 4 6 9 21 1 0 0 0 1029.03 356.34 1044.50 371.85 1.9311 0.5921 1.9272 -9.6742 1.4717 -74.3040 0.4577 0.0052 -0.0025 53 gazelle_omafiets
Car 1.00 1.00 0 0 0 0 0 0 0 0 -1000.00 -1000.00 -1000.00 -1000.00 1.7173 2.2591 5.2781 142.1968 1.4774 -78.7199 1.5899 0.0040 -0.0006 54 mercedes_benz_coupe
Car 0.00 1.00 0 0 0 0 0 0 0 0 761.31 356.69 776.91 360.98 1.5542 2.3421 5.1370 71.4813 0.3305 -212.0562 0.5443 0.0137 0.0001 55 lincoln2020_mkz2020
Car 0.00 1.00 0 0 0 0 0 0 0 0 877.46 356.56 895.61 362.77 1.7506 2.3538 4.8416 20.9144 0.7747 -162.4166 3.1329 0.0085 0.0001 56 bmw_grandtourer
Car 0.00 1.00 0 0 0 0 0 0 0 0 449.79 359.55 488.32 369.42 1.4546 2.0938 4.3903 75.9010 1.4016 -90.2629 1.5829 0.0087 0.0001 57 audi_tt
Car 0.00 1.00 0 0 0 0 0 0 0 0 1455.57 357.85 1501.86 369.24 1.7173 2.2591 5.2781 -80.5389 1.3904 -90.6562 1.5702 0.0010 -0.0000 58 mercedes_benz_coupe
Car 0.00 1.00 0 0 0 0 0 0 0 0 531.72 359.48 583.51 371.53 1.5542 2.3421 5.1370 53.3509 1.4947 -78.0530 0.0209 0.0085 0.0001 59 lincoln2020_mkz2020
Car 1.00 1.00 0 0 0 53 0 0 0 0 -1000.00 -1000.00 -1000.00 -1000.00 2.1397 2.1728 4.7045 129.6571 2.4248 35.6864 -1.5692 0.0085 0.0001 60 volkswagen_t2
Car 1.00 1.00 0 0 0 0 0 0 0 0 -1000.00 -1000.00 -1000.00 -1000.00 1.7506 2.3538 4.8416 212.0255 1.9222 -29.3593 -1.5471 0.0081 -0.0006 61 bmw_grandtourer
Car 0.00 1.00 0 0 0 0 0 0 0 0 687.72 356.52 704.67 360.97 1.6320 2.1403 5.2230 97.2314 0.3519 -208.8045 -3.1372 0.0042 0.0001 62 dodge_charger_police
Car 0.00 0.86 3 2 2 3 2 0 0 0 942.40 357.23 952.94 366.51 1.6980 1.9434 4.1871 2.3240 1.1838 -108.7906 1.5949 0.0083 0.0001 63 citroen_c3
Car 0.00 1.00 0 0 0 0 0 0 0 0 583.79 358.33 610.77 365.66 1.4812 2.1349 5.6254 76.2822 1.1414 -121.1559 1.6041 0.0075 0.0001 64 chevrolet_impala
Car 0.00 0.37 54 58 84 341 15 0 0 0 1044.41 359.53 1080.50 377.99 1.6115 2.2019 5.2564 -9.7881 1.6050 -57.8964 -1.5077 0.0144 0.0011 65 charger2020_charger2020
Car 1.00 1.00 0 0 0 0 0 0 0 0 -1000.00 -1000.00 -1000.00 -1000.00 1.3660 1.9896 4.9534 117.1423 2.2618 11.7231 -0.0893 0.0085 0.0001 66 mustang_mustang
Motorcycle 1.00 1.00 0 0 0 0 0 0 0 0 -1000.00 -1000.00 -1000.00 -1000.00 1.5852 1.1236 2.1350 76.8367 2.0916 -3.8277 1.5976 0.0064 0.0001 67 kawasaki_ninja
Car 1.00 1.00 0 0 0 0 0 0 0 0 -1000.00 -1000.00 -1000.00 -1000.00 1.5488 2.0688 3.9961 -208.1915 1.5529 -63.3197 -1.5611 0.0085 0.0001 68 mini_cooperst
Car 1.00 1.00 0 0 0 0 0 0 0 0 -1000.00 -1000.00 -1000.00 -1000.00 1.5542 2.3421 5.1370 -156.6441 1.4962 -75.0572 -1.5159 0.0084 -0.0002 69 lincoln2020_mkz2020
Car 0.00 1.00 0 0 0 0 0 0 0 0 1191.84 356.46 1234.53 373.72 1.9718 2.0005 4.0595 -29.5387 1.5643 -69.2381 -3.1193 0.0120 0.0000 70 jeep_wrangler_rubicon
Car 0.00 1.00 0 0 0 0 0 0 0 0 1203.30 356.44 1215.05 362.18 1.7506 2.3538 4.8416 -77.0980 0.6502 -176.0418 1.3587 0.0047 -0.0009 71 bmw_grandtourer
Car 0.00 1.00 0 0 0 0 0 0 0 0 439.18 355.05 467.56 363.39 2.2031 2.5091 6.5872 137.1400 0.8645 -154.6182 -1.3989 0.0062 0.0031 72 tesla_cybertruck
Car 1.00 1.00 14 24 34 135 0 27 0 0 -1000.00 -1000.00 -1000.00 -1000.00 1.6244 1.8781 3.8906 -78.9516 2.1458 0.4550 1.5901 0.0042 -0.0010 73 audi_a2
Car 0.00 1.00 0 0 0 0 0 0 0 0 669.28 356.83 687.94 363.65 1.7203 2.2019 5.4994 73.0682 0.9050 -148.5053 -1.5366 0.0083 0.0008 74 chargercop2020_chargercop2020
Car 1.00 1.00 14 19 31 94 0 7 0 0 -1000.00 -1000.00 -1000.00 -1000.00 1.6320 2.1403 5.2230 -82.5537 2.2186 6.8545 1.5893 -0.0057 0.0007 75 dodge_charger_police
Car 1.00 1.00 16 15 26 208 0 0 0 2 -1000.00 -1000.00 -1000.00 -1000.00 1.5140 2.1024 4.9073 50.1414 2.2444 10.5144 0.0147 0.0086 0.0001 76 mercedesccc_mercedesccc
Car 0.00 1.00 0 0 0 0 0 0 0 0 792.43 356.41 803.89 360.77 1.6244 1.8781 3.8906 61.6744 0.2695 -215.7571 0.0855 0.0162 -0.0017 77 audi_a2
Car 0.00 1.00 0 0 0 0 0 0 0 0 1361.70 359.11 1404.10 372.47 1.6244 1.8781 3.8906 -52.5513 1.5214 -73.4039 -3.0903 0.0080 -0.0010 78 audi_a2
Car 0.00 0.80 0 4 9 27 26 0 0 0 946.89 356.54 966.29 362.63 1.7203 2.2019 5.4994 0.9793 0.7237 -166.6827 -2.4619 0.0081 0.0042 79 chargercop2020_chargercop2020
Car 1.00 1.00 0 0 0 0 0 0 0 0 -1000.00 -1000.00 -1000.00 -1000.00 2.1397 2.1728 4.7045 -159.9884 1.5931 -65.4015 -1.5542 0.0072 0.0001 80 volkswagen_t2
Car 0.00 1.00 0 0 0 0 0 0 0 0 726.93 357.77 740.96 362.42 1.3660 1.9896 4.9534 68.3086 0.7016 -171.9415 -0.7404 0.0082 -0.0008 81 mustang_mustang
Car 0.00 0.44 1 2 7 19 3 0 0 0 939.90 357.36 954.55 368.17 1.7203 2.2019 5.4994 2.1392 1.2882 -95.7576 1.6325 0.0060 0.0006 82 chargercop2020_chargercop2020
Car 1.00 1.00 0 0 0 0 0 0 0 0 -1000.00 -1000.00 -1000.00 -1000.00 1.6244 1.8781 3.8906 95.8289 -5.5323 117.0173 -0.1086 -0.0065 -0.0177 83 audi_a2
Car 0.00 1.00 0 0 0 0 0 0 0 0 343.74 359.03 388.63 371.56 1.6244 1.8781 3.8906 79.1555 1.4966 -78.4392 1.6012 0.0016 -0.0009 84 audi_a2
Car 0.00 1.00 0 0 0 0 0 0 0 0 363.18 358.07 388.65 363.12 1.3660 1.9896 4.9534 160.2772 0.8415 -156.5983 3.1196 0.0085 0.0001 85 mustang_mustang
Car 0.00 1.00 0 0 0 0 0 0 0 0 828.27 335.64 837.13 339.12 1.6244 1.8781 3.8906 61.9111 -10.1876 -274.0763 0.0179 0.0050 -0.0009 86 audi_a2
Car 0.00 1.00 0 0 0 0 0 0 0 0 1464.25 355.74 1484.41 362.98 1.9718 2.0005 4.0595 -143.1598 0.7941 -158.7775 -0.7674 0.0113 0.0004 87 jeep_wrangler_rubicon
Car 0.00 1.00 0 0 0 0 0 0 0 0 756.36 334.87 766.10 339.12 1.9718 2.0005 4.0595 96.3800 -10.1656 -273.2518 0.0742 0.0075 0.0026 88 jeep_wrangler_rubicon
Car 1.00 1.00 0 0 0 9 0 0 0 0 -1000.00 -1000.00 -1000.00 -1000.00 1.3660 1.9896 4.9534 -103.6787 3.0825 111.5591 -0.0074 0.0085 0.0001 89 mustang_mustang
Motorcycle 1.00 1.00 0 0 0 0 0 0 0 0 -1000.00 -1000.00 -1000.00 -1000.00 1.6649 1.0692 2.4735 69.0078 2.7800 80.7992 -3.1078 0.0087 0.0006 90 harley_davidson_low_rider
Car 1.00 1.00 0 0 0 0 0 0 0 0 -1000.00 -1000.00 -1000.00 -1000.00 1.5475 1.9070 4.4025 -258.4508 2.2193 11.4588 -1.5809 0.0080 0.0045 91 seat_leon
Motorcycle 1.00 1.00 0 0 0 0 0 0 0 0 -1000.00 -1000.00 -1000.00 -1000.00 1.6387 1.2138 2.3199 137.3617 2.0301 -10.6855 1.5765 0.0084 0.0001 92 yamaha_yzf
Cyclist 1.00 1.00 0 0 0 0 0 0 0 0 -1000.00 -1000.00 -1000.00 -1000.00 1.9311 0.5921 1.9272 -96.3494 2.6736 68.5184 -2.9334 -0.0012 -0.0019 93 gazelle_omafiets
Car 1.00 1.00 0 0 0 0 0 0 0 0 -1000.00 -1000.00 -1000.00 -1000.00 1.5140 2.1024 4.9073 -151.7406 1.4915 -75.7360 -3.1021 0.0085 0.0001 94 mercedesccc_mercedesccc
Car 0.00 0.66 0 2 7 17 7 0 0 0 925.29 357.07 937.43 361.44 1.4546 2.0938 4.3903 9.7794 0.4649 -193.4822 2.1929 0.0083 -0.0005 95 audi_tt
Car 0.00 1.00 0 0 0 0 0 0 0 0 1400.57 355.17 1436.85 368.22 2.1397 2.1728 4.7045 -77.0836 1.3281 -97.7212 1.5785 0.0084 0.0001 96 volkswagen_t2
Car 1.00 1.00 0 0 2 0 0 0 0 0 -1000.00 -1000.00 -1000.00 -1000.00 1.5140 2.1024 4.9073 -86.6530 2.4645 38.2890 -1.5522 0.0085 0.0001 97 mercedesccc_mercedesccc
Car 1.00 1.00 0 0 0 7 0 0 0 0 -1000.00 -1000.00 -1000.00 -1000.00 1.4812 2.1349 5.6254 193.9156 2.3123 15.6080 -0.1827 0.0072 -0.0175 98 chevrolet_impala
Car 1.00 1.00 0 0 0 0 0 0 0 0 -1000.00 -1000.00 -1000.00 -1000.00 1.5765 1.9374 3.8150 133.1466 2.4522 41.9581 -1.5244 0.0086 0.0001 99 nissan_micra
Motorcycle 0.00 1.00 0 0 0 0 0 0 0 0 385.68 358.90 410.03 371.07 1.5853 1.1236 2.1350 75.6800 1.4526 -79.1349 1.6043 0.0163 0.0003 100 kawasaki_ninja
Car 0.00 1.00 0 0 0 0 0 0 0 0 1173.26 355.59 1184.71 359.56 1.9476 2.0282 4.8347 -107.9512 -0.2243 -277.7447 0.0295 0.0086 0.0002 101 nissan_patrol
Car 1.00 1.00 0 0 0 0 0 0 0 0 -1000.00 -1000.00 -1000.00 -1000.00 2.1397 2.1728 4.7045 -78.8261 2.0979 -6.8026 1.5868 0.0078 0.0001 102 volkswagen_t2
Car 1.00 1.00 0 0 0 0 0 0 0 0 -1000.00 -1000.00 -1000.00 -1000.00 1.3660 1.9896 4.9534 -90.5175 2.6192 56.6316 -1.3403 0.0081 -0.0000 103 mustang_mustang
Car 1.00 1.00 0 0 0 0 0 0 0 0 -1000.00 -1000.00 -1000.00 -1000.00 1.5627 2.2716 5.0314 71.8744 2.6580 58.3972 1.6286 0.0085 0.0001 104 tesla_model3
Car 0.00 1.00 0 0 0 0 0 0 0 0 109.37 360.01 182.79 373.57 1.5542 2.3421 5.1370 96.3183 1.5665 -70.1321 -3.1221 0.0085 0.0001 105 lincoln2020_mkz2020
Car 0.00 1.00 0 0 0 0 0 0 0 0 684.60 357.43 702.31 363.61 1.5627 2.2716 5.0314 69.4599 0.9018 -149.0080 -1.5508 0.0085 0.0001 106 tesla_model3
Car 0.00 1.00 0 0 0 0 0 0 0 0 1820.99 360.37 1904.58 377.43 1.5765 1.9374 3.8150 -88.3091 1.6302 -58.7909 -1.5390 0.0085 0.0001 107 nissan_micra
Cyclist 0.00 1.00 0 0 0 0 0 0 0 0 1455.50 356.53 1475.19 372.12 1.9311 0.5921 1.9272 -62.8886 1.5003 -73.4652 -3.1213 0.0044 0.0001 108 gazelle_omafiets
Cyclist 0.00 1.00 0 0 0 0 0 0 0 0 697.31 334.79 701.88 338.88 1.9311 0.5921 1.9272 125.1079 -10.1625 -270.7865 0.3520 0.0051 -0.0065 109 gazelle_omafiets
Car 0.00 0.29 45 46 88 329 18 0 0 0 1016.77 361.96 1048.31 380.01 1.4546 2.0938 4.3903 -6.2877 1.6526 -53.0006 -1.5487 0.0085 0.0001 110 audi_tt
Car 0.00 1.00 0 0 0 0 0 0 0 0 1402.83 356.47 1455.28 372.42 1.9476 2.0282 4.8347 -58.2524 1.5115 -73.3761 -3.1207 0.0081 0.0001 111 nissan_patrol
Car 0.00 0.77 0 1 0 5 2 0 0 0 961.79 358.63 974.26 367.07 1.4546 2.0938 4.3903 -1.4156 1.2218 -103.9444 1.5896 0.0087 0.0001 112 audi_tt
Car 0.00 1.00 0 0 0 0 0 0 0 0 788.43 356.07 802.65 360.68 1.7506 2.3538 4.8416 63.7387 0.2398 -219.3621 0.0379 0.0155 -0.0007 113 bmw_grandtourer
Car 0.00 0.54 0 7 10 33 3 0 0 0 985.79 355.67 995.44 363.84 1.9718 2.0005 4.0595 -7.4846 0.9110 -140.3119 -1.5349 0.0074 0.0000 114 jeep_wrangler_rubicon
Motorcycle 1.00 1.00 0 0 0 0 0 0 0 0 -1000.00 -1000.00 -1000.00 -1000.00 1.6387 1.2138 2.3199 138.6671 1.4904 -77.1345 1.5897 0.0079 -0.0004 115 yamaha_yzf
Car 0.00 1.00 0 0 0 0 0 0 0 0 767.51 356.63 788.36 362.52 1.7203 2.2019 5.4994 54.0595 0.7284 -169.1330 0.0616 0.0137 0.0010 116 chargercop2020_chargercop2020
Car 1.00 1.00 0 0 0 0 0 0 0 0 -1000.00 -1000.00 -1000.00 -1000.00 1.6980 1.9434 4.1871 121.1781 1.6124 -66.2623 -3.0308 0.0084 0.0001 117 citroen_c3
Car 0.00 1.00 0 0 0 0 0 0 0 0 951.40 343.78 962.41 347.63 1.5542 2.3421 5.1370 1.4480 -5.9373 -264.5749 -3.1393 0.1355 -0.0010 118 lincoln2020_mkz2020
Car 1.00 1.00 0 0 0 0 0 0 0 0 -1000.00 -1000.00 -1000.00 -1000.00 2.5908 2.7453 5.4640 66.3460 2.1398 -4.9856 -1.5440 0.0087 0.0001 119 carlamotors_carlacola
Car 0.00 1.00 0 0 0 0 0 0 0 0 491.28 358.42 521.42 368.16 1.5765 1.9374 3.8150 75.9110 1.3224 -97.2966 1.5820 0.0085 0.0001 120 nissan_micra
Car 1.00 1.00 0 0 0 0 0 0 0 0 -1000.00 -1000.00 -1000.00 -1000.00 1.4477 1.5550 2.3177 172.5685 -8.5136 -81.3277 -1.5447 -0.0015 0.0012 121 bmw_isetta
Car 1.00 1.00 0 0 0 0 0 0 0 0 -1000.00 -1000.00 -1000.00 -1000.00 1.7173 2.2591 5.2781 140.7941 2.1196 -0.8352 1.5983 0.0014 -0.0001 122 mercedes_benz_coupe
Car 1.00 1.00 26 45 77 242 0 6 0 0 -1000.00 -1000.00 -1000.00 -1000.00 1.7173 2.2591 5.2781 -63.2832 2.3217 19.1351 -3.1222 0.0014 -0.0001 123 mercedes_benz_coupe
Car 0.00 1.00 0 0 0 0 0 0 0 0 438.96 357.02 455.60 362.67 1.5765 1.9374 3.8150 146.6820 0.7420 -163.0676 -0.3478 0.0173 -0.0082 124 nissan_micra
Car 1.00 1.00 0 0 0 0 0 0 0 0 -1000.00 -1000.00 -1000.00 -1000.00 1.6115 2.2019 5.2564 72.7030 2.5090 41.2830 1.6188 0.0117 0.0020 125 charger2020_charger2020
Car 1.00 1.00 0 0 0 0 0 0 0 0 -1000.00 -1000.00 -1000.00 -1000.00 1.9476 2.0282 4.8347 119.9053 2.2816 15.2564 0.0325 0.0081 0.0001 126 nissan_patrol
Car 1.00 1.00 0 0 0 0 0 0 0 0 -1000.00 -1000.00 -1000.00 -1000.00 1.5140 2.1024 4.9073 -241.7100 1.0435 -127.5197 1.5800 0.0079 -0.0002 127 mercedesccc_mercedesccc
Car 0.00 1.00 0 0 0 0 0 0 0 0 1183.62 356.35 1195.55 361.05 1.7173 2.2591 5.2781 -84.9914 0.3816 -209.7334 -1.5765 0.0013 -0.0001 128 mercedes_benz_coupe
Car 0.00 0.88 0 1 2 8 0 0 0 0 970.52 357.57 980.24 363.65 1.4812 2.1349 5.6254 -3.8600 0.8795 -144.4438 -1.5415 0.0082 0.0001 129 chevrolet_impala
Car 1.00 1.00 0 0 0 0 0 0 0 0 -1000.00 -1000.00 -1000.00 -1000.00 2.1397 2.1728 4.7045 -248.9706 1.2489 -104.8215 1.6026 0.0082 0.0001 130 volkswagen_t2
Car 0.00 1.00 0 0 0 0 0 0 0 0 420.44 358.98 463.52 371.56 1.6244 1.8781 3.8906 68.4181 1.4980 -77.7323 0.0195 0.0082 -0.0010 131 audi_a2
Car 1.00 1.00 33 41 72 212 0 10 0 0 -1000.00 -1000.00 -1000.00 -1000.00 1.9476 2.0282 4.8347 -66.6941 2.2614 15.2985 -3.1326 0.0081 0.0001 132 nissan_patrol
Car 0.00 0.30 39 44 57 252 10 0 0 0 1058.10 356.40 1099.12 371.73 1.9476 2.0282 4.8347 -15.2586 1.4882 -75.9525 0.0206 0.0026 0.0001 133 nissan_patrol
Car 0.00 1.00 0 0 0 0 0 0 0 0 305.80 321.61 331.46 329.12 1.9476 2.0282 4.8347 189.8943 -9.2682 -168.6374 1.5847 0.0079 0.0019 134 nissan_patrol
Car 1.00 1.00 8200 25743 41245 279065 0 3420 0 0 -1000.00 -1000.00 -1000.00 -1000.00 1.7506 2.3538 4.8416 -3.4863 2.0694 -2.6042 1.5765 0.0089 0.0001 135 bmw_grandtourer
Car 0.00 1.00 0 0 0 0 0 0 0 0 893.29 355.86 911.30 362.90 1.9476 2.0282 4.8347 16.0686 0.7948 -159.0043 -3.1247 0.0082 0.0001 136 nissan_patrol
Car 1.00 1.00 0 0 0 0 0 0 0 0 -1000.00 -1000.00 -1000.00 -1000.00 1.7203 2.2019 5.4994 74.2420 1.9644 -23.3768 1.6424 0.0109 0.0010 137 chargercop2020_chargercop2020
Car 0.00 0.24 13 13 24 345 7 0 0 0 788.99 351.50 839.76 373.31 2.5908 2.7453 5.4640 17.6114 1.5692 -71.7718 -3.1206 0.0084 0.0001 138 carlamotors_carlacola
Car 1.00 1.00 0 0 0 0 0 0 0 0 -1000.00 -1000.00 -1000.00 -1000.00 1.5863 2.2347 5.1468 215.2507 1.9277 -29.2902 -1.5598 0.0084 0.0001 139 lincoln_mkz2017
Car 1.00 1.00 0 0 0 0 0 0 0 0 -1000.00 -1000.00 -1000.00 -1000.00 1.9718 2.0005 4.0595 153.4875 2.3357 19.3351 -3.0982 0.0081 0.0000 140 jeep_wrangler_rubicon
Car 0.00 1.00 0 0 0 0 0 0 0 0 491.45 356.80 511.16 362.23 1.6011 2.1072 4.7392 140.7126 0.6393 -174.5708 1.5705 0.0128 -0.0017 141 toyota_prius
Car 1.00 1.00 0 0 0 0 0 0 0 0 -1000.00 -1000.00 -1000.00 -1000.00 1.7318 2.1344 5.0985 205.1904 1.5536 -75.0556 0.0456 0.0085 0.0001 142 audi_etron
Car 0.00 1.00 0 0 0 0 0 0 0 0 1295.49 354.95 1322.55 364.29 2.2031 2.5091 6.5872 -84.3418 0.9843 -138.5560 -1.5949 0.0084 0.0001 143 tesla_cybertruck
Car 0.00 1.00 0 0 0 0 0 0 0 0 738.13 356.86 748.14 361.58 1.5765 1.9374 3.8150 73.6634 0.5136 -192.7980 -1.5586 0.0085 0.0001 144 nissan_micra
Car 0.00 0.92 0 1 1 4 0 0 0 0 941.70 358.68 953.82 367.25 1.4546 2.0938 4.3903 2.1687 1.2346 -102.4743 1.5951 0.0086 0.0001 145 audi_tt
Car 0.00 1.00 0 0 0 0 0 0 0 0 1212.94 356.77 1229.51 360.50 1.4812 2.1349 5.6254 -104.5971 0.1908 -226.4468 0.0031 0.0085 0.0001 146 chevrolet_impala
Car 1.00 1.00 0 0 0 0 0 0 0 0 -1000.00 -1000.00 -1000.00 -1000.00 2.2031 2.5091 6.5872 101.2672 -5.6163 113.3704 -0.1523 -0.0026 -0.0042 147 tesla_cybertruck
Car 0.00 1.00 0 0 0 0 0 0 0 0 1424.51 356.47 1473.71 373.49 1.9718 2.0005 4.0595 -57.6517 1.5572 -69.8672 -3.1206 0.0081 0.0000 148 jeep_wrangler_rubicon
Car 0.00 1.00 0 0 0 0 0 0 0 0 1290.01 358.10 1309.24 363.55 1.3660 1.9896 4.9534 -88.0367 0.8848 -148.2297 -1.5827 0.0084 0.0001 149 mustang_mustang
Car 0.00 1.00 0 0 0 0 0 0 0 0 821.26 357.17 835.47 360.91 1.3660 1.9896 4.9534 48.7568 0.3228 -209.8518 -3.0032 0.0083 0.0004 150 mustang_mustang
Car 1.00 1.00 0 0 0 0 0 0 0 0 -1000.00 -1000.00 -1000.00 -1000.00 2.5908 2.7453 5.4640 -82.2050 2.1060 -6.8781 1.5753 0.0104 0.0005 151 carlamotors_carlacola
Car 1.00 1.00 0 0 0 23 0 0 0 0 -1000.00 -1000.00 -1000.00 -1000.00 1.5863 2.2347 5.1468 129.8210 2.3100 22.9822 -1.5947 0.0079 0.0003 152 lincoln_mkz2017
Car 0.00 1.00 0 0 0 0 0 0 0 0 1147.18 355.98 1158.42 359.48 1.7506 2.3538 4.8416 -97.3867 -0.2731 -284.4907 0.0194 0.0111 0.0000 153 bmw_grandtourer
Cyclist 0.00 1.00 0 0 0 0 0 0 0 0 696.42 355.74 701.23 362.20 1.9709 0.6705 1.7250 80.3985 0.6642 -175.1184 1.5815 0.0128 0.0001 154 diamondback_century
Cyclist 1.00 1.00 0 0 0 0 0 0 0 0 -1000.00 -1000.00 -1000.00 -1000.00 1.9311 0.5921 1.9272 -160.3722 1.4340 -79.9193 0.0252 0.0044 0.0002 155 gazelle_omafiets
Motorcycle 1.00 1.00 0 0 0 0 0 0 0 0 -1000.00 -1000.00 -1000.00 -1000.00 1.6960 1.0692 2.4735 219.3887 1.4204 -87.7678 1.5966 0.0115 0.0001 156 harley_davidson_low_rider
Car 1.00 1.00 0 0 0 0 0 0 0 0 -1000.00 -1000.00 -1000.00 -1000.00 2.1397 2.1728 4.7045 -225.4807 2.9574 96.4301 -2.3726 0.0045 0.0262 157 volkswagen_t2
Car 1.00 1.00 0 0 0 0 0 0 0 0 -1000.00 -1000.00 -1000.00 -1000.00 1.5488 2.0688 3.9961 -121.6698 3.1102 114.9723 -0.0208 0.0093 0.0000 158 mini_cooperst
Cyclist 0.00 1.00 0 0 0 0 0 0 0 0 749.80 355.88 757.22 362.55 1.9311 0.5921 1.9272 59.9142 0.7363 -165.3116 0.0226 0.0043 0.0001 159 gazelle_omafiets
Car 0.00 0.52 0 1 1 8 2 0 0 0 983.41 357.52 993.30 363.46 1.4812 2.1349 5.6254 -7.2981 0.8519 -147.6372 -1.5467 0.0085 0.0001 160 chevrolet_impala
Car 1.00 1.00 0 0 0 0 0 0 0 0 -1000.00 -1000.00 -1000.00 -1000.00 1.7173 2.2591 5.2781 194.0928 -8.6044 -93.5449 1.5983 0.0012 -0.0001 161 mercedes_benz_coupe
Car 1.00 1.00 0 0 0 0 0 0 0 0 -1000.00 -1000.00 -1000.00 -1000.00 1.9718 2.0005 4.0595 -149.3538 1.4607 -80.0409 1.5966 0.0081 0.0001 162 jeep_wrangler_rubicon
Car 1.00 1.00 78 76 121 907 0 0 63 0 -1000.00 -1000.00 -1000.00 -1000.00 1.7506 2.3538 4.8416 -2.4987 2.5566 54.9184 -2.0472 0.0083 0.0098 163 bmw_grandtourer
Car 1.00 1.00 0 0 0 0 0 0 0 0 -1000.00 -1000.00 -1000.00 -1000.00 1.6115 2.2019 5.2564 137.2841 2.0696 -4.9212 1.6143 0.0083 0.0007 164 charger2020_charger2020
Car 1.00 1.00 0 0 0 0 0 0 0 0 -1000.00 -1000.00 -1000.00 -1000.00 1.6244 1.8781 3.8906 73.4086 2.0987 -6.7305 1.5947 0.0101 -0.0010 165 audi_a2
Car 0.00 1.00 0 0 2 3 0 0 0 0 937.43 342.15 946.80 345.82 1.5475 1.9070 4.4025 8.4915 -6.8457 -267.9662 -3.1323 0.1367 -0.0006 166 seat_leon
Car 1.00 1.00 0 0 0 0 0 0 0 0 -1000.00 -1000.00 -1000.00 -1000.00 1.5765 1.9374 3.8150 -104.1770 3.1286 118.3874 -0.0326 0.0085 0.0001 167 nissan_micra
Car 1.00 1.00 0 0 0 0 0 0 0 0 -1000.00 -1000.00 -1000.00 -1000.00 1.5863 2.2347 5.1468 -90.6935 2.6839 64.0040 -1.5447 0.0085 0.0001 168 lincoln_mkz2017
Car 0.00 0.47 4 6 8 27 48 0 0 0 958.79 356.78 972.02 365.84 1.7506 2.3538 4.8416 -1.0507 1.1173 -115.0673 1.6208 0.0092 0.0000 169 bmw_grandtourer
Car 0.00 1.00 0 0 0 0 0 0 0 0 427.16 360.36 490.14 372.62 1.4812 2.1349 5.6254 62.7889 1.5387 -73.9917 0.1361 0.0083 0.0002 170 chevrolet_impala
Car 0.00 1.00 0 0 0 0 0 0 0 0 393.48 357.62 420.55 362.97 1.4812 2.1349 5.6254 155.4182 0.8182 -160.2858 3.0985 0.0085 0.0001 171 chevrolet_impala
Car 1.00 1.00 0 0 0 0 0 0 0 0 -1000.00 -1000.00 -1000.00 -1000.00 1.6011 2.1072 4.7392 219.3497 1.6760 -59.0641 1.4538 0.0078 0.0013 172 toyota_prius
Car 0.00 0.91 0 2 3 5 1 0 0 0 962.08 356.82 974.69 362.31 1.6115 2.2019 5.2564 -2.5689 0.6598 -172.6272 -1.9245 0.0060 0.0041 173 charger2020_charger2020
Car 0.00 1.00 0 0 0 0 0 0 0 0 1330.75 357.78 1354.75 365.04 1.5475 1.9070 4.4025 -84.3229 1.0692 -126.6598 -1.4511 0.0091 -0.0002 174 seat_leon
Car 0.00 1.00 0 0 0 0 0 0 0 0 1203.73 353.81 1219.66 362.03 2.5908 2.7453 5.4640 -81.3982 0.6031 -183.8344 1.5492 0.0164 0.0002 175 carlamotors_carlacola
Car 0.00 1.00 0 0 0 0 0 0 0 0 530.50 357.56 555.86 362.77 1.4812 2.1349 5.6254 119.9875 0.7822 -164.0734 0.0313 0.0085 0.0001 176 chevrolet_impala
Car 1.00 1.00 0 0 0 0 0 0 0 0 -1000.00 -1000.00 -1000.00 -1000.00 1.9718 2.0005 4.0595 184.6297 -7.2958 43.7163 1.7170 0.0125 0.0047 177 jeep_wrangler_rubicon
Car 0.00 1.00 0 0 0 0 0 0 0 0 1223.54 356.62 1236.21 362.12 1.6980 1.9434 4.1871 -84.6698 0.6401 -178.4264 -1.5752 0.0081 0.0001 178 citroen_c3
Car 0.00 0.33 10 14 23 92 30 0 0 0 940.97 358.57 954.92 369.18 1.5488 2.0688 3.9961 1.8374 1.3440 -88.7314 1.5952 0.0086 0.0001 179 mini_cooperst
Motorcycle 0.00 1.00 0 0 0 0 0 0 0 0 500.52 357.61 517.97 367.42 1.6960 1.0692 2.4735 79.5561 1.2815 -102.3362 1.5797 0.0102 0.0002 180 harley_davidson_low_rider
Car 1.00 1.00 0 0 0 0 0 0 0 0 -1000.00 -1000.00 -1000.00 -1000.00 1.4477 1.5550 2.3177 215.4764 1.7641 -49.2259 -1.5442 0.0027 0.0001 181 bmw_isetta
Cyclist 0.00 1.00 0 0 0 0 0 0 0 0 444.41 357.63 458.75 368.77 1.7065 0.8593 1.4873 79.4657 1.3452 -91.1363 1.5840 0.0176 -0.0002 182 bh_crossbike
Car 1.00 1.00 0 0 0 0 0 0 0 0 -1000.00 -1000.00 -1000.00 -1000.00 1.6011 2.1072 4.7392 189.3942 -7.6835 12.0007 1.5744 0.0109 0.0001 183 toyota_prius
Car 0.00 1.00 0 0 0 0 0 0 0 0 1213.58 357.06 1226.39 362.11 1.5488 2.0688 3.9961 -81.2806 0.6361 -177.8170 1.5903 0.0085 0.0001 184 mini_cooperst
Car 0.00 1.00 0 0 0 0 0 0 0 0 1190.93 356.40 1200.81 360.99 1.6980 1.9434 4.1871 -88.5552 0.3506 -212.6207 -1.5761 0.0079 0.0001 185 citroen_c3
Car 1.00 1.00 0 0 0 0 0 0 0 0 -1000.00 -1000.00 -1000.00 -1000.00 1.5765 1.9374 3.8150 223.2482 1.4978 -78.4956 1.6214 0.0085 0.0001 186 nissan_micra
Car 0.00 1.00 0 0 0 0 0 0 0 0 461.92 357.46 501.09 368.39 1.7506 2.3538 4.8416 79.4766 1.3379 -96.6474 1.5824 0.0086 0.0001 187 bmw_grandtourer
Car 0.00 1.00 0 0 0 0 0 0 0 0 745.47 357.22 761.57 362.50 1.5488 2.0688 3.9961 61.2018 0.7281 -168.8093 -0.0029 0.0085 0.0001 188 mini_cooperst
Car 0.00 1.00 0 0 0 0 0 0 0 0 1283.76 357.46 1301.16 363.71 1.5488 2.0688 3.9961 -84.4324 0.9110 -145.2996 -1.5896 0.0085 0.0001 189 mini_cooperst
Car 0.00 1.00 0 0 0 0 0 0 0 0 338.65 357.23 364.19 363.14 1.6011 2.1072 4.7392 166.9041 0.8451 -156.5148 3.1222 0.0085 0.0001 190 toyota_prius
Car 1.00 1.00 0 2 3 10 0 0 0 2 -1000.00 -1000.00 -1000.00 -1000.00 1.3660 1.9896 4.9534 76.6073 2.1973 4.6208 1.5973 0.0081 0.0001 191 mustang_mustang
Car 0.00 1.00 0 0 0 0 0 0 0 0 1293.95 355.56 1306.17 359.47 1.9476 2.0282 4.8347 -171.3269 -0.2831 -283.7632 -0.1985 0.0115 0.0010 192 nissan_patrol
Pedestrian 0.00 1.00 0 0 0 0 0 0 0 0 1369.57 355.29 1371.42 359.13 1.9158 0.4880 0.5563 -204.8320 -0.4351 -281.0548 -1.2320 0.0085 0.0001 193 pedestrian_0019
Pedestrian 0.00 1.00 0 0 0 0 0 0 0 0 1224.29 357.50 1226.07 360.74 1.1330 0.4333 0.3817 -93.1223 0.2568 -199.1220 1.5798 0.0085 0.0001 194 pedestrian_0010
Pedestrian 0.00 1.00 0 0 0 0 0 0 0 0 894.92 355.35 897.53 361.62 1.9158 0.4880 0.7507 19.5350 0.4923 -174.2609 -3.1167 0.0085 0.0001 195 pedestrian_0005
Pedestrian 0.00 1.00 0 0 0 0 0 0 0 0 0.23 356.18 10.38 369.73 1.9158 0.4880 0.5593 135.4630 1.3736 -83.1338 0.0283 0.0085 0.0001 196 pedestrian_0003
Pedestrian 1.00 1.00 0 0 0 0 0 0 0 0 -1000.00 -1000.00 -1000.00 -1000.00 1.9158 0.4880 0.7507 101.5247 -5.9100 105.0195 2.9497 0.0085 0.0001 197 pedestrian_0021
Pedestrian 1.00 1.00 0 0 0 0 0 0 0 0 -1000.00 -1000.00 -1000.00 -1000.00 1.9158 0.4880 0.7507 -271.0003 1.2741 -78.1430 -1.5433 0.0085 0.0001 198 pedestrian_0003
Pedestrian 0.00 1.00 0 0 0 0 0 0 0 0 1376.24 355.29 1377.46 359.16 1.9158 0.4880 0.4467 -206.4691 -0.4175 -279.0165 -0.5910 0.0085 0.0001 199 pedestrian_0004
Pedestrian 1.00 1.00 1 0 0 0 0 0 0 0 -1000.00 -1000.00 -1000.00 -1000.00 1.9158 0.4880 0.7507 -86.9590 2.3185 24.8270 3.0523 0.0085 0.0001 200 pedestrian_0022
Pedestrian 0.00 1.00 0 0 0 0 0 0 0 0 1189.72 357.10 1191.19 361.30 1.3390 0.3253 0.3452 -73.5144 0.4141 -181.2949 1.5497 0.0085 0.0001 201 pedestrian_0014
Pedestrian 1.00 1.00 0 0 0 0 0 0 0 0 -1000.00 -1000.00 -1000.00 -1000.00 1.9158 0.4880 0.4678 58.5924 1.6864 -33.4986 -1.5040 0.0085 0.0001 202 pedestrian_0022
Pedestrian 0.00 1.00 0 0 0 0 0 0 0 0 1540.96 355.35 1550.80 372.65 1.9158 0.4880 0.5602 -65.1154 1.3987 -66.0913 3.1378 0.0085 0.0001 203 pedestrian_0023
Pedestrian 0.00 1.00 0 0 0 0 0 0 0 0 741.02 357.81 742.74 362.35 1.3390 0.3253 0.3562 64.4806 0.6915 -168.3368 -1.7963 0.0085 0.0001 204 pedestrian_0012
Pedestrian 1.00 1.00 0 0 0 0 0 0 0 0 -1000.00 -1000.00 -1000.00 -1000.00 1.9158 0.4880 0.7507 -96.1492 1.7591 -23.1263 1.6770 0.0085 0.0001 205 pedestrian_0019
Pedestrian 1.00 1.00 0 0 0 0 0 0 0 0 -1000.00 -1000.00 -1000.00 -1000.00 1.9158 0.4880 0.6347 -98.7702 2.6500 68.5197 1.8884 0.0085 0.0001 206 pedestrian_0005
Pedestrian 0.00 1.00 0 0 0 0 0 0 0 0 194.67 355.43 200.61 362.83 1.9158 0.4880 0.7507 197.7477 0.7304 -148.2575 0.2936 0.0085 0.0001 207 pedestrian_0026
Pedestrian 0.00 1.00 0 0 0 0 0 0 0 0 737.58 355.90 739.53 362.51 1.9158 0.4880 0.4245 64.3151 0.7241 -165.4648 -1.2685 0.0085 0.0001 208 pedestrian_0015
Pedestrian 1.00 1.00 0 0 0 0 0 0 0 0 -1000.00 -1000.00 -1000.00 -1000.00 1.3390 0.3253 0.3368 -44.2734 3.0152 140.1622 0.0203 0.0085 0.0001 209 pedestrian_0014
Pedestrian 1.00 1.00 0 0 0 0 0 0 0 0 -1000.00 -1000.00 -1000.00 -1000.00 1.9158 0.4880 0.7507 -119.5767 3.1327 139.6048 -3.0422 0.0085 0.0001 210 pedestrian_0016
Pedestrian 0.00 1.00 0 0 0 3 1 0 0 0 1010.17 357.74 1012.00 363.98 1.3390 0.3253 0.5005 -11.0049 0.8524 -123.8955 -1.5236 0.0085 0.0001 211 pedestrian_0012
Pedestrian 1.00 1.00 0 3 1 11 0 0 0 0 -1000.00 -1000.00 -1000.00 -1000.00 1.1330 0.4333 0.6667 84.7740 2.2204 30.3484 1.5873 0.0085 0.0001 212 pedestrian_0009
Pedestrian 0.00 1.00 0 0 0 0 0 0 0 0 163.11 359.31 170.67 365.48 1.1330 0.4333 0.6667 146.8922 1.0081 -107.1409 -1.5500 0.0085 0.0001 213 pedestrian_0010
Pedestrian 1.00 1.00 0 0 0 0 0 0 0 0 -1000.00 -1000.00 -1000.00 -1000.00 1.9158 0.4880 0.5528 -272.2497 1.7401 -23.0857 1.5946 0.0085 0.0001 214 pedestrian_0021
Pedestrian 0.00 0.79 2 3 3 8 3 0 0 0 1011.17 355.09 1013.93 364.26 1.9158 0.4880 0.7507 -11.0154 0.8871 -120.6864 -1.5463 0.0085 0.0001 215 pedestrian_0018
Pedestrian 0.00 1.00 0 0 0 0 0 0 0 0 1571.27 355.27 1573.41 359.91 1.9158 0.4880 0.4669 -253.4918 -0.0406 -233.9360 -1.1157 0.0085 0.0001 216 pedestrian_0020
Pedestrian 1.00 1.00 0 0 0 16 0 0 0 0 -1000.00 -1000.00 -1000.00 -1000.00 1.9158 0.4880 0.7507 98.4480 2.1872 24.8968 -3.1247 0.0085 0.0001 217 pedestrian_0017
Pedestrian 0.00 1.00 0 0 0 0 0 0 0 0 1356.65 355.21 1359.15 359.97 1.9158 0.4880 0.6709 -160.2870 -0.0135 -227.7618 2.9195 0.0085 0.0001 218 pedestrian_0007
Pedestrian 1.00 1.00 0 0 0 1 0 0 0 0 -1000.00 -1000.00 -1000.00 -1000.00 1.1330 0.4333 0.3572 -97.7266 1.9627 2.2859 0.2730 0.0085 0.0001 219 pedestrian_0010
Pedestrian 1.00 1.00 34 43 65 982 0 0 10 0 -1000.00 -1000.00 -1000.00 -1000.00 1.9158 0.4880 0.5343 8.1186 2.2784 18.8506 -1.7250 0.0085 0.0001 220 pedestrian_0023
Pedestrian 0.00 1.00 0 0 0 0 0 0 0 0 897.79 355.20 899.51 360.13 1.9158 0.4880 0.5235 23.8601 0.0496 -220.0595 2.8860 0.0085 0.0001 221 pedestrian_0024
Pedestrian 0.00 1.00 0 0 0 0 0 0 0 0 1641.18 357.84 1644.33 361.80 1.1330 0.4333 0.3774 -195.9820 0.5143 -163.5828 -1.5353 0.0085 0.0001 222 pedestrian_0011
Pedestrian 1.00 1.00 0 0 0 0 0 0 0 0 -1000.00 -1000.00 -1000.00 -1000.00 1.9158 0.4880 0.6012 -272.0589 2.1134 21.0035 1.5641 0.0085 0.0001 223 pedestrian_0016
Pedestrian 0.00 1.00 0 0 0 0 0 0 0 0 546.40 332.26 548.70 336.75 1.9158 0.4880 0.6872 178.8073 -10.0944 -244.7728 0.9070 0.0085 0.0001 224 pedestrian_0017
Pedestrian 0.00 1.00 0 0 0 0 0 0 0 0 300.15 315.95 305.64 323.69 1.9158 0.4880 0.7507 166.9314 -9.2465 -145.2934 1.5901 0.0085 0.0001 225 pedestrian_0001
Pedestrian 0.00 1.00 0 0 0 0 0 0 0 0 1304.81 355.21 1307.40 359.91 1.9158 0.4880 0.7507 -141.1182 -0.0374 -230.4794 -0.1047 0.0085 0.0001 226 pedestrian_0003
Pedestrian 0.00 1.00 0 0 0 0 0 0 0 0 1118.81 355.33 1121.80 361.61 1.9158 0.4880 0.7507 -48.9755 0.4885 -173.8226 0.0615 0.0085 0.0001 227 pedestrian_0007
Pedestrian 0.00 1.00 0 0 0 0 0 0 0 0 654.02 357.89 655.86 361.60 1.1330 0.4333 0.3637 93.5541 0.4874 -174.4604 -2.9854 0.0085 0.0001 228 pedestrian_0010
Pedestrian 1.00 1.00 11 12 17 310 0 0 1 0 -1000.00 -1000.00 -1000.00 -1000.00 1.1330 0.4333 0.5065 -15.6554 2.1488 23.1956 0.8462 0.0085 0.0001 229 pedestrian_0010
Pedestrian 0.00 1.00 0 0 0 0 0 0 0 0 518.51 359.52 522.48 369.19 1.3390 0.3253 0.2781 61.1447 1.2733 -81.5955 2.8443 0.0085 0.0001 230 pedestrian_0013
Pedestrian 1.00 1.00 0 0 0 0 0 0 0 0 -1000.00 -1000.00 -1000.00 -1000.00 1.3390 0.3253 0.4432 145.2437 1.9621 5.2534 1.2897 0.0085 0.0001 231 pedestrian_0013
Pedestrian 0.00 0.63 1 3 5 13 0 0 0 0 923.36 355.10 926.02 364.48 1.9158 0.4880 0.7507 7.2311 0.9117 -118.0126 1.5596 0.0085 0.0001 232 pedestrian_0020
Pedestrian 1.00 1.00 0 0 0 2 0 0 0 0 -1000.00 -1000.00 -1000.00 -1000.00 1.9158 0.4880 0.7422 178.4623 2.2069 26.1655 -3.1210 0.0085 0.0001 233 pedestrian_0021
Pedestrian 1.00 1.00 0 0 0 0 0 0 0 0 -1000.00 -1000.00 -1000.00 -1000.00 1.1330 0.4333 0.4478 -195.3358 1.3331 -69.3845 0.0471 0.0085 0.0001 234 pedestrian_0009
Pedestrian 1.00 1.00 0 0 0 0 0 0 0 0 -1000.00 -1000.00 -1000.00 -1000.00 1.9158 0.4880 0.4874 211.8369 1.6532 -57.6509 3.0668 0.0085 0.0001 235 pedestrian_0006
Pedestrian 1.00 1.00 0 0 0 0 0 0 0 0 -1000.00 -1000.00 -1000.00 -1000.00 1.1330 0.4333 0.5430 -168.6137 1.3317 -70.1391 -3.0847 0.0085 0.0001 236 pedestrian_0009
Pedestrian 0.00 1.00 0 0 0 0 0 0 0 0 1525.20 355.32 1533.14 367.41 1.9158 0.4880 0.7507 -90.5988 1.1706 -92.7162 -1.6092 0.0085 0.0001 237 pedestrian_0026
Pedestrian 1.00 1.00 4 8 6 55 0 1 0 0 -1000.00 -1000.00 -1000.00 -1000.00 1.9158 0.4880 0.4593 -59.1220 2.1483 22.3542 3.0371 0.0085 0.0001 238 pedestrian_0021
Pedestrian 0.00 0.66 0 2 3 9 1 0 0 0 898.59 360.60 901.80 370.35 1.3390 0.3253 0.3450 8.2612 1.4242 -81.0517 -1.8942 0.0085 0.0001 239 pedestrian_0012
Pedestrian 0.00 1.00 0 0 0 0 0 0 0 0 1370.26 355.29 1371.56 359.14 1.9158 0.4880 0.4383 -204.5167 -0.4303 -280.3512 2.6658 0.0085 0.0001 240 pedestrian_0020
Pedestrian 0.00 1.00 0 0 0 0 0 0 0 0 425.80 330.55 427.85 333.65 1.1330 0.4333 0.3659 198.2434 -9.8079 -210.5673 -1.7942 0.0085 0.0001 241 pedestrian_0011
Pedestrian 0.00 1.00 0 0 0 0 0 0 0 0 1239.20 355.23 1241.63 359.88 1.9158 0.4880 0.7507 -115.4915 -0.0507 -232.7645 3.1040 0.0085 0.0001 242 pedestrian_0002
Pedestrian 0.00 1.00 0 0 0 0 0 0 0 0 197.49 362.42 205.75 375.39 1.3390 0.3253 0.3921 78.7740 1.5928 -62.0582 -3.1170 0.0085 0.0001 243 pedestrian_0014
Pedestrian 0.00 1.00 0 1 1 1 0 0 0 0 1014.30 355.86 1016.33 362.42 1.9158 0.4880 0.4152 -16.1989 0.7039 -166.8094 -2.7802 0.0085 0.0001 244 pedestrian_0006
Pedestrian 0.00 1.00 0 0 0 0 0 0 0 0 333.80 324.65 337.55 330.64 1.9158 0.4880 0.6339 203.3676 -9.5790 -185.0338 -1.6830 0.0085 0.0001 245 pedestrian_0020
Pedestrian 1.00 1.00 0 0 0 0 0 0 0 0 -1000.00 -1000.00 -1000.00 -1000.00 1.9158 0.4880 0.7507 131.0358 1.5816 -60.1124 0.0252 0.0085 0.0001 246 pedestrian_0022
Pedestrian 0.00 1.00 0 0 0 0 0 0 0 0 869.44 355.36 872.49 362.50 1.9158 0.4880 0.7302 23.9293 0.6689 -153.4601 -0.0222 0.0085 0.0001 247 pedestrian_0002
Pedestrian 1.00 1.00 0 0 0 0 0 0 0 0 -1000.00 -1000.00 -1000.00 -1000.00 1.9158 0.4880 0.6690 128.2365 1.5321 -46.3176 1.7327 0.0085 0.0001 248 pedestrian_0022
Pedestrian 1.00 1.00 0 0 0 0 0 0 0 0 -1000.00 -1000.00 -1000.00 -1000.00 1.9158 0.4880 0.7507 -110.7182 2.5554 75.1246 -0.0187 0.0085 0.0001 249 pedestrian_0006
Pedestrian 0.00 1.00 0 0 0 0 0 0 0 0 839.06 355.36 840.97 361.62 1.9158 0.4880 0.4688 36.7976 0.4925 -174.4669 3.1223 0.0085 0.0001 250 pedestrian_0019
Pedestrian 1.00 1.00 0 0 0 0 0 0 0 0 -1000.00 -1000.00 -1000.00 -1000.00 1.9158 0.4880 0.6100 -96.0986 2.6377 64.8690 1.9789 0.0085 0.0001 251 pedestrian_0018
Pedestrian 1.00 1.00 0 0 0 0 0 0 0 0 -1000.00 -1000.00 -1000.00 -1000.00 1.9158 0.4880 0.5100 -270.6426 2.2747 40.0475 1.3271 0.0085 0.0001 252 pedestrian_0007
Pedestrian 0.00 1.00 0 0 0 0 0 0 0 0 272.92 355.51 287.56 377.05 1.9158 0.4880 0.6564 60.8661 1.5140 -54.1205 1.5906 0.0085 0.0001 253 pedestrian_0008
Pedestrian 1.00 1.00 0 0 0 0 0 0 0 0 -1000.00 -1000.00 -1000.00 -1000.00 1.9158 0.4880 0.5113 -272.0929 2.1815 29.0513 -1.7406 0.0085 0.0001 254 pedestrian_0022
Pedestrian 1.00 1.00 0 0 0 2 0 0 0 0 -1000.00 -1000.00 -1000.00 -1000.00 1.9158 0.4880 0.5976 -73.7156 3.1474 140.5521 -0.0028 0.0085 0.0001 255 pedestrian_0024
Pedestrian 1.00 1.00 0 0 0 0 0 0 0 0 -1000.00 -1000.00 -1000.00 -1000.00 1.1330 0.4333 0.4416 123.1497 1.4414 -61.9729 2.9920 0.0085 0.0001 256 pedestrian_0011
Pedestrian 0.00 1.00 0 0 0 1 0 0 0 0 1013.81 355.34 1015.77 361.61 1.9158 0.4880 0.5695 -16.7781 0.4887 -174.2169 -0.0457 0.0085 0.0001 257 pedestrian_0006
Pedestrian 0.00 1.00 0 0 0 0 0 0 0 0 774.55 355.22 776.86 360.08 1.9158 0.4880 0.7507 72.7566 0.0280 -223.3015 -3.1201 0.0085 0.0001 258 pedestrian_0005
Pedestrian 0.00 0.57 0 0 0 10 0 0 0 0 1001.93 355.13 1003.89 362.76 1.9158 0.4880 0.3984 -10.7911 0.6912 -143.8617 -1.6545 0.0085 0.0001 259 pedestrian_0003
Pedestrian 1.00 1.00 0 0 0 0 0 0 0 0 -1000.00 -1000.00 -1000.00 -1000.00 1.9158 0.4880 0.6141 163.8591 -7.6819 28.4782 1.6473 0.0085 0.0001 260 pedestrian_0001
Pedestrian 0.00 1.00 0 0 0 0 0 0 0 0 883.83 356.79 885.48 360.56 1.3390 0.3253 0.5005 26.7952 0.1979 -201.5933 2.4734 0.0085 0.0001 261 pedestrian_0014
Pedestrian 1.00 1.00 0 0 0 0 0 0 0 0 -1000.00 -1000.00 -1000.00 -1000.00 1.9158 0.4880 0.5232 -156.6770 1.5664 -63.0988 2.5229 0.0085 0.0001 262 pedestrian_0020
Pedestrian 1.00 1.00 0 0 0 0 0 0 0 0 -1000.00 -1000.00 -1000.00 -1000.00 1.9158 0.4880 0.6210 -197.6571 1.4350 -75.8650 -1.2296 0.0085 0.0001 263 pedestrian_0025
Pedestrian 1.00 1.00 0 0 0 0 0 0 0 0 -1000.00 -1000.00 -1000.00 -1000.00 1.9158 0.4880 0.7507 57.1173 2.2968 38.3898 1.5346 0.0085 0.0001 264 pedestrian_0026
Pedestrian 0.00 1.00 0 0 0 0 0 0 0 0 1910.63 355.25 1917.03 362.06 1.9158 0.4880 0.7507 -268.7560 0.5770 -160.6595 1.6020 0.0085 0.0001 265 pedestrian_0025
Pedestrian 0.00 1.00 0 0 0 1 0 0 0 0 996.84 357.15 997.80 361.50 1.3390 0.3253 0.2502 -11.5097 0.4618 -175.4316 2.9301 0.0085 0.0001 266 pedestrian_0013
Pedestrian 0.00 1.00 0 0 0 0 0 0 0 0 674.95 355.38 677.07 361.58 1.9158 0.4880 0.3838 87.8273 0.4860 -175.8976 -0.8079 0.0085 0.0001 267 pedestrian_0015
Pedestrian 0.00 1.00 0 0 0 0 0 0 0 0 480.28 355.39 482.88 362.73 1.9158 0.4880 0.3819 125.1846 0.7107 -149.5167 -2.7157 0.0085 0.0001 268 pedestrian_0021
Pedestrian 1.00 1.00 0 0 0 0 0 0 0 0 -1000.00 -1000.00 -1000.00 -1000.00 1.1330 0.4333 0.4221 -92.9386 3.1258 139.5720 2.9067 0.0085 0.0001 269 pedestrian_0010
Pedestrian 1.00 1.00 303 322 554 17972 0 0 106 0 -1000.00 -1000.00 -1000.00 -1000.00 1.9158 0.4880 0.4909 -3.1216 2.0954 3.9323 0.4232 0.0085 0.0001 270 pedestrian_0023
Pedestrian 1.00 1.00 0 0 0 0 0 0 0 0 -1000.00 -1000.00 -1000.00 -1000.00 1.3390 0.3253 0.2553 -97.0886 2.6415 67.3215 1.6512 0.0085 0.0001 271 pedestrian_0013
Pedestrian 0.00 1.00 0 0 0 0 0 0 0 0 1190.59 355.31 1191.77 359.01 1.9158 0.4880 0.4066 -119.7144 -0.5144 -291.5027 -0.0159 0.0085 0.0001 272 pedestrian_0016
Pedestrian 0.00 1.00 0 0 0 0 0 0 0 0 1445.52 358.37 1449.63 365.61 1.3390 0.3253 0.5005 -90.5733 1.0375 -107.4469 -1.6227 0.0085 0.0001 273 pedestrian_0014
Pedestrian 0.00 1.00 0 0 0 0 0 0 0 0 1031.85 355.35 1033.71 361.63 1.9158 0.4880 0.5575 -22.2394 0.4934 -173.8565 -0.1265 0.0085 0.0001 274 pedestrian_0019
Pedestrian 0.00 1.00 0 0 0 0 0 0 0 0 1407.28 357.20 1409.50 361.69 1.3390 0.3253 0.4778 -133.9516 0.5025 -170.0660 2.5648 0.0085 0.0001 275 pedestrian_0013
Pedestrian 0.00 1.00 0 0 0 0 0 0 0 0 1226.36 355.23 1228.20 359.88 1.9158 0.4880 0.5158 -110.2006 -0.0519 -233.0112 3.1399 0.0085 0.0001 276 pedestrian_0023
Pedestrian 1.00 1.00 0 0 0 0 0 0 0 0 -1000.00 -1000.00 -1000.00 -1000.00 1.1330 0.4333 0.5135 145.0965 1.2097 -83.2698 2.4041 0.0085 0.0001 277 pedestrian_0011
Pedestrian 0.00 1.00 0 0 0 0 0 0 0 0 354.29 362.32 360.51 375.14 1.3390 0.3253 0.2948 63.3447 1.5853 -62.7499 -3.0015 0.0085 0.0001 278 pedestrian_0012
Pedestrian 0.00 1.00 0 0 0 0 0 0 0 0 802.69 332.87 804.24 337.20 1.9158 0.4880 0.5529 69.8693 -10.1832 -251.8831 0.0194 0.0085 0.0001 279 pedestrian_0015
Pedestrian 1.00 1.00 0 0 0 0 0 0 0 0 -1000.00 -1000.00 -1000.00 -1000.00 1.9158 0.4880 0.7507 58.2243 1.9474 -2.9020 -1.9660 0.0085 0.0001 280 pedestrian_0017
Pedestrian 1.00 1.00 0 0 0 0 0 0 0 0 -1000.00 -1000.00 -1000.00 -1000.00 1.9158 0.4880 0.7507 200.7971 -8.0368 -3.9737 1.6108 0.0085 0.0001 281 pedestrian_0005
Pedestrian 0.00 1.00 0 0 0 0 0 0 0 0 750.49 357.89 752.04 361.04 1.1330 0.4333 0.3572 75.3950 0.3719 -204.6811 2.2366 0.0085 0.0001 282 pedestrian_0009
Pedestrian 0.00 1.00 0 0 0 0 0 0 0 0 1467.48 359.57 1472.39 365.86 1.1330 0.4333 0.4839 -92.5058 1.0572 -105.0317 -1.4537 0.0085 0.0001 283 pedestrian_0009
Pedestrian 1.00 1.00 0 0 0 0 0 0 0 0 -1000.00 -1000.00 -1000.00 -1000.00 1.1330 0.4333 0.4160 208.9024 1.2451 -86.4701 1.5536 0.0085 0.0001 284 pedestrian_0009
Pedestrian 1.00 1.00 0 0 0 0 0 0 0 0 -1000.00 -1000.00 -1000.00 -1000.00 1.9158 0.4880 0.5912 -142.7484 1.7492 -23.6940 0.9479 0.0085 0.0001 285 pedestrian_0024
Pedestrian 0.00 1.00 0 0 0 0 0 0 0 0 785.59 355.36 788.64 361.61 1.9158 0.4880 0.7507 53.0992 0.4921 -174.7239 2.9792 0.0085 0.0001 286 pedestrian_0023
Pedestrian 1.00 1.00 0 0 0 0 0 0 0 0 -1000.00 -1000.00 -1000.00 -1000.00 1.9158 0.4880 0.7507 -180.1024 2.4421 62.5623 -2.6978 0.0085 0.0001 287 pedestrian_0015
Pedestrian 0.00 1.00 0 0 0 0 0 0 0 0 684.93 332.31 686.99 336.78 1.9158 0.4880 0.7507 119.1592 -10.1110 -245.4956 -2.7765 0.0085 0.0001 288 pedestrian_0025
Pedestrian 1.00 1.00 0 0 0 0 0 0 0 0 -1000.00 -1000.00 -1000.00 -1000.00 1.1330 0.4333 0.4837 178.1213 -6.7196 96.9864 -0.9223 0.0085 0.0001 289 pedestrian_0009
Pedestrian 0.00 1.00 0 0 0 2 1 0 0 0 975.93 355.65 978.66 361.85 1.9158 0.4880 0.7507 -5.3615 0.5685 -176.2699 -0.2689 0.0085 0.0001 290 pedestrian_0019
Pedestrian 1.00 1.00 0 0 0 0 0 0 0 0 -1000.00 -1000.00 -1000.00 -1000.00 1.9158 0.4880 0.3754 -96.6865 2.5561 74.2848 0.4433 0.0085 0.0001 291 pedestrian_0007
Pedestrian 1.00 1.00 0 0 0 0 0 0 0 0 -1000.00 -1000.00 -1000.00 -1000.00 1.9158 0.4880 0.6213 -249.6299 2.7103 91.2147 1.0265 0.0085 0.0001 292 pedestrian_0021
Pedestrian 0.00 0.75 1 2 8 20 0 0 0 0 755.07 365.03 764.56 386.24 1.3390 0.3253 0.4466 12.2648 1.5895 -38.3516 -2.3257 0.0085 0.0001 293 pedestrian_0014
Pedestrian 1.00 1.00 0 0 0 0 0 0 0 0 -1000.00 -1000.00 -1000.00 -1000.00 1.9158 0.4880 0.3914 133.7880 -5.9115 132.7260 -0.3948 0.0085 0.0001 294 pedestrian_0002
Pedestrian 1.00 1.00 0 1 0 0 0 0 0 0 -1000.00 -1000.00 -1000.00 -1000.00 1.9158 0.4880 0.5373 151.4000 2.0527 8.3988 -2.8432 0.0085 0.0001 295 pedestrian_0026
Pedestrian 0.00 1.00 0 0 0 0 0 0 0 0 521.38 355.44 527.07 369.12 1.9158 0.4880 0.3818 61.2165 1.2751 -82.3499 -0.1642 0.0085 0.0001 296 pedestrian_0020
Pedestrian 0.00 1.00 0 0 0 0 0 0 0 0 387.49 356.48 395.70 369.59 1.9158 0.4880 0.7057 83.5094 1.3997 -85.9220 0.4488 0.0085 0.0001 297 pedestrian_0016
Pedestrian 1.00 1.00 0 0 0 0 0 0 0 0 -1000.00 -1000.00 -1000.00 -1000.00 1.9158 0.4880 0.7507 -175.9971 2.4629 64.9685 0.2799 0.0085 0.0001 298 pedestrian_0024
Pedestrian 1.00 1.00 0 0 0 0 0 0 0 0 -1000.00 -1000.00 -1000.00 -1000.00 1.9158 0.4880 0.6392 163.7163 -7.5976 34.6975 -1.3922 0.0085 0.0001 299 pedestrian_0001
Pedestrian 0.00 1.00 0 0 0 0 0 0 0 0 1685.85 355.28 1692.58 363.90 1.9158 0.4880 0.7507 -162.5384 0.8637 -128.0307 1.6741 0.0085 0.0001 300 pedestrian_0025
Pedestrian 0.00 1.00 0 0 0 0 0 0 0 0 1282.85 355.84 1286.12 362.46 1.9158 0.4880 0.7507 -94.0676 0.7092 -165.1684 -1.5526 0.0085 0.0001 301 pedestrian_0016
Pedestrian 1.00 1.00 0 0 0 0 0 0 0 0 -1000.00 -1000.00 -1000.00 -1000.00 1.9158 0.4880 0.7475 -139.1948 1.3745 -68.3056 3.1351 0.0085 0.0001 302 pedestrian_0006
Pedestrian 1.00 1.00 3 4 5 36 0 0 0 0 -1000.00 -1000.00 -1000.00 -1000.00 1.3390 0.3253 0.4096 -45.1980 2.2903 21.9419 3.1237 0.0085 0.0001 303 pedestrian_0012
Pedestrian 0.00 1.00 0 0 0 0 0 0 0 0 1241.26 355.30 1243.19 358.99 1.9158 0.4880 0.7507 -146.6636 -0.5272 -292.5215 3.1127 0.0085 0.0001 304 pedestrian_0024
Pedestrian 1.00 1.00 0 0 0 0 0 0 0 0 -1000.00 -1000.00 -1000.00 -1000.00 1.3390 0.3253 0.5005 -127.8284 3.1240 139.4935 0.0400 0.0085 0.0001 305 pedestrian_0013
Pedestrian 1.00 1.00 0 0 0 0 0 0 0 0 -1000.00 -1000.00 -1000.00 -1000.00 1.1330 0.4333 0.5550 -271.7264 1.5840 -40.1919 -1.5492 0.0085 0.0001 306 pedestrian_0011
Pedestrian 0.00 1.00 0 0 1 1 1 0 0 0 971.23 355.66 973.78 361.83 1.9158 0.4880 0.7377 -3.8861 0.5662 -176.6859 -0.1404 0.0085 0.0001 307 pedestrian_0024
Pedestrian 1.00 1.00 0 0 0 0 0 0 0 0 -1000.00 -1000.00 -1000.00 -1000.00 1.9158 0.4880 0.4062 -274.3149 1.8835 -6.1145 -1.5232 0.0085 0.0001 308 pedestrian_0004
Pedestrian 1.00 1.00 0 0 0 0 0 0 0 0 -1000.00 -1000.00 -1000.00 -1000.00 1.9158 0.4880 0.4684 119.0332 2.2552 34.7667 -0.0123 0.0085 0.0001 309 pedestrian_0019
Pedestrian 1.00 1.00 0 0 0 0 0 0 0 0 -1000.00 -1000.00 -1000.00 -1000.00 1.3390 0.3253 0.4485 123.7839 1.4551 -60.8884 -3.1323 0.0085 0.0001 310 pedestrian_0012
Pedestrian 0.00 1.00 0 0 0 0 0 0 0 0 777.54 355.37 779.86 361.63 1.9158 0.4880 0.5525 55.4941 0.4973 -174.1428 -3.1265 0.0085 0.0001 311 pedestrian_0022
Pedestrian 0.00 1.00 0 0 0 0 0 0 0 0 169.25 356.01 173.64 363.24 1.9158 0.4880 0.7507 209.6220 0.8556 -151.8271 2.7778 0.0085 0.0001 312 pedestrian_0018
Pedestrian 1.00 1.00 10 14 21 1069 0 0 3 0 -1000.00 -1000.00 -1000.00 -1000.00 1.9158 0.4880 0.6921 -32.7210 2.1593 23.5722 0.0251 0.0085 0.0001 313 pedestrian_0022
Pedestrian 0.00 1.00 0 0 0 0 0 0 0 0 826.65 355.37 828.53 362.42 1.9158 0.4880 0.3891 35.9914 0.6560 -155.1477 -0.0069 0.0085 0.0001 314 pedestrian_0005
Pedestrian 1.00 1.00 0 0 0 0 0 0 0 0 -1000.00 -1000.00 -1000.00 -1000.00 1.9158 0.4880 0.7507 138.9344 1.5813 -59.2957 -0.1297 0.0085 0.0001 315 pedestrian_0018
Pedestrian 1.00 1.00 0 0 0 0 0 0 0 0 -1000.00 -1000.00 -1000.00 -1000.00 1.9158 0.4880 0.4176 -270.5596 1.1988 -87.0440 -1.5459 0.0085 0.0001 316 pedestrian_0024
Pedestrian 1.00 1.00 0 0 0 0 0 0 0 0 -1000.00 -1000.00 -1000.00 -1000.00 1.9158 0.4880 0.6372 -151.4596 1.3533 -88.3427 -2.9949 0.0085 0.0001 317 pedestrian_0002
Pedestrian 0.00 1.00 0 0 0 0 0 0 0 0 1265.79 357.17 1267.50 361.54 1.3390 0.3253 0.3400 -93.9602 0.4711 -174.3174 1.6160 0.0085 0.0001 318 pedestrian_0013
Pedestrian 0.00 1.00 0 0 0 0 0 0 0 0 750.04 355.89 752.08 362.44 1.9158 0.4880 0.4003 61.2467 0.7112 -166.9591 -0.0218 0.0085 0.0001 319 pedestrian_0018
Pedestrian 0.00 1.00 0 0 0 0 0 0 0 0 1035.09 355.34 1037.17 361.60 1.9158 0.4880 0.5773 -23.3253 0.4874 -174.3020 -0.0214 0.0085 0.0001 320 pedestrian_0006
Pedestrian 0.00 1.00 0 0 0 0 0 0 0 0 1402.91 355.28 1404.13 359.23 1.9158 0.4880 0.4507 -215.7693 -0.3790 -274.1311 2.4784 0.0085 0.0001 321 pedestrian_0021
Pedestrian 0.00 1.00 0 0 0 0 0 0 0 0 846.99 360.85 851.49 368.92 1.1330 0.4333 0.5565 15.6500 1.2546 -82.8035 0.0248 0.0085 0.0001 322 pedestrian_0010
Pedestrian 1.00 1.00 0 0 0 0 0 0 0 0 -1000.00 -1000.00 -1000.00 -1000.00 1.9158 0.4880 0.7507 136.6826 1.5835 -59.2033 0.1658 0.0085 0.0001 323 pedestrian_0022
Pedestrian 1.00 1.00 0 0 0 0 0 0 0 0 -1000.00 -1000.00 -1000.00 -1000.00 1.9158 0.4880 0.7507 -109.9691 1.3973 -66.1784 0.0077 0.0085 0.0001 324 pedestrian_0015
Pedestrian 1.00 1.00 0 0 0 4 0 0 0 0 -1000.00 -1000.00 -1000.00 -1000.00 1.9158 0.4880 0.6240 -95.4432 2.3350 44.8852 -1.5355 0.0085 0.0001 325 pedestrian_0005
Pedestrian 1.00 1.00 0 0 0 0 0 0 0 0 -1000.00 -1000.00 -1000.00 -1000.00 1.9158 0.4880 0.6192 201.0055 -8.4966 -57.3311 -1.5527 0.0085 0.0001 326 pedestrian_0006
Pedestrian 0.00 1.00 0 0 0 1 0 0 0 0 867.10 355.43 874.45 373.44 1.9158 0.4880 0.7507 9.5321 1.4272 -63.7138 -3.0296 0.0085 0.0001 327 pedestrian_0002
Pedestrian 0.00 0.51 3 3 4 32 2 0 0 0 1143.48 355.38 1151.44 373.02 1.9158 0.4880 0.6805 -20.4529 1.4118 -64.9646 -3.0634 0.0085 0.0001 328 pedestrian_0015
Pedestrian 1.00 1.00 0 0 0 0 0 0 0 0 -1000.00 -1000.00 -1000.00 -1000.00 1.9158 0.4880 0.7507 -103.7754 3.1404 140.1204 0.0973 0.0085 0.0001 329 pedestrian_0005
Pedestrian 0.00 1.00 0 0 0 0 0 0 0 0 1400.80 356.87 1401.88 359.20 1.1330 0.4333 0.3975 -214.9387 -0.3921 -274.4149 2.4533 0.0085 0.0001 330 pedestrian_0010
Pedestrian 1.00 1.00 0 0 0 0 0 0 0 0 -1000.00 -1000.00 -1000.00 -1000.00 1.9158 0.4880 0.7026 56.3684 2.4506 56.1148 -1.5529 0.0085 0.0001 331 pedestrian_0001
Pedestrian 1.00 1.00 0 0 0 0 0 0 0 0 -1000.00 -1000.00 -1000.00 -1000.00 1.9158 0.4880 0.3817 -93.5681 1.9152 -4.7273 -1.6587 0.0085 0.0001 332 pedestrian_0017
Pedestrian 0.00 0.35 2 2 0 14 2 0 0 0 901.41 355.39 905.00 368.94 1.9158 0.4880 0.5047 8.0618 1.2620 -83.1566 0.1057 0.0085 0.0001 333 pedestrian_0023
Pedestrian 1.00 1.00 0 0 0 0 0 0 0 0 -1000.00 -1000.00 -1000.00 -1000.00 1.3390 0.3253 0.3904 -100.6362 2.5463 75.0110 3.0606 0.0085 0.0001 334 pedestrian_0013
Pedestrian 0.00 1.00 0 0 0 0 0 0 0 0 1822.31 355.23 1838.22 382.36 1.9158 0.4880 0.7507 -62.0297 1.5758 -43.9947 0.4163 0.0085 0.0001 335 pedestrian_0019
Pedestrian 1.00 1.00 5 5 7 27 0 2 0 0 -1000.00 -1000.00 -1000.00 -1000.00 1.9158 0.4880 0.7095 -73.8541 2.2400 15.3810 1.7144 0.0085 0.0001 336 pedestrian_0017
Pedestrian 0.00 1.00 0 0 0 0 0 0 0 0 1235.87 355.30 1237.81 358.99 1.9158 0.4880 0.7507 -143.6554 -0.5233 -292.1006 -3.1314 0.0085 0.0001 337 pedestrian_0025
Pedestrian 0.00 1.00 0 0 0 0 0 0 0 0 912.32 338.56 913.86 342.31 1.9158 0.4880 0.7507 24.1171 -9.0988 -289.4491 3.1367 0.0085 0.0001 338 pedestrian_0006
Pedestrian 0.00 1.00 0 0 0 0 0 0 0 0 868.23 334.99 869.74 337.56 1.1330 0.4333 0.6097 40.7232 -10.0475 -252.4694 0.0197 0.0085 0.0001 339 pedestrian_0011
Pedestrian 1.00 1.00 0 0 0 0 0 0 0 0 -1000.00 -1000.00 -1000.00 -1000.00 1.1330 0.4333 0.5184 126.4705 1.5818 -63.1603 -1.5522 0.0085 0.0001 340 pedestrian_0011
Pedestrian 0.00 1.00 0 0 0 0 0 0 0 0 133.64 357.74 136.17 363.15 1.3390 0.3253 0.3150 204.7486 0.7792 -142.0262 -2.2410 0.0085 0.0001 341 pedestrian_0013
Pedestrian 1.00 1.00 0 0 0 0 0 0 0 0 -1000.00 -1000.00 -1000.00 -1000.00 1.9158 0.4880 0.5234 121.3859 1.4613 -61.1335 0.0202 0.0085 0.0001 342 pedestrian_0007
Pedestrian 0.00 0.43 0 3 5 8 1 0 0 0 999.95 355.86 1001.63 362.44 1.9158 0.4880 0.3900 -11.9071 0.7088 -166.2884 -1.6452 0.0085 0.0001 343 pedestrian_0021
Pedestrian 0.00 1.00 0 0 0 0 0 0 0 0 323.66 326.62 326.73 330.22 1.1330 0.4333 0.4726 203.7119 -9.5669 -182.3496 -1.6073 0.0085 0.0001 344 pedestrian_0010
Pedestrian 0.00 0.33 7 7 14 49 3 0 0 0 886.51 354.86 892.05 374.72 1.9158 0.4880 0.5224 6.8555 1.4178 -58.2290 -1.5284 0.0085 0.0001 345 pedestrian_0021
Pedestrian 1.00 1.00 1 0 0 14 0 0 0 0 -1000.00 -1000.00 -1000.00 -1000.00 1.3390 0.3253 0.3098 75.3923 2.3648 29.1694 -2.9899 0.0085 0.0001 346 pedestrian_0014
Pedestrian 0.00 1.00 0 0 0 0 0 0 0 0 1182.21 355.26 1185.68 363.92 1.9158 0.4880 0.5720 -49.6409 0.8645 -127.3507 -0.0247 0.0085 0.0001 347 pedestrian_0023
Pedestrian 0.00 1.00 0 0 0 0 0 0 0 0 1572.62 355.32 1579.76 367.97 1.9158 0.4880 0.5762 -93.5827 1.2045 -88.6665 -2.9439 0.0085 0.0001 348 pedestrian_0008
Pedestrian 1.00 1.00 0 0 0 0 0 0 0 0 -1000.00 -1000.00 -1000.00 -1000.00 1.9158 0.4880 0.6613 -250.4594 2.7117 91.3925 -2.4258 0.0085 0.0001 349 pedestrian_0006
Pedestrian 0.00 1.00 0 0 0 0 0 0 0 0 793.19 355.62 795.37 360.85 1.9158 0.4880 0.6334 60.8550 0.3080 -208.0192 -1.8907 0.0085 0.0001 350 pedestrian_0022
Pedestrian 0.00 1.00 0 0 0 0 0 0 0 0 749.95 355.37 751.99 361.64 1.9158 0.4880 0.3754 63.9341 0.4993 -174.0168 2.9436 0.0085 0.0001 351 pedestrian_0023
Pedestrian 0.00 0.50 0 2 4 8 2 0 0 0 928.61 355.13 930.64 363.03 1.9158 0.4880 0.7455 7.3877 0.7315 -139.3034 1.6214 0.0085 0.0001 352 pedestrian_0006
Pedestrian 1.00 1.00 26 29 41 394 0 0 9 0 -1000.00 -1000.00 -1000.00 -1000.00 1.9158 0.4880 0.7507 2.8237 2.1474 28.0002 -2.0603 0.0085 0.0001 353 pedestrian_0024
Pedestrian 1.00 1.00 0 0 0 0 0 0 0 0 -1000.00 -1000.00 -1000.00 -1000.00 1.1330 0.4333 0.6667 -120.7738 3.1322 140.9042 -3.1305 0.0085 0.0001 354 pedestrian_0011
Pedestrian 1.00 1.00 15 26 36 347 0 0 20 0 -1000.00 -1000.00 -1000.00 -1000.00 1.9158 0.4880 0.6425 0.1651 2.2862 26.4197 2.8617 0.0085 0.0001 355 pedestrian_0017
Pedestrian 1.00 1.00 0 0 0 0 0 0 0 0 -1000.00 -1000.00 -1000.00 -1000.00 1.3390 0.3253 0.3490 166.0435 -8.7749 -88.5814 -1.5543 0.0085 0.0001 356 pedestrian_0012
Pedestrian 0.00 1.00 0 0 0 0 0 0 0 0 1365.56 355.29 1366.89 359.13 1.9158 0.4880 0.4416 -202.9401 -0.4389 -281.3794 2.3168 0.0085 0.0001 357 pedestrian_0020
Pedestrian 0.00 1.00 0 0 0 0 0 0 0 0 1067.47 355.33 1070.24 361.60 1.9158 0.4880 0.7507 -33.3539 0.4862 -174.3250 -0.0032 0.0085 0.0001 358 pedestrian_0017
Pedestrian 1.00 1.00 7 5 6 15 0 2 0 0 -1000.00 -1000.00 -1000.00 -1000.00 1.9158 0.4880 0.4967 -71.2533 2.1700 7.0741 1.9084 0.0085 0.0001 359 pedestrian_0025
Pedestrian 0.00 1.00 0 0 0 0 0 0 0 0 1210.49 356.40 1211.42 358.98 1.3390 0.3253 0.2969 -130.1817 -0.5284 -292.0077 0.2712 0.0085 0.0001 360 pedestrian_0013
Pedestrian 0.00 1.00 0 0 0 0 0 0 0 0 1355.57 356.42 1356.96 359.09 1.3390 0.3253 0.5005 -198.8705 -0.4574 -282.6486 2.7410 0.0085 0.0001 361 pedestrian_0013
Pedestrian 0.00 0.35 4 3 8 55 1 0 0 0 739.05 363.63 747.21 384.71 1.3390 0.3253 0.4198 13.9340 1.5758 -40.1006 -1.6842 0.0085 0.0001 362 pedestrian_0013
Pedestrian 1.00 1.00 0 0 0 0 0 0 0 0 -1000.00 -1000.00 -1000.00 -1000.00 1.1330 0.4333 0.4817 -94.7995 2.3735 50.7630 1.5826 0.0085 0.0001 363 pedestrian_0011
Pedestrian 0.00 1.00 0 0 0 0 0 0 0 0 917.25 357.05 918.41 361.27 1.3390 0.3253 0.4254 13.4230 0.4006 -180.9091 1.7542 0.0085 0.0001 364 pedestrian_0012
Pedestrian 1.00 1.00 0 0 0 0 0 0 0 0 -1000.00 -1000.00 -1000.00 -1000.00 1.9158 0.4880 0.5383 128.0658 1.5035 -49.6874 -1.3425 0.0085 0.0001 365 pedestrian_0023
Pedestrian 1.00 1.00 0 0 0 5 0 0 0 0 -1000.00 -1000.00 -1000.00 -1000.00 1.9158 0.4880 0.4848 -95.9806 2.5659 74.1557 -1.3002 0.0085 0.0001 366 pedestrian_0005
Pedestrian 1.00 1.00 0 0 0 0 0 0 0 0 -1000.00 -1000.00 -1000.00 -1000.00 1.9158 0.4880 0.6225 -198.4649 1.3803 -82.4814 1.6515 0.0085 0.0001 367 pedestrian_0021
Pedestrian 1.00 1.00 0 0 0 0 0 0 0 0 -1000.00 -1000.00 -1000.00 -1000.00 1.1330 0.4333 0.4193 -133.1907 1.3848 -66.1017 0.0184 0.0085 0.0001 368 pedestrian_0010
Pedestrian 0.00 1.00 0 0 0 0 0 0 0 0 798.39 355.62 800.42 360.76 1.9158 0.4880 0.7507 59.9292 0.2799 -211.3260 -1.6511 0.0085 0.0001 369 pedestrian_0020
Pedestrian 0.00 1.00 0 0 0 0 0 0 0 0 517.51 359.46 521.02 369.00 1.3390 0.3253 0.2591 62.1341 1.2637 -82.6245 2.4973 0.0085 0.0001 370 pedestrian_0012
Pedestrian 0.00 1.00 0 0 0 0 0 0 0 0 462.65 356.71 468.30 372.68 1.9158 0.4880 0.4927 59.6912 1.5201 -71.3920 -2.4234 0.0085 0.0001 371 pedestrian_0015
Pedestrian 1.00 1.00 12 8 19 755 0 0 4 5 -1000.00 -1000.00 -1000.00 -1000.00 1.9158 0.4880 0.7507 29.0039 2.1919 26.3596 3.1386 0.0085 0.0001 372 pedestrian_0007
Pedestrian 1.00 1.00 0 0 0 0 0 0 0 0 -1000.00 -1000.00 -1000.00 -1000.00 1.9158 0.4880 0.6574 -270.6756 1.0046 -110.2278 -1.4889 0.0085 0.0001 373 pedestrian_0008
Pedestrian 0.00 1.00 0 0 0 0 0 0 0 0 575.23 355.46 584.34 373.48 1.9158 0.4880 0.6261 40.5816 1.4311 -63.6496 -3.1376 0.0085 0.0001 374 pedestrian_0020
Pedestrian 0.00 1.00 0 0 0 1 0 0 0 0 1010.50 355.34 1012.42 361.61 1.9158 0.4880 0.5473 -15.7455 0.4900 -174.0857 -0.0131 0.0085 0.0001 375 pedestrian_0015
Pedestrian 0.00 1.00 0 0 0 0 0 0 0 0 1232.70 359.36 1236.24 368.83 1.3390 0.3253 0.3315 -38.9547 1.2498 -83.1506 0.0272 0.0085 0.0001 376 pedestrian_0012
Pedestrian 0.00 1.00 0 0 0 0 0 0 0 0 569.44 355.38 572.04 361.67 1.9158 0.4880 0.4252 118.7472 0.5068 -173.5708 -0.0791 0.0085 0.0001 377 pedestrian_0017
Pedestrian 1.00 1.00 0 0 0 0 0 0 0 0 -1000.00 -1000.00 -1000.00 -1000.00 1.9158 0.4880 0.7507 85.6368 2.2391 13.1998 -1.6810 0.0085 0.0001 378 pedestrian_0025
Pedestrian 1.00 1.00 1 0 0 0 0 0 0 0 -1000.00 -1000.00 -1000.00 -1000.00 1.1330 0.4333 0.4958 -94.5923 2.1936 29.5203 -1.5558 0.0085 0.0001 379 pedestrian_0009
Pedestrian 0.00 1.00 0 0 0 0 0 0 0 0 513.42 355.45 518.91 369.26 1.9158 0.4880 0.4432 61.8049 1.2818 -81.6710 1.9812 0.0085 0.0001 380 pedestrian_0002
Pedestrian 0.00 1.00 0 0 0 0 0 0 0 0 1160.17 356.40 1161.18 358.98 1.3390 0.3253 0.3930 -104.1800 -0.5282 -292.2273 -3.0638 0.0085 0.0001 381 pedestrian_0013
Pedestrian 0.00 1.00 0 0 0 0 0 0 0 0 617.74 357.25 620.06 361.66 1.3390 0.3253 0.5005 103.8064 0.5025 -173.1627 0.0720 0.0085 0.0001 382 pedestrian_0012
Pedestrian 1.00 1.00 7 4 8 48 0 6 0 0 -1000.00 -1000.00 -1000.00 -1000.00 1.1330 0.4333 0.6016 -38.4431 1.9504 0.0786 -2.9501 0.0085 0.0001 383 pedestrian_0010
Pedestrian 0.00 1.00 0 0 0 0 0 0 0 0 1131.08 356.41 1132.26 359.00 1.3390 0.3253 0.5005 -88.7839 -0.5173 -291.1327 0.0216 0.0085 0.0001 384 pedestrian_0013
Pedestrian 1.00 1.00 4 5 7 47 0 1 0 0 -1000.00 -1000.00 -1000.00 -1000.00 1.9158 0.4880 0.7507 -58.3802 2.1539 23.0055 3.1205 0.0085 0.0001 385 pedestrian_0015
Pedestrian 1.00 1.00 12 20 29 320 0 0 18 0 -1000.00 -1000.00 -1000.00 -1000.00 1.9158 0.4880 0.4338 1.3459 2.2981 27.8069 0.0740 0.0085 0.0001 386 pedestrian_0018
Pedestrian 0.00 1.00 0 0 0 0 0 0 0 0 1124.56 356.41 1125.70 358.99 1.3390 0.3253 0.4839 -85.6395 -0.5239 -291.9372 0.0419 0.0085 0.0001 387 pedestrian_0013
Pedestrian 0.00 1.00 0 0 0 0 0 0 0 0 653.46 355.38 656.83 361.70 1.9158 0.4880 0.7507 92.5894 0.5125 -172.8268 -3.1091 0.0085 0.0001 388 pedestrian_0022
Pedestrian 1.00 1.00 0 0 0 0 0 0 0 0 -1000.00 -1000.00 -1000.00 -1000.00 1.9158 0.4880 0.7507 -272.0575 1.7839 -17.9122 1.5482 0.0085 0.0001 389 pedestrian_0003
Pedestrian 0.00 1.00 0 0 0 0 0 0 0 0 1411.36 355.28 1413.41 359.26 1.9158 0.4880 0.7304 -218.2873 -0.3606 -271.9302 2.5118 0.0085 0.0001 390 pedestrian_0021
Pedestrian 1.00 1.00 0 0 0 0 0 0 0 0 -1000.00 -1000.00 -1000.00 -1000.00 1.9158 0.4880 0.3754 -97.2649 2.5455 73.9500 -0.6078 0.0085 0.0001 391 pedestrian_0016
Pedestrian 0.00 1.00 0 0 0 0 0 0 0 0 1287.59 355.29 1289.59 359.01 1.9158 0.4880 0.7507 -169.7188 -0.5157 -290.7655 2.9946 0.0085 0.0001 392 pedestrian_0005
Pedestrian 0.00 1.00 0 0 0 0 0 0 0 0 511.05 327.57 513.14 332.97 1.9158 0.4880 0.4335 161.3156 -9.7490 -204.1059 1.0282 0.0085 0.0001 393 pedestrian_0026
Pedestrian 1.00 1.00 0 0 0 0 0 0 0 0 -1000.00 -1000.00 -1000.00 -1000.00 1.9158 0.4880 0.3872 39.5844 1.9797 3.2883 -2.7061 0.0085 0.0001 394 pedestrian_0022
Pedestrian 1.00 1.00 0 0 0 0 0 0 0 0 -1000.00 -1000.00 -1000.00 -1000.00 1.1330 0.4333 0.6667 158.6787 -7.2638 56.8858 1.9317 0.0085 0.0001 395 pedestrian_0010
Pedestrian 1.00 1.00 13 15 20 888 0 0 2 3 -1000.00 -1000.00 -1000.00 -1000.00 1.9158 0.4880 0.7507 30.2659 2.1809 25.0460 -3.0891 0.0085 0.0001 396 pedestrian_0006
Pedestrian 0.00 1.00 0 0 0 0 0 0 0 0 1222.47 356.90 1224.05 360.67 1.3390 0.3253 0.5005 -93.8219 0.2365 -202.0141 -1.5858 0.0085 0.0001 397 pedestrian_0012
Pedestrian 0.00 1.00 0 0 0 0 0 0 0 0 992.30 357.65 993.64 361.32 1.1330 0.4333 0.3929 -10.2284 0.4059 -176.4158 3.1330 0.0085 0.0001 398 pedestrian_0010
Pedestrian 1.00 1.00 0 0 0 0 0 0 0 0 -1000.00 -1000.00 -1000.00 -1000.00 1.9158 0.4880 0.7507 -216.3674 1.9882 9.7850 -1.6859 0.0085 0.0001 399 pedestrian_0007
Pedestrian 1.00 1.00 0 0 0 0 0 0 0 0 -1000.00 -1000.00 -1000.00 -1000.00 1.9158 0.4880 0.6228 200.3223 -8.1074 -11.9450 -1.5786 0.0085 0.0001 400 pedestrian_0001
Pedestrian 1.00 1.00 450 513 809 70257 0 32 156 0 -1000.00 -1000.00 -1000.00 -1000.00 1.9158 0.4880 0.7507 -4.2422 2.0886 3.1443 3.0748 0.0085 0.0001 401 pedestrian_0016
Pedestrian 1.00 1.00 0 0 0 0 0 0 0 0 -1000.00 -1000.00 -1000.00 -1000.00 1.9158 0.4880 0.6078 -248.7468 2.7288 93.3895 -2.5133 0.0085 0.0001 402 pedestrian_0021
Pedestrian 0.00 1.00 0 0 0 0 0 0 0 0 45.33 355.52 59.55 374.14 1.9158 0.4880 0.6060 93.7892 1.4529 -61.7686 0.0872 0.0085 0.0001 403 pedestrian_0006
Pedestrian 1.00 1.00 0 0 0 0 0 0 0 0 -1000.00 -1000.00 -1000.00 -1000.00 1.9158 0.4880 0.7507 -146.1756 2.5325 72.7814 -2.9975 0.0085 0.0001 404 pedestrian_0023
Pedestrian 0.00 1.00 0 0 0 0 0 0 0 0 719.82 358.33 722.44 362.69 1.1330 0.4333 0.5746 62.3546 0.6981 -149.1680 -1.5653 0.0085 0.0001 405 pedestrian_0011
Pedestrian 0.00 0.16 17 16 28 172 6 0 0 0 843.39 355.38 853.46 391.12 1.9158 0.4880 0.5435 6.0182 1.6218 -34.4590 -1.5919 0.0085 0.0001 406 pedestrian_0004
Pedestrian 0.00 1.00 0 0 0 0 0 0 0 0 860.63 355.36 862.51 361.61 1.9158 0.4880 0.4955 30.1753 0.4922 -174.4118 -3.1208 0.0085 0.0001 407 pedestrian_0026
Pedestrian 1.00 1.00 0 0 0 0 0 0 0 0 -1000.00 -1000.00 -1000.00 -1000.00 1.3390 0.3253 0.3767 145.6352 1.5064 -48.8271 -1.5566 0.0085 0.0001 408 pedestrian_0013
Pedestrian 0.00 1.00 0 0 0 0 0 0 0 0 1174.64 357.09 1176.11 359.71 1.1330 0.4333 0.5627 -93.5033 -0.1300 -245.1102 1.5314 0.0085 0.0001 409 pedestrian_0010
Pedestrian 1.00 1.00 0 0 0 0 0 0 0 0 -1000.00 -1000.00 -1000.00 -1000.00 1.9158 0.4880 0.5257 142.1803 2.2384 16.1374 -1.6141 0.0085 0.0001 410 pedestrian_0020
Pedestrian 0.00 1.00 0 0 0 0 0 0 0 0 1195.65 355.60 1197.63 360.42 1.9158 0.4880 0.7298 -94.2639 0.1635 -225.2768 -1.6019 0.0085 0.0001 411 pedestrian_0025
Pedestrian 1.00 1.00 2 0 1 3 0 0 0 0 -1000.00 -1000.00 -1000.00 -1000.00 1.1330 0.4333 0.6028 114.4225 2.1961 27.0904 -2.9836 0.0085 0.0001 412 pedestrian_0010
Pedestrian 0.00 1.00 0 0 0 0 0 0 0 0 460.36 355.20 463.46 362.63 1.9158 0.4880 0.5455 128.8749 0.6746 -147.8964 2.1062 0.0085 0.0001 413 pedestrian_0015
Pedestrian 0.00 1.00 0 0 0 0 0 0 0 0 753.42 357.87 755.19 361.56 1.1330 0.4333 0.3333 63.3264 0.4785 -175.1241 1.6490 0.0085 0.0001 414 pedestrian_0011
Pedestrian 0.00 0.29 15 10 18 127 2 0 0 0 1183.16 354.62 1193.26 384.92 1.9158 0.4880 0.6250 -14.2620 1.5812 -39.0775 1.5510 0.0085 0.0001 415 pedestrian_0025
Pedestrian 1.00 1.00 0 0 0 1 0 0 0 0 -1000.00 -1000.00 -1000.00 -1000.00 1.1330 0.4333 0.6527 163.9412 -7.8555 14.7343 1.5881 0.0085 0.0001 416 pedestrian_0009
Pedestrian 1.00 1.00 0 0 0 0 0 0 0 0 -1000.00 -1000.00 -1000.00 -1000.00 1.9158 0.4880 0.7507 139.0246 -6.6345 85.9525 -0.7666 0.0085 0.0001 417 pedestrian_0026
Pedestrian 1.00 1.00 0 0 0 0 0 0 0 0 -1000.00 -1000.00 -1000.00 -1000.00 1.9158 0.4880 0.7507 -269.5679 0.8575 -127.5468 -1.5221 0.0085 0.0001 418 pedestrian_0019
Pedestrian 0.00 1.00 0 0 0 0 0 0 0 0 605.35 355.43 612.92 369.09 1.9158 0.4880 0.7507 49.3785 1.2726 -82.4929 -0.1046 0.0085 0.0001 419 pedestrian_0018
Pedestrian 0.00 1.00 0 0 0 0 0 0 0 0 1146.00 355.31 1147.67 359.01 1.9158 0.4880 0.6881 -96.9194 -0.5172 -292.0105 -3.1122 0.0085 0.0001 420 pedestrian_0026
Pedestrian 1.00 1.00 0 0 0 0 0 0 0 0 -1000.00 -1000.00 -1000.00 -1000.00 1.9158 0.4880 0.7507 158.9764 1.3086 -79.6610 0.0248 0.0085 0.0001 421 pedestrian_0005
Pedestrian 0.00 1.00 0 0 0 0 0 0 0 0 733.44 355.91 735.56 362.63 1.9158 0.4880 0.7472 64.4066 0.7468 -162.7926 -1.2766 0.0085 0.0001 422 pedestrian_0021
Pedestrian 0.00 1.00 0 0 0 0 0 0 0 0 283.60 355.43 288.46 362.66 1.9158 0.4880 0.6696 178.8189 0.7023 -151.5446 0.0218 0.0085 0.0001 423 pedestrian_0025
Pedestrian 1.00 1.00 0 0 0 0 0 0 0 0 -1000.00 -1000.00 -1000.00 -1000.00 1.9158 0.4880 0.4770 126.8780 1.4868 -75.7615 1.5882 0.0085 0.0001 424 pedestrian_0008
Pedestrian 1.00 1.00 4 1 3 49 0 0 0 1 -1000.00 -1000.00 -1000.00 -1000.00 1.9158 0.4880 0.4746 55.2679 2.3174 22.8396 -1.4647 0.0085 0.0001 425 pedestrian_0018
Pedestrian 1.00 1.00 0 0 0 0 0 0 0 0 -1000.00 -1000.00 -1000.00 -1000.00 1.9158 0.4880 0.7507 -198.9230 1.7704 -16.5332 1.5928 0.0085 0.0001 426 pedestrian_0020
Pedestrian 0.00 1.00 0 0 0 0 0 0 0 0 1311.69 357.14 1313.28 361.47 1.3390 0.3253 0.2861 -109.1895 0.4535 -176.1784 3.1050 0.0085 0.0001 427 pedestrian_0012
Pedestrian 0.00 1.00 0 0 0 0 0 0 0 0 430.72 358.36 433.94 363.03 1.1330 0.4333 0.3635 128.4417 0.7351 -139.3989 -1.3962 0.0085 0.0001 428 pedestrian_0011
Pedestrian 0.00 1.00 0 0 0 0 0 0 0 0 1431.43 355.30 1434.12 361.86 1.9158 0.4880 0.5504 -138.3063 0.5396 -166.6330 2.5145 0.0085 0.0001 429 pedestrian_0006
Pedestrian 1.00 1.00 0 0 0 0 0 0 0 0 -1000.00 -1000.00 -1000.00 -1000.00 1.9158 0.4880 0.6314 133.1422 1.5936 -57.1174 -0.2213 0.0085 0.0001 430 pedestrian_0021
Pedestrian 1.00 1.00 0 0 0 0 0 0 0 0 -1000.00 -1000.00 -1000.00 -1000.00 1.9158 0.4880 0.7507 -127.7693 1.3747 -68.2101 3.1372 0.0085 0.0001 431 pedestrian_0026
Pedestrian 1.00 1.00 0 0 0 0 0 0 0 0 -1000.00 -1000.00 -1000.00 -1000.00 1.9158 0.4880 0.5509 114.1017 -6.1060 101.8870 -0.2538 0.0085 0.0001 432 pedestrian_0026
Pedestrian 0.00 1.00 0 0 0 0 0 0 0 0 1278.41 355.34 1281.94 364.04 1.9158 0.4880 0.4919 -70.6603 0.8871 -126.8106 -0.0252 0.0085 0.0001 433 pedestrian_0002
Pedestrian 0.00 1.00 0 0 0 0 0 0 0 0 431.92 355.94 436.00 362.64 1.9158 0.4880 0.7507 150.8259 0.7511 -163.4061 -1.4487 0.0085 0.0001 434 pedestrian_0001
Pedestrian 0.00 1.00 0 0 0 0 0 0 0 0 552.53 332.42 554.81 336.88 1.9158 0.4880 0.6979 177.4146 -10.1093 -246.4912 0.8767 0.0085 0.0001 435 pedestrian_0022
Pedestrian 1.00 1.00 0 0 0 0 0 0 0 0 -1000.00 -1000.00 -1000.00 -1000.00 1.9158 0.4880 0.5229 60.8177 1.8470 -14.7930 -1.5556 0.0085 0.0001 436 pedestrian_0005
Pedestrian 0.00 1.00 0 0 0 0 0 0 0 0 1520.56 360.44 1527.53 372.49 1.3390 0.3253 0.4432 -62.9832 1.3892 -66.3770 -3.0922 0.0085 0.0001 437 pedestrian_0013
Pedestrian 0.00 1.00 0 0 0 0 0 0 0 0 1808.25 357.70 1812.91 361.31 1.1330 0.4333 0.6667 -268.1788 0.4087 -179.2374 1.6055 0.0085 0.0001 438 pedestrian_0011
Pedestrian 1.00 1.00 0 0 0 0 0 0 0 0 -1000.00 -1000.00 -1000.00 -1000.00 1.9158 0.4880 0.4239 -94.3965 2.6720 67.0026 -1.2141 0.0085 0.0001 439 pedestrian_0006
Pedestrian 1.00 1.00 0 0 0 0 0 0 0 0 -1000.00 -1000.00 -1000.00 -1000.00 1.3390 0.3253 0.4878 43.1726 -4.9453 141.9120 0.0533 0.0085 0.0001 440 pedestrian_0014
Pedestrian 1.00 1.00 0 0 0 2 0 0 0 0 -1000.00 -1000.00 -1000.00 -1000.00 1.9158 0.4880 0.4792 -93.8847 2.1743 7.8827 -1.4682 0.0085 0.0001 441 pedestrian_0025
Pedestrian 1.00 1.00 0 0 0 0 0 0 0 0 -1000.00 -1000.00 -1000.00 -1000.00 1.9158 0.4880 0.3818 -248.6712 2.7149 91.7548 -1.9728 0.0085 0.0001 442 pedestrian_0003
Pedestrian 1.00 1.00 0 0 0 0 0 0 0 0 -1000.00 -1000.00 -1000.00 -1000.00 1.9158 0.4880 0.7507 127.3751 1.5071 -49.2529 1.6827 0.0085 0.0001 443 pedestrian_0024
Pedestrian 0.00 0.37 5 1 2 13 4 0 0 0 912.73 355.07 916.03 366.49 1.9158 0.4880 0.5150 7.6746 1.0869 -97.7399 1.5173 0.0085 0.0001 444 pedestrian_0007
Pedestrian 0.56 1.00 0 0 0 0 0 0 0 0 1914.89 355.32 1920.00 372.85 1.9158 0.4880 0.3968 -105.4837 1.4022 -65.3438 -0.1821 0.0085 0.0001 445 pedestrian_0023
Pedestrian 1.00 1.00 0 0 0 0 0 0 0 0 -1000.00 -1000.00 -1000.00 -1000.00 1.9158 0.4880 0.4402 -249.1478 2.7176 92.0731 1.2030 0.0085 0.0001 446 pedestrian_0026
Pedestrian 0.00 1.00 0 0 0 0 0 0 0 0 320.58 320.30 324.83 324.74 1.1330 0.4333 0.5905 167.7645 -9.2985 -150.3915 -1.5367 0.0085 0.0001 447 pedestrian_0009
Pedestrian 0.00 1.00 0 0 0 0 0 0 0 0 746.07 332.83 748.14 337.18 1.9158 0.4880 0.7507 94.7631 -10.1683 -251.1939 -3.0470 0.0085 0.0001 448 pedestrian_0015
Pedestrian 1.00 1.00 0 0 0 0 0 0 0 0 -1000.00 -1000.00 -1000.00 -1000.00 1.9158 0.4880 0.3880 152.3954 1.3133 -79.0287 2.0554 0.0085 0.0001 449 pedestrian_0017
Pedestrian 0.00 0.47 1 1 5 23 1 0 0 0 908.98 355.27 913.05 368.73 1.9158 0.4880 0.6688 7.0029 1.2401 -83.7403 1.5170 0.0085 0.0001 450 pedestrian_0023
Pedestrian 1.00 1.00 0 0 0 0 0 0 0 0 -1000.00 -1000.00 -1000.00 -1000.00 1.9158 0.4880 0.4485 -93.4512 2.6805 67.9261 -0.8184 0.0085 0.0001 451 pedestrian_0001
Pedestrian 1.00 1.00 0 0 0 0 0 0 0 0 -1000.00 -1000.00 -1000.00 -1000.00 1.9158 0.4880 0.7259 -198.1275 1.7455 -19.4355 -1.4416 0.0085 0.0001 452 pedestrian_0017
Pedestrian 0.00 1.00 0 0 0 0 0 0 0 0 1364.77 362.32 1373.49 372.67 1.1330 0.4333 0.6364 -45.1632 1.3919 -65.6711 -3.1235 0.0085 0.0001 453 pedestrian_0011
Pedestrian 0.00 1.00 0 0 0 0 0 0 0 0 1575.03 355.27 1577.30 359.94 1.9158 0.4880 0.4946 -253.5290 -0.0287 -232.5454 -1.1220 0.0085 0.0001 454 pedestrian_0018
Pedestrian 0.00 1.00 0 0 0 0 0 0 0 0 325.68 355.19 331.28 363.46 1.9158 0.4880 0.6981 146.7903 0.7987 -133.3209 1.5748 0.0085 0.0001 455 pedestrian_0021
Pedestrian 1.00 1.00 0 0 0 0 0 0 0 0 -1000.00 -1000.00 -1000.00 -1000.00 1.9158 0.4880 0.5028 192.8297 1.4735 -60.6607 -3.1234 0.0085 0.0001 456 pedestrian_0007
Pedestrian 0.00 1.00 0 0 0 0 0 0 0 0 923.55 355.13 926.01 363.65 1.9158 0.4880 0.7507 7.9378 0.8179 -129.4118 -1.5960 0.0085 0.0001 457 pedestrian_0021
Pedestrian 1.00 1.00 0 0 0 0 0 0 0 0 -1000.00 -1000.00 -1000.00 -1000.00 1.9158 0.4880 0.7507 52.5897 -5.3498 105.3406 3.1310 0.0085 0.0001 458 pedestrian_0019
Pedestrian 1.00 1.00 0 0 0 0 0 0 0 0 -1000.00 -1000.00 -1000.00 -1000.00 1.1330 0.4333 0.5520 -142.8233 3.1216 139.7500 0.0210 0.0085 0.0001 459 pedestrian_0009
Pedestrian 1.00 1.00 0 0 0 0 0 0 0 0 -1000.00 -1000.00 -1000.00 -1000.00 1.9158 0.4880 0.6208 -159.2010 3.1195 138.3785 0.0450 0.0085 0.0001 460 pedestrian_0004
Pedestrian 1.00 1.00 1 1 2 9 0 1 0 0 -1000.00 -1000.00 -1000.00 -1000.00 1.3390 0.3253 0.4370 -95.6628 2.0161 5.0152 1.5757 0.0085 0.0001 461 pedestrian_0012
Pedestrian 1.00 1.00 0 0 0 0 0 0 0 0 -1000.00 -1000.00 -1000.00 -1000.00 1.9158 0.4880 0.6031 -117.2039 1.4285 -61.9099 0.5132 0.0085 0.0001 462 pedestrian_0006
Pedestrian 0.00 1.00 0 0 0 0 0 0 0 0 1812.54 362.11 1824.26 372.22 1.1330 0.4333 0.6667 -97.0627 1.3748 -67.1583 -3.0977 0.0085 0.0001 463 pedestrian_0009
Pedestrian 0.00 1.00 0 0 1 0 0 0 0 0 1023.27 357.19 1024.84 361.57 1.3390 0.3253 0.4337 -19.6158 0.4800 -174.2132 0.0248 0.0085 0.0001 464 pedestrian_0014
Pedestrian 0.00 1.00 0 0 0 0 0 0 0 0 1169.01 357.04 1170.42 359.60 1.1330 0.4333 0.6667 -93.2743 -0.1812 -251.0022 -1.6796 0.0085 0.0001 465 pedestrian_0010
Pedestrian 1.00 1.00 44 40 67 333 0 12 0 0 -1000.00 -1000.00 -1000.00 -1000.00 1.9158 0.4880 0.3911 -19.2688 1.9869 2.9852 0.1639 0.0085 0.0001 466 pedestrian_0017
Pedestrian 1.00 1.00 7 8 13 62 0 4 0 0 -1000.00 -1000.00 -1000.00 -1000.00 1.9158 0.4880 0.5260 -45.2565 2.0101 5.8147 3.1282 0.0085 0.0001 467 pedestrian_0004
Pedestrian 1.00 1.00 11 21 29 406 0 0 2 0 -1000.00 -1000.00 -1000.00 -1000.00 1.9158 0.4880 0.5781 11.7028 2.1682 23.7544 -3.0417 0.0085 0.0001 468 pedestrian_0021
Pedestrian 1.00 1.00 0 0 0 0 0 0 0 0 -1000.00 -1000.00 -1000.00 -1000.00 1.3390 0.3253 0.3260 121.4172 1.4438 -62.2300 -0.3111 0.0085 0.0001 469 pedestrian_0013
Pedestrian 1.00 1.00 0 0 0 0 0 0 0 0 -1000.00 -1000.00 -1000.00 -1000.00 1.9158 0.4880 0.7507 144.8719 1.8369 -10.5256 1.5353 0.0085 0.0001 470 pedestrian_0001
Pedestrian 1.00 1.00 0 0 0 0 0 0 0 0 -1000.00 -1000.00 -1000.00 -1000.00 1.9158 0.4880 0.7507 129.3650 1.5822 -60.4151 0.1007 0.0085 0.0001 471 pedestrian_0015
Pedestrian 1.00 1.00 0 0 0 0 0 0 0 0 -1000.00 -1000.00 -1000.00 -1000.00 1.9158 0.4880 0.3754 -32.7089 2.4117 140.5452 0.0141 0.0085 0.0001 472 pedestrian_0024
Pedestrian 0.00 1.00 0 0 0 0 0 0 0 0 1186.97 357.17 1188.54 361.54 1.3390 0.3253 0.3313 -70.0301 0.4704 -174.9096 0.0775 0.0085 0.0001 473 pedestrian_0013
Pedestrian 0.00 1.00 0 0 0 0 0 0 0 0 1330.98 355.29 1332.87 359.06 1.9158 0.4880 0.6856 -189.0380 -0.4783 -286.1983 2.8132 0.0085 0.0001 474 pedestrian_0018
Pedestrian 0.00 1.00 0 0 0 0 0 0 0 0 1105.69 357.19 1107.50 361.57 1.3390 0.3253 0.4340 -44.8538 0.4788 -174.0700 -2.9577 0.0085 0.0001 475 pedestrian_0012
Pedestrian 1.00 1.00 0 0 0 16 0 1 0 0 -1000.00 -1000.00 -1000.00 -1000.00 1.9158 0.4880 0.6446 -66.3773 1.9990 4.8126 -0.0510 0.0085 0.0001 476 pedestrian_0026
Pedestrian 0.00 1.00 0 0 0 0 0 0 0 0 1185.43 355.31 1186.81 359.00 1.9158 0.4880 0.5096 -117.4100 -0.5218 -292.2752 -3.1345 0.0085 0.0001 477 pedestrian_0016
Pedestrian 1.00 1.00 0 0 0 0 0 0 0 0 -1000.00 -1000.00 -1000.00 -1000.00 1.9158 0.4880 0.5473 125.7773 1.4519 -61.6020 1.9639 0.0085 0.0001 478 pedestrian_0006
Pedestrian 0.00 1.00 0 0 0 0 0 0 0 0 1346.97 355.29 1348.60 359.10 1.9158 0.4880 0.5793 -195.3868 -0.4580 -283.7514 2.7321 0.0085 0.0001 479 pedestrian_0001
Pedestrian 1.00 1.00 2 5 4 27 0 0 0 0 -1000.00 -1000.00 -1000.00 -1000.00 1.9158 0.4880 0.7507 70.1324 2.3631 28.0433 -0.1059 0.0085 0.0001 480 pedestrian_0021
Car 0.00 1.00 0 0 0 0 0 0 0 0 880.00 356.38 890.00 363.49 1.6980 1.9434 4.1871 18.2657 0.8205 -139.6174 -1.5523 0.0085 0.0001 481 citroen_c3
Car 0.00 1.00 0 0 0 0 0 0 0 0 870.06 355.12 881.45 364.07 1.9718 2.0005 4.0595 18.8375 0.8796 -128.5631 -1.5523 0.0085 0.0001 482 jeep_wrangler_rubicon
Car 0.00 1.00 0 0 0 0 0 0 0 0 748.47 355.29 762.71 363.58 1.9718 2.0005 4.0595 49.3768 0.8344 -138.4437 1.5893 0.0085 0.0001 483 jeep_wrangler_rubicon
Car 0.00 1.00 0 0 0 0 0 0 0 0 883.45 355.12 894.40 364.07 1.9718 2.0005 4.0595 15.8968 0.8789 -128.6176 -1.5523 0.0085 0.0001 484 jeep_wrangler_rubicon
Car 0.00 1.00 0 0 0 0 0 0 0 0 1254.64 355.27 1280.12 365.07 1.9718 2.0005 4.0595 -62.3932 1.0106 -117.0334 0.0185 0.0085 0.0001 485 nissan_patrol
Car 0.00 1.00 0 0 0 0 0 0 0 0 1247.19 357.41 1271.76 364.96 1.5488 2.0688 3.9961 -62.3537 1.0138 -119.9304 -3.1231 0.0085 0.0001 486 nissan_patrol
Car 0.00 1.00 0 0 0 0 0 0 0 0 1266.84 357.99 1306.69 366.78 1.4855 2.1349 -5.6254 -56.2848 1.1450 -100.0194 -3.1231 0.0085 0.0001 487 nissan_patrol
Car 0.00 1.00 0 0 0 0 0 0 0 0 1224.12 356.85 1247.94 364.95 1.6244 1.8781 -3.8906 -55.9713 0.9881 -116.9147 0.0185 0.0085 0.0001 488 nissan_patrol
Car 0.00 1.00 0 0 0 0 0 0 0 0 1182.86 356.97 1219.20 367.99 1.7506 2.3538 -4.8416 -38.9234 1.2641 -94.0791 0.0185 0.0085 0.0001 489 nissan_patrol
Car 0.00 0.40 19 19 28 130 3 0 0 0 1153.73 355.28 1179.44 365.90 1.9718 2.0005 -4.0595 -38.6976 1.0865 -108.3734 -3.1231 0.0085 0.0001 490 nissan_patrol
Car 0.00 1.00 0 0 0 0 0 0 0 0 1327.44 355.31 1365.82 367.45 1.9476 2.0282 4.8347 -62.7682 1.1862 -94.5194 -3.1231 0.0085 0.0001 491 nissan_patrol
Car 0.00 1.00 0 0 0 0 0 0 0 0 1318.45 355.26 1350.70 367.15 1.9718 2.0005 4.0595 -62.7721 1.1767 -97.4141 -3.1231 0.0085 0.0001 492 nissan_patrol
Car 0.00 1.00 0 0 0 0 0 0 0 0 1216.93 357.18 1245.75 367.05 1.6244 1.8781 3.8906 -45.3122 1.1571 -97.0928 0.0185 0.0085 0.0001 493 nissan_patrol
Car 0.00 1.00 0 0 0 0 0 0 0 0 1208.80 357.86 1237.80 367.03 1.5488 2.0688 3.9961 -45.2605 1.1860 -99.8169 -3.1231 0.0085 0.0001 494 nissan_patrol
Car 0.00 1.00 0 0 0 0 0 0 0 0 1185.31 354.30 1215.44 365.82 2.1397 2.1728 4.7017 -45.0762 1.0714 -108.4918 -3.1231 0.0085 0.0001 495 nissan_patrol
Car 0.00 0.79 0 2 4 46 2 0 0 0 1167.81 355.32 1195.73 365.03 1.9476 2.0282 4.8347 -44.8760 1.0003 -116.7076 -3.1231 0.0085 0.0001 496 nissan_patrol
Car 0.00 0.98 0 0 0 4 0 0 0 0 1164.57 357.37 1187.87 364.74 1.5100 1.8730 4.1000 -44.8897 0.9675 -119.6064 -3.1231 0.0085 0.0001 497 nissan_patrol
Car 0.00 0.60 6 14 14 87 3 0 0 0 1112.63 357.73 1138.09 366.39 1.5488 2.0688 3.9961 -30.0604 1.1411 -105.3209 0.0185 0.0085 0.0001 498 nissan_patrol
Car 0.00 0.97 0 4 3 6 0 0 0 0 1108.02 357.60 1132.91 365.79 1.5100 1.8730 4.1000 -30.0107 1.0656 -108.2152 0.0185 0.0085 0.0001 499 nissan_patrol
Car 0.00 1.00 0 0 0 1 0 0 0 0 1101.83 355.33 1130.06 365.58 1.9476 2.0282 4.8347 -29.9136 1.0512 -110.8953 -3.1231 0.0085 0.0001 500 nissan_patrol
Car 0.00 0.00 23 34 55 226 7 0 0 0 1091.94 354.14 1124.86 367.59 2.1397 2.1728 -4.7017 -23.8808 1.1981 -93.7981 -3.1231 0.0085 0.0001 501 nissan_patrol
Car 0.00 0.94 5 2 2 14 0 0 0 0 1086.84 355.34 1119.16 367.18 1.9476 2.0282 -4.8347 -23.7604 1.1721 -96.6922 0.0185 0.0085 0.0001 502 nissan_patrol
Car 0.00 0.90 0 1 5 21 2 0 0 0 1068.52 356.91 1090.43 365.26 1.6244 1.8781 -3.8906 -23.5182 1.0191 -113.6737 -3.1231 0.0085 0.0001 503 nissan_patrol
Car 0.00 0.96 0 0 3 9 0 0 0 0 1063.29 356.65 1089.87 365.45 1.7506 2.3538 -4.8416 -23.4936 1.0776 -116.3129 -3.1231 0.0085 0.0001 504 nissan_patrol
Car 0.00 1.00 0 0 0 0 0 0 0 0 861.33 355.20 872.60 363.30 1.9476 2.0282 4.8347 22.7556 0.7724 -140.2016 1.5893 0.0085 0.0001 505 nissan_patrol
Car 0.00 1.00 0 0 0 0 0 0 0 0 759.69 356.93 773.70 363.51 1.5475 1.9070 4.4025 46.5709 0.8145 -138.0960 1.5893 0.0085 0.0001 506 seat_leon
Car 0.00 1.00 0 0 0 0 0 0 0 0 820.22 352.76 836.42 363.58 2.5908 2.7453 5.4640 32.1453 0.8340 -139.9622 1.5893 0.0085 0.0001 507 carlamotors_carlacola
Car 0.00 1.00 0 0 0 0 0 0 0 0 496.37 353.03 523.90 363.22 2.5908 2.7453 5.4640 116.5387 0.7953 -148.1578 -1.5523 0.0085 0.0001 508 carlamotors_carlacola
Car 0.00 1.00 0 0 0 0 0 0 0 0 482.43 353.03 510.50 363.23 2.5908 2.7453 5.4640 120.0266 0.7962 -148.0932 -1.5523 0.0085 0.0001 509 carlamotors_carlacola
Car 0.00 1.00 0 0 0 0 0 0 0 0 390.89 351.90 430.51 364.49 2.5908 2.7453 5.4640 114.3790 0.9118 -119.9542 -3.1231 0.0085 0.0001 510 carlamotors_carlacola
Car 0.00 1.00 0 0 0 0 0 0 0 0 838.29 352.76 853.76 363.57 2.5908 2.7453 5.4640 27.8351 0.8328 -140.0421 1.5893 0.0085 0.0001 511 carlamotors_carlacola
Car 1.00 1.00 0 0 0 0 0 0 0 0 -1000.00 -1000.00 -1000.00 -1000.00 2.2031 2.5091 6.5872 53.9037 1.7837 -29.3827 1.0657 0.0085 0.0001 512 tesla_cybertruck