Car 0.00 1.00 0 0 0 0 0 0 0 0 1035.95 360.62 1046.95 364.01 1.5542 2.3421 5.1370 -41.0934 1.9483 -284.1333 0.0362 -0.0682 -0.0009 0 lincoln2020_mkz2020
Car 1.00 1.00 6809 237777 380349 0 0 0 0 0 -1000.00 -1000.00 -1000.00 -1000.00 2.1397 2.1728 4.7045 -0.0005 2.0932 -2.2389 1.5708 0.0000 0.0000 1 volkswagen_t2
Motorcycle 1.00 1.00 0 0 0 0 0 0 0 0 -1000.00 -1000.00 -1000.00 -1000.00 1.6960 1.0692 2.4735 -246.9336 2.1214 20.3304 1.5074 0.0028 0.0364 2 harley_davidson_low_rider
Motorcycle 0.00 1.00 0 0 0 0 0 0 0 0 1263.33 361.45 1269.29 364.75 1.6960 1.0692 2.4735 -158.3627 2.4500 -291.0401 -0.0959 0.0034 -0.0026 3 harley_davidson_low_rider
Car 0.00 1.00 0 0 0 0 0 0 0 0 74.64 364.92 148.40 379.11 1.6320 2.1403 5.2230 99.6832 2.2141 -69.6424 -3.1138 -0.0054 -0.0001 4 dodge_charger_police
Car 1.00 1.00 0 0 0 9 0 0 0 0 -1000.00 -1000.00 -1000.00 -1000.00 1.5542 2.3421 5.1370 -110.1729 2.0234 109.3684 -0.0183 -0.0006 -0.0001 5 lincoln2020_mkz2020
Car 0.00 1.00 0 0 0 0 0 0 0 0 785.88 341.09 796.27 344.29 1.4546 2.0938 4.3903 81.2340 -7.5945 -271.0473 -3.1010 -0.0015 -0.0014 6 audi_tt
Car 0.00 1.00 0 0 0 3 0 0 0 0 938.48 363.71 947.94 371.03 1.4477 1.5550 2.3177 3.4011 2.2120 -117.0337 1.4339 0.0024 0.0006 7 bmw_isetta
Car 0.00 0.89 0 0 2 2 2 0 0 0 933.12 347.63 944.21 351.67 1.7173 2.2591 5.2781 10.2977 -4.1500 -272.3466 -3.1355 0.1207 -0.0031 8 mercedes_benz_coupe
Car 1.00 1.00 456 509 808 7341 0 0 118 0 -1000.00 -1000.00 -1000.00 -1000.00 1.4812 2.1349 5.6254 -4.6727 2.0828 19.2857 1.2325 -0.0103 0.0018 9 chevrolet_impala
Car 1.00 1.00 0 1 0 4 0 0 0 0 -1000.00 -1000.00 -1000.00 -1000.00 1.6115 2.2019 5.2564 132.7529 2.0319 33.1654 -1.5109 -0.0012 0.0006 10 charger2020_charger2020
Car 0.00 1.00 0 0 0 0 0 0 0 0 631.22 360.40 659.07 368.30 2.2031 2.5091 6.5872 88.6410 2.3154 -160.5597 3.0384 -0.0011 -0.0001 11 tesla_cybertruck
Car 0.00 1.00 0 0 0 0 0 0 0 0 1570.08 365.11 1629.16 376.47 1.5140 2.1024 4.9073 -88.2033 2.2277 -80.9979 2.7286 -0.0016 0.0036 12 mercedesccc_mercedesccc
Car 0.00 1.00 0 0 0 0 0 0 0 0 480.27 362.11 501.27 368.28 1.6980 1.9434 4.1871 131.4671 2.2992 -159.7972 -3.1104 0.0048 -0.0001 13 citroen_c3
Car 0.00 1.00 0 0 0 0 0 0 0 0 135.81 366.07 210.72 379.05 1.4812 2.1349 5.6254 92.7346 2.2086 -69.8663 -3.1101 -0.0011 -0.0001 14 chevrolet_impala
Car 0.00 1.00 0 0 0 0 0 0 0 0 426.45 362.34 453.25 368.76 1.6320 2.1403 5.2230 134.5554 2.2403 -147.9222 -1.5364 -0.0054 -0.0001 15 dodge_charger_police
Car 0.00 0.84 0 4 5 8 3 0 0 0 969.81 362.32 987.05 367.62 1.5863 2.2347 5.1468 -5.6279 2.3091 -174.1488 0.0273 -0.0009 -0.0028 16 lincoln_mkz2017
Car 1.00 1.00 0 0 0 16 0 0 0 0 -1000.00 -1000.00 -1000.00 -1000.00 1.7318 2.1344 5.0985 -103.4510 2.0398 109.2347 0.0267 -0.0011 -0.0001 17 audi_etron
Car 0.00 0.46 0 1 1 11 1 0 0 0 990.95 361.85 1007.47 367.62 1.7506 2.3538 4.8416 -11.9996 2.3196 -174.3275 0.0289 -0.0010 -0.0001 18 bmw_grandtourer
Car 1.00 1.00 34 27 51 286 0 0 0 9 -1000.00 -1000.00 -1000.00 -1000.00 1.5765 1.9374 3.8150 64.9792 2.0811 31.3410 -1.5564 -0.0011 -0.0001 19 nissan_micra
Motorcycle 0.00 1.00 0 1 3 2 0 0 0 0 967.31 362.10 972.13 369.11 1.6960 1.0692 2.4735 -2.3874 2.2191 -140.9172 -1.5409 0.0017 -0.0001 20 harley_davidson_low_rider
Car 0.00 1.00 0 0 0 0 0 0 0 0 1190.69 362.32 1201.10 367.30 1.5765 1.9374 3.8150 -75.7163 2.3251 -182.4247 1.5005 -0.0038 -0.0008 21 nissan_micra
Car 1.00 1.00 0 0 0 0 0 0 0 0 -1000.00 -1000.00 -1000.00 -1000.00 1.7203 2.2019 5.4994 137.6982 2.1740 -67.5873 1.0668 -0.0009 -0.0003 22 chargercop2020_chargercop2020
Car 0.00 0.02 438 519 845 3898 165 0 0 0 1039.00 380.64 1133.17 440.00 1.5475 1.9070 4.4025 -3.3252 2.0998 -19.8888 1.5932 -0.0011 -0.0002 23 seat_leon
Car 0.00 1.00 0 0 0 0 0 0 0 0 1139.89 362.32 1147.96 365.43 1.3660 1.9896 4.9534 -82.5032 2.4129 -253.1549 -1.5735 -0.0011 -0.0001 24 mustang_mustang
Cyclist 1.00 1.00 0 0 1 0 0 0 0 0 -1000.00 -1000.00 -1000.00 -1000.00 1.9709 0.6705 1.7250 -86.9006 2.0973 28.3866 -1.5420 0.0039 -0.0001 25 diamondback_century
Cyclist 1.00 1.00 2 2 6 17 0 1 0 0 -1000.00 -1000.00 -1000.00 -1000.00 1.7065 0.8593 1.4873 -68.3987 2.0808 14.1253 -3.1221 -0.0011 -0.0001 26 bh_crossbike
Car 0.00 1.00 0 0 0 0 0 0 0 0 1431.64 360.73 1483.54 377.88 2.1397 2.1728 4.7045 -63.1013 2.2329 -74.8200 -3.1089 -0.0011 -0.0001 27 volkswagen_t2
Car 1.00 1.00 0 1 0 75 0 0 0 0 -1000.00 -1000.00 -1000.00 -1000.00 1.9718 2.0005 4.0595 -93.3671 2.0740 65.1165 -2.0725 -0.0008 -0.0008 28 jeep_wrangler_rubicon
Car 1.00 1.00 5 6 10 51 0 0 0 0 -1000.00 -1000.00 -1000.00 -1000.00 1.5627 2.2716 5.0314 80.9024 2.1231 7.8520 0.0256 -0.0014 -0.0001 29 tesla_model3
Car 0.00 1.00 0 0 0 0 0 0 0 0 723.51 362.93 741.29 368.00 1.4546 2.0938 4.3903 66.2663 2.3140 -165.8736 2.9103 -0.0017 0.0018 30 audi_tt
Car 1.00 1.00 0 0 0 0 0 0 0 0 -1000.00 -1000.00 -1000.00 -1000.00 1.5488 2.0688 3.9961 139.4093 2.1738 -77.4761 1.6005 -0.0003 -0.0007 31 mini_cooperst
Car 1.00 1.00 4 2 6 106 0 0 0 0 -1000.00 -1000.00 -1000.00 -1000.00 1.6011 2.1072 4.7392 71.5848 2.1232 5.1960 1.9488 -0.0019 0.0010 32 toyota_prius
Car 1.00 1.00 0 0 0 0 0 0 0 0 -1000.00 -1000.00 -1000.00 -1000.00 2.1397 2.1728 4.7045 -155.2980 2.2399 -74.2960 -1.4540 -0.0012 -0.0001 33 volkswagen_t2
Car 1.00 1.00 0 0 0 0 0 0 0 0 -1000.00 -1000.00 -1000.00 -1000.00 1.6011 2.1072 4.7392 -260.9546 2.1870 -28.1926 -1.5337 -0.0012 -0.0000 34 toyota_prius
Car 1.00 1.00 0 0 0 0 0 0 0 0 -1000.00 -1000.00 -1000.00 -1000.00 1.3660 1.9896 4.9534 77.1824 2.1402 -13.2356 1.6096 -0.0011 -0.0001 35 mustang_mustang
Car 1.00 1.00 0 5 4 13 0 0 0 0 -1000.00 -1000.00 -1000.00 -1000.00 1.6011 2.1072 4.7392 142.6807 2.0692 16.5256 -3.1003 -0.0043 -0.0027 36 toyota_prius
Car 0.00 0.37 29 40 62 210 35 0 0 0 970.75 363.05 1004.01 376.17 1.7506 2.3538 4.8416 -3.7871 2.1879 -82.0254 2.1108 -0.0011 0.0003 37 bmw_grandtourer
Car 0.00 1.00 0 0 0 0 0 0 0 0 632.26 360.40 660.18 368.11 2.2031 2.5091 6.5872 90.4588 2.3193 -164.3238 -3.1007 -0.0011 -0.0001 38 tesla_cybertruck
Motorcycle 1.00 1.00 0 0 0 1 0 0 0 0 -1000.00 -1000.00 -1000.00 -1000.00 1.6387 1.2138 2.3199 136.8147 2.0793 11.7793 1.5996 0.0000 0.0023 39 yamaha_yzf
Car 1.00 1.00 0 0 0 0 0 0 0 0 -1000.00 -1000.00 -1000.00 -1000.00 1.9476 2.0282 4.8347 -78.2839 2.1643 -32.5629 1.5983 -0.0040 -0.0003 40 nissan_patrol
Car 0.00 0.36 21 16 28 112 29 0 0 0 957.61 363.58 976.70 375.10 1.6115 2.2019 5.2564 -1.0367 2.1857 -88.0494 1.6905 0.0069 0.0007 41 charger2020_charger2020
Car 0.00 1.00 0 0 0 0 0 0 0 0 529.70 362.31 553.12 367.74 1.6115 2.2019 5.2564 125.6054 2.3084 -170.8303 0.0719 -0.0012 0.0005 42 charger2020_charger2020
Motorcycle 1.00 1.00 0 1 3 9 0 0 0 0 -1000.00 -1000.00 -1000.00 -1000.00 1.6649 1.0692 2.4735 67.8840 2.0790 34.1436 -1.4684 0.0019 -0.0001 43 harley_davidson_low_rider
Car 0.00 1.00 0 0 0 0 0 0 0 0 1182.40 362.23 1195.27 366.90 1.5542 2.3421 5.1370 -79.4029 2.3508 -196.8788 1.5715 0.0043 -0.0003 44 lincoln2020_mkz2020
Motorcycle 1.00 1.00 1 5 7 27 0 0 0 6 -1000.00 -1000.00 -1000.00 -1000.00 1.6960 1.0692 2.4735 76.9324 2.1237 -7.5386 1.6071 0.0018 -0.0000 45 harley_davidson_low_rider
Cyclist 0.00 1.00 0 0 0 0 0 0 0 0 490.88 361.66 503.96 373.39 1.9310 0.5921 1.9272 76.9550 2.2100 -96.6962 1.5932 -0.0052 -0.0001 46 gazelle_omafiets
Car 1.00 1.00 55 64 101 287 0 0 0 6 -1000.00 -1000.00 -1000.00 -1000.00 1.7318 2.1344 5.0985 52.6568 2.1330 10.8144 0.0025 -0.0011 -0.0001 47 audi_etron
Car 1.00 1.00 0 0 0 0 0 0 0 0 -1000.00 -1000.00 -1000.00 -1000.00 1.9476 2.0282 4.8347 131.8328 2.1093 -54.9523 -1.5379 0.0180 0.0000 48 nissan_patrol
Car 1.00 1.00 791 899 1409 24930 0 0 179 0 -1000.00 -1000.00 -1000.00 -1000.00 1.7203 2.2019 5.4994 -7.8594 2.1004 13.0434 0.7311 -0.0019 -0.0016 49 chargercop2020_chargercop2020
Car 1.00 1.00 0 0 0 0 0 0 0 0 -1000.00 -1000.00 -1000.00 -1000.00 1.6244 1.8781 3.8906 -153.5512 2.2399 -88.7671 1.9981 -0.0016 -0.0013 50 audi_a2
Car 0.00 1.00 0 0 0 0 0 0 0 0 1011.10 362.39 1028.83 367.62 1.5863 2.2347 5.1468 -18.3970 2.3252 -174.6687 0.0362 -0.0011 -0.0001 51 lincoln_mkz2017
Cyclist 1.00 1.00 0 1 3 9 0 4 0 0 -1000.00 -1000.00 -1000.00 -1000.00 1.9709 0.6705 1.7250 -152.8009 2.1465 -11.9257 -2.1033 0.0058 -0.0100 52 diamondback_century
Cyclist 0.00 0.32 6 5 11 45 1 0 0 0 997.88 361.80 1011.21 376.93 1.9311 0.5921 1.9272 -5.7642 2.1658 -76.1325 0.7702 -0.0054 -0.0005 53 gazelle_omafiets
Car 1.00 1.00 0 0 0 0 0 0 0 0 -1000.00 -1000.00 -1000.00 -1000.00 1.7173 2.2591 5.2781 142.8283 2.1859 -74.0536 1.6000 -0.0075 -0.0009 54 mercedes_benz_coupe
Car 0.00 1.00 0 0 0 0 0 0 0 0 744.97 362.06 760.98 366.35 1.5542 2.3421 5.1370 77.3492 2.3363 -211.6129 0.9087 -0.0003 -0.0017 55 lincoln2020_mkz2020
Car 0.00 1.00 0 0 0 0 0 0 0 0 873.44 361.90 891.14 367.96 1.7506 2.3538 4.8416 22.6713 2.3080 -166.3198 -3.1395 -0.0011 -0.0001 56 bmw_grandtourer
Car 0.00 1.00 0 0 0 0 0 0 0 0 316.25 365.89 371.74 378.52 1.4546 2.0938 4.3903 76.0878 2.2115 -73.0441 1.6213 0.0021 -0.0001 57 audi_tt
Car 0.00 1.00 0 0 0 0 0 0 0 0 1788.94 363.85 1851.58 376.62 1.7173 2.2591 5.2781 -117.5741 2.2461 -80.2623 -3.1020 -0.0086 -0.0002 58 mercedes_benz_coupe
Car 0.00 1.00 0 0 0 0 0 0 0 0 545.63 364.69 594.65 376.18 1.5542 2.3421 5.1370 54.1957 2.2160 -81.6072 0.0317 -0.0011 -0.0001 59 lincoln2020_mkz2020
Car 1.00 1.00 0 11 15 53 0 0 0 1 -1000.00 -1000.00 -1000.00 -1000.00 2.1397 2.1728 4.7045 129.2709 2.0447 32.8877 -1.5583 -0.0010 -0.0001 60 volkswagen_t2
Car 1.00 1.00 0 0 0 0 0 0 0 0 -1000.00 -1000.00 -1000.00 -1000.00 1.7506 2.3538 4.8416 212.6969 2.1656 -49.4250 -1.5620 -0.0011 -0.0001 61 bmw_grandtourer
Car 0.00 1.00 0 0 0 0 0 0 0 0 685.74 361.81 702.47 366.20 1.6320 2.1403 5.2230 99.4843 2.3124 -211.8830 -3.1265 -0.0054 -0.0001 62 dodge_charger_police
Car 0.00 0.80 0 1 3 11 6 0 0 0 936.81 362.70 947.61 372.23 1.6980 1.9434 4.1871 3.2740 2.2019 -106.3309 1.6055 -0.0009 -0.0001 63 citroen_c3
Car 0.00 1.00 0 0 0 0 0 0 0 0 502.96 364.21 540.02 373.15 1.4812 2.1349 5.6254 77.0341 2.2437 -101.9675 1.5878 0.0004 -0.0001 64 chevrolet_impala
Car 0.00 0.33 35 41 69 287 22 0 0 0 1032.39 364.93 1065.04 381.63 1.6115 2.2019 5.2564 -9.1560 2.1469 -62.1533 -1.4968 -0.0012 0.0005 65 charger2020_charger2020
Car 1.00 1.00 0 0 0 0 0 0 0 0 -1000.00 -1000.00 -1000.00 -1000.00 1.3660 1.9896 4.9534 117.0148 2.1129 8.8560 -0.0785 -0.0011 -0.0001 66 mustang_mustang
Motorcycle 1.00 1.00 0 0 0 7 0 0 0 0 -1000.00 -1000.00 -1000.00 -1000.00 1.5852 1.1236 2.1350 76.7302 2.0950 -3.1969 1.6105 -0.0015 -0.0001 67 kawasaki_ninja
Car 1.00 1.00 0 0 0 0 0 0 0 0 -1000.00 -1000.00 -1000.00 -1000.00 1.5488 2.0688 3.9961 -187.2421 2.2259 -86.6951 -0.0054 -0.0005 -0.0001 68 mini_cooperst
Car 1.00 1.00 0 0 0 0 0 0 0 0 -1000.00 -1000.00 -1000.00 -1000.00 1.5542 2.3421 5.1370 -155.8194 2.2322 -80.8772 -1.5051 -0.0012 -0.0004 69 lincoln2020_mkz2020
Car 0.00 1.00 0 0 0 0 0 0 0 0 1346.36 361.97 1389.92 377.86 1.9718 2.0005 4.0595 -51.4834 2.2226 -74.4437 -3.1082 -0.0015 -0.0002 70 jeep_wrangler_rubicon
Car 0.00 1.00 0 0 0 0 0 0 0 0 1148.08 361.85 1166.54 367.59 1.7506 2.3538 4.8416 -60.8569 2.3249 -175.4839 0.0240 -0.0010 -0.0001 71 bmw_grandtourer
Car 0.00 1.00 0 0 0 0 0 0 0 0 385.02 360.38 413.77 367.93 2.2031 2.5091 6.5872 165.4025 2.3170 -168.0271 -0.1357 -0.0015 0.0004 72 tesla_cybertruck
Car 1.00 1.00 1 1 2 0 0 0 0 0 -1000.00 -1000.00 -1000.00 -1000.00 1.6244 1.8781 3.8906 -80.0882 2.1028 33.5498 1.6007 -0.0036 -0.0012 73 audi_a2
Car 0.00 1.00 0 0 0 0 0 0 0 0 669.98 362.13 687.99 368.79 1.7203 2.2019 5.4994 74.6719 2.2948 -151.8459 -1.5258 -0.0012 0.0006 74 chargercop2020_chargercop2020
Car 1.00 1.00 4 1 2 11 0 1 0 0 -1000.00 -1000.00 -1000.00 -1000.00 1.6320 2.1403 5.2230 -82.9471 2.1405 12.7237 1.6013 -0.0054 -0.0001 75 dodge_charger_police
Car 1.00 1.00 45 58 80 327 0 0 0 14 -1000.00 -1000.00 -1000.00 -1000.00 1.5140 2.1024 4.9073 50.0308 2.1209 6.9237 0.0255 -0.0010 -0.0001 76 mercedesccc_mercedesccc
Car 0.00 1.00 0 0 0 0 0 0 0 0 763.62 361.78 775.13 366.17 1.6244 1.8781 3.8906 72.7830 2.3239 -216.1187 0.4973 0.0019 -0.0056 77 audi_a2
Car 0.00 1.00 0 0 0 0 0 0 0 0 1332.98 364.43 1371.84 376.92 1.6244 1.8781 3.8906 -52.1032 2.2203 -78.1144 -3.0852 -0.0015 -0.0012 78 audi_a2
Car 0.00 0.48 0 6 10 37 17 0 0 0 947.58 361.87 964.81 367.73 1.7203 2.2019 5.4994 1.1318 2.3018 -172.7644 -2.2635 -0.0021 0.0039 79 chargercop2020_chargercop2020
Car 1.00 1.00 0 0 0 0 0 0 0 0 -1000.00 -1000.00 -1000.00 -1000.00 2.1397 2.1728 4.7045 -181.0067 2.2363 -83.2024 -3.1304 -0.0043 -0.0009 80 volkswagen_t2
Car 0.00 1.00 0 0 0 0 0 0 0 0 754.22 362.70 765.99 366.60 1.3660 1.9896 4.9534 71.9243 2.3466 -203.9765 -1.6863 -0.0012 0.0002 81 mustang_mustang
Car 0.00 0.40 26 27 48 168 30 0 0 0 919.94 362.78 947.44 375.50 1.7203 2.2019 5.4994 3.8671 2.1896 -87.1744 1.2364 0.0072 -0.0068 82 chargercop2020_chargercop2020
Car 1.00 1.00 0 0 0 0 0 0 0 0 -1000.00 -1000.00 -1000.00 -1000.00 1.6244 1.8781 3.8906 176.2500 -7.8210 -57.4676 -1.5707 -0.0025 0.0005 83 audi_a2
Car 1.00 1.00 0 0 0 0 0 0 0 0 -1000.00 -1000.00 -1000.00 -1000.00 1.6244 1.8781 3.8906 77.6697 2.1601 -30.9882 1.5945 -0.0050 -0.0012 84 audi_a2
Car 0.00 1.00 0 0 0 0 0 0 0 0 384.10 363.30 409.26 368.27 1.3660 1.9896 4.9534 157.0470 2.2910 -159.0227 -3.1296 -0.0011 -0.0001 85 mustang_mustang
Car 0.00 1.00 0 0 0 0 0 0 0 0 443.84 334.36 459.85 339.42 1.6244 1.8781 3.8906 186.5115 -7.6609 -207.9219 1.2568 -0.0023 0.0122 86 audi_a2
Car 0.00 1.00 0 0 0 0 0 0 0 0 1394.52 361.20 1412.87 367.86 1.9718 2.0005 4.0595 -132.9692 2.3342 -170.6212 -0.5413 -0.0040 0.0005 87 jeep_wrangler_rubicon
Car 0.00 1.00 0 0 0 0 0 0 0 0 325.29 328.16 346.76 335.31 1.9718 2.0005 4.0595 191.7535 -7.6896 -174.8390 1.5604 -0.0019 0.0029 88 jeep_wrangler_rubicon
Car 1.00 1.00 0 0 0 0 0 0 0 0 -1000.00 -1000.00 -1000.00 -1000.00 1.3660 1.9896 4.9534 -88.5083 2.0249 106.3571 0.0016 -0.0011 -0.0001 89 mustang_mustang
Motorcycle 1.00 1.00 37 45 77 664 0 0 12 0 -1000.00 -1000.00 -1000.00 -1000.00 1.6649 1.0692 2.4735 -11.4458 2.0328 31.9191 -1.6136 0.0037 -0.0034 90 harley_davidson_low_rider
Car 0.00 1.00 0 0 0 0 0 0 0 0 1589.14 362.08 1608.25 366.38 1.5475 1.9070 4.4025 -245.0556 2.3890 -217.1790 -1.1955 -0.0014 0.0167 91 seat_leon
Motorcycle 1.00 1.00 0 0 0 0 0 0 0 0 -1000.00 -1000.00 -1000.00 -1000.00 1.6387 1.2138 2.3199 137.4388 2.0886 -11.0904 1.5866 -0.0024 -0.0001 92 yamaha_yzf
Cyclist 1.00 1.00 0 0 0 0 0 0 0 0 -1000.00 -1000.00 -1000.00 -1000.00 1.9311 0.5921 1.9272 -98.5120 2.0176 63.1843 -3.0369 -0.0109 0.0001 93 gazelle_omafiets
Car 1.00 1.00 0 0 0 0 0 0 0 0 -1000.00 -1000.00 -1000.00 -1000.00 1.5140 2.1024 4.9073 -150.9088 2.2331 -81.5029 -3.0913 -0.0011 -0.0001 94 mercedesccc_mercedesccc
Car 0.00 0.81 0 1 4 4 1 0 0 0 934.84 362.51 944.28 367.06 1.4546 2.0938 4.3903 6.7082 2.2852 -185.9735 1.8505 -0.0011 -0.0001 95 audi_tt
Car 0.00 1.00 0 0 0 0 0 0 0 0 1502.23 360.73 1554.83 377.13 2.1397 2.1728 4.7045 -76.5720 2.2388 -79.2352 1.6110 -0.0011 -0.0001 96 volkswagen_t2
Car 1.00 1.00 0 0 0 0 0 0 0 0 -1000.00 -1000.00 -1000.00 -1000.00 1.5140 2.1024 4.9073 -87.0552 2.1041 33.2218 -1.5414 -0.0010 -0.0001 97 mercedesccc_mercedesccc
Car 1.00 1.00 0 0 0 0 0 0 0 0 -1000.00 -1000.00 -1000.00 -1000.00 1.4812 2.1349 5.6254 215.8363 2.1720 -45.4991 -1.5642 -0.0013 -0.0001 98 chevrolet_impala
Car 1.00 1.00 0 0 0 0 0 0 0 0 -1000.00 -1000.00 -1000.00 -1000.00 1.5765 1.9374 3.8150 132.6986 2.0116 39.0583 -1.5176 -0.0010 -0.0001 99 nissan_micra
Motorcycle 1.00 1.00 0 0 0 0 0 0 0 0 -1000.00 -1000.00 -1000.00 -1000.00 1.5853 1.1236 2.1350 74.2320 2.1292 -34.8851 1.6073 -0.0005 0.0006 100 kawasaki_ninja
Car 0.00 1.00 0 0 0 0 0 0 0 0 1131.09 360.99 1138.85 365.36 1.9476 2.0282 4.8347 -78.7522 2.4037 -253.9922 1.5560 -0.0041 0.0022 101 nissan_patrol
Car 1.00 1.00 41 55 82 315 0 18 0 0 -1000.00 -1000.00 -1000.00 -1000.00 2.1397 2.1728 4.7045 -79.3180 2.1397 9.4796 1.6000 0.0069 0.0001 102 volkswagen_t2
Car 1.00 1.00 0 0 0 0 0 0 0 0 -1000.00 -1000.00 -1000.00 -1000.00 1.3660 1.9896 4.9534 -90.5250 2.1038 33.3752 -1.5631 -0.0008 -0.0001 103 mustang_mustang
Car 1.00 1.00 0 0 0 0 0 0 0 0 -1000.00 -1000.00 -1000.00 -1000.00 1.5627 2.2716 5.0314 71.2460 2.0730 55.0398 1.6394 -0.0011 -0.0001 104 tesla_model3
Car 0.00 1.00 0 0 0 0 0 0 0 0 142.04 365.15 211.33 378.08 1.5542 2.3421 5.1370 97.0751 2.2034 -73.2229 -3.1113 -0.0011 -0.0001 105 lincoln2020_mkz2020
Car 0.00 1.00 0 0 0 0 0 0 0 0 685.05 362.72 702.16 368.75 1.5627 2.2716 5.0314 71.0705 2.2972 -152.4307 -1.5400 -0.0011 -0.0001 106 tesla_model3
Car 0.00 1.00 0 0 0 0 0 0 0 0 1743.65 365.63 1814.69 381.17 1.5765 1.9374 3.8150 -87.6639 2.1969 -63.8742 -1.5282 -0.0011 -0.0001 107 nissan_micra
Cyclist 0.00 1.00 0 0 0 0 0 0 0 0 1417.49 362.03 1435.52 376.60 1.9311 0.5921 1.9272 -62.1126 2.2019 -78.2766 -3.1106 -0.0052 -0.0001 108 gazelle_omafiets
Cyclist 0.00 1.00 0 0 0 0 0 0 0 0 543.95 337.22 549.92 341.95 1.9311 0.5921 1.9272 174.4180 -7.6494 -238.5263 0.9271 -0.0045 -0.0067 109 gazelle_omafiets
Car 0.00 0.29 50 36 71 275 23 0 0 0 1006.37 367.01 1034.86 383.54 1.4546 2.0938 4.3903 -5.7097 2.1471 -57.1988 -1.5379 -0.0011 -0.0001 110 audi_tt
Car 0.00 1.00 0 0 0 0 0 0 0 0 1368.68 361.97 1416.55 376.88 1.9476 2.0282 4.8347 -57.4516 2.2113 -78.1365 -3.1099 -0.0014 -0.0001 111 nissan_patrol
Car 0.00 0.57 0 3 5 11 4 0 0 0 957.04 364.42 970.83 373.80 1.4546 2.0938 4.3903 -0.6115 2.1869 -94.4484 1.5967 -0.0011 -0.0001 112 audi_tt
Car 0.00 1.00 0 0 0 0 0 0 0 0 647.23 361.39 662.82 365.94 1.7506 2.3538 4.8416 118.9892 2.3031 -220.7626 0.1984 -0.0011 0.0032 113 bmw_grandtourer
Car 0.00 0.62 0 4 5 14 3 0 0 0 978.69 361.05 987.95 368.92 1.9718 2.0005 4.0595 -5.9178 2.2402 -145.5198 -1.5239 -0.0015 -0.0002 114 jeep_wrangler_rubicon
Motorcycle 1.00 1.00 0 0 0 0 0 0 0 0 -1000.00 -1000.00 -1000.00 -1000.00 1.6387 1.2138 2.3199 139.2920 2.1821 -72.9358 1.6006 -0.0005 -0.0006 115 yamaha_yzf
Car 0.00 1.00 0 0 0 0 0 0 0 0 765.57 361.96 785.97 367.69 1.7203 2.2019 5.4994 55.8844 2.3189 -172.6783 0.0723 -0.0012 0.0006 116 chargercop2020_chargercop2020
Car 0.14 1.00 0 0 0 0 0 0 0 0 0.00 364.31 55.46 379.13 1.6980 1.9434 4.1871 109.6572 2.2088 -69.4004 -3.1317 -0.0017 -0.0001 117 citroen_c3
Car 0.00 1.00 0 0 0 0 0 0 0 0 1139.12 361.82 1151.45 365.07 1.5542 2.3421 5.1370 -89.2982 2.4335 -271.6364 -3.0850 -0.0011 -0.0001 118 lincoln2020_mkz2020
Car 1.00 1.00 0 0 0 0 0 0 0 0 -1000.00 -1000.00 -1000.00 -1000.00 2.5908 2.7453 5.4640 67.5454 2.1976 -38.3249 -1.5321 -0.0062 -0.0001 119 carlamotors_carlacola
Car 0.00 1.00 0 0 0 0 0 0 0 0 403.39 364.27 442.39 375.86 1.5765 1.9374 3.8150 76.5176 2.2032 -83.5126 1.6074 0.0016 0.0000 120 nissan_micra
Car 0.00 1.00 0 0 0 0 0 0 0 0 391.31 330.82 403.82 335.88 1.4477 1.5550 2.3177 177.5275 -7.6826 -179.4274 -1.5998 -0.0132 -0.0028 121 bmw_isetta
Car 1.00 1.00 0 0 0 0 0 0 0 0 -1000.00 -1000.00 -1000.00 -1000.00 1.7173 2.2591 5.2781 140.8004 2.0858 -3.4382 1.6091 -0.0082 -0.0003 122 mercedes_benz_coupe
Car 1.00 1.00 39 42 76 294 0 9 0 0 -1000.00 -1000.00 -1000.00 -1000.00 1.7173 2.2591 5.2781 -63.4801 2.1393 14.3197 -3.1114 -0.0082 -0.0003 123 mercedes_benz_coupe
Car 0.00 1.00 0 0 0 0 0 0 0 0 294.90 362.40 316.99 367.95 1.5765 1.9374 3.8150 189.1833 2.2808 -164.8185 0.1353 0.0034 0.0031 124 nissan_micra
Car 1.00 1.00 0 0 0 0 0 0 0 0 -1000.00 -1000.00 -1000.00 -1000.00 1.6115 2.2019 5.2564 71.2387 2.0747 49.6735 1.6817 -0.0012 0.0005 125 charger2020_charger2020
Car 1.00 1.00 1 2 7 18 0 0 0 0 -1000.00 -1000.00 -1000.00 -1000.00 1.9476 2.0282 4.8347 119.7610 2.0984 12.4172 0.0427 -0.0014 -0.0001 126 nissan_patrol
Car 1.00 1.00 0 0 0 0 0 0 0 0 -1000.00 -1000.00 -1000.00 -1000.00 1.5140 2.1024 4.9073 -227.0572 2.0787 67.5555 0.9212 -0.0014 -0.0115 127 mercedesccc_mercedesccc
Car 0.00 1.00 0 0 0 0 0 0 0 0 1144.34 361.58 1153.65 365.55 1.7173 2.2591 5.2781 -82.5914 2.4231 -246.7547 -1.5696 -0.0081 -0.0003 128 mercedes_benz_coupe
Car 0.00 0.86 0 1 1 6 1 0 0 0 964.21 362.90 973.62 368.80 1.4812 2.1349 5.6254 -2.2956 2.2462 -148.6138 -1.5307 -0.0011 -0.0001 129 chevrolet_impala
Car 1.00 1.00 0 0 0 0 0 0 0 0 -1000.00 -1000.00 -1000.00 -1000.00 2.1397 2.1728 4.7045 -250.4207 2.1948 -23.0075 1.5805 -0.0062 -0.0005 130 volkswagen_t2
Car 0.00 1.00 0 0 0 0 0 0 0 0 105.69 364.08 156.20 376.54 1.6244 1.8781 3.8906 112.5095 2.2007 -79.7398 0.0326 0.0130 -0.0012 131 audi_a2
Car 1.00 1.00 46 43 74 264 0 15 0 0 -1000.00 -1000.00 -1000.00 -1000.00 1.9476 2.0282 4.8347 -66.8495 2.1163 10.4450 -3.1218 -0.0014 -0.0001 132 nissan_patrol
Car 0.00 0.24 23 24 36 131 10 0 0 0 1023.89 361.74 1061.83 376.22 1.9476 2.0282 4.8347 -11.2815 2.1885 -80.1487 0.0330 -0.0056 -0.0002 133 nissan_patrol
Car 1.00 1.00 0 0 0 0 0 0 0 0 -1000.00 -1000.00 -1000.00 -1000.00 1.9476 2.0282 4.8347 188.4747 -7.7793 -106.1687 1.6114 -0.0017 -0.0001 134 nissan_patrol
Car 1.00 1.00 2375 2638 4228 242128 0 262 660 0 -1000.00 -1000.00 -1000.00 -1000.00 1.7506 2.3538 4.8416 -6.0000 2.0814 5.6632 2.0453 0.0033 0.0020 135 bmw_grandtourer
Car 0.00 1.00 0 0 0 0 0 0 0 0 889.03 361.22 906.58 368.08 1.9476 2.0282 4.8347 17.7662 2.2966 -162.9615 -3.1139 -0.0013 -0.0001 136 nissan_patrol
Car 1.00 1.00 13 11 28 94 0 0 0 6 -1000.00 -1000.00 -1000.00 -1000.00 1.7203 2.2019 5.4994 73.4273 2.1407 -9.1887 1.6454 -0.0012 0.0006 137 chargercop2020_chargercop2020
Car 0.00 0.36 0 0 1 165 0 0 0 0 792.58 357.18 840.28 377.76 2.5908 2.7453 5.4640 18.3896 2.2379 -75.7164 -3.1098 -0.0011 -0.0001 138 carlamotors_carlacola
Car 1.00 1.00 0 0 0 0 0 0 0 0 -1000.00 -1000.00 -1000.00 -1000.00 1.5863 2.2347 5.1468 216.0267 2.1730 -52.2180 -1.5375 -0.0011 -0.0001 139 lincoln_mkz2017
Car 1.00 1.00 0 1 0 4 0 0 0 0 -1000.00 -1000.00 -1000.00 -1000.00 1.9718 2.0005 4.0595 153.2758 2.1067 16.8571 -3.0874 -0.0015 -0.0002 140 jeep_wrangler_rubicon
Car 0.00 1.00 0 0 0 0 0 0 0 0 492.43 362.07 511.66 367.41 1.6011 2.1072 4.7392 142.5916 2.2643 -177.1108 1.5839 0.0031 -0.0015 141 toyota_prius
Car 1.00 1.00 0 0 0 0 0 0 0 0 -1000.00 -1000.00 -1000.00 -1000.00 1.7318 2.1344 5.0985 205.9940 2.2149 -76.9724 0.0564 -0.0011 -0.0001 142 audi_etron
Car 0.00 1.00 0 0 0 0 0 0 0 0 1277.53 360.43 1302.90 369.41 2.2031 2.5091 6.5872 -82.8370 2.3116 -143.6475 -1.5835 -0.0011 -0.0001 143 tesla_cybertruck
Car 0.00 1.00 0 0 0 0 0 0 0 0 736.24 362.15 745.99 366.78 1.5765 1.9374 3.8150 75.7497 2.3263 -196.3313 -1.5482 -0.0010 -0.0001 144 nissan_micra
Car 0.00 0.70 7 6 9 26 7 0 0 0 935.95 364.30 948.78 373.39 1.4546 2.0938 4.3903 2.9560 2.1897 -97.2344 1.6050 -0.0011 -0.0001 145 audi_tt
Car 0.00 1.00 0 0 0 0 0 0 0 0 1201.13 362.14 1217.19 365.79 1.4812 2.1349 5.6254 -102.1303 2.3613 -231.7014 0.0139 -0.0011 -0.0001 146 chevrolet_impala
Car 1.00 1.00 0 0 0 0 0 0 0 0 -1000.00 -1000.00 -1000.00 -1000.00 2.2031 2.5091 6.5872 152.6685 -7.4335 80.0516 -0.8692 -0.0101 -0.0009 147 tesla_cybertruck
Car 0.00 1.00 0 0 0 0 0 0 0 0 1387.54 361.97 1432.12 377.82 1.9718 2.0005 4.0595 -56.8888 2.2233 -74.6211 -3.1099 -0.0015 -0.0002 148 jeep_wrangler_rubicon
Car 0.00 1.00 0 0 0 0 0 0 0 0 1270.43 363.43 1288.32 368.65 1.3660 1.9896 4.9534 -86.4261 2.3067 -154.5362 -1.5706 -0.0011 -0.0001 149 mustang_mustang
Car 0.00 0.78 0 2 3 6 0 0 0 0 941.36 362.70 952.25 366.89 1.3660 1.9896 4.9534 4.4472 2.2824 -190.4573 1.9662 -0.0011 -0.0001 150 mustang_mustang
Car 1.00 1.00 54 49 71 321 0 43 0 0 -1000.00 -1000.00 -1000.00 -1000.00 2.5908 2.7453 5.4640 -82.6757 2.1688 2.8366 1.6110 -0.0099 -0.0001 151 carlamotors_carlacola
Car 1.00 1.00 0 0 0 0 0 0 0 0 -1000.00 -1000.00 -1000.00 -1000.00 1.5863 2.2347 5.1468 130.5175 2.0857 -15.5049 -1.5317 -0.0022 -0.0001 152 lincoln_mkz2017
Car 0.00 1.00 0 0 0 0 0 0 0 0 1113.73 361.36 1124.56 364.78 1.7506 2.3538 4.8416 -81.7124 2.4511 -289.0910 0.0461 -0.0045 -0.0001 153 bmw_grandtourer
Cyclist 0.00 1.00 0 0 0 0 0 0 0 0 674.80 361.09 680.04 367.96 1.9709 0.6705 1.7250 82.0039 2.2925 -165.3359 1.5932 0.0042 -0.0001 154 diamondback_century
Cyclist 1.00 1.00 0 0 0 0 0 0 0 0 -1000.00 -1000.00 -1000.00 -1000.00 1.9311 0.5921 1.9272 -159.4949 2.2173 -85.7814 0.0360 -0.0051 0.0000 155 gazelle_omafiets
Motorcycle 1.00 1.00 0 0 0 0 0 0 0 0 -1000.00 -1000.00 -1000.00 -1000.00 1.6960 1.0692 2.4735 220.3287 2.2002 -89.5312 1.6074 0.0020 -0.0001 156 harley_davidson_low_rider
Car 1.00 1.00 0 0 0 0 0 0 0 0 -1000.00 -1000.00 -1000.00 -1000.00 2.1397 2.1728 4.7045 -254.8440 2.2843 -106.2707 -1.5277 -0.0042 0.0002 157 volkswagen_t2
Car 1.00 1.00 0 0 0 17 0 0 0 0 -1000.00 -1000.00 -1000.00 -1000.00 1.5488 2.0688 3.9961 -105.2234 2.0266 106.9317 -0.2443 -0.0011 -0.0001 158 mini_cooperst
Cyclist 0.00 1.00 0 0 0 0 0 0 0 0 742.85 361.20 750.17 367.73 1.9311 0.5921 1.9272 63.2731 2.2887 -168.7437 0.0329 -0.0109 0.0000 159 gazelle_omafiets
Car 0.00 0.89 0 0 0 4 0 0 0 0 976.74 362.85 986.31 368.62 1.4812 2.1349 5.6254 -5.6990 2.2500 -151.8443 -1.5359 -0.0011 -0.0001 160 chevrolet_impala
Car 1.00 1.00 0 0 0 0 0 0 0 0 -1000.00 -1000.00 -1000.00 -1000.00 1.7173 2.2591 5.2781 192.7466 -7.8268 15.3934 1.5806 -0.0053 -0.0003 161 mercedes_benz_coupe
Car 1.00 1.00 0 0 0 0 0 0 0 0 -1000.00 -1000.00 -1000.00 -1000.00 1.9718 2.0005 4.0595 -148.4758 2.2428 -85.7840 1.6074 -0.0015 -0.0001 162 jeep_wrangler_rubicon
Car 1.00 1.00 89 98 156 1275 0 0 13 0 -1000.00 -1000.00 -1000.00 -1000.00 1.7506 2.3538 4.8416 -7.8606 2.0403 32.4455 -1.6655 -0.0010 -0.0001 163 bmw_grandtourer
Car 1.00 1.00 0 0 0 0 0 0 0 0 -1000.00 -1000.00 -1000.00 -1000.00 1.6115 2.2019 5.2564 137.2257 2.0710 -3.3957 1.6192 -0.0012 0.0005 164 charger2020_charger2020
Car 1.00 1.00 6 6 13 128 0 0 0 1 -1000.00 -1000.00 -1000.00 -1000.00 1.6244 1.8781 3.8906 73.2347 2.1273 -3.0288 1.6068 0.0009 -0.0012 165 audi_a2
Car 0.00 1.00 0 0 0 0 0 0 0 0 1077.67 361.80 1087.64 365.01 1.5475 1.9070 4.4025 -59.6877 2.4277 -274.2438 -3.1097 -0.0002 -0.0001 166 seat_leon
Car 1.00 1.00 0 0 0 1 0 0 0 0 -1000.00 -1000.00 -1000.00 -1000.00 1.5765 1.9374 3.8150 -105.4423 2.0072 113.1288 -0.0218 -0.0011 -0.0001 167 nissan_micra
Car 1.00 1.00 0 0 0 0 0 0 0 0 -1000.00 -1000.00 -1000.00 -1000.00 1.5863 2.2347 5.1468 -91.2500 2.0824 55.7842 -1.5315 -0.0014 -0.0001 168 lincoln_mkz2017
Car 0.00 0.35 3 1 5 28 17 0 0 0 955.63 362.45 970.17 372.92 1.7506 2.3538 4.8416 -0.4712 2.1833 -100.4564 1.5997 -0.0011 -0.0001 169 bmw_grandtourer
Car 0.00 1.00 0 0 0 0 0 0 0 0 121.01 367.26 226.30 383.80 1.4812 2.1349 5.6254 75.6954 2.1984 -58.0163 1.5552 -0.0034 0.0042 170 chevrolet_impala
Car 0.00 1.00 0 0 0 0 0 0 0 0 428.73 362.75 455.60 368.08 1.4812 2.1349 5.6254 147.8052 2.2815 -162.7116 -3.1263 -0.0012 0.0037 171 chevrolet_impala
Car 1.00 1.00 0 0 0 0 0 0 0 0 -1000.00 -1000.00 -1000.00 -1000.00 1.6011 2.1072 4.7392 182.5547 2.0998 17.7928 3.1005 -0.0012 0.0014 172 toyota_prius
Car 0.00 0.93 0 0 0 4 1 0 0 0 950.49 361.96 961.88 366.83 1.6115 2.2019 5.2564 1.3186 2.2869 -192.7350 -1.2145 -0.0028 0.0024 173 charger2020_charger2020
Car 0.00 1.00 0 0 0 0 0 0 0 0 1297.31 363.07 1317.20 369.75 1.5475 1.9070 4.4025 -82.7480 2.2883 -136.6165 -1.5466 -0.0011 -0.0001 174 seat_leon
Car 0.00 1.00 0 0 0 0 0 0 0 0 1200.15 359.25 1216.22 367.52 2.5908 2.7453 5.4640 -79.3020 2.3567 -181.6721 1.5570 0.0040 -0.0000 175 carlamotors_carlacola
Car 0.00 1.00 0 0 0 0 0 0 0 0 529.78 362.83 554.72 367.94 1.4812 2.1349 5.6254 122.3893 2.3134 -166.8925 0.0345 -0.0052 -0.0005 176 chevrolet_impala
Car 1.00 1.00 0 0 0 0 0 0 0 0 -1000.00 -1000.00 -1000.00 -1000.00 1.9718 2.0005 4.0595 61.8497 -6.3324 125.1401 -3.1050 0.0088 0.0006 177 jeep_wrangler_rubicon
Car 0.00 1.00 0 0 0 0 0 0 0 0 1157.79 361.70 1166.26 365.91 1.6980 1.9434 4.1871 -82.6634 2.3997 -231.3094 -1.5726 -0.0011 -0.0001 178 citroen_c3
Car 0.00 1.00 0 0 0 0 0 0 0 0 746.24 364.77 778.12 376.41 1.5488 2.0688 3.9961 27.2207 2.2183 -80.8715 0.2689 -0.0013 -0.0001 179 mini_cooperst
Motorcycle 0.00 1.00 0 0 0 0 0 0 0 0 467.27 363.09 486.43 373.51 1.6960 1.0692 2.4735 80.4790 2.2198 -96.8294 1.5928 0.0011 -0.0000 180 harley_davidson_low_rider
Car 1.00 1.00 0 0 0 0 0 0 0 0 -1000.00 -1000.00 -1000.00 -1000.00 1.4477 1.5550 2.3177 217.0762 2.2293 -99.9686 -1.5541 -0.0071 0.0001 181 bmw_isetta
Cyclist 0.00 1.00 0 0 0 0 0 0 0 0 374.75 363.28 392.18 375.73 1.7065 0.8593 1.4873 79.8516 2.1705 -81.2420 1.6102 -0.0190 -0.0004 182 bh_crossbike
Car 1.00 1.00 0 0 0 0 0 0 0 0 -1000.00 -1000.00 -1000.00 -1000.00 1.6011 2.1072 4.7392 154.2768 -7.3185 103.3506 2.4156 0.0089 0.0009 183 toyota_prius
Car 0.00 1.00 0 0 0 0 0 0 0 0 1233.31 362.55 1249.82 367.80 1.5488 2.0688 3.9961 -85.0199 2.3262 -171.8611 2.3485 -0.0011 -0.0001 184 mini_cooperst
Car 0.00 1.00 0 0 0 0 0 0 0 0 1166.56 361.70 1175.26 365.92 1.6980 1.9434 4.1871 -86.1725 2.3995 -230.9772 -1.5650 -0.0007 -0.0001 185 citroen_c3
Car 1.00 1.00 0 0 0 0 0 0 0 0 -1000.00 -1000.00 -1000.00 -1000.00 1.5765 1.9374 3.8150 223.1911 2.1693 -62.4008 1.6033 -0.0019 -0.0003 186 nissan_micra
Car 0.00 1.00 0 0 0 0 0 0 0 0 398.33 363.06 445.12 375.30 1.7506 2.3538 4.8416 80.2117 2.2176 -87.1796 1.5995 -0.0011 -0.0000 187 bmw_grandtourer
Car 0.00 1.00 0 0 0 0 0 0 0 0 743.64 362.52 759.40 367.69 1.5488 2.0688 3.9961 63.1003 2.3141 -172.2790 0.0058 -0.0011 -0.0001 188 mini_cooperst
Car 0.00 1.00 0 0 0 0 0 0 0 0 1266.40 362.83 1282.78 368.85 1.5488 2.0688 3.9961 -82.8554 2.3029 -150.5085 -1.5785 -0.0011 -0.0001 189 mini_cooperst
Car 0.00 1.00 0 0 0 0 0 0 0 0 360.71 362.47 385.85 368.28 1.6011 2.1072 4.7392 163.4005 2.2924 -158.8616 -3.1316 -0.0011 -0.0001 190 toyota_prius
Car 1.00 1.00 10 18 26 90 0 0 0 4 -1000.00 -1000.00 -1000.00 -1000.00 1.3660 1.9896 4.9534 76.1123 2.1117 13.2105 1.6094 -0.0011 -0.0001 191 mustang_mustang
Car 0.00 1.00 0 0 0 0 0 0 0 0 1226.40 360.96 1237.65 364.75 1.9476 2.0282 4.8347 -140.7662 2.4479 -291.3165 0.0292 0.0009 0.0007 192 nissan_patrol
Pedestrian 0.00 1.00 0 0 0 0 0 0 0 0 1237.70 360.70 1239.58 364.32 1.9158 0.4880 0.7507 -147.4887 2.2841 -297.8595 0.0036 -0.0011 -0.0001 193 pedestrian_0019
Pedestrian 0.00 1.00 0 0 0 0 0 0 0 0 1280.50 363.50 1282.71 367.56 1.1330 0.4333 0.4163 -90.2681 2.1175 -160.0510 1.3390 -0.0011 -0.0001 194 pedestrian_0010
Pedestrian 0.00 1.00 0 0 0 0 0 0 0 0 983.11 361.05 984.79 367.13 1.9158 0.4880 0.4265 -7.5609 2.2476 -179.4830 -2.9470 -0.0011 -0.0001 195 pedestrian_0005
Pedestrian 1.00 1.00 0 0 0 0 0 0 0 0 -1000.00 -1000.00 -1000.00 -1000.00 1.9158 0.4880 0.6056 160.3235 2.0216 -82.1268 0.0478 -0.0011 -0.0001 196 pedestrian_0003
Pedestrian 1.00 1.00 0 0 0 6 0 0 1 0 -1000.00 -1000.00 -1000.00 -1000.00 1.9158 0.4880 0.7408 26.6579 -5.4619 101.0308 -3.0731 -0.0011 -0.0001 197 pedestrian_0021
Pedestrian 1.00 1.00 0 0 0 0 0 0 0 0 -1000.00 -1000.00 -1000.00 -1000.00 1.9158 0.4880 0.7507 -268.4148 2.1150 -130.8877 1.6345 -0.0011 -0.0001 198 pedestrian_0003
Pedestrian 0.00 1.00 0 0 0 0 0 0 0 0 1342.46 360.71 1343.83 364.45 1.9158 0.4880 0.4808 -196.1945 2.2784 -288.2925 -0.3868 -0.0011 -0.0001 199 pedestrian_0004
Pedestrian 1.00 1.00 0 0 0 5 0 0 0 0 -1000.00 -1000.00 -1000.00 -1000.00 1.9158 0.4880 0.7507 -94.9159 2.0958 11.9805 -1.5035 -0.0011 -0.0001 200 pedestrian_0022
Pedestrian 0.00 1.00 0 0 0 0 0 0 0 0 1162.89 362.54 1164.63 366.78 1.3390 0.3253 0.4206 -64.3911 2.1421 -179.6314 0.0492 -0.0011 -0.0001 201 pedestrian_0014
Pedestrian 0.00 1.00 0 0 0 0 0 0 0 0 176.62 361.00 191.65 386.46 1.9158 0.4880 0.4442 58.7596 1.9915 -46.4582 -1.3809 -0.0011 -0.0001 202 pedestrian_0022
Pedestrian 0.00 1.00 0 0 0 0 0 0 0 0 1659.19 362.22 1668.66 378.15 1.9158 0.4880 0.5837 -85.0788 2.1851 -71.4701 -2.9670 -0.0011 -0.0001 203 pedestrian_0023
Pedestrian 0.00 1.00 0 0 0 0 0 0 0 0 688.45 362.38 690.29 366.38 1.3390 0.3253 0.5005 90.8480 2.1382 -190.5407 1.4110 -0.0011 -0.0001 204 pedestrian_0012
Pedestrian 1.00 1.00 4 4 7 16 0 6 0 0 -1000.00 -1000.00 -1000.00 -1000.00 1.9158 0.4880 0.7507 -98.4561 1.9570 -0.3203 0.1082 -0.0011 -0.0001 205 pedestrian_0019
Pedestrian 1.00 1.00 0 0 0 0 0 0 0 0 -1000.00 -1000.00 -1000.00 -1000.00 1.9158 0.4880 0.7116 -128.4514 1.8493 69.4910 -3.0140 -0.0011 -0.0001 206 pedestrian_0005
Pedestrian 1.00 1.00 0 0 0 0 0 0 0 0 -1000.00 -1000.00 -1000.00 -1000.00 1.9158 0.4880 0.7507 210.3092 2.0455 -107.9926 1.5642 -0.0011 -0.0001 207 pedestrian_0026
Pedestrian 0.00 1.00 0 0 0 0 0 0 0 0 697.08 360.69 699.27 366.39 1.9158 0.4880 0.4595 88.0709 2.1472 -190.9161 2.8989 -0.0011 -0.0001 208 pedestrian_0015
Pedestrian 1.00 1.00 0 0 0 0 0 0 0 0 -1000.00 -1000.00 -1000.00 -1000.00 1.3390 0.3253 0.3368 -37.5727 1.2864 135.9257 -3.1104 -0.0011 -0.0001 209 pedestrian_0014
Pedestrian 1.00 1.00 0 0 0 0 0 0 0 0 -1000.00 -1000.00 -1000.00 -1000.00 1.9158 0.4880 0.7507 -173.6228 1.8195 131.2713 -2.9672 -0.0011 -0.0001 210 pedestrian_0016
Pedestrian 0.00 1.00 0 0 0 1 0 0 0 0 994.47 362.70 995.81 367.82 1.3390 0.3253 0.2740 -9.2071 2.0470 -149.6971 -1.7363 -0.0011 -0.0001 211 pedestrian_0012
Pedestrian 1.00 1.00 0 0 0 0 0 0 0 0 -1000.00 -1000.00 -1000.00 -1000.00 1.1330 0.4333 0.6401 72.8149 2.0175 60.7712 2.9877 -0.0011 -0.0001 212 pedestrian_0009
Pedestrian 0.00 1.00 0 0 0 0 0 0 0 0 398.97 363.53 402.84 367.72 1.1330 0.4333 0.6228 151.5146 2.0895 -154.6836 -0.0462 -0.0011 -0.0001 213 pedestrian_0010
Pedestrian 1.00 1.00 0 0 0 0 0 0 0 0 -1000.00 -1000.00 -1000.00 -1000.00 1.9158 0.4880 0.4298 -272.5990 1.9494 20.3404 1.5825 -0.0011 -0.0001 214 pedestrian_0021
Pedestrian 0.00 1.00 0 2 3 3 3 0 0 0 993.93 360.53 995.95 367.93 1.9158 0.4880 0.3904 -9.0636 2.0542 -148.2747 -1.5392 -0.0011 -0.0001 215 pedestrian_0018
Pedestrian 0.00 1.00 0 0 0 0 0 0 0 0 1514.31 360.74 1516.12 365.08 1.9158 0.4880 0.4345 -245.1791 2.2408 -249.2354 0.9873 -0.0011 -0.0001 216 pedestrian_0020
Pedestrian 1.00 1.00 0 0 0 0 0 0 0 0 -1000.00 -1000.00 -1000.00 -1000.00 1.9158 0.4880 0.6207 75.7609 2.0938 0.4722 3.1162 -0.0011 -0.0001 217 pedestrian_0017
Pedestrian 0.00 1.00 0 0 0 0 0 0 0 0 1488.45 360.66 1491.27 365.78 1.9158 0.4880 0.7507 -198.6647 2.1615 -212.2907 2.3548 -0.0011 -0.0001 218 pedestrian_0007
Pedestrian 1.00 1.00 1 0 0 9 0 2 0 0 -1000.00 -1000.00 -1000.00 -1000.00 1.1330 0.4333 0.5173 -84.3366 2.0986 -2.0240 -0.5083 -0.0011 -0.0001 219 pedestrian_0010
Pedestrian 1.00 1.00 602 767 1195 24871 0 0 0 204 -1000.00 -1000.00 -1000.00 -1000.00 1.9158 0.4880 0.5044 3.8531 1.8920 0.4875 -2.9455 -0.0011 -0.0001 220 pedestrian_0023
Pedestrian 0.00 1.00 0 0 0 1 1 0 0 0 931.03 360.55 932.87 365.57 1.9158 0.4880 0.5235 10.7200 2.1258 -216.3311 2.6317 -0.0011 -0.0001 221 pedestrian_0024
Pedestrian 0.00 1.00 0 0 0 0 0 0 0 0 1586.10 363.16 1588.87 366.83 1.1330 0.4333 0.3774 -193.9246 2.1100 -175.7723 -1.5245 -0.0011 -0.0001 222 pedestrian_0011
Pedestrian 1.00 1.00 0 0 0 0 0 0 0 0 -1000.00 -1000.00 -1000.00 -1000.00 1.9158 0.4880 0.7330 -266.8971 1.9150 51.6639 1.2090 -0.0011 -0.0001 223 pedestrian_0016
Pedestrian 0.00 1.00 0 0 0 0 0 0 0 0 451.53 334.90 454.28 339.91 1.9158 0.4880 0.6866 197.3961 -7.8348 -220.2354 1.0046 -0.0011 -0.0001 224 pedestrian_0017
Pedestrian 1.00 1.00 0 0 0 0 0 0 0 0 -1000.00 -1000.00 -1000.00 -1000.00 1.9158 0.4880 0.7507 166.4079 -7.9660 -92.3052 1.6141 -0.0011 -0.0001 225 pedestrian_0001
Pedestrian 0.00 1.00 0 0 0 0 0 0 0 0 1165.30 360.70 1166.97 365.07 1.9158 0.4880 0.7507 -90.5918 2.2240 -248.0619 -1.6257 -0.0011 -0.0001 226 pedestrian_0003
Pedestrian 0.00 1.00 0 0 0 0 0 0 0 0 1007.11 360.72 1009.04 366.83 1.9158 0.4880 0.5574 -15.0974 2.1425 -178.5273 0.0133 -0.0011 -0.0001 227 pedestrian_0007
Pedestrian 0.00 1.00 0 0 0 0 0 0 0 0 833.79 363.17 836.13 366.81 1.1330 0.4333 0.6667 39.1089 2.1258 -177.8379 -3.0375 -0.0011 -0.0001 228 pedestrian_0010
Pedestrian 1.00 1.00 15 15 21 208 0 0 7 0 -1000.00 -1000.00 -1000.00 -1000.00 1.1330 0.4333 0.4324 0.6626 2.0097 22.3345 3.0241 -0.0011 -0.0001 229 pedestrian_0010
Pedestrian 0.00 1.00 0 0 0 0 0 0 0 0 652.60 363.54 655.39 370.14 1.3390 0.3253 0.4509 62.3497 2.0618 -117.4116 -1.5434 -0.0011 -0.0001 230 pedestrian_0013
Pedestrian 1.00 1.00 0 1 2 1 0 0 0 0 -1000.00 -1000.00 -1000.00 -1000.00 1.3390 0.3253 0.4533 136.0225 1.9970 26.2448 3.0984 -0.0011 -0.0001 231 pedestrian_0013
Pedestrian 0.00 0.38 3 5 8 43 0 0 0 0 884.34 360.41 889.80 380.17 1.9158 0.4880 0.4540 7.1077 1.9556 -58.4896 1.7937 -0.0011 -0.0001 232 pedestrian_0020
Pedestrian 1.00 1.00 0 3 1 6 0 0 0 0 -1000.00 -1000.00 -1000.00 -1000.00 1.9158 0.4880 0.4141 144.6927 2.0545 19.7799 -0.8245 -0.0011 -0.0001 233 pedestrian_0021
Pedestrian 1.00 1.00 0 0 0 0 0 0 0 0 -1000.00 -1000.00 -1000.00 -1000.00 1.1330 0.4333 0.4380 -179.5537 2.0212 -75.1580 0.0408 -0.0011 -0.0001 234 pedestrian_0009
Pedestrian 1.00 1.00 0 0 0 0 0 0 0 0 -1000.00 -1000.00 -1000.00 -1000.00 1.9158 0.4880 0.4648 200.6349 2.0005 -62.5371 -3.1099 -0.0011 -0.0001 235 pedestrian_0006
Pedestrian 1.00 1.00 0 0 0 0 0 0 0 0 -1000.00 -1000.00 -1000.00 -1000.00 1.1330 0.4333 0.5537 -196.3714 2.0015 -74.4788 1.7848 -0.0011 -0.0001 236 pedestrian_0009
Pedestrian 0.00 1.00 0 0 0 0 0 0 0 0 1325.69 360.78 1328.62 368.44 1.9158 0.4880 0.4279 -92.0188 2.1110 -143.3914 -1.7841 -0.0011 -0.0001 237 pedestrian_0026
Pedestrian 1.00 1.00 1 1 1 14 0 0 0 0 -1000.00 -1000.00 -1000.00 -1000.00 1.9158 0.4880 0.3754 -70.9643 1.9359 17.0174 -2.8893 -0.0011 -0.0001 238 pedestrian_0021
Pedestrian 0.00 1.00 0 0 0 0 0 0 0 0 554.69 364.73 557.92 374.00 1.3390 0.3253 0.2502 58.5721 2.0267 -84.8978 0.1115 -0.0011 -0.0001 239 pedestrian_0012
Pedestrian 0.00 1.00 0 0 0 0 0 0 0 0 1493.69 360.73 1495.20 364.97 1.9158 0.4880 0.4331 -241.6393 2.2446 -255.0758 2.2510 -0.0011 -0.0001 240 pedestrian_0020
Pedestrian 0.00 1.00 0 0 0 0 0 0 0 0 555.99 339.81 557.76 342.42 1.1330 0.4333 0.5538 178.8074 -7.8108 -250.3218 -2.2901 -0.0011 -0.0001 241 pedestrian_0011
Pedestrian 0.00 1.00 0 0 0 0 0 0 0 0 1402.96 360.65 1405.88 365.72 1.9158 0.4880 0.7507 -167.9910 2.1603 -213.9918 2.7603 -0.0011 -0.0001 242 pedestrian_0002
Pedestrian 0.00 1.00 0 0 0 0 0 0 0 0 452.31 365.91 458.42 377.82 1.3390 0.3253 0.3918 56.9951 2.0076 -67.0804 -3.0970 -0.0011 -0.0001 243 pedestrian_0014
Pedestrian 0.00 1.00 0 0 0 2 0 0 0 0 1047.01 360.57 1050.00 368.71 1.9158 0.4880 0.4990 -20.8792 2.0499 -135.2354 2.3069 -0.0011 -0.0001 244 pedestrian_0006
Pedestrian 0.00 1.00 0 0 0 0 0 0 0 0 439.01 334.50 441.59 339.58 1.9158 0.4880 0.5748 199.0623 -7.8342 -216.7780 -1.9989 -0.0011 -0.0001 245 pedestrian_0020
Pedestrian 1.00 1.00 0 0 0 0 0 0 0 0 -1000.00 -1000.00 -1000.00 -1000.00 1.9158 0.4880 0.7507 201.3202 1.9996 -63.2231 -0.0447 -0.0011 -0.0001 246 pedestrian_0022
Pedestrian 0.00 1.00 0 0 0 0 0 0 0 0 725.12 360.71 727.83 367.68 1.9158 0.4880 0.5617 64.3922 2.1129 -157.3104 0.0786 -0.0011 -0.0001 247 pedestrian_0002
Pedestrian 1.00 1.00 0 0 0 0 0 0 0 0 -1000.00 -1000.00 -1000.00 -1000.00 1.9158 0.4880 0.7103 124.9375 1.8916 -8.5874 1.7130 -0.0011 -0.0001 248 pedestrian_0022
Pedestrian 1.00 1.00 0 0 1 14 0 0 0 0 -1000.00 -1000.00 -1000.00 -1000.00 1.9158 0.4880 0.3754 -96.9394 1.8714 69.7181 -0.1206 -0.0011 -0.0001 249 pedestrian_0006
Pedestrian 0.00 1.00 0 0 0 0 0 0 0 0 867.01 360.71 868.75 366.83 1.9158 0.4880 0.4555 28.8887 2.1386 -178.2974 3.1232 -0.0011 -0.0001 250 pedestrian_0019
Pedestrian 1.00 1.00 0 0 0 0 0 0 0 0 -1000.00 -1000.00 -1000.00 -1000.00 1.9158 0.4880 0.7193 -122.2529 1.8505 69.5980 -3.0341 -0.0011 -0.0001 251 pedestrian_0018
Pedestrian 1.00 1.00 0 0 0 0 0 0 0 0 -1000.00 -1000.00 -1000.00 -1000.00 1.9158 0.4880 0.6279 -255.0242 1.8871 76.5748 1.0108 -0.0011 -0.0001 252 pedestrian_0007
Pedestrian 1.00 1.00 0 0 0 0 0 0 0 0 -1000.00 -1000.00 -1000.00 -1000.00 1.9158 0.4880 0.6592 60.9817 1.9695 -24.3925 1.5904 -0.0011 -0.0001 253 pedestrian_0008
Pedestrian 1.00 1.00 0 0 0 0 0 0 0 0 -1000.00 -1000.00 -1000.00 -1000.00 1.9158 0.4880 0.5207 -272.9295 1.9645 6.3624 -1.5056 -0.0011 -0.0001 254 pedestrian_0022
Pedestrian 1.00 1.00 0 0 0 0 0 0 0 0 -1000.00 -1000.00 -1000.00 -1000.00 1.9158 0.4880 0.5916 -49.9698 1.7774 136.0565 0.0198 -0.0011 -0.0001 255 pedestrian_0024
Pedestrian 0.00 1.00 0 0 0 0 0 0 0 0 56.02 367.92 66.47 378.42 1.1330 0.4333 0.4140 98.0300 2.0002 -64.9359 -2.8547 -0.0011 -0.0001 256 pedestrian_0011
Pedestrian 0.00 1.00 0 1 1 0 0 0 0 0 951.65 360.55 953.94 365.79 1.9158 0.4880 0.7507 2.6382 2.1168 -207.4018 -0.9135 -0.0011 -0.0001 257 pedestrian_0006
Pedestrian 0.00 1.00 0 0 0 0 0 0 0 0 806.96 360.54 809.13 365.33 1.9158 0.4880 0.7507 60.9331 2.1332 -226.7310 0.0494 -0.0011 -0.0001 258 pedestrian_0005
Pedestrian 0.00 1.00 0 0 0 0 0 0 0 0 993.77 360.53 995.68 367.76 1.9158 0.4880 0.3853 -9.2204 2.0578 -151.6480 -1.5826 -0.0011 -0.0001 259 pedestrian_0003
Pedestrian 1.00 1.00 0 0 0 0 0 0 0 0 -1000.00 -1000.00 -1000.00 -1000.00 1.9158 0.4880 0.7413 156.8973 -7.8114 58.3604 2.0302 -0.0011 -0.0001 260 pedestrian_0001
Pedestrian 0.00 1.00 0 1 0 4 2 0 0 0 923.38 362.78 924.87 367.62 1.3390 0.3253 0.3230 9.9531 2.1101 -158.2545 1.9632 -0.0011 -0.0001 261 pedestrian_0014
Pedestrian 1.00 1.00 0 0 0 0 0 0 0 0 -1000.00 -1000.00 -1000.00 -1000.00 1.9158 0.4880 0.7507 -208.0127 2.1713 -82.3470 -2.4910 -0.0011 -0.0001 262 pedestrian_0020
Pedestrian 1.00 1.00 0 0 0 0 0 0 0 0 -1000.00 -1000.00 -1000.00 -1000.00 1.9158 0.4880 0.4700 -212.5397 2.0341 -98.4698 -2.0014 -0.0011 -0.0001 263 pedestrian_0025
Pedestrian 1.00 1.00 0 0 0 0 0 0 0 0 -1000.00 -1000.00 -1000.00 -1000.00 1.9158 0.4880 0.6373 85.7005 1.9521 79.5205 1.4132 -0.0011 -0.0001 264 pedestrian_0026
Pedestrian 0.00 1.00 0 0 0 0 0 0 0 0 1803.51 360.79 1808.70 366.88 1.9158 0.4880 0.7507 -266.7094 2.1658 -179.1927 -1.5074 -0.0011 -0.0001 265 pedestrian_0025
Pedestrian 0.00 1.00 0 0 0 1 0 0 0 0 989.81 362.52 991.11 366.77 1.3390 0.3253 0.2502 -9.6073 2.1337 -179.2906 2.0926 -0.0011 -0.0001 266 pedestrian_0013
Pedestrian 0.00 1.00 0 0 0 0 0 0 0 0 672.65 360.69 674.52 366.79 1.9158 0.4880 0.3830 90.0902 2.1340 -178.8167 2.1422 -0.0011 -0.0001 267 pedestrian_0015
Pedestrian 0.00 1.00 0 0 0 0 0 0 0 0 486.18 360.68 489.07 367.87 1.9158 0.4880 0.3854 126.2381 2.0987 -152.5996 2.6133 -0.0011 -0.0001 268 pedestrian_0021
Pedestrian 1.00 1.00 0 0 0 0 0 0 0 0 -1000.00 -1000.00 -1000.00 -1000.00 1.1330 0.4333 0.4221 -105.0753 1.7999 135.2250 -3.0928 -0.0011 -0.0001 269 pedestrian_0010
Pedestrian 1.00 1.00 189 191 343 2023 0 0 0 54 -1000.00 -1000.00 -1000.00 -1000.00 1.9158 0.4880 0.4780 9.6060 1.9487 0.0969 0.0103 -0.0011 -0.0001 270 pedestrian_0023
Pedestrian 1.00 1.00 0 0 0 0 0 0 0 0 -1000.00 -1000.00 -1000.00 -1000.00 1.3390 0.3253 0.2829 -124.9280 1.8426 69.8548 -2.9187 -0.0011 -0.0001 271 pedestrian_0013
Pedestrian 0.00 1.00 0 0 0 0 0 0 0 0 1135.43 360.69 1136.83 364.33 1.9158 0.4880 0.5670 -92.7318 2.2776 -296.2891 0.0557 -0.0011 -0.0001 272 pedestrian_0016
Pedestrian 0.00 1.00 0 0 0 0 0 0 0 0 1252.11 363.04 1253.88 367.32 1.3390 0.3253 0.5005 -91.8629 2.2927 -178.2556 -1.6668 -0.0011 -0.0001 273 pedestrian_0014
Pedestrian 0.00 1.00 0 0 0 1 0 0 0 0 979.78 360.55 981.69 366.33 1.9158 0.4880 0.5014 -6.8843 2.0970 -188.4908 -1.2453 -0.0011 -0.0001 274 pedestrian_0019
Pedestrian 0.00 1.00 0 0 0 0 0 0 0 0 1575.44 363.01 1578.61 368.25 1.3390 0.3253 0.4947 -158.2585 2.1118 -146.6395 2.1343 -0.0011 -0.0001 275 pedestrian_0013
Pedestrian 0.00 1.00 0 0 0 0 0 0 0 0 1362.77 360.64 1365.43 365.29 1.9158 0.4880 0.7507 -166.8579 2.1817 -233.3385 2.9546 -0.0011 -0.0001 276 pedestrian_0023
Pedestrian 0.00 1.00 0 0 0 0 0 0 0 0 38.49 367.86 51.00 378.28 1.1330 0.4333 0.6667 100.4312 1.9990 -65.3002 3.1247 -0.0011 -0.0001 277 pedestrian_0011
Pedestrian 0.00 1.00 0 0 0 1 0 0 0 0 887.99 366.21 891.22 376.24 1.3390 0.3253 0.5005 9.4702 2.1769 -79.0532 -1.6743 -0.0011 -0.0001 278 pedestrian_0012
Pedestrian 0.00 1.00 0 0 0 0 0 0 0 0 756.38 338.46 757.81 342.74 1.9158 0.4880 0.4768 91.6459 -7.8051 -254.8158 0.0310 -0.0011 -0.0001 279 pedestrian_0015
Pedestrian 0.00 0.20 18 21 30 141 4 0 0 0 858.79 361.49 868.35 391.36 1.9158 0.4880 0.7507 5.9155 1.9360 -38.4947 -1.5840 -0.0011 -0.0001 280 pedestrian_0017
Pedestrian 1.00 1.00 0 0 0 0 0 0 0 0 -1000.00 -1000.00 -1000.00 -1000.00 1.9158 0.4880 0.7507 197.0031 -7.9365 49.8127 1.7839 -0.0011 -0.0001 281 pedestrian_0005
Pedestrian 0.00 1.00 0 0 0 0 0 0 0 0 747.73 363.21 749.38 366.34 1.1330 0.4333 0.3557 76.8044 2.3002 -205.8067 2.5120 -0.0011 -0.0001 282 pedestrian_0009
Pedestrian 0.00 1.00 0 0 0 0 0 0 0 0 1524.02 363.94 1528.26 368.59 1.1330 0.4333 0.6159 -138.9353 2.1028 -140.5000 1.9950 -0.0011 -0.0001 283 pedestrian_0009
Pedestrian 1.00 1.00 0 0 0 0 0 0 0 0 -1000.00 -1000.00 -1000.00 -1000.00 1.1330 0.4333 0.3727 206.9890 2.0078 -81.7461 2.4524 -0.0011 -0.0001 284 pedestrian_0009
Pedestrian 1.00 1.00 3 1 4 21 0 9 0 0 -1000.00 -1000.00 -1000.00 -1000.00 1.9158 0.4880 0.7507 -84.2679 2.1119 -3.7751 0.1004 -0.0011 -0.0001 285 pedestrian_0024
Pedestrian 0.00 1.00 0 0 0 0 0 0 0 0 917.84 360.71 920.33 366.83 1.9158 0.4880 0.7507 12.8469 2.1401 -178.4884 -3.0084 -0.0011 -0.0001 286 pedestrian_0023
Pedestrian 1.00 1.00 0 0 0 0 0 0 0 0 -1000.00 -1000.00 -1000.00 -1000.00 1.9158 0.4880 0.7132 -186.8773 1.8728 53.6924 0.5041 -0.0011 -0.0001 287 pedestrian_0015
Pedestrian 0.00 1.00 0 0 0 0 0 0 0 0 797.74 338.58 799.70 342.84 1.9158 0.4880 0.7507 73.2337 -7.8021 -256.1572 -3.1314 -0.0011 -0.0001 288 pedestrian_0025
Pedestrian 1.00 1.00 0 0 0 0 0 0 0 0 -1000.00 -1000.00 -1000.00 -1000.00 1.1330 0.4333 0.4903 163.8982 -7.5536 109.3470 2.3440 -0.0011 -0.0001 289 pedestrian_0009
Pedestrian 0.00 1.00 0 0 0 0 0 0 0 0 817.59 360.71 819.02 366.84 1.9158 0.4880 0.4109 44.3142 2.1367 -177.8196 0.2980 -0.0011 -0.0001 290 pedestrian_0019
Pedestrian 1.00 1.00 0 0 0 19 0 0 0 0 -1000.00 -1000.00 -1000.00 -1000.00 1.9158 0.4880 0.3754 -97.2303 1.8551 68.8628 -1.1368 -0.0011 -0.0001 291 pedestrian_0007
Pedestrian 1.00 1.00 0 0 0 0 0 0 0 0 -1000.00 -1000.00 -1000.00 -1000.00 1.9158 0.4880 0.7507 -230.9852 1.8538 105.5552 -2.4793 -0.0011 -0.0001 292 pedestrian_0021
Pedestrian 0.00 0.28 2 2 6 20 3 0 0 0 993.51 366.89 998.12 378.90 1.3390 0.3253 0.4452 -4.0215 2.1156 -66.7241 -2.9300 -0.0011 -0.0001 293 pedestrian_0014
Pedestrian 1.00 1.00 0 0 0 0 0 0 0 0 -1000.00 -1000.00 -1000.00 -1000.00 1.9158 0.4880 0.6406 91.6512 -6.8476 139.3899 3.0015 -0.0011 -0.0001 294 pedestrian_0002
Pedestrian 1.00 1.00 0 0 0 0 0 0 0 0 -1000.00 -1000.00 -1000.00 -1000.00 1.9158 0.4880 0.7507 108.0889 1.9353 3.5641 3.0485 -0.0011 -0.0001 295 pedestrian_0026
Pedestrian 0.00 1.00 0 0 0 0 0 0 0 0 451.38 361.76 458.79 373.99 1.9158 0.4880 0.7091 79.3893 2.1930 -91.6282 0.0923 -0.0011 -0.0001 296 pedestrian_0020
Pedestrian 0.00 1.00 0 0 0 0 0 0 0 0 66.72 360.86 77.24 378.48 1.9158 0.4880 0.3885 97.0486 2.0104 -65.0539 0.3459 -0.0011 -0.0001 297 pedestrian_0016
Pedestrian 1.00 1.00 0 0 0 7 0 0 0 0 -1000.00 -1000.00 -1000.00 -1000.00 1.9158 0.4880 0.4255 -100.4141 1.8477 70.1218 0.0949 -0.0011 -0.0001 298 pedestrian_0024
Pedestrian 1.00 1.00 0 0 0 0 0 0 0 0 -1000.00 -1000.00 -1000.00 -1000.00 1.9158 0.4880 0.6736 164.3303 -8.0425 -0.9159 -1.5445 -0.0011 -0.0001 299 pedestrian_0001
Pedestrian 1.00 1.00 0 0 0 0 0 0 0 0 -1000.00 -1000.00 -1000.00 -1000.00 1.9158 0.4880 0.7507 -180.3055 2.0473 -93.0099 -3.1150 -0.0011 -0.0001 300 pedestrian_0025
Pedestrian 0.00 1.00 0 0 0 0 0 0 0 0 1165.03 360.72 1167.27 366.22 1.9158 0.4880 0.7507 -71.9904 2.1686 -198.0319 -1.5448 -0.0011 -0.0001 301 pedestrian_0016
Pedestrian 1.00 1.00 0 0 0 0 0 0 0 0 -1000.00 -1000.00 -1000.00 -1000.00 1.9158 0.4880 0.7507 -175.6471 2.0347 -76.2406 -3.1247 -0.0011 -0.0001 302 pedestrian_0006
Pedestrian 1.00 1.00 1 1 2 18 0 1 0 0 -1000.00 -1000.00 -1000.00 -1000.00 1.3390 0.3253 0.2843 -63.2872 1.9271 18.2928 -3.1055 -0.0011 -0.0001 303 pedestrian_0012
Pedestrian 0.00 1.00 0 0 0 0 0 0 0 0 1376.13 360.71 1378.11 364.54 1.9158 0.4880 0.7507 -209.1041 2.2712 -282.3333 2.5900 -0.0011 -0.0001 304 pedestrian_0024
Pedestrian 1.00 1.00 0 0 0 0 0 0 0 0 -1000.00 -1000.00 -1000.00 -1000.00 1.3390 0.3253 0.5005 -58.2609 1.7983 135.5394 -0.0043 -0.0011 -0.0001 305 pedestrian_0013
Pedestrian 1.00 1.00 0 0 0 0 0 0 0 0 -1000.00 -1000.00 -1000.00 -1000.00 1.1330 0.4333 0.5406 -270.7316 2.0423 -76.2755 -1.4920 -0.0011 -0.0001 306 pedestrian_0011
Pedestrian 0.00 1.00 0 0 0 0 0 0 0 0 859.31 360.70 861.50 366.81 1.9158 0.4880 0.6452 31.3049 2.1371 -178.7004 0.1050 -0.0011 -0.0001 307 pedestrian_0024
Pedestrian 1.00 1.00 0 0 0 0 0 0 0 0 -1000.00 -1000.00 -1000.00 -1000.00 1.9158 0.4880 0.4062 -274.2393 1.9889 -16.1433 -1.5090 -0.0011 -0.0001 308 pedestrian_0004
Pedestrian 1.00 1.00 0 0 0 0 0 0 0 0 -1000.00 -1000.00 -1000.00 -1000.00 1.9158 0.4880 0.7066 120.7452 1.8801 32.3285 -1.7992 -0.0011 -0.0001 309 pedestrian_0019
Pedestrian 0.00 1.00 0 0 0 0 0 0 0 0 230.00 367.40 238.58 379.63 1.3390 0.3253 0.5005 79.9292 2.1564 -65.5261 -3.0879 -0.0011 -0.0001 310 pedestrian_0012
Pedestrian 0.00 1.00 0 0 0 0 0 0 0 0 834.46 360.71 836.44 366.87 1.9158 0.4880 0.5392 38.8067 2.1365 -177.1734 -3.0645 -0.0011 -0.0001 311 pedestrian_0022
Pedestrian 0.00 1.00 0 0 0 0 0 0 0 0 396.32 360.69 400.99 367.73 1.9158 0.4880 0.7507 153.0192 2.1035 -155.5673 -2.9889 -0.0011 -0.0001 312 pedestrian_0018
Pedestrian 1.00 1.00 30 28 41 480 0 0 25 0 -1000.00 -1000.00 -1000.00 -1000.00 1.9158 0.4880 0.6388 -1.3529 2.0204 23.1363 -0.2798 -0.0011 -0.0001 313 pedestrian_0022
Pedestrian 0.00 1.00 0 0 0 0 0 0 0 0 823.23 360.72 825.54 367.61 1.9158 0.4880 0.3891 37.8001 2.1169 -158.9709 -0.6892 -0.0011 -0.0001 314 pedestrian_0005
Pedestrian 1.00 1.00 0 0 0 0 0 0 0 0 -1000.00 -1000.00 -1000.00 -1000.00 1.9158 0.4880 0.7507 166.9608 2.0233 -81.4404 3.1055 -0.0011 -0.0001 315 pedestrian_0018
Pedestrian 1.00 1.00 0 0 0 0 0 0 0 0 -1000.00 -1000.00 -1000.00 -1000.00 1.9158 0.4880 0.7104 -271.0072 2.0317 -55.9643 1.5964 -0.0011 -0.0001 316 pedestrian_0024
Pedestrian 1.00 1.00 0 0 0 0 0 0 0 0 -1000.00 -1000.00 -1000.00 -1000.00 1.9158 0.4880 0.6354 -181.1963 2.0477 -92.4452 3.0939 -0.0011 -0.0001 317 pedestrian_0002
Pedestrian 0.00 1.00 0 0 0 0 0 0 0 0 1275.72 363.25 1277.37 367.90 1.3390 0.3253 0.3364 -91.4058 2.2778 -164.5279 1.3672 -0.0011 -0.0001 318 pedestrian_0013
Pedestrian 0.00 1.00 0 0 0 0 0 0 0 0 672.48 360.69 674.78 366.81 1.9158 0.4880 0.4759 89.8425 2.1335 -178.3646 0.0284 -0.0011 -0.0001 319 pedestrian_0018
Pedestrian 0.00 1.00 0 0 1 3 0 0 0 0 977.35 360.55 979.31 366.29 1.9158 0.4880 0.7032 -6.1291 2.0985 -189.8211 -1.3356 -0.0011 -0.0001 320 pedestrian_0006
Pedestrian 0.00 1.00 0 0 0 0 0 0 0 0 1517.29 360.73 1519.95 365.09 1.9158 0.4880 0.7507 -246.3592 2.2397 -248.9133 2.1763 -0.0011 -0.0001 321 pedestrian_0021
Pedestrian 0.00 1.00 0 0 0 0 0 0 0 0 635.20 366.06 640.60 373.83 1.1330 0.4333 0.5329 47.3221 2.0255 -85.9116 -0.1028 -0.0011 -0.0001 322 pedestrian_0010
Pedestrian 1.00 1.00 0 0 0 0 0 0 0 0 -1000.00 -1000.00 -1000.00 -1000.00 1.9158 0.4880 0.4890 144.8811 1.8851 -4.1210 1.5901 -0.0011 -0.0001 323 pedestrian_0022
Pedestrian 0.00 1.00 0 0 0 0 0 0 0 0 1447.74 360.96 1455.14 377.00 1.9158 0.4880 0.4485 -58.9517 2.0309 -70.9685 0.0931 -0.0011 -0.0001 324 pedestrian_0015
Pedestrian 1.00 1.00 0 0 2 9 0 0 0 0 -1000.00 -1000.00 -1000.00 -1000.00 1.9158 0.4880 0.6494 -83.3894 2.0865 19.6978 -0.0444 -0.0011 -0.0001 325 pedestrian_0005
Pedestrian 1.00 1.00 0 0 0 0 0 0 0 0 -1000.00 -1000.00 -1000.00 -1000.00 1.9158 0.4880 0.6192 202.6099 -7.9717 -88.4849 -1.5486 -0.0011 -0.0001 326 pedestrian_0006
Pedestrian 0.00 1.00 0 0 0 0 0 0 0 0 1287.97 360.92 1296.70 377.01 1.9158 0.4880 0.7507 -39.7491 2.0264 -70.7748 -3.0939 -0.0011 -0.0001 327 pedestrian_0002
Pedestrian 0.00 1.00 0 0 0 0 0 0 0 0 1400.65 360.96 1408.06 377.10 1.9158 0.4880 0.4900 -52.9272 2.0300 -70.4985 3.1400 -0.0011 -0.0001 328 pedestrian_0015
Pedestrian 1.00 1.00 0 0 0 0 0 0 0 0 -1000.00 -1000.00 -1000.00 -1000.00 1.9158 0.4880 0.7181 -59.2005 1.8061 136.2234 0.0297 -0.0011 -0.0001 329 pedestrian_0005
Pedestrian 0.00 1.00 0 0 0 0 0 0 0 0 1511.93 362.47 1513.95 365.04 1.1330 0.4333 0.5882 -245.0574 2.2286 -250.1199 2.2452 -0.0011 -0.0001 330 pedestrian_0010
Pedestrian 1.00 1.00 6 6 10 48 0 0 0 0 -1000.00 -1000.00 -1000.00 -1000.00 1.9158 0.4880 0.6754 56.7304 2.0788 15.8239 -1.5039 -0.0011 -0.0001 331 pedestrian_0001
Pedestrian 1.00 1.00 0 3 8 16 0 0 0 0 -1000.00 -1000.00 -1000.00 -1000.00 1.9158 0.4880 0.3799 -93.2267 1.9672 -10.2069 -1.1106 -0.0011 -0.0001 332 pedestrian_0017
Pedestrian 0.00 1.00 0 0 0 0 0 0 0 0 718.72 360.83 724.05 373.84 1.9158 0.4880 0.5925 35.2566 2.0383 -86.3768 0.0633 -0.0011 -0.0001 333 pedestrian_0023
Pedestrian 1.00 1.00 0 0 0 0 0 0 0 0 -1000.00 -1000.00 -1000.00 -1000.00 1.3390 0.3253 0.3305 -125.8650 1.8417 69.5200 3.0375 -0.0011 -0.0001 334 pedestrian_0013
Pedestrian 1.00 1.00 10 11 23 88 0 12 0 0 -1000.00 -1000.00 -1000.00 -1000.00 1.9158 0.4880 0.7507 -41.9834 1.9543 -4.4570 0.4061 -0.0011 -0.0001 335 pedestrian_0019
Pedestrian 1.00 1.00 0 0 0 3 0 0 0 0 -1000.00 -1000.00 -1000.00 -1000.00 1.9158 0.4880 0.6876 -95.0173 1.9251 29.3609 1.6507 -0.0011 -0.0001 336 pedestrian_0017
Pedestrian 0.00 1.00 0 0 0 0 0 0 0 0 1316.63 360.70 1317.87 364.39 1.9158 0.4880 0.4280 -185.5564 2.2800 -292.3622 2.8402 -0.0011 -0.0001 337 pedestrian_0025
Pedestrian 0.00 1.00 0 0 0 0 0 0 0 0 922.34 346.01 923.83 349.70 1.9158 0.4880 0.7507 19.2612 -5.3769 -293.6700 0.0205 -0.0011 -0.0001 338 pedestrian_0006
Pedestrian 0.00 1.00 0 0 0 0 0 0 0 0 788.65 340.20 790.21 342.74 1.1330 0.4333 0.5801 77.1815 -7.8173 -255.2772 0.0352 -0.0011 -0.0001 339 pedestrian_0011
Pedestrian 0.00 1.00 0 0 0 0 0 0 0 0 148.96 365.22 156.57 372.35 1.1330 0.4333 0.5363 129.2855 1.9717 -93.2498 -1.5393 -0.0011 -0.0001 340 pedestrian_0011
Pedestrian 0.00 1.00 0 0 0 0 0 0 0 0 202.06 362.84 204.93 367.95 1.3390 0.3253 0.3150 198.9235 2.0874 -150.2213 -2.8134 -0.0011 -0.0001 341 pedestrian_0013
Pedestrian 1.00 1.00 0 0 0 0 0 0 0 0 -1000.00 -1000.00 -1000.00 -1000.00 1.9158 0.4880 0.7507 174.2128 2.0027 -63.9767 0.1086 -0.0011 -0.0001 342 pedestrian_0007
Pedestrian 0.00 1.00 0 0 0 2 0 0 0 0 990.07 361.23 992.17 367.61 1.9158 0.4880 0.4024 -9.3641 2.2866 -171.2626 -0.8719 -0.0011 -0.0001 343 pedestrian_0021
Pedestrian 0.00 1.00 0 0 0 0 0 0 0 0 433.81 336.36 436.35 339.41 1.1330 0.4333 0.5634 199.7103 -7.8466 -215.3521 -1.8918 -0.0011 -0.0001 344 pedestrian_0010
Pedestrian 0.00 0.59 5 3 4 32 6 0 0 0 970.61 361.83 976.15 376.91 1.9158 0.4880 0.5127 -1.7099 2.1506 -75.3192 -2.3542 -0.0011 -0.0001 345 pedestrian_0021
Pedestrian 1.00 1.00 0 2 1 14 0 0 0 0 -1000.00 -1000.00 -1000.00 -1000.00 1.3390 0.3253 0.3094 65.6196 2.0622 22.6841 -3.0086 -0.0011 -0.0001 346 pedestrian_0014
Pedestrian 0.00 0.83 0 1 1 3 0 0 0 0 1066.72 360.59 1069.58 368.92 1.9158 0.4880 0.5520 -24.9353 2.0529 -132.2717 0.0368 -0.0011 -0.0001 347 pedestrian_0023
Pedestrian 1.00 1.00 0 0 0 0 0 0 0 0 -1000.00 -1000.00 -1000.00 -1000.00 1.9158 0.4880 0.5398 -161.7377 2.0627 -93.1779 -2.9440 -0.0011 -0.0001 348 pedestrian_0008
Pedestrian 1.00 1.00 0 0 0 0 0 0 0 0 -1000.00 -1000.00 -1000.00 -1000.00 1.9158 0.4880 0.7507 -268.2305 1.9226 44.7479 -1.8113 -0.0011 -0.0001 349 pedestrian_0006
Pedestrian 0.00 1.00 0 0 0 0 0 0 0 0 851.56 360.54 853.48 365.34 1.9158 0.4880 0.6856 42.9876 2.1336 -226.1598 -3.1076 -0.0011 -0.0001 350 pedestrian_0022
Pedestrian 0.00 1.00 0 0 0 0 0 0 0 0 839.29 360.71 841.94 366.84 1.9158 0.4880 0.7469 37.3526 2.1374 -177.8939 -3.0726 -0.0011 -0.0001 351 pedestrian_0023
Pedestrian 0.00 0.25 0 2 4 16 1 0 0 0 917.51 360.49 920.35 371.63 1.9158 0.4880 0.7316 7.0918 2.0005 -100.1917 1.6439 -0.0011 -0.0001 352 pedestrian_0006
Pedestrian 1.00 1.00 8 10 20 84 0 13 0 0 -1000.00 -1000.00 -1000.00 -1000.00 1.9158 0.4880 0.7507 -44.1533 1.9570 -5.6369 -2.9859 -0.0011 -0.0001 353 pedestrian_0024
Pedestrian 1.00 1.00 0 0 0 0 0 0 0 0 -1000.00 -1000.00 -1000.00 -1000.00 1.1330 0.4333 0.6667 -187.2941 1.8126 128.2866 -2.8618 -0.0011 -0.0001 354 pedestrian_0011
Pedestrian 1.00 1.00 20 19 28 1708 0 3 0 0 -1000.00 -1000.00 -1000.00 -1000.00 1.9158 0.4880 0.6694 -30.4619 1.9313 19.0535 -3.1026 -0.0011 -0.0001 355 pedestrian_0017
Pedestrian 0.00 1.00 0 0 0 0 0 0 0 0 51.71 309.64 56.59 317.05 1.3390 0.3253 0.3490 167.5375 -7.9586 -106.9904 -1.5455 -0.0011 -0.0001 356 pedestrian_0012
Pedestrian 0.00 1.00 0 0 0 0 0 0 0 0 1370.15 360.71 1371.32 364.51 1.9158 0.4880 0.4348 -207.4118 2.2733 -284.3647 2.5873 -0.0011 -0.0001 357 pedestrian_0020
Pedestrian 0.00 1.00 0 0 0 0 0 0 0 0 983.49 360.54 985.60 366.49 1.9158 0.4880 0.6665 -7.9238 2.0917 -183.4074 -1.2764 -0.0011 -0.0001 358 pedestrian_0017
Pedestrian 1.00 1.00 2 1 1 5 0 1 0 0 -1000.00 -1000.00 -1000.00 -1000.00 1.9158 0.4880 0.4890 -74.9618 2.0898 15.9232 1.7078 -0.0011 -0.0001 359 pedestrian_0025
Pedestrian 0.00 1.00 0 0 0 0 0 0 0 0 1094.42 361.76 1095.10 364.31 1.3390 0.3253 0.2628 -70.8678 2.2667 -295.9434 0.0601 -0.0011 -0.0001 360 pedestrian_0013
Pedestrian 0.00 1.00 0 0 0 0 0 0 0 0 1446.27 361.92 1447.10 364.76 1.3390 0.3253 0.2887 -230.0991 2.2478 -266.5282 2.4057 -0.0011 -0.0001 361 pedestrian_0013
Pedestrian 0.00 0.59 1 2 2 15 2 0 0 0 913.89 366.73 918.44 378.09 1.3390 0.3253 0.4305 5.2112 2.1425 -70.3762 -2.4456 -0.0011 -0.0001 362 pedestrian_0013
Pedestrian 1.00 1.00 0 0 0 0 0 0 0 0 -1000.00 -1000.00 -1000.00 -1000.00 1.1330 0.4333 0.3452 -94.1854 2.0284 61.2042 -0.5443 -0.0011 -0.0001 363 pedestrian_0011
Pedestrian 0.00 1.00 0 0 0 0 0 0 0 0 922.53 362.76 923.79 367.62 1.3390 0.3253 0.3098 10.1680 2.1017 -157.4501 1.7080 -0.0011 -0.0001 364 pedestrian_0012
Pedestrian 1.00 1.00 0 0 0 0 0 0 0 0 -1000.00 -1000.00 -1000.00 -1000.00 1.9158 0.4880 0.5340 140.2951 2.0994 -61.0882 0.1079 -0.0011 -0.0001 365 pedestrian_0023
Pedestrian 1.00 1.00 0 0 0 8 0 0 0 0 -1000.00 -1000.00 -1000.00 -1000.00 1.9158 0.4880 0.3786 -97.1978 2.0106 65.6187 -1.5137 -0.0011 -0.0001 366 pedestrian_0005
Pedestrian 1.00 1.00 0 0 0 0 0 0 0 0 -1000.00 -1000.00 -1000.00 -1000.00 1.9158 0.4880 0.6105 -199.9153 1.9947 -60.7666 1.6236 -0.0011 -0.0001 367 pedestrian_0021
Pedestrian 1.00 1.00 0 0 0 0 0 0 0 0 -1000.00 -1000.00 -1000.00 -1000.00 1.1330 0.4333 0.4187 -120.7821 2.0281 -71.2970 0.1420 -0.0011 -0.0001 368 pedestrian_0010
Pedestrian 0.00 1.00 0 0 0 0 0 0 0 0 685.53 360.53 688.01 365.35 1.9158 0.4880 0.7507 108.8263 2.1271 -225.2379 0.0213 -0.0011 -0.0001 369 pedestrian_0020
Pedestrian 0.00 1.00 0 0 0 0 0 0 0 0 732.61 364.59 736.28 373.51 1.3390 0.3253 0.4355 33.9932 2.0322 -88.0121 -3.0497 -0.0011 -0.0001 370 pedestrian_0012
Pedestrian 0.00 1.00 0 0 0 0 0 0 0 0 616.99 360.77 621.82 371.11 1.9158 0.4880 0.6758 63.3518 2.0592 -107.5756 -1.5518 -0.0011 -0.0001 371 pedestrian_0015
Pedestrian 1.00 1.00 13 13 20 319 0 0 2 0 -1000.00 -1000.00 -1000.00 -1000.00 1.9158 0.4880 0.4304 -12.6407 2.0234 21.2325 -2.6498 -0.0011 -0.0001 372 pedestrian_0007
Pedestrian 1.00 1.00 0 0 0 0 0 0 0 0 -1000.00 -1000.00 -1000.00 -1000.00 1.9158 0.4880 0.6322 -269.3163 2.1146 -130.8498 1.6731 -0.0011 -0.0001 373 pedestrian_0008
Pedestrian 0.00 0.82 0 0 0 10 0 0 0 0 852.34 360.92 858.41 377.81 1.9158 0.4880 0.6236 11.9126 2.0204 -67.5965 -3.0775 -0.0011 -0.0001 374 pedestrian_0020
Pedestrian 0.00 0.89 0 0 0 2 2 0 0 0 944.99 361.06 946.80 367.17 1.9158 0.4880 0.5506 4.4329 2.2495 -178.6674 -0.0127 -0.0011 -0.0001 375 pedestrian_0015
Pedestrian 0.00 1.00 1 2 3 2 0 0 0 0 1115.74 364.67 1118.64 373.68 1.3390 0.3253 0.3315 -23.4447 2.0370 -87.1460 0.0380 -0.0011 -0.0001 376 pedestrian_0012
Pedestrian 0.00 1.00 0 0 0 0 0 0 0 0 548.62 360.68 550.80 366.90 1.9158 0.4880 0.3754 126.4984 2.1248 -175.3646 0.2282 -0.0011 -0.0001 377 pedestrian_0017
Pedestrian 1.00 1.00 0 0 0 0 0 0 0 0 -1000.00 -1000.00 -1000.00 -1000.00 1.9158 0.4880 0.7507 72.1453 2.0943 0.2983 -3.0991 -0.0011 -0.0001 378 pedestrian_0025
Pedestrian 1.00 1.00 0 0 0 0 0 0 0 0 -1000.00 -1000.00 -1000.00 -1000.00 1.1330 0.4333 0.3370 -71.3655 1.9238 17.7046 -0.5708 -0.0011 -0.0001 379 pedestrian_0009
Pedestrian 0.00 1.00 0 0 0 0 0 0 0 0 332.09 360.94 344.62 381.23 1.9158 0.4880 0.6242 59.0476 2.0051 -57.1292 1.5803 -0.0011 -0.0001 380 pedestrian_0002
Pedestrian 0.00 1.00 0 0 0 0 0 0 0 0 1198.81 361.76 1199.80 364.30 1.3390 0.3253 0.3866 -126.5025 2.2723 -297.4734 3.1292 -0.0011 -0.0001 381 pedestrian_0013
Pedestrian 0.00 1.00 0 0 0 0 0 0 0 0 547.75 362.54 549.28 366.91 1.3390 0.3253 0.2502 126.2806 2.1179 -174.5776 0.1354 -0.0011 -0.0001 382 pedestrian_0012
Pedestrian 1.00 1.00 0 0 0 0 0 0 0 0 -1000.00 -1000.00 -1000.00 -1000.00 1.1330 0.4333 0.6035 -56.8742 1.9555 -28.6267 -1.6083 -0.0011 -0.0001 383 pedestrian_0010
Pedestrian 0.00 1.00 0 0 0 0 0 0 0 0 1163.74 361.76 1164.92 364.30 1.3390 0.3253 0.5005 -107.9731 2.2706 -297.3609 3.1413 -0.0011 -0.0001 384 pedestrian_0013
Pedestrian 1.00 1.00 0 0 0 7 0 0 0 0 -1000.00 -1000.00 -1000.00 -1000.00 1.9158 0.4880 0.7507 -102.2312 1.8679 51.6315 3.0279 -0.0011 -0.0001 385 pedestrian_0015
Pedestrian 0.00 0.06 30 42 58 314 7 0 0 0 803.16 362.99 818.26 407.16 1.9158 0.4880 0.7507 6.1851 1.9228 -27.5327 -1.5406 -0.0011 -0.0001 386 pedestrian_0018
Pedestrian 0.00 1.00 0 0 0 0 0 0 0 0 1143.08 361.76 1144.19 364.29 1.3390 0.3253 0.4764 -97.1383 2.2698 -297.6629 -3.1362 -0.0011 -0.0001 387 pedestrian_0013
Pedestrian 0.00 1.00 0 0 0 0 0 0 0 0 718.75 361.19 721.85 367.33 1.9158 0.4880 0.7507 74.8212 2.2862 -177.4883 -0.0457 -0.0011 -0.0001 388 pedestrian_0022
Pedestrian 1.00 1.00 0 0 0 0 0 0 0 0 -1000.00 -1000.00 -1000.00 -1000.00 1.9158 0.4880 0.6680 -272.6977 1.9464 23.0508 1.6561 -0.0011 -0.0001 389 pedestrian_0003
Pedestrian 0.00 1.00 0 0 0 0 0 0 0 0 1521.99 360.73 1524.82 365.11 1.9158 0.4880 0.7507 -247.1023 2.2383 -247.5705 2.0155 -0.0011 -0.0001 390 pedestrian_0021
Pedestrian 1.00 1.00 0 0 0 22 0 0 0 0 -1000.00 -1000.00 -1000.00 -1000.00 1.9158 0.4880 0.3754 -97.9637 1.8469 68.7040 -0.5966 -0.0011 -0.0001 391 pedestrian_0016
Pedestrian 0.00 1.00 0 0 0 0 0 0 0 0 1397.09 360.71 1399.04 364.60 1.9158 0.4880 0.7507 -216.3681 2.2665 -278.2353 2.4799 -0.0011 -0.0001 392 pedestrian_0005
Pedestrian 0.00 1.00 0 0 0 0 0 0 0 0 492.18 332.45 494.60 337.92 1.9158 0.4880 0.4774 165.6423 -7.8496 -201.2353 -1.9275 -0.0011 -0.0001 393 pedestrian_0026
Pedestrian 0.00 1.00 0 0 0 0 0 0 0 0 254.84 360.94 270.91 382.92 1.9158 0.4880 0.7507 61.2725 1.9990 -53.1992 -1.4670 -0.0011 -0.0001 394 pedestrian_0022
Pedestrian 1.00 1.00 0 0 0 0 0 0 0 0 -1000.00 -1000.00 -1000.00 -1000.00 1.1330 0.4333 0.6667 127.5605 -7.3378 91.5265 2.4895 -0.0011 -0.0001 395 pedestrian_0010
Pedestrian 1.00 1.00 26 23 47 1419 0 4 4 0 -1000.00 -1000.00 -1000.00 -1000.00 1.9158 0.4880 0.6748 -17.1269 1.9287 19.4800 -2.9912 -0.0011 -0.0001 396 pedestrian_0006
Pedestrian 0.00 1.00 0 0 0 0 0 0 0 0 1220.22 361.98 1221.76 365.15 1.3390 0.3253 0.5005 -110.2277 2.1742 -238.5664 3.1162 -0.0011 -0.0001 397 pedestrian_0012
Pedestrian 0.00 1.00 0 0 0 0 0 0 0 0 992.36 363.16 993.90 366.76 1.1330 0.4333 0.3333 -10.4556 2.1317 -179.3908 2.6381 -0.0011 -0.0001 398 pedestrian_0010
Pedestrian 1.00 1.00 0 0 0 0 0 0 0 0 -1000.00 -1000.00 -1000.00 -1000.00 1.9158 0.4880 0.7507 -193.4744 1.8751 49.3015 0.6286 -0.0011 -0.0001 399 pedestrian_0007
Pedestrian 1.00 1.00 0 0 0 0 0 0 0 0 -1000.00 -1000.00 -1000.00 -1000.00 1.9158 0.4880 0.6437 201.5671 -8.0176 -46.0109 -1.5471 -0.0011 -0.0001 400 pedestrian_0001
Pedestrian 1.00 1.00 0 0 0 0 0 0 0 0 -1000.00 -1000.00 -1000.00 -1000.00 1.9158 0.4880 0.7507 -53.0902 1.9590 -14.9794 -1.9686 -0.0011 -0.0001 401 pedestrian_0016
Pedestrian 1.00 1.00 0 0 0 0 0 0 0 0 -1000.00 -1000.00 -1000.00 -1000.00 1.9158 0.4880 0.4633 -272.6815 1.9460 23.4399 -1.8741 -0.0011 -0.0001 402 pedestrian_0021
Pedestrian 1.00 1.00 0 0 0 0 0 0 0 0 -1000.00 -1000.00 -1000.00 -1000.00 1.9158 0.4880 0.6101 118.4667 2.0072 -63.7886 0.0313 -0.0011 -0.0001 403 pedestrian_0006
Pedestrian 1.00 1.00 0 0 0 0 0 0 0 0 -1000.00 -1000.00 -1000.00 -1000.00 1.9158 0.4880 0.7507 -182.9610 1.8705 55.5750 0.4005 -0.0011 -0.0001 404 pedestrian_0023
Pedestrian 0.00 1.00 0 0 0 0 0 0 0 0 758.80 363.06 760.76 366.55 1.1330 0.4333 0.6103 65.2732 2.1315 -185.1703 -1.5390 -0.0011 -0.0001 405 pedestrian_0011
Pedestrian 0.00 0.31 5 9 12 51 2 0 0 0 887.41 360.40 893.99 380.64 1.9158 0.4880 0.5116 6.5954 1.9542 -57.2415 -1.7571 -0.0011 -0.0001 406 pedestrian_0004
Pedestrian 0.00 1.00 0 0 0 0 0 0 0 0 896.43 360.71 898.04 366.84 1.9158 0.4880 0.4955 19.6504 2.1390 -178.0185 -3.0396 -0.0011 -0.0001 407 pedestrian_0026
Pedestrian 1.00 1.00 0 0 0 0 0 0 0 0 -1000.00 -1000.00 -1000.00 -1000.00 1.3390 0.3253 0.3696 147.6203 2.1393 -71.5497 -1.4724 -0.0011 -0.0001 408 pedestrian_0013
Pedestrian 0.00 1.00 0 0 0 0 0 0 0 0 1195.67 362.71 1197.41 365.66 1.1330 0.4333 0.5879 -91.1040 2.1787 -217.9537 1.5316 -0.0011 -0.0001 409 pedestrian_0010
Pedestrian 1.00 1.00 0 0 0 0 0 0 0 0 -1000.00 -1000.00 -1000.00 -1000.00 1.9158 0.4880 0.4271 144.4373 1.8819 -0.0771 -1.5758 -0.0011 -0.0001 410 pedestrian_0020
Pedestrian 0.00 1.00 0 0 0 0 0 0 0 0 1257.98 360.64 1260.33 365.20 1.9158 0.4880 0.7333 -125.7005 2.1827 -237.3729 3.0600 -0.0011 -0.0001 411 pedestrian_0025
Pedestrian 1.00 1.00 0 1 1 1 0 0 0 0 -1000.00 -1000.00 -1000.00 -1000.00 1.1330 0.4333 0.6445 70.6071 2.0567 24.6886 3.1281 -0.0011 -0.0001 412 pedestrian_0010
Pedestrian 0.00 1.00 0 0 0 0 0 0 0 0 17.66 361.87 30.49 376.02 1.9158 0.4880 0.7507 127.5340 2.1721 -80.0084 1.7284 -0.0011 -0.0001 413 pedestrian_0015
Pedestrian 0.00 1.00 0 0 0 0 0 0 0 0 649.14 364.44 653.01 369.91 1.1330 0.4333 0.6667 64.4377 2.0613 -120.0928 1.5702 -0.0011 -0.0001 414 pedestrian_0011
Pedestrian 0.00 0.01 54 65 88 4140 12 11 0 0 1755.89 358.45 1841.24 480.55 1.9158 0.4880 0.6250 -13.5656 1.9096 -13.4368 1.5618 -0.0011 -0.0001 415 pedestrian_0025
Pedestrian 1.00 1.00 0 0 0 0 0 0 0 0 -1000.00 -1000.00 -1000.00 -1000.00 1.1330 0.4333 0.6347 160.0413 -7.8822 50.5888 2.0254 -0.0011 -0.0001 416 pedestrian_0009
Pedestrian 1.00 1.00 0 0 0 0 0 0 0 0 -1000.00 -1000.00 -1000.00 -1000.00 1.9158 0.4880 0.5991 160.4887 -7.8861 48.1202 -1.1603 -0.0011 -0.0001 417 pedestrian_0026
Pedestrian 1.00 1.00 0 0 0 0 0 0 0 0 -1000.00 -1000.00 -1000.00 -1000.00 1.9158 0.4880 0.6187 -270.3486 2.0619 -82.5249 1.6422 -0.0011 -0.0001 418 pedestrian_0019
Pedestrian 0.00 1.00 0 0 0 0 0 0 0 0 653.36 360.75 657.30 369.72 1.9158 0.4880 0.7507 65.2420 2.0759 -123.1708 -1.4598 -0.0011 -0.0001 419 pedestrian_0018
Pedestrian 0.00 1.00 0 0 0 0 0 0 0 0 1204.40 360.69 1206.02 364.32 1.9158 0.4880 0.6364 -129.5495 2.2808 -297.3099 -3.1236 -0.0011 -0.0001 420 pedestrian_0026
Pedestrian 1.00 1.00 0 0 0 0 0 0 0 0 -1000.00 -1000.00 -1000.00 -1000.00 1.9158 0.4880 0.7507 187.5049 2.0201 -81.1505 -3.1352 -0.0011 -0.0001 421 pedestrian_0005
Pedestrian 0.00 1.00 0 0 0 0 0 0 0 0 781.34 360.63 783.08 365.88 1.9158 0.4880 0.4573 64.9522 2.1442 -206.9704 -2.4561 -0.0011 -0.0001 422 pedestrian_0021
Pedestrian 0.00 1.00 0 0 0 0 0 0 0 0 225.12 361.21 229.64 368.06 1.9158 0.4880 0.6696 205.4828 2.2562 -159.9369 -1.1916 -0.0011 -0.0001 423 pedestrian_0025
Pedestrian 1.00 1.00 0 0 0 0 0 0 0 0 -1000.00 -1000.00 -1000.00 -1000.00 1.9158 0.4880 0.4770 127.3087 2.1593 -67.4930 1.5641 -0.0011 -0.0001 424 pedestrian_0008
Pedestrian 1.00 1.00 3 3 2 17 0 0 0 1 -1000.00 -1000.00 -1000.00 -1000.00 1.9158 0.4880 0.4744 58.8721 2.0856 9.3520 -1.4975 -0.0011 -0.0001 425 pedestrian_0018
Pedestrian 1.00 1.00 0 0 0 0 0 0 0 0 -1000.00 -1000.00 -1000.00 -1000.00 1.9158 0.4880 0.7507 -200.2223 1.9740 -41.2328 -1.5325 -0.0011 -0.0001 426 pedestrian_0020
Pedestrian 0.00 1.00 0 0 0 0 0 0 0 0 1481.11 362.77 1483.79 367.48 1.3390 0.3253 0.5005 -148.8531 2.1280 -162.3962 2.1842 -0.0011 -0.0001 427 pedestrian_0012
Pedestrian 0.00 1.00 0 0 0 0 0 0 0 0 489.58 364.06 492.53 368.21 1.1330 0.4333 0.4410 128.5577 2.2475 -156.4259 -1.7587 -0.0011 -0.0001 428 pedestrian_0011
Pedestrian 0.00 1.00 0 0 0 0 0 0 0 0 1508.42 360.78 1511.79 367.74 1.9158 0.4880 0.5511 -151.7349 2.1313 -157.3595 2.1017 -0.0011 -0.0001 429 pedestrian_0006
Pedestrian 1.00 1.00 0 0 0 0 0 0 0 0 -1000.00 -1000.00 -1000.00 -1000.00 1.9158 0.4880 0.6313 160.9527 2.0036 -63.7343 0.0388 -0.0011 -0.0001 430 pedestrian_0021
Pedestrian 1.00 1.00 0 0 0 0 0 0 0 0 -1000.00 -1000.00 -1000.00 -1000.00 1.9158 0.4880 0.7507 -173.7875 2.0343 -76.5367 -3.0723 -0.0011 -0.0001 431 pedestrian_0026
Pedestrian 1.00 1.00 0 0 1 0 0 0 0 0 -1000.00 -1000.00 -1000.00 -1000.00 1.9158 0.4880 0.7507 152.5217 -7.7369 65.6682 -0.9652 -0.0011 -0.0001 432 pedestrian_0026
Pedestrian 0.00 1.00 0 0 0 0 0 0 0 0 1199.07 360.74 1202.12 369.09 1.9158 0.4880 0.4919 -55.3131 2.0860 -131.9057 -0.0144 -0.0011 -0.0001 433 pedestrian_0002
Pedestrian 0.00 1.00 0 0 0 0 0 0 0 0 669.03 360.69 671.59 366.81 1.9158 0.4880 0.5957 90.9858 2.1336 -178.5595 -2.3715 -0.0011 -0.0001 434 pedestrian_0001
Pedestrian 0.00 1.00 0 0 0 0 0 0 0 0 453.92 335.02 456.58 340.00 1.9158 0.4880 0.6245 197.3370 -7.8315 -221.1713 1.1501 -0.0011 -0.0001 435 pedestrian_0022
Pedestrian 1.00 1.00 0 0 0 0 0 0 0 0 -1000.00 -1000.00 -1000.00 -1000.00 1.9158 0.4880 0.5197 59.8981 1.9808 -34.7508 -1.6286 -0.0011 -0.0001 436 pedestrian_0005
Pedestrian 0.00 1.00 0 0 0 0 0 0 0 0 1539.75 364.39 1544.57 372.68 1.3390 0.3253 0.5005 -94.6768 2.0555 -94.6186 2.1983 -0.0011 -0.0001 437 pedestrian_0013
Pedestrian 1.00 1.00 0 0 0 0 0 0 0 0 -1000.00 -1000.00 -1000.00 -1000.00 1.1330 0.4333 0.6667 -268.0858 2.1257 -152.2520 -1.5166 -0.0011 -0.0001 438 pedestrian_0011
Pedestrian 1.00 1.00 0 0 0 12 0 0 0 0 -1000.00 -1000.00 -1000.00 -1000.00 1.9158 0.4880 0.4047 -94.2917 2.0402 61.9913 -3.1261 -0.0011 -0.0001 439 pedestrian_0006
Pedestrian 1.00 1.00 0 0 0 0 0 0 0 0 -1000.00 -1000.00 -1000.00 -1000.00 1.3390 0.3253 0.4816 84.7250 -6.7891 139.5465 0.1131 -0.0011 -0.0001 440 pedestrian_0014
Pedestrian 1.00 1.00 0 3 3 16 0 4 0 0 -1000.00 -1000.00 -1000.00 -1000.00 1.9158 0.4880 0.4896 -94.2072 1.9684 -10.7533 -1.7524 -0.0011 -0.0001 441 pedestrian_0025
Pedestrian 1.00 1.00 0 0 0 0 0 0 0 0 -1000.00 -1000.00 -1000.00 -1000.00 1.9158 0.4880 0.4673 -256.8781 1.8891 74.8765 -2.2107 -0.0011 -0.0001 442 pedestrian_0003
Pedestrian 1.00 1.00 0 0 0 0 0 0 0 0 -1000.00 -1000.00 -1000.00 -1000.00 1.9158 0.4880 0.7186 124.9089 2.0497 6.0879 1.5538 -0.0011 -0.0001 443 pedestrian_0024
Pedestrian 0.00 0.70 0 1 5 15 3 0 0 0 915.14 360.49 918.77 372.75 1.9158 0.4880 0.3754 6.7454 1.9919 -91.3253 1.9014 -0.0011 -0.0001 444 pedestrian_0007
Pedestrian 0.00 1.00 0 0 0 0 0 0 0 0 1799.76 361.02 1809.40 377.11 1.9158 0.4880 0.4108 -100.9752 2.0376 -70.7459 0.0307 -0.0011 -0.0001 445 pedestrian_0023
Pedestrian 1.00 1.00 0 0 0 0 0 0 0 0 -1000.00 -1000.00 -1000.00 -1000.00 1.9158 0.4880 0.6255 -229.0409 1.8528 106.2787 0.7080 -0.0011 -0.0001 446 pedestrian_0026
Pedestrian 0.00 1.00 0 0 0 0 0 0 0 0 460.68 333.23 463.73 336.69 1.1330 0.4333 0.6304 167.7575 -7.8706 -191.2666 -1.7471 -0.0011 -0.0001 447 pedestrian_0009
Pedestrian 0.00 1.00 0 0 0 0 0 0 0 0 877.32 339.65 879.11 343.89 1.9158 0.4880 0.7507 37.2350 -7.3407 -256.8186 -3.1252 -0.0011 -0.0001 448 pedestrian_0015
Pedestrian 1.00 1.00 0 0 0 0 0 0 0 0 -1000.00 -1000.00 -1000.00 -1000.00 1.9158 0.4880 0.3850 152.2714 2.0235 -81.5033 -2.9858 -0.0011 -0.0001 449 pedestrian_0017
Pedestrian 0.00 1.00 0 0 0 0 0 0 0 0 760.13 360.53 767.85 378.97 1.9158 0.4880 0.6679 20.4597 1.9707 -62.3393 0.1175 -0.0011 -0.0001 450 pedestrian_0023
Pedestrian 1.00 1.00 0 0 0 4 0 0 0 0 -1000.00 -1000.00 -1000.00 -1000.00 1.9158 0.4880 0.7507 -95.2228 1.8592 89.9017 1.5901 -0.0011 -0.0001 451 pedestrian_0001
Pedestrian 1.00 1.00 0 0 0 0 0 0 0 0 -1000.00 -1000.00 -1000.00 -1000.00 1.9158 0.4880 0.7468 -199.1950 2.0037 -69.0804 -1.6482 -0.0011 -0.0001 452 pedestrian_0017
Pedestrian 0.00 1.00 0 0 0 0 0 0 0 0 1623.49 368.64 1633.12 378.18 1.1330 0.4333 0.6332 -80.1398 2.1727 -70.9453 -3.1349 -0.0011 -0.0001 453 pedestrian_0011
Pedestrian 0.00 1.00 0 0 0 0 0 0 0 0 1463.32 360.73 1465.25 364.85 1.9158 0.4880 0.6393 -234.5075 2.2541 -262.2233 -0.7847 -0.0011 -0.0001 454 pedestrian_0018
Pedestrian 0.00 1.00 0 0 0 0 0 0 0 0 79.07 360.42 88.54 371.84 1.9158 0.4880 0.6981 147.5723 1.9873 -97.8312 1.5762 -0.0011 -0.0001 455 pedestrian_0021
Pedestrian 1.00 1.00 0 0 0 0 0 0 0 0 -1000.00 -1000.00 -1000.00 -1000.00 1.9158 0.4880 0.4837 180.0424 2.0025 -64.0215 -3.0746 -0.0011 -0.0001 456 pedestrian_0007
Pedestrian 0.00 0.70 0 0 0 8 0 0 0 0 918.53 360.51 921.39 371.22 1.9158 0.4880 0.7507 7.1879 2.0072 -103.9957 1.6096 -0.0011 -0.0001 457 pedestrian_0021
Pedestrian 1.00 1.00 0 0 0 0 0 0 0 0 -1000.00 -1000.00 -1000.00 -1000.00 1.9158 0.4880 0.5641 29.4993 -5.6809 102.0391 0.5257 -0.0011 -0.0001 458 pedestrian_0019
Pedestrian 1.00 1.00 0 0 0 0 0 0 0 0 -1000.00 -1000.00 -1000.00 -1000.00 1.1330 0.4333 0.5520 -115.3920 1.8008 134.9963 0.0315 -0.0011 -0.0001 459 pedestrian_0009
Pedestrian 1.00 1.00 0 0 0 2 0 0 0 0 -1000.00 -1000.00 -1000.00 -1000.00 1.9158 0.4880 0.6605 -127.9103 1.8149 133.4310 0.0171 -0.0011 -0.0001 460 pedestrian_0004
Pedestrian 1.00 1.00 0 0 0 0 0 0 0 0 -1000.00 -1000.00 -1000.00 -1000.00 1.3390 0.3253 0.4354 -96.8186 1.9144 31.1375 1.6948 -0.0011 -0.0001 461 pedestrian_0012
Pedestrian 1.00 1.00 0 0 0 0 0 0 0 0 -1000.00 -1000.00 -1000.00 -1000.00 1.9158 0.4880 0.5864 -111.1273 2.0098 -47.4481 1.6216 -0.0011 -0.0001 462 pedestrian_0006
Pedestrian 0.00 1.00 0 0 0 0 0 0 0 0 1714.30 364.93 1721.38 370.97 1.1330 0.4333 0.6667 -143.2696 2.0671 -109.2636 1.5146 -0.0011 -0.0001 463 pedestrian_0009
Pedestrian 0.00 1.00 0 0 0 0 0 0 0 0 924.88 362.30 926.50 366.48 1.3390 0.3253 0.5005 11.0331 2.0810 -182.7044 -1.0272 -0.0011 -0.0001 464 pedestrian_0014
Pedestrian 0.00 1.00 0 0 0 0 0 0 0 0 1204.79 362.83 1206.88 365.96 1.1330 0.4333 0.6667 -89.5250 2.1665 -206.3236 1.6340 -0.0011 -0.0001 465 pedestrian_0010
Pedestrian 1.00 1.00 19 27 40 423 0 0 17 0 -1000.00 -1000.00 -1000.00 -1000.00 1.9158 0.4880 0.7447 -1.6165 2.0196 23.8900 0.0202 -0.0011 -0.0001 466 pedestrian_0017
Pedestrian 1.00 1.00 0 0 0 0 0 0 0 0 -1000.00 -1000.00 -1000.00 -1000.00 1.9158 0.4880 0.3907 -62.7708 2.0393 1.1944 -3.0851 -0.0011 -0.0001 467 pedestrian_0004
Pedestrian 1.00 1.00 360 398 637 9286 0 0 0 109 -1000.00 -1000.00 -1000.00 -1000.00 1.9158 0.4880 0.4962 5.2574 1.8914 0.9388 -2.7543 -0.0011 -0.0001 468 pedestrian_0021
Pedestrian 0.00 1.00 0 0 0 0 0 0 0 0 130.42 364.05 136.77 372.67 1.3390 0.3253 0.4461 128.9597 1.9719 -90.9714 -1.5940 -0.0011 -0.0001 469 pedestrian_0013
Pedestrian 1.00 1.00 0 0 0 0 0 0 0 0 -1000.00 -1000.00 -1000.00 -1000.00 1.9158 0.4880 0.7064 146.1842 2.0477 6.5065 1.3016 -0.0011 -0.0001 470 pedestrian_0001
Pedestrian 1.00 1.00 0 0 0 0 0 0 0 0 -1000.00 -1000.00 -1000.00 -1000.00 1.9158 0.4880 0.5430 149.7578 2.0044 -63.7049 2.9097 -0.0011 -0.0001 471 pedestrian_0015
Pedestrian 1.00 1.00 0 0 0 2 0 0 0 0 -1000.00 -1000.00 -1000.00 -1000.00 1.9158 0.4880 0.7507 -76.3839 1.8081 135.1611 3.1271 -0.0011 -0.0001 472 pedestrian_0024
Pedestrian 0.00 1.00 0 0 0 0 0 0 0 0 1128.70 362.54 1129.99 366.79 1.3390 0.3253 0.3229 -53.4172 2.1400 -179.3116 -0.0784 -0.0011 -0.0001 473 pedestrian_0013
Pedestrian 0.00 1.00 0 0 0 0 0 0 0 0 1388.70 360.71 1390.04 364.57 1.9158 0.4880 0.4929 -213.4811 2.2690 -280.0547 2.5511 -0.0011 -0.0001 474 pedestrian_0018
Pedestrian 0.00 1.00 0 0 0 0 0 0 0 0 1181.84 362.51 1182.96 366.71 1.3390 0.3253 0.2724 -71.1051 2.1426 -181.6843 -1.9720 -0.0011 -0.0001 475 pedestrian_0012
Pedestrian 1.00 1.00 16 20 34 143 0 10 0 0 -1000.00 -1000.00 -1000.00 -1000.00 1.9158 0.4880 0.6680 -32.6416 1.9499 1.0411 0.0027 -0.0011 -0.0001 476 pedestrian_0026
Pedestrian 0.00 1.00 0 0 0 0 0 0 0 0 1209.60 360.69 1211.06 364.31 1.9158 0.4880 0.5224 -132.4868 2.2815 -297.8201 -2.9954 -0.0011 -0.0001 477 pedestrian_0016
Pedestrian 1.00 1.00 0 0 0 0 0 0 0 0 -1000.00 -1000.00 -1000.00 -1000.00 1.9158 0.4880 0.7507 113.9283 1.9356 2.8854 3.1320 -0.0011 -0.0001 478 pedestrian_0006
Pedestrian 0.00 1.00 0 0 0 0 0 0 0 0 1385.21 360.71 1386.96 364.56 1.9158 0.4880 0.5635 -212.2750 2.2701 -280.6108 2.8074 -0.0011 -0.0001 479 pedestrian_0001
Pedestrian 1.00 1.00 0 0 0 0 0 0 0 0 -1000.00 -1000.00 -1000.00 -1000.00 1.9158 0.4880 0.7507 102.7409 1.9350 4.2438 0.0369 -0.0011 -0.0001 480 pedestrian_0021
Car 0.00 1.00 0 0 0 0 0 0 0 0 876.28 361.73 885.94 368.64 1.6980 1.9434 4.1871 19.7767 2.1368 -143.5509 -1.5415 -0.0011 -0.0001 481 citroen_c3
Car 0.00 1.00 0 0 0 0 0 0 0 0 866.84 360.51 877.81 369.19 1.9718 2.0005 4.0595 20.2292 2.0903 -132.4923 -1.5415 -0.0011 -0.0001 482 jeep_wrangler_rubicon
Car 0.00 1.00 0 0 0 0 0 0 0 0 748.07 360.65 761.78 368.72 1.9718 2.0005 4.0595 50.8733 2.1330 -142.0428 1.6001 -0.0011 -0.0001 483 jeep_wrangler_rubicon
Car 0.00 1.00 0 0 0 0 0 0 0 0 879.84 360.51 890.38 369.18 1.9718 2.0005 4.0595 17.2893 2.0906 -132.5785 -1.5415 -0.0011 -0.0001 484 jeep_wrangler_rubicon
Car 0.00 1.00 0 0 0 0 0 0 0 0 1236.72 360.74 1260.79 370.14 1.9718 2.0005 4.0595 -61.1211 2.1279 -121.8389 0.0293 -0.0011 -0.0001 485 nissan_patrol
Car 0.00 1.00 0 0 0 0 0 0 0 0 1229.85 362.79 1253.11 370.03 1.5488 2.0688 3.9961 -61.0504 2.1588 -124.7330 -3.1123 -0.0011 -0.0001 486 nissan_patrol
Car 0.00 1.00 0 0 0 0 0 0 0 0 1246.56 363.36 1283.98 371.73 1.4855 2.1349 -5.6254 -55.1967 2.0986 -104.7571 -3.1123 -0.0011 -0.0001 487 nissan_patrol
Car 0.00 1.00 0 0 0 0 0 0 0 0 1207.56 362.25 1230.12 370.03 1.6244 1.8781 -3.8906 -54.7009 2.1030 -121.6494 0.0293 -0.0011 -0.0001 488 nissan_patrol
Car 0.00 1.00 0 0 0 0 0 0 0 0 1166.24 362.37 1200.39 372.86 1.7506 2.3538 -4.8416 -37.9003 2.1575 -98.6302 0.0293 -0.0011 -0.0001 489 nissan_patrol
Car 0.00 0.38 13 11 14 104 5 0 0 0 1139.69 360.74 1164.06 370.92 1.9718 2.0005 -4.0595 -37.5204 2.1163 -112.9234 -3.1123 -0.0011 -0.0001 490 nissan_patrol
Car 0.00 1.00 0 0 0 0 0 0 0 0 1303.07 360.82 1338.83 372.34 1.9476 2.0282 4.8347 -61.7390 2.0887 -99.3295 -3.1123 -0.0011 -0.0001 491 nissan_patrol
Car 0.00 1.00 0 0 0 0 0 0 0 0 1295.04 360.76 1325.12 372.07 1.9718 2.0005 4.0595 -61.7117 2.1068 -102.2241 -3.1123 -0.0011 -0.0001 492 nissan_patrol
Car 0.00 1.00 0 0 0 0 0 0 0 0 1198.86 362.58 1225.93 371.98 1.6244 1.8781 3.8906 -44.2562 2.0806 -101.7130 0.0293 -0.0011 -0.0001 493 nissan_patrol
Car 0.00 1.00 0 0 0 0 0 0 0 0 1191.45 363.23 1218.72 371.96 1.5488 2.0688 3.9961 -44.1752 2.1354 -104.4356 -3.1123 -0.0011 -0.0001 494 nissan_patrol
Car 0.00 1.00 0 0 0 0 0 0 0 0 1169.85 359.81 1198.36 370.84 2.1397 2.1728 4.7017 -43.8973 2.1036 -113.1115 -3.1123 -0.0011 -0.0001 495 nissan_patrol
Car 0.00 1.00 0 0 0 2 0 0 0 0 1153.69 360.77 1180.24 370.10 1.9476 2.0282 4.8347 -43.6085 2.1109 -121.3240 -3.1123 -0.0011 -0.0001 496 nissan_patrol
Car 0.00 1.00 0 0 0 1 0 0 0 0 1150.76 362.74 1172.94 369.82 1.5100 1.8730 4.1000 -43.5909 2.1058 -124.2210 -3.1123 -0.0011 -0.0001 497 nissan_patrol
Car 0.00 0.52 5 9 18 73 1 0 0 0 1100.24 363.08 1124.41 371.38 1.5488 2.0688 3.9961 -28.9166 2.1399 -109.7755 0.0293 -0.0011 -0.0001 498 nissan_patrol
Car 0.00 0.97 0 0 0 4 0 0 0 0 1095.98 362.96 1119.66 370.81 1.5100 1.8730 4.1000 -28.8357 2.0920 -112.6694 0.0293 -0.0011 -0.0001 499 nissan_patrol
Car 0.00 0.76 0 0 0 13 0 0 0 0 1090.19 360.78 1117.09 370.61 1.9476 2.0282 4.8347 -28.7097 2.1032 -115.3505 -3.1123 -0.0011 -0.0001 500 nissan_patrol
Car 0.00 0.37 29 34 59 217 7 0 0 0 1079.83 359.67 1110.94 372.48 2.1397 2.1728 -4.7017 -22.8617 2.0857 -98.1894 -3.1123 -0.0011 -0.0001 501 nissan_patrol
Car 0.00 0.48 1 3 5 37 3 0 0 0 1075.14 360.80 1105.76 372.11 1.9476 2.0282 -4.8347 -22.7100 2.0873 -101.0814 0.0293 -0.0011 -0.0001 502 nissan_patrol
Car 0.00 0.43 12 10 19 82 3 0 0 0 1058.36 362.29 1079.30 370.31 1.6244 1.8781 -3.8906 -22.2846 2.0964 -118.0584 -3.1123 -0.0011 -0.0001 503 nissan_patrol
Car 0.00 0.47 0 3 8 22 3 0 0 0 1053.43 362.03 1078.86 370.50 1.7506 2.3538 -4.8416 -22.2316 2.1800 -120.6970 -3.1123 -0.0011 -0.0001 504 nissan_patrol
Car 0.00 1.00 0 0 0 0 0 0 0 0 858.11 360.58 868.97 368.45 1.9476 2.0282 4.8347 24.2726 2.0934 -144.0882 1.6001 -0.0011 -0.0001 505 nissan_patrol
Car 0.00 1.00 0 0 0 0 0 0 0 0 759.04 362.25 772.53 368.65 1.5475 1.9070 4.4025 48.0638 2.1104 -141.7236 1.6001 -0.0011 -0.0001 506 seat_leon
Car 0.00 1.00 0 0 0 0 0 0 0 0 818.08 358.20 833.70 368.72 2.5908 2.7453 5.4640 33.6592 2.1507 -143.7500 1.6001 -0.0011 -0.0001 507 carlamotors_carlacola
Car 0.00 1.00 0 0 0 0 0 0 0 0 499.63 358.38 526.31 368.36 2.5908 2.7453 5.4640 118.1360 2.1728 -151.0347 -1.5415 -0.0011 -0.0001 508 carlamotors_carlacola
Car 0.00 1.00 0 0 0 0 0 0 0 0 485.85 358.37 513.07 368.37 2.5908 2.7453 5.4640 121.6231 2.1724 -150.9324 -1.5415 -0.0011 -0.0001 509 carlamotors_carlacola
Car 0.00 1.00 0 0 0 0 0 0 0 0 398.92 357.29 437.42 369.57 2.5908 2.7453 5.4640 115.6723 2.0205 -122.8562 -3.1123 -0.0011 -0.0001 510 carlamotors_carlacola
Car 0.00 1.00 0 0 0 0 0 0 0 0 835.69 358.21 850.61 368.72 2.5908 2.7453 5.4640 29.3501 2.1512 -143.8764 1.6001 -0.0011 -0.0001 511 carlamotors_carlacola
Car 0.89 1.00 0 0 0 0 0 0 0 0 0.00 356.31 31.09 405.23 2.2031 2.5091 6.5872 54.2233 2.0403 -32.9364 1.0765 -0.0011 -0.0001 512 tesla_cybertruck