Car 0.00 1.00 0 0 0 0 0 0 0 0 716.46 340.46 728.93 343.90 1.5542 2.3421 5.1370 115.5285 -7.8958 -274.3442 0.1343 -0.0015 0.0040 0 lincoln2020_mkz2020
Car 1.00 1.00 6674 237705 380696 0 0 0 0 0 -1000.00 -1000.00 -1000.00 -1000.00 2.1397 2.1728 4.7045 -0.0005 2.0932 -2.2389 1.5708 0.0000 0.0000 1 volkswagen_t2
Motorcycle 1.00 1.00 0 0 0 0 0 0 0 0 -1000.00 -1000.00 -1000.00 -1000.00 1.6960 1.0692 2.4735 -99.9102 2.1289 105.6878 0.0834 0.0032 0.0012 2 harley_davidson_low_rider
Motorcycle 0.00 1.00 0 0 0 0 0 0 0 0 1123.52 360.78 1128.84 364.01 1.6960 1.0692 2.4735 -87.9029 2.1115 -297.6710 0.0943 0.0061 -0.0001 3 harley_davidson_low_rider
Car 0.36 1.00 0 0 0 0 0 0 0 0 0.00 364.67 56.31 380.34 1.6320 2.1403 5.2230 102.0194 2.1446 -64.2037 -3.0459 -0.0010 0.0000 4 dodge_charger_police
Car 1.00 1.00 0 0 1 3 0 0 0 0 -1000.00 -1000.00 -1000.00 -1000.00 1.5542 2.3421 5.1370 -65.5188 2.1390 105.0452 0.0979 0.0007 0.0000 5 lincoln2020_mkz2020
Car 0.00 1.00 0 0 0 0 0 0 0 0 1107.12 361.34 1117.15 364.27 1.4546 2.0938 4.3903 -76.2919 2.1300 -282.4482 -3.0436 -0.0003 -0.0000 6 audi_tt
Car 0.00 1.00 0 0 0 0 0 0 0 0 900.01 363.40 908.52 371.26 1.4477 1.5550 2.3177 10.4060 2.0816 -107.8784 1.6812 -0.0057 -0.0000 7 bmw_isetta
Car 0.00 1.00 0 0 0 0 0 0 0 0 1132.59 360.82 1144.56 364.24 1.7173 2.2591 5.2781 -90.0249 2.1391 -283.9189 -3.0457 -0.0075 -0.0003 8 mercedes_benz_coupe
Car 1.00 1.00 41 57 93 648 0 0 23 0 -1000.00 -1000.00 -1000.00 -1000.00 1.4812 2.1349 5.6254 8.9062 2.0903 63.7148 0.6333 -0.0002 -0.0153 9 chevrolet_impala
Car 1.00 1.00 0 0 0 0 0 0 0 0 -1000.00 -1000.00 -1000.00 -1000.00 1.6115 2.2019 5.2564 132.9397 2.0800 7.2914 -1.4576 -0.0010 0.0007 10 charger2020_charger2020
Car 0.00 1.00 0 0 0 0 0 0 0 0 514.27 359.72 549.27 370.62 2.2031 2.5091 6.5872 89.1351 2.1454 -119.9857 1.6335 0.0008 0.0001 11 tesla_cybertruck
Car 0.00 1.00 0 0 0 0 0 0 0 0 1812.86 364.04 1867.92 374.33 1.5140 2.1024 4.9073 -132.5948 2.1312 -87.9902 3.1331 0.0001 -0.0000 12 mercedesccc_mercedesccc
Car 0.00 1.00 0 0 0 0 0 0 0 0 525.18 361.61 546.49 367.96 1.6980 1.9434 4.1871 114.7849 2.1375 -154.4989 -3.0444 -0.0001 -0.0000 13 citroen_c3
Car 0.00 1.00 0 0 0 0 0 0 0 0 104.58 365.85 189.23 379.89 1.4812 2.1349 5.6254 89.3614 2.1396 -65.4646 -3.0437 0.0003 -0.0000 14 chevrolet_impala
Car 0.00 1.00 0 0 0 0 0 0 0 0 409.80 361.81 438.43 368.38 1.6320 2.1403 5.2230 140.7091 2.1388 -150.0909 -2.4623 -0.0008 0.0101 15 dodge_charger_police
Car 0.00 0.83 0 3 3 15 1 0 0 0 932.26 361.68 949.38 366.94 1.5863 2.2347 5.1468 5.9239 2.1147 -175.3751 0.0947 0.0002 -0.0027 16 lincoln_mkz2017
Car 1.00 1.00 0 0 0 4 0 0 0 0 -1000.00 -1000.00 -1000.00 -1000.00 1.7318 2.1344 5.0985 -42.7913 1.5426 107.2681 0.0924 -0.0697 0.0004 17 audi_etron
Car 0.00 0.91 0 2 4 7 6 0 0 0 953.22 361.20 969.54 366.92 1.7506 2.3538 4.8416 -0.4123 2.1244 -175.9813 0.0962 0.0001 -0.0000 18 bmw_grandtourer
Car 1.00 1.00 26 25 44 231 0 0 0 4 -1000.00 -1000.00 -1000.00 -1000.00 1.5765 1.9374 3.8150 62.5407 2.1239 34.4010 -1.4891 0.0001 -0.0000 19 nissan_micra
Motorcycle 0.00 1.00 0 1 0 1 0 0 0 0 929.53 361.43 934.17 368.30 1.6960 1.0692 2.4735 7.0773 2.0622 -143.7503 -1.4812 0.0031 -0.0000 20 harley_davidson_low_rider
Car 0.00 1.00 0 0 0 0 0 0 0 0 1004.92 361.70 1018.17 366.82 1.5765 1.9374 3.8150 -16.0832 2.1140 -177.5217 0.1047 0.0019 -0.0000 21 nissan_micra
Car 1.00 1.00 0 0 0 0 0 0 0 0 -1000.00 -1000.00 -1000.00 -1000.00 1.7203 2.2019 5.4994 142.0632 2.1119 -58.4789 1.2000 0.0003 -0.0002 22 chargercop2020_chargercop2020
Car 0.00 0.00 2368 2596 4135 42018 603 0 0 0 1104.00 405.00 1458.38 590.00 1.5475 1.9070 4.4025 -3.0674 2.0797 -10.8280 1.6547 0.0001 -0.0000 23 seat_leon
Car 0.00 1.00 0 0 0 0 0 0 0 0 1098.52 361.63 1106.23 364.66 1.3660 1.9896 4.9534 -65.4597 2.1231 -259.3763 -1.5061 0.0000 -0.0000 24 mustang_mustang
Cyclist 1.00 1.00 0 0 0 1 0 0 0 0 -1000.00 -1000.00 -1000.00 -1000.00 1.9709 0.6705 1.7250 -88.7959 2.1239 21.2314 -1.4746 0.0051 -0.0000 25 diamondback_century
Cyclist 1.00 1.00 1 2 2 6 0 1 0 0 -1000.00 -1000.00 -1000.00 -1000.00 1.7065 0.8593 1.4873 -76.8082 2.0931 7.6201 -3.0438 0.0034 0.0002 26 bh_crossbike
Car 0.00 1.00 0 0 0 0 0 0 0 0 1621.77 360.02 1670.33 375.00 2.1397 2.1728 4.7045 -99.7182 2.1444 -85.0757 -3.0559 0.0020 -0.0002 27 volkswagen_t2
Car 1.00 1.00 0 0 0 0 0 0 0 0 -1000.00 -1000.00 -1000.00 -1000.00 1.9718 2.0005 4.0595 -101.2483 2.1185 55.3568 -2.7827 -0.0054 -0.0038 28 jeep_wrangler_rubicon
Car 1.00 1.00 6 7 14 58 0 0 0 2 -1000.00 -1000.00 -1000.00 -1000.00 1.5627 2.2716 5.0314 112.1342 2.1410 18.7243 0.1950 0.0001 0.0000 29 tesla_model3
Car 0.00 1.00 0 0 0 0 0 0 0 0 960.99 362.33 976.84 367.40 1.4546 2.0938 4.3903 -2.5821 2.1359 -165.7674 -3.0354 -0.0005 -0.0000 30 audi_tt
Car 1.00 1.00 0 0 0 0 0 0 0 0 -1000.00 -1000.00 -1000.00 -1000.00 1.5488 2.0688 3.9961 144.1258 2.1004 -69.1593 1.6678 0.0007 -0.0006 31 mini_cooperst
Car 1.00 1.00 814 936 1469 42693 0 0 141 88 -1000.00 -1000.00 -1000.00 -1000.00 1.6011 2.1072 4.7392 9.4833 2.1372 12.2116 -3.0295 -0.0007 0.0001 32 toyota_prius
Car 1.00 1.00 0 0 0 0 0 0 0 0 -1000.00 -1000.00 -1000.00 -1000.00 2.1397 2.1728 4.7045 -150.1273 2.1452 -85.8217 -1.3866 -0.0001 -0.0000 33 volkswagen_t2
Car 0.00 1.00 0 0 0 0 0 0 0 0 1556.82 361.31 1576.34 365.48 1.6011 2.1072 4.7392 -238.6323 2.1274 -222.5628 -1.3030 -0.0000 0.0018 34 toyota_prius
Car 1.00 1.00 0 0 0 0 0 0 0 0 -1000.00 -1000.00 -1000.00 -1000.00 1.3660 1.9896 4.9534 77.6216 2.1338 -8.3821 1.6772 0.0000 -0.0000 35 mustang_mustang
Car 1.00 1.00 9 9 18 51 0 0 0 1 -1000.00 -1000.00 -1000.00 -1000.00 1.6011 2.1072 4.7392 93.6086 2.1362 20.3357 -3.0481 0.0027 -0.0000 36 toyota_prius
Car 0.00 0.99 33 27 47 187 52 0 0 0 932.98 362.36 965.63 375.25 1.7506 2.3538 4.8416 1.5603 2.0973 -83.3366 2.1782 -0.0000 0.0003 37 bmw_grandtourer
Car 0.00 1.00 0 0 0 0 0 0 0 0 794.69 359.79 819.52 367.48 2.2031 2.5091 6.5872 44.2003 2.1442 -164.8350 -3.0496 -0.0010 -0.0000 38 tesla_cybertruck
Motorcycle 1.00 1.00 0 2 4 11 0 0 0 1 -1000.00 -1000.00 -1000.00 -1000.00 1.6387 1.2138 2.3199 134.5637 2.0930 29.6330 1.6681 0.0021 -0.0002 39 yamaha_yzf
Car 1.00 1.00 15 32 44 181 0 10 0 0 -1000.00 -1000.00 -1000.00 -1000.00 1.9476 2.0282 4.8347 -78.1656 2.1235 -16.7086 1.6607 -0.0003 -0.0000 40 nissan_patrol
Car 0.00 0.99 11 19 23 87 14 0 0 0 920.01 362.90 938.86 374.27 1.6115 2.2019 5.2564 4.7099 2.0885 -89.1619 1.7578 0.0080 0.0008 41 charger2020_charger2020
Car 0.00 1.00 0 0 0 0 0 0 0 0 452.95 361.67 470.00 367.49 1.6115 2.2019 5.2564 144.4016 2.1199 -165.0163 -0.5354 0.0009 0.0059 42 charger2020_charger2020
Motorcycle 1.00 1.00 0 1 0 2 0 0 0 0 -1000.00 -1000.00 -1000.00 -1000.00 1.6649 1.0692 2.4735 65.2503 2.1251 37.3928 -1.4011 0.0031 -0.0000 43 harley_davidson_low_rider
Car 0.00 1.00 0 0 0 0 0 0 0 0 1146.83 361.63 1159.50 366.25 1.5542 2.3421 5.1370 -66.5919 2.1260 -195.6383 1.6278 0.0001 0.0000 44 lincoln2020_mkz2020
Motorcycle 1.00 1.00 0 0 0 0 0 0 0 0 -1000.00 -1000.00 -1000.00 -1000.00 1.6960 1.0692 2.4735 77.0180 2.1237 -2.9569 1.6741 0.0030 0.0001 45 harley_davidson_low_rider
Cyclist 0.00 1.00 0 0 0 0 0 0 0 0 429.66 361.11 444.05 373.40 1.9310 0.5921 1.9272 83.1067 2.1097 -92.5397 1.6605 -0.0040 0.0000 46 gazelle_omafiets
Car 1.00 1.00 50 58 101 419 0 0 0 13 -1000.00 -1000.00 -1000.00 -1000.00 1.7318 2.1344 5.0985 51.6278 2.1516 13.0916 0.0699 0.0000 -0.0000 47 audi_etron
Car 1.00 1.00 0 0 0 0 0 0 0 0 -1000.00 -1000.00 -1000.00 -1000.00 1.9476 2.0282 4.8347 135.0495 2.0660 -47.1863 -1.4706 -0.0003 -0.0000 48 nissan_patrol
Car 1.00 1.00 95 95 154 1280 0 0 76 0 -1000.00 -1000.00 -1000.00 -1000.00 1.7203 2.2019 5.4994 -2.2185 2.0852 42.2011 1.2978 0.0004 -0.0021 49 chargercop2020_chargercop2020
Car 0.00 1.00 0 0 0 0 0 0 0 0 1793.06 362.85 1835.96 372.63 1.6244 1.8781 3.8906 -147.4174 2.1290 -100.1319 2.0668 -0.0005 -0.0012 50 audi_a2
Car 0.00 1.00 0 0 0 0 0 0 0 0 973.15 361.73 990.57 366.90 1.5863 2.2347 5.1468 -6.7813 2.1290 -176.7533 0.1036 0.0000 -0.0000 51 lincoln_mkz2017
Cyclist 1.00 1.00 0 0 0 0 0 0 0 0 -1000.00 -1000.00 -1000.00 -1000.00 1.9709 0.6705 1.7250 -154.6378 2.1198 -78.3019 -1.4783 0.0050 0.0000 52 diamondback_century
Cyclist 0.00 1.00 6 9 11 47 8 0 0 0 958.24 361.13 971.15 376.01 1.9311 0.5921 1.9272 -0.6240 2.0816 -77.3619 0.8596 -0.0043 -0.0004 53 gazelle_omafiets
Car 1.00 1.00 0 0 0 0 0 0 0 0 -1000.00 -1000.00 -1000.00 -1000.00 1.7173 2.2591 5.2781 147.0618 2.1188 -62.9983 1.6677 -0.0079 -0.0009 54 mercedes_benz_coupe
Car 0.00 1.00 0 0 0 0 0 0 0 0 669.29 361.75 683.12 366.70 1.5542 2.3421 5.1370 91.4741 2.1261 -183.1968 1.6927 0.0001 -0.0000 55 lincoln2020_mkz2020
Car 0.00 1.00 0 5 9 24 4 0 0 0 902.28 361.14 920.08 367.14 1.7506 2.3538 4.8416 14.6547 2.1053 -171.0007 -2.4518 -0.0001 0.0035 56 bmw_grandtourer
Car 1.00 1.00 0 0 0 0 0 0 0 0 -1000.00 -1000.00 -1000.00 -1000.00 1.4546 2.0938 4.3903 75.1130 2.1412 -18.9573 1.6667 -0.0000 -0.0000 57 audi_tt
Car 0.00 1.00 0 0 0 0 0 0 0 0 1806.49 362.70 1857.24 373.75 1.7173 2.2591 5.2781 -137.7426 2.1477 -92.0623 -3.0155 -0.0071 -0.0002 58 mercedes_benz_coupe
Car 0.00 1.00 0 0 0 0 0 0 0 0 491.35 364.21 544.48 376.15 1.5542 2.3421 5.1370 59.3835 2.1308 -79.0170 0.0990 0.0001 -0.0000 59 lincoln2020_mkz2020
Car 1.00 1.00 0 7 11 67 0 0 0 0 -1000.00 -1000.00 -1000.00 -1000.00 2.1397 2.1728 4.7045 126.5827 2.0946 40.2693 -1.4909 0.0001 -0.0000 60 volkswagen_t2
Car 1.00 1.00 0 0 0 0 0 0 0 0 -1000.00 -1000.00 -1000.00 -1000.00 1.7506 2.3538 4.8416 215.4659 2.1313 -37.6830 -1.4959 -0.0033 0.0001 61 bmw_grandtourer
Car 0.00 1.00 0 0 0 0 0 0 0 0 673.42 361.49 685.49 366.36 1.6320 2.1403 5.2230 95.2841 2.1391 -192.7824 1.7238 -0.0018 0.0018 62 dodge_charger_police
Car 0.00 1.00 0 5 3 8 1 0 0 0 899.16 362.13 910.40 372.01 1.6980 1.9434 4.1871 9.8080 2.0848 -102.8812 1.6729 0.0000 0.0000 63 citroen_c3
Car 0.00 1.00 0 0 0 0 0 0 0 0 442.82 363.78 483.45 373.11 1.4812 2.1349 5.6254 83.5399 2.1383 -97.7875 1.6552 0.0001 -0.0000 64 chevrolet_impala
Car 0.00 0.98 34 48 69 267 30 0 0 0 992.87 364.15 1024.13 380.34 1.6115 2.2019 5.2564 -5.1304 2.0781 -63.9003 -1.4291 -0.0001 0.0006 65 charger2020_charger2020
Car 1.00 1.00 0 6 8 30 0 0 0 4 -1000.00 -1000.00 -1000.00 -1000.00 1.3660 1.9896 4.9534 128.6085 2.0872 16.5652 0.1117 -0.0012 0.0022 66 mustang_mustang
Motorcycle 1.00 1.00 0 0 0 0 0 0 0 0 -1000.00 -1000.00 -1000.00 -1000.00 1.5852 1.1236 2.1350 70.6739 2.1027 56.1965 1.6734 -0.0029 -0.0000 67 kawasaki_ninja
Car 0.42 1.00 0 0 0 0 0 0 0 0 1895.92 363.30 1920.00 372.65 1.5488 2.0688 3.9961 -161.9712 2.1147 -98.3306 0.0990 0.0000 -0.0000 68 mini_cooperst
Car 0.32 1.00 0 0 0 0 0 0 0 0 1872.39 363.53 1920.00 373.84 1.5542 2.3421 5.1370 -150.2046 2.1301 -92.4235 -1.4377 -0.0001 -0.0003 69 lincoln2020_mkz2020
Car 0.00 1.00 0 0 0 0 0 0 0 0 1345.24 361.20 1385.00 375.93 1.9718 2.0005 4.0595 -55.0628 2.1377 -79.8485 -3.0442 -0.0044 -0.0001 70 jeep_wrangler_rubicon
Car 0.00 1.00 0 0 0 0 0 0 0 0 979.54 361.22 996.24 367.04 1.7506 2.3538 4.8416 -8.4633 2.1245 -172.9908 0.0602 0.0001 -0.0000 71 bmw_grandtourer
Car 1.00 1.00 0 0 0 0 0 0 0 0 -1000.00 -1000.00 -1000.00 -1000.00 2.2031 2.5091 6.5872 232.6750 2.1457 -108.8994 1.6243 -0.0000 0.0012 72 tesla_cybertruck
Car 1.00 1.00 0 0 0 14 0 1 0 0 -1000.00 -1000.00 -1000.00 -1000.00 1.6244 1.8781 3.8906 -87.7222 2.1374 82.2284 1.6655 -0.0004 -0.0011 73 audi_a2
Car 0.00 1.00 0 0 0 0 0 0 0 0 623.11 361.56 642.25 368.42 1.7203 2.2019 5.4994 84.5406 2.1322 -147.7183 -1.4584 -0.0001 0.0006 74 chargercop2020_chargercop2020
Car 1.00 1.00 0 0 0 0 0 0 0 0 -1000.00 -1000.00 -1000.00 -1000.00 1.6320 2.1403 5.2230 -89.2864 2.1517 62.3629 1.6666 -0.0028 0.0001 75 dodge_charger_police
Car 1.00 1.00 65 61 89 337 0 0 0 13 -1000.00 -1000.00 -1000.00 -1000.00 1.5140 2.1024 4.9073 49.2696 2.1349 9.0329 0.0929 0.0001 -0.0000 76 mercedesccc_mercedesccc
Car 0.00 1.00 0 0 0 0 0 0 0 0 678.99 361.48 689.37 366.44 1.6244 1.8781 3.8906 91.9901 2.1248 -189.3712 1.6816 -0.0004 -0.0011 77 audi_a2
Car 0.00 1.00 0 0 0 0 0 0 0 0 1318.61 363.51 1354.35 375.17 1.6244 1.8781 3.8906 -53.5071 2.1300 -83.2909 -3.0551 -0.0004 -0.0011 78 audi_a2
Car 0.00 1.00 0 0 2 1 0 0 0 0 919.84 361.17 931.06 366.73 1.7203 2.2019 5.4994 10.8453 2.0912 -178.8657 -1.7642 -0.0075 0.0048 79 chargercop2020_chargercop2020
Car 1.00 1.00 0 0 0 0 0 0 0 0 -1000.00 -1000.00 -1000.00 -1000.00 2.1397 2.1728 4.7045 -197.9350 2.1102 -103.0366 -2.2467 0.0117 -0.0038 80 volkswagen_t2
Car 0.00 1.00 0 0 0 0 0 0 0 0 711.83 362.12 724.15 366.11 1.3660 1.9896 4.9534 85.3077 2.1251 -199.9158 -1.6190 -0.0001 0.0003 81 mustang_mustang
Car 0.00 1.00 0 0 0 0 0 0 0 0 547.46 363.14 602.98 376.82 1.7203 2.2019 5.4994 49.8311 2.1355 -76.3720 0.1714 0.0004 0.0004 82 chargercop2020_chargercop2020
Car 0.00 1.00 0 0 0 0 0 0 0 0 831.18 340.29 840.16 343.86 1.6244 1.8781 3.8906 58.7292 -7.6599 -266.3735 -3.0698 0.0638 -0.0034 83 audi_a2
Car 1.00 1.00 0 0 0 0 0 0 0 0 -1000.00 -1000.00 -1000.00 -1000.00 1.6244 1.8781 3.8906 78.2316 2.1326 -14.3686 1.6681 -0.0004 -0.0011 84 audi_a2
Car 0.00 1.00 0 0 0 0 0 0 0 0 305.69 362.89 334.47 368.21 1.3660 1.9896 4.9534 167.2119 2.1273 -149.3348 -3.0623 0.0000 -0.0000 85 mustang_mustang
Car 1.00 1.00 0 0 0 0 0 0 0 0 -1000.00 -1000.00 -1000.00 -1000.00 1.6244 1.8781 3.8906 188.4407 -7.8684 -27.7952 1.6491 -0.0006 -0.0011 86 audi_a2
Car 0.00 1.00 0 0 0 0 0 0 0 0 1204.52 360.49 1219.81 366.63 1.9718 2.0005 4.0595 -81.6727 2.1320 -184.0153 0.1202 -0.0004 -0.0001 87 jeep_wrangler_rubicon
Car 1.00 1.00 0 1 0 0 0 0 0 0 -1000.00 -1000.00 -1000.00 -1000.00 1.9718 2.0005 4.0595 182.1529 -7.6607 60.7328 1.8682 0.0046 0.0052 88 jeep_wrangler_rubicon
Car 1.00 1.00 0 0 0 0 0 0 0 0 -1000.00 -1000.00 -1000.00 -1000.00 1.3660 1.9896 4.9534 -5.4858 -2.4968 107.3912 0.1009 -0.1156 -0.0004 89 mustang_mustang
Motorcycle 1.00 1.00 48 65 105 1308 0 0 12 0 -1000.00 -1000.00 -1000.00 -1000.00 1.6649 1.0692 2.4735 -13.3614 2.0693 24.3796 -1.4863 0.0031 -0.0000 90 harley_davidson_low_rider
Car 0.00 1.00 0 0 0 0 0 0 0 0 1110.12 361.11 1114.68 364.15 1.5475 1.9070 4.4025 -78.5193 2.1231 -290.0816 1.3857 0.0001 0.0000 91 seat_leon
Motorcycle 1.00 1.00 0 0 0 0 0 0 0 0 -1000.00 -1000.00 -1000.00 -1000.00 1.6387 1.2138 2.3199 137.4842 2.0898 -0.5773 1.6543 -0.0001 0.0000 92 yamaha_yzf
Cyclist 1.00 1.00 0 0 0 0 0 0 0 0 -1000.00 -1000.00 -1000.00 -1000.00 1.9311 0.5921 1.9272 -128.0777 2.0783 53.6310 -3.0520 -0.0029 -0.0003 93 gazelle_omafiets
Car 0.00 1.00 0 0 0 0 0 0 0 0 1848.77 363.82 1896.57 373.59 1.5140 2.1024 4.9073 -145.2630 2.1306 -92.7172 -3.0240 0.0000 -0.0000 94 mercedesccc_mercedesccc
Car 0.00 1.00 0 1 2 2 0 0 0 0 900.19 361.93 908.15 366.60 1.4546 2.0938 4.3903 17.8353 2.0787 -181.4003 1.7727 0.0001 -0.0000 95 audi_tt
Car 1.00 1.00 34 6 16 61 0 1 0 0 -1000.00 -1000.00 -1000.00 -1000.00 2.1397 2.1728 4.7045 -81.8275 2.1482 -17.1169 1.6741 0.0001 -0.0000 96 volkswagen_t2
Car 1.00 1.00 1 0 1 0 0 0 0 0 -1000.00 -1000.00 -1000.00 -1000.00 1.5140 2.1024 4.9073 -89.2756 2.1361 26.0450 -1.4741 0.0001 -0.0000 97 mercedesccc_mercedesccc
Car 1.00 1.00 0 0 0 0 0 0 0 0 -1000.00 -1000.00 -1000.00 -1000.00 1.4812 2.1349 5.6254 218.2274 2.1408 -32.1119 -1.4968 0.0000 -0.0000 98 chevrolet_impala
Car 1.00 1.00 0 0 0 0 0 0 0 0 -1000.00 -1000.00 -1000.00 -1000.00 1.5765 1.9374 3.8150 130.1462 2.0684 40.3340 -1.4863 0.0002 -0.0000 99 nissan_micra
Motorcycle 1.00 1.00 0 0 0 0 0 0 0 0 -1000.00 -1000.00 -1000.00 -1000.00 1.5853 1.1236 2.1350 73.7652 2.0995 -5.4061 1.6690 -0.0000 -0.0000 100 kawasaki_ninja
Car 0.00 1.00 0 0 0 0 0 0 0 0 1140.19 360.47 1151.08 366.01 1.9476 2.0282 4.8347 -66.1254 2.1152 -201.9846 1.6281 -0.0003 -0.0000 101 nissan_patrol
Car 1.00 1.00 7 6 9 35 0 3 0 0 -1000.00 -1000.00 -1000.00 -1000.00 2.1397 2.1728 4.7045 -81.4944 2.1511 18.4576 1.6690 -0.0035 -0.0001 102 volkswagen_t2
Car 1.00 1.00 1 0 0 2 0 0 0 0 -1000.00 -1000.00 -1000.00 -1000.00 1.3660 1.9896 4.9534 -92.1527 2.1355 18.6238 -1.4844 0.0001 0.0000 103 mustang_mustang
Car 1.00 1.00 0 0 0 0 0 0 0 0 -1000.00 -1000.00 -1000.00 -1000.00 1.5627 2.2716 5.0314 67.1983 2.1429 58.4678 1.7068 0.0001 -0.0000 104 tesla_model3
Car 0.00 1.00 0 0 0 0 0 0 0 0 165.58 364.67 244.54 378.75 1.5542 2.3421 5.1370 88.5414 2.1296 -69.5847 -2.8747 0.0069 -0.0005 105 lincoln2020_mkz2020
Car 0.00 1.00 0 0 0 0 0 0 0 0 639.20 362.16 657.32 368.36 1.5627 2.2716 5.0314 80.9868 2.1337 -148.5451 -1.4726 0.0001 -0.0000 106 tesla_model3
Car 0.00 1.00 0 0 0 0 0 0 0 0 1628.02 364.40 1685.15 378.25 1.5765 1.9374 3.8150 -83.3480 2.1196 -70.8719 -1.4608 0.0001 -0.0000 107 nissan_micra
Cyclist 0.00 1.00 0 0 0 0 0 0 0 0 1398.03 361.24 1414.02 374.72 1.9311 0.5921 1.9272 -64.1946 2.1105 -84.2521 -3.0409 -0.0041 -0.0000 108 gazelle_omafiets
Cyclist 0.00 1.00 0 0 0 0 0 0 0 0 170.80 322.19 182.92 330.05 1.9311 0.5921 1.9272 204.9475 -7.8934 -149.5345 1.6873 -0.0035 -0.0008 109 gazelle_omafiets
Car 0.00 0.32 44 42 61 248 26 0 0 0 967.56 366.17 994.98 382.25 1.4546 2.0938 4.3903 -2.0289 2.0842 -58.6958 -1.4706 0.0001 -0.0000 110 audi_tt
Car 0.00 1.00 0 0 0 0 0 0 0 0 1354.45 361.19 1397.54 375.05 1.9476 2.0282 4.8347 -59.5013 2.1205 -83.7970 -3.0414 -0.0003 -0.0000 111 nissan_patrol
Car 0.00 0.30 1 3 5 18 2 0 0 0 919.46 363.73 933.09 373.01 1.4546 2.0938 4.3903 5.5648 2.0826 -95.5178 1.6640 0.0001 -0.0000 112 audi_tt
Car 0.00 1.00 0 0 0 0 0 0 0 0 420.88 361.05 443.26 367.02 1.7506 2.3538 4.8416 157.8179 2.0687 -170.2218 1.6645 0.0000 -0.0000 113 bmw_grandtourer
Car 0.00 0.72 0 4 4 16 2 0 0 0 941.05 360.41 950.20 368.21 1.9718 2.0005 4.0595 3.7079 2.0779 -146.8313 -1.4566 -0.0003 -0.0001 114 jeep_wrangler_rubicon
Motorcycle 1.00 1.00 0 0 0 0 0 0 0 0 -1000.00 -1000.00 -1000.00 -1000.00 1.6387 1.2138 2.3199 143.6826 2.1139 -64.4248 1.6679 0.0006 -0.0005 115 yamaha_yzf
Car 0.00 1.00 0 0 0 0 0 0 0 0 723.95 361.37 745.20 367.20 1.7203 2.2019 5.4994 67.1978 2.1312 -169.7679 0.1397 -0.0001 0.0006 116 chargercop2020_chargercop2020
Car 1.00 1.00 0 0 0 0 0 0 0 0 -1000.00 -1000.00 -1000.00 -1000.00 1.6980 1.9434 4.1871 109.8380 2.1416 -63.4230 -3.0632 0.0001 -0.0000 117 citroen_c3
Car 0.00 1.00 0 0 0 0 0 0 0 0 1245.92 361.08 1258.58 364.27 1.5542 2.3421 5.1370 -147.4291 2.1226 -284.1207 3.0361 -0.0017 -0.0082 118 lincoln2020_mkz2020
Car 0.00 1.00 0 0 0 0 0 0 0 0 137.38 355.13 244.61 384.25 2.5908 2.7453 5.4640 72.1017 2.1570 -56.6471 -1.4644 0.0001 -0.0000 119 carlamotors_carlacola
Car 0.00 1.00 0 0 0 0 0 0 0 0 121.91 365.36 195.33 382.10 1.5765 1.9374 3.8150 79.3986 2.1209 -59.4841 1.6910 -0.0037 -0.0000 120 nissan_micra
Car 0.00 1.00 0 0 0 0 0 0 0 0 816.24 339.90 821.93 343.13 1.4477 1.5550 2.3177 65.4125 -7.8548 -261.7781 -3.0722 0.0052 -0.0003 121 bmw_isetta
Car 1.00 1.00 0 0 0 0 0 0 0 0 -1000.00 -1000.00 -1000.00 -1000.00 1.7173 2.2591 5.2781 140.5288 2.0957 4.8229 1.6765 -0.0070 -0.0002 122 mercedes_benz_coupe
Car 1.00 1.00 26 31 48 208 0 12 0 0 -1000.00 -1000.00 -1000.00 -1000.00 1.7173 2.2591 5.2781 -71.6966 2.1518 8.0608 -3.0432 -0.0062 -0.0002 123 mercedes_benz_coupe
Car 1.00 1.00 0 0 0 0 0 0 0 0 -1000.00 -1000.00 -1000.00 -1000.00 1.5765 1.9374 3.8150 225.8416 2.1183 -78.1077 1.6838 0.0001 -0.0000 124 nissan_micra
Car 1.00 1.00 0 0 0 0 0 0 0 0 -1000.00 -1000.00 -1000.00 -1000.00 1.6115 2.2019 5.2564 67.5520 2.1385 53.1138 1.7490 -0.0000 0.0006 125 charger2020_charger2020
Car 1.00 1.00 5 8 10 34 0 0 0 3 -1000.00 -1000.00 -1000.00 -1000.00 1.9476 2.0282 4.8347 118.4750 2.1244 19.2076 0.1101 -0.0003 -0.0000 126 nissan_patrol
Car 1.00 1.00 0 0 0 0 0 0 0 0 -1000.00 -1000.00 -1000.00 -1000.00 1.5140 2.1024 4.9073 -62.9804 2.1392 101.6978 0.0976 0.0006 0.0000 127 mercedesccc_mercedesccc
Car 0.00 1.00 0 0 0 0 0 0 0 0 1102.76 360.91 1111.63 364.78 1.7173 2.2591 5.2781 -65.9784 2.1404 -252.9964 -1.5022 -0.0070 -0.0002 128 mercedes_benz_coupe
Car 0.00 0.91 0 1 4 4 0 0 0 0 926.67 362.24 936.01 368.11 1.4812 2.1349 5.6254 7.5301 2.0808 -149.6738 -1.4634 0.0000 -0.0000 129 chevrolet_impala
Car 1.00 1.00 0 0 0 0 0 0 0 0 -1000.00 -1000.00 -1000.00 -1000.00 2.1397 2.1728 4.7045 -145.8016 2.1470 100.2494 -0.0512 0.0153 -0.0061 130 volkswagen_t2
Car 1.00 1.00 0 0 0 0 0 0 0 0 -1000.00 -1000.00 -1000.00 -1000.00 1.6244 1.8781 3.8906 139.5002 2.1007 -71.0393 0.0989 -0.0011 -0.0017 131 audi_a2
Car 1.00 1.00 24 32 57 197 0 23 0 0 -1000.00 -1000.00 -1000.00 -1000.00 1.9476 2.0282 4.8347 -72.7040 2.1244 4.3217 -3.0726 -0.0003 -0.0000 132 nissan_patrol
Car 0.00 0.40 34 21 37 123 10 0 0 0 981.09 361.04 1017.76 375.23 1.9476 2.0282 4.8347 -5.4829 2.0937 -81.9120 0.1009 -0.0009 -0.0001 133 nissan_patrol
Car 1.00 1.00 0 0 0 0 0 0 0 0 -1000.00 -1000.00 -1000.00 -1000.00 1.9476 2.0282 4.8347 186.7171 -7.8741 -5.6871 1.6515 -0.0001 0.0001 134 nissan_patrol
Car 1.00 1.00 733 829 1327 60249 0 110 141 0 -1000.00 -1000.00 -1000.00 -1000.00 1.7506 2.3538 4.8416 -13.3319 2.1082 8.7519 2.7646 -0.0015 0.0070 135 bmw_grandtourer
Car 0.00 0.50 0 6 10 19 3 0 0 0 914.12 360.48 926.42 369.65 1.9476 2.0282 4.8347 8.7381 2.0628 -126.0405 1.7841 -0.0004 -0.0039 136 nissan_patrol
Car 1.00 1.00 12 14 16 119 0 0 0 1 -1000.00 -1000.00 -1000.00 -1000.00 1.7203 2.2019 5.4994 61.1134 2.1394 15.8411 2.8397 -0.0016 0.0071 137 chargercop2020_chargercop2020
Car 0.00 0.20 11 11 20 149 5 0 0 0 801.58 356.56 847.74 377.07 2.5908 2.7453 5.4640 17.4269 2.1566 -76.1280 -3.0435 -0.0004 -0.0000 138 carlamotors_carlacola
Car 1.00 1.00 0 0 0 0 0 0 0 0 -1000.00 -1000.00 -1000.00 -1000.00 1.5863 2.2347 5.1468 218.8695 2.1344 -38.8026 -1.4701 0.0001 -0.0000 139 lincoln_mkz2017
Car 1.00 1.00 0 3 2 2 0 0 0 0 -1000.00 -1000.00 -1000.00 -1000.00 1.9718 2.0005 4.0595 151.6119 2.1405 25.8928 -3.0201 -0.0004 -0.0001 140 jeep_wrangler_rubicon
Car 0.00 1.00 0 0 0 0 0 0 0 0 428.24 361.55 449.64 367.18 1.6011 2.1072 4.7392 154.0066 2.0790 -168.3544 1.6512 0.0042 -0.0014 141 toyota_prius
Car 1.00 1.00 0 0 0 0 0 0 0 0 -1000.00 -1000.00 -1000.00 -1000.00 1.7318 2.1344 5.0985 220.4477 2.1464 -93.0095 -1.5032 -0.0010 -0.0001 142 audi_etron
Car 0.00 1.00 0 0 0 0 0 0 0 0 1227.04 359.78 1250.26 368.36 2.2031 2.5091 6.5872 -73.1629 2.1450 -150.1402 -1.5162 0.0001 -0.0000 143 tesla_cybertruck
Car 0.00 1.00 0 0 0 0 0 0 0 0 692.96 361.57 703.20 366.31 1.5765 1.9374 3.8150 88.6101 2.1137 -192.0324 -1.4808 0.0002 -0.0000 144 nissan_micra
Car 0.00 0.40 12 5 14 61 6 0 0 0 898.43 363.67 911.33 372.78 1.4546 2.0938 4.3903 9.2113 2.0825 -97.0728 1.6722 0.0001 -0.0000 145 audi_tt
Car 0.00 1.00 0 0 0 0 0 0 0 0 1116.56 361.44 1128.79 364.95 1.4812 2.1349 5.6254 -70.5160 2.1333 -244.8029 -1.2148 -0.0020 -0.0103 146 chevrolet_impala
Car 1.00 1.00 0 0 0 1 0 0 0 0 -1000.00 -1000.00 -1000.00 -1000.00 2.2031 2.5091 6.5872 170.2541 -7.7784 29.4266 -1.4918 -0.0017 -0.0004 147 tesla_cybertruck
Car 0.00 1.00 0 0 0 0 0 0 0 0 1392.94 361.20 1433.29 375.80 1.9718 2.0005 4.0595 -62.1644 2.1372 -80.5535 -3.0408 -0.0027 -0.0001 148 jeep_wrangler_rubicon
Car 0.00 1.00 0 0 0 0 0 0 0 0 1220.52 362.65 1236.95 367.64 1.3660 1.9896 4.9534 -76.0062 2.1275 -161.3125 -1.5039 0.0000 -0.0000 149 mustang_mustang
Car 0.00 1.00 0 0 0 0 0 0 0 0 903.86 362.06 914.76 366.24 1.3660 1.9896 4.9534 17.0738 2.0704 -190.9686 2.0336 0.0000 -0.0000 150 mustang_mustang
Car 1.00 1.00 36 44 79 326 0 16 0 0 -1000.00 -1000.00 -1000.00 -1000.00 2.5908 2.7453 5.4640 -84.1512 2.1640 8.8075 1.6649 -0.0045 -0.0000 151 carlamotors_carlacola
Car 1.00 1.00 0 0 0 0 0 0 0 0 -1000.00 -1000.00 -1000.00 -1000.00 1.5863 2.2347 5.1468 134.4275 2.0792 -40.9265 -1.4809 0.0001 -0.0000 152 lincoln_mkz2017
Car 0.00 1.00 0 0 0 0 0 0 0 0 919.78 350.35 929.45 354.52 1.7506 2.3538 4.8416 18.0649 -2.9859 -287.2109 0.0929 -0.1278 0.0003 153 bmw_grandtourer
Cyclist 0.00 1.00 0 0 0 0 0 0 0 0 487.64 360.74 498.35 371.35 1.9709 0.6705 1.7250 88.0879 2.1175 -109.0424 1.6608 0.0061 0.0000 154 diamondback_century
Cyclist 0.00 1.00 0 0 0 0 0 0 0 0 1866.39 361.06 1882.07 372.60 1.9311 0.5921 1.9272 -153.5416 2.1093 -97.5637 0.1034 -0.0040 0.0001 155 gazelle_omafiets
Motorcycle 1.00 1.00 0 0 0 0 0 0 0 0 -1000.00 -1000.00 -1000.00 -1000.00 1.6960 1.0692 2.4735 224.7511 2.1206 -65.8084 1.6845 0.0045 -0.0055 156 harley_davidson_low_rider
Car 0.00 1.00 0 0 0 0 0 0 0 0 1134.86 359.99 1145.24 364.14 2.1397 2.1728 4.7045 -93.2965 2.1353 -291.7107 -0.0386 0.0017 -0.0007 157 volkswagen_t2
Car 1.00 1.00 0 0 0 0 0 0 0 0 -1000.00 -1000.00 -1000.00 -1000.00 1.5488 2.0688 3.9961 -34.6353 0.8662 104.6773 0.0981 -0.0988 -0.0001 158 mini_cooperst
Cyclist 0.00 1.00 0 0 0 0 0 0 0 0 636.12 360.61 644.16 367.35 1.9311 0.5921 1.9272 91.8503 2.1066 -163.6412 0.0946 -0.0029 0.0000 159 gazelle_omafiets
Car 0.00 1.00 0 1 1 0 0 0 0 0 939.12 362.19 948.60 367.91 1.4812 2.1349 5.6254 4.3518 2.0807 -153.1260 -1.4685 0.0000 -0.0000 160 chevrolet_impala
Car 1.00 1.00 0 0 0 0 0 0 0 0 -1000.00 -1000.00 -1000.00 -1000.00 1.7173 2.2591 5.2781 152.9430 -7.2188 111.9378 2.4342 0.0014 0.0016 161 mercedes_benz_coupe
Car 0.00 1.00 0 0 0 0 0 0 0 0 1791.10 360.97 1841.09 373.12 1.9718 2.0005 4.0595 -142.5474 2.1358 -96.8247 1.6748 -0.0004 -0.0000 162 jeep_wrangler_rubicon
Car 1.00 1.00 160 189 311 2906 0 0 34 0 -1000.00 -1000.00 -1000.00 -1000.00 1.7506 2.3538 4.8416 -10.2062 2.0781 30.4705 -1.5946 0.0002 -0.0000 163 bmw_grandtourer
Car 1.00 1.00 0 0 0 0 0 0 0 0 -1000.00 -1000.00 -1000.00 -1000.00 1.6115 2.2019 5.2564 136.9613 2.0807 4.6055 1.6866 -0.0001 0.0006 164 charger2020_charger2020
Car 1.00 1.00 63 67 100 413 0 0 0 9 -1000.00 -1000.00 -1000.00 -1000.00 1.6244 1.8781 3.8906 48.2889 2.1332 17.1304 2.9855 0.0013 -0.0012 165 audi_a2
Car 0.00 1.00 0 0 0 0 0 0 0 0 1160.51 361.13 1170.59 364.20 1.5475 1.9070 4.4025 -104.1786 2.1233 -285.4120 -3.0407 -0.0008 -0.0000 166 seat_leon
Car 1.00 1.00 0 0 0 0 0 0 0 0 -1000.00 -1000.00 -1000.00 -1000.00 1.5765 1.9374 3.8150 -6.1884 -2.5067 114.4399 0.1000 -0.1172 -0.0003 167 nissan_micra
Car 1.00 1.00 1 0 1 0 0 0 0 0 -1000.00 -1000.00 -1000.00 -1000.00 1.5863 2.2347 5.1468 -92.7095 2.1383 25.8524 -1.4774 0.0000 -0.0000 168 lincoln_mkz2017
Car 0.00 0.79 1 4 5 13 4 0 0 0 918.07 361.79 932.47 372.15 1.7506 2.3538 4.8416 6.1091 2.0723 -101.5025 1.6670 0.0000 -0.0000 169 bmw_grandtourer
Car 1.00 1.00 0 0 0 0 0 0 0 0 -1000.00 -1000.00 -1000.00 -1000.00 1.4812 2.1349 5.6254 74.2075 2.1422 -10.7642 1.6678 0.0001 -0.0000 170 chevrolet_impala
Car 0.00 1.00 0 0 0 0 0 0 0 0 504.00 362.36 531.28 367.80 1.4812 2.1349 5.6254 122.0137 2.1359 -157.3973 -3.0434 -0.0008 -0.0002 171 chevrolet_impala
Car 1.00 1.00 0 0 0 0 0 0 0 0 -1000.00 -1000.00 -1000.00 -1000.00 1.6011 2.1072 4.7392 157.2932 2.1373 26.4331 -3.0154 0.0000 -0.0000 172 toyota_prius
Car 0.00 1.00 0 0 0 0 0 0 0 0 774.97 361.19 790.08 365.43 1.6115 2.2019 5.2564 68.0999 2.0711 -217.2209 0.1618 -0.0000 0.0006 173 charger2020_charger2020
Car 0.00 1.00 0 0 0 0 0 0 0 0 1245.10 362.29 1263.24 368.66 1.5475 1.9070 4.4025 -73.5474 2.1295 -143.1184 -1.4792 0.0001 -0.0000 174 seat_leon
Car 0.00 1.00 0 0 0 0 0 0 0 0 1318.38 357.14 1353.38 371.86 2.5908 2.7453 5.4640 -72.4754 2.1260 -111.5205 1.6433 0.0368 0.0001 175 carlamotors_carlacola
Car 0.00 1.00 0 0 0 0 0 0 0 0 397.17 362.18 427.05 367.96 1.4812 2.1349 5.6254 147.9974 2.1175 -154.2136 0.8241 -0.0018 0.0177 176 chevrolet_impala
Car 1.00 1.00 0 0 0 20 0 0 0 0 -1000.00 -1000.00 -1000.00 -1000.00 1.9718 2.0005 4.0595 -86.8304 2.1451 111.6036 -2.8044 -0.0004 -0.0001 177 jeep_wrangler_rubicon
Car 0.00 1.00 0 0 0 0 0 0 0 0 1108.27 360.99 1115.89 364.92 1.6980 1.9434 4.1871 -66.4778 2.1341 -246.8117 -1.5036 0.0000 0.0000 178 citroen_c3
Car 0.00 1.00 0 0 0 0 0 0 0 0 471.45 364.50 517.04 377.00 1.5488 2.0688 3.9961 59.3623 2.1318 -75.1801 0.0756 0.0000 -0.0000 179 mini_cooperst
Motorcycle 0.00 1.00 0 0 0 0 0 0 0 0 385.94 362.70 408.39 374.04 1.6960 1.0692 2.4735 86.3719 2.1198 -89.5640 1.6613 0.0030 0.0001 180 harley_davidson_low_rider
Car 0.00 1.00 0 0 0 0 0 0 0 0 240.48 362.59 257.30 368.09 1.4477 1.5550 2.3177 188.1227 2.1344 -151.1140 -3.0372 -0.0060 -0.0012 181 bmw_isetta
Cyclist 0.00 1.00 0 0 0 0 0 0 0 0 230.92 363.21 254.17 378.02 1.7065 0.8593 1.4873 84.2225 2.0889 -69.5593 1.6810 0.0002 -0.0018 182 bh_crossbike
Car 1.00 1.00 0 0 0 0 0 0 0 0 -1000.00 -1000.00 -1000.00 -1000.00 1.6011 2.1072 4.7392 3.7858 -3.7713 125.6159 -3.0425 0.1163 0.0002 183 toyota_prius
Car 0.00 1.00 0 0 0 0 0 0 0 0 1441.04 362.06 1462.34 367.81 1.5488 2.0688 3.9961 -136.0109 2.1286 -157.8232 2.1409 0.0000 -0.0003 184 mini_cooperst
Car 0.00 1.00 0 0 0 0 0 0 0 0 1104.60 360.93 1111.72 364.63 1.6980 1.9434 4.1871 -68.8475 2.1334 -262.0845 -1.5019 0.0000 -0.0000 185 citroen_c3
Car 1.00 1.00 0 5 10 30 0 0 0 2 -1000.00 -1000.00 -1000.00 -1000.00 1.5765 1.9374 3.8150 153.2003 2.1203 29.7329 -3.0369 0.0077 0.0002 186 nissan_micra
Car 0.00 1.00 0 0 0 0 0 0 0 0 264.33 362.86 325.93 377.25 1.7506 2.3538 4.8416 84.9019 2.1289 -75.3746 1.6849 -0.0005 0.0000 187 bmw_grandtourer
Car 0.00 1.00 0 0 0 0 0 0 0 0 698.80 361.72 709.87 366.47 1.5488 2.0688 3.9961 84.9817 2.1266 -188.7606 -1.4980 0.0002 -0.0000 188 mini_cooperst
Car 0.00 1.00 0 0 0 0 0 0 0 0 1216.84 362.08 1231.92 367.84 1.5488 2.0688 3.9961 -72.7195 2.1286 -156.9878 -1.5112 0.0001 -0.0000 189 mini_cooperst
Car 0.00 1.00 0 0 0 0 0 0 0 0 278.96 362.01 307.89 368.25 1.6011 2.1072 4.7392 173.4761 2.1294 -148.7518 -3.0637 0.0001 -0.0000 190 toyota_prius
Car 1.00 1.00 0 0 0 0 0 0 0 0 -1000.00 -1000.00 -1000.00 -1000.00 1.3660 1.9896 4.9534 71.0291 2.1351 63.5534 1.5525 -0.0014 -0.0001 191 mustang_mustang
Car 0.00 1.00 0 0 0 0 0 0 0 0 1099.65 360.31 1109.92 364.02 1.9476 2.0282 4.8347 -76.2827 2.1111 -296.5248 0.0975 -0.0003 -0.0000 192 nissan_patrol
Pedestrian 0.00 1.00 0 0 0 0 0 0 0 0 1073.41 360.04 1075.05 363.60 1.9158 0.4880 0.7507 -61.5026 1.9386 -302.8987 0.1204 0.0000 -0.0000 193 pedestrian_0019
Pedestrian 0.00 1.00 0 0 0 0 0 0 0 0 1459.61 364.71 1464.31 371.44 1.1330 0.4333 0.4631 -85.2050 1.9348 -98.5629 2.0245 0.0000 -0.0000 194 pedestrian_0010
Pedestrian 0.00 1.00 0 0 0 0 0 0 0 0 916.83 359.92 919.14 365.18 1.9158 0.4880 0.7507 15.3320 1.8859 -206.7476 -0.8504 0.0000 -0.0000 195 pedestrian_0005
Pedestrian 1.00 1.00 0 0 0 0 0 0 0 0 -1000.00 -1000.00 -1000.00 -1000.00 1.9158 0.4880 0.5727 201.4973 1.9448 -67.8343 0.1948 0.0000 -0.0000 196 pedestrian_0003
Pedestrian 1.00 1.00 0 0 0 0 0 0 0 0 -1000.00 -1000.00 -1000.00 -1000.00 1.9158 0.4880 0.7507 89.3854 -6.7706 107.5067 -0.0982 0.0000 -0.0000 197 pedestrian_0021
Pedestrian 1.00 1.00 0 0 0 0 0 0 0 0 -1000.00 -1000.00 -1000.00 -1000.00 1.9158 0.4880 0.4618 -269.2953 1.9490 -50.7205 1.6275 0.0000 -0.0000 198 pedestrian_0003
Pedestrian 0.00 1.00 0 0 0 0 0 0 0 0 1257.68 360.04 1258.85 363.57 1.9158 0.4880 0.4549 -162.3895 1.9392 -306.2413 -0.2398 0.0000 -0.0000 199 pedestrian_0004
Pedestrian 1.00 1.00 2 2 1 14 0 0 0 0 -1000.00 -1000.00 -1000.00 -1000.00 1.9158 0.4880 0.4755 -91.7877 1.9500 -14.0482 1.6609 0.0000 -0.0000 200 pedestrian_0022
Pedestrian 0.00 1.00 0 0 0 0 0 0 0 0 970.47 361.87 971.75 366.10 1.3390 0.3253 0.3901 -3.5249 1.9341 -180.3352 0.0400 0.0000 -0.0000 201 pedestrian_0014
Pedestrian 0.00 1.00 0 0 0 0 0 0 0 0 290.59 360.31 301.56 380.67 1.9158 0.4880 0.4616 62.7856 1.9456 -56.8966 -1.5961 0.0000 -0.0000 202 pedestrian_0022
Pedestrian 0.00 1.00 0 0 0 0 0 0 0 0 1761.72 360.24 1770.82 374.03 1.9158 0.4880 0.5871 -112.3934 1.9496 -81.7444 -3.0718 0.0000 -0.0000 203 pedestrian_0023
Pedestrian 0.00 1.00 0 0 0 0 0 0 0 0 486.95 362.03 488.63 366.61 1.3390 0.3253 0.2820 138.2405 1.9329 -166.7398 0.3656 0.0000 -0.0000 204 pedestrian_0012
Pedestrian 1.00 1.00 0 0 0 0 0 0 0 0 -1000.00 -1000.00 -1000.00 -1000.00 1.9158 0.4880 0.7507 -91.2041 2.1036 12.0001 -0.0432 0.0000 -0.0000 205 pedestrian_0019
Pedestrian 1.00 1.00 0 0 0 0 0 0 0 0 -1000.00 -1000.00 -1000.00 -1000.00 1.9158 0.4880 0.7105 -181.5870 1.9182 44.4810 -2.6504 0.0000 -0.0000 206 pedestrian_0005
Pedestrian 1.00 1.00 0 0 0 0 0 0 0 0 -1000.00 -1000.00 -1000.00 -1000.00 1.9158 0.4880 0.7507 229.7246 1.9475 -46.9555 1.6901 0.0000 -0.0000 207 pedestrian_0026
Pedestrian 0.00 1.00 0 0 0 0 0 0 0 0 679.53 360.10 682.36 367.25 1.9158 0.4880 0.5471 74.9847 1.9433 -153.4148 1.5791 0.0000 -0.0000 208 pedestrian_0015
Pedestrian 1.00 1.00 0 0 0 0 0 0 0 0 -1000.00 -1000.00 -1000.00 -1000.00 1.3390 0.3253 0.3341 -66.0763 1.9468 129.8895 -3.0685 0.0000 -0.0000 209 pedestrian_0014
Pedestrian 1.00 1.00 0 0 0 0 0 0 0 0 -1000.00 -1000.00 -1000.00 -1000.00 1.9158 0.4880 0.7507 -205.3991 1.9543 110.4844 0.4714 0.0000 -0.0000 210 pedestrian_0016
Pedestrian 0.00 1.00 0 0 0 0 0 0 0 0 956.39 362.05 957.79 367.14 1.3390 0.3253 0.2582 0.7678 1.8798 -150.5301 -2.7128 0.0000 -0.0000 211 pedestrian_0012
Pedestrian 1.00 1.00 0 0 0 44 0 0 0 0 -1000.00 -1000.00 -1000.00 -1000.00 1.1330 0.4333 0.4579 10.3366 1.8869 52.0669 -3.1346 0.0000 -0.0000 212 pedestrian_0009
Pedestrian 0.00 1.00 0 0 0 0 0 0 0 0 130.85 363.62 135.76 367.97 1.1330 0.4333 0.6667 216.8735 2.0840 -149.8845 -1.1394 0.0000 -0.0000 213 pedestrian_0010
Pedestrian 1.00 1.00 0 0 0 0 0 0 0 0 -1000.00 -1000.00 -1000.00 -1000.00 1.9158 0.4880 0.7507 -261.7696 1.9535 54.3987 1.1197 0.0000 -0.0000 214 pedestrian_0021
Pedestrian 0.00 1.00 0 0 0 5 3 0 0 0 956.09 359.90 957.98 367.23 1.9158 0.4880 0.3819 0.7755 1.8886 -149.5100 -1.5851 0.0000 -0.0000 215 pedestrian_0018
Pedestrian 0.00 1.00 0 0 0 0 0 0 0 0 1403.86 360.05 1405.17 363.96 1.9158 0.4880 0.4784 -218.3990 1.9412 -276.7982 -0.7215 0.0000 -0.0000 216 pedestrian_0020
Pedestrian 0.00 1.00 0 0 0 0 0 0 0 0 216.20 360.36 231.88 381.85 1.9158 0.4880 0.7068 66.1349 1.9487 -54.2914 -1.4505 0.0000 -0.0000 217 pedestrian_0017
Pedestrian 0.00 1.00 0 0 0 0 0 0 0 0 1253.49 359.97 1255.78 364.37 1.9158 0.4880 0.7507 -128.4089 1.9043 -246.0402 -0.0885 0.0000 -0.0000 218 pedestrian_0007
Pedestrian 1.00 1.00 0 0 0 0 0 0 0 0 -1000.00 -1000.00 -1000.00 -1000.00 1.1330 0.4333 0.3848 -77.4817 2.0918 5.5049 2.4425 0.0000 -0.0000 219 pedestrian_0010
Pedestrian 1.00 1.00 57 78 123 563 0 41 0 0 -1000.00 -1000.00 -1000.00 -1000.00 1.9158 0.4880 0.4795 -15.7098 1.8949 -3.5145 -2.0586 0.0000 -0.0000 220 pedestrian_0023
Pedestrian 0.00 1.00 0 0 0 0 0 0 0 0 846.81 359.92 848.47 364.78 1.9158 0.4880 0.5144 44.3852 1.8848 -223.4251 -0.1223 0.0000 -0.0000 221 pedestrian_0024
Pedestrian 0.00 1.00 0 0 0 0 0 0 0 0 1479.10 362.20 1481.31 365.47 1.1330 0.4333 0.3774 -180.5083 1.8975 -196.8050 -1.3651 0.0000 -0.0000 222 pedestrian_0011
Pedestrian 1.00 1.00 0 0 0 0 0 0 0 0 -1000.00 -1000.00 -1000.00 -1000.00 1.9158 0.4880 0.6045 -243.3815 1.9548 83.0314 0.9495 0.0000 -0.0000 223 pedestrian_0016
Pedestrian 0.00 1.00 0 0 0 0 0 0 0 0 198.81 325.02 203.71 331.86 1.9158 0.4880 0.6709 216.8360 -8.0596 -162.8793 1.6525 0.0000 -0.0000 224 pedestrian_0017
Pedestrian 1.00 1.00 0 0 1 1 0 0 0 0 -1000.00 -1000.00 -1000.00 -1000.00 1.9158 0.4880 0.7507 163.0279 -8.0160 15.8302 1.6212 0.0000 -0.0000 225 pedestrian_0001
Pedestrian 0.00 1.00 0 0 0 0 0 0 0 0 1190.97 360.08 1193.49 365.71 1.9158 0.4880 0.7507 -79.2000 1.9424 -193.5082 1.6863 0.0000 -0.0000 226 pedestrian_0003
Pedestrian 0.00 1.00 0 1 3 2 0 0 0 0 883.94 359.91 886.23 365.79 1.9158 0.4880 0.7507 24.4772 1.8866 -185.5725 -1.0353 0.0000 -0.0000 227 pedestrian_0007
Pedestrian 0.00 1.00 0 0 0 1 0 0 0 0 948.83 362.31 950.10 365.86 1.1330 0.4333 0.3830 3.3776 1.8754 -182.1722 3.0983 0.0000 -0.0000 228 pedestrian_0010
Pedestrian 1.00 1.00 22 29 45 218 0 15 0 0 -1000.00 -1000.00 -1000.00 -1000.00 1.1330 0.4333 0.3771 -18.3560 1.9398 -2.8056 -2.8011 0.0000 -0.0000 229 pedestrian_0010
Pedestrian 0.00 1.00 0 0 0 0 0 0 0 0 602.00 362.99 605.05 369.71 1.3390 0.3253 0.4559 71.2211 1.9368 -115.2176 1.6105 0.0000 -0.0000 230 pedestrian_0013
Pedestrian 1.00 1.00 0 0 0 0 0 0 0 0 -1000.00 -1000.00 -1000.00 -1000.00 1.3390 0.3253 0.4305 105.2601 1.8890 64.8478 2.6717 0.0000 -0.0000 231 pedestrian_0013
Pedestrian 0.00 0.00 325 367 564 12574 81 0 0 0 287.70 369.55 423.30 621.45 1.9158 0.4880 0.7507 4.5821 1.8946 -8.7638 -1.3853 0.0000 -0.0000 232 pedestrian_0020
Pedestrian 1.00 1.00 0 0 0 0 0 0 0 0 -1000.00 -1000.00 -1000.00 -1000.00 1.9158 0.4880 0.7172 144.9925 1.8946 -4.9302 -1.4880 0.0000 -0.0000 233 pedestrian_0021
Pedestrian 1.00 1.00 0 0 0 0 0 0 0 0 -1000.00 -1000.00 -1000.00 -1000.00 1.1330 0.4333 0.4010 -154.8062 2.0881 -85.2745 0.6691 0.0000 -0.0000 234 pedestrian_0009
Pedestrian 1.00 1.00 0 0 0 0 0 0 0 0 -1000.00 -1000.00 -1000.00 -1000.00 1.9158 0.4880 0.5026 186.3019 1.9490 -52.6269 -3.0703 0.0000 -0.0000 235 pedestrian_0006
Pedestrian 1.00 1.00 0 0 0 0 0 0 0 0 -1000.00 -1000.00 -1000.00 -1000.00 1.1330 0.4333 0.5656 -192.2476 1.9037 -76.2583 -1.4682 0.0000 -0.0000 236 pedestrian_0009
Pedestrian 0.00 1.00 0 0 0 0 0 0 0 0 1133.85 360.08 1136.00 366.00 1.9158 0.4880 0.5176 -56.7310 1.9424 -184.2348 -0.7102 0.0000 -0.0000 237 pedestrian_0026
Pedestrian 1.00 1.00 1 0 1 1 0 0 0 0 -1000.00 -1000.00 -1000.00 -1000.00 1.9158 0.4880 0.5675 -95.7730 1.9512 13.8292 2.2193 0.0000 -0.0000 238 pedestrian_0021
Pedestrian 0.00 0.98 1 1 0 16 1 0 0 0 1033.03 364.83 1037.09 376.07 1.3390 0.3253 0.3973 -8.9858 1.9184 -70.8381 -2.9422 0.0000 -0.0000 239 pedestrian_0012
Pedestrian 0.00 1.00 0 0 0 0 0 0 0 0 1630.97 360.07 1634.72 365.19 1.9158 0.4880 0.7507 -252.2629 1.9420 -212.2835 1.7529 0.0000 -0.0000 240 pedestrian_0020
Pedestrian 0.00 1.00 0 0 0 0 0 0 0 0 675.84 341.40 677.28 343.72 1.1330 0.4333 0.6351 140.6381 -8.0871 -279.4948 -2.6711 0.0000 -0.0000 241 pedestrian_0011
Pedestrian 0.00 1.00 0 0 0 0 0 0 0 0 1616.64 359.98 1621.59 366.82 1.9158 0.4880 0.7507 -185.1645 1.9104 -160.1888 1.6734 0.0000 -0.0000 242 pedestrian_0002
Pedestrian 0.00 1.00 0 0 0 0 0 0 0 0 719.06 365.26 723.65 377.09 1.3390 0.3253 0.3921 27.1512 1.9389 -67.5413 -3.0859 0.0000 -0.0000 243 pedestrian_0014
Pedestrian 0.00 1.00 0 0 0 0 0 0 0 0 1393.57 361.07 1400.22 372.32 1.9158 0.4880 0.7507 -74.6055 2.0986 -99.1296 3.1410 0.0000 -0.0000 244 pedestrian_0006
Pedestrian 0.00 1.00 0 0 0 0 0 0 0 0 499.41 336.41 501.62 341.00 1.9158 0.4880 0.6309 194.7288 -8.0644 -239.3719 -2.2320 0.0000 -0.0000 245 pedestrian_0020
Pedestrian 1.00 1.00 0 0 0 2 0 0 0 1 -1000.00 -1000.00 -1000.00 -1000.00 1.9158 0.4880 0.7404 219.4062 2.1030 21.8435 2.1166 0.0000 -0.0000 246 pedestrian_0022
Pedestrian 0.00 1.00 0 0 0 0 0 0 0 0 522.73 360.18 529.11 372.00 1.9158 0.4880 0.7389 70.6768 1.9459 -94.7270 1.6393 0.0000 -0.0000 247 pedestrian_0002
Pedestrian 1.00 1.00 2 2 4 20 0 0 0 1 -1000.00 -1000.00 -1000.00 -1000.00 1.9158 0.4880 0.7477 84.0872 2.1033 18.9123 1.8632 0.0000 -0.0000 248 pedestrian_0022
Pedestrian 1.00 1.00 0 0 0 0 0 0 0 0 -1000.00 -1000.00 -1000.00 -1000.00 1.9158 0.4880 0.7507 -97.8130 2.1055 55.0830 -1.5685 0.0000 -0.0000 249 pedestrian_0006
Pedestrian 0.00 1.00 0 0 0 3 0 0 0 0 881.94 360.03 883.42 366.14 1.9158 0.4880 0.4183 24.2956 1.9263 -178.6451 -3.0884 0.0000 -0.0000 250 pedestrian_0019
Pedestrian 1.00 1.00 0 0 0 0 0 0 0 0 -1000.00 -1000.00 -1000.00 -1000.00 1.9158 0.4880 0.7507 -186.5712 1.9199 43.4423 -2.7702 0.0000 -0.0000 251 pedestrian_0018
Pedestrian 1.00 1.00 0 0 0 0 0 0 0 0 -1000.00 -1000.00 -1000.00 -1000.00 1.9158 0.4880 0.4339 -242.2064 1.9548 83.4436 -2.2634 0.0000 -0.0000 252 pedestrian_0007
Pedestrian 1.00 1.00 0 1 1 14 0 0 0 0 -1000.00 -1000.00 -1000.00 -1000.00 1.9158 0.4880 0.4469 81.8284 1.9503 4.8096 1.1954 0.0000 -0.0000 253 pedestrian_0008
Pedestrian 1.00 1.00 0 0 0 0 0 0 0 0 -1000.00 -1000.00 -1000.00 -1000.00 1.9158 0.4880 0.5140 -270.4823 1.9497 -34.2352 -1.4488 0.0000 -0.0000 254 pedestrian_0022
Pedestrian 1.00 1.00 0 0 0 0 0 0 0 0 -1000.00 -1000.00 -1000.00 -1000.00 1.9158 0.4880 0.5800 -59.4507 1.9298 131.6379 -3.0416 0.0000 -0.0000 255 pedestrian_0024
Pedestrian 0.00 1.00 0 0 0 0 0 0 0 0 264.98 368.28 276.35 380.20 1.1330 0.4333 0.5504 66.4707 1.9362 -57.9282 1.7570 0.0000 -0.0000 256 pedestrian_0011
Pedestrian 0.00 1.00 0 0 0 0 0 0 0 0 762.03 359.92 763.88 364.80 1.9158 0.4880 0.6250 77.5246 1.8848 -222.5436 0.4727 0.0000 -0.0000 257 pedestrian_0006
Pedestrian 0.00 1.00 0 0 0 0 0 0 0 0 575.39 359.92 578.01 365.04 1.9158 0.4880 0.7507 143.6249 1.8855 -212.1632 0.4753 0.0000 -0.0000 258 pedestrian_0005
Pedestrian 0.00 1.00 0 0 0 0 0 0 0 0 956.46 360.59 958.35 366.95 1.9158 0.4880 0.4000 0.7837 2.0951 -171.7897 -1.3190 0.0000 -0.0000 259 pedestrian_0003
Pedestrian 1.00 1.00 0 0 0 0 0 0 0 0 -1000.00 -1000.00 -1000.00 -1000.00 1.9158 0.4880 0.5309 114.8041 -7.1183 102.2395 2.6576 0.0000 -0.0000 260 pedestrian_0001
Pedestrian 0.00 0.99 1 2 3 7 0 0 0 0 883.53 363.44 885.73 371.95 1.3390 0.3253 0.2502 11.8937 1.8829 -91.9431 1.7872 0.0000 -0.0000 261 pedestrian_0014
Pedestrian 1.00 1.00 0 0 0 0 0 0 0 0 -1000.00 -1000.00 -1000.00 -1000.00 1.9158 0.4880 0.5102 -205.4932 1.9073 -115.9187 1.7938 0.0000 -0.0000 262 pedestrian_0020
Pedestrian 0.00 1.00 0 0 0 0 0 0 0 0 1861.83 359.96 1867.00 368.45 1.9158 0.4880 0.4373 -204.4269 1.9066 -129.7608 1.6521 0.0000 -0.0000 263 pedestrian_0025
Pedestrian 1.00 1.00 0 0 0 0 0 0 0 0 -1000.00 -1000.00 -1000.00 -1000.00 1.9158 0.4880 0.7507 18.0667 1.8974 57.7971 -2.5141 0.0000 -0.0000 264 pedestrian_0026
Pedestrian 0.00 1.00 0 0 0 0 0 0 0 0 1428.65 360.05 1430.30 364.05 1.9158 0.4880 0.5016 -225.2371 1.9404 -270.3941 -0.9490 0.0000 -0.0000 265 pedestrian_0025
Pedestrian 0.00 1.00 0 0 2 0 1 0 0 0 952.09 361.87 953.27 366.09 1.3390 0.3253 0.2502 2.3269 1.9339 -180.6632 1.8293 0.0000 -0.0000 266 pedestrian_0013
Pedestrian 0.00 1.00 0 0 0 0 0 0 0 0 626.07 360.09 628.40 366.37 1.9158 0.4880 0.3788 101.5767 1.9423 -173.6678 2.9466 0.0000 -0.0000 267 pedestrian_0015
Pedestrian 0.00 1.00 0 0 0 0 0 0 0 0 418.75 360.07 421.65 367.66 1.9158 0.4880 0.3797 136.4703 1.9327 -144.6071 2.2392 0.0000 -0.0000 268 pedestrian_0021
Pedestrian 1.00 1.00 0 0 0 0 0 0 0 0 -1000.00 -1000.00 -1000.00 -1000.00 1.1330 0.4333 0.4221 -128.4209 1.9451 124.4772 -3.0364 0.0000 -0.0000 269 pedestrian_0010
Pedestrian 1.00 1.00 17 26 29 185 0 0 0 5 -1000.00 -1000.00 -1000.00 -1000.00 1.9158 0.4880 0.4992 28.9271 1.9516 1.3214 0.1074 0.0000 -0.0000 270 pedestrian_0023
Pedestrian 1.00 1.00 0 0 0 0 0 0 0 0 -1000.00 -1000.00 -1000.00 -1000.00 1.3390 0.3253 0.5005 -201.3716 1.9088 29.9621 -2.2612 0.0000 -0.0000 271 pedestrian_0013
Pedestrian 0.00 1.00 0 0 0 0 0 0 0 0 1077.34 360.04 1078.67 363.61 1.9158 0.4880 0.5785 -63.3775 1.9384 -302.1575 -3.0588 0.0000 -0.0000 272 pedestrian_0016
Pedestrian 0.00 1.00 0 0 0 0 0 0 0 0 1116.41 361.25 1117.13 364.07 1.3390 0.3253 0.2788 -74.4004 1.9321 -267.5207 1.2679 0.0000 -0.0000 273 pedestrian_0014
Pedestrian 0.00 1.00 0 0 0 1 1 0 0 0 884.97 359.92 887.04 364.90 1.9158 0.4880 0.6247 28.5130 1.8850 -218.0532 -0.5017 0.0000 -0.0000 274 pedestrian_0019
Pedestrian 0.00 1.00 0 0 0 0 0 0 0 0 1848.75 363.20 1854.16 370.59 1.3390 0.3253 0.4988 -162.1114 1.9218 -105.2725 -3.0662 0.0000 -0.0000 275 pedestrian_0013
Pedestrian 0.00 1.00 0 0 0 0 0 0 0 0 1135.54 359.97 1137.17 364.42 1.9158 0.4880 0.5087 -75.9008 1.9012 -243.0254 0.7878 0.0000 -0.0000 276 pedestrian_0023
Pedestrian 0.00 1.00 0 0 0 0 0 0 0 0 123.35 373.31 138.40 393.03 1.1330 0.4333 0.6667 48.8835 1.9263 -37.1585 2.6453 0.0000 -0.0000 277 pedestrian_0011
Pedestrian 0.00 0.96 0 1 2 8 0 0 0 0 900.81 364.55 902.67 373.32 1.3390 0.3253 0.2530 8.9336 2.0377 -89.4670 -2.9413 0.0000 -0.0000 278 pedestrian_0012
Pedestrian 0.00 1.00 0 0 0 0 0 0 0 0 648.30 336.80 649.83 341.30 1.9158 0.4880 0.5248 134.0653 -8.0744 -243.4570 0.4001 0.0000 -0.0000 279 pedestrian_0015
Pedestrian 0.00 1.00 0 0 0 0 0 0 0 0 509.75 360.22 517.80 373.74 1.9158 0.4880 0.7507 63.4792 1.9475 -83.3306 0.1969 0.0000 -0.0000 280 pedestrian_0017
Pedestrian 1.00 1.00 0 0 0 0 0 0 0 0 -1000.00 -1000.00 -1000.00 -1000.00 1.9158 0.4880 0.7507 191.3931 -7.8302 67.3720 -1.2913 0.0000 -0.0000 281 pedestrian_0005
Pedestrian 0.00 1.00 0 0 0 0 0 0 0 0 713.39 362.62 715.00 365.77 1.1330 0.4333 0.3467 88.4023 2.0745 -203.8152 -1.5232 0.0000 -0.0000 282 pedestrian_0009
Pedestrian 1.00 1.00 0 0 0 0 0 0 0 0 -1000.00 -1000.00 -1000.00 -1000.00 1.1330 0.4333 0.6667 -190.4947 2.0706 -101.9051 1.8130 0.0000 -0.0000 283 pedestrian_0009
Pedestrian 1.00 1.00 0 0 0 0 0 0 0 0 -1000.00 -1000.00 -1000.00 -1000.00 1.1330 0.4333 0.3892 201.8991 1.9352 -68.5300 -2.8757 0.0000 -0.0000 284 pedestrian_0009
Pedestrian 1.00 1.00 17 13 18 118 0 2 0 0 -1000.00 -1000.00 -1000.00 -1000.00 1.9158 0.4880 0.7507 -40.2803 1.9511 14.7390 0.1131 0.0000 -0.0000 285 pedestrian_0024
Pedestrian 0.00 1.00 0 0 0 1 0 0 0 0 950.93 360.01 952.87 366.02 1.9158 0.4880 0.3949 2.5860 1.9185 -181.3590 2.1085 0.0000 -0.0000 286 pedestrian_0023
Pedestrian 1.00 1.00 0 0 0 0 0 0 0 0 -1000.00 -1000.00 -1000.00 -1000.00 1.9158 0.4880 0.7507 -127.7920 1.9197 60.0915 0.1054 0.0000 -0.0000 287 pedestrian_0015
Pedestrian 0.00 1.00 0 0 0 0 0 0 0 0 915.96 347.62 917.20 351.83 1.9158 0.4880 0.5642 19.8612 -3.7399 -258.0071 -3.0700 0.0000 -0.0000 288 pedestrian_0025
Pedestrian 1.00 1.00 0 0 0 0 0 0 0 0 -1000.00 -1000.00 -1000.00 -1000.00 1.1330 0.4333 0.4874 159.9383 -7.4534 115.7737 -0.5798 0.0000 -0.0000 289 pedestrian_0009
Pedestrian 0.00 1.00 0 0 0 0 0 0 0 0 478.41 360.62 481.88 367.24 1.9158 0.4880 0.7507 139.1949 2.0950 -165.2591 1.8436 0.0000 -0.0000 290 pedestrian_0019
Pedestrian 1.00 1.00 0 0 0 46 0 0 0 0 -1000.00 -1000.00 -1000.00 -1000.00 1.9158 0.4880 0.4474 -101.0161 2.0133 60.1013 -0.9808 0.0000 -0.0000 291 pedestrian_0007
Pedestrian 1.00 1.00 0 0 0 0 0 0 0 0 -1000.00 -1000.00 -1000.00 -1000.00 1.9158 0.4880 0.5067 -269.2549 1.9513 34.4649 -1.8695 0.0000 -0.0000 292 pedestrian_0021
Pedestrian 0.00 1.00 0 0 0 0 0 0 0 0 1310.32 364.62 1315.41 375.06 1.3390 0.3253 0.4484 -45.4832 1.9366 -75.9243 -3.0359 0.0000 -0.0000 293 pedestrian_0014
Pedestrian 1.00 1.00 0 0 0 0 0 0 0 0 -1000.00 -1000.00 -1000.00 -1000.00 1.9158 0.4880 0.7475 25.0722 -5.9198 138.6860 -3.0362 0.0000 -0.0000 294 pedestrian_0002
Pedestrian 1.00 1.00 3 1 5 25 0 0 0 0 -1000.00 -1000.00 -1000.00 -1000.00 1.9158 0.4880 0.7461 72.4768 2.1038 28.1368 -3.0534 0.0000 -0.0000 295 pedestrian_0026
Pedestrian 1.00 1.00 0 0 0 0 0 0 0 0 -1000.00 -1000.00 -1000.00 -1000.00 1.9158 0.4880 0.7282 110.2517 1.9474 -58.4735 0.0987 0.0000 -0.0000 296 pedestrian_0020
Pedestrian 1.00 1.00 0 0 0 0 0 0 0 0 -1000.00 -1000.00 -1000.00 -1000.00 1.9158 0.4880 0.7192 129.8120 1.8941 -40.4547 1.6465 0.0000 -0.0000 297 pedestrian_0016
Pedestrian 1.00 1.00 3 4 7 13 0 0 0 0 -1000.00 -1000.00 -1000.00 -1000.00 1.9158 0.4880 0.3754 -94.8807 1.9492 14.5820 -0.8398 0.0000 -0.0000 298 pedestrian_0024
Pedestrian 1.00 1.00 0 0 0 0 0 0 0 0 -1000.00 -1000.00 -1000.00 -1000.00 1.9158 0.4880 0.6736 168.3655 -8.0506 -38.3530 -1.4780 0.0000 -0.0000 299 pedestrian_0001
Pedestrian 1.00 1.00 0 0 0 0 0 0 0 0 -1000.00 -1000.00 -1000.00 -1000.00 1.9158 0.4880 0.7507 -196.8836 1.9160 -38.2422 1.6659 0.0000 -0.0000 300 pedestrian_0025
Pedestrian 0.00 1.00 0 0 0 0 0 0 0 0 1095.11 360.06 1096.57 364.67 1.9158 0.4880 0.3864 -56.4896 1.9401 -234.9728 0.9963 0.0000 -0.0000 301 pedestrian_0016
Pedestrian 0.00 1.00 0 0 0 0 0 0 0 0 1791.68 359.96 1797.69 368.40 1.9158 0.4880 0.5868 -189.9542 1.9076 -130.6172 -1.5480 0.0000 -0.0000 302 pedestrian_0006
Pedestrian 1.00 1.00 0 0 0 1 0 0 0 0 -1000.00 -1000.00 -1000.00 -1000.00 1.3390 0.3253 0.2728 -94.4313 1.9428 13.3936 2.2839 0.0000 -0.0000 303 pedestrian_0012
Pedestrian 0.00 1.00 0 0 0 0 0 0 0 0 1554.15 360.06 1557.28 364.70 1.9158 0.4880 0.7507 -246.4088 1.9408 -233.7399 1.9169 0.0000 -0.0000 304 pedestrian_0024
Pedestrian 1.00 1.00 0 0 0 0 0 0 0 0 -1000.00 -1000.00 -1000.00 -1000.00 1.3390 0.3253 0.3939 -86.5891 1.9479 129.0145 -3.0595 0.0000 -0.0000 305 pedestrian_0013
Pedestrian 1.00 1.00 0 0 0 0 0 0 0 0 -1000.00 -1000.00 -1000.00 -1000.00 1.1330 0.4333 0.5550 -261.4089 1.9365 -133.0457 -1.4305 0.0000 -0.0000 306 pedestrian_0011
Pedestrian 0.00 1.00 0 0 0 0 0 0 0 0 657.06 360.58 660.28 366.86 1.9158 0.4880 0.7392 92.1613 2.0947 -174.0011 0.1226 0.0000 -0.0000 307 pedestrian_0024
Pedestrian 1.00 1.00 0 0 0 0 0 0 0 0 -1000.00 -1000.00 -1000.00 -1000.00 1.9158 0.4880 0.3932 -272.5887 1.9495 -39.4512 -1.4869 0.0000 -0.0000 308 pedestrian_0004
Pedestrian 1.00 1.00 2 3 6 28 0 0 0 0 -1000.00 -1000.00 -1000.00 -1000.00 1.9158 0.4880 0.6913 71.6609 2.1038 28.9974 -3.1338 0.0000 -0.0000 309 pedestrian_0019
Pedestrian 0.00 0.91 0 1 3 19 3 0 0 0 949.95 366.04 954.49 377.53 1.3390 0.3253 0.5005 0.9127 2.0495 -69.4617 -3.0237 0.0000 -0.0000 310 pedestrian_0012
Pedestrian 0.00 1.00 0 0 0 0 0 0 0 0 875.28 360.08 877.40 366.20 1.9158 0.4880 0.4452 26.2657 1.9423 -178.4959 -2.0489 0.0000 -0.0000 311 pedestrian_0022
Pedestrian 0.00 1.00 0 0 0 0 0 0 0 0 502.56 360.09 506.47 366.60 1.9158 0.4880 0.7507 134.3091 1.9425 -167.9160 -3.1165 0.0000 -0.0000 312 pedestrian_0018
Pedestrian 1.00 1.00 10 8 12 81 0 0 0 0 -1000.00 -1000.00 -1000.00 -1000.00 1.9158 0.4880 0.6752 45.9169 1.9522 24.5983 0.2257 0.0000 -0.0000 313 pedestrian_0022
Pedestrian 0.00 1.00 0 0 0 0 0 0 0 0 779.19 360.10 781.52 367.07 1.9158 0.4880 0.3789 49.4441 1.9432 -157.0297 -0.4244 0.0000 -0.0000 314 pedestrian_0005
Pedestrian 1.00 1.00 0 0 0 0 0 0 0 0 -1000.00 -1000.00 -1000.00 -1000.00 1.9158 0.4880 0.7507 108.5735 1.9463 -59.2752 -3.0520 0.0000 -0.0000 315 pedestrian_0018
Pedestrian 1.00 1.00 0 0 0 0 0 0 0 0 -1000.00 -1000.00 -1000.00 -1000.00 1.9158 0.4880 0.6910 -272.2344 1.9500 -24.8283 1.6378 0.0000 -0.0000 316 pedestrian_0024
Pedestrian 0.00 1.00 0 0 0 0 0 0 0 0 1760.15 359.96 1766.18 368.10 1.9158 0.4880 0.6532 -189.4839 1.9070 -135.2423 -1.4699 0.0000 -0.0000 317 pedestrian_0002
Pedestrian 0.00 1.00 0 0 0 0 0 0 0 0 1267.63 362.24 1269.58 367.27 1.3390 0.3253 0.3360 -82.2491 1.9362 -152.2000 1.6156 0.0000 -0.0000 318 pedestrian_0013
Pedestrian 0.00 1.00 0 0 0 0 0 0 0 0 485.38 360.09 488.04 366.64 1.9158 0.4880 0.3754 138.7567 1.9425 -166.9733 1.3488 0.0000 -0.0000 319 pedestrian_0018
Pedestrian 0.00 1.00 0 0 0 0 0 0 0 0 861.04 359.92 862.88 364.80 1.9158 0.4880 0.5495 38.5582 1.8849 -222.4715 -0.3095 0.0000 -0.0000 320 pedestrian_0006
Pedestrian 0.00 1.00 0 0 0 0 0 0 0 0 1642.69 360.07 1646.53 365.27 1.9158 0.4880 0.7507 -252.8109 1.9434 -209.1547 1.7479 0.0000 -0.0000 321 pedestrian_0021
Pedestrian 0.00 1.00 0 0 0 0 0 0 0 0 312.26 366.74 318.23 374.86 1.1330 0.4333 0.5024 90.9344 2.0874 -82.6516 0.9762 0.0000 -0.0000 322 pedestrian_0010
Pedestrian 1.00 1.00 0 0 0 0 0 0 0 0 -1000.00 -1000.00 -1000.00 -1000.00 1.9158 0.4880 0.7222 144.3955 1.8947 5.3884 1.5476 0.0000 -0.0000 323 pedestrian_0022
Pedestrian 0.00 0.82 4 3 7 36 2 0 0 0 922.14 361.19 928.75 377.85 1.9158 0.4880 0.7507 3.9946 2.0542 -68.5301 0.0871 0.0000 -0.0000 324 pedestrian_0015
Pedestrian 1.00 1.00 2 1 5 24 0 0 0 0 -1000.00 -1000.00 -1000.00 -1000.00 1.9158 0.4880 0.4270 -67.0286 1.9539 12.6086 1.9050 0.0000 -0.0000 325 pedestrian_0005
Pedestrian 1.00 1.00 0 0 0 0 0 0 0 0 -1000.00 -1000.00 -1000.00 -1000.00 1.9158 0.4880 0.6192 211.7017 -8.0540 -115.5457 -1.4680 0.0000 -0.0000 326 pedestrian_0006
Pedestrian 0.00 1.00 0 0 0 0 0 0 0 0 1388.49 361.07 1394.83 372.38 1.9158 0.4880 0.7507 -73.4355 2.0986 -98.7742 -2.9115 0.0000 -0.0000 327 pedestrian_0002
Pedestrian 0.00 1.00 0 0 0 0 0 0 0 0 1353.01 360.18 1357.20 371.68 1.9158 0.4880 0.5278 -66.0802 1.9462 -97.1797 -2.0195 0.0000 -0.0000 328 pedestrian_0015
Pedestrian 1.00 1.00 0 0 0 1 0 0 0 0 -1000.00 -1000.00 -1000.00 -1000.00 1.9158 0.4880 0.7507 -74.7430 1.9553 129.8250 -3.0463 0.0000 -0.0000 329 pedestrian_0005
Pedestrian 0.00 1.00 0 0 0 0 0 0 0 0 1694.42 362.31 1698.25 365.61 1.1330 0.4333 0.6667 -254.2649 1.9328 -195.8723 1.6802 0.0000 -0.0000 330 pedestrian_0010
Pedestrian 1.00 1.00 0 0 0 0 0 0 0 0 -1000.00 -1000.00 -1000.00 -1000.00 1.9158 0.4880 0.7026 61.0438 1.9487 -33.2900 -1.4621 0.0000 -0.0000 331 pedestrian_0001
Pedestrian 1.00 1.00 0 0 0 3 0 0 0 0 -1000.00 -1000.00 -1000.00 -1000.00 1.9158 0.4880 0.3774 -92.2698 1.9498 -18.0885 -1.8397 0.0000 -0.0000 332 pedestrian_0017
Pedestrian 0.00 1.00 0 0 0 0 0 0 0 0 451.66 361.26 458.41 374.55 1.9158 0.4880 0.5987 73.1387 2.0988 -84.7589 -0.3046 0.0000 -0.0000 333 pedestrian_0023
Pedestrian 1.00 1.00 0 0 0 0 0 0 0 0 -1000.00 -1000.00 -1000.00 -1000.00 1.3390 0.3253 0.3901 -129.0568 1.9156 60.6921 0.1057 0.0000 -0.0000 334 pedestrian_0013
Pedestrian 1.00 1.00 28 34 46 828 0 0 3 0 -1000.00 -1000.00 -1000.00 -1000.00 1.9158 0.4880 0.7507 11.6935 1.9512 19.9233 0.2305 0.0000 -0.0000 335 pedestrian_0019
Pedestrian 1.00 1.00 0 0 0 15 0 0 0 0 -1000.00 -1000.00 -1000.00 -1000.00 1.9158 0.4880 0.3754 -102.1290 1.9199 60.7550 -0.2848 0.0000 -0.0000 336 pedestrian_0017
Pedestrian 0.00 1.00 0 0 0 0 0 0 0 0 1377.18 360.05 1379.05 363.85 1.9158 0.4880 0.7507 -210.5679 1.9385 -283.6104 2.5023 0.0000 -0.0000 337 pedestrian_0025
Pedestrian 0.00 1.00 0 0 0 0 0 0 0 0 732.68 340.24 734.51 344.06 1.9158 0.4880 0.7507 114.6711 -8.0812 -285.2037 0.1079 0.0000 -0.0000 338 pedestrian_0006
Pedestrian 0.00 1.00 0 0 0 0 0 0 0 0 650.49 338.58 651.83 341.26 1.1330 0.4333 0.4792 133.0591 -8.0857 -243.2732 0.4442 0.0000 -0.0000 339 pedestrian_0011
Pedestrian 0.00 1.00 0 0 0 0 0 0 0 0 313.51 363.43 318.40 368.68 1.1330 0.4333 0.5385 139.6656 1.8786 -124.6761 -1.5911 0.0000 -0.0000 340 pedestrian_0011
Pedestrian 0.00 1.00 0 0 0 0 0 0 0 0 173.96 362.41 177.12 367.81 1.3390 0.3253 0.3150 194.7361 1.9369 -142.0706 -3.0069 0.0000 -0.0000 341 pedestrian_0013
Pedestrian 1.00 1.00 0 0 0 0 0 0 0 0 -1000.00 -1000.00 -1000.00 -1000.00 1.9158 0.4880 0.7507 227.8583 1.9493 -27.8606 1.6696 0.0000 -0.0000 342 pedestrian_0007
Pedestrian 0.00 1.00 0 1 5 0 3 0 0 0 955.13 359.90 957.04 366.90 1.9158 0.4880 0.3826 1.0720 1.8872 -156.2481 1.6778 0.0000 -0.0000 343 pedestrian_0021
Pedestrian 0.00 1.00 0 0 0 0 0 0 0 0 491.95 338.06 493.41 340.80 1.1330 0.4333 0.3658 196.3610 -8.0768 -237.3708 -2.1686 0.0000 -0.0000 344 pedestrian_0010
Pedestrian 0.00 0.97 1 1 1 13 4 0 0 0 971.93 361.12 976.46 375.17 1.9158 0.4880 0.3859 -1.9457 2.0700 -80.4307 2.2798 0.0000 -0.0000 345 pedestrian_0021
Pedestrian 1.00 1.00 0 0 0 0 0 0 0 0 -1000.00 -1000.00 -1000.00 -1000.00 1.3390 0.3253 0.2928 55.9958 2.0951 20.2022 -1.3084 0.0000 -0.0000 346 pedestrian_0014
Pedestrian 0.00 1.00 0 0 0 1 1 0 0 0 965.50 359.91 968.00 366.82 1.9158 0.4880 0.5513 -1.8746 1.8901 -158.4074 -1.0740 0.0000 -0.0000 347 pedestrian_0023
Pedestrian 1.00 1.00 0 0 0 0 0 0 0 0 -1000.00 -1000.00 -1000.00 -1000.00 1.9158 0.4880 0.7507 -206.9593 1.9075 -114.0308 1.6509 0.0000 -0.0000 348 pedestrian_0008
Pedestrian 1.00 1.00 0 0 0 0 0 0 0 0 -1000.00 -1000.00 -1000.00 -1000.00 1.9158 0.4880 0.6934 -271.2414 1.9497 -33.8074 -1.5459 0.0000 -0.0000 349 pedestrian_0006
Pedestrian 0.00 1.00 0 0 0 0 0 0 0 0 799.64 359.92 801.67 364.77 1.9158 0.4880 0.6534 63.0104 1.8848 -223.6484 -0.0348 0.0000 -0.0000 350 pedestrian_0022
Pedestrian 0.00 1.00 0 0 0 0 0 0 0 0 917.11 360.49 919.17 366.72 1.9158 0.4880 0.4725 12.8883 2.0661 -175.1334 2.7827 0.0000 -0.0000 351 pedestrian_0023
Pedestrian 0.00 0.96 2 2 2 15 2 0 0 0 909.25 360.80 912.37 372.96 1.9158 0.4880 0.3771 7.7808 2.0432 -92.1556 2.9681 0.0000 -0.0000 352 pedestrian_0006
Pedestrian 0.00 1.00 0 0 0 0 0 0 0 0 1356.41 360.18 1360.94 371.59 1.9158 0.4880 0.6110 -67.1941 1.9462 -97.8996 -1.9521 0.0000 -0.0000 353 pedestrian_0024
Pedestrian 1.00 1.00 0 0 0 0 0 0 0 0 -1000.00 -1000.00 -1000.00 -1000.00 1.1330 0.4333 0.6256 -177.4760 1.9433 119.1309 0.1595 0.0000 -0.0000 354 pedestrian_0011
Pedestrian 1.00 1.00 4 4 9 35 0 2 0 0 -1000.00 -1000.00 -1000.00 -1000.00 1.9158 0.4880 0.4276 -66.6738 1.9525 12.0611 3.0480 0.0000 -0.0000 355 pedestrian_0017
Pedestrian 0.00 1.00 0 0 0 0 0 0 0 0 119.14 315.23 123.25 321.73 1.3390 0.3253 0.3490 176.4400 -8.0640 -121.0669 -1.4774 0.0000 -0.0000 356 pedestrian_0012
Pedestrian 0.00 1.00 0 0 0 0 0 0 0 0 1338.62 360.04 1339.74 363.72 1.9158 0.4880 0.4546 -197.7366 1.9381 -293.5186 2.4825 0.0000 -0.0000 357 pedestrian_0020
Pedestrian 0.00 1.00 0 0 0 0 0 0 0 0 847.81 359.93 849.72 364.77 1.9158 0.4880 0.6036 44.0248 1.8868 -223.8517 -0.1780 0.0000 -0.0000 358 pedestrian_0017
Pedestrian 1.00 1.00 2 0 3 16 0 0 0 0 -1000.00 -1000.00 -1000.00 -1000.00 1.9158 0.4880 0.4858 -91.3037 2.1036 12.9065 -3.0115 0.0000 -0.0000 359 pedestrian_0025
Pedestrian 0.00 1.00 0 0 0 0 0 0 0 0 1194.94 361.08 1195.84 363.52 1.3390 0.3253 0.3500 -129.1646 1.9297 -308.6111 -3.1067 0.0000 -0.0000 360 pedestrian_0013
Pedestrian 0.00 1.00 0 0 0 0 0 0 0 0 1615.51 361.55 1617.92 365.06 1.3390 0.3253 0.5005 -251.4255 1.9335 -216.6802 1.7984 0.0000 -0.0000 361 pedestrian_0013
Pedestrian 0.00 0.98 0 4 5 10 1 0 0 0 968.31 365.24 971.31 375.02 1.3390 0.3253 0.2551 -1.3504 2.0617 -80.7839 -2.3276 0.0000 -0.0000 362 pedestrian_0013
Pedestrian 1.00 1.00 0 0 0 0 0 0 0 0 -1000.00 -1000.00 -1000.00 -1000.00 1.1330 0.4333 0.4630 -101.6845 2.0655 57.1814 -1.7068 0.0000 -0.0000 363 pedestrian_0011
Pedestrian 0.00 0.99 0 1 2 6 1 0 0 0 877.85 362.70 879.59 369.41 1.3390 0.3253 0.4254 16.2896 1.8814 -115.5617 1.6672 0.0000 -0.0000 364 pedestrian_0012
Pedestrian 1.00 1.00 0 0 0 0 0 0 0 0 -1000.00 -1000.00 -1000.00 -1000.00 1.9158 0.4880 0.4743 154.6180 1.9464 -72.4812 -1.9127 0.0000 -0.0000 365 pedestrian_0023
Pedestrian 1.00 1.00 0 0 0 0 0 0 0 0 -1000.00 -1000.00 -1000.00 -1000.00 1.9158 0.4880 0.5275 -98.1703 1.9504 31.0516 -1.4488 0.0000 -0.0000 366 pedestrian_0005
Pedestrian 1.00 1.00 0 0 0 0 0 0 0 0 -1000.00 -1000.00 -1000.00 -1000.00 1.9158 0.4880 0.5582 -210.0114 1.9375 -51.1994 3.0602 0.0000 -0.0000 367 pedestrian_0021
Pedestrian 0.00 1.00 0 0 0 0 0 0 0 0 1701.90 366.00 1709.03 374.52 1.1330 0.4333 0.4176 -99.9629 1.9400 -78.8043 0.1961 0.0000 -0.0000 368 pedestrian_0010
Pedestrian 0.00 1.00 0 0 0 0 0 0 0 0 840.67 359.92 842.90 364.76 1.9158 0.4880 0.7507 46.8369 1.8848 -224.0809 3.0396 0.0000 -0.0000 369 pedestrian_0020
Pedestrian 0.00 0.98 1 1 2 8 0 0 0 0 911.69 364.91 914.60 374.08 1.3390 0.3253 0.2989 6.8768 2.0612 -85.8240 2.6740 0.0000 -0.0000 370 pedestrian_0012
Pedestrian 0.00 1.00 0 0 0 0 0 0 0 0 677.86 360.10 679.95 367.37 1.9158 0.4880 0.6622 74.3665 1.9434 -151.1136 -1.0968 0.0000 -0.0000 371 pedestrian_0015
Pedestrian 1.00 1.00 7 4 6 33 0 2 0 0 -1000.00 -1000.00 -1000.00 -1000.00 1.9158 0.4880 0.5296 -66.4512 1.9511 11.4260 3.0300 0.0000 -0.0000 372 pedestrian_0007
Pedestrian 1.00 1.00 0 0 0 0 0 0 0 0 -1000.00 -1000.00 -1000.00 -1000.00 1.9158 0.4880 0.6574 -263.7503 1.9486 -105.4359 1.6779 0.0000 -0.0000 373 pedestrian_0008
Pedestrian 0.00 1.00 0 0 0 0 0 0 0 0 1126.39 360.24 1132.85 375.80 1.9158 0.4880 0.6261 -20.9683 1.9458 -73.0009 -3.0558 0.0000 -0.0000 374 pedestrian_0020
Pedestrian 0.00 1.00 0 0 0 0 0 0 0 0 824.82 360.09 826.87 366.25 1.9158 0.4880 0.5487 41.7762 1.9424 -177.0767 0.0753 0.0000 -0.0000 375 pedestrian_0015
Pedestrian 0.00 0.98 0 3 5 8 1 0 0 0 1035.27 365.38 1038.15 375.03 1.3390 0.3253 0.3305 -10.6975 2.0907 -81.7787 1.6861 0.0000 -0.0000 376 pedestrian_0012
Pedestrian 0.00 1.00 0 0 0 0 0 0 0 0 501.78 360.08 504.13 366.57 1.9158 0.4880 0.4380 135.2933 1.9401 -168.5509 -2.6745 0.0000 -0.0000 377 pedestrian_0017
Pedestrian 0.00 0.83 0 0 0 71 0 0 0 0 718.06 359.85 729.80 386.84 1.9158 0.4880 0.7507 16.9213 1.9052 -44.2181 -1.6378 0.0000 -0.0000 378 pedestrian_0025
Pedestrian 1.00 1.00 2 1 0 14 0 0 0 0 -1000.00 -1000.00 -1000.00 -1000.00 1.1330 0.4333 0.3333 -73.6132 1.9397 11.0929 -2.6388 0.0000 -0.0000 379 pedestrian_0009
Pedestrian 1.00 1.00 0 0 0 0 0 0 0 0 -1000.00 -1000.00 -1000.00 -1000.00 1.9158 0.4880 0.6283 49.2545 1.9386 -26.9149 1.5463 0.0000 -0.0000 380 pedestrian_0002
Pedestrian 0.00 1.00 0 0 0 0 0 0 0 0 1215.75 361.07 1216.73 363.51 1.3390 0.3253 0.3904 -140.7536 1.9289 -308.9340 3.1286 0.0000 -0.0000 381 pedestrian_0013
Pedestrian 0.00 1.00 0 0 0 0 0 0 0 0 694.56 362.45 696.67 366.86 1.3390 0.3253 0.5005 80.5150 2.0864 -173.2717 -3.0376 0.0000 -0.0000 382 pedestrian_0012
Pedestrian 0.00 1.00 0 0 0 0 0 0 0 0 1513.79 366.44 1520.23 375.65 1.1330 0.4333 0.3674 -69.0847 1.9341 -73.2250 -1.7837 0.0000 -0.0000 383 pedestrian_0010
Pedestrian 0.00 1.00 0 0 0 0 0 0 0 0 1219.49 361.07 1220.57 363.51 1.3390 0.3253 0.4541 -142.9049 1.9288 -309.0815 3.0402 0.0000 -0.0000 384 pedestrian_0013
Pedestrian 1.00 1.00 0 0 0 0 0 0 0 0 -1000.00 -1000.00 -1000.00 -1000.00 1.9158 0.4880 0.4101 -198.5430 1.9176 -2.3724 -1.7862 0.0000 -0.0000 385 pedestrian_0015
Pedestrian 0.00 1.00 0 0 0 0 0 0 0 0 634.64 360.21 641.78 373.52 1.9158 0.4880 0.7507 46.4817 1.9464 -84.5442 0.0354 0.0000 -0.0000 386 pedestrian_0018
Pedestrian 0.00 1.00 0 0 0 0 0 0 0 0 1198.00 361.07 1198.92 363.51 1.3390 0.3253 0.3465 -131.1016 1.9271 -309.1975 -3.0185 0.0000 -0.0000 387 pedestrian_0013
Pedestrian 0.00 1.00 0 0 0 0 0 0 0 0 410.55 359.90 413.47 366.44 1.9158 0.4880 0.3923 160.9072 1.8870 -167.2284 -1.2485 0.0000 -0.0000 388 pedestrian_0022
Pedestrian 1.00 1.00 0 0 0 0 0 0 0 0 -1000.00 -1000.00 -1000.00 -1000.00 1.9158 0.4880 0.7507 -257.8809 1.9539 61.5431 1.0676 0.0000 -0.0000 389 pedestrian_0003
Pedestrian 0.00 1.00 0 0 0 0 0 0 0 0 1650.21 360.08 1653.59 365.32 1.9158 0.4880 0.6112 -253.0562 1.9435 -207.1958 1.7311 0.0000 -0.0000 390 pedestrian_0021
Pedestrian 1.00 1.00 0 0 0 0 0 0 0 0 -1000.00 -1000.00 -1000.00 -1000.00 1.9158 0.4880 0.7507 -97.8548 2.1052 47.6230 -1.7573 0.0000 -0.0000 391 pedestrian_0016
Pedestrian 0.00 1.00 0 0 0 0 0 0 0 0 1590.07 360.07 1593.48 364.92 1.9158 0.4880 0.7507 -249.8759 1.9430 -223.6972 1.8309 0.0000 -0.0000 392 pedestrian_0005
Pedestrian 0.00 1.00 0 0 0 0 0 0 0 0 483.34 332.52 485.66 337.86 1.9158 0.4880 0.4486 172.8717 -8.0608 -205.9846 -1.8593 0.0000 -0.0000 393 pedestrian_0026
Pedestrian 0.00 0.94 2 4 7 25 3 0 0 0 938.65 361.14 943.72 375.61 1.9158 0.4880 0.4879 2.5047 2.0679 -78.2513 -2.5381 0.0000 -0.0000 394 pedestrian_0022
Pedestrian 1.00 1.00 0 0 0 0 0 0 0 0 -1000.00 -1000.00 -1000.00 -1000.00 1.1330 0.4333 0.6667 47.3489 -6.3016 104.0954 -3.0159 0.0000 -0.0000 395 pedestrian_0010
Pedestrian 1.00 1.00 1 2 2 12 0 2 0 0 -1000.00 -1000.00 -1000.00 -1000.00 1.9158 0.4880 0.3754 -69.1388 1.9524 11.8659 -3.0911 0.0000 -0.0000 396 pedestrian_0006
Pedestrian 0.00 1.00 0 0 0 0 0 0 0 0 1179.73 361.69 1181.10 365.51 1.3390 0.3253 0.4432 -77.3763 1.9331 -199.0514 1.5108 0.0000 -0.0000 397 pedestrian_0012
Pedestrian 0.00 1.00 0 0 0 0 0 0 0 0 954.91 362.50 956.43 366.07 1.1330 0.4333 0.3471 1.3784 1.9309 -180.8760 1.4138 0.0000 -0.0000 398 pedestrian_0010
Pedestrian 1.00 1.00 0 0 0 0 0 0 0 0 -1000.00 -1000.00 -1000.00 -1000.00 1.9158 0.4880 0.7016 -120.9206 1.9197 60.7066 0.0927 0.0000 -0.0000 399 pedestrian_0007
Pedestrian 1.00 1.00 0 0 0 0 0 0 0 0 -1000.00 -1000.00 -1000.00 -1000.00 1.9158 0.4880 0.6437 208.0568 -8.0523 -77.7125 -1.4797 0.0000 -0.0000 400 pedestrian_0001
Pedestrian 0.00 1.00 0 0 0 0 0 0 0 0 1377.55 361.15 1384.45 373.35 1.9158 0.4880 0.7507 -66.5033 2.0989 -92.0365 -1.4752 0.0000 -0.0000 401 pedestrian_0016
Pedestrian 1.00 1.00 0 0 0 0 0 0 0 0 -1000.00 -1000.00 -1000.00 -1000.00 1.9158 0.4880 0.7507 -265.5897 1.9473 -87.6043 -1.4691 0.0000 -0.0000 402 pedestrian_0021
Pedestrian 1.00 1.00 0 0 0 0 0 0 0 0 -1000.00 -1000.00 -1000.00 -1000.00 1.9158 0.4880 0.5225 156.8543 1.9455 -54.7091 0.0842 0.0000 -0.0000 403 pedestrian_0006
Pedestrian 1.00 1.00 0 0 0 0 0 0 0 0 -1000.00 -1000.00 -1000.00 -1000.00 1.9158 0.4880 0.7507 -111.1678 1.9201 61.2150 0.0531 0.0000 -0.0000 404 pedestrian_0023
Pedestrian 0.00 1.00 0 0 0 0 0 0 0 0 774.47 361.88 776.30 364.76 1.1330 0.4333 0.6100 72.7408 1.8734 -222.8649 -3.0231 0.0000 -0.0000 405 pedestrian_0011
Pedestrian 0.00 0.93 3 3 5 29 2 0 0 0 871.52 361.22 875.21 374.86 1.9158 0.4880 0.5446 12.2284 2.0893 -82.7072 -1.3666 0.0000 -0.0000 406 pedestrian_0004
Pedestrian 0.00 1.00 0 0 0 0 0 0 0 0 909.51 360.45 911.02 366.61 1.9158 0.4880 0.4077 15.4957 2.0560 -177.1682 3.0950 0.0000 -0.0000 407 pedestrian_0026
Pedestrian 1.00 1.00 0 0 0 0 0 0 0 0 -1000.00 -1000.00 -1000.00 -1000.00 1.3390 0.3253 0.3767 153.9096 1.8827 -92.2196 -1.4799 0.0000 -0.0000 408 pedestrian_0013
Pedestrian 0.00 1.00 0 0 0 0 0 0 0 0 1200.11 362.42 1201.66 365.88 1.1330 0.4333 0.5080 -79.2672 1.9309 -186.8664 1.2304 0.0000 -0.0000 409 pedestrian_0010
Pedestrian 1.00 1.00 0 0 0 0 0 0 0 0 -1000.00 -1000.00 -1000.00 -1000.00 1.9158 0.4880 0.5301 145.2396 1.8943 -1.9285 -1.5223 0.0000 -0.0000 410 pedestrian_0020
Pedestrian 0.00 1.00 0 0 0 0 0 0 0 0 1346.22 359.97 1348.36 364.51 1.9158 0.4880 0.6845 -164.0273 1.9050 -239.2228 2.6658 0.0000 -0.0000 411 pedestrian_0025
Pedestrian 1.00 1.00 7 10 18 247 0 0 3 0 -1000.00 -1000.00 -1000.00 -1000.00 1.1330 0.4333 0.6580 12.9169 1.9376 22.9571 -3.1316 0.0000 -0.0000 412 pedestrian_0010
Pedestrian 0.00 1.00 0 0 0 0 0 0 0 0 470.41 360.30 481.57 378.38 1.9158 0.4880 0.7507 51.5369 1.9474 -63.5000 -3.0312 0.0000 -0.0000 413 pedestrian_0015
Pedestrian 1.00 1.00 0 0 0 0 0 0 0 0 -1000.00 -1000.00 -1000.00 -1000.00 1.1330 0.4333 0.6667 87.5779 1.9370 -38.0931 1.6429 0.0000 -0.0000 414 pedestrian_0011
Pedestrian 1.00 1.00 245 276 404 40062 0 0 11 51 -1000.00 -1000.00 -1000.00 -1000.00 1.9158 0.4880 0.6101 6.2814 2.1007 3.7239 1.5042 0.0000 -0.0000 415 pedestrian_0025
Pedestrian 1.00 1.00 0 0 0 0 0 0 0 0 -1000.00 -1000.00 -1000.00 -1000.00 1.1330 0.4333 0.6466 123.2438 -7.2591 97.1763 2.6136 0.0000 -0.0000 416 pedestrian_0009
Pedestrian 1.00 1.00 0 0 0 0 0 0 0 0 -1000.00 -1000.00 -1000.00 -1000.00 1.9158 0.4880 0.7507 129.3706 -7.3443 93.2651 2.4518 0.0000 -0.0000 417 pedestrian_0026
Pedestrian 0.00 1.00 0 0 0 0 0 0 0 0 1911.49 360.11 1915.59 367.19 1.9158 0.4880 0.4270 -258.6264 1.9459 -154.8106 -2.8026 0.0000 -0.0000 418 pedestrian_0019
Pedestrian 0.00 1.00 0 0 0 0 0 0 0 0 821.14 360.10 824.15 367.04 1.9158 0.4880 0.7507 37.9629 1.9432 -157.6699 -3.0283 0.0000 -0.0000 419 pedestrian_0018
Pedestrian 0.00 1.00 0 0 0 0 0 0 0 0 1247.99 360.04 1249.65 363.55 1.9158 0.4880 0.6564 -157.7981 1.9375 -307.3051 3.1137 0.0000 -0.0000 420 pedestrian_0026
Pedestrian 1.00 1.00 0 0 0 0 0 0 0 0 -1000.00 -1000.00 -1000.00 -1000.00 1.9158 0.4880 0.7507 134.2974 2.0445 -52.9489 -2.9777 0.0000 -0.0000 421 pedestrian_0005
Pedestrian 0.00 1.00 0 0 0 0 0 0 0 0 621.85 360.08 624.30 366.32 1.9158 0.4880 0.4233 103.5035 1.9389 -174.7487 1.4848 0.0000 -0.0000 422 pedestrian_0021
Pedestrian 0.00 1.00 0 0 0 0 0 0 0 0 128.71 360.10 134.14 367.35 1.9158 0.4880 0.6686 219.7203 1.9429 -151.4592 0.6070 0.0000 -0.0000 423 pedestrian_0025
Pedestrian 1.00 1.00 0 0 0 0 0 0 0 0 -1000.00 -1000.00 -1000.00 -1000.00 1.9158 0.4880 0.4622 129.2856 1.8930 -46.5027 1.6601 0.0000 -0.0000 424 pedestrian_0008
Pedestrian 1.00 1.00 0 0 0 0 0 0 0 0 -1000.00 -1000.00 -1000.00 -1000.00 1.9158 0.4880 0.4746 58.3924 1.9501 -3.2571 -1.4367 0.0000 -0.0000 425 pedestrian_0018
Pedestrian 0.00 1.00 0 0 0 0 0 0 0 0 1785.49 359.96 1792.06 367.81 1.9158 0.4880 0.7507 -202.9880 1.9062 -140.2329 -1.5025 0.0000 -0.0000 426 pedestrian_0020
Pedestrian 0.00 1.00 0 0 0 0 0 0 0 0 1746.10 363.01 1751.30 369.78 1.3390 0.3253 0.5005 -156.6462 1.9374 -114.5634 1.7036 0.0000 -0.0000 427 pedestrian_0012
Pedestrian 0.00 1.00 0 0 0 0 0 0 0 0 478.33 363.35 480.42 367.37 1.1330 0.4333 0.4331 136.1291 2.0837 -161.4649 -0.8872 0.0000 -0.0000 428 pedestrian_0011
Pedestrian 0.00 1.00 0 0 0 0 0 0 0 0 1572.91 360.12 1577.38 367.86 1.9158 0.4880 0.5707 -152.6124 1.9447 -141.9883 1.7542 0.0000 -0.0000 429 pedestrian_0006
Pedestrian 1.00 1.00 0 0 0 0 0 0 0 0 -1000.00 -1000.00 -1000.00 -1000.00 1.9158 0.4880 0.6322 200.7441 1.9475 -50.4653 0.1018 0.0000 -0.0000 430 pedestrian_0021
Pedestrian 0.00 1.00 0 0 0 0 0 0 0 0 1719.48 359.97 1725.60 367.74 1.9158 0.4880 0.7507 -188.6316 1.9083 -141.5901 -1.4081 0.0000 -0.0000 431 pedestrian_0026
Pedestrian 1.00 1.00 0 0 0 0 0 0 0 0 -1000.00 -1000.00 -1000.00 -1000.00 1.9158 0.4880 0.7507 164.0787 -8.0283 9.2926 -1.5050 0.0000 -0.0000 432 pedestrian_0026
Pedestrian 0.00 1.00 0 0 0 4 0 0 0 0 1076.28 360.01 1078.90 368.11 1.9158 0.4880 0.4919 -27.8491 1.9171 -135.7488 0.0650 0.0000 -0.0000 433 pedestrian_0002
Pedestrian 0.00 1.00 0 0 0 0 0 0 0 0 877.90 360.08 880.18 366.18 1.9158 0.4880 0.5481 25.4985 1.9423 -179.0380 -2.0186 0.0000 -0.0000 434 pedestrian_0001
Pedestrian 0.00 1.00 0 0 0 0 0 0 0 0 206.89 325.37 211.58 332.14 1.9158 0.4880 0.6433 216.7286 -8.0598 -164.4825 1.6829 0.0000 -0.0000 435 pedestrian_0022
Pedestrian 0.00 1.00 0 0 0 0 0 0 0 0 231.19 360.35 243.85 381.65 1.9158 0.4880 0.5175 65.3521 1.9477 -54.6178 -1.6708 0.0000 -0.0000 436 pedestrian_0005
Pedestrian 1.00 1.00 0 0 0 0 0 0 0 0 -1000.00 -1000.00 -1000.00 -1000.00 1.3390 0.3253 0.5005 -183.0615 1.9216 -106.7737 -3.0702 0.0000 -0.0000 437 pedestrian_0013
Pedestrian 0.00 1.00 0 0 0 0 0 0 0 0 1536.96 361.88 1538.95 364.56 1.1330 0.4333 0.4681 -244.8019 1.9305 -239.2448 -1.1339 0.0000 -0.0000 438 pedestrian_0011
Pedestrian 1.00 1.00 0 0 0 0 0 0 0 0 -1000.00 -1000.00 -1000.00 -1000.00 1.9158 0.4880 0.4774 -161.8363 1.9203 53.1336 -1.0165 0.0000 -0.0000 439 pedestrian_0006
Pedestrian 1.00 1.00 0 0 0 0 0 0 0 0 -1000.00 -1000.00 -1000.00 -1000.00 1.3390 0.3253 0.4934 101.9566 -6.8729 142.5369 3.0172 0.0000 -0.0000 440 pedestrian_0014
Pedestrian 1.00 1.00 0 0 0 0 0 0 0 0 -1000.00 -1000.00 -1000.00 -1000.00 1.9158 0.4880 0.5004 -92.3687 1.9495 -37.4267 -1.4561 0.0000 -0.0000 441 pedestrian_0025
Pedestrian 1.00 1.00 0 0 0 0 0 0 0 0 -1000.00 -1000.00 -1000.00 -1000.00 1.9158 0.4880 0.4719 -267.9233 1.9530 41.1811 -1.7865 0.0000 -0.0000 442 pedestrian_0003
Pedestrian 1.00 1.00 2 2 4 5 0 0 0 0 -1000.00 -1000.00 -1000.00 -1000.00 1.9158 0.4880 0.7507 110.8895 1.9491 30.3491 -2.9777 0.0000 -0.0000 443 pedestrian_0024
Pedestrian 0.00 1.00 0 0 0 0 0 0 0 0 807.85 360.20 811.94 373.08 1.9158 0.4880 0.5160 22.3973 1.9456 -87.1841 0.1006 0.0000 -0.0000 444 pedestrian_0007
Pedestrian 0.00 1.00 0 0 0 0 0 0 0 0 1657.27 360.25 1664.27 374.83 1.9158 0.4880 0.3973 -92.4904 1.9488 -77.6342 0.4126 0.0000 -0.0000 445 pedestrian_0023
Pedestrian 1.00 1.00 0 0 0 0 0 0 0 0 -1000.00 -1000.00 -1000.00 -1000.00 1.9158 0.4880 0.6286 -248.4959 1.9545 75.5739 -2.2502 0.0000 -0.0000 446 pedestrian_0026
Pedestrian 0.00 1.00 0 0 0 0 0 0 0 0 196.93 320.50 202.45 325.54 1.1330 0.4333 0.6304 177.5379 -8.0676 -133.9042 1.6676 0.0000 -0.0000 447 pedestrian_0009
Pedestrian 0.00 1.00 0 0 0 0 0 0 0 0 813.68 337.80 815.57 342.10 1.9158 0.4880 0.7507 65.3774 -8.0578 -253.7424 0.0870 0.0000 -0.0000 448 pedestrian_0015
Pedestrian 1.00 1.00 0 0 0 0 0 0 0 0 -1000.00 -1000.00 -1000.00 -1000.00 1.9158 0.4880 0.3858 156.2247 1.9466 -73.1983 -1.1653 0.0000 -0.0000 449 pedestrian_0017
Pedestrian 0.00 1.00 0 0 0 0 0 0 0 0 108.32 360.41 126.13 386.66 1.9158 0.4880 0.5365 61.9335 1.9461 -45.2145 1.5989 0.0000 -0.0000 450 pedestrian_0023
Pedestrian 1.00 1.00 0 1 0 11 0 1 0 0 -1000.00 -1000.00 -1000.00 -1000.00 1.9158 0.4880 0.3754 -94.9458 1.9509 13.7589 -1.1023 0.0000 -0.0000 451 pedestrian_0001
Pedestrian 0.00 1.00 0 0 0 0 0 0 0 0 1821.83 359.96 1828.80 368.09 1.9158 0.4880 0.7482 -204.6394 1.9064 -135.5586 -1.4797 0.0000 -0.0000 452 pedestrian_0017
Pedestrian 0.00 1.00 0 0 0 0 0 0 0 0 1846.43 365.61 1855.61 373.61 1.1330 0.4333 0.6001 -127.0965 1.9356 -83.5418 3.1174 0.0000 -0.0000 453 pedestrian_0011
Pedestrian 0.00 1.00 0 0 0 0 0 0 0 0 1286.54 360.05 1287.62 363.61 1.9158 0.4880 0.4179 -175.7849 1.9401 -302.3591 -0.3447 0.0000 -0.0000 454 pedestrian_0018
Pedestrian 1.00 1.00 0 0 0 0 0 0 0 0 -1000.00 -1000.00 -1000.00 -1000.00 1.9158 0.4880 0.6948 135.7018 2.0467 -53.1735 -3.0955 0.0000 -0.0000 455 pedestrian_0021
Pedestrian 1.00 1.00 0 0 0 0 0 0 0 0 -1000.00 -1000.00 -1000.00 -1000.00 1.9158 0.4880 0.4915 164.8966 1.9487 -54.6368 -3.0596 0.0000 -0.0000 456 pedestrian_0007
Pedestrian 0.00 1.00 6 1 2 18 3 0 0 0 917.04 361.05 921.04 374.39 1.9158 0.4880 0.3899 5.9049 2.0677 -84.3836 1.9184 0.0000 -0.0000 457 pedestrian_0021
Pedestrian 1.00 1.00 0 0 0 0 0 0 0 0 -1000.00 -1000.00 -1000.00 -1000.00 1.9158 0.4880 0.5061 115.3319 -7.1267 101.3572 -0.3336 0.0000 -0.0000 458 pedestrian_0019
Pedestrian 1.00 1.00 0 0 0 0 0 0 0 0 -1000.00 -1000.00 -1000.00 -1000.00 1.1330 0.4333 0.5344 -86.8659 1.9449 128.3252 -0.0553 0.0000 -0.0000 459 pedestrian_0009
Pedestrian 1.00 1.00 0 0 0 0 0 0 0 0 -1000.00 -1000.00 -1000.00 -1000.00 1.9158 0.4880 0.6234 -93.6248 1.9563 128.1778 -0.0081 0.0000 -0.0000 460 pedestrian_0004
Pedestrian 1.00 1.00 0 0 0 0 0 0 0 0 -1000.00 -1000.00 -1000.00 -1000.00 1.3390 0.3253 0.4270 -99.5568 1.9432 30.0907 -1.5098 0.0000 -0.0000 461 pedestrian_0012
Pedestrian 0.00 1.00 0 0 0 0 0 0 0 0 1744.62 360.29 1755.98 377.47 1.9158 0.4880 0.5653 -88.5848 1.9485 -66.6090 -1.4633 0.0000 -0.0000 462 pedestrian_0006
Pedestrian 0.00 1.00 0 0 0 0 0 0 0 0 1452.36 366.15 1458.03 374.92 1.1330 0.4333 0.4034 -64.5176 1.9369 -76.6945 -0.2859 0.0000 -0.0000 463 pedestrian_0009
Pedestrian 0.00 1.00 0 0 0 0 0 0 0 0 755.25 361.82 756.30 365.36 1.3390 0.3253 0.5005 77.4782 2.0291 -214.7527 -1.3167 0.0000 -0.0000 464 pedestrian_0014
Pedestrian 0.00 1.00 0 0 0 0 0 0 0 0 1005.02 362.50 1007.30 366.07 1.1330 0.4333 0.6667 -14.7160 1.9312 -181.1817 0.0643 0.0000 -0.0000 465 pedestrian_0010
Pedestrian 1.00 1.00 0 0 0 0 0 0 0 0 -1000.00 -1000.00 -1000.00 -1000.00 1.9158 0.4880 0.7460 32.3086 1.9078 56.9938 0.2205 0.0000 -0.0000 466 pedestrian_0017
Pedestrian 1.00 1.00 1 0 3 10 0 1 0 0 -1000.00 -1000.00 -1000.00 -1000.00 1.9158 0.4880 0.4704 -76.9066 2.1031 3.4970 2.0246 0.0000 -0.0000 467 pedestrian_0004
Pedestrian 1.00 1.00 38 54 77 387 0 36 0 0 -1000.00 -1000.00 -1000.00 -1000.00 1.9158 0.4880 0.4464 -18.4015 1.9496 -3.3838 -2.8667 0.0000 -0.0000 468 pedestrian_0021
Pedestrian 0.00 1.00 0 0 0 0 0 0 0 0 346.75 362.38 350.25 368.31 1.3390 0.3253 0.4355 138.5941 1.8803 -130.1014 -1.4661 0.0000 -0.0000 469 pedestrian_0013
Pedestrian 1.00 1.00 0 0 0 1 0 0 0 0 -1000.00 -1000.00 -1000.00 -1000.00 1.9158 0.4880 0.7507 172.2611 1.9514 34.2689 -3.0433 0.0000 -0.0000 470 pedestrian_0001
Pedestrian 0.00 1.00 0 0 0 0 0 0 0 0 31.21 360.31 43.45 379.32 1.9158 0.4880 0.4147 93.4251 1.9471 -60.6035 -3.0658 0.0000 -0.0000 471 pedestrian_0015
Pedestrian 1.00 1.00 0 0 0 0 0 0 0 0 -1000.00 -1000.00 -1000.00 -1000.00 1.9158 0.4880 0.7507 -153.6907 1.9556 122.1063 -3.0183 0.0000 -0.0000 472 pedestrian_0024
Pedestrian 0.00 1.00 0 0 0 0 0 0 0 0 1026.23 361.86 1027.44 366.04 1.3390 0.3253 0.3217 -21.4379 1.9357 -182.2628 0.1051 0.0000 -0.0000 473 pedestrian_0013
Pedestrian 0.00 1.00 0 0 0 0 0 0 0 0 1443.77 360.05 1445.96 364.11 1.9158 0.4880 0.6603 -228.9316 1.9393 -266.1763 2.1215 0.0000 -0.0000 474 pedestrian_0018
Pedestrian 0.00 1.00 0 0 0 0 0 0 0 0 1091.71 361.39 1092.64 364.54 1.3390 0.3253 0.2996 -56.2966 1.9318 -240.5584 -1.5759 0.0000 -0.0000 475 pedestrian_0012
Pedestrian 1.00 1.00 654 1235 1966 29755 0 0 0 244 -1000.00 -1000.00 -1000.00 -1000.00 1.9158 0.4880 0.6262 3.0822 1.8947 -4.6114 0.8189 0.0000 -0.0000 476 pedestrian_0026
Pedestrian 0.00 1.00 0 0 0 0 0 0 0 0 1208.24 360.04 1209.59 363.52 1.9158 0.4880 0.5376 -136.9112 1.9371 -309.3393 3.0731 0.0000 -0.0000 477 pedestrian_0016
Pedestrian 1.00 1.00 652 726 1180 8455 0 0 0 144 -1000.00 -1000.00 -1000.00 -1000.00 1.9158 0.4880 0.6812 5.4314 1.8949 -0.4314 -3.1233 0.0000 -0.0000 478 pedestrian_0006
Pedestrian 0.00 1.00 0 0 0 0 0 0 0 0 1411.22 360.05 1412.89 363.98 1.9158 0.4880 0.5606 -220.8552 1.9395 -275.2667 2.2986 0.0000 -0.0000 479 pedestrian_0001
Pedestrian 1.00 1.00 0 0 0 0 0 0 0 0 -1000.00 -1000.00 -1000.00 -1000.00 1.9158 0.4880 0.6055 128.9487 1.8929 -36.4085 -1.6173 0.0000 -0.0000 480 pedestrian_0021
Car 0.00 1.00 0 0 0 0 0 0 0 0 838.26 361.11 848.05 368.04 1.6980 1.9434 4.1871 29.2115 1.9789 -143.1365 -1.4741 0.0000 -0.0000 481 citroen_c3
Car 0.00 1.00 0 0 0 0 0 0 0 0 828.73 359.88 839.84 368.59 1.9718 2.0005 4.0595 28.9187 1.9449 -132.0724 -1.4741 0.0000 -0.0000 482 jeep_wrangler_rubicon
Car 0.00 1.00 0 0 0 0 0 0 0 0 705.95 360.03 720.25 368.25 1.9718 2.0005 4.0595 60.1361 1.9795 -139.5388 1.6675 0.0000 -0.0000 483 jeep_wrangler_rubicon
Car 0.00 1.00 0 0 0 0 0 0 0 0 841.92 359.88 852.59 368.57 1.9718 2.0005 4.0595 25.9913 1.9449 -132.3563 -1.4741 0.0000 -0.0000 484 jeep_wrangler_rubicon
Car 0.00 1.00 0 0 0 0 0 0 0 0 1188.68 360.07 1210.98 369.09 1.9718 2.0005 4.0595 -52.9641 1.9877 -126.9183 0.0967 0.0000 -0.0000 485 nissan_patrol
Car 0.00 1.00 0 0 0 0 0 0 0 0 1182.35 362.04 1203.94 369.00 1.5488 2.0688 3.9961 -52.6988 2.0153 -129.8015 -3.0449 0.0000 -0.0000 486 nissan_patrol
Car 0.00 1.00 0 0 0 0 0 0 0 0 1197.34 362.57 1231.82 370.58 1.4855 2.1349 -5.6254 -48.2028 1.9781 -109.4768 -3.0449 0.0000 -0.0000 487 nissan_patrol
Car 0.00 1.00 0 0 0 0 0 0 0 0 1161.44 361.53 1182.48 369.02 1.6244 1.8781 -3.8906 -46.5713 1.9635 -126.2973 0.0967 0.0000 -0.0000 488 nissan_patrol
Car 0.00 1.00 0 0 0 0 0 0 0 0 1121.99 361.65 1154.03 371.77 1.7506 2.3538 -4.8416 -31.3580 2.0453 -102.1997 0.0967 0.0000 -0.0000 489 nissan_patrol
Car 0.00 0.99 6 7 17 77 1 0 0 0 1097.15 360.08 1120.23 369.95 1.9718 2.0005 -4.0595 -30.0170 1.9881 -116.4346 -3.0449 0.0000 -0.0000 490 nissan_patrol
Car 0.00 1.00 0 0 0 0 0 0 0 0 1249.19 360.14 1281.68 371.07 1.9476 2.0282 4.8347 -55.0956 1.9737 -104.5015 -3.0449 0.0000 -0.0000 491 nissan_patrol
Car 0.00 1.00 0 0 0 0 0 0 0 0 1241.96 360.09 1269.35 370.84 1.9718 2.0005 4.0595 -54.8735 1.9886 -107.3878 -3.0449 0.0000 -0.0000 492 nissan_patrol
Car 0.00 1.00 0 0 0 0 0 0 0 0 1152.77 361.84 1178.00 370.88 1.6244 1.8781 3.8906 -37.4920 1.9644 -105.7032 0.0967 0.0000 -0.0000 493 nissan_patrol
Car 0.00 1.00 0 0 0 0 0 0 0 0 1145.89 362.46 1171.37 370.88 1.5488 2.0688 3.9961 -37.2279 2.0162 -108.4143 -3.0449 0.0000 -0.0000 494 nissan_patrol
Car 0.00 1.00 0 0 0 0 0 0 0 0 1125.76 359.18 1152.55 369.84 2.1397 2.1728 4.7017 -36.3668 1.9746 -117.0514 -3.0449 0.0000 -0.0000 495 nissan_patrol
Car 0.00 1.00 0 0 0 0 0 0 0 0 1110.61 360.11 1135.70 369.15 1.9476 2.0282 4.8347 -35.5259 1.9727 -125.2260 -3.0449 0.0000 -0.0000 496 nissan_patrol
Car 0.00 1.00 0 0 0 0 0 0 0 0 1107.88 362.02 1128.87 368.89 1.5100 1.8730 4.1000 -35.3133 1.9643 -128.1154 -3.0449 0.0000 -0.0000 497 nissan_patrol
Car 0.00 0.99 8 8 18 67 4 0 0 0 1059.38 362.37 1082.48 370.44 1.5488 2.0688 3.9961 -21.6445 2.0159 -112.7151 0.0967 0.0000 -0.0000 498 nissan_patrol
Car 0.00 1.00 0 1 1 6 0 0 0 0 1055.33 362.25 1078.00 369.90 1.5100 1.8730 4.1000 -21.3691 1.9648 -115.5970 0.0967 0.0000 -0.0000 499 nissan_patrol
Car 0.00 1.00 0 0 0 2 0 0 0 0 1049.79 360.12 1075.59 369.72 1.9476 2.0282 4.8347 -21.0629 1.9730 -118.2633 -3.0449 0.0000 -0.0000 500 nissan_patrol
Car 0.00 0.98 39 32 49 209 4 0 0 0 1039.54 359.04 1069.37 371.53 2.1397 2.1728 -4.7017 -16.3831 1.9753 -100.7474 -3.0449 0.0000 -0.0000 501 nissan_patrol
Car 0.00 1.00 2 3 6 20 2 0 0 0 1035.07 360.14 1064.47 371.17 1.9476 2.0282 -4.8347 -16.0372 1.9736 -103.6227 0.0967 0.0000 -0.0000 502 nissan_patrol
Car 0.00 0.99 12 13 21 72 7 0 0 0 1019.05 361.60 1039.30 369.47 1.6244 1.8781 -3.8906 -14.4702 1.9636 -120.5327 -3.0449 0.0000 -0.0000 503 nissan_patrol
Car 0.00 1.00 0 2 6 29 1 0 0 0 1014.29 361.36 1038.91 369.66 1.7506 2.3538 -4.8416 -14.2396 2.0443 -123.1619 -3.0449 0.0000 -0.0000 504 nissan_patrol
Car 0.00 1.00 0 0 0 0 0 0 0 0 819.76 359.95 830.81 367.86 1.9476 2.0282 4.8347 33.7334 1.9353 -143.3699 1.6675 0.0000 -0.0000 505 nissan_patrol
Car 0.00 1.00 0 0 0 0 0 0 0 0 717.45 361.65 731.47 368.18 1.5475 1.9070 4.4025 57.3116 1.9569 -139.4097 1.6675 0.0000 -0.0000 506 seat_leon
Car 0.00 1.00 0 0 0 0 0 0 0 0 778.71 357.55 794.74 368.18 2.5908 2.7453 5.4640 43.0759 1.9938 -142.4004 1.6675 0.0000 -0.0000 507 carlamotors_carlacola
Car 0.00 1.00 0 0 0 0 0 0 0 0 436.96 357.66 466.50 368.17 2.5908 2.7453 5.4640 127.8516 2.0148 -143.9830 -1.4741 0.0000 -0.0000 508 carlamotors_carlacola
Car 0.00 1.00 0 0 0 0 0 0 0 0 421.55 357.66 451.78 368.19 2.5908 2.7453 5.4640 131.3238 2.0148 -143.6463 -1.4741 0.0000 -0.0000 509 carlamotors_carlacola
Car 0.00 1.00 0 0 0 0 0 0 0 0 324.26 356.49 367.91 369.55 2.5908 2.7453 5.4640 123.4969 1.8940 -116.0341 -3.0449 0.0000 -0.0000 510 carlamotors_carlacola
Car 0.00 1.00 0 0 0 0 0 0 0 0 796.82 357.56 812.07 368.16 2.5908 2.7453 5.4640 38.7851 1.9938 -142.8165 1.6675 0.0000 -0.0000 511 carlamotors_carlacola
Car 1.00 1.00 0 0 0 0 0 0 0 0 -1000.00 -1000.00 -1000.00 -1000.00 2.2031 2.5091 6.5872 56.1353 2.0098 -30.4541 1.1439 0.0000 -0.0000 512 tesla_cybertruck