Car 0.00 1.00 0 0 0 0 0 0 0 0 777.30 340.72 789.07 344.07 1.5542 2.3421 5.1370 87.0580 -7.8883 -277.4208 0.0923 -0.0016 0.0001 0 lincoln2020_mkz2020
Car 1.00 1.00 6657 237785 379971 0 0 0 0 0 -1000.00 -1000.00 -1000.00 -1000.00 2.1397 2.1728 4.7045 -0.0005 2.0932 -2.2389 1.5708 0.0000 0.0000 1 volkswagen_t2
Motorcycle 1.00 1.00 0 0 0 0 0 0 0 0 -1000.00 -1000.00 -1000.00 -1000.00 1.6960 1.0692 2.4735 -118.3802 2.1240 104.1944 0.1315 0.0031 0.0048 2 harley_davidson_low_rider
Motorcycle 0.00 1.00 0 0 0 0 0 0 0 0 1132.66 360.81 1138.01 364.02 1.6960 1.0692 2.4735 -92.7538 2.1241 -297.6941 0.0984 -0.0017 0.0004 3 harley_davidson_low_rider
Car 0.43 1.00 0 0 0 0 0 0 0 0 0.00 364.76 50.08 380.26 1.6320 2.1403 5.2230 103.0268 2.1502 -64.3950 -3.0485 -0.0062 0.0001 4 dodge_charger_police
Car 1.00 1.00 0 0 0 3 0 0 0 0 -1000.00 -1000.00 -1000.00 -1000.00 1.5542 2.3421 5.1370 -83.4184 2.1344 103.5734 0.0941 -0.0006 0.0001 5 lincoln2020_mkz2020
Car 0.00 1.00 0 0 0 0 0 0 0 0 1075.09 361.38 1085.00 364.32 1.4546 2.0938 4.3903 -59.7656 2.1425 -280.4578 -3.0418 -0.0001 -0.0000 6 audi_tt
Car 0.00 1.00 0 0 0 0 0 0 0 0 901.90 363.42 910.40 371.28 1.4477 1.5550 2.3177 10.0539 2.0865 -107.8760 1.6778 -0.0057 -0.0000 7 bmw_isetta
Car 0.00 1.00 0 0 0 0 0 0 0 0 1097.36 360.85 1109.20 364.30 1.7173 2.2591 5.2781 -71.6657 2.1519 -281.7447 -3.0442 -0.0078 -0.0003 8 mercedes_benz_coupe
Car 1.00 1.00 53 78 121 940 0 0 60 0 -1000.00 -1000.00 -1000.00 -1000.00 1.4812 2.1349 5.6254 -3.5457 2.0874 48.0808 1.1974 -0.0003 -0.0138 9 chevrolet_impala
Car 1.00 1.00 0 3 5 20 0 0 0 2 -1000.00 -1000.00 -1000.00 -1000.00 1.6115 2.2019 5.2564 131.7172 2.0858 21.6661 -1.4661 -0.0017 0.0011 10 charger2020_charger2020
Car 0.00 1.00 0 0 0 0 0 0 0 0 554.48 359.75 584.37 369.67 2.2031 2.5091 6.5872 89.3882 2.1508 -131.4595 1.6315 0.0015 -0.0001 11 tesla_cybertruck
Car 0.00 1.00 0 0 0 0 0 0 0 0 1819.59 364.09 1875.28 374.44 1.5140 2.1024 4.9073 -132.8788 2.1350 -87.5050 3.1297 0.0001 -0.0000 12 mercedesccc_mercedesccc
Car 0.00 1.00 0 0 0 0 0 0 0 0 469.22 361.65 491.56 368.04 1.6980 1.9434 4.1871 128.8882 2.1447 -153.4554 -3.0456 -0.0006 0.0000 13 citroen_c3
Car 0.00 1.00 0 0 0 0 0 0 0 0 47.67 365.99 135.08 379.98 1.4812 2.1349 5.6254 95.0128 2.1453 -65.1705 -3.0471 -0.0043 -0.0000 14 chevrolet_impala
Car 0.00 1.00 0 0 0 0 0 0 0 0 364.55 361.84 393.99 368.61 1.6320 2.1403 5.2230 143.7076 2.0922 -141.7039 -1.4735 -0.0014 0.0001 15 dodge_charger_police
Car 0.00 0.77 0 3 4 16 2 0 0 0 934.14 361.70 951.26 366.96 1.5863 2.2347 5.1468 5.3445 2.1226 -175.3555 0.0913 0.0001 -0.0027 16 lincoln_mkz2017
Car 1.00 1.00 0 0 1 2 0 0 0 0 -1000.00 -1000.00 -1000.00 -1000.00 1.7318 2.1344 5.0985 -61.3636 2.1510 105.7626 0.0889 -0.0006 -0.0000 17 audi_etron
Car 0.00 1.00 0 2 2 2 1 0 0 0 955.12 361.22 971.45 366.95 1.7506 2.3538 4.8416 -1.0021 2.1323 -175.9412 0.0929 0.0001 -0.0000 18 bmw_grandtourer
Car 1.00 1.00 23 29 53 289 0 0 0 3 -1000.00 -1000.00 -1000.00 -1000.00 1.5765 1.9374 3.8150 62.6667 2.1223 34.2289 -1.4925 0.0000 -0.0000 19 nissan_micra
Motorcycle 0.00 1.00 0 1 1 1 0 0 0 0 931.41 361.45 936.05 368.33 1.6960 1.0692 2.4735 6.6043 2.0687 -143.7347 -1.4846 0.0030 -0.0000 20 harley_davidson_low_rider
Car 0.00 1.00 0 0 0 0 0 0 0 0 1029.04 361.72 1042.42 366.82 1.5765 1.9374 3.8150 -23.7155 2.1217 -178.1180 0.0892 0.0025 0.0002 21 nissan_micra
Car 1.00 1.00 0 0 0 0 0 0 0 0 -1000.00 -1000.00 -1000.00 -1000.00 1.7203 2.2019 5.4994 141.8764 2.1147 -58.9179 1.1966 0.0002 -0.0002 22 chargercop2020_chargercop2020
Car 0.00 0.00 2056 2238 3625 43048 584 0 0 0 1107.00 405.00 1465.37 592.00 1.5475 1.9070 4.4025 -3.0931 2.0802 -10.7795 1.6514 0.0001 -0.0000 23 seat_leon
Car 0.00 1.00 0 0 0 0 0 0 0 0 1100.54 361.66 1108.25 364.69 1.3660 1.9896 4.9534 -66.3213 2.1347 -259.1160 -1.5095 -0.0000 -0.0000 24 mustang_mustang
Cyclist 1.00 1.00 1 0 0 3 0 0 0 0 -1000.00 -1000.00 -1000.00 -1000.00 1.9709 0.6705 1.7250 -88.7133 2.1228 21.5686 -1.4780 0.0050 -0.0000 25 diamondback_century
Cyclist 1.00 1.00 3 5 10 32 0 0 0 0 -1000.00 -1000.00 -1000.00 -1000.00 1.7065 0.8593 1.4873 -75.5396 2.0924 8.0110 -3.0758 0.0014 0.0004 26 bh_crossbike
Car 0.00 1.00 0 0 0 0 0 0 0 0 1561.25 360.02 1608.39 375.30 2.1397 2.1728 4.7045 -89.2486 2.1476 -83.6838 -3.0217 0.0026 -0.0010 27 volkswagen_t2
Car 1.00 1.00 0 0 0 67 0 0 0 0 -1000.00 -1000.00 -1000.00 -1000.00 1.9718 2.0005 4.0595 -98.5300 2.1353 56.7983 -2.3111 -0.0038 -0.0049 28 jeep_wrangler_rubicon
Car 1.00 1.00 5 6 12 27 0 0 0 2 -1000.00 -1000.00 -1000.00 -1000.00 1.5627 2.2716 5.0314 109.4082 2.1401 17.8415 0.2992 0.0001 -0.0004 29 tesla_model3
Car 0.00 0.89 0 1 2 3 0 0 0 0 909.36 362.35 924.88 367.46 1.4546 2.0938 4.3903 12.3567 2.1342 -164.0472 -3.0322 -0.0016 -0.0008 30 audi_tt
Car 1.00 1.00 0 0 0 0 0 0 0 0 -1000.00 -1000.00 -1000.00 -1000.00 1.5488 2.0688 3.9961 143.9030 2.1036 -69.6056 1.6645 0.0006 -0.0006 31 mini_cooperst
Car 1.00 1.00 308 363 584 29174 0 0 56 59 -1000.00 -1000.00 -1000.00 -1000.00 1.6011 2.1072 4.7392 20.1343 2.1358 13.3867 -3.0293 0.0011 -0.0000 32 toyota_prius
Car 1.00 1.00 0 0 0 0 0 0 0 0 -1000.00 -1000.00 -1000.00 -1000.00 2.1397 2.1728 4.7045 -150.4046 2.1488 -85.2776 -1.3900 -0.0001 -0.0000 33 volkswagen_t2
Car 0.00 1.00 0 0 0 0 0 0 0 0 1668.43 361.56 1693.36 366.40 1.6011 2.1072 4.7392 -244.0217 2.1371 -192.1347 -1.4605 -0.0001 -0.0000 34 toyota_prius
Car 1.00 1.00 0 0 0 0 0 0 0 0 -1000.00 -1000.00 -1000.00 -1000.00 1.3660 1.9896 4.9534 77.6037 2.1342 -8.6053 1.6738 -0.0000 -0.0000 35 mustang_mustang
Car 1.00 1.00 7 13 17 50 0 0 0 1 -1000.00 -1000.00 -1000.00 -1000.00 1.6011 2.1072 4.7392 109.4272 2.1362 21.4823 -3.0513 -0.0002 -0.0000 36 toyota_prius
Car 0.00 0.95 34 36 52 226 73 0 0 0 934.87 362.39 967.53 375.28 1.7506 2.3538 4.8416 1.2905 2.1010 -83.3028 2.1748 -0.0001 0.0004 37 bmw_grandtourer
Car 0.00 1.00 0 0 0 0 0 0 0 0 708.24 359.81 735.08 367.60 2.2031 2.5091 6.5872 68.0184 2.1517 -162.7426 -3.0484 -0.0013 -0.0001 38 tesla_cybertruck
Motorcycle 1.00 1.00 0 0 0 2 0 0 0 0 -1000.00 -1000.00 -1000.00 -1000.00 1.6387 1.2138 2.3199 135.4359 2.1004 21.1252 1.6641 -0.0028 0.0024 39 yamaha_yzf
Car 1.00 1.00 21 30 42 184 0 12 0 0 -1000.00 -1000.00 -1000.00 -1000.00 1.9476 2.0282 4.8347 -78.2107 2.1241 -16.4069 1.6574 -0.0004 -0.0000 40 nissan_patrol
Car 0.00 0.98 12 21 27 116 15 0 0 0 921.90 362.92 940.75 374.30 1.6115 2.2019 5.2564 4.4205 2.0925 -89.1386 1.7545 0.0079 0.0008 41 charger2020_charger2020
Car 0.00 1.00 0 0 0 0 0 0 0 0 469.32 361.82 495.16 367.50 1.6115 2.2019 5.2564 137.0665 2.1362 -163.5312 0.1408 -0.0024 0.0004 42 charger2020_charger2020
Motorcycle 1.00 1.00 0 1 0 6 0 0 0 0 -1000.00 -1000.00 -1000.00 -1000.00 1.6649 1.0692 2.4735 65.3864 2.1234 37.2116 -1.4044 0.0030 -0.0000 43 harley_davidson_low_rider
Car 0.00 1.00 0 0 0 0 0 0 0 0 1148.95 361.66 1161.67 366.28 1.5542 2.3421 5.1370 -67.2391 2.1347 -195.3746 1.6245 0.0000 0.0000 44 lincoln2020_mkz2020
Motorcycle 1.00 1.00 0 0 0 0 0 0 0 0 -1000.00 -1000.00 -1000.00 -1000.00 1.6960 1.0692 2.4735 77.0183 2.1238 -3.1774 1.6707 0.0030 0.0001 45 harley_davidson_low_rider
Cyclist 0.00 1.00 0 0 0 0 0 0 0 0 433.02 361.14 447.33 373.39 1.9310 0.5921 1.9272 82.8056 2.1139 -92.7803 1.6572 -0.0041 0.0000 46 gazelle_omafiets
Car 1.00 1.00 47 58 93 420 0 0 0 5 -1000.00 -1000.00 -1000.00 -1000.00 1.7318 2.1344 5.0985 51.6822 2.1510 12.9564 0.0665 -0.0000 -0.0000 47 audi_etron
Car 1.00 1.00 0 0 0 0 0 0 0 0 -1000.00 -1000.00 -1000.00 -1000.00 1.9476 2.0282 4.8347 134.9007 2.0682 -47.6018 -1.4739 -0.0004 -0.0000 48 nissan_patrol
Car 1.00 1.00 202 229 357 3187 0 0 64 0 -1000.00 -1000.00 -1000.00 -1000.00 1.7203 2.2019 5.4994 -5.4121 2.0832 26.6239 1.5100 -0.0015 -0.0023 49 chargercop2020_chargercop2020
Car 0.00 1.00 0 0 0 0 0 0 0 0 1799.51 362.89 1842.89 372.73 1.6244 1.8781 3.8906 -147.7421 2.1333 -99.5980 2.0633 -0.0006 -0.0012 50 audi_a2
Car 0.00 1.00 0 0 0 0 0 0 0 0 975.03 361.76 992.47 366.93 1.5863 2.2347 5.1468 -7.3653 2.1370 -176.6910 0.1002 0.0000 -0.0000 51 lincoln_mkz2017
Cyclist 1.00 1.00 0 0 0 0 0 0 0 0 -1000.00 -1000.00 -1000.00 -1000.00 1.9709 0.6705 1.7250 -154.8897 2.1231 -77.7427 -1.4816 0.0050 0.0000 52 diamondback_century
Cyclist 0.00 0.29 4 7 11 44 10 0 0 0 960.15 361.13 973.07 376.01 1.9311 0.5921 1.9272 -0.8751 2.0848 -77.3232 0.8563 -0.0073 0.0001 53 gazelle_omafiets
Car 1.00 1.00 0 0 0 0 0 0 0 0 -1000.00 -1000.00 -1000.00 -1000.00 1.7173 2.2591 5.2781 146.9362 2.1210 -64.2704 1.6643 -0.0071 -0.0008 54 mercedes_benz_coupe
Car 0.00 1.00 0 0 0 0 0 0 0 0 671.62 361.77 685.40 366.71 1.5542 2.3421 5.1370 90.8679 2.1344 -183.4650 1.6894 0.0000 -0.0000 55 lincoln2020_mkz2020
Car 0.00 0.89 0 0 3 5 0 0 0 0 901.59 361.16 919.62 367.20 1.7506 2.3538 4.8416 14.7732 2.1132 -170.3693 -2.5205 0.0002 0.0044 56 bmw_grandtourer
Car 1.00 1.00 0 0 0 0 0 0 0 0 -1000.00 -1000.00 -1000.00 -1000.00 1.4546 2.0938 4.3903 75.5443 2.1418 -24.3971 1.6656 0.0006 -0.0000 57 audi_tt
Car 0.00 1.00 0 0 0 0 0 0 0 0 1807.01 362.75 1859.16 373.88 1.7173 2.2591 5.2781 -136.8939 2.1517 -91.4037 -3.0377 -0.0071 -0.0001 58 mercedes_benz_coupe
Car 0.00 1.00 0 0 0 0 0 0 0 0 494.33 364.22 547.21 376.14 1.5542 2.3421 5.1370 59.1279 2.1343 -79.1778 0.0957 0.0000 -0.0000 59 lincoln2020_mkz2020
Car 1.00 1.00 0 11 16 47 0 0 0 3 -1000.00 -1000.00 -1000.00 -1000.00 2.1397 2.1728 4.7045 126.7280 2.0928 39.8829 -1.4943 0.0000 -0.0000 60 volkswagen_t2
Car 1.00 1.00 0 0 0 0 0 0 0 0 -1000.00 -1000.00 -1000.00 -1000.00 1.7506 2.3538 4.8416 215.2468 2.1317 -36.9257 -1.4981 -0.0000 0.0000 61 bmw_grandtourer
Car 0.00 1.00 0 0 0 0 0 0 0 0 681.43 361.34 694.23 366.02 1.6320 2.1403 5.2230 97.6035 2.1400 -203.2301 2.4555 -0.0010 0.0105 62 dodge_charger_police
Car 0.00 0.42 0 4 2 8 3 0 0 0 901.05 362.16 912.29 372.04 1.6980 1.9434 4.1871 9.4725 2.0894 -102.8751 1.6696 -0.0000 0.0000 63 citroen_c3
Car 0.00 1.00 0 0 0 0 0 0 0 0 446.11 363.81 486.53 373.10 1.4812 2.1349 5.6254 83.2212 2.1429 -98.0312 1.6518 -0.0002 -0.0000 64 chevrolet_impala
Car 0.00 0.34 32 49 65 270 24 0 0 0 994.80 364.18 1026.11 380.39 1.6115 2.2019 5.2564 -5.3347 2.0810 -63.8439 -1.4324 -0.0001 0.0006 65 charger2020_charger2020
Car 1.00 1.00 0 5 13 34 0 0 0 4 -1000.00 -1000.00 -1000.00 -1000.00 1.3660 1.9896 4.9534 122.9497 2.1104 15.5545 0.0876 -0.0171 0.0003 66 mustang_mustang
Motorcycle 1.00 1.00 0 0 0 0 0 0 0 0 -1000.00 -1000.00 -1000.00 -1000.00 1.5852 1.1236 2.1350 71.0707 2.1011 54.0198 1.6710 -0.0103 0.0001 67 kawasaki_ninja
Car 0.61 1.00 0 0 0 0 0 0 0 0 1903.59 363.34 1920.00 372.76 1.5488 2.0688 3.9961 -162.2976 2.1189 -97.7472 0.0955 0.0000 -0.0000 68 mini_cooperst
Car 0.44 1.00 0 0 0 0 0 0 0 0 1879.77 363.57 1920.00 373.96 1.5542 2.3421 5.1370 -150.5041 2.1340 -91.8790 -1.4411 -0.0001 -0.0003 69 lincoln2020_mkz2020
Car 0.00 1.00 0 0 0 0 0 0 0 0 1341.30 361.16 1381.18 376.10 1.9718 2.0005 4.0595 -54.2931 2.1380 -79.5243 -3.0440 0.0062 -0.0001 70 jeep_wrangler_rubicon
Car 0.00 1.00 0 0 0 0 0 0 0 0 981.42 361.25 998.14 367.07 1.7506 2.3538 4.8416 -9.0347 2.1323 -172.9228 0.0569 0.0001 -0.0000 71 bmw_grandtourer
Car 1.00 1.00 0 0 0 0 0 0 0 0 -1000.00 -1000.00 -1000.00 -1000.00 2.2031 2.5091 6.5872 231.3919 2.1509 -127.8127 1.3058 -0.0001 0.0044 72 tesla_cybertruck
Car 1.00 1.00 0 0 0 10 0 0 0 0 -1000.00 -1000.00 -1000.00 -1000.00 1.6244 1.8781 3.8906 -87.4344 2.1335 82.5616 1.6622 -0.0005 -0.0011 73 audi_a2
Car 0.00 1.00 0 0 0 0 0 0 0 0 625.59 361.58 644.65 368.44 1.7203 2.2019 5.4994 84.0538 2.1389 -147.9633 -1.4618 -0.0001 0.0006 74 chargercop2020_chargercop2020
Car 1.00 1.00 0 0 0 117 0 0 0 0 -1000.00 -1000.00 -1000.00 -1000.00 1.6320 2.1403 5.2230 -88.3040 2.1521 54.5004 1.6639 -0.0094 0.0000 75 dodge_charger_police
Car 1.00 1.00 57 56 84 340 0 0 0 12 -1000.00 -1000.00 -1000.00 -1000.00 1.5140 2.1024 4.9073 49.3104 2.1345 8.9056 0.0895 0.0001 -0.0000 76 mercedesccc_mercedesccc
Car 0.00 1.00 0 0 0 0 0 0 0 0 681.28 361.50 691.64 366.46 1.6244 1.8781 3.8906 91.3631 2.1334 -189.6411 1.6782 -0.0005 -0.0011 77 audi_a2
Car 0.00 1.00 0 0 0 0 0 0 0 0 1321.47 363.54 1357.40 375.24 1.6244 1.8781 3.8906 -53.7764 2.1336 -83.0718 -3.0584 -0.0004 -0.0011 78 audi_a2
Car 0.00 1.00 0 0 3 4 1 0 0 0 921.26 361.19 932.93 366.82 1.7203 2.2019 5.4994 10.3020 2.1033 -178.4684 -1.7956 -0.0052 0.0060 79 chargercop2020_chargercop2020
Car 1.00 1.00 0 0 0 0 0 0 0 0 -1000.00 -1000.00 -1000.00 -1000.00 2.1397 2.1728 4.7045 -195.7798 2.1251 -99.6347 -2.5723 -0.0061 0.0022 80 volkswagen_t2
Car 0.00 1.00 0 0 0 0 0 0 0 0 714.03 362.15 726.32 366.13 1.3660 1.9896 4.9534 84.6453 2.1342 -200.1632 -1.6223 -0.0001 0.0003 81 mustang_mustang
Car 0.00 1.00 0 0 0 0 0 0 0 0 625.60 363.06 676.13 376.52 1.7203 2.2019 5.4994 40.9847 2.1387 -78.1112 0.2739 -0.0010 -0.0015 82 chargercop2020_chargercop2020
Car 0.00 1.00 0 0 0 0 0 0 0 0 718.47 339.32 728.48 343.15 1.6244 1.8781 3.8906 109.6615 -7.8846 -261.4465 -2.9963 -0.0019 -0.0175 83 audi_a2
Car 1.00 1.00 0 0 0 0 0 0 0 0 -1000.00 -1000.00 -1000.00 -1000.00 1.6244 1.8781 3.8906 78.1935 2.1333 -14.5932 1.6647 -0.0005 -0.0011 84 audi_a2
Car 0.00 1.00 0 0 0 0 0 0 0 0 309.98 362.90 338.55 368.20 1.3660 1.9896 4.9534 166.7192 2.1341 -149.8580 -3.0657 -0.0000 -0.0000 85 mustang_mustang
Car 1.00 1.00 0 0 0 0 0 0 0 0 -1000.00 -1000.00 -1000.00 -1000.00 1.6244 1.8781 3.8906 189.7131 -7.8671 -46.3244 1.6494 -0.0006 -0.0013 86 audi_a2
Car 0.00 1.00 0 0 0 0 0 0 0 0 1206.82 360.52 1222.16 366.66 1.9718 2.0005 4.0595 -82.2807 2.1402 -183.7009 0.1169 -0.0004 -0.0001 87 jeep_wrangler_rubicon
Car 1.00 1.00 0 0 0 0 0 0 0 0 -1000.00 -1000.00 -1000.00 -1000.00 1.9718 2.0005 4.0595 187.6559 -7.8151 21.9503 1.6480 0.0018 -0.0002 88 jeep_wrangler_rubicon
Car 1.00 1.00 0 0 0 0 0 0 0 0 -1000.00 -1000.00 -1000.00 -1000.00 1.3660 1.9896 4.9534 -32.8187 0.7131 104.7336 0.0975 -0.1050 -0.0004 89 mustang_mustang
Motorcycle 1.00 1.00 64 68 104 1319 0 0 13 0 -1000.00 -1000.00 -1000.00 -1000.00 1.6649 1.0692 2.4735 -13.2686 2.0681 24.4630 -1.4896 0.0030 -0.0000 90 harley_davidson_low_rider
Car 0.00 1.00 0 0 0 0 0 0 0 0 1112.15 361.13 1116.72 364.18 1.5475 1.9070 4.4025 -79.4844 2.1361 -289.7775 1.3823 0.0001 0.0000 91 seat_leon
Motorcycle 1.00 1.00 0 0 0 0 0 0 0 0 -1000.00 -1000.00 -1000.00 -1000.00 1.6387 1.2138 2.3199 137.4922 2.0899 -1.0023 1.6510 -0.0001 0.0000 92 yamaha_yzf
Cyclist 1.00 1.00 0 0 0 0 0 0 0 0 -1000.00 -1000.00 -1000.00 -1000.00 1.9311 0.5921 1.9272 -124.9640 2.0758 54.3308 -3.0775 -0.0002 -0.0004 93 gazelle_omafiets
Car 0.00 1.00 0 0 0 0 0 0 0 0 1855.88 363.86 1904.25 373.70 1.5140 2.1024 4.9073 -145.5635 2.1346 -92.1894 -3.0273 -0.0000 -0.0000 94 mercedesccc_mercedesccc
Car 0.00 1.00 0 0 0 0 0 0 0 0 902.08 361.95 910.03 366.63 1.4546 2.0938 4.3903 17.2356 2.0869 -181.4207 1.7693 0.0000 -0.0000 95 audi_tt
Car 1.00 1.00 4 0 1 14 0 0 0 0 -1000.00 -1000.00 -1000.00 -1000.00 2.1397 2.1728 4.7045 -81.6332 2.1418 -19.1371 1.6942 0.0160 -0.0034 96 volkswagen_t2
Car 1.00 1.00 1 0 2 0 0 0 0 0 -1000.00 -1000.00 -1000.00 -1000.00 1.5140 2.1024 4.9073 -89.1768 2.1347 26.3838 -1.4774 0.0000 -0.0000 97 mercedesccc_mercedesccc
Car 1.00 1.00 0 0 0 0 0 0 0 0 -1000.00 -1000.00 -1000.00 -1000.00 1.4812 2.1349 5.6254 218.1288 2.1424 -32.8073 -1.5002 0.0000 -0.0000 98 chevrolet_impala
Car 1.00 1.00 0 0 0 0 0 0 0 0 -1000.00 -1000.00 -1000.00 -1000.00 1.5765 1.9374 3.8150 130.2917 2.0666 39.9349 -1.4897 0.0001 -0.0000 99 nissan_micra
Motorcycle 1.00 1.00 0 0 0 0 0 0 0 0 -1000.00 -1000.00 -1000.00 -1000.00 1.5853 1.1236 2.1350 73.7572 2.0998 -5.6157 1.6657 -0.0001 0.0000 100 kawasaki_ninja
Car 0.00 1.00 0 0 0 0 0 0 0 0 1142.30 360.49 1153.22 366.04 1.9476 2.0282 4.8347 -66.7939 2.1242 -201.7230 1.6248 -0.0001 0.0000 101 nissan_patrol
Car 1.00 1.00 32 32 52 178 0 10 0 0 -1000.00 -1000.00 -1000.00 -1000.00 2.1397 2.1728 4.7045 -80.3976 2.1533 8.0197 1.6659 -0.0103 -0.0001 102 volkswagen_t2
Car 1.00 1.00 2 3 6 13 0 1 0 0 -1000.00 -1000.00 -1000.00 -1000.00 1.3660 1.9896 4.9534 -92.0789 2.1345 18.9723 -1.4878 0.0000 0.0000 103 mustang_mustang
Car 1.00 1.00 0 0 0 0 0 0 0 0 -1000.00 -1000.00 -1000.00 -1000.00 1.5627 2.2716 5.0314 67.4053 2.1402 58.2799 1.7034 0.0000 -0.0000 104 tesla_model3
Car 0.00 1.00 0 0 0 0 0 0 0 0 121.03 364.88 198.29 378.79 1.5542 2.3421 5.1370 92.8908 2.1342 -68.8784 -3.0432 0.0001 0.0002 105 lincoln2020_mkz2020
Car 0.00 1.00 0 0 0 0 0 0 0 0 641.61 362.18 659.67 368.37 1.5627 2.2716 5.0314 80.4973 2.1404 -148.7782 -1.4760 0.0000 -0.0000 106 tesla_model3
Car 0.00 1.00 0 0 0 0 0 0 0 0 1633.03 364.45 1690.70 378.36 1.5765 1.9374 3.8150 -83.5753 2.1227 -70.5525 -1.4642 0.0000 -0.0000 107 nissan_micra
Cyclist 0.00 1.00 0 0 0 0 0 0 0 0 1401.31 361.27 1417.40 374.80 1.9311 0.5921 1.9272 -64.4670 2.1142 -83.9971 -3.0443 -0.0041 -0.0000 108 gazelle_omafiets
Cyclist 0.00 1.00 0 0 0 0 0 0 0 0 239.17 325.66 249.62 332.74 1.9311 0.5921 1.9272 205.7882 -7.8866 -163.8786 1.6346 -0.0035 -0.0058 109 gazelle_omafiets
Car 0.00 0.32 40 44 64 248 36 0 0 0 969.47 366.21 996.93 382.29 1.4546 2.0938 4.3903 -2.2157 2.0868 -58.6501 -1.4739 0.0000 -0.0000 110 audi_tt
Car 0.00 1.00 0 0 0 0 0 0 0 0 1357.49 361.22 1400.82 375.12 1.9476 2.0282 4.8347 -59.7723 2.1241 -83.5577 -3.0448 -0.0003 -0.0000 111 nissan_patrol
Car 0.00 0.30 2 0 1 12 2 0 0 0 921.34 363.76 934.98 373.03 1.4546 2.0938 4.3903 5.2541 2.0869 -95.4975 1.6607 0.0000 -0.0000 112 audi_tt
Car 0.00 1.00 0 0 0 0 0 0 0 0 424.39 361.07 446.63 367.03 1.7506 2.3538 4.8416 157.2550 2.0765 -170.7132 1.6611 -0.0000 -0.0000 113 bmw_grandtourer
Car 0.00 0.66 0 2 7 16 0 0 0 0 942.93 360.44 952.08 368.24 1.9718 2.0005 4.0595 3.2245 2.0845 -146.8043 -1.4599 -0.0004 -0.0001 114 jeep_wrangler_rubicon
Motorcycle 1.00 1.00 0 0 0 0 0 0 0 0 -1000.00 -1000.00 -1000.00 -1000.00 1.6387 1.2138 2.3199 143.4757 2.1169 -64.8693 1.6646 0.0006 -0.0005 115 yamaha_yzf
Car 0.00 1.00 0 0 0 0 0 0 0 0 726.11 361.39 747.31 367.22 1.7203 2.2019 5.4994 66.6369 2.1390 -169.9545 0.1363 -0.0001 0.0006 116 chargercop2020_chargercop2020
Car 1.00 1.00 0 0 0 0 0 0 0 0 -1000.00 -1000.00 -1000.00 -1000.00 1.6980 1.9434 4.1871 109.8048 2.1447 -63.7404 -3.0665 -0.0004 0.0000 117 citroen_c3
Car 0.00 1.00 0 0 0 0 0 0 0 0 1199.96 361.15 1212.20 364.26 1.5542 2.3421 5.1370 -123.7965 2.1351 -283.3307 -3.0500 -0.0016 -0.0002 118 lincoln2020_mkz2020
Car 0.00 1.00 0 0 0 0 0 0 0 0 142.74 355.17 249.11 384.17 2.5908 2.7453 5.4640 71.9213 2.1595 -56.8508 -1.4677 -0.0000 -0.0000 119 carlamotors_carlacola
Car 0.00 1.00 0 0 0 0 0 0 0 0 221.45 364.71 280.01 379.37 1.5765 1.9374 3.8150 80.0830 2.1230 -67.1426 1.6877 -0.0016 -0.0000 120 nissan_micra
Car 0.00 1.00 0 0 0 0 0 0 0 0 780.81 339.72 786.73 343.02 1.4477 1.5550 2.3177 81.4293 -7.8821 -260.5863 -3.0541 -0.0070 -0.0019 121 bmw_isetta
Car 1.00 1.00 0 0 0 0 0 0 0 0 -1000.00 -1000.00 -1000.00 -1000.00 1.7173 2.2591 5.2781 140.5549 2.0956 4.3887 1.6731 -0.0070 -0.0002 122 mercedes_benz_coupe
Car 1.00 1.00 40 40 67 239 0 12 0 0 -1000.00 -1000.00 -1000.00 -1000.00 1.7173 2.2591 5.2781 -67.9646 2.1516 8.6924 -3.0473 -0.0074 -0.0002 123 mercedes_benz_coupe
Car 1.00 1.00 0 0 0 0 0 0 0 0 -1000.00 -1000.00 -1000.00 -1000.00 1.5765 1.9374 3.8150 225.6914 2.1220 -79.8022 1.6847 0.0001 -0.0001 124 nissan_micra
Car 1.00 1.00 0 0 0 0 0 0 0 0 -1000.00 -1000.00 -1000.00 -1000.00 1.6115 2.2019 5.2564 67.7410 2.1361 52.9246 1.7457 -0.0001 0.0006 125 charger2020_charger2020
Car 1.00 1.00 2 3 6 14 0 0 0 2 -1000.00 -1000.00 -1000.00 -1000.00 1.9476 2.0282 4.8347 118.5472 2.1236 18.8472 0.1067 -0.0003 -0.0000 126 nissan_patrol
Car 1.00 1.00 0 0 0 12 0 0 0 0 -1000.00 -1000.00 -1000.00 -1000.00 1.5140 2.1024 4.9073 -88.2378 2.1346 99.5550 0.0911 -0.0012 0.0001 127 mercedesccc_mercedesccc
Car 0.00 1.00 0 0 0 0 0 0 0 0 1104.78 360.94 1113.67 364.81 1.7173 2.2591 5.2781 -66.8186 2.1518 -252.7344 -1.5056 -0.0071 -0.0002 128 mercedes_benz_coupe
Car 0.00 0.82 0 1 3 5 0 0 0 0 928.55 362.27 937.89 368.13 1.4812 2.1349 5.6254 7.0371 2.0875 -149.6597 -1.4667 -0.0000 0.0000 129 chevrolet_impala
Car 1.00 1.00 0 0 0 0 0 0 0 0 -1000.00 -1000.00 -1000.00 -1000.00 2.1397 2.1728 4.7045 -169.9039 2.1479 99.4681 0.1585 0.0020 -0.0098 130 volkswagen_t2
Car 1.00 1.00 0 0 0 0 0 0 0 0 -1000.00 -1000.00 -1000.00 -1000.00 1.6244 1.8781 3.8906 139.2711 2.1039 -71.4697 0.0955 -0.0010 -0.0017 131 audi_a2
Car 1.00 1.00 34 31 51 198 0 14 0 0 -1000.00 -1000.00 -1000.00 -1000.00 1.9476 2.0282 4.8347 -72.6783 2.1241 4.6049 -3.0760 -0.0004 -0.0000 132 nissan_patrol
Car 0.00 0.41 27 24 29 122 21 0 0 0 983.00 361.06 1019.71 375.26 1.9476 2.0282 4.8347 -5.7478 2.0974 -81.8545 0.0975 -0.0009 -0.0001 133 nissan_patrol
Car 1.00 1.00 0 0 0 0 0 0 0 0 -1000.00 -1000.00 -1000.00 -1000.00 1.9476 2.0282 4.8347 187.8549 -7.8766 -21.3382 1.6454 -0.0006 0.0000 134 nissan_patrol
Car 1.00 1.00 1447 1652 2657 144748 0 279 291 0 -1000.00 -1000.00 -1000.00 -1000.00 1.7506 2.3538 4.8416 -8.2614 2.0963 5.9935 2.2952 0.0023 0.0020 135 bmw_grandtourer
Car 0.00 0.38 0 5 10 31 7 0 0 0 905.45 360.47 917.67 368.75 1.9476 2.0282 4.8347 11.6475 2.0685 -137.4965 1.8514 -0.0005 0.0036 136 nissan_patrol
Car 1.00 1.00 33 49 80 275 0 0 0 16 -1000.00 -1000.00 -1000.00 -1000.00 1.7203 2.2019 5.4994 69.9587 2.1388 10.1495 2.1574 -0.0017 0.0038 137 chargercop2020_chargercop2020
Car 0.00 0.20 7 13 19 144 3 0 0 0 803.50 356.59 849.61 377.09 2.5908 2.7453 5.4640 17.1870 2.1596 -76.1471 -3.0468 0.0001 -0.0000 138 carlamotors_carlacola
Car 1.00 1.00 0 0 0 0 0 0 0 0 -1000.00 -1000.00 -1000.00 -1000.00 1.5863 2.2347 5.1468 218.7484 2.1364 -39.5001 -1.4735 0.0000 -0.0000 139 lincoln_mkz2017
Car 1.00 1.00 0 2 1 2 0 0 0 0 -1000.00 -1000.00 -1000.00 -1000.00 1.9718 2.0005 4.0595 151.7088 2.1394 25.4211 -3.0234 -0.0004 -0.0001 140 jeep_wrangler_rubicon
Car 0.00 1.00 0 0 0 0 0 0 0 0 431.70 361.57 452.98 367.19 1.6011 2.1072 4.7392 153.4500 2.0867 -168.8330 1.6479 0.0042 -0.0014 141 toyota_prius
Car 1.00 1.00 0 0 0 0 0 0 0 0 -1000.00 -1000.00 -1000.00 -1000.00 1.7318 2.1344 5.0985 219.0839 2.1510 -78.5208 -1.4774 -0.0019 -0.0008 142 audi_etron
Car 0.00 1.00 0 0 0 0 0 0 0 0 1229.43 359.80 1252.74 368.40 2.2031 2.5091 6.5872 -73.6570 2.1516 -149.8546 -1.5195 0.0000 -0.0000 143 tesla_cybertruck
Car 0.00 1.00 0 0 0 0 0 0 0 0 695.22 361.59 705.42 366.33 1.5765 1.9374 3.8150 87.9741 2.1225 -192.2899 -1.4842 0.0001 -0.0000 144 nissan_micra
Car 0.00 0.35 4 8 17 59 6 0 0 0 900.32 363.69 913.22 372.81 1.4546 2.0938 4.3903 8.8953 2.0868 -97.0647 1.6689 0.0000 -0.0000 145 audi_tt
Car 0.00 1.00 0 0 0 0 0 0 0 0 1133.12 361.44 1148.10 365.12 1.4812 2.1349 5.6254 -76.1225 2.1186 -238.1239 -0.0270 0.0107 -0.0066 146 chevrolet_impala
Car 1.00 1.00 0 2 3 4 0 0 0 0 -1000.00 -1000.00 -1000.00 -1000.00 2.2031 2.5091 6.5872 168.3398 -7.7056 46.1843 -1.3653 -0.0058 -0.0017 147 tesla_cybertruck
Car 0.00 1.00 0 0 0 0 0 0 0 0 1380.76 361.22 1421.17 375.91 1.9718 2.0005 4.0595 -60.1222 2.1410 -80.0817 -3.0453 -0.0039 -0.0001 148 jeep_wrangler_rubicon
Car 0.00 1.00 0 0 0 0 0 0 0 0 1222.88 362.68 1239.37 367.68 1.3660 1.9896 4.9534 -76.5378 2.1347 -161.0173 -1.5073 -0.0000 -0.0000 149 mustang_mustang
Car 0.00 1.00 0 0 0 0 0 0 0 0 905.74 362.09 916.64 366.27 1.3660 1.9896 4.9534 16.4419 2.0791 -190.9864 2.0302 0.0000 -0.0000 150 mustang_mustang
Car 1.00 1.00 22 25 34 186 0 8 0 0 -1000.00 -1000.00 -1000.00 -1000.00 2.5908 2.7453 5.4640 -83.9125 2.1577 6.9560 1.6643 0.0026 0.0000 151 carlamotors_carlacola
Car 1.00 1.00 0 0 0 0 0 0 0 0 -1000.00 -1000.00 -1000.00 -1000.00 1.5863 2.2347 5.1468 134.2997 2.0811 -41.3399 -1.4843 0.0000 -0.0000 152 lincoln_mkz2017
Car 0.00 1.00 0 0 0 0 0 0 0 0 967.59 356.30 977.48 360.39 1.7506 2.3538 4.8416 -6.4347 0.0206 -289.3570 0.0910 -0.1288 0.0001 153 bmw_grandtourer
Cyclist 0.00 1.00 0 0 0 0 0 0 0 0 531.89 360.69 540.89 370.24 1.9709 0.6705 1.7250 88.7106 2.1226 -120.5655 1.6577 0.0058 0.0000 154 diamondback_century
Cyclist 0.00 1.00 0 0 0 0 0 0 0 0 1873.68 361.09 1889.55 372.70 1.9311 0.5921 1.9272 -153.8584 2.1135 -97.0080 0.1000 -0.0041 0.0001 155 gazelle_omafiets
Motorcycle 1.00 1.00 0 0 0 0 0 0 0 0 -1000.00 -1000.00 -1000.00 -1000.00 1.6960 1.0692 2.4735 224.8218 2.1236 -69.5148 1.6565 0.0030 0.0000 156 harley_davidson_low_rider
Car 0.00 1.00 0 0 0 0 0 0 0 0 1162.85 359.87 1173.57 364.22 2.1397 2.1728 4.7045 -108.3495 2.1316 -293.0143 0.1482 0.0510 0.0100 157 volkswagen_t2
Car 1.00 1.00 0 0 1 0 0 0 0 0 -1000.00 -1000.00 -1000.00 -1000.00 1.5488 2.0688 3.9961 -59.5065 2.1333 102.3605 0.1005 -0.0016 -0.0000 158 mini_cooperst
Cyclist 0.00 1.00 0 0 0 0 0 0 0 0 666.65 360.63 674.50 367.33 1.9311 0.5921 1.9272 83.6195 2.1141 -164.6187 0.0929 -0.0029 0.0001 159 gazelle_omafiets
Car 0.00 1.00 0 1 0 2 0 0 0 0 941.00 362.22 950.48 367.94 1.4812 2.1349 5.6254 3.8472 2.0875 -153.1012 -1.4719 0.0000 -0.0000 160 chevrolet_impala
Car 1.00 1.00 0 0 0 0 0 0 0 0 -1000.00 -1000.00 -1000.00 -1000.00 1.7173 2.2591 5.2781 167.0407 -7.3882 97.4021 2.2381 -0.0002 0.0006 161 mercedes_benz_coupe
Car 0.00 1.00 0 0 0 0 0 0 0 0 1797.56 361.00 1848.11 373.22 1.9718 2.0005 4.0595 -142.8617 2.1399 -96.3060 1.6714 -0.0004 -0.0000 162 jeep_wrangler_rubicon
Car 1.00 1.00 167 182 313 2884 0 0 30 0 -1000.00 -1000.00 -1000.00 -1000.00 1.7506 2.3538 4.8416 -10.0930 2.0766 30.5436 -1.5980 0.0001 -0.0000 163 bmw_grandtourer
Car 1.00 1.00 0 0 0 0 0 0 0 0 -1000.00 -1000.00 -1000.00 -1000.00 1.6115 2.2019 5.2564 136.9866 2.0806 4.1833 1.6832 -0.0001 0.0006 164 charger2020_charger2020
Car 1.00 1.00 20 31 52 209 0 0 0 5 -1000.00 -1000.00 -1000.00 -1000.00 1.6244 1.8781 3.8906 56.9007 2.1334 16.2785 3.0206 -0.0011 0.0038 165 audi_a2
Car 0.00 1.00 0 0 0 0 0 0 0 0 1123.43 361.17 1133.40 364.27 1.5475 1.9070 4.4025 -84.6226 2.1360 -282.9947 -3.0418 -0.0009 -0.0000 166 seat_leon
Car 1.00 1.00 0 0 0 1 0 0 0 0 -1000.00 -1000.00 -1000.00 -1000.00 1.5765 1.9374 3.8150 -38.0149 1.1440 111.3808 0.0962 -0.0890 -0.0002 167 nissan_micra
Car 1.00 1.00 2 1 2 1 0 0 0 0 -1000.00 -1000.00 -1000.00 -1000.00 1.5863 2.2347 5.1468 -92.9209 2.1369 29.6281 -1.4779 0.0001 -0.0000 168 lincoln_mkz2017
Car 0.00 0.46 2 5 5 17 3 0 0 0 919.96 361.82 934.36 372.18 1.7506 2.3538 4.8416 5.7782 2.0768 -101.4840 1.6637 -0.0000 -0.0000 169 bmw_grandtourer
Car 1.00 1.00 0 0 0 0 0 0 0 0 -1000.00 -1000.00 -1000.00 -1000.00 1.4812 2.1349 5.6254 74.1827 2.1392 -10.9874 1.6645 0.0059 0.0000 170 chevrolet_impala
Car 0.00 1.00 0 0 0 0 0 0 0 0 452.63 362.39 481.03 367.89 1.4812 2.1349 5.6254 135.1563 2.1428 -156.4155 -3.0364 -0.0002 -0.0001 171 chevrolet_impala
Car 1.00 1.00 0 0 0 0 0 0 0 0 -1000.00 -1000.00 -1000.00 -1000.00 1.6011 2.1072 4.7392 157.3924 2.1361 25.9424 -3.0188 -0.0000 -0.0000 172 toyota_prius
Car 0.00 1.00 0 0 0 0 0 0 0 0 777.02 361.21 792.10 365.45 1.6115 2.2019 5.2564 67.3794 2.0810 -217.4102 0.1585 -0.0001 0.0006 173 charger2020_charger2020
Car 0.00 1.00 0 0 0 0 0 0 0 0 1247.56 362.32 1265.77 368.70 1.5475 1.9070 4.4025 -74.0178 2.1359 -142.8316 -1.4826 0.0000 -0.0000 174 seat_leon
Car 0.00 1.00 0 0 0 0 0 0 0 0 1265.24 358.01 1292.60 369.81 2.5908 2.7453 5.4640 -71.6058 2.1619 -129.0342 1.6406 -0.0026 -0.0000 175 carlamotors_carlacola
Car 0.00 1.00 0 0 0 0 0 0 0 0 445.07 362.35 473.23 367.72 1.4812 2.1349 5.6254 139.8050 2.1436 -159.2273 0.1198 -0.0047 0.0017 176 chevrolet_impala
Car 1.00 1.00 0 0 0 20 0 0 0 0 -1000.00 -1000.00 -1000.00 -1000.00 1.9718 2.0005 4.0595 -86.4437 2.1399 111.9337 -2.8078 -0.0004 -0.0001 177 jeep_wrangler_rubicon
Car 0.00 1.00 0 0 0 0 0 0 0 0 1110.30 361.01 1117.94 364.96 1.6980 1.9434 4.1871 -67.2972 2.1451 -246.5481 -1.5070 -0.0000 0.0000 178 citroen_c3
Car 0.00 1.00 0 0 0 0 0 0 0 0 474.52 364.51 519.89 376.98 1.5488 2.0688 3.9961 59.1196 2.1352 -75.3409 0.0723 0.0000 -0.0000 179 mini_cooperst
Motorcycle 0.00 1.00 0 0 0 0 0 0 0 0 389.56 362.71 411.87 374.03 1.6960 1.0692 2.4735 86.0807 2.1239 -89.8156 1.6580 0.0030 0.0001 180 harley_davidson_low_rider
Car 0.00 1.00 0 0 0 0 0 0 0 0 176.55 362.61 194.99 368.25 1.4477 1.5550 2.3177 202.2687 2.1414 -149.2832 -2.8346 -0.0060 -0.0082 181 bmw_isetta
Cyclist 0.00 1.00 0 0 0 0 0 0 0 0 273.05 363.04 294.21 376.98 1.7065 0.8593 1.4873 84.3741 2.0923 -73.6366 1.6460 0.0026 -0.0005 182 bh_crossbike
Car 1.00 1.00 0 0 0 0 0 0 0 0 -1000.00 -1000.00 -1000.00 -1000.00 1.6011 2.1072 4.7392 31.9081 -5.9370 128.4971 -3.0319 0.0251 0.0004 183 toyota_prius
Car 0.00 1.00 0 0 0 0 0 0 0 0 1382.66 361.96 1399.90 367.33 1.5488 2.0688 3.9961 -127.3019 2.1355 -168.0936 2.4719 -0.0000 -0.0003 184 mini_cooperst
Car 0.00 1.00 0 0 0 0 0 0 0 0 1106.63 360.95 1113.76 364.66 1.6980 1.9434 4.1871 -69.7183 2.1451 -261.8129 -1.5053 -0.0000 -0.0000 185 citroen_c3
Car 1.00 1.00 0 0 1 3 0 0 0 0 -1000.00 -1000.00 -1000.00 -1000.00 1.5765 1.9374 3.8150 172.1707 2.1229 31.0318 -3.0663 -0.0027 0.0005 186 nissan_micra
Car 0.00 1.00 0 0 0 0 0 0 0 0 297.77 362.74 354.54 376.43 1.7506 2.3538 4.8416 85.0269 2.1320 -78.9438 1.6741 0.0001 -0.0000 187 bmw_grandtourer
Car 0.00 1.00 0 0 0 0 0 0 0 0 690.88 361.83 701.47 366.83 1.5488 2.0688 3.9961 83.4488 2.1353 -179.8368 -1.3853 -0.0002 -0.0001 188 mini_cooperst
Car 0.00 1.00 0 0 0 0 0 0 0 0 1219.19 362.11 1234.32 367.88 1.5488 2.0688 3.9961 -73.2366 2.1355 -156.7037 -1.5145 0.0000 -0.0000 189 mini_cooperst
Car 0.00 1.00 0 0 0 0 0 0 0 0 283.45 362.03 312.16 368.25 1.6011 2.1072 4.7392 172.9858 2.1363 -149.2960 -3.0671 0.0000 -0.0000 190 toyota_prius
Car 1.00 1.00 0 0 0 0 0 0 0 0 -1000.00 -1000.00 -1000.00 -1000.00 1.3660 1.9896 4.9534 71.2532 2.1322 63.3527 1.5491 -0.0014 -0.0001 191 mustang_mustang
Car 0.00 1.00 0 0 0 0 0 0 0 0 1103.06 360.28 1113.38 364.09 1.9476 2.0282 4.8347 -78.0266 2.1191 -296.2988 0.0948 0.0192 -0.0001 192 nissan_patrol
Pedestrian 0.00 1.00 0 0 0 0 0 0 0 0 1101.07 360.07 1102.74 363.61 1.9158 0.4880 0.7507 -76.8061 1.9522 -304.4723 0.0920 -0.0000 -0.0000 193 pedestrian_0019
Pedestrian 0.00 1.00 0 0 0 0 0 0 0 0 1406.93 364.30 1412.22 370.39 1.1330 0.4333 0.6667 -84.2900 1.9417 -108.3990 1.6310 -0.0000 -0.0000 194 pedestrian_0010
Pedestrian 0.00 1.00 0 0 2 2 0 0 0 0 934.68 359.94 936.45 365.45 1.9158 0.4880 0.4274 8.5103 1.8952 -197.5460 -1.1239 -0.0000 -0.0000 195 pedestrian_0005
Pedestrian 1.00 1.00 0 0 0 0 0 0 0 0 -1000.00 -1000.00 -1000.00 -1000.00 1.9158 0.4880 0.5977 195.5917 1.9480 -69.4478 0.1623 -0.0000 -0.0000 196 pedestrian_0003
Pedestrian 1.00 1.00 0 0 0 0 0 0 0 0 -1000.00 -1000.00 -1000.00 -1000.00 1.9158 0.4880 0.7507 72.8647 -6.5618 106.5830 0.0654 -0.0000 -0.0000 197 pedestrian_0021
Pedestrian 1.00 1.00 0 0 0 0 0 0 0 0 -1000.00 -1000.00 -1000.00 -1000.00 1.9158 0.4880 0.7507 -268.4565 1.9509 -67.1159 1.7860 -0.0000 -0.0000 198 pedestrian_0003
Pedestrian 0.00 1.00 0 0 0 0 0 0 0 0 1265.62 360.07 1266.87 363.61 1.9158 0.4880 0.4808 -166.0514 1.9529 -305.0119 -0.2358 -0.0000 -0.0000 199 pedestrian_0004
Pedestrian 1.00 1.00 0 0 0 0 0 0 0 0 -1000.00 -1000.00 -1000.00 -1000.00 1.9158 0.4880 0.7507 -90.2817 1.9505 -33.6835 1.6221 -0.0000 -0.0000 200 pedestrian_0022
Pedestrian 0.00 1.00 0 0 0 0 0 0 0 0 994.62 361.90 996.06 366.12 1.3390 0.3253 0.4507 -11.2208 1.9422 -180.4635 -0.0530 -0.0000 -0.0000 201 pedestrian_0014
Pedestrian 0.00 1.00 0 0 0 0 0 0 0 0 263.47 360.36 275.30 381.65 1.9158 0.4880 0.4590 62.4729 1.9482 -54.6207 -1.4379 -0.0000 -0.0000 202 pedestrian_0022
Pedestrian 0.00 1.00 0 0 0 0 0 0 0 0 1732.72 360.27 1741.41 374.23 1.9158 0.4880 0.5639 -107.0480 1.9531 -80.8355 -3.0088 -0.0000 -0.0000 203 pedestrian_0023
Pedestrian 0.00 1.00 0 0 0 0 0 0 0 0 492.66 362.04 494.30 366.61 1.3390 0.3253 0.2502 137.1329 1.9405 -167.4031 0.2303 -0.0000 -0.0000 204 pedestrian_0012
Pedestrian 1.00 1.00 0 0 0 1 0 0 0 0 -1000.00 -1000.00 -1000.00 -1000.00 1.9158 0.4880 0.7507 -98.0309 1.9504 18.4344 -1.6030 -0.0000 -0.0000 205 pedestrian_0019
Pedestrian 1.00 1.00 0 0 0 0 0 0 0 0 -1000.00 -1000.00 -1000.00 -1000.00 1.9158 0.4880 0.7027 -173.4514 1.9184 48.9691 -2.7214 -0.0000 -0.0000 206 pedestrian_0005
Pedestrian 1.00 1.00 0 0 0 0 0 0 0 0 -1000.00 -1000.00 -1000.00 -1000.00 1.9158 0.4880 0.7507 230.9292 1.9498 -59.2562 1.6828 -0.0000 -0.0000 207 pedestrian_0026
Pedestrian 0.00 1.00 0 0 0 0 0 0 0 0 697.98 360.64 700.96 367.29 1.9158 0.4880 0.7507 75.3131 2.1027 -164.7049 1.5281 -0.0000 -0.0000 208 pedestrian_0015
Pedestrian 1.00 1.00 0 0 0 0 0 0 0 0 -1000.00 -1000.00 -1000.00 -1000.00 1.3390 0.3253 0.3246 -62.2176 1.9407 130.3695 -3.0845 -0.0000 -0.0000 209 pedestrian_0014
Pedestrian 1.00 1.00 0 0 0 0 0 0 0 0 -1000.00 -1000.00 -1000.00 -1000.00 1.9158 0.4880 0.7507 -216.1698 1.9490 105.6675 0.4874 -0.0000 -0.0000 210 pedestrian_0016
Pedestrian 0.00 1.00 0 0 0 2 1 0 0 0 958.63 362.08 959.87 367.16 1.3390 0.3253 0.2522 0.1987 1.8866 -150.5868 -1.5629 -0.0000 -0.0000 211 pedestrian_0012
Pedestrian 1.00 1.00 0 0 0 0 0 0 0 0 -1000.00 -1000.00 -1000.00 -1000.00 1.1330 0.4333 0.6464 19.4723 1.8895 53.4711 -2.8878 -0.0000 -0.0000 212 pedestrian_0009
Pedestrian 0.00 1.00 0 0 0 0 0 0 0 0 93.17 363.90 98.52 368.56 1.1330 0.4333 0.6667 211.6541 2.0910 -140.2335 -1.0878 -0.0000 -0.0000 213 pedestrian_0010
Pedestrian 1.00 1.00 0 0 0 0 0 0 0 0 -1000.00 -1000.00 -1000.00 -1000.00 1.9158 0.4880 0.4053 -266.2063 1.9506 44.3254 -1.8172 -0.0000 -0.0000 214 pedestrian_0021
Pedestrian 0.00 1.00 0 3 4 3 4 0 0 0 957.68 359.92 960.01 367.27 1.9158 0.4880 0.3905 0.3011 1.8953 -149.3504 0.6689 -0.0000 -0.0000 215 pedestrian_0018
Pedestrian 0.00 1.00 0 0 0 0 0 0 0 0 1414.40 360.08 1415.86 364.02 1.9158 0.4880 0.4724 -221.4479 1.9534 -274.1578 -0.8633 -0.0000 -0.0000 216 pedestrian_0020
Pedestrian 0.00 1.00 0 0 0 0 0 0 0 0 31.94 360.50 56.49 388.09 1.9158 0.4880 0.7507 64.2590 1.9512 -43.3771 -1.4509 -0.0000 -0.0000 217 pedestrian_0017
Pedestrian 0.00 1.00 0 0 0 0 0 0 0 0 1284.14 360.00 1286.32 364.43 1.9158 0.4880 0.6707 -140.8379 1.9153 -244.4999 -0.0941 -0.0000 -0.0000 218 pedestrian_0007
Pedestrian 1.00 1.00 0 0 0 0 0 0 0 0 -1000.00 -1000.00 -1000.00 -1000.00 1.1330 0.4333 0.3968 -76.4855 2.0914 4.2317 1.6346 -0.0000 -0.0000 219 pedestrian_0010
Pedestrian 1.00 1.00 82 94 145 838 0 48 0 0 -1000.00 -1000.00 -1000.00 -1000.00 1.9158 0.4880 0.4885 -14.8551 1.8949 -3.3278 -2.9918 -0.0000 -0.0000 220 pedestrian_0023
Pedestrian 0.00 1.00 0 0 0 0 0 0 0 0 858.06 359.95 859.74 364.81 1.9158 0.4880 0.5126 39.8415 1.8950 -222.9079 -0.1811 -0.0000 -0.0000 221 pedestrian_0024
Pedestrian 0.00 1.00 0 0 0 0 0 0 0 0 1487.28 362.25 1489.52 365.56 1.1330 0.4333 0.3774 -181.4379 1.9062 -194.7971 -1.3665 -0.0000 -0.0000 222 pedestrian_0011
Pedestrian 1.00 1.00 0 0 0 0 0 0 0 0 -1000.00 -1000.00 -1000.00 -1000.00 1.9158 0.4880 0.7349 -248.2386 1.9507 76.7552 1.0368 -0.0000 -0.0000 223 pedestrian_0016
Pedestrian 0.00 1.00 0 0 0 0 0 0 0 0 240.62 326.96 244.96 333.41 1.9158 0.4880 0.6390 216.7878 -8.0520 -172.0134 1.6347 -0.0000 -0.0000 224 pedestrian_0017
Pedestrian 1.00 1.00 0 0 0 0 0 0 0 0 -1000.00 -1000.00 -1000.00 -1000.00 1.9158 0.4880 0.7507 164.1725 -8.0419 1.5105 1.6532 -0.0000 -0.0000 225 pedestrian_0001
Pedestrian 0.00 1.00 0 0 0 0 0 0 0 0 1169.88 360.10 1171.97 365.30 1.9158 0.4880 0.6078 -77.7250 1.9510 -208.7245 1.7088 -0.0000 -0.0000 226 pedestrian_0003
Pedestrian 0.00 1.00 0 0 0 0 0 0 0 0 904.88 360.46 906.61 366.59 1.9158 0.4880 0.4963 16.9809 2.0604 -177.9558 0.0082 -0.0000 -0.0000 227 pedestrian_0007
Pedestrian 0.00 1.00 0 0 0 0 0 0 0 0 939.99 362.82 942.31 366.37 1.1330 0.4333 0.6667 6.0309 2.0353 -181.8610 2.9675 -0.0000 -0.0000 228 pedestrian_0010
Pedestrian 1.00 1.00 25 34 45 222 0 7 0 0 -1000.00 -1000.00 -1000.00 -1000.00 1.1330 0.4333 0.5578 -18.2221 2.0913 0.9213 -1.5706 -0.0000 -0.0000 229 pedestrian_0010
Pedestrian 0.00 1.00 0 0 0 0 0 0 0 0 628.77 362.79 631.49 369.02 1.3390 0.3253 0.4559 71.1572 1.9421 -124.0431 1.6071 -0.0000 -0.0000 230 pedestrian_0013
Pedestrian 1.00 1.00 0 0 0 0 0 0 0 0 -1000.00 -1000.00 -1000.00 -1000.00 1.3390 0.3253 0.4591 112.4551 1.8861 60.1355 2.5717 -0.0000 -0.0000 231 pedestrian_0013
Pedestrian 1.00 1.00 768 1176 1873 22491 0 0 0 234 -1000.00 -1000.00 -1000.00 -1000.00 1.9158 0.4880 0.3754 3.7451 1.8949 -3.6646 1.6631 -0.0000 -0.0000 232 pedestrian_0020
Pedestrian 1.00 1.00 0 0 0 0 0 0 0 0 -1000.00 -1000.00 -1000.00 -1000.00 1.9158 0.4880 0.5831 144.6339 1.8948 2.3053 -1.5062 -0.0000 -0.0000 233 pedestrian_0021
Pedestrian 1.00 1.00 0 0 0 0 0 0 0 0 -1000.00 -1000.00 -1000.00 -1000.00 1.1330 0.4333 0.4298 -157.1077 1.9418 -85.6798 0.1585 -0.0000 -0.0000 234 pedestrian_0009
Pedestrian 1.00 1.00 0 0 0 0 0 0 0 0 -1000.00 -1000.00 -1000.00 -1000.00 1.9158 0.4880 0.4791 189.4307 1.9515 -52.9669 -3.0175 -0.0000 -0.0000 235 pedestrian_0006
Pedestrian 1.00 1.00 0 0 0 0 0 0 0 0 -1000.00 -1000.00 -1000.00 -1000.00 1.1330 0.4333 0.5656 -193.2167 1.9069 -68.2909 -1.4713 -0.0000 -0.0000 236 pedestrian_0009
Pedestrian 0.00 1.00 0 0 0 0 0 0 0 0 1148.75 360.60 1151.49 366.81 1.9158 0.4880 0.7507 -58.8573 2.1030 -176.0705 -1.3671 -0.0000 -0.0000 237 pedestrian_0026
Pedestrian 1.00 1.00 0 1 1 8 0 0 0 0 -1000.00 -1000.00 -1000.00 -1000.00 1.9158 0.4880 0.5722 -92.1050 2.1028 12.8563 3.1151 -0.0000 -0.0000 238 pedestrian_0021
Pedestrian 0.00 1.00 0 2 1 18 0 0 0 0 901.25 366.07 905.86 377.75 1.3390 0.3253 0.5005 6.5026 2.0396 -68.3397 -3.1352 -0.0000 -0.0000 239 pedestrian_0012
Pedestrian 0.00 1.00 0 0 0 0 0 0 0 0 1596.91 360.09 1599.86 364.97 1.9158 0.4880 0.6057 -250.9473 1.9512 -222.3572 1.8130 -0.0000 -0.0000 240 pedestrian_0020
Pedestrian 0.00 1.00 0 0 0 0 0 0 0 0 651.21 341.12 652.85 343.48 1.1330 0.4333 0.6667 150.3161 -8.0718 -275.0076 -2.7226 -0.0000 -0.0000 241 pedestrian_0011
Pedestrian 0.00 1.00 0 0 0 0 0 0 0 0 1551.05 360.01 1554.63 366.19 1.9158 0.4880 0.5854 -184.0312 1.9174 -176.5360 1.7166 -0.0000 -0.0000 242 pedestrian_0002
Pedestrian 0.00 1.00 0 0 0 0 0 0 0 0 667.37 365.31 672.28 377.19 1.3390 0.3253 0.3921 32.8786 1.9419 -67.2825 -3.0893 -0.0000 -0.0000 243 pedestrian_0014
Pedestrian 0.00 1.00 0 0 0 0 0 0 0 0 1311.95 360.18 1317.32 370.45 1.9158 0.4880 0.7507 -66.4277 1.9505 -108.3021 1.6630 -0.0000 -0.0000 244 pedestrian_0006
Pedestrian 0.00 1.00 0 0 0 0 0 0 0 0 481.71 335.93 484.08 340.62 1.9158 0.4880 0.6337 197.9204 -8.0534 -234.4064 -2.1488 -0.0000 -0.0000 245 pedestrian_0020
Pedestrian 1.00 1.00 0 0 0 0 0 0 0 0 -1000.00 -1000.00 -1000.00 -1000.00 1.9158 0.4880 0.7507 224.1319 1.9498 5.5417 1.6867 -0.0000 -0.0000 246 pedestrian_0022
Pedestrian 0.00 1.00 0 0 0 0 0 0 0 0 565.91 360.19 571.32 370.79 1.9158 0.4880 0.7389 71.0305 1.9502 -105.0726 1.6360 -0.0000 -0.0000 247 pedestrian_0002
Pedestrian 1.00 1.00 2 3 6 4 0 0 0 0 -1000.00 -1000.00 -1000.00 -1000.00 1.9158 0.4880 0.5324 87.3087 1.9501 8.7964 -2.9091 -0.0000 -0.0000 248 pedestrian_0022
Pedestrian 1.00 1.00 0 0 0 0 0 0 0 0 -1000.00 -1000.00 -1000.00 -1000.00 1.9158 0.4880 0.7507 -100.0881 1.9516 68.6796 -1.5107 -0.0000 -0.0000 249 pedestrian_0006
Pedestrian 0.00 1.00 0 0 0 0 0 0 0 0 874.63 360.11 876.21 366.22 1.9158 0.4880 0.4721 26.5502 1.9504 -178.4744 -3.0278 -0.0000 -0.0000 250 pedestrian_0019
Pedestrian 1.00 1.00 0 0 0 0 0 0 0 0 -1000.00 -1000.00 -1000.00 -1000.00 1.9158 0.4880 0.7507 -176.2284 1.9176 47.9694 -2.8011 -0.0000 -0.0000 251 pedestrian_0018
Pedestrian 1.00 1.00 0 0 0 0 0 0 0 0 -1000.00 -1000.00 -1000.00 -1000.00 1.9158 0.4880 0.6562 -233.7317 1.9507 91.8997 -2.3769 -0.0000 -0.0000 252 pedestrian_0007
Pedestrian 1.00 1.00 0 0 0 0 0 0 0 0 -1000.00 -1000.00 -1000.00 -1000.00 1.9158 0.4880 0.6570 76.5515 2.1025 1.3239 0.3473 -0.0000 -0.0000 253 pedestrian_0008
Pedestrian 1.00 1.00 0 0 0 0 0 0 0 0 -1000.00 -1000.00 -1000.00 -1000.00 1.9158 0.4880 0.4223 -271.1012 1.9509 -30.2093 -1.5416 -0.0000 -0.0000 254 pedestrian_0022
Pedestrian 1.00 1.00 0 0 0 0 0 0 0 0 -1000.00 -1000.00 -1000.00 -1000.00 1.9158 0.4880 0.5953 -53.0506 1.7735 132.4053 -3.0512 -0.0000 -0.0000 255 pedestrian_0024
Pedestrian 0.00 1.00 0 0 0 0 0 0 0 0 264.35 369.27 275.40 380.43 1.1330 0.4333 0.5652 71.0082 2.0912 -61.5114 -2.8661 -0.0000 -0.0000 256 pedestrian_0011
Pedestrian 0.00 1.00 0 0 0 0 0 0 0 0 795.05 359.95 797.24 364.78 1.9158 0.4880 0.7507 64.9886 1.8949 -224.3143 0.0953 -0.0000 -0.0000 257 pedestrian_0006
Pedestrian 0.00 1.00 0 0 0 0 0 0 0 0 614.79 359.95 617.43 364.94 1.9158 0.4880 0.7507 132.0827 1.8952 -217.3635 0.2491 -0.0000 -0.0000 258 pedestrian_0005
Pedestrian 0.00 1.00 0 0 0 4 1 0 0 0 958.86 360.62 960.97 367.02 1.9158 0.4880 0.4061 0.0249 2.1028 -170.9267 -0.8539 -0.0000 -0.0000 259 pedestrian_0003
Pedestrian 1.00 1.00 0 0 0 0 0 0 0 0 -1000.00 -1000.00 -1000.00 -1000.00 1.9158 0.4880 0.7455 121.5567 -7.2205 97.9747 2.6123 -0.0000 -0.0000 260 pedestrian_0001
Pedestrian 0.00 1.00 3 4 5 12 1 0 0 0 885.67 363.49 888.02 372.09 1.3390 0.3253 0.5005 11.4577 1.8870 -91.2853 1.7838 -0.0000 -0.0000 261 pedestrian_0014
Pedestrian 0.00 1.00 0 0 0 0 0 0 0 0 1858.82 359.98 1866.35 368.44 1.9158 0.4880 0.7507 -205.1450 1.9122 -130.4572 1.5297 -0.0000 -0.0000 262 pedestrian_0020
Pedestrian 0.00 1.00 0 0 0 0 0 0 0 0 1826.22 359.98 1832.22 368.16 1.9158 0.4880 0.5944 -204.2878 1.9122 -134.7453 1.6258 -0.0000 -0.0000 263 pedestrian_0025
Pedestrian 1.00 1.00 0 0 0 0 0 0 0 0 -1000.00 -1000.00 -1000.00 -1000.00 1.9158 0.4880 0.7507 32.8940 1.8947 62.8336 -2.9349 -0.0000 -0.0000 264 pedestrian_0026
Pedestrian 0.00 1.00 0 0 0 0 0 0 0 0 1463.66 360.08 1465.23 364.23 1.9158 0.4880 0.4505 -232.9432 1.9523 -260.4254 -0.9366 -0.0000 -0.0000 265 pedestrian_0025
Pedestrian 0.00 1.00 0 0 0 0 0 0 0 0 953.97 361.89 955.15 366.11 1.3390 0.3253 0.2502 1.7297 1.9413 -180.6314 1.8260 -0.0000 -0.0000 266 pedestrian_0013
Pedestrian 0.00 1.00 0 0 0 0 0 0 0 0 628.64 360.11 630.38 366.38 1.9158 0.4880 0.3820 101.1318 1.9502 -174.0870 -2.7715 -0.0000 -0.0000 267 pedestrian_0015
Pedestrian 0.00 1.00 0 0 0 0 0 0 0 0 421.32 360.09 424.75 367.66 1.9158 0.4880 0.3899 136.1033 1.9376 -144.9682 1.6701 -0.0000 -0.0000 268 pedestrian_0021
Pedestrian 1.00 1.00 0 0 0 0 0 0 0 0 -1000.00 -1000.00 -1000.00 -1000.00 1.1330 0.4333 0.4221 -125.2091 1.9392 125.2312 -3.0398 -0.0000 -0.0000 269 pedestrian_0010
Pedestrian 1.00 1.00 18 26 52 239 0 0 0 11 -1000.00 -1000.00 -1000.00 -1000.00 1.9158 0.4880 0.4779 25.6679 1.9515 0.9403 -0.0850 -0.0000 -0.0000 270 pedestrian_0023
Pedestrian 1.00 1.00 0 0 0 0 0 0 0 0 -1000.00 -1000.00 -1000.00 -1000.00 1.3390 0.3253 0.3482 -190.3451 1.9071 40.3232 -2.6860 -0.0000 -0.0000 271 pedestrian_0013
Pedestrian 0.00 1.00 0 0 0 0 0 0 0 0 1068.80 360.07 1070.14 363.65 1.9158 0.4880 0.5933 -58.6428 1.9519 -301.4007 -3.0496 -0.0000 -0.0000 272 pedestrian_0016
Pedestrian 0.00 1.00 0 0 0 0 0 0 0 0 1121.61 361.31 1122.67 364.23 1.3390 0.3253 0.5005 -74.4994 1.9416 -259.1436 -1.5297 -0.0000 -0.0000 273 pedestrian_0014
Pedestrian 0.00 1.00 0 0 0 1 0 0 0 0 899.73 359.94 901.82 365.02 1.9158 0.4880 0.6230 22.4143 1.8948 -214.2401 -0.6430 -0.0000 -0.0000 274 pedestrian_0019
Pedestrian 0.00 1.00 0 0 0 0 0 0 0 0 1787.77 363.17 1792.46 370.25 1.3390 0.3253 0.3923 -157.5674 1.9423 -109.6863 1.7146 -0.0000 -0.0000 275 pedestrian_0013
Pedestrian 0.00 1.00 0 0 0 0 0 0 0 0 1150.72 360.00 1152.88 364.43 1.9158 0.4880 0.7507 -83.1774 1.9178 -244.8436 0.0938 -0.0000 -0.0000 276 pedestrian_0023
Pedestrian 0.00 1.00 0 0 0 0 0 0 0 0 161.75 370.69 178.94 386.27 1.1330 0.4333 0.6667 58.7480 1.9362 -45.7197 1.9271 -0.0000 -0.0000 277 pedestrian_0011
Pedestrian 0.00 0.98 1 0 0 4 0 0 0 0 902.25 364.58 904.19 373.36 1.3390 0.3253 0.2536 8.6959 2.0416 -89.3585 -2.9012 -0.0000 -0.0000 278 pedestrian_0012
Pedestrian 0.00 1.00 0 0 0 0 0 0 0 0 662.08 337.00 663.32 341.46 1.9158 0.4880 0.3936 129.2038 -8.0658 -245.3544 0.3110 -0.0000 -0.0000 279 pedestrian_0015
Pedestrian 0.00 1.00 0 0 0 0 0 0 0 0 645.69 360.24 652.61 373.36 1.9158 0.4880 0.7507 45.5630 1.9514 -85.7243 0.0880 -0.0000 -0.0000 280 pedestrian_0017
Pedestrian 1.00 1.00 0 0 0 0 0 0 0 0 -1000.00 -1000.00 -1000.00 -1000.00 1.9158 0.4880 0.4325 188.3274 -7.7750 77.3132 -1.0478 -0.0000 -0.0000 281 pedestrian_0005
Pedestrian 0.00 1.00 0 0 0 0 0 0 0 0 714.48 362.65 715.97 365.82 1.1330 0.4333 0.3524 87.8528 2.0862 -203.4075 -1.3367 -0.0000 -0.0000 282 pedestrian_0009
Pedestrian 1.00 1.00 0 0 0 0 0 0 0 0 -1000.00 -1000.00 -1000.00 -1000.00 1.1330 0.4333 0.6667 -176.0953 1.9228 -105.5316 -3.0677 -0.0000 -0.0000 283 pedestrian_0009
Pedestrian 1.00 1.00 0 0 0 0 0 0 0 0 -1000.00 -1000.00 -1000.00 -1000.00 1.1330 0.4333 0.4083 203.5172 1.9385 -68.8861 -2.9979 -0.0000 -0.0000 284 pedestrian_0009
Pedestrian 1.00 1.00 8 7 11 47 0 0 0 0 -1000.00 -1000.00 -1000.00 -1000.00 1.9158 0.4880 0.7507 -56.2545 1.9504 13.1676 0.1331 -0.0000 -0.0000 285 pedestrian_0024
Pedestrian 0.00 0.99 0 1 2 3 0 0 0 0 952.57 359.99 954.47 365.99 1.9158 0.4880 0.4095 2.0720 1.9112 -181.7205 1.9701 -0.0000 -0.0000 286 pedestrian_0023
Pedestrian 1.00 1.00 0 0 0 0 0 0 0 0 -1000.00 -1000.00 -1000.00 -1000.00 1.9158 0.4880 0.7507 -136.7718 1.9167 59.1424 0.1071 -0.0000 -0.0000 287 pedestrian_0015
Pedestrian 0.00 1.00 0 0 0 0 1 0 0 0 892.47 344.45 894.21 348.67 1.9158 0.4880 0.7507 30.4165 -5.1738 -257.3887 -3.0986 -0.0000 -0.0000 288 pedestrian_0025
Pedestrian 1.00 1.00 0 0 0 0 0 0 0 0 -1000.00 -1000.00 -1000.00 -1000.00 1.1330 0.4333 0.4903 156.7391 -7.4220 118.1011 -0.7378 -0.0000 -0.0000 289 pedestrian_0009
Pedestrian 0.00 1.00 0 0 0 0 0 0 0 0 520.44 360.12 524.28 366.58 1.9158 0.4880 0.7507 129.9154 1.9502 -169.0144 0.1237 -0.0000 -0.0000 290 pedestrian_0019
Pedestrian 1.00 1.00 0 0 0 44 0 0 0 0 -1000.00 -1000.00 -1000.00 -1000.00 1.9158 0.4880 0.3754 -101.2767 1.9251 61.0231 -1.2015 -0.0000 -0.0000 291 pedestrian_0007
Pedestrian 1.00 1.00 0 0 0 0 0 0 0 0 -1000.00 -1000.00 -1000.00 -1000.00 1.9158 0.4880 0.4077 -265.7881 1.9494 45.5666 -1.6983 -0.0000 -0.0000 292 pedestrian_0021
Pedestrian 0.00 1.00 0 0 0 0 0 0 0 0 1252.42 364.72 1257.35 375.31 1.3390 0.3253 0.4484 -37.4562 1.9399 -74.8827 -3.0392 -0.0000 -0.0000 293 pedestrian_0014
Pedestrian 1.00 1.00 0 0 0 0 0 0 0 0 -1000.00 -1000.00 -1000.00 -1000.00 1.9158 0.4880 0.5322 36.2100 -6.2106 139.7311 -3.0422 -0.0000 -0.0000 294 pedestrian_0002
Pedestrian 1.00 1.00 2 3 7 25 0 0 0 0 -1000.00 -1000.00 -1000.00 -1000.00 1.9158 0.4880 0.5405 81.6201 1.9501 26.3107 2.5826 -0.0000 -0.0000 295 pedestrian_0026
Pedestrian 1.00 1.00 0 0 0 0 0 0 0 0 -1000.00 -1000.00 -1000.00 -1000.00 1.9158 0.4880 0.4403 101.1460 1.9501 -59.6668 2.8861 -0.0000 -0.0000 296 pedestrian_0020
Pedestrian 1.00 1.00 0 0 0 0 0 0 0 0 -1000.00 -1000.00 -1000.00 -1000.00 1.9158 0.4880 0.6965 130.9291 1.8960 -50.3933 1.7044 -0.0000 -0.0000 297 pedestrian_0016
Pedestrian 1.00 1.00 0 0 1 0 0 0 0 0 -1000.00 -1000.00 -1000.00 -1000.00 1.9158 0.4880 0.7507 -97.1133 1.9483 24.9700 -1.4893 -0.0000 -0.0000 298 pedestrian_0024
Pedestrian 1.00 1.00 0 0 0 0 0 0 0 0 -1000.00 -1000.00 -1000.00 -1000.00 1.9158 0.4880 0.6736 167.5014 -8.0488 -30.5721 -1.4814 -0.0000 -0.0000 299 pedestrian_0001
Pedestrian 1.00 1.00 0 0 0 0 0 0 0 0 -1000.00 -1000.00 -1000.00 -1000.00 1.9158 0.4880 0.7507 -195.6943 1.9175 -52.6210 1.6380 -0.0000 -0.0000 300 pedestrian_0025
Pedestrian 0.00 1.00 0 0 0 0 0 0 0 0 1097.52 360.08 1099.50 364.67 1.9158 0.4880 0.7507 -58.0138 1.9508 -236.6218 1.8680 -0.0000 -0.0000 301 pedestrian_0016
Pedestrian 0.00 1.00 0 0 0 0 0 0 0 0 1867.84 360.00 1876.09 369.21 1.9158 0.4880 0.7507 -190.3391 1.9157 -120.1629 -1.5486 -0.0000 -0.0000 302 pedestrian_0006
Pedestrian 1.00 1.00 0 0 0 0 0 0 0 0 -1000.00 -1000.00 -1000.00 -1000.00 1.3390 0.3253 0.3957 -91.3866 2.0944 13.3201 3.1140 -0.0000 -0.0000 303 pedestrian_0012
Pedestrian 0.00 1.00 0 0 0 0 0 0 0 0 1514.94 360.08 1517.77 364.50 1.9158 0.4880 0.7507 -241.6337 1.9511 -245.2023 2.0294 -0.0000 -0.0000 304 pedestrian_0024
Pedestrian 1.00 1.00 0 0 0 0 0 0 0 0 -1000.00 -1000.00 -1000.00 -1000.00 1.3390 0.3253 0.5005 -70.9454 1.9419 130.6270 -3.0597 -0.0000 -0.0000 305 pedestrian_0013
Pedestrian 1.00 1.00 0 0 0 0 0 0 0 0 -1000.00 -1000.00 -1000.00 -1000.00 1.1330 0.4333 0.5550 -262.7982 1.9422 -125.2093 -1.4346 -0.0000 -0.0000 306 pedestrian_0011
Pedestrian 0.00 1.00 0 0 0 0 0 0 0 0 695.01 360.60 697.39 366.83 1.9158 0.4880 0.6132 81.4118 2.1027 -175.5292 0.5535 -0.0000 -0.0000 307 pedestrian_0024
Pedestrian 1.00 1.00 0 0 0 0 0 0 0 0 -1000.00 -1000.00 -1000.00 -1000.00 1.9158 0.4880 0.3942 -272.7669 1.9509 -37.9112 -1.6216 -0.0000 -0.0000 308 pedestrian_0004
Pedestrian 1.00 1.00 2 2 4 22 0 0 0 1 -1000.00 -1000.00 -1000.00 -1000.00 1.9158 0.4880 0.4689 81.0374 1.9501 28.7729 3.1330 -0.0000 -0.0000 309 pedestrian_0019
Pedestrian 0.00 1.00 0 0 0 0 0 0 0 0 832.97 365.24 835.93 376.97 1.3390 0.3253 0.2965 14.4093 1.9419 -68.0946 -3.0312 -0.0000 -0.0000 310 pedestrian_0012
Pedestrian 0.00 1.00 0 0 0 0 0 0 0 0 864.13 360.11 866.01 366.24 1.9158 0.4880 0.5527 29.6998 1.9504 -177.8875 -3.0261 -0.0000 -0.0000 311 pedestrian_0022
Pedestrian 0.00 1.00 0 0 0 0 0 0 0 0 487.79 360.12 490.03 366.62 1.9158 0.4880 0.3924 139.0380 1.9502 -168.0645 2.2315 -0.0000 -0.0000 312 pedestrian_0018
Pedestrian 1.00 1.00 13 8 14 942 0 0 1 2 -1000.00 -1000.00 -1000.00 -1000.00 1.9158 0.4880 0.6921 37.4756 1.9511 23.0777 0.1325 -0.0000 -0.0000 313 pedestrian_0022
Pedestrian 0.00 1.00 0 0 0 0 0 0 0 0 781.74 360.12 783.79 367.09 1.9158 0.4880 0.3831 48.8360 1.9503 -157.2012 -1.1161 -0.0000 -0.0000 314 pedestrian_0005
Pedestrian 1.00 1.00 0 0 0 0 0 0 0 0 -1000.00 -1000.00 -1000.00 -1000.00 1.9158 0.4880 0.7507 121.4617 1.9490 -58.2282 -3.0490 -0.0000 -0.0000 315 pedestrian_0018
Pedestrian 1.00 1.00 0 0 0 0 0 0 0 0 -1000.00 -1000.00 -1000.00 -1000.00 1.9158 0.4880 0.5749 -271.0702 1.9509 -30.7736 1.6389 -0.0000 -0.0000 316 pedestrian_0024
Pedestrian 0.00 1.00 0 0 0 0 0 0 0 0 1813.43 360.00 1820.18 368.66 1.9158 0.4880 0.6497 -190.0071 1.9154 -127.3948 -1.6424 -0.0000 -0.0000 317 pedestrian_0002
Pedestrian 0.00 1.00 0 0 0 0 0 0 0 0 1261.90 362.21 1263.83 367.14 1.3390 0.3253 0.3316 -82.4709 1.9429 -155.4051 1.7266 -0.0000 -0.0000 318 pedestrian_0013
Pedestrian 0.00 1.00 0 0 0 0 0 0 0 0 490.05 360.12 491.91 366.62 1.9158 0.4880 0.3754 138.3649 1.9502 -167.9899 0.6093 -0.0000 -0.0000 319 pedestrian_0018
Pedestrian 0.00 0.99 0 0 0 1 0 0 0 0 880.87 359.95 883.04 364.89 1.9158 0.4880 0.6863 30.3211 1.8950 -219.8149 -0.3826 -0.0000 -0.0000 320 pedestrian_0006
Pedestrian 0.00 1.00 0 0 0 0 0 0 0 0 1606.71 360.09 1609.81 365.04 1.9158 0.4880 0.6103 -251.3684 1.9526 -219.3985 1.6676 -0.0000 -0.0000 321 pedestrian_0021
Pedestrian 0.00 1.00 0 0 0 0 0 0 0 0 377.92 366.50 384.95 374.27 1.1330 0.4333 0.5687 85.0492 2.0912 -85.9572 0.1664 -0.0000 -0.0000 322 pedestrian_0010
Pedestrian 1.00 1.00 0 0 0 0 0 0 0 0 -1000.00 -1000.00 -1000.00 -1000.00 1.9158 0.4880 0.4977 144.6603 1.8945 1.2399 -1.9449 -0.0000 -0.0000 323 pedestrian_0022
Pedestrian 0.00 0.81 4 4 6 27 1 0 0 0 1042.70 360.27 1048.89 376.31 1.9158 0.4880 0.6014 -10.2955 1.9484 -70.9991 0.2002 -0.0000 -0.0000 324 pedestrian_0015
Pedestrian 1.00 1.00 2 4 6 35 0 1 0 0 -1000.00 -1000.00 -1000.00 -1000.00 1.9158 0.4880 0.3940 -68.9178 1.9532 12.4317 0.3715 -0.0000 -0.0000 325 pedestrian_0005
Pedestrian 1.00 1.00 0 0 0 0 0 0 0 0 -1000.00 -1000.00 -1000.00 -1000.00 1.9158 0.4880 0.6192 210.6454 -8.0486 -109.4317 -1.4714 -0.0000 -0.0000 326 pedestrian_0006
Pedestrian 0.00 1.00 0 0 0 0 0 0 0 0 1374.43 361.17 1381.18 373.25 1.9158 0.4880 0.7507 -66.6232 2.1029 -92.8650 -1.5106 -0.0000 -0.0000 327 pedestrian_0002
Pedestrian 0.00 1.00 0 0 0 0 0 0 0 0 1386.94 361.19 1393.64 373.51 1.9158 0.4880 0.6804 -67.2420 2.1029 -91.0978 -1.4366 -0.0000 -0.0000 328 pedestrian_0015
Pedestrian 1.00 1.00 0 0 0 0 0 0 0 0 -1000.00 -1000.00 -1000.00 -1000.00 1.9158 0.4880 0.7507 -62.5113 1.9492 131.0872 -3.1223 -0.0000 -0.0000 329 pedestrian_0005
Pedestrian 0.00 1.00 0 0 0 0 0 0 0 0 1632.82 362.15 1636.16 365.19 1.1330 0.4333 0.6667 -252.7410 1.9414 -212.1686 1.7337 -0.0000 -0.0000 330 pedestrian_0010
Pedestrian 1.00 1.00 0 0 0 0 0 0 0 0 -1000.00 -1000.00 -1000.00 -1000.00 1.9158 0.4880 0.7026 59.9794 1.9502 -24.3531 -1.4654 -0.0000 -0.0000 331 pedestrian_0001
Pedestrian 1.00 1.00 0 0 3 3 0 1 0 0 -1000.00 -1000.00 -1000.00 -1000.00 1.9158 0.4880 0.3843 -92.3027 1.9505 -17.6831 -1.3116 -0.0000 -0.0000 332 pedestrian_0017
Pedestrian 0.00 1.00 0 0 0 0 0 0 0 0 479.24 360.24 485.98 373.83 1.9158 0.4880 0.5323 67.5194 1.9498 -82.8724 -0.0378 -0.0000 -0.0000 333 pedestrian_0023
Pedestrian 1.00 1.00 0 0 0 0 0 0 0 0 -1000.00 -1000.00 -1000.00 -1000.00 1.3390 0.3253 0.3900 -134.8164 1.9108 60.3328 0.0750 -0.0000 -0.0000 334 pedestrian_0013
Pedestrian 1.00 1.00 75 87 142 2716 0 0 27 0 -1000.00 -1000.00 -1000.00 -1000.00 1.9158 0.4880 0.7507 6.8097 2.1051 10.8806 1.5410 -0.0000 -0.0000 335 pedestrian_0019
Pedestrian 1.00 1.00 0 0 0 17 0 0 0 0 -1000.00 -1000.00 -1000.00 -1000.00 1.9158 0.4880 0.4110 -101.8743 1.9169 61.1453 -0.2881 -0.0000 -0.0000 336 pedestrian_0017
Pedestrian 0.00 1.00 0 0 0 0 0 0 0 0 1353.42 360.07 1355.29 363.80 1.9158 0.4880 0.7507 -202.6482 1.9511 -289.2974 2.5913 -0.0000 -0.0000 337 pedestrian_0025
Pedestrian 0.00 1.00 0 0 0 0 0 0 0 0 761.67 340.38 763.43 344.18 1.9158 0.4880 0.7507 100.6192 -8.0706 -286.9238 0.1045 -0.0000 -0.0000 338 pedestrian_0006
Pedestrian 0.00 1.00 0 0 0 0 0 0 0 0 665.29 338.79 666.47 341.44 1.1330 0.4333 0.3983 127.8462 -8.0771 -245.3990 0.3561 -0.0000 -0.0000 339 pedestrian_0011
Pedestrian 0.00 1.00 0 0 0 0 0 0 0 0 281.23 364.37 286.52 369.91 1.1330 0.4333 0.5387 139.2748 2.0356 -118.6519 -1.5349 -0.0000 -0.0000 340 pedestrian_0011
Pedestrian 0.00 1.00 0 0 0 0 0 0 0 0 168.16 362.43 171.28 367.82 1.3390 0.3253 0.3049 196.7018 1.9435 -142.4361 -3.0495 -0.0000 -0.0000 341 pedestrian_0013
Pedestrian 1.00 1.00 0 0 0 0 0 0 0 0 -1000.00 -1000.00 -1000.00 -1000.00 1.9158 0.4880 0.5138 229.2536 1.9508 -43.4861 -0.3097 -0.0000 -0.0000 342 pedestrian_0007
Pedestrian 0.00 1.00 0 0 0 4 4 0 0 0 956.75 359.92 958.54 366.89 1.9158 0.4880 0.4873 0.6489 1.8942 -157.1202 1.5802 -0.0000 -0.0000 343 pedestrian_0021
Pedestrian 0.00 1.00 0 0 0 0 0 0 0 0 473.33 337.58 474.84 340.38 1.1330 0.4333 0.3576 199.5062 -8.0634 -232.0456 -2.1310 -0.0000 -0.0000 344 pedestrian_0010
Pedestrian 0.00 0.99 3 0 1 14 2 0 0 0 973.05 361.14 976.12 375.11 1.9158 0.4880 0.3884 -2.0078 2.0736 -80.7987 -3.0974 -0.0000 -0.0000 345 pedestrian_0021
Pedestrian 1.00 1.00 3 1 2 22 0 0 0 1 -1000.00 -1000.00 -1000.00 -1000.00 1.3390 0.3253 0.2884 55.3320 2.0941 21.7360 -1.5676 -0.0000 -0.0000 346 pedestrian_0014
Pedestrian 0.00 1.00 0 2 2 5 0 0 0 0 974.35 359.94 976.68 367.09 1.9158 0.4880 0.5715 -4.1679 1.8998 -153.3837 -1.3242 -0.0000 -0.0000 347 pedestrian_0023
Pedestrian 0.00 1.00 0 0 0 0 0 0 0 0 1854.95 359.99 1860.30 368.35 1.9158 0.4880 0.4548 -205.8796 1.9124 -131.6054 -1.5817 -0.0000 -0.0000 348 pedestrian_0008
Pedestrian 1.00 1.00 0 0 0 0 0 0 0 0 -1000.00 -1000.00 -1000.00 -1000.00 1.9158 0.4880 0.6914 -271.4257 1.9509 -23.8924 -1.5628 -0.0000 -0.0000 349 pedestrian_0006
Pedestrian 0.00 1.00 0 0 0 0 0 0 0 0 822.08 359.95 823.91 364.78 1.9158 0.4880 0.6690 54.3540 1.8949 -224.3725 0.1560 -0.0000 -0.0000 350 pedestrian_0022
Pedestrian 0.00 1.00 0 0 0 0 0 0 0 0 907.40 360.47 909.88 366.67 1.9158 0.4880 0.5987 15.9304 2.0634 -176.3862 2.6889 -0.0000 -0.0000 351 pedestrian_0023
Pedestrian 0.00 0.99 3 3 6 12 1 0 0 0 910.71 360.83 913.86 372.98 1.9158 0.4880 0.3791 7.5466 2.0473 -92.1541 2.9557 -0.0000 -0.0000 352 pedestrian_0006
Pedestrian 0.00 1.00 0 0 0 0 0 0 0 0 1429.73 361.32 1437.60 374.94 1.9158 0.4880 0.7507 -66.9978 2.1029 -82.8811 -1.6156 -0.0000 -0.0000 353 pedestrian_0024
Pedestrian 1.00 1.00 0 0 0 0 0 0 0 0 -1000.00 -1000.00 -1000.00 -1000.00 1.1330 0.4333 0.6667 -190.8332 1.9376 116.5183 0.3538 -0.0000 -0.0000 354 pedestrian_0011
Pedestrian 1.00 1.00 4 4 7 41 0 1 0 0 -1000.00 -1000.00 -1000.00 -1000.00 1.9158 0.4880 0.4534 -64.3654 1.9514 12.8869 -3.0410 -0.0000 -0.0000 355 pedestrian_0017
Pedestrian 0.00 1.00 0 0 0 0 0 0 0 0 96.30 313.84 100.61 320.54 1.3390 0.3253 0.3490 175.6696 -8.0584 -117.4944 -1.4807 -0.0000 -0.0000 356 pedestrian_0012
Pedestrian 0.00 1.00 0 0 0 0 0 0 0 0 1336.55 360.07 1337.56 363.74 1.9158 0.4880 0.4339 -197.0391 1.9511 -294.1219 2.5390 -0.0000 -0.0000 357 pedestrian_0020
Pedestrian 0.00 1.00 0 0 0 0 0 0 0 0 874.06 360.14 876.39 365.07 1.9158 0.4880 0.7507 32.9947 1.9699 -220.1929 -0.4136 -0.0000 -0.0000 358 pedestrian_0017
Pedestrian 1.00 1.00 2 0 1 13 0 1 0 0 -1000.00 -1000.00 -1000.00 -1000.00 1.9158 0.4880 0.4900 -88.1126 2.1028 13.6137 -3.1093 -0.0000 -0.0000 359 pedestrian_0025
Pedestrian 0.00 1.00 0 0 0 0 0 0 0 0 1182.77 361.11 1183.82 363.56 1.3390 0.3253 0.4429 -122.0587 1.9435 -307.4529 -3.1118 -0.0000 -0.0000 360 pedestrian_0013
Pedestrian 0.00 1.00 0 0 0 0 0 0 0 0 1581.25 361.50 1583.48 364.85 1.3390 0.3253 0.5005 -249.7291 1.9430 -226.8819 1.8076 -0.0000 -0.0000 361 pedestrian_0013
Pedestrian 0.00 1.00 1 0 0 3 0 0 0 0 965.28 365.29 968.16 375.13 1.3390 0.3253 0.2590 -0.9195 2.0653 -80.3364 -2.5712 -0.0000 -0.0000 362 pedestrian_0013
Pedestrian 1.00 1.00 0 0 0 0 0 0 0 0 -1000.00 -1000.00 -1000.00 -1000.00 1.1330 0.4333 0.5045 -100.2804 1.9390 64.7082 -1.4951 -0.0000 -0.0000 363 pedestrian_0011
Pedestrian 0.00 1.00 0 0 0 4 1 0 0 0 881.51 362.56 883.14 368.85 1.3390 0.3253 0.4254 16.5940 1.8866 -122.8958 1.6638 -0.0000 -0.0000 364 pedestrian_0012
Pedestrian 1.00 1.00 0 0 0 0 0 0 0 0 -1000.00 -1000.00 -1000.00 -1000.00 1.9158 0.4880 0.5502 154.1983 2.1001 -69.8672 -1.3999 -0.0000 -0.0000 365 pedestrian_0023
Pedestrian 1.00 1.00 0 0 0 3 0 0 0 0 -1000.00 -1000.00 -1000.00 -1000.00 1.9158 0.4880 0.5555 -98.5419 1.9488 36.1050 -1.4522 -0.0000 -0.0000 366 pedestrian_0005
Pedestrian 1.00 1.00 0 0 0 0 0 0 0 0 -1000.00 -1000.00 -1000.00 -1000.00 1.9158 0.4880 0.6231 -203.5667 2.0645 -50.9673 3.0450 -0.0000 -0.0000 367 pedestrian_0021
Pedestrian 0.00 1.00 0 0 0 0 0 0 0 0 1722.49 366.02 1729.90 374.53 1.1330 0.4333 0.4123 -102.8165 1.9431 -78.8579 0.0941 -0.0000 -0.0000 368 pedestrian_0010
Pedestrian 0.00 1.00 0 0 0 0 0 0 0 0 810.91 359.95 813.02 364.78 1.9158 0.4880 0.7507 58.7099 1.8949 -224.2975 -3.0124 -0.0000 -0.0000 369 pedestrian_0020
Pedestrian 0.00 0.99 0 0 0 9 0 0 0 0 895.35 364.84 898.42 373.83 1.3390 0.3253 0.3307 9.4464 2.0650 -87.4352 2.6501 -0.0000 -0.0000 370 pedestrian_0012
Pedestrian 0.00 1.00 0 0 0 0 0 0 0 0 667.66 360.14 670.96 367.77 1.9158 0.4880 0.6524 73.1370 1.9503 -143.9325 -1.5712 -0.0000 -0.0000 371 pedestrian_0015
Pedestrian 1.00 1.00 3 4 5 31 0 1 0 0 -1000.00 -1000.00 -1000.00 -1000.00 1.9158 0.4880 0.4277 -63.0729 1.9505 11.8968 2.9429 -0.0000 -0.0000 372 pedestrian_0007
Pedestrian 1.00 1.00 0 0 0 0 0 0 0 0 -1000.00 -1000.00 -1000.00 -1000.00 1.9158 0.4880 0.6574 -263.2761 1.9531 -112.3570 1.6749 -0.0000 -0.0000 373 pedestrian_0008
Pedestrian 0.00 0.98 1 4 5 25 0 0 0 0 1074.56 360.27 1080.65 376.00 1.9158 0.4880 0.5990 -14.3861 1.9490 -72.2857 -3.0044 -0.0000 -0.0000 374 pedestrian_0020
Pedestrian 0.00 1.00 0 0 0 0 0 0 0 0 841.07 360.11 842.80 366.28 1.9158 0.4880 0.4361 36.7321 1.9504 -176.9235 0.0080 -0.0000 -0.0000 375 pedestrian_0015
Pedestrian 0.00 0.99 2 0 0 9 0 0 0 0 1029.97 365.21 1032.97 374.51 1.3390 0.3253 0.3143 -10.3445 2.0944 -84.7042 1.8917 -0.0000 -0.0000 376 pedestrian_0012
Pedestrian 0.00 1.00 0 0 0 0 0 0 0 0 498.15 360.11 500.52 366.59 1.9158 0.4880 0.4459 136.3254 1.9478 -168.5033 -2.6638 -0.0000 -0.0000 377 pedestrian_0017
Pedestrian 1.00 1.00 0 0 0 0 0 0 0 0 -1000.00 -1000.00 -1000.00 -1000.00 1.9158 0.4880 0.7507 26.0002 1.9180 -37.4271 -2.8536 -0.0000 -0.0000 378 pedestrian_0025
Pedestrian 1.00 1.00 2 0 0 15 0 1 0 0 -1000.00 -1000.00 -1000.00 -1000.00 1.1330 0.4333 0.3333 -73.5647 1.9390 11.3790 -2.6421 -0.0000 -0.0000 379 pedestrian_0009
Pedestrian 0.00 1.00 0 0 0 0 0 0 0 0 23.50 360.44 51.71 396.76 1.9158 0.4880 0.6283 49.2925 1.9398 -34.1055 1.9091 -0.0000 -0.0000 380 pedestrian_0002
Pedestrian 0.00 1.00 0 0 0 0 0 0 0 0 1207.50 361.10 1208.47 363.55 1.3390 0.3253 0.3850 -135.9506 1.9427 -308.3345 -3.1246 -0.0000 -0.0000 381 pedestrian_0013
Pedestrian 0.00 1.00 0 0 0 0 0 0 0 0 660.72 362.49 662.92 366.92 1.3390 0.3253 0.5005 90.3817 2.0943 -172.4836 -3.0451 -0.0000 -0.0000 382 pedestrian_0012
Pedestrian 0.00 1.00 0 0 0 0 0 0 0 0 1567.41 367.22 1576.94 377.59 1.1330 0.4333 0.6035 -67.7788 1.9373 -65.8490 -1.7652 -0.0000 -0.0000 383 pedestrian_0010
Pedestrian 0.00 1.00 0 0 0 0 0 0 0 0 1201.66 361.10 1202.67 363.54 1.3390 0.3253 0.3966 -132.8236 1.9426 -308.4794 -3.0029 -0.0000 -0.0000 384 pedestrian_0013
Pedestrian 1.00 1.00 0 0 0 0 0 0 0 0 -1000.00 -1000.00 -1000.00 -1000.00 1.9158 0.4880 0.4086 -192.0923 1.9174 14.6505 -2.2345 -0.0000 -0.0000 385 pedestrian_0015
Pedestrian 0.00 1.00 0 0 0 0 0 0 0 0 754.75 360.23 760.94 373.33 1.9158 0.4880 0.7507 29.6714 1.9503 -85.8340 0.0802 -0.0000 -0.0000 386 pedestrian_0018
Pedestrian 0.00 1.00 0 0 0 0 0 0 0 0 1183.81 361.10 1184.91 363.54 1.3390 0.3253 0.4633 -122.9691 1.9408 -308.2570 -3.0625 -0.0000 -0.0000 387 pedestrian_0013
Pedestrian 0.00 1.00 0 0 0 0 0 0 0 0 409.14 360.47 413.45 367.11 1.9158 0.4880 0.7507 158.6485 2.0511 -164.7347 0.0657 -0.0000 -0.0000 388 pedestrian_0022
Pedestrian 1.00 1.00 0 0 0 0 0 0 0 0 -1000.00 -1000.00 -1000.00 -1000.00 1.9158 0.4880 0.7507 -262.5349 1.9508 52.3279 1.1768 -0.0000 -0.0000 389 pedestrian_0003
Pedestrian 0.00 1.00 0 0 0 0 0 0 0 0 1613.51 360.10 1616.63 365.09 1.9158 0.4880 0.6108 -251.6774 1.9526 -217.4264 1.7506 -0.0000 -0.0000 390 pedestrian_0021
Pedestrian 1.00 1.00 0 0 0 0 0 0 0 0 -1000.00 -1000.00 -1000.00 -1000.00 1.9158 0.4880 0.7507 -98.1488 2.1028 60.3939 -1.6632 -0.0000 -0.0000 391 pedestrian_0016
Pedestrian 0.00 1.00 0 0 0 0 0 0 0 0 1543.81 360.09 1546.86 364.66 1.9158 0.4880 0.7507 -245.4947 1.9528 -236.9426 1.9425 -0.0000 -0.0000 392 pedestrian_0005
Pedestrian 0.00 1.00 0 0 0 0 0 0 0 0 477.89 332.27 480.26 337.67 1.9158 0.4880 0.4774 173.1546 -8.0513 -204.0381 -1.9719 -0.0000 -0.0000 393 pedestrian_0026
Pedestrian 0.00 0.55 5 3 4 27 8 0 0 0 918.01 361.21 924.97 376.31 1.9158 0.4880 0.7507 4.9186 2.0709 -75.2809 -2.3553 -0.0000 -0.0000 394 pedestrian_0022
Pedestrian 1.00 1.00 0 0 0 0 0 0 0 0 -1000.00 -1000.00 -1000.00 -1000.00 1.1330 0.4333 0.6667 61.6093 -6.4544 105.9851 -3.0092 -0.0000 -0.0000 395 pedestrian_0010
Pedestrian 1.00 1.00 1 0 1 9 0 0 0 0 -1000.00 -1000.00 -1000.00 -1000.00 1.9158 0.4880 0.4469 -66.3010 1.9503 12.7030 2.9339 -0.0000 -0.0000 396 pedestrian_0006
Pedestrian 0.00 1.00 0 0 0 0 0 0 0 0 1170.96 361.63 1172.44 365.26 1.3390 0.3253 0.5005 -78.2489 1.9420 -209.3470 1.6630 -0.0000 -0.0000 397 pedestrian_0012
Pedestrian 0.00 1.00 0 0 0 0 0 0 0 0 957.57 362.53 959.10 366.10 1.1330 0.4333 0.3523 0.5291 1.9391 -181.0060 -2.7605 -0.0000 -0.0000 398 pedestrian_0010
Pedestrian 1.00 1.00 0 0 0 0 0 0 0 0 -1000.00 -1000.00 -1000.00 -1000.00 1.9158 0.4880 0.7507 -134.9386 1.9168 59.6297 0.1202 -0.0000 -0.0000 399 pedestrian_0007
Pedestrian 1.00 1.00 0 0 0 0 0 0 0 0 -1000.00 -1000.00 -1000.00 -1000.00 1.9158 0.4880 0.6437 207.1472 -8.0487 -70.8961 -1.4831 -0.0000 -0.0000 400 pedestrian_0001
Pedestrian 0.00 1.00 0 0 0 0 0 0 0 0 1463.68 360.25 1470.91 374.92 1.9158 0.4880 0.6578 -66.6449 1.9494 -77.2976 -1.9228 -0.0000 -0.0000 401 pedestrian_0016
Pedestrian 1.00 1.00 0 0 0 0 0 0 0 0 -1000.00 -1000.00 -1000.00 -1000.00 1.9158 0.4880 0.5727 -267.6329 1.9509 -68.1077 -1.5298 -0.0000 -0.0000 402 pedestrian_0021
Pedestrian 1.00 1.00 0 0 0 0 0 0 0 0 -1000.00 -1000.00 -1000.00 -1000.00 1.9158 0.4880 0.6081 150.9268 1.9199 -54.7464 -0.0748 -0.0000 -0.0000 403 pedestrian_0006
Pedestrian 1.00 1.00 0 0 0 0 0 0 0 0 -1000.00 -1000.00 -1000.00 -1000.00 1.9158 0.4880 0.7507 -125.3685 1.9147 60.7324 0.1001 -0.0000 -0.0000 404 pedestrian_0023
Pedestrian 0.00 1.00 0 0 0 0 0 0 0 0 762.89 362.31 764.61 365.22 1.1330 0.4333 0.5700 76.6951 2.0359 -221.0844 -1.6690 -0.0000 -0.0000 405 pedestrian_0011
Pedestrian 0.00 0.36 3 2 4 25 2 0 0 0 873.08 361.31 877.17 375.81 1.9158 0.4880 0.5368 11.2633 2.0906 -78.0390 -1.5133 -0.0000 -0.0000 406 pedestrian_0004
Pedestrian 0.00 1.00 0 0 0 0 0 0 0 0 906.92 360.47 908.84 366.62 1.9158 0.4880 0.4428 16.2469 2.0614 -177.2686 2.8392 -0.0000 -0.0000 407 pedestrian_0026
Pedestrian 1.00 1.00 0 0 0 0 0 0 0 0 -1000.00 -1000.00 -1000.00 -1000.00 1.3390 0.3253 0.3767 153.1451 1.8870 -87.4119 -1.4833 -0.0000 -0.0000 408 pedestrian_0013
Pedestrian 0.00 1.00 0 0 0 0 0 0 0 0 1198.95 362.43 1200.74 365.83 1.1330 0.4333 0.3636 -80.1098 1.9445 -189.6070 1.6016 -0.0000 -0.0000 409 pedestrian_0010
Pedestrian 1.00 1.00 0 0 0 0 0 0 0 0 -1000.00 -1000.00 -1000.00 -1000.00 1.9158 0.4880 0.5384 145.1926 1.8945 1.8183 -1.3655 -0.0000 -0.0000 410 pedestrian_0020
Pedestrian 0.00 1.00 0 0 0 0 0 0 0 0 1322.55 360.01 1324.56 364.48 1.9158 0.4880 0.6326 -156.0129 1.9181 -242.3299 2.7804 -0.0000 -0.0000 411 pedestrian_0025
Pedestrian 1.00 1.00 4 10 12 480 0 0 2 1 -1000.00 -1000.00 -1000.00 -1000.00 1.1330 0.4333 0.5233 23.1168 1.9364 23.8898 -2.8712 -0.0000 -0.0000 412 pedestrian_0010
Pedestrian 0.00 1.00 0 0 0 0 0 0 0 0 307.64 361.79 317.90 380.33 1.9158 0.4880 0.4944 67.2317 2.1026 -62.0562 -3.1222 -0.0000 -0.0000 413 pedestrian_0015
Pedestrian 1.00 1.00 0 0 0 0 0 0 0 0 -1000.00 -1000.00 -1000.00 -1000.00 1.1330 0.4333 0.6667 88.5702 1.9387 -54.7963 1.6603 -0.0000 -0.0000 414 pedestrian_0011
Pedestrian 1.00 1.00 780 1152 1775 45775 0 0 0 0 -1000.00 -1000.00 -1000.00 -1000.00 1.9158 0.4880 0.6232 2.6646 2.0502 1.0998 -0.1607 -0.0000 -0.0000 415 pedestrian_0025
Pedestrian 1.00 1.00 0 0 0 0 0 0 0 0 -1000.00 -1000.00 -1000.00 -1000.00 1.1330 0.4333 0.6527 131.1732 -7.3850 91.6392 2.4504 -0.0000 -0.0000 416 pedestrian_0009
Pedestrian 1.00 1.00 0 0 0 0 0 0 0 0 -1000.00 -1000.00 -1000.00 -1000.00 1.9158 0.4880 0.7507 140.3832 -7.5229 83.5421 2.2576 -0.0000 -0.0000 417 pedestrian_0026
Pedestrian 1.00 1.00 0 0 0 0 0 0 0 0 -1000.00 -1000.00 -1000.00 -1000.00 1.9158 0.4880 0.7507 -259.3838 1.9525 -151.4274 -1.4415 -0.0000 -0.0000 418 pedestrian_0019
Pedestrian 0.00 1.00 0 0 0 0 0 0 0 0 777.14 360.13 780.27 367.13 1.9158 0.4880 0.6980 49.6607 1.9503 -156.3040 3.1386 -0.0000 -0.0000 419 pedestrian_0018
Pedestrian 0.00 1.00 0 0 0 0 0 0 0 0 1234.29 360.06 1235.95 363.57 1.9158 0.4880 0.6889 -150.3874 1.9511 -307.4478 3.0214 -0.0000 -0.0000 420 pedestrian_0026
Pedestrian 1.00 1.00 0 0 0 0 0 0 0 0 -1000.00 -1000.00 -1000.00 -1000.00 1.9158 0.4880 0.7507 145.9471 2.0470 -53.4691 2.9860 -0.0000 -0.0000 421 pedestrian_0005
Pedestrian 0.00 1.00 0 0 0 0 0 0 0 0 644.78 360.11 647.69 366.01 1.9158 0.4880 0.7507 102.1179 1.9503 -184.8704 1.4984 -0.0000 -0.0000 422 pedestrian_0021
Pedestrian 0.00 1.00 0 0 0 0 0 0 0 0 180.65 360.12 185.70 367.12 1.9158 0.4880 0.6504 213.2741 1.9500 -156.6503 0.4473 -0.0000 -0.0000 423 pedestrian_0025
Pedestrian 1.00 1.00 0 0 0 0 0 0 0 0 -1000.00 -1000.00 -1000.00 -1000.00 1.9158 0.4880 0.4657 129.4449 1.8951 -49.2043 1.8606 -0.0000 -0.0000 424 pedestrian_0008
Pedestrian 1.00 1.00 0 0 0 0 0 0 0 0 -1000.00 -1000.00 -1000.00 -1000.00 1.9158 0.4880 0.4746 58.0299 1.9503 -0.6633 -1.4400 -0.0000 -0.0000 425 pedestrian_0018
Pedestrian 0.81 1.00 0 0 0 0 0 0 0 0 1918.44 359.98 1920.00 369.00 1.9158 0.4880 0.7507 -205.1526 1.9122 -122.6075 -1.4665 -0.0000 -0.0000 426 pedestrian_0020
Pedestrian 0.00 1.00 0 0 0 0 0 0 0 0 1668.25 362.75 1672.10 368.89 1.3390 0.3253 0.4093 -155.4804 1.9423 -125.8260 1.7002 -0.0000 -0.0000 427 pedestrian_0012
Pedestrian 0.00 1.00 0 0 0 0 0 0 0 0 479.86 363.41 482.26 367.47 1.1330 0.4333 0.3502 134.3119 2.0911 -159.9146 -1.1277 -0.0000 -0.0000 428 pedestrian_0011
Pedestrian 0.00 1.00 0 0 0 0 0 0 0 0 1550.18 360.14 1554.42 367.61 1.9158 0.4880 0.5707 -152.1004 1.9509 -146.8111 1.7508 -0.0000 -0.0000 429 pedestrian_0006
Pedestrian 1.00 1.00 0 0 0 0 0 0 0 0 -1000.00 -1000.00 -1000.00 -1000.00 1.9158 0.4880 0.6031 193.7230 1.9499 -51.7294 0.0875 -0.0000 -0.0000 430 pedestrian_0021
Pedestrian 0.00 1.00 0 0 0 0 0 0 0 0 1802.55 359.99 1809.80 368.53 1.9158 0.4880 0.7507 -190.4398 1.9145 -129.2223 -1.5033 -0.0000 -0.0000 431 pedestrian_0026
Pedestrian 1.00 1.00 0 0 0 0 0 0 0 0 -1000.00 -1000.00 -1000.00 -1000.00 1.9158 0.4880 0.7507 162.5684 -7.9948 23.4499 -1.4818 -0.0000 -0.0000 432 pedestrian_0026
Pedestrian 0.00 1.00 0 0 0 3 0 0 0 0 1091.81 360.04 1094.47 368.14 1.9158 0.4880 0.4919 -31.5486 1.9257 -135.8167 0.0617 -0.0000 -0.0000 433 pedestrian_0002
Pedestrian 0.00 1.00 0 0 0 0 0 0 0 0 843.33 360.11 845.00 366.26 1.9158 0.4880 0.4879 36.1297 1.9504 -177.3552 -2.9811 -0.0000 -0.0000 434 pedestrian_0001
Pedestrian 0.00 1.00 0 0 0 0 0 0 0 0 250.59 327.43 253.89 333.76 1.9158 0.4880 0.4180 216.8885 -8.0522 -174.3291 1.5360 -0.0000 -0.0000 435 pedestrian_0022
Pedestrian 0.00 1.00 0 0 0 0 0 0 0 0 174.31 360.41 188.93 383.50 1.9158 0.4880 0.5144 65.0144 1.9502 -50.7776 -1.3857 -0.0000 -0.0000 436 pedestrian_0005
Pedestrian 0.00 1.00 0 0 0 0 0 0 0 0 1876.65 363.23 1882.19 370.64 1.3390 0.3253 0.5005 -166.6910 1.9261 -104.9678 -3.0756 -0.0000 -0.0000 437 pedestrian_0013
Pedestrian 0.00 1.00 0 0 0 0 0 0 0 0 1569.54 361.99 1572.39 364.79 1.1330 0.4333 0.6667 -248.1397 1.9409 -229.5894 -1.2050 -0.0000 -0.0000 438 pedestrian_0011
Pedestrian 1.00 1.00 0 0 0 0 0 0 0 0 -1000.00 -1000.00 -1000.00 -1000.00 1.9158 0.4880 0.7507 -150.5698 1.9176 56.5475 -2.8784 -0.0000 -0.0000 439 pedestrian_0006
Pedestrian 1.00 1.00 0 0 0 0 0 0 0 0 -1000.00 -1000.00 -1000.00 -1000.00 1.3390 0.3253 0.4685 112.0077 -6.9673 140.4291 2.9386 -0.0000 -0.0000 440 pedestrian_0014
Pedestrian 1.00 1.00 0 0 0 0 0 0 0 0 -1000.00 -1000.00 -1000.00 -1000.00 1.9158 0.4880 0.4786 -92.6761 1.9510 -33.7442 -1.6432 -0.0000 -0.0000 441 pedestrian_0025
Pedestrian 1.00 1.00 0 0 0 0 0 0 0 0 -1000.00 -1000.00 -1000.00 -1000.00 1.9158 0.4880 0.4849 -266.9159 1.9508 44.8728 -1.9932 -0.0000 -0.0000 442 pedestrian_0003
Pedestrian 1.00 1.00 0 3 5 13 0 0 0 0 -1000.00 -1000.00 -1000.00 -1000.00 1.9158 0.4880 0.7507 124.9202 2.0469 32.4375 -2.9413 -0.0000 -0.0000 443 pedestrian_0024
Pedestrian 0.00 1.00 0 0 0 0 0 0 0 0 836.46 360.22 840.28 373.04 1.9158 0.4880 0.5114 18.2467 1.9495 -87.6331 0.1115 -0.0000 -0.0000 444 pedestrian_0007
Pedestrian 0.00 1.00 0 0 0 0 0 0 0 0 1664.36 360.27 1670.74 374.85 1.9158 0.4880 0.4056 -93.3822 1.9521 -77.6324 0.7441 -0.0000 -0.0000 445 pedestrian_0023
Pedestrian 1.00 1.00 0 0 0 0 0 0 0 0 -1000.00 -1000.00 -1000.00 -1000.00 1.9158 0.4880 0.6343 -244.5216 1.9507 81.0250 -2.2394 -0.0000 -0.0000 446 pedestrian_0026
Pedestrian 0.00 1.00 0 0 0 0 0 0 0 0 249.43 323.33 254.31 328.00 1.1330 0.4333 0.6304 177.9698 -8.0614 -143.7787 1.6642 -0.0000 -0.0000 447 pedestrian_0009
Pedestrian 0.00 1.00 0 0 0 0 0 0 0 0 850.66 339.60 852.44 343.88 1.9158 0.4880 0.7507 49.0667 -7.3018 -255.2480 0.0964 -0.0000 -0.0000 448 pedestrian_0015
Pedestrian 1.00 1.00 0 0 0 0 0 0 0 0 -1000.00 -1000.00 -1000.00 -1000.00 1.9158 0.4880 0.3801 155.9223 1.9500 -73.6515 -2.2906 -0.0000 -0.0000 449 pedestrian_0017
Pedestrian 0.00 1.00 0 0 0 0 0 0 0 0 243.36 360.38 257.19 383.08 1.9158 0.4880 0.6575 60.4075 1.9482 -51.6590 0.7538 -0.0000 -0.0000 450 pedestrian_0023
Pedestrian 1.00 1.00 0 0 0 3 0 0 0 0 -1000.00 -1000.00 -1000.00 -1000.00 1.9158 0.4880 0.7507 -96.4407 1.9501 18.1350 -1.4406 -0.0000 -0.0000 451 pedestrian_0001
Pedestrian 0.00 1.00 0 0 0 0 0 0 0 0 1905.70 359.98 1913.20 368.85 1.9158 0.4880 0.6666 -205.6854 1.9122 -124.5537 -1.5516 -0.0000 -0.0000 452 pedestrian_0017
Pedestrian 0.00 1.00 0 0 0 0 0 0 0 0 1792.31 365.69 1801.23 373.77 1.1330 0.4333 0.6364 -118.2263 1.9392 -82.7915 -3.0881 -0.0000 -0.0000 453 pedestrian_0011
Pedestrian 0.00 1.00 0 0 0 0 0 0 0 0 1307.85 360.07 1309.33 363.68 1.9158 0.4880 0.5675 -185.1209 1.9535 -298.8229 -0.3345 -0.0000 -0.0000 454 pedestrian_0018
Pedestrian 1.00 1.00 0 0 0 0 0 0 0 0 -1000.00 -1000.00 -1000.00 -1000.00 1.9158 0.4880 0.6950 144.4724 2.0519 -53.7377 3.0428 -0.0000 -0.0000 455 pedestrian_0021
Pedestrian 1.00 1.00 0 0 0 0 0 0 0 0 -1000.00 -1000.00 -1000.00 -1000.00 1.9158 0.4880 0.5028 168.2420 1.9513 -55.0413 -3.1182 -0.0000 -0.0000 456 pedestrian_0007
Pedestrian 0.00 0.98 1 1 4 17 0 0 0 0 915.68 361.06 920.07 374.24 1.9158 0.4880 0.4226 6.1518 2.0715 -85.4194 2.2240 -0.0000 -0.0000 457 pedestrian_0021
Pedestrian 1.00 1.00 0 0 0 0 0 0 0 0 -1000.00 -1000.00 -1000.00 -1000.00 1.9158 0.4880 0.6560 107.2847 -7.0095 104.4368 -0.2586 -0.0000 -0.0000 458 pedestrian_0019
Pedestrian 1.00 1.00 0 0 0 0 0 0 0 0 -1000.00 -1000.00 -1000.00 -1000.00 1.1330 0.4333 0.5452 -92.8674 1.9389 128.7107 0.0710 -0.0000 -0.0000 459 pedestrian_0009
Pedestrian 1.00 1.00 0 0 0 0 0 0 0 0 -1000.00 -1000.00 -1000.00 -1000.00 1.9158 0.4880 0.6523 -100.2793 1.9503 128.2301 0.0615 -0.0000 -0.0000 460 pedestrian_0004
Pedestrian 1.00 1.00 0 0 0 0 0 0 0 0 -1000.00 -1000.00 -1000.00 -1000.00 1.3390 0.3253 0.4050 -99.8996 1.9416 37.6045 -1.4344 -0.0000 -0.0000 461 pedestrian_0012
Pedestrian 0.00 1.00 0 0 0 0 0 0 0 0 1840.34 360.35 1853.96 379.40 1.9158 0.4880 0.6073 -89.8022 1.9514 -60.5872 -1.3330 -0.0000 -0.0000 462 pedestrian_0006
Pedestrian 0.00 1.00 0 0 0 0 0 0 0 0 1477.45 366.25 1483.58 375.14 1.1330 0.4333 0.4589 -66.9949 1.9402 -75.8185 0.4280 -0.0000 -0.0000 463 pedestrian_0009
Pedestrian 0.00 1.00 0 0 0 0 0 0 0 0 759.95 361.52 761.02 365.24 1.3390 0.3253 0.3197 71.9122 1.8865 -204.2523 0.1992 -0.0000 -0.0000 464 pedestrian_0014
Pedestrian 0.00 1.00 0 0 0 0 0 0 0 0 1050.91 362.51 1053.18 366.06 1.1330 0.4333 0.6282 -29.5155 1.9394 -182.2128 0.1028 -0.0000 -0.0000 465 pedestrian_0010
Pedestrian 1.00 1.00 0 0 0 0 0 0 0 0 -1000.00 -1000.00 -1000.00 -1000.00 1.9158 0.4880 0.7169 22.5295 1.8998 54.9437 0.2710 -0.0000 -0.0000 466 pedestrian_0017
Pedestrian 1.00 1.00 3 3 4 26 0 3 0 0 -1000.00 -1000.00 -1000.00 -1000.00 1.9158 0.4880 0.4792 -75.2229 2.1028 1.4322 2.0420 -0.0000 -0.0000 467 pedestrian_0004
Pedestrian 1.00 1.00 16 17 24 91 0 9 0 0 -1000.00 -1000.00 -1000.00 -1000.00 1.9158 0.4880 0.4567 -15.7301 1.8948 -3.3119 -2.3854 -0.0000 -0.0000 468 pedestrian_0021
Pedestrian 0.00 1.00 0 0 0 0 0 0 0 0 316.14 362.56 319.94 368.85 1.3390 0.3253 0.4406 137.0635 1.8862 -122.8194 -1.3920 -0.0000 -0.0000 469 pedestrian_0013
Pedestrian 1.00 1.00 0 1 0 2 0 0 0 0 -1000.00 -1000.00 -1000.00 -1000.00 1.9158 0.4880 0.7507 188.6834 1.9498 35.0579 3.1299 -0.0000 -0.0000 470 pedestrian_0001
Pedestrian 1.00 1.00 0 0 0 0 0 0 0 0 -1000.00 -1000.00 -1000.00 -1000.00 1.9158 0.4880 0.5150 101.6546 1.9499 -60.1219 -2.7601 -0.0000 -0.0000 471 pedestrian_0015
Pedestrian 1.00 1.00 0 0 0 0 0 0 0 0 -1000.00 -1000.00 -1000.00 -1000.00 1.9158 0.4880 0.7507 -141.1002 1.9498 124.1270 -3.0217 -0.0000 -0.0000 472 pedestrian_0024
Pedestrian 0.00 1.00 0 0 0 0 0 0 0 0 1038.13 361.88 1039.41 366.06 1.3390 0.3253 0.3365 -25.2893 1.9439 -182.4232 0.1019 -0.0000 -0.0000 473 pedestrian_0013
Pedestrian 0.00 1.00 0 0 0 0 0 0 0 0 1426.08 360.07 1428.17 364.06 1.9158 0.4880 0.6814 -224.8100 1.9510 -271.2255 2.2291 -0.0000 -0.0000 474 pedestrian_0018
Pedestrian 0.00 1.00 0 0 0 0 0 0 0 0 1098.39 361.46 1099.41 364.72 1.3390 0.3253 0.3186 -57.2553 1.9425 -232.9476 -1.4936 -0.0000 -0.0000 475 pedestrian_0012
Pedestrian 0.87 0.00 484 517 839 29568 37 0 0 0 1748.17 494.30 1926.11 729.70 1.9158 0.4880 0.5203 -1.6757 2.0472 -5.4385 -0.4075 -0.0000 -0.0000 476 pedestrian_0026
Pedestrian 0.00 1.00 0 0 0 0 0 0 0 0 1202.67 360.06 1204.05 363.55 1.9158 0.4880 0.5400 -133.6813 1.9510 -308.9466 -3.1185 -0.0000 -0.0000 477 pedestrian_0016
Pedestrian 1.00 1.00 28 41 70 315 0 0 0 17 -1000.00 -1000.00 -1000.00 -1000.00 1.9158 0.4880 0.7507 22.7920 1.9502 1.4680 -3.0827 -0.0000 -0.0000 478 pedestrian_0006
Pedestrian 0.00 1.00 0 0 0 0 0 0 0 0 1400.46 360.07 1402.03 363.96 1.9158 0.4880 0.5912 -217.6561 1.9516 -277.8807 2.4370 -0.0000 -0.0000 479 pedestrian_0001
Pedestrian 1.00 1.00 0 0 0 0 0 0 0 0 -1000.00 -1000.00 -1000.00 -1000.00 1.9158 0.4880 0.7507 128.1463 1.8946 -26.1625 -1.4696 -0.0000 -0.0000 480 pedestrian_0021
Car 0.00 1.00 0 0 0 0 0 0 0 0 840.20 361.13 849.97 368.06 1.6980 1.9434 4.1871 28.7405 1.9854 -143.1954 -1.4775 -0.0000 -0.0000 481 citroen_c3
Car 0.00 1.00 0 0 0 0 0 0 0 0 830.67 359.91 841.78 368.61 1.9718 2.0005 4.0595 28.4848 1.9508 -132.1304 -1.4775 -0.0000 -0.0000 482 jeep_wrangler_rubicon
Car 0.00 1.00 0 0 0 0 0 0 0 0 708.15 360.06 722.41 368.27 1.9718 2.0005 4.0595 59.6770 1.9858 -139.7018 1.6641 -0.0000 -0.0000 483 jeep_wrangler_rubicon
Car 0.00 1.00 0 0 0 0 0 0 0 0 843.86 359.91 854.51 368.59 1.9718 2.0005 4.0595 25.5565 1.9508 -132.4044 -1.4775 -0.0000 -0.0000 484 jeep_wrangler_rubicon
Car 0.00 1.00 0 0 0 0 0 0 0 0 1190.96 360.10 1213.33 369.13 1.9718 2.0005 4.0595 -53.3802 1.9933 -126.7009 0.0933 -0.0000 -0.0000 485 nissan_patrol
Car 0.00 1.00 0 0 0 0 0 0 0 0 1184.60 362.07 1206.26 369.04 1.5488 2.0688 3.9961 -53.1245 2.0210 -129.5848 -3.0483 -0.0000 -0.0000 486 nissan_patrol
Car 0.00 1.00 0 0 0 0 0 0 0 0 1199.66 362.60 1234.27 370.62 1.4855 2.1349 -5.6254 -48.5602 1.9829 -109.2754 -3.0483 -0.0000 -0.0000 487 nissan_patrol
Car 0.00 1.00 0 0 0 0 0 0 0 0 1163.64 361.56 1184.74 369.06 1.6244 1.8781 -3.8906 -46.9853 1.9691 -126.1014 0.0933 -0.0000 -0.0000 488 nissan_patrol
Car 0.00 1.00 0 0 0 0 0 0 0 0 1124.11 361.68 1156.23 371.81 1.7506 2.3538 -4.8416 -31.6910 2.0498 -102.0550 0.0933 -0.0000 -0.0000 489 nissan_patrol
Car 0.00 0.75 9 9 18 80 4 0 0 0 1099.20 360.10 1122.33 369.99 1.9718 2.0005 -4.0595 -30.3979 1.9932 -116.2944 -3.0483 -0.0000 -0.0000 490 nissan_patrol
Car 0.00 1.00 0 0 0 0 0 0 0 0 1251.70 360.17 1284.33 371.12 1.9476 2.0282 4.8347 -55.4362 1.9783 -104.2770 -3.0483 -0.0000 -0.0000 491 nissan_patrol
Car 0.00 1.00 0 0 0 0 0 0 0 0 1244.44 360.11 1271.95 370.88 1.9718 2.0005 4.0595 -55.2239 1.9933 -107.1640 -3.0483 -0.0000 -0.0000 492 nissan_patrol
Car 0.00 1.00 0 0 0 0 0 0 0 0 1154.96 361.87 1180.26 370.92 1.6244 1.8781 3.8906 -37.8368 1.9690 -105.5379 0.0933 -0.0000 -0.0000 493 nissan_patrol
Car 0.00 1.00 0 0 0 0 0 0 0 0 1148.06 362.49 1173.61 370.92 1.5488 2.0688 3.9961 -37.5818 2.0210 -108.2498 -3.0483 -0.0000 -0.0000 494 nissan_patrol
Car 0.00 1.00 0 0 0 0 0 0 0 0 1127.87 359.20 1154.74 369.88 2.1397 2.1728 4.7017 -36.7497 1.9798 -116.8899 -3.0483 -0.0000 -0.0000 495 nissan_patrol
Car 0.00 1.00 0 0 0 0 0 0 0 0 1112.68 360.14 1137.83 369.19 1.9476 2.0282 4.8347 -35.9363 1.9783 -125.0672 -3.0483 -0.0000 -0.0000 496 nissan_patrol
Car 0.00 1.00 0 0 0 0 0 0 0 0 1109.94 362.05 1130.98 368.92 1.5100 1.8730 4.1000 -35.7335 1.9700 -127.9573 -3.0483 -0.0000 -0.0000 497 nissan_patrol
Car 0.00 0.84 3 8 14 52 1 0 0 0 1061.36 362.39 1084.51 370.48 1.5488 2.0688 3.9961 -22.0130 2.0210 -112.6030 0.0933 -0.0000 -0.0000 498 nissan_patrol
Car 0.00 0.98 1 0 1 5 0 0 0 0 1057.31 362.27 1080.01 369.94 1.5100 1.8730 4.1000 -21.7472 1.9699 -115.4859 0.0933 -0.0000 -0.0000 499 nissan_patrol
Car 0.00 0.99 0 0 0 2 0 0 0 0 1051.76 360.15 1077.60 369.75 1.9476 2.0282 4.8347 -21.4500 1.9782 -118.1532 -3.0483 -0.0000 -0.0000 500 nissan_patrol
Car 0.00 0.40 39 31 46 193 16 0 0 0 1041.51 359.07 1071.38 371.57 2.1397 2.1728 -4.7017 -16.7114 1.9798 -100.6532 -3.0483 -0.0000 -0.0000 501 nissan_patrol
Car 0.00 0.95 2 1 8 17 0 0 0 0 1037.02 360.17 1066.47 371.21 1.9476 2.0282 -4.8347 -16.3751 1.9782 -103.5296 0.0933 -0.0000 -0.0000 502 nissan_patrol
Car 0.00 0.77 19 12 21 74 5 0 0 0 1020.98 361.63 1041.25 369.50 1.6244 1.8781 -3.8906 -14.8649 1.9690 -120.4448 -3.0483 -0.0000 -0.0000 503 nissan_patrol
Car 0.00 0.91 0 4 3 29 1 0 0 0 1016.21 361.38 1040.86 369.69 1.7506 2.3538 -4.8416 -14.6432 2.0498 -123.0747 -3.0483 -0.0000 -0.0000 504 nissan_patrol
Car 0.00 1.00 0 0 0 0 0 0 0 0 821.72 359.98 832.76 367.89 1.9476 2.0282 4.8347 33.2615 1.9417 -143.4440 1.6641 -0.0000 -0.0000 505 nissan_patrol
Car 0.00 1.00 0 0 0 0 0 0 0 0 719.62 361.68 733.60 368.19 1.5475 1.9070 4.4025 56.8529 1.9632 -139.5631 1.6641 -0.0000 -0.0000 506 seat_leon
Car 0.00 1.00 0 0 0 0 0 0 0 0 780.74 357.58 796.74 368.20 2.5908 2.7453 5.4640 42.6073 2.0002 -142.5059 1.6641 -0.0000 -0.0000 507 carlamotors_carlacola
Car 0.00 1.00 0 0 0 0 0 0 0 0 440.35 357.70 469.72 368.18 2.5908 2.7453 5.4640 127.3771 2.0214 -144.3738 -1.4775 -0.0000 -0.0000 508 carlamotors_carlacola
Car 0.00 1.00 0 0 0 0 0 0 0 0 425.03 357.69 455.08 368.19 2.5908 2.7453 5.4640 130.8505 2.0214 -144.0488 -1.4775 -0.0000 -0.0000 509 carlamotors_carlacola
Car 0.00 1.00 0 0 0 0 0 0 0 0 328.37 356.53 371.71 369.54 2.5908 2.7453 5.4640 123.1164 1.8993 -116.4104 -3.0483 -0.0000 -0.0000 510 carlamotors_carlacola
Car 0.00 1.00 0 0 0 0 0 0 0 0 798.82 357.59 814.04 368.18 2.5908 2.7453 5.4640 38.3151 2.0002 -142.9076 1.6641 -0.0000 -0.0000 511 carlamotors_carlacola
Car 1.00 1.00 0 0 0 0 0 0 0 0 -1000.00 -1000.00 -1000.00 -1000.00 2.2031 2.5091 6.5872 56.0432 2.0111 -30.6043 1.1405 -0.0000 -0.0000 512 tesla_cybertruck