Car 1.00 1.00 0 0 0 0 0 0 0 0 -1000.00 -1000.00 -1000.00 -1000.00 1.5542 2.3421 5.1370 -74.6687 -10.0603 119.8781 -2.5353 -0.0151 0.0163 0 lincoln2020_mkz2020
Car 1.00 1.00 6775 237617 381080 0 0 0 0 0 -1000.00 -1000.00 -1000.00 -1000.00 2.1397 2.1728 4.7045 -0.0005 2.0932 -2.2389 1.5708 0.0000 0.0000 1 volkswagen_t2
Motorcycle 1.00 1.00 0 0 0 0 0 0 0 0 -1000.00 -1000.00 -1000.00 -1000.00 1.6960 1.0692 2.4735 117.9468 -10.6843 124.0376 0.0302 -0.0177 -0.0042 2 harley_davidson_low_rider
Motorcycle 1.00 1.00 0 0 0 0 0 0 0 0 -1000.00 -1000.00 -1000.00 -1000.00 1.6960 1.0692 2.4735 297.6495 5.1623 -150.3281 1.5820 -0.0176 -0.0005 3 harley_davidson_low_rider
Car 1.00 1.00 0 0 0 0 0 0 0 0 -1000.00 -1000.00 -1000.00 -1000.00 1.6320 2.1403 5.2230 81.0652 1.2053 38.1437 -1.5584 -0.0258 -0.0003 4 dodge_charger_police
Car 1.00 1.00 0 0 0 0 0 0 0 0 -1000.00 -1000.00 -1000.00 -1000.00 1.5542 2.3421 5.1370 -91.7047 -8.6952 76.7144 1.0467 -0.0347 -0.0086 5 lincoln2020_mkz2020
Car 0.00 1.00 0 0 0 0 0 0 0 0 998.14 373.21 1006.53 375.95 1.4546 2.0938 4.3903 -22.8714 8.5966 -303.8423 3.0002 -0.0215 -0.0028 6 audi_tt
Car 1.00 1.00 0 0 0 0 0 0 0 0 -1000.00 -1000.00 -1000.00 -1000.00 1.4477 1.5550 2.3177 116.8640 3.0914 -52.9659 -3.1149 -0.0272 -0.0003 7 bmw_isetta
Car 0.00 1.00 0 0 0 0 0 0 0 0 1108.26 372.80 1120.27 376.52 1.7173 2.2591 5.2781 -74.8539 7.9707 -273.4950 2.2457 -0.0287 -0.0176 8 mercedes_benz_coupe
Car 1.00 1.00 0 0 0 0 0 0 0 0 -1000.00 -1000.00 -1000.00 -1000.00 1.4812 2.1349 5.6254 -60.0416 2.1584 -6.7193 1.5416 -0.0215 -0.0003 9 chevrolet_impala
Car 1.00 1.00 0 0 0 0 0 0 0 0 -1000.00 -1000.00 -1000.00 -1000.00 1.6115 2.2019 5.2564 83.2184 0.1708 84.2660 0.6949 -0.0209 0.0025 10 charger2020_charger2020
Car 1.00 1.00 1 2 3 62 0 0 0 2 -1000.00 -1000.00 -1000.00 -1000.00 2.2031 2.5091 6.5872 114.7998 1.4931 24.3259 -3.1196 -0.0215 -0.0003 11 tesla_cybertruck
Car 0.00 0.45 0 4 8 27 2 0 0 0 929.12 373.83 940.52 378.92 1.5140 2.1024 4.9073 7.8883 5.8617 -177.6522 1.9398 -0.0210 -0.0058 12 mercedesccc_mercedesccc
Car 1.00 1.00 0 0 0 0 0 0 0 0 -1000.00 -1000.00 -1000.00 -1000.00 1.6980 1.9434 4.1871 172.1773 1.1730 37.9660 -1.5605 -0.0215 -0.0003 13 citroen_c3
Car 1.00 1.00 0 0 0 0 0 0 0 0 -1000.00 -1000.00 -1000.00 -1000.00 1.4812 2.1349 5.6254 82.2613 2.8660 -39.3091 -1.5549 -0.0215 -0.0003 14 chevrolet_impala
Car 1.00 1.00 0 0 0 0 0 0 0 0 -1000.00 -1000.00 -1000.00 -1000.00 1.6320 2.1403 5.2230 172.0304 1.0489 43.9408 -1.6035 -0.0259 -0.0003 15 dodge_charger_police
Car 1.00 1.00 0 0 0 0 0 0 0 0 -1000.00 -1000.00 -1000.00 -1000.00 1.5863 2.2347 5.1468 183.6568 3.1531 -55.7720 1.5846 -0.0235 -0.0032 16 lincoln_mkz2017
Car 1.00 1.00 0 0 1 0 0 0 0 0 -1000.00 -1000.00 -1000.00 -1000.00 1.7318 2.1344 5.0985 -60.3885 -9.8491 108.3749 0.5449 -0.0305 -0.0043 17 audi_etron
Car 1.00 1.00 0 0 0 0 0 0 0 0 -1000.00 -1000.00 -1000.00 -1000.00 1.7506 2.3538 4.8416 183.7608 3.3178 -63.1181 1.5832 -0.0214 -0.0025 18 bmw_grandtourer
Car 1.00 1.00 17 13 26 155 0 0 0 10 -1000.00 -1000.00 -1000.00 -1000.00 1.5765 1.9374 3.8150 68.3399 1.7272 12.8072 0.0192 -0.0186 -0.0004 19 nissan_micra
Motorcycle 1.00 1.00 0 0 0 0 0 0 0 0 -1000.00 -1000.00 -1000.00 -1000.00 1.6960 1.0692 2.4735 180.6957 3.2224 -58.8827 0.0236 -0.0226 -0.0004 20 harley_davidson_low_rider
Car 1.00 1.00 0 0 0 0 0 0 0 0 -1000.00 -1000.00 -1000.00 -1000.00 1.5765 1.9374 3.8150 183.9784 3.7196 -81.5539 1.5947 -0.0214 -0.0004 21 nissan_micra
Car 1.00 1.00 0 0 0 0 0 0 0 0 -1000.00 -1000.00 -1000.00 -1000.00 1.7203 2.2019 5.4994 22.3024 0.2026 82.6139 -3.0982 -0.0214 0.0003 22 chargercop2020_chargercop2020
Car 0.00 0.58 18 18 36 243 3 0 0 0 737.35 377.26 789.78 393.71 1.5475 1.9070 4.4025 19.0266 3.2336 -58.2765 -3.1414 -0.0214 -0.0003 23 seat_leon
Car 1.00 1.00 0 0 0 0 0 0 0 0 -1000.00 -1000.00 -1000.00 -1000.00 1.3660 1.9896 4.9534 281.3903 -9.5673 69.4326 1.9459 -0.0214 0.0009 24 mustang_mustang
Cyclist 0.00 1.00 0 0 0 2 0 0 0 0 1002.95 372.56 1010.32 380.62 1.9709 0.6705 1.7250 -11.4727 5.0642 -140.8459 0.0605 -0.0158 -0.0004 25 diamondback_century
Cyclist 0.00 1.00 0 0 0 1 0 0 0 0 981.06 373.54 984.68 380.71 1.7065 0.8593 1.4873 -5.4941 4.9633 -137.6634 -1.6056 -0.0201 -0.0004 26 bh_crossbike
Car 0.00 1.00 0 0 0 0 0 0 0 0 715.08 371.78 730.67 377.97 2.1397 2.1728 4.7045 83.7230 6.3304 -200.1731 -2.0523 -0.0118 -0.0202 27 volkswagen_t2
Car 0.00 1.00 0 0 0 0 0 0 0 0 1059.09 372.28 1068.92 377.10 1.9718 2.0005 4.0595 -43.0703 7.0602 -234.0503 -1.1329 -0.0222 0.0006 28 jeep_wrangler_rubicon
Car 1.00 1.00 25 29 50 366 0 0 144 0 -1000.00 -1000.00 -1000.00 -1000.00 1.5627 2.2716 5.0314 -0.8835 0.7184 61.6790 1.6164 -0.0215 -0.0003 29 tesla_model3
Car 0.00 1.00 0 0 0 0 0 0 0 0 170.27 373.47 208.35 381.88 1.4546 2.0938 4.3903 171.2554 4.6621 -127.5810 -1.9075 -0.0215 -0.1041 30 audi_tt
Car 1.00 1.00 0 0 0 0 0 0 0 0 -1000.00 -1000.00 -1000.00 -1000.00 1.5488 2.0688 3.9961 35.4737 0.1901 82.8105 -3.1282 -0.0215 -0.0003 31 mini_cooperst
Car 0.00 1.00 0 0 0 0 0 0 0 0 289.73 376.04 346.25 391.48 1.6011 2.1072 4.7392 69.4832 3.3500 -64.4676 -0.2578 -0.0211 -0.0003 32 toyota_prius
Car 0.00 1.00 0 0 0 0 0 0 0 0 733.97 371.88 748.77 377.66 2.1397 2.1728 4.7045 81.4788 6.5693 -211.0617 0.1005 -0.0217 -0.0004 33 volkswagen_t2
Car 1.00 1.00 0 0 0 0 0 0 0 0 -1000.00 -1000.00 -1000.00 -1000.00 1.6011 2.1072 4.7392 294.1158 5.3663 -159.1634 1.5896 -0.0219 -0.0004 34 toyota_prius
Car 1.00 1.00 107 118 186 6296 0 0 15 13 -1000.00 -1000.00 -1000.00 -1000.00 1.3660 1.9896 4.9534 23.3257 1.5512 22.3183 -3.1184 -0.0215 -0.0003 35 mustang_mustang
Car 1.00 1.00 68 82 126 1026 0 0 40 0 -1000.00 -1000.00 -1000.00 -1000.00 1.6011 2.1072 4.7392 -3.9224 1.1809 40.0599 -1.5611 -0.0215 -0.0004 36 toyota_prius
Car 0.13 1.00 0 0 0 0 0 0 0 0 0.00 375.02 91.10 393.58 1.7506 2.3538 4.8416 91.6813 3.2603 -59.7322 -2.6176 -0.0216 0.0000 37 bmw_grandtourer
Car 1.00 1.00 0 0 0 0 0 0 0 0 -1000.00 -1000.00 -1000.00 -1000.00 2.2031 2.5091 6.5872 176.5858 2.8653 -40.4119 -1.5647 -0.0215 -0.0003 38 tesla_cybertruck
Motorcycle 1.00 1.00 10 12 24 92 0 2 0 0 -1000.00 -1000.00 -1000.00 -1000.00 1.6387 1.2138 2.3199 -51.7901 1.7378 15.0929 -0.3362 -0.0186 -0.0653 39 yamaha_yzf
Car 0.00 0.97 0 14 21 85 3 0 0 0 868.97 372.66 890.97 381.10 1.9476 2.0282 4.8347 18.6243 4.8988 -133.5894 -3.1354 -0.0219 -0.0003 40 nissan_patrol
Car 1.00 1.00 0 0 0 0 0 0 0 0 -1000.00 -1000.00 -1000.00 -1000.00 1.6115 2.2019 5.2564 97.7532 3.1926 -57.0773 -3.0383 -0.0136 0.0005 41 charger2020_charger2020
Car 1.00 1.00 0 6 6 32 0 0 0 2 -1000.00 -1000.00 -1000.00 -1000.00 1.6115 2.2019 5.2564 222.0105 1.2233 32.2246 -1.6930 -0.0160 0.0032 42 charger2020_charger2020
Motorcycle 1.00 1.00 0 0 0 13 0 0 0 0 -1000.00 -1000.00 -1000.00 -1000.00 1.6649 1.0692 2.4735 67.8533 1.6583 16.1240 0.0267 -0.0185 -0.0003 43 harley_davidson_low_rider
Car 0.00 1.00 0 0 0 0 0 0 0 0 114.50 374.05 150.20 380.66 1.5542 2.3421 5.1370 197.8953 4.9206 -137.0126 3.1149 -0.0215 -0.0003 44 lincoln2020_mkz2020
Motorcycle 1.00 1.00 72 65 102 4029 0 0 15 12 -1000.00 -1000.00 -1000.00 -1000.00 1.6960 1.0692 2.4735 17.8435 1.5460 22.1661 -3.1211 -0.0188 -0.0003 45 harley_davidson_low_rider
Cyclist 1.00 1.00 2 1 2 6 0 0 0 0 -1000.00 -1000.00 -1000.00 -1000.00 1.9310 0.5921 1.9272 107.6740 1.5354 20.7416 -3.1356 -0.0256 -0.0003 46 gazelle_omafiets
Car 1.00 1.00 3134 3433 5518 217778 0 0 1792 0 -1000.00 -1000.00 -1000.00 -1000.00 1.7318 2.1344 5.0985 -0.0696 1.9623 4.4102 1.5474 -0.0248 -0.0003 47 audi_etron
Car 1.00 1.00 0 0 0 0 0 0 0 0 -1000.00 -1000.00 -1000.00 -1000.00 1.9476 2.0282 4.8347 73.3381 0.3151 76.2523 -0.0428 -0.0178 -0.0042 48 nissan_patrol
Car 1.00 1.00 10 7 15 101 0 14 0 0 -1000.00 -1000.00 -1000.00 -1000.00 1.7203 2.2019 5.4994 -56.2824 2.0583 -2.3123 1.5703 -0.0216 0.0003 49 chargercop2020_chargercop2020
Car 0.00 1.00 0 0 0 0 0 0 0 0 695.09 373.21 706.82 377.65 1.6244 1.8781 3.8906 95.8644 6.5175 -209.6094 -2.7181 -0.0221 -0.0015 50 audi_a2
Car 1.00 1.00 0 0 0 0 0 0 0 0 -1000.00 -1000.00 -1000.00 -1000.00 1.5863 2.2347 5.1468 184.0582 3.5965 -75.1636 1.5916 -0.0217 -0.0003 51 lincoln_mkz2017
Cyclist 0.00 1.00 0 0 0 0 0 0 0 0 729.56 372.23 732.11 377.36 1.9709 0.6705 1.7250 88.6321 6.7026 -218.8162 -1.0442 -0.0208 0.0004 52 diamondback_century
Cyclist 0.00 1.00 0 0 0 0 0 0 0 0 151.20 373.02 179.14 393.31 1.9311 0.5921 1.9272 76.2550 3.1823 -57.6278 3.0614 -0.0312 -0.0008 53 gazelle_omafiets
Car 1.00 1.00 5 5 7 98 0 0 2 0 -1000.00 -1000.00 -1000.00 -1000.00 1.7173 2.2591 5.2781 13.0037 0.1440 86.0645 -3.1304 -0.0286 -0.0006 54 mercedes_benz_coupe
Car 1.00 1.00 0 1 2 4 0 0 0 0 -1000.00 -1000.00 -1000.00 -1000.00 1.5542 2.3421 5.1370 198.7133 1.5078 21.5034 -3.1034 -0.0215 -0.0004 55 lincoln2020_mkz2020
Car 1.00 1.00 0 0 0 0 0 0 0 0 -1000.00 -1000.00 -1000.00 -1000.00 1.7506 2.3538 4.8416 230.3242 2.0722 -7.8347 1.5879 -0.0248 -0.0003 56 bmw_grandtourer
Car 1.00 1.00 67 80 123 8095 0 0 19 15 -1000.00 -1000.00 -1000.00 -1000.00 1.4546 2.0938 4.3903 31.7632 1.6295 18.9114 -3.1295 -0.0215 -0.0003 57 audi_tt
Car 0.00 1.00 0 0 0 0 0 0 0 0 701.02 373.04 713.83 378.00 1.7173 2.2591 5.2781 88.7330 6.3152 -199.2403 -1.5284 -0.0286 -0.0006 58 mercedes_benz_coupe
Car 1.00 1.00 0 0 0 1 0 0 0 0 -1000.00 -1000.00 -1000.00 -1000.00 1.5542 2.3421 5.1370 92.1514 1.9045 4.7350 1.5661 -0.0151 -0.0006 59 lincoln2020_mkz2020
Car 1.00 1.00 35 40 69 506 0 0 109 0 -1000.00 -1000.00 -1000.00 -1000.00 2.1397 2.1728 4.7045 0.5118 0.3849 75.2657 0.0191 -0.0194 0.0003 60 volkswagen_t2
Car 1.00 1.00 0 0 0 0 0 0 0 0 -1000.00 -1000.00 -1000.00 -1000.00 1.7506 2.3538 4.8416 169.3621 -1.0064 138.6765 -1.1734 -0.0222 -0.0014 61 bmw_grandtourer
Car 1.00 1.00 0 4 6 12 0 0 0 2 -1000.00 -1000.00 -1000.00 -1000.00 1.6320 2.1403 5.2230 196.7716 1.4575 24.5596 3.1115 -0.0258 -0.0004 62 dodge_charger_police
Car 1.00 1.00 0 0 0 0 0 0 0 0 -1000.00 -1000.00 -1000.00 -1000.00 1.6980 1.9434 4.1871 111.8508 3.1000 -53.1461 -3.1232 -0.0215 -0.0003 63 citroen_c3
Car 1.00 1.00 8 11 16 48 0 0 0 2 -1000.00 -1000.00 -1000.00 -1000.00 1.4812 2.1349 5.6254 112.9220 1.5625 20.7400 -3.1409 -0.0214 -0.0003 64 chevrolet_impala
Car 0.00 1.00 0 0 0 0 0 0 0 0 215.18 375.94 275.44 391.32 1.6115 2.2019 5.2564 78.5602 3.3853 -65.4108 -0.2671 -0.0150 -0.0059 65 charger2020_charger2020
Car 1.00 1.00 0 0 0 0 0 0 0 0 -1000.00 -1000.00 -1000.00 -1000.00 1.3660 1.9896 4.9534 63.7975 -1.3609 156.9117 0.0264 -0.0203 -0.0004 66 mustang_mustang
Motorcycle 1.00 1.00 3 7 14 64 0 0 0 0 -1000.00 -1000.00 -1000.00 -1000.00 1.5852 1.1236 2.1350 -19.3500 0.3361 75.2745 -0.0127 -0.0216 -0.0003 67 kawasaki_ninja
Car 0.00 1.00 0 0 0 0 0 0 0 0 361.88 373.59 382.99 378.66 1.5488 2.0688 3.9961 183.4475 5.7989 -177.5406 1.2936 -0.0216 -0.0001 68 mini_cooperst
Car 0.00 1.00 0 0 0 0 0 0 0 0 716.24 373.39 732.64 377.60 1.5542 2.3421 5.1370 88.0510 6.5656 -211.6846 0.0494 -0.0216 -0.0006 69 lincoln2020_mkz2020
Car 0.00 1.00 0 0 0 0 0 0 0 0 546.55 372.60 570.28 382.26 1.9718 2.0005 4.0595 83.5291 4.5953 -119.8029 -1.5570 -0.0219 -0.0004 70 jeep_wrangler_rubicon
Car 1.00 1.00 0 0 0 0 0 0 0 0 -1000.00 -1000.00 -1000.00 -1000.00 1.7506 2.3538 4.8416 179.1389 3.3346 -63.9417 1.8501 -0.0219 0.0038 71 bmw_grandtourer
Car 1.00 1.00 0 0 0 0 0 0 0 0 -1000.00 -1000.00 -1000.00 -1000.00 2.2031 2.5091 6.5872 60.3055 -1.5722 167.5944 -3.1199 -0.0215 -0.0003 72 tesla_cybertruck
Car 1.00 1.00 0 1 2 0 0 0 0 0 -1000.00 -1000.00 -1000.00 -1000.00 1.6244 1.8781 3.8906 -99.9774 -6.6783 16.1996 1.5832 -0.0355 -0.0015 73 audi_a2
Car 1.00 1.00 0 0 0 0 0 0 0 0 -1000.00 -1000.00 -1000.00 -1000.00 1.7203 2.2019 5.4994 178.8709 0.6500 61.8788 1.6549 -0.0216 0.0003 74 chargercop2020_chargercop2020
Car 0.00 1.00 0 0 0 0 0 0 0 0 996.47 372.83 1006.17 375.88 1.6320 2.1403 5.2230 -22.8960 8.7657 -311.3914 -0.1303 -0.0249 -0.0103 75 dodge_charger_police
Car 1.00 1.00 1662 1849 3015 41995 0 0 455 0 -1000.00 -1000.00 -1000.00 -1000.00 1.5140 2.1024 4.9073 3.4781 1.8635 8.1468 1.5840 -0.0213 -0.0003 76 mercedesccc_mercedesccc
Car 1.00 1.00 0 0 0 4 0 0 0 0 -1000.00 -1000.00 -1000.00 -1000.00 1.6244 1.8781 3.8906 204.9092 1.5048 21.5006 -3.1145 -0.0220 -0.0015 77 audi_a2
Car 0.00 1.00 0 0 0 0 0 0 0 0 518.74 374.28 542.98 382.47 1.6244 1.8781 3.8906 87.0387 4.5259 -116.9310 -1.5711 -0.0219 -0.0015 78 audi_a2
Car 1.00 1.00 0 0 0 0 0 0 0 0 -1000.00 -1000.00 -1000.00 -1000.00 1.7203 2.2019 5.4994 233.7793 1.9125 -0.2282 1.6426 -0.0237 0.0001 79 chargercop2020_chargercop2020
Car 0.00 1.00 0 0 0 0 0 0 0 0 456.14 371.64 470.72 376.60 2.1397 2.1728 4.7045 218.1395 7.2771 -247.9344 0.7385 -0.0217 0.0087 80 volkswagen_t2
Car 1.00 1.00 0 0 0 0 0 0 0 0 -1000.00 -1000.00 -1000.00 -1000.00 1.3660 1.9896 4.9534 196.5479 3.0054 -50.6041 -2.8104 -0.0215 -0.0003 81 mustang_mustang
Car 1.00 1.00 0 0 0 2 0 0 0 0 -1000.00 -1000.00 -1000.00 -1000.00 1.7203 2.2019 5.4994 88.5998 1.9440 3.2365 1.6059 -0.0213 0.0010 82 chargercop2020_chargercop2020
Car 1.00 1.00 0 0 0 0 0 0 0 0 -1000.00 -1000.00 -1000.00 -1000.00 1.6244 1.8781 3.8906 279.4264 4.5144 -119.8008 -1.5483 -0.0211 -0.0014 83 audi_a2
Car 1.00 1.00 27 31 49 2367 0 0 3 5 -1000.00 -1000.00 -1000.00 -1000.00 1.6244 1.8781 3.8906 29.3690 1.5459 22.4233 -3.1280 -0.0220 -0.0014 84 audi_a2
Car 1.00 1.00 0 0 0 0 0 0 0 0 -1000.00 -1000.00 -1000.00 -1000.00 1.3660 1.9896 4.9534 119.2734 0.0598 87.4766 -3.1145 -0.0217 -0.0003 85 mustang_mustang
Car 1.00 1.00 0 0 0 0 0 0 0 0 -1000.00 -1000.00 -1000.00 -1000.00 1.6244 1.8781 3.8906 -107.7368 -8.3259 67.5169 -1.9444 -0.0133 0.0011 86 audi_a2
Car 0.00 1.00 0 0 0 0 0 0 0 0 165.01 372.31 193.60 380.26 1.9718 2.0005 4.0595 196.0671 5.0707 -143.6763 0.0689 -0.0245 -0.0019 87 jeep_wrangler_rubicon
Car 0.00 1.00 0 0 0 0 0 0 0 0 1441.11 372.82 1465.35 381.39 1.9718 2.0005 4.0595 -115.5313 4.9771 -134.3331 -1.5583 -0.0218 -0.0004 88 jeep_wrangler_rubicon
Car 1.00 1.00 0 0 0 0 0 0 0 0 -1000.00 -1000.00 -1000.00 -1000.00 1.3660 1.9896 4.9534 -63.9892 -9.6634 101.8505 0.6264 -0.0316 -0.0005 89 mustang_mustang
Motorcycle 0.00 0.97 6 12 20 56 1 0 0 0 1050.85 375.59 1073.85 390.96 1.6649 1.0692 2.4735 -11.3284 3.3993 -65.8283 -0.1818 -0.0129 -0.0033 90 harley_davidson_low_rider
Car 1.00 1.00 0 0 0 0 0 0 0 0 -1000.00 -1000.00 -1000.00 -1000.00 1.5475 1.9070 4.4025 290.6127 5.3018 -156.0577 2.7309 -0.0252 -0.0071 91 seat_leon
Motorcycle 1.00 1.00 0 0 0 0 0 0 0 0 -1000.00 -1000.00 -1000.00 -1000.00 1.6387 1.2138 2.3199 14.4373 0.2129 82.5806 -3.1351 -0.0247 -0.0003 92 yamaha_yzf
Cyclist 0.00 1.00 0 0 0 0 0 0 0 0 1042.20 372.27 1046.46 376.78 1.9311 0.5921 1.9272 -36.5353 7.2580 -244.5449 -0.9121 -0.0247 -0.0117 93 gazelle_omafiets
Car 0.00 1.00 0 0 0 0 0 0 0 0 711.12 373.53 722.44 377.77 1.5140 2.1024 4.9073 88.7569 6.4605 -206.7856 -1.5369 -0.0215 -0.0004 94 mercedesccc_mercedesccc
Car 1.00 1.00 0 0 0 0 0 0 0 0 -1000.00 -1000.00 -1000.00 -1000.00 1.4546 2.0938 4.3903 179.3731 3.0841 -52.0059 3.1371 -0.0190 -0.0022 95 audi_tt
Car 0.00 0.98 0 9 11 37 3 0 0 0 871.36 371.94 892.18 380.95 2.1397 2.1728 4.7045 18.7251 5.0027 -137.2732 -3.1220 -0.0215 -0.0003 96 volkswagen_t2
Car 0.00 1.00 0 0 1 0 0 0 0 0 1016.72 374.46 1037.78 380.70 1.5140 2.1024 4.9073 -16.5442 5.0806 -140.9702 0.0134 -0.0214 -0.0003 97 mercedesccc_mercedesccc
Car 1.00 1.00 0 0 0 0 0 0 0 0 -1000.00 -1000.00 -1000.00 -1000.00 1.4812 2.1349 5.6254 91.2983 -1.4508 160.9286 0.0023 -0.0170 -0.0007 98 chevrolet_impala
Car 1.00 1.00 17 16 21 170 0 0 1 0 -1000.00 -1000.00 -1000.00 -1000.00 1.5765 1.9374 3.8150 -20.7645 0.2850 78.7167 -0.0000 -0.0213 -0.0004 99 nissan_micra
Motorcycle 1.00 1.00 76 95 146 5279 0 0 20 12 -1000.00 -1000.00 -1000.00 -1000.00 1.5853 1.1236 2.1350 20.0118 1.5954 18.7216 -3.1278 -0.0217 -0.0003 100 kawasaki_ninja
Car 0.00 1.00 0 0 0 0 0 0 0 0 89.88 372.37 122.81 380.59 1.9476 2.0282 4.8347 204.2369 4.9094 -137.0823 3.1152 -0.0218 -0.0003 101 nissan_patrol
Car 1.00 1.00 0 0 0 0 0 0 0 0 -1000.00 -1000.00 -1000.00 -1000.00 2.1397 2.1728 4.7045 -100.0207 -3.4347 -36.5167 1.8778 -0.1412 -0.0349 102 volkswagen_t2
Car 0.00 1.00 0 2 1 4 1 0 0 0 976.02 374.81 989.62 380.17 1.3660 1.9896 4.9534 -6.0048 5.2910 -150.9325 -1.2567 -0.0215 -0.0009 103 mustang_mustang
Car 0.00 0.74 47 52 82 479 3 0 0 0 1140.79 376.94 1197.32 392.54 1.5627 2.2716 5.0314 -21.6591 3.3340 -62.0588 -0.0508 -0.0215 -0.0003 104 tesla_model3
Car 1.00 1.00 0 2 4 26 0 0 0 0 -1000.00 -1000.00 -1000.00 -1000.00 1.5542 2.3421 5.1370 163.6717 1.5995 17.7720 -0.0080 -0.0175 -0.0003 105 lincoln2020_mkz2020
Car 1.00 1.00 0 0 0 1 0 0 0 0 -1000.00 -1000.00 -1000.00 -1000.00 1.5627 2.2716 5.0314 169.8228 1.7350 11.7043 -0.6385 -0.0219 -0.0024 106 tesla_model3
Car 0.00 1.00 0 0 0 0 0 0 0 0 691.34 373.45 701.31 378.23 1.5765 1.9374 3.8150 88.6086 6.1038 -190.7588 -1.4372 -0.0215 -0.0004 107 nissan_micra
Cyclist 0.00 1.00 0 0 0 0 0 0 0 0 656.70 372.45 662.35 379.06 1.9311 0.5921 1.9272 88.3257 5.5921 -167.3904 -1.5687 -0.0246 -0.0004 108 gazelle_omafiets
Cyclist 1.00 1.00 0 0 0 0 0 0 0 0 -1000.00 -1000.00 -1000.00 -1000.00 1.9311 0.5921 1.9272 15.4619 -10.8673 134.5276 3.1412 -0.0236 -0.0003 109 gazelle_omafiets
Car 0.00 1.00 0 0 0 0 0 0 0 0 145.23 377.90 222.97 393.02 1.4546 2.0938 4.3903 78.6067 3.2911 -60.6883 0.1523 -0.0160 0.0007 110 audi_tt
Car 0.00 1.00 0 0 0 0 0 0 0 0 630.34 372.46 647.89 379.64 1.9476 2.0282 4.8347 88.3935 5.3831 -157.2023 -1.5663 -0.0227 -0.0005 111 nissan_patrol
Car 1.00 1.00 0 0 0 0 0 0 0 0 -1000.00 -1000.00 -1000.00 -1000.00 1.4546 2.0938 4.3903 104.1584 3.1778 -56.7553 -3.1321 -0.0215 -0.0003 112 audi_tt
Car 1.00 1.00 0 0 0 0 0 0 0 0 -1000.00 -1000.00 -1000.00 -1000.00 1.7506 2.3538 4.8416 169.4300 -1.4026 157.0551 2.3436 -0.0216 0.0032 113 bmw_grandtourer
Car 0.00 1.00 0 0 0 0 0 0 0 0 121.73 372.43 158.95 381.68 1.9718 2.0005 4.0595 177.7515 4.6679 -124.6999 -1.5780 -0.0219 -0.0004 114 jeep_wrangler_rubicon
Motorcycle 1.00 1.00 0 0 0 0 0 0 0 0 -1000.00 -1000.00 -1000.00 -1000.00 1.6387 1.2138 2.3199 29.3429 0.2044 82.7283 -3.1291 -0.0210 -0.0003 115 yamaha_yzf
Car 1.00 1.00 0 0 0 0 0 0 0 0 -1000.00 -1000.00 -1000.00 -1000.00 1.7203 2.2019 5.4994 182.8319 1.6380 15.9131 1.6081 -0.0219 0.0001 116 chargercop2020_chargercop2020
Car 1.00 1.00 0 0 0 0 0 0 0 0 -1000.00 -1000.00 -1000.00 -1000.00 1.6980 1.9434 4.1871 80.9129 1.0675 44.3388 -1.5637 -0.0215 -0.0003 117 citroen_c3
Car 0.00 1.00 0 0 0 0 0 0 0 0 1199.06 373.29 1212.18 377.55 1.5542 2.3421 5.1370 -98.9782 6.9809 -227.9044 1.7514 -0.0225 -0.0261 118 lincoln2020_mkz2020
Car 1.00 1.00 0 0 0 0 0 0 0 0 -1000.00 -1000.00 -1000.00 -1000.00 2.5908 2.7453 5.4640 82.0474 2.2360 -8.9109 -1.5813 -0.0310 -0.0001 119 carlamotors_carlacola
Car 1.00 1.00 86 89 141 813 0 0 0 10 -1000.00 -1000.00 -1000.00 -1000.00 1.5765 1.9374 3.8150 37.4033 1.6059 18.9988 -3.1327 -0.0215 -0.0004 120 nissan_micra
Car 1.00 1.00 0 0 0 0 0 0 0 0 -1000.00 -1000.00 -1000.00 -1000.00 1.4477 1.5550 2.3177 275.0984 4.6276 -124.2999 -1.9187 -0.0273 -0.0004 121 bmw_isetta
Car 1.00 1.00 0 0 0 0 0 0 0 0 -1000.00 -1000.00 -1000.00 -1000.00 1.7173 2.2591 5.2781 54.3427 -1.4119 160.2388 0.0032 -0.0281 -0.0006 122 mercedes_benz_coupe
Car 0.00 0.95 0 11 11 42 6 0 0 0 978.00 373.78 989.06 381.37 1.7173 2.2591 5.2781 -5.4094 4.9110 -132.4943 -1.5570 -0.0286 -0.0006 123 mercedes_benz_coupe
Car 1.00 1.00 0 0 0 0 0 0 0 0 -1000.00 -1000.00 -1000.00 -1000.00 1.5765 1.9374 3.8150 83.6970 -0.0274 93.8202 -1.5402 -0.0264 0.0000 124 nissan_micra
Car 0.00 1.00 0 0 0 0 0 0 0 0 1275.47 376.53 1341.74 393.55 1.6115 2.2019 5.2564 -34.9377 3.2944 -60.1932 -0.3264 -0.0203 0.0010 125 charger2020_charger2020
Car 1.00 1.00 0 0 0 0 0 0 0 0 -1000.00 -1000.00 -1000.00 -1000.00 1.9476 2.0282 4.8347 63.8819 -1.4477 160.4842 0.0048 -0.0223 -0.0004 126 nissan_patrol
Car 1.00 1.00 0 0 1 0 0 0 0 0 -1000.00 -1000.00 -1000.00 -1000.00 1.5140 2.1024 4.9073 -82.9435 -8.9733 83.6548 0.9333 -0.0337 -0.0010 127 mercedesccc_mercedesccc
Car 1.00 1.00 0 0 0 0 0 0 0 0 -1000.00 -1000.00 -1000.00 -1000.00 1.7173 2.2591 5.2781 288.7089 -5.7432 -34.1659 1.5810 -0.1449 -0.0005 128 mercedes_benz_coupe
Car 1.00 1.00 0 0 0 0 0 0 0 0 -1000.00 -1000.00 -1000.00 -1000.00 1.4812 2.1349 5.6254 177.4666 1.7097 12.9142 1.9493 -0.0234 0.0091 129 chevrolet_impala
Car 0.00 1.00 0 0 0 0 0 0 0 0 1305.90 372.09 1324.48 379.74 2.1397 2.1728 4.7045 -100.9945 5.5792 -162.1157 1.5917 -0.0215 -0.0003 130 volkswagen_t2
Car 1.00 1.00 0 0 0 0 0 0 0 0 -1000.00 -1000.00 -1000.00 -1000.00 1.6244 1.8781 3.8906 89.9808 -1.1951 148.9097 1.5532 -0.0281 -0.0011 131 audi_a2
Car 0.00 1.00 0 0 0 0 0 0 0 0 836.25 372.60 857.53 380.59 1.9476 2.0282 4.8347 27.7902 5.0505 -140.7312 0.0243 -0.0263 0.0000 132 nissan_patrol
Car 0.00 1.00 0 0 0 0 0 0 0 0 118.64 372.97 199.25 391.12 1.9476 2.0282 4.8347 89.6764 3.4059 -66.6291 1.5879 -0.0224 -0.0005 133 nissan_patrol
Car 1.00 1.00 0 2 0 0 0 0 0 0 -1000.00 -1000.00 -1000.00 -1000.00 1.9476 2.0282 4.8347 -111.2580 -7.9769 56.4661 -1.8279 -0.0113 0.0033 134 nissan_patrol
Car 0.00 0.93 9 11 15 67 8 0 0 0 963.68 373.77 975.82 382.60 1.7506 2.3538 4.8416 -1.9661 4.5730 -117.7388 -1.5625 -0.0215 -0.0004 135 bmw_grandtourer
Car 1.00 1.00 0 0 0 0 0 0 0 0 -1000.00 -1000.00 -1000.00 -1000.00 1.9476 2.0282 4.8347 116.2581 3.1525 -56.6308 3.1313 -0.0217 -0.0003 136 nissan_patrol
Car 0.00 0.06 121 139 208 879 62 0 0 0 993.00 379.89 1032.88 409.00 1.7203 2.2019 5.4994 -3.0039 2.8418 -36.9931 -1.5425 -0.0216 0.0003 137 chargercop2020_chargercop2020
Car 0.62 1.00 0 0 0 0 0 0 0 0 0.00 366.23 41.88 396.26 2.5908 2.7453 5.4640 88.9980 3.1958 -55.3331 -0.9861 -0.0219 -0.0004 138 carlamotors_carlacola
Car 1.00 1.00 0 0 0 0 0 0 0 0 -1000.00 -1000.00 -1000.00 -1000.00 1.5863 2.2347 5.1468 171.3099 -0.7259 125.8101 -1.5491 -0.0212 -0.0005 139 lincoln_mkz2017
Car 1.00 1.00 0 0 0 0 0 0 0 0 -1000.00 -1000.00 -1000.00 -1000.00 1.9718 2.0005 4.0595 71.5993 0.2452 79.8861 0.0117 -0.0225 -0.0003 140 jeep_wrangler_rubicon
Car 1.00 1.00 0 0 0 0 0 0 0 0 -1000.00 -1000.00 -1000.00 -1000.00 1.6011 2.1072 4.7392 102.1146 0.1493 83.6908 -3.1320 -0.0215 -0.0004 141 toyota_prius
Car 1.00 1.00 0 0 0 0 0 0 0 0 -1000.00 -1000.00 -1000.00 -1000.00 1.7318 2.1344 5.0985 175.0725 -0.1487 99.6076 -1.5439 -0.0215 -0.0003 142 audi_etron
Car 0.02 1.00 0 0 0 0 0 0 0 0 0.00 371.39 42.86 380.44 2.2031 2.5091 6.5872 230.9695 5.0077 -140.8050 -0.0136 -0.0215 -0.0003 143 tesla_cybertruck
Car 1.00 1.00 0 0 0 0 0 0 0 0 -1000.00 -1000.00 -1000.00 -1000.00 1.5765 1.9374 3.8150 191.2504 0.0791 84.8577 3.1098 -0.0214 -0.0004 144 nissan_micra
Car 1.00 1.00 0 0 0 0 0 0 0 0 -1000.00 -1000.00 -1000.00 -1000.00 1.4546 2.0938 4.3903 106.0129 3.1018 -53.2524 -3.1239 -0.0215 -0.0003 145 audi_tt
Car 0.00 1.00 0 0 0 0 0 0 0 0 366.90 373.10 386.08 376.55 1.4812 2.1349 5.6254 263.5959 7.4438 -254.8560 -2.1457 -0.0226 -0.0165 146 chevrolet_impala
Car 1.00 1.00 0 0 0 0 0 0 0 0 -1000.00 -1000.00 -1000.00 -1000.00 2.2031 2.5091 6.5872 177.2005 -10.5839 119.6991 0.0251 -0.0225 -0.0005 147 tesla_cybertruck
Car 0.00 1.00 0 0 0 0 0 0 0 0 701.00 372.35 712.50 378.29 1.9718 2.0005 4.0595 84.9812 6.1165 -190.4938 -1.5657 -0.0216 -0.0004 148 jeep_wrangler_rubicon
Car 0.00 1.00 0 0 0 0 0 0 0 0 80.12 374.66 111.95 380.17 1.3660 1.9896 4.9534 217.7654 5.0680 -144.1852 -0.0134 -0.0216 -0.0003 149 mustang_mustang
Car 1.00 1.00 0 0 0 0 0 0 0 0 -1000.00 -1000.00 -1000.00 -1000.00 1.3660 1.9896 4.9534 200.2373 3.0615 -53.2680 -2.7625 -0.0215 -0.0003 150 mustang_mustang
Car 0.00 1.00 0 0 0 0 0 0 0 0 1298.77 370.25 1328.73 381.10 2.5908 2.7453 5.4640 -85.4394 5.0737 -138.3776 -3.1273 -0.0215 -0.0003 151 carlamotors_carlacola
Car 1.00 1.00 0 0 0 0 0 0 0 0 -1000.00 -1000.00 -1000.00 -1000.00 1.5863 2.2347 5.1468 65.2834 0.3238 76.2166 0.0048 -0.0225 -0.0003 152 lincoln_mkz2017
Car 1.00 1.00 0 0 0 0 0 0 0 0 -1000.00 -1000.00 -1000.00 -1000.00 1.7506 2.3538 4.8416 249.1098 -10.6730 121.5829 2.5198 -0.0210 0.0004 153 bmw_grandtourer
Cyclist 1.00 1.00 0 0 0 9 0 0 0 0 -1000.00 -1000.00 -1000.00 -1000.00 1.9709 0.6705 1.7250 109.0524 1.4684 24.2357 -3.1371 -0.0171 -0.0003 154 diamondback_century
Cyclist 0.00 1.00 0 0 0 0 0 0 0 0 714.09 372.32 717.84 377.42 1.9311 0.5921 1.9272 92.8941 6.6243 -215.4434 1.5904 -0.0256 -0.0002 155 gazelle_omafiets
Motorcycle 1.00 1.00 0 0 0 0 0 0 0 0 -1000.00 -1000.00 -1000.00 -1000.00 1.6960 1.0692 2.4735 92.4107 0.2140 81.3540 -0.4945 -0.0199 -0.0004 156 harley_davidson_low_rider
Car 1.00 1.00 0 0 0 0 0 0 0 0 -1000.00 -1000.00 -1000.00 -1000.00 2.1397 2.1728 4.7045 294.2992 5.0673 -144.5638 1.5971 -0.0298 0.0000 157 volkswagen_t2
Car 1.00 1.00 0 6 5 0 0 0 0 0 -1000.00 -1000.00 -1000.00 -1000.00 1.5488 2.0688 3.9961 -73.0497 -9.3795 94.4929 0.7598 -0.0326 -0.0006 158 mini_cooperst
Cyclist 1.00 1.00 0 0 0 0 0 0 0 0 -1000.00 -1000.00 -1000.00 -1000.00 1.9311 0.5921 1.9272 178.7976 0.5173 66.8848 1.5884 -0.0254 -0.0003 159 gazelle_omafiets
Car 0.00 1.00 0 0 0 0 0 0 0 0 124.58 374.68 173.02 381.88 1.4812 2.1349 5.6254 173.8675 4.6432 -123.3438 -1.5614 -0.0215 -0.0003 160 chevrolet_impala
Car 1.00 1.00 0 0 0 0 0 0 0 0 -1000.00 -1000.00 -1000.00 -1000.00 1.7173 2.2591 5.2781 -120.1106 -2.3120 -44.8413 -1.5595 0.0860 -0.0008 161 mercedes_benz_coupe
Car 0.00 1.00 0 0 0 0 0 0 0 0 695.04 372.31 708.92 377.81 1.9718 2.0005 4.0595 93.0769 6.4135 -204.4283 -3.1213 -0.0219 -0.0004 162 jeep_wrangler_rubicon
Car 0.00 1.00 0 0 0 0 0 0 0 0 319.18 374.83 391.82 392.43 1.7506 2.3538 4.8416 61.9412 3.2803 -61.3268 0.0020 -0.0204 -0.0003 163 bmw_grandtourer
Car 1.00 1.00 3 6 9 80 0 0 17 0 -1000.00 -1000.00 -1000.00 -1000.00 1.6115 2.2019 5.2564 -0.7521 0.2256 82.4040 -3.1121 -0.0253 0.0029 164 charger2020_charger2020
Car 0.00 0.26 69 84 150 578 26 0 0 0 1036.38 379.19 1075.78 405.30 1.6244 1.8781 3.8906 -6.4214 2.9431 -41.8983 -1.5418 -0.0220 -0.0014 165 audi_a2
Car 0.00 1.00 0 0 0 0 0 0 0 0 1068.40 373.06 1077.86 376.17 1.5475 1.9070 4.4025 -58.5239 8.3311 -291.2359 2.5856 -0.0217 -0.0097 166 seat_leon
Car 1.00 1.00 0 0 0 0 0 0 0 0 -1000.00 -1000.00 -1000.00 -1000.00 1.5765 1.9374 3.8150 281.6598 -8.7928 32.5982 -1.5112 -0.0226 -0.0115 167 nissan_micra
Car 0.00 1.00 0 0 0 0 0 0 0 0 1037.12 374.13 1058.97 380.50 1.5863 2.2347 5.1468 -22.2217 5.1606 -144.4922 0.0095 -0.0215 -0.0003 168 lincoln_mkz2017
Car 1.00 1.00 0 0 0 0 0 0 0 0 -1000.00 -1000.00 -1000.00 -1000.00 1.7506 2.3538 4.8416 110.1676 3.1648 -56.7168 -3.1291 -0.0215 -0.0004 169 bmw_grandtourer
Car 1.00 1.00 200 222 369 15243 0 0 44 31 -1000.00 -1000.00 -1000.00 -1000.00 1.4812 2.1349 5.6254 25.4408 1.6365 18.7173 -3.1283 -0.0215 -0.0003 170 chevrolet_impala
Car 1.00 1.00 0 0 0 0 0 0 0 0 -1000.00 -1000.00 -1000.00 -1000.00 1.4812 2.1349 5.6254 175.7136 1.1399 39.3601 -1.5651 -0.0215 -0.0003 171 chevrolet_impala
Car 1.00 1.00 8 11 18 135 0 0 10 0 -1000.00 -1000.00 -1000.00 -1000.00 1.6011 2.1072 4.7392 -4.5139 -0.0735 98.3403 -1.5511 -0.0215 -0.0003 172 toyota_prius
Car 1.00 1.00 0 0 0 0 0 0 0 0 -1000.00 -1000.00 -1000.00 -1000.00 1.6115 2.2019 5.2564 230.3642 1.9189 -0.5910 1.6661 -0.0216 0.0003 173 charger2020_charger2020
Car 0.00 1.00 0 0 0 0 0 0 0 0 69.57 374.00 99.68 380.39 1.5475 1.9070 4.4025 215.1764 4.9957 -140.7219 -0.0118 -0.0201 -0.0003 174 seat_leon
Car 0.00 1.00 0 0 0 0 0 0 0 0 473.84 369.93 506.81 380.99 2.5908 2.7453 5.4640 111.2860 4.9503 -135.8252 3.1297 -0.0215 -0.0003 175 carlamotors_carlacola
Car 1.00 1.00 0 0 0 0 0 0 0 0 -1000.00 -1000.00 -1000.00 -1000.00 1.4812 2.1349 5.6254 96.3639 0.1734 83.3993 -3.1400 -0.0152 -0.0003 176 chevrolet_impala
Car 0.00 1.00 0 0 0 0 0 0 0 0 1338.51 372.73 1361.00 380.84 1.9718 2.0005 4.0595 -96.1881 5.1208 -141.2877 -0.2052 -0.0239 0.0026 177 jeep_wrangler_rubicon
Car 1.00 1.00 0 0 0 0 0 0 0 0 -1000.00 -1000.00 -1000.00 -1000.00 1.6980 1.9434 4.1871 293.0917 0.5764 -76.8681 1.5403 -0.1476 0.0057 178 citroen_c3
Car 1.00 1.00 5 1 1 97 0 0 0 2 -1000.00 -1000.00 -1000.00 -1000.00 1.5488 2.0688 3.9961 81.1826 1.6554 16.5806 2.5695 -0.0216 0.0007 179 mini_cooperst
Motorcycle 1.00 1.00 0 0 0 14 0 0 0 0 -1000.00 -1000.00 -1000.00 -1000.00 1.6960 1.0692 2.4735 104.9285 1.4710 24.2453 -3.1332 -0.0186 -0.0002 180 harley_davidson_low_rider
Car 1.00 1.00 0 0 0 0 0 0 0 0 -1000.00 -1000.00 -1000.00 -1000.00 1.4477 1.5550 2.3177 175.0686 0.2406 80.0979 -1.5571 -0.0259 0.0005 181 bmw_isetta
Cyclist 1.00 1.00 12 11 15 697 0 0 3 0 -1000.00 -1000.00 -1000.00 -1000.00 1.7065 0.8593 1.4873 34.0859 1.5007 22.5311 -3.1176 -0.0215 -0.0003 182 bh_crossbike
Car 0.00 1.00 0 0 0 0 0 0 0 0 1397.39 374.15 1420.61 380.53 1.6011 2.1072 4.7392 -115.4941 5.2488 -147.0924 -1.5705 -0.0221 -0.0003 183 toyota_prius
Car 0.00 1.00 0 0 0 0 0 0 0 0 677.05 373.43 690.76 377.69 1.5488 2.0688 3.9961 101.3134 6.4806 -207.8747 -3.0921 -0.0215 -0.0004 184 mini_cooperst
Car 0.00 1.00 0 0 0 0 0 0 0 0 666.39 372.68 676.29 375.92 1.6980 1.9434 4.1871 152.2979 8.3890 -296.9049 -3.1330 -0.0218 -0.0006 185 citroen_c3
Car 1.00 1.00 11 9 16 102 0 0 6 0 -1000.00 -1000.00 -1000.00 -1000.00 1.5765 1.9374 3.8150 -8.2219 -0.0631 97.2622 -1.5436 -0.0215 -0.0004 186 nissan_micra
Car 1.00 1.00 62 80 121 634 0 0 0 7 -1000.00 -1000.00 -1000.00 -1000.00 1.7506 2.3538 4.8416 43.2297 1.6077 19.2663 -2.9073 -0.0215 -0.0003 187 bmw_grandtourer
Car 1.00 1.00 0 0 0 0 0 0 0 0 -1000.00 -1000.00 -1000.00 -1000.00 1.5488 2.0688 3.9961 223.1538 2.3237 -19.3357 -1.6490 -0.0215 -0.0005 188 mini_cooperst
Car 1.00 1.00 0 0 0 0 0 0 0 0 -1000.00 -1000.00 -1000.00 -1000.00 1.5488 2.0688 3.9961 263.5884 4.9911 -141.3092 -0.0129 -0.0215 -0.0004 189 mini_cooperst
Car 1.00 1.00 0 0 0 0 0 0 0 0 -1000.00 -1000.00 -1000.00 -1000.00 1.6011 2.1072 4.7392 171.3059 -0.1598 99.5058 -1.5570 -0.0215 -0.0003 190 toyota_prius
Car 1.00 1.00 0 0 0 13 0 0 0 0 -1000.00 -1000.00 -1000.00 -1000.00 1.3660 1.9896 4.9534 -26.4897 0.2993 78.6997 0.0269 -0.0215 -0.0003 191 mustang_mustang
Car 1.00 1.00 0 0 0 0 0 0 0 0 -1000.00 -1000.00 -1000.00 -1000.00 1.9476 2.0282 4.8347 297.4100 4.9321 -139.5987 1.5842 -0.0257 -0.0003 192 nissan_patrol
Pedestrian 0.00 1.00 0 0 0 0 0 0 0 0 353.71 371.80 356.41 375.83 1.9158 0.4880 0.7507 288.1734 7.5369 -268.4885 -2.0988 -0.0215 -0.0003 193 pedestrian_0019
Pedestrian 0.00 0.96 1 2 4 9 0 0 0 0 875.85 377.81 879.12 386.26 1.1330 0.4333 0.6667 11.1988 3.5542 -79.6994 1.7150 -0.0215 -0.0003 194 pedestrian_0010
Pedestrian 1.00 1.00 0 0 0 0 0 0 0 0 -1000.00 -1000.00 -1000.00 -1000.00 1.9158 0.4880 0.7507 236.7653 0.5441 54.6305 1.5810 -0.0215 -0.0003 195 pedestrian_0005
Pedestrian 1.00 1.00 0 0 0 0 0 0 0 0 -1000.00 -1000.00 -1000.00 -1000.00 1.9158 0.4880 0.6073 45.9408 -1.8270 170.3199 -3.1257 -0.0215 -0.0003 196 pedestrian_0003
Pedestrian 1.00 1.00 0 0 0 0 0 0 0 0 -1000.00 -1000.00 -1000.00 -1000.00 1.9158 0.4880 0.7507 41.2924 -10.5212 109.6514 0.0128 -0.0215 -0.0003 197 pedestrian_0021
Pedestrian 0.00 1.00 0 0 0 0 0 0 0 0 1128.83 372.06 1130.63 375.73 1.9158 0.4880 0.7507 -88.7702 8.2231 -294.3390 -0.7475 -0.0215 -0.0003 198 pedestrian_0003
Pedestrian 0.00 1.00 0 0 0 0 0 0 0 0 162.90 371.75 165.94 376.76 1.9158 0.4880 0.4642 304.8822 6.4202 -216.8621 1.4198 -0.0215 -0.0003 199 pedestrian_0004
Pedestrian 0.00 0.90 3 4 3 26 0 0 0 0 1042.99 372.24 1048.38 388.75 1.9158 0.4880 0.3754 -9.9881 3.3423 -69.0690 2.0300 -0.0215 -0.0003 200 pedestrian_0022
Pedestrian 1.00 1.00 0 0 0 0 0 0 0 0 -1000.00 -1000.00 -1000.00 -1000.00 1.3390 0.3253 0.4608 188.2049 4.0267 -104.2666 -1.5464 -0.0215 -0.0003 201 pedestrian_0014
Pedestrian 1.00 1.00 0 0 0 0 0 0 0 0 -1000.00 -1000.00 -1000.00 -1000.00 1.9158 0.4880 0.4530 97.4206 1.6597 7.5468 0.0812 -0.0215 -0.0003 202 pedestrian_0022
Pedestrian 0.00 1.00 0 0 0 0 0 0 0 0 753.97 371.95 755.51 376.91 1.9158 0.4880 0.4010 79.4726 6.5438 -219.0543 -1.0569 -0.0215 -0.0003 203 pedestrian_0023
Pedestrian 1.00 1.00 0 0 0 0 0 0 0 0 -1000.00 -1000.00 -1000.00 -1000.00 1.3390 0.3253 0.5005 30.0738 0.2622 70.6757 -3.1078 -0.0215 -0.0003 204 pedestrian_0012
Pedestrian 0.00 0.99 0 0 1 2 2 0 0 0 1006.28 372.11 1008.92 380.59 1.9158 0.4880 0.3754 -10.7774 4.6570 -129.9506 1.1015 -0.0215 -0.0003 205 pedestrian_0019
Pedestrian 0.00 1.00 0 0 0 0 0 0 0 0 1183.27 372.01 1186.15 379.02 1.9158 0.4880 0.7377 -61.6706 5.2132 -156.5760 1.5467 -0.0215 -0.0003 206 pedestrian_0005
Pedestrian 1.00 1.00 1 0 2 18 0 0 0 0 -1000.00 -1000.00 -1000.00 -1000.00 1.9158 0.4880 0.7507 -11.3402 -0.6194 115.1507 -1.5481 -0.0215 -0.0003 207 pedestrian_0026
Pedestrian 1.00 1.00 0 0 0 0 0 0 0 0 -1000.00 -1000.00 -1000.00 -1000.00 1.9158 0.4880 0.7507 46.8527 1.9998 -7.9328 -2.8153 -0.0215 -0.0003 208 pedestrian_0015
Pedestrian 0.00 1.00 0 0 0 0 0 0 0 0 1460.47 374.51 1463.09 379.85 1.3390 0.3253 0.3368 -126.0017 4.9824 -143.6444 -1.5544 -0.0215 -0.0003 209 pedestrian_0014
Pedestrian 0.00 1.00 0 0 0 0 0 0 0 0 1587.84 372.32 1594.72 381.91 1.9158 0.4880 0.7507 -126.6702 4.3884 -115.6758 1.5299 -0.0215 -0.0003 210 pedestrian_0016
Pedestrian 1.00 1.00 0 0 0 0 0 0 0 0 -1000.00 -1000.00 -1000.00 -1000.00 1.3390 0.3253 0.2599 102.3333 3.2093 -60.4123 2.6845 -0.0215 -0.0003 211 pedestrian_0012
Pedestrian 0.00 1.00 0 0 0 0 0 0 0 0 1010.25 375.52 1013.33 380.57 1.1330 0.4333 0.6065 -11.6898 4.6378 -129.5689 -2.2244 -0.0215 -0.0003 212 pedestrian_0009
Pedestrian 1.00 1.00 0 0 0 0 0 0 0 0 -1000.00 -1000.00 -1000.00 -1000.00 1.1330 0.4333 0.5336 95.3683 -1.4607 152.0135 -2.4640 -0.0215 -0.0003 213 pedestrian_0010
Pedestrian 0.00 1.00 0 0 0 0 0 0 0 0 1051.35 372.03 1052.88 375.42 1.9158 0.4880 0.7507 -52.1364 8.7230 -318.1570 -0.4111 -0.0215 -0.0003 214 pedestrian_0021
Pedestrian 1.00 1.00 0 0 0 0 0 0 0 0 -1000.00 -1000.00 -1000.00 -1000.00 1.9158 0.4880 0.3828 101.6311 3.2058 -59.8547 1.4546 -0.0215 -0.0003 215 pedestrian_0018
Pedestrian 0.00 1.00 0 0 0 0 0 0 0 0 366.30 371.80 368.12 375.77 1.9158 0.4880 0.4866 286.6836 7.6228 -272.5071 1.0096 -0.0215 -0.0003 216 pedestrian_0020
Pedestrian 1.00 1.00 0 0 0 0 0 0 0 0 -1000.00 -1000.00 -1000.00 -1000.00 1.9158 0.4880 0.7507 113.3906 1.6796 6.4635 -0.0630 -0.0215 -0.0003 217 pedestrian_0017
Pedestrian 0.00 1.00 0 0 0 0 0 0 0 0 276.13 372.41 281.46 379.74 1.9158 0.4880 0.7507 178.5975 5.1703 -149.7731 3.1322 -0.0215 -0.0003 218 pedestrian_0007
Pedestrian 0.00 1.00 1 0 2 1 2 0 0 0 1009.07 378.00 1012.21 385.24 1.1330 0.4333 0.5342 -8.0005 3.9811 -92.0468 1.5961 -0.0215 -0.0003 219 pedestrian_0010
Pedestrian 0.00 1.00 0 0 0 0 0 0 0 0 840.74 372.03 844.77 382.44 1.9158 0.4880 0.5348 21.6662 4.1399 -106.8853 -0.4198 -0.0215 -0.0003 220 pedestrian_0023
Pedestrian 1.00 1.00 0 0 0 0 0 0 0 0 -1000.00 -1000.00 -1000.00 -1000.00 1.9158 0.4880 0.4999 228.3442 1.7302 6.6415 2.9241 -0.0215 -0.0003 221 pedestrian_0024
Pedestrian 0.00 1.00 0 0 0 0 0 0 0 0 496.51 373.54 497.84 376.14 1.1330 0.4333 0.3487 202.2305 7.0506 -246.6493 0.4939 -0.0215 -0.0003 222 pedestrian_0011
Pedestrian 0.00 1.00 0 0 0 0 0 0 0 0 1010.90 372.01 1011.74 375.33 1.9158 0.4880 0.4420 -29.6550 8.8558 -324.7161 -0.1643 -0.0215 -0.0003 223 pedestrian_0016
Pedestrian 1.00 1.00 0 0 0 0 0 0 0 0 -1000.00 -1000.00 -1000.00 -1000.00 1.9158 0.4880 0.6756 95.1793 -11.3414 146.8620 -3.1306 -0.0215 -0.0003 224 pedestrian_0017
Pedestrian 1.00 1.00 0 0 0 0 0 0 0 0 -1000.00 -1000.00 -1000.00 -1000.00 1.9158 0.4880 0.7507 -91.7010 -6.6113 8.3049 -1.5367 -0.0215 -0.0003 225 pedestrian_0001
Pedestrian 0.00 1.00 0 0 0 0 0 0 0 0 163.15 371.96 176.39 387.76 1.9158 0.4880 0.7507 96.3872 3.3747 -72.0671 1.5856 -0.0215 -0.0003 226 pedestrian_0003
Pedestrian 1.00 1.00 0 0 0 0 0 0 0 0 -1000.00 -1000.00 -1000.00 -1000.00 1.9158 0.4880 0.7507 215.5209 0.3541 63.6907 1.6222 -0.0215 -0.0003 227 pedestrian_0007
Pedestrian 0.00 1.00 0 0 0 0 0 0 0 0 115.71 375.22 120.77 380.28 1.1330 0.4333 0.4375 189.4580 4.5609 -129.2169 -1.1906 -0.0215 -0.0003 228 pedestrian_0010
Pedestrian 0.00 1.00 0 0 0 0 0 0 0 0 732.22 375.43 735.61 380.50 1.1330 0.4333 0.5847 50.8079 4.6027 -129.0243 -3.0929 -0.0215 -0.0003 229 pedestrian_0010
Pedestrian 1.00 1.00 0 0 0 0 0 0 0 0 -1000.00 -1000.00 -1000.00 -1000.00 1.3390 0.3253 0.4530 76.2757 0.7103 51.5811 1.5837 -0.0215 -0.0003 230 pedestrian_0013
Pedestrian 1.00 1.00 1 4 3 21 0 3 0 0 -1000.00 -1000.00 -1000.00 -1000.00 1.3390 0.3253 0.2891 -52.9807 1.8163 -0.2795 -0.9406 -0.0215 -0.0003 231 pedestrian_0013
Pedestrian 1.00 1.00 0 0 0 0 0 0 0 0 -1000.00 -1000.00 -1000.00 -1000.00 1.9158 0.4880 0.3814 98.5683 3.0606 -53.0379 -1.4637 -0.0215 -0.0003 232 pedestrian_0020
Pedestrian 1.00 1.00 0 0 0 0 0 0 0 0 -1000.00 -1000.00 -1000.00 -1000.00 1.9158 0.4880 0.7390 92.1359 0.4736 69.7914 3.1267 -0.0215 -0.0003 233 pedestrian_0021
Pedestrian 0.00 1.00 0 0 0 0 0 0 0 0 720.95 374.29 722.84 377.70 1.1330 0.4333 0.4402 79.2384 5.8890 -188.9169 1.5778 -0.0215 -0.0003 234 pedestrian_0009
Pedestrian 1.00 1.00 0 0 0 0 0 0 0 0 -1000.00 -1000.00 -1000.00 -1000.00 1.9158 0.4880 0.5024 74.9874 0.0206 88.6894 -1.5801 -0.0215 -0.0003 235 pedestrian_0006
Pedestrian 0.00 1.00 0 0 0 0 0 0 0 0 656.67 373.90 658.76 376.83 1.1330 0.4333 0.5656 117.1762 6.5226 -219.3183 0.0288 -0.0215 -0.0003 236 pedestrian_0009
Pedestrian 1.00 1.00 0 0 0 0 0 0 0 0 -1000.00 -1000.00 -1000.00 -1000.00 1.9158 0.4880 0.7507 177.7206 3.4822 -71.3437 -3.0043 -0.0215 -0.0003 237 pedestrian_0026
Pedestrian 0.00 1.00 0 0 0 0 0 0 0 0 1237.07 372.17 1240.31 379.55 1.9158 0.4880 0.5775 -72.4704 5.0797 -148.5913 3.1388 -0.0215 -0.0003 238 pedestrian_0021
Pedestrian 0.00 0.98 0 1 2 4 0 0 0 0 1002.86 374.63 1004.43 380.60 1.3390 0.3253 0.3125 -9.8200 4.6314 -129.1630 1.4081 -0.0215 -0.0003 239 pedestrian_0012
Pedestrian 0.00 1.00 0 0 0 0 0 0 0 0 512.01 371.85 514.00 375.34 1.9158 0.4880 0.7507 245.6982 8.4276 -309.1156 0.4975 -0.0215 -0.0003 240 pedestrian_0020
Pedestrian 1.00 1.00 0 0 0 0 0 0 0 0 -1000.00 -1000.00 -1000.00 -1000.00 1.1330 0.4333 0.6667 303.3986 -2.8127 -55.3115 1.5635 -0.0215 -0.0003 241 pedestrian_0011
Pedestrian 0.00 1.00 0 0 0 0 0 0 0 0 503.87 371.96 508.75 380.82 1.9158 0.4880 0.6816 98.4363 4.5100 -124.7181 1.6350 -0.0215 -0.0003 242 pedestrian_0002
Pedestrian 0.00 1.00 0 0 0 0 0 0 0 0 423.20 375.78 428.02 384.81 1.3390 0.3253 0.3827 79.6671 3.6935 -87.0942 -1.5274 -0.0215 -0.0003 243 pedestrian_0014
Pedestrian 0.00 1.00 0 0 0 0 0 0 0 0 870.53 372.22 871.88 376.26 1.9158 0.4880 0.4926 42.1037 7.7088 -267.2755 -1.7529 -0.0215 -0.0003 244 pedestrian_0006
Pedestrian 1.00 1.00 0 0 0 0 0 0 0 0 -1000.00 -1000.00 -1000.00 -1000.00 1.9158 0.4880 0.6442 300.9895 -9.3687 51.2714 -1.3940 -0.0215 -0.0003 245 pedestrian_0020
Pedestrian 1.00 1.00 4 6 9 48 0 0 0 0 -1000.00 -1000.00 -1000.00 -1000.00 1.9158 0.4880 0.4040 -14.2150 1.7874 3.3997 -1.5854 -0.0215 -0.0003 246 pedestrian_0022
Pedestrian 1.00 1.00 0 0 0 0 0 0 0 0 -1000.00 -1000.00 -1000.00 -1000.00 1.9158 0.4880 0.7128 89.8735 0.4397 71.4015 0.2253 -0.0215 -0.0003 247 pedestrian_0002
Pedestrian 1.00 1.00 0 0 0 0 0 0 0 0 -1000.00 -1000.00 -1000.00 -1000.00 1.9158 0.4880 0.7483 -45.7755 2.1584 -15.1611 1.3188 -0.0215 -0.0003 248 pedestrian_0022
Pedestrian 0.00 1.00 0 0 0 0 0 0 0 0 860.07 372.06 863.71 380.62 1.9158 0.4880 0.7507 22.0202 4.6221 -128.8614 0.0685 -0.0215 -0.0003 249 pedestrian_0006
Pedestrian 1.00 1.00 0 0 0 0 0 0 0 0 -1000.00 -1000.00 -1000.00 -1000.00 1.9158 0.4880 0.4227 188.8118 3.2613 -68.3440 -1.9653 -0.0215 -0.0003 250 pedestrian_0019
Pedestrian 0.00 1.00 0 0 0 0 0 0 0 0 1063.46 372.10 1066.77 379.46 1.9158 0.4880 0.7507 -27.4379 5.0756 -149.1355 0.0368 -0.0215 -0.0003 251 pedestrian_0018
Pedestrian 0.00 1.00 0 0 0 0 0 0 0 0 901.37 371.97 902.76 375.27 1.9158 0.4880 0.7507 33.7082 8.8825 -326.9489 -0.0053 -0.0215 -0.0003 252 pedestrian_0007
Pedestrian 1.00 1.00 0 0 0 0 0 0 0 0 -1000.00 -1000.00 -1000.00 -1000.00 1.9158 0.4880 0.6345 18.2222 0.2700 70.8592 0.0504 -0.0215 -0.0003 253 pedestrian_0008
Pedestrian 0.00 1.00 0 0 0 0 0 0 0 0 854.06 371.96 855.12 375.26 1.9158 0.4880 0.5207 61.2236 8.8604 -326.3680 0.0146 -0.0215 -0.0003 254 pedestrian_0022
Pedestrian 0.00 1.00 0 0 0 0 0 0 0 0 1413.76 372.21 1417.41 379.09 1.9158 0.4880 0.5976 -127.1376 5.3241 -159.1337 -1.5384 -0.0215 -0.0003 255 pedestrian_0024
Pedestrian 0.00 0.20 5 10 14 82 1 0 0 0 774.04 388.95 785.61 412.05 1.1330 0.4333 0.5854 8.7694 2.5192 -31.4415 -1.7700 -0.0215 -0.0003 256 pedestrian_0011
Pedestrian 1.00 1.00 0 0 0 5 0 0 0 0 -1000.00 -1000.00 -1000.00 -1000.00 1.9158 0.4880 0.7507 102.5068 1.6576 14.6251 1.4094 -0.0215 -0.0003 257 pedestrian_0006
Pedestrian 1.00 1.00 0 0 0 0 0 0 0 0 -1000.00 -1000.00 -1000.00 -1000.00 1.9158 0.4880 0.7507 137.6603 -0.2095 91.1273 3.1339 -0.0215 -0.0003 258 pedestrian_0005
Pedestrian 1.00 1.00 0 0 0 0 0 0 0 0 -1000.00 -1000.00 -1000.00 -1000.00 1.9158 0.4880 0.7507 188.1819 2.1847 -18.3274 1.6074 -0.0215 -0.0003 259 pedestrian_0003
Pedestrian 1.00 1.00 0 0 0 0 0 0 0 0 -1000.00 -1000.00 -1000.00 -1000.00 1.9158 0.4880 0.7289 -90.5972 -3.5131 -37.3082 -1.5472 -0.0215 -0.0003 260 pedestrian_0001
Pedestrian 1.00 1.00 0 0 0 0 0 0 0 0 -1000.00 -1000.00 -1000.00 -1000.00 1.3390 0.3253 0.5005 191.5824 1.7006 3.7182 0.5828 -0.0215 -0.0003 261 pedestrian_0014
Pedestrian 0.00 1.00 0 0 0 0 0 0 0 0 472.65 371.96 478.42 381.47 1.9158 0.4880 0.7507 97.9441 4.3333 -116.5144 1.6089 -0.0215 -0.0003 262 pedestrian_0020
Pedestrian 0.00 1.00 0 0 0 0 0 0 0 0 691.15 372.33 693.49 377.39 1.9158 0.4880 0.6100 101.5959 6.5975 -214.8262 1.1247 -0.0215 -0.0003 263 pedestrian_0025
Pedestrian 0.00 1.00 0 0 0 1 0 0 0 0 1005.47 372.68 1007.92 380.21 1.9158 0.4880 0.3901 -11.9159 5.1533 -145.9072 -2.2044 -0.0215 -0.0003 264 pedestrian_0026
Pedestrian 1.00 1.00 0 0 0 0 0 0 0 0 -1000.00 -1000.00 -1000.00 -1000.00 1.9158 0.4880 0.7507 304.7803 5.5245 -175.2876 1.5862 -0.0215 -0.0003 265 pedestrian_0025
Pedestrian 1.00 1.00 0 0 0 0 0 0 0 0 -1000.00 -1000.00 -1000.00 -1000.00 1.3390 0.3253 0.4239 183.1879 3.3915 -67.6087 -3.1201 -0.0215 -0.0003 266 pedestrian_0013
Pedestrian 1.00 1.00 0 0 0 5 0 0 0 0 -1000.00 -1000.00 -1000.00 -1000.00 1.9158 0.4880 0.3793 190.0144 1.1020 31.9379 -0.2718 -0.0215 -0.0003 267 pedestrian_0015
Pedestrian 1.00 1.00 0 0 0 0 0 0 0 0 -1000.00 -1000.00 -1000.00 -1000.00 1.9158 0.4880 0.3899 165.4586 0.2591 71.4683 2.1597 -0.0215 -0.0003 268 pedestrian_0021
Pedestrian 0.00 1.00 0 0 0 0 0 0 0 0 1310.47 374.31 1312.48 377.50 1.1330 0.4333 0.4221 -125.5320 6.2461 -202.4261 -1.5587 -0.0215 -0.0003 269 pedestrian_0010
Pedestrian 1.00 1.00 71 70 134 6214 0 0 8 19 -1000.00 -1000.00 -1000.00 -1000.00 1.9158 0.4880 0.4794 9.7969 1.7729 10.7656 1.3022 -0.0215 -0.0003 270 pedestrian_0023
Pedestrian 0.00 1.00 0 0 0 0 0 0 0 0 1002.57 373.15 1003.72 376.00 1.3390 0.3253 0.4528 -20.3021 7.5282 -265.2999 2.7037 -0.0215 -0.0003 271 pedestrian_0013
Pedestrian 0.00 1.00 0 0 0 0 0 0 0 0 133.27 371.74 136.26 376.93 1.9158 0.4880 0.3943 305.2873 6.2608 -209.5006 -1.6581 -0.0215 -0.0003 272 pedestrian_0016
Pedestrian 0.00 1.00 0 0 0 0 0 0 0 0 589.45 373.37 591.36 376.86 1.3390 0.3253 0.5005 142.2345 6.4859 -217.7662 -3.0449 -0.0215 -0.0003 273 pedestrian_0014
Pedestrian 1.00 1.00 0 0 0 2 0 0 0 0 -1000.00 -1000.00 -1000.00 -1000.00 1.9158 0.4880 0.5953 236.2558 1.0676 30.2078 1.7721 -0.0215 -0.0003 274 pedestrian_0019
Pedestrian 0.00 1.00 0 0 0 0 0 0 0 0 678.31 373.01 679.16 375.81 1.3390 0.3253 0.2590 134.7398 7.5740 -269.9815 0.1237 -0.0215 -0.0003 275 pedestrian_0013
Pedestrian 0.00 1.00 0 0 0 0 0 0 0 0 539.55 371.94 544.00 379.37 1.9158 0.4880 0.7507 108.0679 5.0003 -147.6777 3.1191 -0.0215 -0.0003 276 pedestrian_0023
Pedestrian 0.00 1.00 0 0 2 3 1 0 0 0 977.55 376.24 980.55 381.35 1.1330 0.4333 0.6667 -4.2466 4.7543 -128.0189 3.1073 -0.0215 -0.0003 277 pedestrian_0011
Pedestrian 1.00 1.00 0 0 0 0 0 0 0 0 -1000.00 -1000.00 -1000.00 -1000.00 1.3390 0.3253 0.4489 188.6789 2.7278 -45.7023 0.0415 -0.0215 -0.0003 278 pedestrian_0012
Pedestrian 1.00 1.00 0 0 0 0 0 0 0 0 -1000.00 -1000.00 -1000.00 -1000.00 1.9158 0.4880 0.5440 256.4040 -9.7901 71.8016 -1.0425 -0.0215 -0.0003 279 pedestrian_0015
Pedestrian 1.00 1.00 0 0 0 0 0 0 0 0 -1000.00 -1000.00 -1000.00 -1000.00 1.9158 0.4880 0.7507 187.4062 0.0798 84.6650 1.8533 -0.0215 -0.0003 280 pedestrian_0017
Pedestrian 1.00 1.00 0 0 0 0 0 0 0 0 -1000.00 -1000.00 -1000.00 -1000.00 1.9158 0.4880 0.7507 75.4689 -11.3041 145.5543 -3.1245 -0.0215 -0.0003 281 pedestrian_0005
Pedestrian 1.00 1.00 0 0 0 0 0 0 0 0 -1000.00 -1000.00 -1000.00 -1000.00 1.1330 0.4333 0.3663 221.1470 1.6128 13.6800 -2.2521 -0.0215 -0.0003 282 pedestrian_0009
Pedestrian 0.00 1.00 0 0 0 0 0 0 0 0 931.89 373.64 933.41 376.18 1.1330 0.4333 0.6667 12.2573 7.2484 -252.8825 0.0125 -0.0215 -0.0003 283 pedestrian_0009
Pedestrian 1.00 1.00 0 0 0 0 0 0 0 0 -1000.00 -1000.00 -1000.00 -1000.00 1.1330 0.4333 0.4160 94.0461 -0.6124 112.5972 -1.5966 -0.0215 -0.0003 284 pedestrian_0009
Pedestrian 1.00 1.00 10 4 8 77 0 0 1 0 -1000.00 -1000.00 -1000.00 -1000.00 1.9158 0.4880 0.7507 8.3009 0.5600 60.0479 1.4753 -0.0215 -0.0003 285 pedestrian_0024
Pedestrian 0.00 1.00 0 0 0 0 0 0 0 0 178.16 372.43 184.66 380.30 1.9158 0.4880 0.7507 190.1329 4.9518 -139.8108 -1.4817 -0.0215 -0.0003 286 pedestrian_0023
Pedestrian 0.00 1.00 0 0 0 2 0 0 0 0 1001.86 372.68 1004.85 380.23 1.9158 0.4880 0.6617 -11.0514 5.1493 -145.7351 0.9589 -0.0215 -0.0003 287 pedestrian_0015
Pedestrian 1.00 1.00 0 0 0 0 0 0 0 0 -1000.00 -1000.00 -1000.00 -1000.00 1.9158 0.4880 0.6227 258.5331 -9.6958 67.1831 2.0452 -0.0215 -0.0003 288 pedestrian_0025
Pedestrian 1.00 1.00 0 0 0 0 0 0 0 0 -1000.00 -1000.00 -1000.00 -1000.00 1.1330 0.4333 0.4903 -109.0717 -9.3616 95.6131 -2.1978 -0.0215 -0.0003 289 pedestrian_0009
Pedestrian 1.00 1.00 0 0 0 0 0 0 0 0 -1000.00 -1000.00 -1000.00 -1000.00 1.9158 0.4880 0.7507 167.9553 0.3995 71.9605 -1.5119 -0.0215 -0.0003 290 pedestrian_0019
Pedestrian 0.00 1.00 0 0 0 0 0 0 0 0 1160.27 372.66 1163.90 379.99 1.9158 0.4880 0.7507 -52.9643 5.2349 -149.7274 -3.0992 -0.0215 -0.0003 291 pedestrian_0007
Pedestrian 0.00 1.00 0 0 0 0 0 0 0 0 784.05 371.93 785.62 375.24 1.9158 0.4880 0.7507 101.5714 8.8339 -325.8508 0.0103 -0.0215 -0.0003 292 pedestrian_0021
Pedestrian 0.00 1.00 0 0 0 0 0 0 0 0 505.84 374.14 508.68 379.40 1.3390 0.3253 0.4337 115.4846 4.9469 -145.8449 0.0129 -0.0215 -0.0003 293 pedestrian_0014
Pedestrian 1.00 1.00 0 0 0 0 0 0 0 0 -1000.00 -1000.00 -1000.00 -1000.00 1.9158 0.4880 0.5871 -128.2995 -7.4631 35.3423 1.5187 -0.0215 -0.0003 294 pedestrian_0002
Pedestrian 0.00 0.99 6 7 7 41 6 0 0 0 1033.45 373.57 1038.95 390.28 1.9158 0.4880 0.4027 -8.7884 3.4813 -68.3797 0.9264 -0.0215 -0.0003 295 pedestrian_0026
Pedestrian 1.00 1.00 0 0 0 0 0 0 0 0 -1000.00 -1000.00 -1000.00 -1000.00 1.9158 0.4880 0.7045 107.0782 -0.1925 90.8340 -3.0947 -0.0215 -0.0003 296 pedestrian_0020
Pedestrian 1.00 1.00 0 0 0 0 0 0 0 0 -1000.00 -1000.00 -1000.00 -1000.00 1.9158 0.4880 0.7027 29.4110 0.2523 71.3590 0.0485 -0.0215 -0.0003 297 pedestrian_0016
Pedestrian 0.00 1.00 0 0 0 0 0 0 0 0 1047.36 372.10 1050.63 379.41 1.9158 0.4880 0.7507 -23.3730 5.0932 -150.0282 0.0718 -0.0215 -0.0003 298 pedestrian_0024
Pedestrian 1.00 1.00 0 0 0 0 0 0 0 0 -1000.00 -1000.00 -1000.00 -1000.00 1.9158 0.4880 0.6736 154.8012 -10.5857 110.8554 0.0079 -0.0215 -0.0003 299 pedestrian_0001
Pedestrian 0.00 1.00 0 0 0 0 0 0 0 0 1101.14 372.12 1104.30 379.39 1.9158 0.4880 0.6691 -37.7011 5.1185 -150.8735 0.1017 -0.0215 -0.0003 300 pedestrian_0025
Pedestrian 0.00 1.00 0 0 0 0 0 0 0 0 445.14 371.89 450.00 379.42 1.9158 0.4880 0.7507 130.7843 4.9515 -145.9192 3.1375 -0.0215 -0.0003 301 pedestrian_0016
Pedestrian 0.00 1.00 0 0 0 0 0 0 0 0 550.29 371.79 552.85 376.10 1.9158 0.4880 0.7507 181.9519 7.1689 -251.3757 -3.1170 -0.0215 -0.0003 302 pedestrian_0006
Pedestrian 0.00 1.00 0 0 0 0 0 0 0 0 1091.78 373.70 1093.17 377.76 1.3390 0.3253 0.4097 -43.8573 5.8763 -187.9627 -1.4729 -0.0215 -0.0003 303 pedestrian_0012
Pedestrian 0.00 1.00 0 0 0 0 0 0 0 0 488.42 371.84 490.55 375.38 1.9158 0.4880 0.7507 254.8119 8.3264 -304.6249 0.4356 -0.0215 -0.0003 304 pedestrian_0024
Pedestrian 0.00 1.00 0 0 0 0 0 0 0 0 1293.22 373.66 1294.92 377.23 1.3390 0.3253 0.4676 -125.4543 6.4680 -212.6080 1.6298 -0.0215 -0.0003 305 pedestrian_0013
Pedestrian 0.00 1.00 0 0 0 0 0 0 0 0 799.60 373.27 800.79 375.22 1.1330 0.4333 0.5387 92.8447 8.8406 -326.4809 3.0761 -0.0215 -0.0003 306 pedestrian_0011
Pedestrian 1.00 1.00 0 0 0 0 0 0 0 0 -1000.00 -1000.00 -1000.00 -1000.00 1.9158 0.4880 0.7404 168.4138 2.5580 -35.2689 -1.6586 -0.0215 -0.0003 307 pedestrian_0024
Pedestrian 0.00 1.00 0 0 0 0 0 0 0 0 906.66 371.97 907.45 375.25 1.9158 0.4880 0.3894 31.0139 8.9300 -329.1107 -0.0499 -0.0215 -0.0003 308 pedestrian_0004
Pedestrian 0.00 0.99 4 4 7 16 0 0 0 0 1037.69 373.57 1042.64 390.18 1.9158 0.4880 0.4022 -9.3080 3.4926 -68.8089 -0.5470 -0.0215 -0.0003 309 pedestrian_0019
Pedestrian 0.00 1.00 0 0 0 0 0 0 0 0 752.74 373.85 753.80 377.39 1.3390 0.3253 0.5005 78.5185 6.6005 -214.9778 -1.3013 -0.0215 -0.0003 310 pedestrian_0012
Pedestrian 1.00 1.00 0 0 0 0 0 0 0 0 -1000.00 -1000.00 -1000.00 -1000.00 1.9158 0.4880 0.5268 188.0567 3.3315 -71.6207 -1.5619 -0.0215 -0.0003 311 pedestrian_0022
Pedestrian 1.00 1.00 0 0 0 0 0 0 0 0 -1000.00 -1000.00 -1000.00 -1000.00 1.9158 0.4880 0.6620 147.9754 3.3298 -73.2945 -2.5401 -0.0215 -0.0003 312 pedestrian_0018
Pedestrian 1.00 1.00 2 5 5 51 0 0 0 0 -1000.00 -1000.00 -1000.00 -1000.00 1.9158 0.4880 0.6840 -14.2373 0.3185 69.0557 0.0457 -0.0215 -0.0003 313 pedestrian_0022
Pedestrian 1.00 1.00 0 0 0 0 0 0 0 0 -1000.00 -1000.00 -1000.00 -1000.00 1.9158 0.4880 0.3797 169.3381 2.2015 -18.8012 0.4257 -0.0215 -0.0003 314 pedestrian_0005
Pedestrian 0.00 1.00 0 0 0 0 0 0 0 0 389.40 371.98 396.51 385.78 1.9158 0.4880 0.4490 79.0266 3.5861 -81.7048 -1.5430 -0.0215 -0.0003 315 pedestrian_0018
Pedestrian 0.00 1.00 0 0 0 0 0 0 0 0 1108.21 372.05 1109.48 375.62 1.9158 0.4880 0.5165 -80.0242 8.3945 -302.4498 2.5345 -0.0215 -0.0003 316 pedestrian_0024
Pedestrian 0.00 1.00 0 0 0 0 0 0 0 0 498.73 371.78 500.93 376.15 1.9158 0.4880 0.5962 201.7913 7.0805 -247.5101 0.3804 -0.0215 -0.0003 317 pedestrian_0002
Pedestrian 0.00 1.00 0 0 0 0 0 0 0 0 519.80 374.13 522.10 379.35 1.3390 0.3253 0.3337 113.0923 4.9802 -147.2326 -2.9490 -0.0215 -0.0003 318 pedestrian_0013
Pedestrian 1.00 1.00 0 0 0 0 0 0 0 0 -1000.00 -1000.00 -1000.00 -1000.00 1.9158 0.4880 0.7507 11.3561 0.2898 69.9772 -3.1217 -0.0215 -0.0003 319 pedestrian_0018
Pedestrian 1.00 1.00 0 0 0 0 0 0 0 0 -1000.00 -1000.00 -1000.00 -1000.00 1.9158 0.4880 0.7064 216.3005 2.9299 -55.9686 -2.5048 -0.0215 -0.0003 320 pedestrian_0006
Pedestrian 0.00 1.00 0 0 0 0 0 0 0 0 563.64 371.86 565.59 375.25 1.9158 0.4880 0.7507 223.9051 8.6325 -318.3351 0.2612 -0.0215 -0.0003 321 pedestrian_0021
Pedestrian 1.00 1.00 0 0 0 0 0 0 0 0 -1000.00 -1000.00 -1000.00 -1000.00 1.1330 0.4333 0.4507 97.5280 0.1993 72.2666 0.0010 -0.0215 -0.0003 322 pedestrian_0010
Pedestrian 0.00 0.74 26 29 42 66 2 0 0 0 1295.01 373.84 1318.90 421.31 1.9158 0.4880 0.7507 -13.9436 2.4383 -26.8416 -1.4272 -0.0215 -0.0003 323 pedestrian_0022
Pedestrian 1.00 1.00 0 0 0 0 0 0 0 0 -1000.00 -1000.00 -1000.00 -1000.00 1.9158 0.4880 0.7507 75.5705 0.3671 68.0177 1.6472 -0.0215 -0.0003 324 pedestrian_0015
Pedestrian 0.00 0.89 1 0 0 3 0 0 0 0 1043.36 372.27 1048.68 388.55 1.9158 0.4880 0.3754 -10.1689 3.3661 -69.9834 2.0970 -0.0215 -0.0003 325 pedestrian_0005
Pedestrian 1.00 1.00 0 0 0 0 0 0 0 0 -1000.00 -1000.00 -1000.00 -1000.00 1.9158 0.4880 0.6192 214.4361 -11.3399 144.9296 -0.2484 -0.0215 -0.0003 326 pedestrian_0006
Pedestrian 0.00 1.00 0 0 0 0 0 0 0 0 369.17 371.86 373.86 378.56 1.9158 0.4880 0.7507 168.7931 5.3177 -163.4359 1.4652 -0.0215 -0.0003 327 pedestrian_0002
Pedestrian 0.00 1.00 0 0 0 0 0 0 0 0 275.44 372.42 279.98 379.78 1.9158 0.4880 0.6380 177.9585 5.1544 -149.0232 -0.2398 -0.0215 -0.0003 328 pedestrian_0015
Pedestrian 0.00 1.00 0 0 0 0 0 0 0 0 1222.21 372.10 1224.44 376.39 1.9158 0.4880 0.7507 -117.7667 7.3280 -252.3426 -1.1898 -0.0215 -0.0003 329 pedestrian_0005
Pedestrian 0.00 1.00 0 0 0 0 0 0 0 0 478.45 373.27 479.47 375.38 1.1330 0.4333 0.3875 258.5294 8.2648 -302.3455 0.6832 -0.0215 -0.0003 330 pedestrian_0010
Pedestrian 1.00 1.00 0 0 0 0 0 0 0 0 -1000.00 -1000.00 -1000.00 -1000.00 1.9158 0.4880 0.7026 95.4732 2.1099 -13.3515 1.5964 -0.0215 -0.0003 331 pedestrian_0001
Pedestrian 0.00 1.00 0 0 0 1 1 0 0 0 887.76 372.05 889.90 379.47 1.9158 0.4880 0.3822 18.3985 5.0299 -147.7427 -1.6121 -0.0215 -0.0003 332 pedestrian_0017
Pedestrian 1.00 1.00 0 0 0 0 0 0 0 0 -1000.00 -1000.00 -1000.00 -1000.00 1.9158 0.4880 0.5938 75.6630 0.5859 57.7574 1.6040 -0.0215 -0.0003 333 pedestrian_0023
Pedestrian 0.00 1.00 0 0 0 0 0 0 0 0 1039.58 374.27 1041.22 379.40 1.3390 0.3253 0.4009 -21.0275 5.0713 -149.4182 -0.0852 -0.0215 -0.0003 334 pedestrian_0013
Pedestrian 1.00 1.00 0 0 0 0 0 0 0 0 -1000.00 -1000.00 -1000.00 -1000.00 1.9158 0.4880 0.6627 100.2888 2.7980 -47.9585 0.0587 -0.0215 -0.0003 335 pedestrian_0019
Pedestrian 0.00 1.00 0 2 4 4 1 0 0 0 917.90 372.05 920.57 379.15 1.9158 0.4880 0.7036 11.0275 5.1757 -154.3975 -1.1125 -0.0215 -0.0003 336 pedestrian_0017
Pedestrian 0.00 1.00 0 0 0 0 0 0 0 0 614.22 371.88 616.09 375.21 1.9158 0.4880 0.7507 198.4731 8.7527 -323.4556 -3.0577 -0.0215 -0.0003 337 pedestrian_0025
Pedestrian 1.00 1.00 0 0 0 0 0 0 0 0 -1000.00 -1000.00 -1000.00 -1000.00 1.9158 0.4880 0.7507 242.0020 -11.1283 134.3693 2.6781 -0.0215 -0.0003 338 pedestrian_0006
Pedestrian 1.00 1.00 0 0 0 0 0 0 0 0 -1000.00 -1000.00 -1000.00 -1000.00 1.1330 0.4333 0.5961 265.7488 -9.0599 36.8464 -1.5058 -0.0215 -0.0003 339 pedestrian_0011
Pedestrian 1.00 1.00 0 0 0 0 0 0 0 0 -1000.00 -1000.00 -1000.00 -1000.00 1.1330 0.4333 0.5371 215.3593 0.4032 60.8885 -1.2650 -0.0215 -0.0003 340 pedestrian_0011
Pedestrian 1.00 1.00 0 0 0 0 0 0 0 0 -1000.00 -1000.00 -1000.00 -1000.00 1.3390 0.3253 0.3045 166.6936 -0.3646 100.1433 -1.5594 -0.0215 -0.0003 341 pedestrian_0013
Pedestrian 1.00 1.00 0 0 0 0 0 0 0 0 -1000.00 -1000.00 -1000.00 -1000.00 1.9158 0.4880 0.7507 106.8554 -1.4876 153.5707 -0.0043 -0.0215 -0.0003 342 pedestrian_0007
Pedestrian 0.00 1.00 0 0 0 0 0 0 0 0 277.39 371.83 284.46 381.13 1.9158 0.4880 0.7507 140.4773 4.3640 -119.1174 -1.5992 -0.0215 -0.0003 343 pedestrian_0021
Pedestrian 1.00 1.00 0 0 0 0 0 0 0 0 -1000.00 -1000.00 -1000.00 -1000.00 1.1330 0.4333 0.5959 301.9527 -9.2352 44.4803 -1.4293 -0.0215 -0.0003 344 pedestrian_0010
Pedestrian 0.00 1.00 0 0 0 0 0 0 0 0 504.43 371.80 510.30 383.59 1.9158 0.4880 0.5233 73.8410 3.8405 -94.8785 -1.7391 -0.0215 -0.0003 345 pedestrian_0021
Pedestrian 1.00 1.00 0 0 0 0 0 0 0 0 -1000.00 -1000.00 -1000.00 -1000.00 1.3390 0.3253 0.3147 18.4953 1.7650 3.5232 0.0224 -0.0215 -0.0003 346 pedestrian_0014
Pedestrian 1.00 1.00 0 0 0 0 0 0 0 0 -1000.00 -1000.00 -1000.00 -1000.00 1.9158 0.4880 0.5714 190.2723 3.0723 -55.0903 1.4569 -0.0215 -0.0003 347 pedestrian_0023
Pedestrian 0.00 0.96 0 1 2 3 0 0 0 0 911.40 372.05 914.11 379.09 1.9158 0.4880 0.7507 12.9054 5.2092 -155.8724 1.2724 -0.0215 -0.0003 348 pedestrian_0008
Pedestrian 0.00 1.00 0 0 0 0 0 0 0 0 711.64 371.91 712.65 375.23 1.9158 0.4880 0.4368 143.1930 8.7953 -324.6687 1.9221 -0.0215 -0.0003 349 pedestrian_0006
Pedestrian 1.00 1.00 0 0 0 0 0 0 0 0 -1000.00 -1000.00 -1000.00 -1000.00 1.9158 0.4880 0.6613 160.6246 1.6396 7.4407 -3.0902 -0.0215 -0.0003 350 pedestrian_0022
Pedestrian 1.00 1.00 0 0 0 0 0 0 0 0 -1000.00 -1000.00 -1000.00 -1000.00 1.9158 0.4880 0.7388 188.2391 3.9745 -101.4623 -1.5933 -0.0215 -0.0003 351 pedestrian_0023
Pedestrian 1.00 1.00 0 0 0 0 0 0 0 0 -1000.00 -1000.00 -1000.00 -1000.00 1.9158 0.4880 0.7202 168.4133 2.1655 -17.1144 1.6220 -0.0215 -0.0003 352 pedestrian_0006
Pedestrian 0.00 1.00 0 0 0 0 0 0 0 0 699.89 371.93 701.72 376.88 1.9158 0.4880 0.3920 100.6020 6.5479 -219.5830 -1.8986 -0.0215 -0.0003 353 pedestrian_0024
Pedestrian 0.00 1.00 0 0 0 0 0 0 0 0 1724.92 375.78 1733.39 382.73 1.1330 0.4333 0.6667 -126.4568 3.7296 -95.5940 -1.5507 -0.0215 -0.0003 354 pedestrian_0011
Pedestrian 0.00 0.68 4 3 6 27 0 0 0 0 1024.42 372.19 1028.22 385.08 1.9158 0.4880 0.6491 -9.9057 3.7376 -87.2551 1.5648 -0.0215 -0.0003 355 pedestrian_0017
Pedestrian 1.00 1.00 0 0 0 0 0 0 0 0 -1000.00 -1000.00 -1000.00 -1000.00 1.3390 0.3253 0.3490 183.5292 -10.6207 111.5702 0.0043 -0.0215 -0.0003 356 pedestrian_0012
Pedestrian 0.00 1.00 0 0 0 0 0 0 0 0 436.13 371.82 437.42 375.53 1.9158 0.4880 0.4546 270.4168 8.0245 -290.9123 -2.3849 -0.0215 -0.0003 357 pedestrian_0020
Pedestrian 1.00 1.00 0 0 0 0 0 0 0 0 -1000.00 -1000.00 -1000.00 -1000.00 1.9158 0.4880 0.7507 134.4065 1.6638 6.7380 3.1399 -0.0215 -0.0003 358 pedestrian_0017
Pedestrian 0.00 1.00 0 0 0 0 0 0 0 0 1117.41 372.12 1119.26 379.44 1.9158 0.4880 0.4065 -41.5402 5.0966 -149.8739 2.9748 -0.0215 -0.0003 359 pedestrian_0025
Pedestrian 0.00 1.00 0 0 0 0 0 0 0 0 532.93 372.87 534.02 375.27 1.3390 0.3253 0.4357 238.0670 8.5218 -313.8267 -2.5878 -0.0215 -0.0003 360 pedestrian_0013
Pedestrian 0.00 1.00 0 0 0 0 0 0 0 0 533.78 372.87 534.58 375.27 1.3390 0.3253 0.2999 237.4406 8.5139 -313.5207 0.5349 -0.0215 -0.0003 361 pedestrian_0013
Pedestrian 0.00 1.00 0 0 0 0 0 0 0 0 283.21 376.78 288.91 388.28 1.3390 0.3253 0.2502 78.8805 3.3043 -69.3379 2.9031 -0.0215 -0.0003 362 pedestrian_0013
Pedestrian 0.00 1.00 0 0 0 0 0 0 0 0 676.83 374.94 680.30 379.33 1.1330 0.4333 0.6667 73.0234 5.0111 -148.2794 -0.0090 -0.0215 -0.0003 363 pedestrian_0011
Pedestrian 0.00 1.00 0 0 0 0 0 0 0 0 400.09 378.31 409.50 394.50 1.3390 0.3253 0.4252 46.2469 2.8659 -50.6341 -3.1066 -0.0215 -0.0003 364 pedestrian_0012
Pedestrian 1.00 1.00 0 0 0 0 0 0 0 0 -1000.00 -1000.00 -1000.00 -1000.00 1.9158 0.4880 0.5445 89.8132 -0.0304 92.9033 -2.7879 -0.0215 -0.0003 365 pedestrian_0023
Pedestrian 0.00 0.98 0 0 1 2 0 0 0 0 1002.87 372.10 1005.72 380.60 1.9158 0.4880 0.4485 -10.0237 4.6553 -129.8854 1.0227 -0.0215 -0.0003 366 pedestrian_0005
Pedestrian 0.00 1.00 0 0 0 0 0 0 0 0 879.91 371.90 881.31 375.90 1.9158 0.4880 0.6106 38.1028 7.6289 -270.4637 0.0323 -0.0215 -0.0003 367 pedestrian_0021
Pedestrian 0.00 1.00 0 0 0 0 0 0 0 0 618.15 375.95 621.25 380.86 1.1330 0.4333 0.4254 78.8658 4.8309 -132.9205 1.4948 -0.0215 -0.0003 368 pedestrian_0010
Pedestrian 1.00 1.00 0 0 0 0 0 0 0 0 -1000.00 -1000.00 -1000.00 -1000.00 1.9158 0.4880 0.3754 187.1935 3.3797 -66.7365 0.6465 -0.0215 -0.0003 369 pedestrian_0020
Pedestrian 0.00 1.00 0 0 0 0 0 0 0 0 307.58 380.08 320.23 400.39 1.3390 0.3253 0.4354 43.0018 2.6785 -41.3559 3.1089 -0.0215 -0.0003 370 pedestrian_0012
Pedestrian 1.00 1.00 0 0 0 0 0 0 0 0 -1000.00 -1000.00 -1000.00 -1000.00 1.9158 0.4880 0.6513 187.5977 0.7010 50.6062 1.6219 -0.0215 -0.0003 371 pedestrian_0015
Pedestrian 0.00 0.67 4 4 11 28 4 0 0 0 959.30 373.46 966.23 389.20 1.9158 0.4880 0.7507 -0.3380 3.5661 -72.3655 0.2416 -0.0215 -0.0003 372 pedestrian_0007
Pedestrian 0.00 1.00 0 0 0 0 0 0 0 0 948.93 371.99 950.09 375.29 1.9158 0.4880 0.6574 6.0987 8.8879 -326.6539 3.1324 -0.0215 -0.0003 373 pedestrian_0008
Pedestrian 0.00 1.00 0 0 0 0 0 0 0 0 664.28 371.97 667.31 378.99 1.9158 0.4880 0.6121 80.5236 5.1920 -156.1583 -1.5569 -0.0215 -0.0003 374 pedestrian_0020
Pedestrian 1.00 1.00 0 0 2 1 0 0 0 0 -1000.00 -1000.00 -1000.00 -1000.00 1.9158 0.4880 0.5420 188.2763 1.4144 24.5339 1.5497 -0.0215 -0.0003 375 pedestrian_0015
Pedestrian 0.00 1.00 0 0 0 0 0 0 0 0 72.65 379.68 81.91 395.27 1.3390 0.3253 0.3258 76.6209 3.0505 -52.5763 2.2974 -0.0215 -0.0003 376 pedestrian_0012
Pedestrian 1.00 1.00 0 0 0 0 0 0 0 0 -1000.00 -1000.00 -1000.00 -1000.00 1.9158 0.4880 0.4451 189.0947 0.7969 46.0171 -1.5777 -0.0215 -0.0003 377 pedestrian_0017
Pedestrian 0.00 1.00 0 0 0 0 0 0 0 0 118.06 373.15 127.42 391.41 1.9158 0.4880 0.3797 88.4031 3.3045 -62.9813 -0.5216 -0.0215 -0.0003 378 pedestrian_0025
Pedestrian 0.00 0.68 3 3 5 27 0 0 0 0 833.81 382.06 840.71 395.13 1.1330 0.4333 0.6667 10.8373 3.0875 -53.4155 1.5288 -0.0215 -0.0003 379 pedestrian_0009
Pedestrian 0.00 0.06 49 50 89 727 14 0 0 0 1296.31 374.87 1320.60 443.80 1.9158 0.4880 0.6117 -9.7122 2.2895 -19.9970 -1.5560 -0.0215 -0.0003 380 pedestrian_0002
Pedestrian 0.00 1.00 0 0 0 0 0 0 0 0 376.28 372.97 377.61 375.72 1.3390 0.3253 0.3908 284.2682 7.6623 -274.6919 -2.2198 -0.0215 -0.0003 381 pedestrian_0013
Pedestrian 1.00 1.00 0 0 0 0 0 0 0 0 -1000.00 -1000.00 -1000.00 -1000.00 1.3390 0.3253 0.5005 126.7966 2.8209 -49.8489 -3.0411 -0.0215 -0.0003 382 pedestrian_0012
Pedestrian 0.00 1.00 0 0 0 0 0 0 0 0 369.46 374.86 373.67 379.28 1.1330 0.4333 0.6035 151.3882 4.9577 -147.0633 -0.0196 -0.0215 -0.0003 383 pedestrian_0010
Pedestrian 0.00 1.00 0 0 0 0 0 0 0 0 593.03 372.86 594.31 375.20 1.3390 0.3253 0.5005 209.9799 8.7099 -322.1604 -3.0900 -0.0215 -0.0003 384 pedestrian_0013
Pedestrian 0.00 1.00 0 0 0 0 0 0 0 0 532.88 371.79 535.12 376.10 1.9158 0.4880 0.5960 189.8427 7.1695 -251.4583 1.3828 -0.0215 -0.0003 385 pedestrian_0015
Pedestrian 1.00 1.00 0 0 0 0 0 0 0 0 -1000.00 -1000.00 -1000.00 -1000.00 1.9158 0.4880 0.4131 98.9471 0.1978 79.9430 0.5677 -0.0215 -0.0003 386 pedestrian_0018
Pedestrian 0.00 1.00 0 0 0 0 0 0 0 0 475.65 372.89 476.88 375.40 1.3390 0.3253 0.4393 259.1623 8.2468 -301.4084 -2.5475 -0.0215 -0.0003 387 pedestrian_0013
Pedestrian 1.00 1.00 0 0 0 0 0 0 0 0 -1000.00 -1000.00 -1000.00 -1000.00 1.9158 0.4880 0.4285 236.4791 0.9683 34.8735 -1.5138 -0.0215 -0.0003 388 pedestrian_0022
Pedestrian 0.00 1.00 0 0 0 0 0 0 0 0 1047.14 372.03 1048.66 375.41 1.9158 0.4880 0.7507 -49.8879 8.7413 -319.0390 -0.3917 -0.0215 -0.0003 389 pedestrian_0003
Pedestrian 0.00 1.00 0 0 0 0 0 0 0 0 580.32 371.87 582.22 375.23 1.9158 0.4880 0.7507 215.9495 8.6817 -320.4942 0.2618 -0.0215 -0.0003 390 pedestrian_0021
Pedestrian 0.00 1.00 0 0 0 0 0 0 0 0 486.22 371.84 488.06 375.38 1.9158 0.4880 0.5612 255.8939 8.3211 -304.4035 0.1689 -0.0215 -0.0003 392 pedestrian_0005
Pedestrian 1.00 1.00 0 0 0 0 0 0 0 0 -1000.00 -1000.00 -1000.00 -1000.00 1.9158 0.4880 0.4774 230.9993 -10.3515 98.5017 2.4755 -0.0215 -0.0003 393 pedestrian_0026
Pedestrian 0.00 1.00 0 0 0 0 0 0 0 0 533.01 371.83 539.50 383.02 1.9158 0.4880 0.7507 72.8913 3.9517 -99.8025 -1.6392 -0.0215 -0.0003 394 pedestrian_0022
Pedestrian 1.00 1.00 0 0 0 0 0 0 0 0 -1000.00 -1000.00 -1000.00 -1000.00 1.1330 0.4333 0.6667 -48.2090 -9.9912 101.8676 0.3967 -0.0215 -0.0003 395 pedestrian_0010
Pedestrian 0.00 1.00 0 0 0 0 0 0 0 0 605.32 371.65 614.57 388.08 1.9158 0.4880 0.7507 41.0070 3.2810 -69.3903 0.0172 -0.0215 -0.0003 396 pedestrian_0006
Pedestrian 1.00 1.00 0 0 0 0 0 0 0 0 -1000.00 -1000.00 -1000.00 -1000.00 1.3390 0.3253 0.3932 187.8884 3.2693 -69.0903 1.3081 -0.0215 -0.0003 397 pedestrian_0012
Pedestrian 1.00 1.00 0 0 0 0 0 0 0 0 -1000.00 -1000.00 -1000.00 -1000.00 1.1330 0.4333 0.6667 117.1391 3.1783 -66.4271 -3.1279 -0.0215 -0.0003 398 pedestrian_0010
Pedestrian 0.00 1.00 0 0 0 0 0 0 0 0 753.63 372.00 757.24 379.34 1.9158 0.4880 0.7507 53.5107 5.0547 -149.4482 0.0055 -0.0215 -0.0003 399 pedestrian_0007
Pedestrian 1.00 1.00 0 0 0 0 0 0 0 0 -1000.00 -1000.00 -1000.00 -1000.00 1.9158 0.4880 0.6437 186.3966 -11.3862 147.5339 0.0104 -0.0215 -0.0003 400 pedestrian_0001
Pedestrian 0.00 1.00 0 0 0 0 0 0 0 0 272.08 372.42 277.22 379.82 1.9158 0.4880 0.7507 177.9320 5.1400 -148.3566 3.0053 -0.0215 -0.0003 401 pedestrian_0016
Pedestrian 0.00 1.00 0 0 0 0 0 0 0 0 892.51 371.97 893.90 375.27 1.9158 0.4880 0.7507 38.8648 8.8811 -326.9671 -3.1242 -0.0215 -0.0003 402 pedestrian_0021
Pedestrian 1.00 1.00 0 0 0 0 0 0 0 0 -1000.00 -1000.00 -1000.00 -1000.00 1.9158 0.4880 0.4970 97.3307 -1.4900 153.8403 0.0367 -0.0215 -0.0003 403 pedestrian_0006
Pedestrian 0.00 1.00 0 0 0 0 0 0 0 0 615.20 372.54 619.35 379.94 1.9158 0.4880 0.7507 88.9224 5.1691 -148.2671 -0.0267 -0.0215 -0.0003 404 pedestrian_0023
Pedestrian 1.00 1.00 0 0 0 0 0 0 0 0 -1000.00 -1000.00 -1000.00 -1000.00 1.1330 0.4333 0.4582 193.9921 3.1202 -64.9713 -2.8447 -0.0215 -0.0003 405 pedestrian_0011
Pedestrian 1.00 1.00 0 0 0 0 0 0 0 0 -1000.00 -1000.00 -1000.00 -1000.00 1.9158 0.4880 0.5457 143.8234 2.7775 -47.6812 -0.0604 -0.0215 -0.0003 406 pedestrian_0004
Pedestrian 1.00 1.00 0 0 0 0 0 0 0 0 -1000.00 -1000.00 -1000.00 -1000.00 1.9158 0.4880 0.4622 195.7166 3.1354 -65.1336 0.2403 -0.0215 -0.0003 407 pedestrian_0026
Pedestrian 1.00 1.00 0 0 0 0 0 0 0 0 -1000.00 -1000.00 -1000.00 -1000.00 1.3390 0.3253 0.3570 170.1344 -0.0739 93.5745 0.1450 -0.0215 -0.0003 408 pedestrian_0013
Pedestrian 0.00 1.00 0 0 0 0 0 0 0 0 538.39 374.90 541.87 379.27 1.1330 0.4333 0.5606 109.1929 5.0090 -148.6105 -3.0906 -0.0215 -0.0003 409 pedestrian_0010
Pedestrian 1.00 1.00 0 0 0 0 0 0 0 0 -1000.00 -1000.00 -1000.00 -1000.00 1.9158 0.4880 0.5183 72.6465 -0.1920 91.3636 0.2212 -0.0215 -0.0003 410 pedestrian_0020
Pedestrian 0.00 1.00 0 0 0 0 0 0 0 0 144.83 371.66 150.01 378.00 1.9158 0.4880 0.6981 246.1823 5.4482 -172.3796 1.5676 -0.0215 -0.0003 411 pedestrian_0025
Pedestrian 0.00 1.00 0 0 0 0 0 0 0 0 1009.08 375.99 1011.27 380.80 1.1330 0.4333 0.6296 -11.8984 4.9268 -135.9089 -1.5255 -0.0215 -0.0003 412 pedestrian_0010
Pedestrian 0.00 1.00 0 0 0 0 0 0 0 0 783.28 371.99 785.98 378.48 1.9158 0.4880 0.7507 51.9557 5.4686 -168.6662 -1.6821 -0.0215 -0.0003 413 pedestrian_0015
Pedestrian 1.00 1.00 0 0 0 0 0 0 0 0 -1000.00 -1000.00 -1000.00 -1000.00 1.1330 0.4333 0.3527 75.7127 -1.3937 149.1690 1.5497 -0.0215 -0.0003 414 pedestrian_0011
Pedestrian 1.00 1.00 22 28 41 225 0 9 0 0 -1000.00 -1000.00 -1000.00 -1000.00 1.9158 0.4880 0.6250 -27.4733 1.7715 4.2879 2.9421 -0.0215 -0.0003 415 pedestrian_0025
Pedestrian 1.00 1.00 0 0 0 0 0 0 0 0 -1000.00 -1000.00 -1000.00 -1000.00 1.1330 0.4333 0.6527 -91.4231 -5.3515 -21.0886 -1.5847 -0.0215 -0.0003 416 pedestrian_0009
Pedestrian 1.00 1.00 0 0 0 0 0 0 0 0 -1000.00 -1000.00 -1000.00 -1000.00 1.9158 0.4880 0.7507 -91.3204 -4.1765 -32.3206 1.5790 -0.0215 -0.0003 417 pedestrian_0026
Pedestrian 0.00 1.00 0 0 0 0 0 0 0 0 1013.05 372.02 1014.44 375.33 1.9158 0.4880 0.7507 -31.0932 8.8669 -325.1029 2.9409 -0.0215 -0.0003 418 pedestrian_0019
Pedestrian 1.00 1.00 0 0 0 0 0 0 0 0 -1000.00 -1000.00 -1000.00 -1000.00 1.9158 0.4880 0.7507 187.9957 3.8808 -97.1073 -1.5975 -0.0215 -0.0003 419 pedestrian_0018
Pedestrian 0.00 1.00 0 0 0 0 0 0 0 0 486.82 371.83 488.39 375.39 1.9158 0.4880 0.4232 255.0737 8.3060 -303.7363 1.8542 -0.0215 -0.0003 420 pedestrian_0026
Pedestrian 1.00 1.00 31 41 70 2852 0 11 7 0 -1000.00 -1000.00 -1000.00 -1000.00 1.9158 0.4880 0.7507 -14.3105 1.6792 15.5071 -1.6512 -0.0215 -0.0003 421 pedestrian_0005
Pedestrian 1.00 1.00 0 0 0 0 0 0 0 0 -1000.00 -1000.00 -1000.00 -1000.00 1.9158 0.4880 0.7507 103.6073 0.1748 73.8258 3.1218 -0.0215 -0.0003 422 pedestrian_0021
Pedestrian 1.00 1.00 0 0 0 0 0 0 0 0 -1000.00 -1000.00 -1000.00 -1000.00 1.9158 0.4880 0.6696 167.2181 -0.6475 113.5724 -1.5179 -0.0215 -0.0003 423 pedestrian_0025
Pedestrian 1.00 1.00 0 0 0 0 0 0 0 0 -1000.00 -1000.00 -1000.00 -1000.00 1.9158 0.4880 0.4697 40.2102 0.2487 71.4203 -3.0488 -0.0215 -0.0003 424 pedestrian_0008
Pedestrian 1.00 1.00 4 7 8 69 0 0 0 1 -1000.00 -1000.00 -1000.00 -1000.00 1.9158 0.4880 0.4746 46.0842 1.7234 5.4056 0.0384 -0.0215 -0.0003 425 pedestrian_0018
Pedestrian 0.00 1.00 0 0 0 0 0 0 0 0 126.40 371.64 130.30 378.14 1.9158 0.4880 0.4560 245.7608 5.3562 -168.2473 1.3658 -0.0215 -0.0003 426 pedestrian_0020
Pedestrian 0.00 1.00 0 0 0 0 0 0 0 0 744.49 373.36 745.60 376.77 1.3390 0.3253 0.2502 84.5062 6.5908 -222.3625 1.5161 -0.0215 -0.0003 427 pedestrian_0012
Pedestrian 1.00 1.00 0 0 0 0 0 0 0 0 -1000.00 -1000.00 -1000.00 -1000.00 1.1330 0.4333 0.4416 188.4024 0.9616 37.9577 -1.3769 -0.0215 -0.0003 428 pedestrian_0011
Pedestrian 0.00 1.00 0 0 0 0 0 0 0 0 728.00 371.90 729.77 376.36 1.9158 0.4880 0.5707 99.2745 7.0265 -242.5417 -1.6162 -0.0215 -0.0003 429 pedestrian_0006
Pedestrian 1.00 1.00 0 0 0 0 0 0 0 0 -1000.00 -1000.00 -1000.00 -1000.00 1.9158 0.4880 0.6322 75.7646 -0.9650 129.7970 -1.5600 -0.0215 -0.0003 430 pedestrian_0021
Pedestrian 0.00 1.00 0 0 0 0 0 0 0 0 343.67 371.72 347.20 376.64 1.9158 0.4880 0.7507 239.7067 6.4864 -220.6432 1.3446 -0.0215 -0.0003 431 pedestrian_0026
Pedestrian 1.00 1.00 0 2 2 0 0 0 0 0 -1000.00 -1000.00 -1000.00 -1000.00 1.9158 0.4880 0.5341 -74.3864 -9.1618 81.4955 -2.2948 -0.0215 -0.0003 432 pedestrian_0026
Pedestrian 1.00 1.00 0 0 0 0 0 0 0 0 -1000.00 -1000.00 -1000.00 -1000.00 1.9158 0.4880 0.4919 159.5623 3.2787 -71.0114 0.2623 -0.0215 -0.0003 433 pedestrian_0002
Pedestrian 1.00 1.00 0 0 0 0 0 0 0 0 -1000.00 -1000.00 -1000.00 -1000.00 1.9158 0.4880 0.7507 182.9841 3.3840 -66.8676 2.9862 -0.0215 -0.0003 434 pedestrian_0001
Pedestrian 1.00 1.00 0 0 0 0 0 0 0 0 -1000.00 -1000.00 -1000.00 -1000.00 1.9158 0.4880 0.7308 102.4699 -11.3206 145.6755 0.0245 -0.0215 -0.0003 435 pedestrian_0022
Pedestrian 1.00 1.00 0 0 0 0 0 0 0 0 -1000.00 -1000.00 -1000.00 -1000.00 1.9158 0.4880 0.4981 111.2821 1.6507 7.7209 0.1689 -0.0215 -0.0003 436 pedestrian_0005
Pedestrian 0.00 1.00 0 0 0 0 0 0 0 0 904.68 373.19 905.87 376.18 1.3390 0.3253 0.5005 24.5230 7.2488 -252.8340 0.0058 -0.0215 -0.0003 437 pedestrian_0013
Pedestrian 0.00 1.00 0 0 0 0 0 0 0 0 202.27 373.68 205.67 376.52 1.1330 0.4333 0.6667 303.3423 6.6230 -226.8524 1.3706 -0.0215 -0.0003 438 pedestrian_0011
Pedestrian 0.00 1.00 0 0 0 0 0 0 0 0 1005.54 372.08 1007.29 379.45 1.9158 0.4880 0.3754 -12.0883 5.0624 -148.8115 -0.2490 -0.0215 -0.0003 439 pedestrian_0006
Pedestrian 1.00 1.00 0 0 0 0 0 0 0 0 -1000.00 -1000.00 -1000.00 -1000.00 1.3390 0.3253 0.3440 -127.3097 -2.1760 -47.3828 1.8693 -0.0215 -0.0003 440 pedestrian_0014
Pedestrian 0.00 1.00 0 0 0 0 0 0 0 0 659.55 371.97 662.23 379.38 1.9158 0.4880 0.4968 77.5189 5.0176 -148.1050 0.2706 -0.0215 -0.0003 441 pedestrian_0025
Pedestrian 0.00 1.00 0 0 0 0 0 0 0 0 996.21 372.01 997.11 375.31 1.9158 0.4880 0.4805 -21.2551 8.8774 -325.8229 -0.1474 -0.0215 -0.0003 442 pedestrian_0003
Pedestrian 0.00 1.00 0 0 0 0 0 0 0 0 84.47 371.39 102.08 394.47 1.9158 0.4880 0.7507 72.4338 2.8682 -50.7812 -0.1347 -0.0215 -0.0003 443 pedestrian_0024
Pedestrian 1.00 1.00 0 0 0 0 0 0 0 0 -1000.00 -1000.00 -1000.00 -1000.00 1.9158 0.4880 0.4938 97.2602 1.7575 2.9486 1.6456 -0.0215 -0.0003 444 pedestrian_0007
Pedestrian 0.00 1.00 0 0 0 0 0 0 0 0 662.02 371.97 664.68 379.27 1.9158 0.4880 0.4067 77.9865 5.0629 -150.1681 -1.4201 -0.0215 -0.0003 445 pedestrian_0023
Pedestrian 0.00 1.00 0 0 0 0 0 0 0 0 994.87 372.01 995.98 375.31 1.9158 0.4880 0.6282 -20.5851 8.8923 -326.5263 -0.0970 -0.0215 -0.0003 446 pedestrian_0026
Pedestrian 1.00 1.00 0 0 0 0 0 0 0 0 -1000.00 -1000.00 -1000.00 -1000.00 1.1330 0.4333 0.6304 72.5579 -10.5450 109.7037 -3.1342 -0.0215 -0.0003 447 pedestrian_0009
Pedestrian 1.00 1.00 0 0 0 0 0 0 0 0 -1000.00 -1000.00 -1000.00 -1000.00 1.9158 0.4880 0.5566 255.2561 -9.8134 72.9401 -1.2005 -0.0215 -0.0003 448 pedestrian_0015
Pedestrian 1.00 1.00 0 0 0 0 0 0 0 0 -1000.00 -1000.00 -1000.00 -1000.00 1.9158 0.4880 0.3833 94.2036 -0.1885 93.3157 -0.8466 -0.0215 -0.0003 449 pedestrian_0017
Pedestrian 0.00 0.56 1 2 3 47 0 0 0 0 808.02 371.64 816.14 395.11 1.9158 0.4880 0.4099 12.1548 2.8728 -50.0058 -1.9052 -0.0215 -0.0003 450 pedestrian_0023
Pedestrian 0.00 0.96 0 2 3 3 0 0 0 0 1033.02 372.25 1038.68 387.86 1.9158 0.4880 0.4892 -9.3620 3.4277 -72.8710 -2.3780 -0.0215 -0.0003 451 pedestrian_0001
Pedestrian 0.00 1.00 0 0 0 0 0 0 0 0 739.89 372.17 741.23 376.25 1.9158 0.4880 0.7483 103.4106 7.6526 -265.6569 1.8295 -0.0215 -0.0003 452 pedestrian_0017
Pedestrian 0.00 1.00 0 0 0 0 0 0 0 0 696.20 373.55 698.11 376.07 1.1330 0.4333 0.6364 118.4166 7.2385 -254.1683 -0.0585 -0.0215 -0.0003 453 pedestrian_0011
Pedestrian 1.00 1.00 0 0 0 0 0 0 0 0 -1000.00 -1000.00 -1000.00 -1000.00 1.9158 0.4880 0.7130 304.5462 5.2246 -161.4059 1.5856 -0.0215 -0.0003 454 pedestrian_0018
Pedestrian 1.00 1.00 11 11 13 191 0 0 2 0 -1000.00 -1000.00 -1000.00 -1000.00 1.9158 0.4880 0.6981 8.4252 1.0181 38.7648 -1.5531 -0.0215 -0.0003 455 pedestrian_0021
Pedestrian 1.00 1.00 0 0 0 0 0 0 0 0 -1000.00 -1000.00 -1000.00 -1000.00 1.9158 0.4880 0.4947 76.4659 0.3225 69.9025 -1.4287 -0.0215 -0.0003 456 pedestrian_0007
Pedestrian 1.00 1.00 0 0 0 0 0 0 0 0 -1000.00 -1000.00 -1000.00 -1000.00 1.9158 0.4880 0.7507 128.3960 2.7771 -47.4534 0.0507 -0.0215 -0.0003 457 pedestrian_0021
Pedestrian 1.00 1.00 0 0 0 0 0 0 0 0 -1000.00 -1000.00 -1000.00 -1000.00 1.9158 0.4880 0.7507 56.8232 -10.5321 109.8875 0.0125 -0.0215 -0.0003 458 pedestrian_0019
Pedestrian 0.00 1.00 0 0 0 0 0 0 0 0 1717.13 376.10 1724.24 382.91 1.1330 0.4333 0.5283 -127.2604 3.8278 -97.1937 -1.5513 -0.0215 -0.0003 459 pedestrian_0009
Pedestrian 0.00 1.00 0 0 0 0 0 0 0 0 1595.96 372.33 1602.00 381.96 1.9158 0.4880 0.5807 -127.4504 4.3748 -115.0111 -1.5193 -0.0215 -0.0003 460 pedestrian_0004
Pedestrian 0.00 0.93 0 2 4 8 0 0 0 0 1020.04 375.68 1022.37 384.00 1.3390 0.3253 0.4209 -9.9049 3.8784 -94.1667 1.5730 -0.0215 -0.0003 461 pedestrian_0012
Pedestrian 0.00 1.00 0 0 0 0 0 0 0 0 427.66 371.93 432.57 380.58 1.9158 0.4880 0.6073 117.7023 4.5662 -127.5756 -0.1286 -0.0215 -0.0003 462 pedestrian_0006
Pedestrian 1.00 1.00 0 0 0 0 0 0 0 0 -1000.00 -1000.00 -1000.00 -1000.00 1.1330 0.4333 0.5207 77.9589 1.7315 3.9810 1.6962 -0.0215 -0.0003 463 pedestrian_0009
Pedestrian 1.00 1.00 0 0 0 0 0 0 0 0 -1000.00 -1000.00 -1000.00 -1000.00 1.3390 0.3253 0.4471 192.7720 1.7037 3.4380 -2.9413 -0.0215 -0.0003 464 pedestrian_0014
Pedestrian 0.00 1.00 0 0 0 0 0 0 0 0 92.28 375.34 97.33 380.57 1.1330 0.4333 0.3944 188.3167 4.4730 -125.1059 -1.5232 -0.0215 -0.0003 465 pedestrian_0010
Pedestrian 1.00 1.00 315 328 561 5674 0 55 0 0 -1000.00 -1000.00 -1000.00 -1000.00 1.9158 0.4880 0.5464 -6.7464 1.9592 2.3775 -0.1357 -0.0215 -0.0003 466 pedestrian_0017
Pedestrian 0.00 1.00 0 0 0 0 0 0 0 0 1026.89 372.09 1029.33 379.42 1.9158 0.4880 0.5235 -17.8510 5.0853 -149.7307 -3.0097 -0.0215 -0.0003 467 pedestrian_0004
Pedestrian 0.00 1.00 0 0 0 0 0 0 0 0 706.95 371.94 711.28 381.79 1.9158 0.4880 0.5951 48.9243 4.2446 -112.5452 -0.0545 -0.0215 -0.0003 468 pedestrian_0021
Pedestrian 1.00 1.00 0 0 0 0 0 0 0 0 -1000.00 -1000.00 -1000.00 -1000.00 1.3390 0.3253 0.3842 189.4986 1.0718 32.9613 -1.5381 -0.0215 -0.0003 469 pedestrian_0013
Pedestrian 1.00 1.00 14 18 26 278 0 0 6 0 -1000.00 -1000.00 -1000.00 -1000.00 1.9158 0.4880 0.4439 6.1896 1.2616 29.8209 -0.1681 -0.0215 -0.0003 470 pedestrian_0001
Pedestrian 0.00 0.61 7 6 14 62 4 0 0 0 825.91 371.68 834.69 394.39 1.9158 0.4880 0.6182 11.0323 2.9094 -51.6007 -2.6688 -0.0215 -0.0003 471 pedestrian_0015
Pedestrian 0.00 1.00 0 0 0 0 0 0 0 0 1276.72 372.13 1278.91 377.01 1.9158 0.4880 0.5595 -124.9753 6.6866 -222.4107 1.6899 -0.0215 -0.0003 472 pedestrian_0024
Pedestrian 1.00 1.00 0 0 0 0 0 0 0 0 -1000.00 -1000.00 -1000.00 -1000.00 1.3390 0.3253 0.3457 184.9959 3.4167 -68.8063 3.1032 -0.0215 -0.0003 473 pedestrian_0013
Pedestrian 0.00 1.00 0 0 0 0 0 0 0 0 548.12 371.85 549.81 375.27 1.9158 0.4880 0.6334 230.8804 8.5737 -315.7898 0.3683 -0.0215 -0.0003 474 pedestrian_0018
Pedestrian 0.00 1.00 0 0 0 0 0 0 0 0 215.81 373.40 218.92 377.48 1.3390 0.3253 0.4943 244.7920 5.7578 -187.1629 -1.6742 -0.0215 -0.0003 475 pedestrian_0012
Pedestrian 0.00 1.00 0 0 0 0 0 0 0 0 271.56 372.93 282.93 391.00 1.9158 0.4880 0.6364 72.9562 3.2983 -63.6874 -1.1841 -0.0215 -0.0003 476 pedestrian_0026
Pedestrian 0.00 1.00 0 0 0 0 0 0 0 0 320.52 371.79 322.81 375.97 1.9158 0.4880 0.5399 293.2375 7.3311 -259.0726 -1.9937 -0.0215 -0.0003 477 pedestrian_0016
Pedestrian 0.00 1.00 0 1 2 0 0 0 0 0 1005.83 372.11 1008.46 380.54 1.9158 0.4880 0.5502 -10.7381 4.6733 -130.7073 -1.8690 -0.0215 -0.0003 478 pedestrian_0006
Pedestrian 0.00 1.00 0 0 0 0 0 0 0 0 601.79 371.87 603.37 375.21 1.9158 0.4880 0.5734 205.2066 8.7315 -322.6769 -3.0659 -0.0215 -0.0003 479 pedestrian_0001
Pedestrian 1.00 1.00 0 0 0 0 0 0 0 0 -1000.00 -1000.00 -1000.00 -1000.00 1.9158 0.4880 0.4638 96.0541 0.2184 72.4819 -2.8035 -0.0215 -0.0003 480 pedestrian_0021
Car 1.00 1.00 0 0 0 0 0 0 0 0 -1000.00 -1000.00 -1000.00 -1000.00 1.6980 1.9434 4.1871 153.5874 2.6377 -37.1825 0.0130 -0.0215 -0.0003 481 citroen_c3
Car 1.00 1.00 0 0 0 0 0 0 0 0 -1000.00 -1000.00 -1000.00 -1000.00 1.9718 2.0005 4.0595 142.5375 2.5935 -36.5530 0.0130 -0.0215 -0.0003 482 jeep_wrangler_rubicon
Car 1.00 1.00 0 0 0 0 0 0 0 0 -1000.00 -1000.00 -1000.00 -1000.00 1.9718 2.0005 4.0595 152.5879 1.9689 -6.0755 -3.1286 -0.0215 -0.0003 483 jeep_wrangler_rubicon
Car 1.00 1.00 0 0 0 0 0 0 0 0 -1000.00 -1000.00 -1000.00 -1000.00 1.9718 2.0005 4.0595 142.5756 2.6568 -39.4932 0.0130 -0.0215 -0.0003 484 jeep_wrangler_rubicon
Car 0.00 1.00 0 0 0 0 0 0 0 0 304.28 371.82 337.11 381.65 1.9718 2.0005 4.0595 130.5553 4.3868 -117.6984 1.5838 -0.0215 -0.0003 485 nissan_patrol
Car 0.00 1.00 0 0 0 0 0 0 0 0 289.69 373.99 322.98 381.78 1.5488 2.0688 3.9961 133.4505 4.4130 -117.6699 -1.5578 -0.0215 -0.0003 486 nissan_patrol
Car 0.00 1.00 0 0 0 0 0 0 0 0 350.33 374.25 392.27 382.28 1.4855 2.1349 -5.6254 113.5730 4.2489 -111.4917 -1.5578 -0.0215 -0.0003 487 nissan_patrol
Car 0.00 1.00 0 0 0 0 0 0 0 0 265.40 373.46 299.92 382.11 1.6244 1.8781 -3.8906 130.4710 4.2244 -111.2742 1.5838 -0.0215 -0.0003 488 nissan_patrol
Car 0.00 1.00 0 0 0 0 0 0 0 0 267.88 373.51 318.55 384.74 1.7506 2.3538 -4.8416 107.7297 3.9435 -94.1029 1.5838 -0.0215 -0.0003 489 nissan_patrol
Car 0.00 1.00 0 0 0 0 0 0 0 0 180.33 371.80 227.26 384.30 1.9718 2.0005 -4.0595 122.0269 3.8788 -93.9605 -1.5578 -0.0215 -0.0003 490 nissan_patrol
Car 0.00 1.00 0 0 0 0 0 0 0 0 415.81 371.90 448.22 381.62 1.9476 2.0282 4.8347 108.0387 4.3851 -117.9479 -1.5578 -0.0215 -0.0003 491 nissan_patrol
Car 0.00 1.00 0 0 0 0 0 0 0 0 403.45 371.85 432.67 381.66 1.9718 2.0005 4.0595 110.9334 4.3995 -117.9679 -1.5578 -0.0215 -0.0003 492 nissan_patrol
Car 0.00 1.00 0 0 0 0 0 0 0 0 302.34 373.67 339.16 383.32 1.6244 1.8781 3.8906 110.7080 3.9995 -100.5073 1.5838 -0.0215 -0.0003 493 nissan_patrol
Car 0.00 1.00 0 0 0 0 0 0 0 0 285.07 374.39 324.39 383.63 1.5488 2.0688 3.9961 113.4318 4.0497 -100.4688 -1.5578 -0.0215 -0.0003 494 nissan_patrol
Car 0.00 1.00 0 0 0 0 0 0 0 0 229.86 370.74 277.25 383.42 2.1397 2.1728 4.7017 122.1106 4.0026 -100.3402 -1.5578 -0.0215 -0.0003 495 nissan_patrol
Car 0.00 1.00 0 0 0 0 0 0 0 0 179.73 371.85 229.79 383.42 1.9476 2.0282 4.8347 130.3269 3.9949 -100.1838 -1.5578 -0.0215 -0.0003 496 nissan_patrol
Car 0.00 1.00 0 0 0 0 0 0 0 0 166.30 374.29 210.33 383.32 1.5100 1.8730 4.1000 133.2240 3.9862 -100.2090 -1.5578 -0.0215 -0.0003 497 nissan_patrol
Car 0.00 1.00 0 0 0 0 0 0 0 0 115.89 374.82 170.68 385.87 1.5488 2.0688 3.9961 119.0204 3.7213 -85.3032 1.5838 -0.0215 -0.0003 498 nissan_patrol
Car 0.00 1.00 0 0 0 0 0 0 0 0 95.31 374.73 150.82 385.52 1.5100 1.8730 4.1000 121.9153 3.6685 -85.2703 1.5838 -0.0215 -0.0003 499 nissan_patrol
Car 0.00 1.00 0 0 0 0 0 0 0 0 70.88 371.85 136.36 385.64 1.9476 2.0282 4.8347 124.5978 3.6742 -85.1927 -1.5578 -0.0215 -0.0003 500 nissan_patrol
Car 0.00 1.00 0 0 0 0 0 0 0 0 126.67 370.42 193.55 386.85 2.1397 2.1728 -4.7017 107.5345 3.5498 -79.0682 -1.5578 -0.0215 -0.0003 501 nissan_patrol
Car 0.00 1.00 0 0 0 0 0 0 0 0 102.98 371.88 171.72 386.87 1.9476 2.0282 -4.8347 110.4286 3.5450 -78.9619 1.5838 -0.0215 -0.0003 502 nissan_patrol
Car 0.35 1.00 0 0 0 0 0 0 0 0 0.00 374.13 41.39 386.68 1.6244 1.8781 -3.8906 127.4106 3.5266 -78.8111 -1.5578 -0.0215 -0.0003 503 nissan_patrol
Car 0.63 1.00 0 0 0 0 0 0 0 0 0.00 373.78 29.65 387.40 1.7506 2.3538 -4.8416 130.0497 3.6062 -78.8008 -1.5578 -0.0215 -0.0003 504 nissan_patrol
Car 1.00 1.00 0 0 0 0 0 0 0 0 -1000.00 -1000.00 -1000.00 -1000.00 1.9476 2.0282 4.8347 154.1980 2.4974 -32.7006 -3.1286 -0.0215 -0.0003 505 nissan_patrol
Car 1.00 1.00 0 0 0 0 0 0 0 0 -1000.00 -1000.00 -1000.00 -1000.00 1.5475 1.9070 4.4025 152.2231 2.0068 -8.8746 -3.1286 -0.0215 -0.0003 506 seat_leon
Car 1.00 1.00 0 0 0 0 0 0 0 0 -1000.00 -1000.00 -1000.00 -1000.00 2.5908 2.7453 5.4640 154.0129 2.3539 -23.3176 -3.1286 -0.0215 -0.0003 507 carlamotors_carlacola
Car 1.00 1.00 0 0 0 0 0 0 0 0 -1000.00 -1000.00 -1000.00 -1000.00 2.5908 2.7453 5.4640 162.6781 0.5569 61.0097 0.0130 -0.0215 -0.0003 508 carlamotors_carlacola
Car 1.00 1.00 0 0 0 0 0 0 0 0 -1000.00 -1000.00 -1000.00 -1000.00 2.5908 2.7453 5.4640 162.6329 0.4818 64.4972 0.0130 -0.0215 -0.0003 509 carlamotors_carlacola
Car 1.00 1.00 0 0 0 0 0 0 0 0 -1000.00 -1000.00 -1000.00 -1000.00 2.5908 2.7453 5.4640 134.4629 0.4877 59.0051 -1.5578 -0.0215 -0.0003 510 carlamotors_carlacola
Car 1.00 1.00 0 0 0 0 0 0 0 0 -1000.00 -1000.00 -1000.00 -1000.00 2.5908 2.7453 5.4640 154.0688 2.4466 -27.6272 -3.1286 -0.0215 -0.0003 511 carlamotors_carlacola
Car 1.00 1.00 7 8 13 336 0 0 0 2 -1000.00 -1000.00 -1000.00 -1000.00 2.2031 2.5091 6.5872 43.5506 1.9218 -0.9441 2.6310 -0.0215 -0.0003 512 tesla_cybertruck