Car 1.00 1.00 0 0 0 0 0 0 0 0 -1000.00 -1000.00 -1000.00 -1000.00 1.5542 2.3421 5.1370 -259.4218 2.7881 -126.7422 -1.5492 -0.0054 0.0013 0 lincoln2020_mkz2020
Car 1.00 1.00 6686 237780 380559 0 0 0 0 0 -1000.00 -1000.00 -1000.00 -1000.00 2.1397 2.1728 4.7045 -0.0005 2.0932 -2.2389 1.5708 0.0000 0.0000 1 volkswagen_t2
Motorcycle 1.00 1.00 0 0 0 0 0 0 0 0 -1000.00 -1000.00 -1000.00 -1000.00 1.6960 1.0692 2.4735 -89.1634 3.1954 -204.7576 -1.5823 -0.0023 0.0000 2 harley_davidson_low_rider
Motorcycle 1.00 1.00 0 0 0 0 0 0 0 0 -1000.00 -1000.00 -1000.00 -1000.00 1.6960 1.0692 2.4735 -262.8648 2.7121 -114.3234 -1.5389 0.0006 0.0002 3 harley_davidson_low_rider
Car 1.00 1.00 0 0 0 0 0 0 0 0 -1000.00 -1000.00 -1000.00 -1000.00 1.6320 2.1403 5.2230 155.1228 2.4602 -59.7438 -3.1224 -0.0096 0.0000 4 dodge_charger_police
Car 1.00 1.00 0 0 0 0 0 0 0 0 -1000.00 -1000.00 -1000.00 -1000.00 1.5542 2.3421 5.1370 -67.1267 3.5123 -263.3125 -3.1221 -0.0044 0.0000 5 lincoln2020_mkz2020
Car 1.00 1.00 0 0 0 0 0 0 0 0 -1000.00 -1000.00 -1000.00 -1000.00 1.4546 2.0938 4.3903 -250.7221 2.0630 11.8298 1.5700 -0.0057 0.0000 6 audi_tt
Car 1.00 1.00 0 0 0 0 0 0 0 0 -1000.00 -1000.00 -1000.00 -1000.00 1.4477 1.5550 2.3177 -33.9297 2.9816 -160.6206 0.0445 -0.0091 -0.0007 7 bmw_isetta
Car 0.00 1.00 0 0 0 0 0 0 0 0 482.63 358.89 514.67 366.71 1.7173 2.2591 5.2781 -103.5854 1.4801 124.4970 0.0102 -0.0124 -0.0002 8 mercedes_benz_coupe
Car 0.00 0.09 207 243 401 13974 0 23 37 0 253.65 376.00 459.17 420.13 1.4812 2.1349 5.6254 -20.5382 2.0323 18.9654 0.0198 -0.0053 0.0000 9 chevrolet_impala
Car 0.00 1.00 0 0 0 0 0 0 0 0 1223.24 360.20 1267.37 371.66 1.6115 2.2019 5.2564 41.0512 1.6498 79.8294 0.0599 -0.0057 -0.0016 10 charger2020_charger2020
Car 1.00 1.00 0 0 0 0 0 0 0 0 -1000.00 -1000.00 -1000.00 -1000.00 2.2031 2.5091 6.5872 132.4775 2.8224 -138.5870 -1.5549 -0.0027 0.0000 11 tesla_cybertruck
Car 1.00 1.00 0 0 0 0 0 0 0 0 -1000.00 -1000.00 -1000.00 -1000.00 1.5140 2.1024 4.9073 -81.3343 2.6722 -103.8773 1.5335 -0.0056 -0.0000 12 mercedesccc_mercedesccc
Car 1.00 1.00 0 0 0 0 0 0 0 0 -1000.00 -1000.00 -1000.00 -1000.00 1.6980 1.9434 4.1871 201.2825 2.9049 -144.4218 -2.4389 -0.0052 -0.0024 13 citroen_c3
Car 1.00 1.00 0 0 0 0 0 0 0 0 -1000.00 -1000.00 -1000.00 -1000.00 1.4812 2.1349 5.6254 114.0336 2.4570 -60.5336 -3.1231 -0.0055 0.0000 14 chevrolet_impala
Car 1.00 1.00 0 0 0 0 0 0 0 0 -1000.00 -1000.00 -1000.00 -1000.00 1.6320 2.1403 5.2230 131.9795 2.5446 -86.2215 -1.5128 -0.0105 0.0012 15 dodge_charger_police
Car 1.00 1.00 0 2 1 2 0 0 0 0 -1000.00 -1000.00 -1000.00 -1000.00 1.5863 2.2347 5.1468 -19.6787 2.9944 -163.9873 0.0142 -0.0053 0.0000 16 lincoln_mkz2017
Car 1.00 1.00 0 0 0 0 0 0 0 0 -1000.00 -1000.00 -1000.00 -1000.00 1.7318 2.1344 5.0985 -247.1706 2.2274 -17.5644 1.5689 -0.0056 0.0000 17 audi_etron
Car 1.00 1.00 0 0 0 0 0 0 0 0 -1000.00 -1000.00 -1000.00 -1000.00 1.7506 2.3538 4.8416 -29.2058 2.9902 -164.1251 0.0138 -0.0053 0.0000 18 bmw_grandtourer
Car 0.00 0.32 13 20 28 273 0 0 9 0 1050.58 360.83 1082.82 373.84 1.5765 1.9374 3.8150 13.4363 1.6886 69.7505 0.6561 -0.0055 -0.0028 19 nissan_micra
Motorcycle 1.00 1.00 16 7 12 83 2 0 0 0 -1000.00 -1000.00 -1000.00 -1000.00 1.6960 1.0692 2.4735 -29.2829 2.5031 -73.5837 0.0178 -0.0012 0.0000 20 harley_davidson_low_rider
Car 1.00 1.00 0 0 0 0 0 0 0 0 -1000.00 -1000.00 -1000.00 -1000.00 1.5765 1.9374 3.8150 -78.4882 3.0833 -183.7941 1.5596 -0.0053 0.0000 21 nissan_micra
Car 1.00 1.00 0 0 0 0 0 0 0 0 -1000.00 -1000.00 -1000.00 -1000.00 1.7203 2.2019 5.4994 121.4823 2.4888 -67.2751 0.0296 -0.0040 0.0008 22 chargercop2020_chargercop2020
Car 1.00 1.00 30 36 53 222 8 0 0 0 -1000.00 -1000.00 -1000.00 -1000.00 1.5475 1.9070 4.4025 -23.4546 2.4956 -69.9568 0.0173 -0.0053 0.0000 23 seat_leon
Car 1.00 1.00 0 0 0 0 0 0 0 0 -1000.00 -1000.00 -1000.00 -1000.00 1.3660 1.9896 4.9534 -67.2740 2.9580 -157.7994 -3.0837 -0.0055 -0.0000 24 mustang_mustang
Cyclist 0.00 1.00 0 0 0 0 0 0 0 0 333.47 358.03 351.77 372.17 1.9709 0.6705 1.7250 -87.0096 1.6973 78.1244 -1.5549 0.0016 0.0000 25 diamondback_century
Cyclist 1.00 1.00 3 5 12 39 0 2 0 0 -1000.00 -1000.00 -1000.00 -1000.00 1.7065 0.8593 1.4873 -67.9387 1.9468 25.3033 -3.1331 -0.0050 -0.0001 26 bh_crossbike
Car 1.00 1.00 0 0 0 0 0 0 0 0 -1000.00 -1000.00 -1000.00 -1000.00 2.1397 2.1728 4.7045 -60.1940 2.4788 -63.6362 -3.1233 -0.0161 -0.0001 27 volkswagen_t2
Car 1.00 1.00 0 0 0 0 0 0 0 0 -1000.00 -1000.00 -1000.00 -1000.00 1.9718 2.0005 4.0595 -243.7072 1.9965 23.9889 1.5685 -0.0067 -0.0005 28 jeep_wrangler_rubicon
Car 1.00 1.00 0 0 0 449 0 0 0 3 -1000.00 -1000.00 -1000.00 -1000.00 1.5627 2.2716 5.0314 42.1440 2.0453 16.3480 0.0138 -0.0042 0.0000 29 tesla_model3
Car 1.00 1.00 0 0 0 0 0 0 0 0 -1000.00 -1000.00 -1000.00 -1000.00 1.4546 2.0938 4.3903 76.4268 3.0844 -179.4404 1.5793 -0.0053 0.0000 30 audi_tt
Car 1.00 1.00 0 0 0 0 0 0 0 0 -1000.00 -1000.00 -1000.00 -1000.00 1.5488 2.0688 3.9961 138.7143 2.5474 -89.4328 1.5870 -0.0053 0.0000 31 mini_cooperst
Car 1.00 1.00 0 0 0 0 0 0 0 0 -1000.00 -1000.00 -1000.00 -1000.00 1.6011 2.1072 4.7392 73.3985 2.1331 -0.7601 1.5951 -0.0053 0.0000 32 toyota_prius
Car 1.00 1.00 0 0 0 0 0 0 0 0 -1000.00 -1000.00 -1000.00 -1000.00 2.1397 2.1728 4.7045 -96.3333 2.0222 21.7020 -3.1408 -0.0074 0.0001 33 volkswagen_t2
Car 0.00 1.00 0 0 0 3 0 0 0 0 450.47 360.06 487.21 369.84 1.6011 2.1072 4.7392 -83.7540 1.6239 94.6069 1.5858 -0.0053 0.0000 34 toyota_prius
Car 1.00 1.00 0 0 0 0 0 0 0 0 -1000.00 -1000.00 -1000.00 -1000.00 1.3660 1.9896 4.9534 81.1860 2.4355 -58.3109 2.4402 -0.0054 -0.0013 35 mustang_mustang
Car 1.00 1.00 0 0 0 0 0 0 0 0 -1000.00 -1000.00 -1000.00 -1000.00 1.6011 2.1072 4.7392 200.5628 2.4819 -66.0033 0.0176 -0.0053 0.0000 36 toyota_prius
Car 1.00 1.00 12 9 15 53 7 0 0 0 -1000.00 -1000.00 -1000.00 -1000.00 1.7506 2.3538 4.8416 -1.8061 2.5371 -88.8202 1.5921 -0.0053 0.0000 37 bmw_grandtourer
Car 1.00 1.00 0 0 0 0 0 0 0 0 -1000.00 -1000.00 -1000.00 -1000.00 2.2031 2.5091 6.5872 174.0373 2.9664 -154.9993 -3.0782 -0.0044 -0.0034 38 tesla_cybertruck
Motorcycle 1.00 1.00 0 0 0 0 0 0 0 0 -1000.00 -1000.00 -1000.00 -1000.00 1.6387 1.2138 2.3199 137.3446 2.0930 -1.6181 1.5862 -0.0037 0.0000 39 yamaha_yzf
Car 1.00 1.00 0 0 0 0 0 0 0 0 -1000.00 -1000.00 -1000.00 -1000.00 1.9476 2.0282 4.8347 -77.4381 2.6283 -97.5428 1.5593 -0.0055 0.0000 40 nissan_patrol
Car 1.00 1.00 0 0 0 8 0 0 0 0 -1000.00 -1000.00 -1000.00 -1000.00 1.6115 2.2019 5.2564 -1.4901 2.5798 -96.0967 1.6389 -0.0055 0.0007 41 charger2020_charger2020
Car 1.00 1.00 0 0 0 0 0 0 0 0 -1000.00 -1000.00 -1000.00 -1000.00 1.6115 2.2019 5.2564 72.2998 2.8714 -140.3238 -1.5243 -0.0054 0.0007 42 charger2020_charger2020
Motorcycle 1.00 1.00 0 0 0 0 0 0 0 0 -1000.00 -1000.00 -1000.00 -1000.00 1.6649 1.0692 2.4735 137.2389 2.0341 5.3481 1.5863 -0.0022 0.0000 43 harley_davidson_low_rider
Car 1.00 1.00 0 0 0 0 0 0 0 0 -1000.00 -1000.00 -1000.00 -1000.00 1.5542 2.3421 5.1370 -254.7003 2.9615 -159.4303 -1.5439 -0.0071 0.0000 44 lincoln2020_mkz2020
Motorcycle 1.00 1.00 0 0 0 0 0 0 0 0 -1000.00 -1000.00 -1000.00 -1000.00 1.6960 1.0692 2.4735 77.2732 2.2175 -19.0163 1.5930 0.0013 0.0000 45 harley_davidson_low_rider
Cyclist 1.00 1.00 0 0 0 0 0 0 0 0 -1000.00 -1000.00 -1000.00 -1000.00 1.9310 0.5921 1.9272 52.5983 2.9500 -159.5028 0.0139 -0.0093 0.0000 46 gazelle_omafiets
Car 0.00 0.00 2410 2632 4197 54016 0 0 793 0 863.00 390.68 1059.00 556.00 1.7318 2.1344 5.0985 0.0225 2.0484 7.1174 1.5672 -0.0053 0.0000 47 audi_etron
Car 1.00 1.00 0 0 0 0 0 0 0 0 -1000.00 -1000.00 -1000.00 -1000.00 1.9476 2.0282 4.8347 113.1962 2.0260 17.3971 0.0148 -0.0076 0.0000 48 nissan_patrol
Car 0.00 0.09 164 176 273 13724 0 18 38 0 43.12 369.93 255.83 421.00 1.7203 2.2019 5.4994 -27.1655 2.0294 18.7627 0.0610 -0.0018 0.0009 49 chargercop2020_chargercop2020
Car 1.00 1.00 0 0 0 0 0 0 0 0 -1000.00 -1000.00 -1000.00 -1000.00 1.6244 1.8781 3.8906 -152.0351 2.7574 -120.5240 1.7192 -0.0061 -0.0096 50 audi_a2
Car 1.00 1.00 0 0 0 0 0 0 0 0 -1000.00 -1000.00 -1000.00 -1000.00 1.5863 2.2347 5.1468 -84.9650 2.8957 -145.6839 -1.5783 -0.0053 0.0000 51 lincoln_mkz2017
Cyclist 1.00 1.00 2 1 2 0 0 0 0 0 -1000.00 -1000.00 -1000.00 -1000.00 1.9709 0.6705 1.7250 -90.0395 1.8641 46.5850 -1.5564 0.0021 0.0000 52 diamondback_century
Cyclist 1.00 1.00 0 0 0 0 0 0 0 0 -1000.00 -1000.00 -1000.00 -1000.00 1.9311 0.5921 1.9272 -30.7067 2.4747 -70.1114 0.0174 -0.0079 0.0000 53 gazelle_omafiets
Car 1.00 1.00 0 0 0 0 0 0 0 0 -1000.00 -1000.00 -1000.00 -1000.00 1.7173 2.2591 5.2781 142.0917 2.5226 -81.6791 1.5864 -0.0124 -0.0002 54 mercedes_benz_coupe
Car 1.00 1.00 0 0 0 0 0 0 0 0 -1000.00 -1000.00 -1000.00 -1000.00 1.5542 2.3421 5.1370 51.2282 3.1845 -210.5437 0.0148 -0.0040 0.0061 55 lincoln2020_mkz2020
Car 1.00 1.00 0 0 0 0 0 0 0 0 -1000.00 -1000.00 -1000.00 -1000.00 1.7506 2.3538 4.8416 23.6902 2.9490 -156.4423 3.1227 -0.0005 0.0000 56 bmw_grandtourer
Car 1.00 1.00 0 0 0 0 0 0 0 0 -1000.00 -1000.00 -1000.00 -1000.00 1.4546 2.0938 4.3903 75.6757 2.6136 -90.4826 1.5791 -0.0053 0.0000 57 audi_tt
Car 1.00 1.00 0 0 0 0 0 0 0 0 -1000.00 -1000.00 -1000.00 -1000.00 1.7173 2.2591 5.2781 -80.8407 2.6088 -88.6923 1.5610 -0.0124 -0.0002 58 mercedes_benz_coupe
Car 1.00 1.00 0 0 0 0 0 0 0 0 -1000.00 -1000.00 -1000.00 -1000.00 1.5542 2.3421 5.1370 46.5495 2.5078 -72.2506 0.0178 -0.0023 0.0000 59 lincoln2020_mkz2020
Car 0.00 1.00 0 0 0 0 0 0 0 0 1584.01 357.08 1652.20 376.46 2.1397 2.1728 4.7045 75.3431 1.8047 63.5805 1.5952 -0.0053 0.0000 60 volkswagen_t2
Car 1.00 1.00 0 0 0 0 0 0 0 0 -1000.00 -1000.00 -1000.00 -1000.00 1.7506 2.3538 4.8416 131.1050 1.7594 58.8846 -1.2621 -0.0058 -0.0093 61 bmw_grandtourer
Car 1.00 1.00 0 0 0 0 0 0 0 0 -1000.00 -1000.00 -1000.00 -1000.00 1.6320 2.1403 5.2230 118.8967 3.0007 -162.0825 0.0132 -0.0096 0.0000 62 dodge_charger_police
Car 1.00 1.00 2 3 3 9 2 0 0 0 -1000.00 -1000.00 -1000.00 -1000.00 1.6980 1.9434 4.1871 2.2540 2.6913 -115.5290 1.5917 -0.0057 0.0000 63 citroen_c3
Car 1.00 1.00 0 0 0 0 0 0 0 0 -1000.00 -1000.00 -1000.00 -1000.00 1.4812 2.1349 5.6254 47.7099 2.9790 -159.5646 0.0138 -0.0053 0.0000 64 chevrolet_impala
Car 1.00 1.00 32 40 64 246 0 6 0 0 -1000.00 -1000.00 -1000.00 -1000.00 1.6115 2.2019 5.2564 -49.8203 2.0464 14.9103 0.0512 -0.0065 0.0006 65 charger2020_charger2020
Car 0.00 0.86 0 1 2 130 0 0 0 0 1758.76 366.03 1879.71 385.09 1.3660 1.9896 4.9534 68.7990 1.8909 44.5558 -1.5467 -0.0053 0.0000 66 mustang_mustang
Motorcycle 1.00 1.00 0 0 0 0 0 0 0 0 -1000.00 -1000.00 -1000.00 -1000.00 1.5852 1.1236 2.1350 77.0494 2.1298 -6.9420 1.5948 -0.0093 0.0000 67 kawasaki_ninja
Car 0.97 1.00 0 0 0 0 0 0 0 0 0.00 360.96 1.89 372.74 1.5488 2.0688 3.9961 -133.3588 1.6870 74.8578 -3.0670 -0.0053 0.0001 68 mini_cooperst
Car 1.00 1.00 0 0 0 0 0 0 0 0 -1000.00 -1000.00 -1000.00 -1000.00 1.5542 2.3421 5.1370 -121.1855 2.0172 19.7416 -2.8849 -0.0070 0.0144 69 lincoln2020_mkz2020
Car 1.00 1.00 32 33 54 267 11 0 0 0 -1000.00 -1000.00 -1000.00 -1000.00 1.9718 2.0005 4.0595 9.1911 2.4615 -62.3976 -3.1260 -0.0084 -0.0001 70 jeep_wrangler_rubicon
Car 1.00 1.00 0 0 0 0 0 0 0 0 -1000.00 -1000.00 -1000.00 -1000.00 1.7506 2.3538 4.8416 -78.3549 3.0618 -177.9103 1.5594 -0.0053 0.0000 71 bmw_grandtourer
Car 1.00 1.00 0 0 0 0 0 0 0 0 -1000.00 -1000.00 -1000.00 -1000.00 2.2031 2.5091 6.5872 135.9070 2.7993 -133.9820 -1.5551 -0.0056 0.0000 72 tesla_cybertruck
Car 1.00 1.00 0 0 0 0 0 0 0 0 -1000.00 -1000.00 -1000.00 -1000.00 1.6244 1.8781 3.8906 -78.8543 2.1133 1.5662 1.5865 -0.0058 -0.0011 73 audi_a2
Car 1.00 1.00 0 0 0 0 0 0 0 0 -1000.00 -1000.00 -1000.00 -1000.00 1.7203 2.2019 5.4994 79.3801 2.4834 -66.4733 -2.7052 -0.0052 0.0006 74 chargercop2020_chargercop2020
Car 1.00 1.00 0 0 0 0 0 0 0 0 -1000.00 -1000.00 -1000.00 -1000.00 1.6320 2.1403 5.2230 -82.2947 2.1477 -1.9674 1.5861 -0.0096 0.0000 75 dodge_charger_police
Car 1.00 1.00 8 10 16 87 0 1 0 0 -1000.00 -1000.00 -1000.00 -1000.00 1.5140 2.1024 4.9073 -86.4007 1.9255 37.2492 -1.5559 -0.0053 0.0000 76 mercedesccc_mercedesccc
Car 1.00 1.00 32 47 77 290 63 0 0 0 -1000.00 -1000.00 -1000.00 -1000.00 1.6244 1.8781 3.8906 -0.6545 2.4646 -69.4092 -2.5475 -0.0122 0.0085 77 audi_a2
Car 1.00 1.00 86 86 147 613 25 0 0 0 -1000.00 -1000.00 -1000.00 -1000.00 1.6244 1.8781 3.8906 -10.1025 2.2936 -41.9571 -1.5624 -0.0125 -0.0010 78 audi_a2
Car 1.00 1.00 0 0 0 0 0 0 0 0 -1000.00 -1000.00 -1000.00 -1000.00 1.7203 2.2019 5.4994 16.8646 2.9571 -156.3358 -3.0886 -0.0054 0.0007 79 chargercop2020_chargercop2020
Car 1.00 1.00 13 28 45 226 0 5 0 0 -1000.00 -1000.00 -1000.00 -1000.00 2.1397 2.1728 4.7045 -89.8864 1.9478 35.6507 -1.5586 -0.0053 0.0000 80 volkswagen_t2
Car 1.00 1.00 0 0 0 0 0 0 0 0 -1000.00 -1000.00 -1000.00 -1000.00 1.3660 1.9896 4.9534 53.5527 2.9888 -162.9823 0.0138 -0.0053 0.0000 81 mustang_mustang
Car 1.00 1.00 1 5 2 18 3 0 0 0 -1000.00 -1000.00 -1000.00 -1000.00 1.7203 2.2019 5.4994 1.9297 2.5614 -92.1076 1.6251 -0.0051 0.0007 82 chargercop2020_chargercop2020
Car 0.00 1.00 0 0 1 4 0 0 0 0 434.84 360.20 469.11 370.72 1.6244 1.8781 3.8906 -80.1586 1.6559 87.5183 1.5860 -0.0007 -0.0011 83 audi_a2
Car 1.00 1.00 0 0 0 0 0 0 0 0 -1000.00 -1000.00 -1000.00 -1000.00 1.6244 1.8781 3.8906 79.1148 2.5688 -83.6690 1.5800 -0.0058 -0.0011 84 audi_a2
Car 1.00 1.00 0 0 0 0 0 0 0 0 -1000.00 -1000.00 -1000.00 -1000.00 1.3660 1.9896 4.9534 212.3082 2.5654 -82.1156 -1.5857 -0.0056 0.0000 85 mustang_mustang
Car 1.00 1.00 0 0 0 0 0 0 0 0 -1000.00 -1000.00 -1000.00 -1000.00 1.6244 1.8781 3.8906 -85.6101 3.1838 -200.7542 -1.5822 -0.0058 -0.0011 86 audi_a2
Car 1.00 1.00 0 0 0 0 0 0 0 0 -1000.00 -1000.00 -1000.00 -1000.00 1.9718 2.0005 4.0595 -175.1424 3.1796 -206.6422 2.7171 -0.0044 -0.0036 87 jeep_wrangler_rubicon
Car 1.00 1.00 0 0 0 0 0 0 0 0 -1000.00 -1000.00 -1000.00 -1000.00 1.9718 2.0005 4.0595 -85.6817 3.2201 -206.4150 -1.5823 -0.0057 -0.0001 88 jeep_wrangler_rubicon
Car 1.00 1.00 0 0 0 0 0 0 0 0 -1000.00 -1000.00 -1000.00 -1000.00 1.3660 1.9896 4.9534 -66.6629 3.4790 -256.3007 -3.1220 -0.0052 0.0002 89 mustang_mustang
Motorcycle 1.00 1.00 0 0 0 0 0 0 0 0 -1000.00 -1000.00 -1000.00 -1000.00 1.6649 1.0692 2.4735 140.7330 2.0319 5.7782 1.5864 -0.0023 0.0000 90 harley_davidson_low_rider
Car 0.00 1.00 0 0 0 6 0 0 0 0 482.91 360.17 513.40 369.02 1.5475 1.9070 4.4025 -83.8454 1.5908 100.6993 1.5858 -0.0053 0.0000 91 seat_leon
Motorcycle 1.00 1.00 0 0 0 0 0 0 0 0 -1000.00 -1000.00 -1000.00 -1000.00 1.6387 1.2138 2.3199 129.0530 2.4673 -66.3987 0.2692 -0.0058 -0.0007 92 yamaha_yzf
Cyclist 0.00 1.00 0 0 0 0 0 0 0 0 353.72 358.13 371.76 371.11 1.9311 0.5921 1.9272 -90.7131 1.6560 84.2085 -1.6079 -0.0129 -0.0000 93 gazelle_omafiets
Car 1.00 1.00 0 0 0 0 0 0 0 0 -1000.00 -1000.00 -1000.00 -1000.00 1.5140 2.1024 4.9073 -138.0687 2.4858 -68.9176 -3.1307 -0.0053 0.0000 94 mercedesccc_mercedesccc
Car 1.00 1.00 0 0 0 0 0 0 0 0 -1000.00 -1000.00 -1000.00 -1000.00 1.4546 2.0938 4.3903 69.5122 3.1381 -189.6288 -1.5639 -0.0053 0.0000 95 audi_tt
Car 1.00 1.00 0 0 0 0 0 0 0 0 -1000.00 -1000.00 -1000.00 -1000.00 2.1397 2.1728 4.7045 -78.2238 2.8143 -129.5770 1.5696 0.0136 -0.0038 96 volkswagen_t2
Car 0.00 1.00 0 0 0 0 0 0 0 0 365.03 360.94 411.77 371.40 1.5140 2.1024 4.9073 -87.1101 1.6750 84.5720 -1.5568 -0.0054 0.0000 97 mercedesccc_mercedesccc
Car 1.00 1.00 0 0 0 0 0 0 0 0 -1000.00 -1000.00 -1000.00 -1000.00 1.4812 2.1349 5.6254 140.8971 2.1054 -4.5495 1.5863 -0.0044 0.0000 98 chevrolet_impala
Car 0.00 1.00 0 0 0 0 0 0 0 0 1649.68 362.06 1716.24 378.01 1.5765 1.9374 3.8150 75.4092 1.8086 57.9035 1.5949 -0.0053 0.0000 99 nissan_micra
Motorcycle 1.00 1.00 0 0 0 0 0 0 0 0 -1000.00 -1000.00 -1000.00 -1000.00 1.5853 1.1236 2.1350 75.6349 2.5458 -85.6597 1.5797 -0.0053 0.0000 100 kawasaki_ninja
Car 0.00 1.00 0 0 0 0 0 0 0 0 240.25 357.66 273.17 366.19 1.9476 2.0282 4.8347 -165.4527 1.4200 130.4207 -3.0526 -0.0078 0.0086 101 nissan_patrol
Car 1.00 1.00 0 0 0 0 0 0 0 0 -1000.00 -1000.00 -1000.00 -1000.00 2.1397 2.1728 4.7045 -78.6463 2.2110 -14.8740 1.5842 0.0056 0.0003 102 volkswagen_t2
Car 1.00 1.00 0 0 0 0 0 0 0 0 -1000.00 -1000.00 -1000.00 -1000.00 1.3660 1.9896 4.9534 -205.4081 2.2433 -30.8003 1.5877 -0.0055 0.0000 103 mustang_mustang
Car 1.00 1.00 0 0 0 58 0 0 0 0 -1000.00 -1000.00 -1000.00 -1000.00 1.5627 2.2716 5.0314 49.6382 2.0265 19.9765 0.0142 -0.0053 0.0000 104 tesla_model3
Car 1.00 1.00 0 0 0 0 0 0 0 0 -1000.00 -1000.00 -1000.00 -1000.00 1.5542 2.3421 5.1370 155.0257 2.4639 -63.2530 -3.1195 -0.0053 0.0000 105 lincoln2020_mkz2020
Car 1.00 1.00 0 0 0 0 0 0 0 0 -1000.00 -1000.00 -1000.00 -1000.00 1.5627 2.2716 5.0314 92.9352 2.4743 -64.4119 -3.1226 -0.0053 0.0000 106 tesla_model3
Car 1.00 1.00 0 0 0 0 0 0 0 0 -1000.00 -1000.00 -1000.00 -1000.00 1.5765 1.9374 3.8150 -88.8506 2.3215 -39.8997 -1.5614 -0.0052 0.0001 107 nissan_micra
Cyclist 1.00 1.00 0 0 0 0 0 0 0 0 -1000.00 -1000.00 -1000.00 -1000.00 1.9311 0.5921 1.9272 -63.0696 2.4581 -67.1759 -3.1238 -0.0094 0.0000 108 gazelle_omafiets
Cyclist 1.00 1.00 0 0 0 0 0 0 0 0 -1000.00 -1000.00 -1000.00 -1000.00 1.9311 0.5921 1.9272 -85.1322 3.5713 -277.6754 0.0195 -0.0084 0.0000 109 gazelle_omafiets
Car 0.00 0.01 303 343 542 5499 0 0 90 0 1054.34 374.00 1163.11 410.00 1.4546 2.0938 4.3903 5.9776 2.0000 22.2883 -3.0458 -0.0160 -0.0002 110 audi_tt
Car 1.00 1.00 0 0 0 0 0 0 0 0 -1000.00 -1000.00 -1000.00 -1000.00 1.9476 2.0282 4.8347 -56.1142 2.4673 -67.0603 -3.1238 -0.0046 0.0000 111 nissan_patrol
Car 1.00 1.00 0 0 1 3 1 0 0 0 -1000.00 -1000.00 -1000.00 -1000.00 1.4546 2.0938 4.3903 2.1905 2.7880 -134.4056 1.6069 -0.0046 -0.0005 112 audi_tt
Car 1.00 1.00 0 2 6 16 2 0 0 0 -1000.00 -1000.00 -1000.00 -1000.00 1.7506 2.3538 4.8416 -5.9356 3.0141 -178.6951 -1.3786 -0.0086 0.0003 113 bmw_grandtourer
Car 1.00 1.00 21 22 38 156 8 0 0 0 -1000.00 -1000.00 -1000.00 -1000.00 1.9718 2.0005 4.0595 -19.5554 2.5182 -73.4157 0.0181 -0.0057 -0.0001 114 jeep_wrangler_rubicon
Motorcycle 1.00 1.00 0 0 0 0 0 0 0 0 -1000.00 -1000.00 -1000.00 -1000.00 1.6387 1.2138 2.3199 138.6386 2.5327 -84.6921 1.5865 -0.0053 0.0000 115 yamaha_yzf
Car 1.00 1.00 62 51 84 315 22 0 0 0 -1000.00 -1000.00 -1000.00 -1000.00 1.7203 2.2019 5.4994 5.9305 2.4644 -66.0687 -3.0069 -0.0150 0.0018 116 chargercop2020_chargercop2020
Car 1.00 1.00 0 0 0 0 0 0 0 0 -1000.00 -1000.00 -1000.00 -1000.00 1.6980 1.9434 4.1871 131.0051 2.3152 -43.7993 -1.5553 -0.0053 0.0000 117 citroen_c3
Car 0.00 1.00 0 0 0 0 0 0 0 0 920.63 343.18 944.35 351.31 1.5542 2.3421 5.1370 -6.0310 -2.0466 122.1655 0.0172 -0.1233 -0.0001 118 lincoln2020_mkz2020
Car 0.00 0.21 42 62 97 4024 0 0 8 5 1762.94 350.77 1916.28 387.91 2.5908 2.7453 5.4640 65.3751 1.9326 41.4367 -1.5466 -0.0053 0.0000 119 carlamotors_carlacola
Car 1.00 1.00 0 0 0 0 0 0 0 0 -1000.00 -1000.00 -1000.00 -1000.00 1.5765 1.9374 3.8150 75.6490 2.6226 -96.2638 1.5790 -0.0004 0.0000 120 nissan_micra
Car 0.00 1.00 0 0 0 0 0 0 0 0 925.71 343.54 936.84 351.07 1.4477 1.5550 2.3177 -6.1369 -2.0029 118.6877 0.0171 -0.1311 -0.0001 121 bmw_isetta
Car 1.00 1.00 0 0 0 0 0 0 0 0 -1000.00 -1000.00 -1000.00 -1000.00 1.7173 2.2591 5.2781 218.0257 2.5167 -69.7296 1.8744 -0.0121 0.0061 122 mercedes_benz_coupe
Car 0.00 0.19 215 251 408 4218 0 0 41 0 1124.81 366.74 1238.00 401.70 1.7173 2.2591 5.2781 10.5222 2.0024 26.4227 -3.0916 -0.0126 -0.0002 123 mercedes_benz_coupe
Car 1.00 1.00 0 0 0 0 0 0 0 0 -1000.00 -1000.00 -1000.00 -1000.00 1.5765 1.9374 3.8150 136.0776 2.8050 -140.5451 -1.5552 -0.0053 0.0000 124 nissan_micra
Car 1.00 1.00 0 0 0 0 0 0 0 0 -1000.00 -1000.00 -1000.00 -1000.00 1.6115 2.2019 5.2564 43.2542 2.0234 19.7629 0.0601 -0.0054 0.0007 125 charger2020_charger2020
Car 0.00 1.00 0 0 0 0 0 0 0 0 1666.45 358.82 1761.56 381.37 1.9476 2.0282 4.8347 68.8230 1.8478 50.7456 -1.5247 -0.0056 0.0000 126 nissan_patrol
Car 1.00 1.00 0 0 0 0 0 0 0 0 -1000.00 -1000.00 -1000.00 -1000.00 1.5140 2.1024 4.9073 -89.6033 3.4121 -243.7382 -1.5818 -0.0011 0.0000 127 mercedesccc_mercedesccc
Car 1.00 1.00 0 0 0 0 0 0 0 0 -1000.00 -1000.00 -1000.00 -1000.00 1.7173 2.2591 5.2781 -84.8190 2.8579 -135.7830 -1.5904 -0.0123 -0.0002 128 mercedes_benz_coupe
Car 1.00 1.00 107 119 183 713 28 0 0 0 -1000.00 -1000.00 -1000.00 -1000.00 1.4812 2.1349 5.6254 -6.6269 2.2851 -39.1371 -1.5621 -0.0061 0.0000 129 chevrolet_impala
Car 1.00 1.00 0 0 0 0 0 0 0 0 -1000.00 -1000.00 -1000.00 -1000.00 2.1397 2.1728 4.7045 -141.5228 3.5360 -264.7521 -3.1222 -0.0056 0.0000 130 volkswagen_t2
Car 1.00 1.00 0 0 0 0 0 0 0 0 -1000.00 -1000.00 -1000.00 -1000.00 1.6244 1.8781 3.8906 54.2275 2.5069 -72.0966 0.0182 -0.0058 -0.0011 131 audi_a2
Car 0.00 0.20 40 59 83 674 0 0 183 0 932.50 357.63 969.67 373.76 1.9476 2.0282 4.8347 -1.0887 1.6912 69.5872 -2.2453 -0.0077 0.0189 132 nissan_patrol
Car 1.00 1.00 0 0 0 0 0 0 0 0 -1000.00 -1000.00 -1000.00 -1000.00 1.9476 2.0282 4.8347 -37.4688 2.4852 -70.2269 0.0178 -0.0067 0.0000 133 nissan_patrol
Car 1.00 1.00 0 0 0 0 0 0 0 0 -1000.00 -1000.00 -1000.00 -1000.00 1.9476 2.0282 4.8347 -8.9693 -1.0755 -269.3829 0.0119 -0.1351 0.0003 134 nissan_patrol
Car 1.00 1.00 8149 25996 41617 266688 0 3551 0 0 -1000.00 -1000.00 -1000.00 -1000.00 1.7506 2.3538 4.8416 -3.4655 2.0769 -1.9780 1.5734 -0.0040 0.0000 135 bmw_grandtourer
Car 1.00 1.00 0 0 0 0 0 0 0 0 -1000.00 -1000.00 -1000.00 -1000.00 1.9476 2.0282 4.8347 24.1004 2.9244 -152.8600 -3.1292 -0.0078 0.0000 136 nissan_patrol
Car 1.00 1.00 0 0 0 0 0 0 0 0 -1000.00 -1000.00 -1000.00 -1000.00 1.7203 2.2019 5.4994 51.7935 2.4949 -68.7962 0.0261 -0.0054 0.0007 137 chargercop2020_chargercop2020
Car 1.00 1.00 24 28 39 332 3 0 0 0 -1000.00 -1000.00 -1000.00 -1000.00 2.5908 2.7453 5.4640 17.4929 2.4820 -65.7444 -3.1237 0.0151 0.0001 138 carlamotors_carlacola
Car 1.00 1.00 0 0 0 0 0 0 0 0 -1000.00 -1000.00 -1000.00 -1000.00 1.5863 2.2347 5.1468 113.9064 2.0199 20.8927 0.0142 -0.0053 0.0000 139 lincoln_mkz2017
Car 1.00 1.00 0 0 0 0 0 0 0 0 -1000.00 -1000.00 -1000.00 -1000.00 1.9718 2.0005 4.0595 194.0972 2.4858 -66.1337 0.0181 -0.0062 -0.0001 140 jeep_wrangler_rubicon
Car 1.00 1.00 0 0 0 0 0 0 0 0 -1000.00 -1000.00 -1000.00 -1000.00 1.6011 2.1072 4.7392 73.0081 3.1296 -189.0817 -1.5625 -0.0053 0.0000 141 toyota_prius
Car 1.00 1.00 0 0 0 0 0 0 0 0 -1000.00 -1000.00 -1000.00 -1000.00 1.7318 2.1344 5.0985 134.4651 2.3092 -41.4488 -1.5553 -0.0053 0.0000 142 audi_etron
Car 1.00 1.00 0 0 0 0 0 0 0 0 -1000.00 -1000.00 -1000.00 -1000.00 2.2031 2.5091 6.5872 -85.1827 2.3768 -44.8628 -1.5557 -0.0053 0.0000 143 tesla_cybertruck
Car 1.00 1.00 0 0 0 0 0 0 0 0 -1000.00 -1000.00 -1000.00 -1000.00 1.5765 1.9374 3.8150 72.6201 2.8252 -134.7129 -1.5627 0.0015 0.0000 144 nissan_micra
Car 1.00 1.00 0 0 0 2 0 0 0 0 -1000.00 -1000.00 -1000.00 -1000.00 1.4546 2.0938 4.3903 1.9723 2.6179 -102.1509 1.5917 -0.0054 0.0000 145 audi_tt
Car 1.00 1.00 0 0 0 0 0 0 0 0 -1000.00 -1000.00 -1000.00 -1000.00 1.4812 2.1349 5.6254 -207.8132 2.6036 -97.2334 -1.5559 -0.0060 0.0000 146 chevrolet_impala
Car 0.00 0.86 0 1 2 44 0 0 0 0 489.59 356.70 533.00 369.41 2.2031 2.5091 6.5872 -80.3246 1.6136 99.3863 1.5857 -0.0053 0.0000 147 tesla_cybertruck
Car 1.00 1.00 0 0 0 0 0 0 0 0 -1000.00 -1000.00 -1000.00 -1000.00 1.9718 2.0005 4.0595 -47.2978 2.4647 -63.4073 -3.1237 -0.0065 -0.0001 148 jeep_wrangler_rubicon
Car 1.00 1.00 0 0 0 0 0 0 0 0 -1000.00 -1000.00 -1000.00 -1000.00 1.3660 1.9896 4.9534 -88.5409 2.4068 -53.7709 -1.5556 -0.0053 0.0000 149 mustang_mustang
Car 1.00 1.00 0 0 0 0 0 0 0 0 -1000.00 -1000.00 -1000.00 -1000.00 1.3660 1.9896 4.9534 68.9386 2.7184 -111.8177 -1.5709 -0.0051 0.0000 150 mustang_mustang
Car 1.00 1.00 0 0 0 0 0 0 0 0 -1000.00 -1000.00 -1000.00 -1000.00 2.5908 2.7453 5.4640 -82.2783 2.1897 -8.4888 1.5504 -0.0016 0.0000 151 carlamotors_carlacola
Car 0.00 1.00 0 0 0 0 0 0 0 0 1557.11 360.54 1612.30 372.31 1.5863 2.2347 5.1468 86.3381 1.6692 76.6548 0.0123 -0.0066 0.0000 152 lincoln_mkz2017
Car 1.00 1.00 0 0 0 0 0 0 0 0 -1000.00 -1000.00 -1000.00 -1000.00 1.7506 2.3538 4.8416 -258.4735 2.9040 -149.0588 -1.5438 -0.0054 0.0000 153 bmw_grandtourer
Cyclist 1.00 1.00 0 0 0 0 0 0 0 0 -1000.00 -1000.00 -1000.00 -1000.00 1.9709 0.6705 1.7250 79.8867 3.0399 -174.6830 1.5793 0.0023 0.0000 154 diamondback_century
Cyclist 1.00 1.00 0 0 0 0 0 0 0 0 -1000.00 -1000.00 -1000.00 -1000.00 1.9311 0.5921 1.9272 -170.2348 2.4714 -73.4370 0.0111 -0.0093 0.0000 155 gazelle_omafiets
Motorcycle 1.00 1.00 0 0 0 0 0 0 0 0 -1000.00 -1000.00 -1000.00 -1000.00 1.6960 1.0692 2.4735 120.4161 2.9569 -158.5607 0.0143 -0.0022 0.0000 156 harley_davidson_low_rider
Car 0.00 1.00 0 0 0 0 0 0 0 0 374.92 357.02 421.35 371.88 2.1397 2.1728 4.7045 -83.5853 1.7009 82.5599 1.5877 -0.0078 0.0000 157 volkswagen_t2
Car 1.00 1.00 0 0 0 0 0 0 0 0 -1000.00 -1000.00 -1000.00 -1000.00 1.5488 2.0688 3.9961 -63.9345 3.4915 -259.7496 -3.1223 -0.0044 0.0000 158 mini_cooperst
Cyclist 1.00 1.00 0 0 0 0 0 0 0 0 -1000.00 -1000.00 -1000.00 -1000.00 1.9311 0.5921 1.9272 26.0604 2.9509 -159.7977 0.0707 -0.0082 0.0067 159 gazelle_omafiets
Car 1.00 1.00 1858 2134 3368 5751 0 276 0 0 -1000.00 -1000.00 -1000.00 -1000.00 1.4812 2.1349 5.6254 -10.4388 2.0956 -3.4174 -1.5623 -0.0052 0.0000 160 chevrolet_impala
Car 1.00 1.00 0 0 0 0 0 0 0 0 -1000.00 -1000.00 -1000.00 -1000.00 1.7173 2.2591 5.2781 -14.1270 -0.3674 -273.3592 0.0215 -0.1388 -0.0010 161 mercedes_benz_coupe
Car 1.00 1.00 0 0 0 0 0 0 0 0 -1000.00 -1000.00 -1000.00 -1000.00 1.9718 2.0005 4.0595 -98.5446 2.9633 -157.8772 -3.1256 -0.0075 0.0002 162 jeep_wrangler_rubicon
Car 0.00 1.00 0 0 0 0 0 0 0 0 1573.25 360.31 1646.19 377.02 1.7506 2.3538 4.8416 71.8888 1.7993 61.4655 1.5950 -0.0053 0.0000 163 bmw_grandtourer
Car 1.00 1.00 0 0 0 0 0 0 0 0 -1000.00 -1000.00 -1000.00 -1000.00 1.6115 2.2019 5.2564 137.6023 2.1322 -10.7692 1.6322 -0.0057 0.0006 164 charger2020_charger2020
Car 1.00 1.00 0 0 0 0 0 0 0 0 -1000.00 -1000.00 -1000.00 -1000.00 1.6244 1.8781 3.8906 73.5976 2.1797 -10.3730 1.5922 -0.0036 -0.0011 165 audi_a2
Car 0.00 1.00 0 0 0 0 0 0 0 0 971.52 338.16 991.41 345.73 1.5475 1.9070 4.4025 4.8511 -3.3332 125.8318 0.0176 -0.1216 -0.0002 166 seat_leon
Car 1.00 1.00 0 0 0 0 0 0 0 0 -1000.00 -1000.00 -1000.00 -1000.00 1.5765 1.9374 3.8150 -215.7812 3.3804 -240.5826 2.4031 -0.0069 -0.0081 167 nissan_micra
Car 0.00 1.00 0 0 0 1 0 0 0 0 451.18 359.58 484.96 367.19 1.5863 2.2347 5.1468 -104.2402 1.5025 117.4911 0.0104 -0.0053 0.0000 168 lincoln_mkz2017
Car 1.00 1.00 0 0 0 0 0 0 0 0 -1000.00 -1000.00 -1000.00 -1000.00 1.7506 2.3538 4.8416 -21.6896 2.9714 -160.5195 0.0139 -0.0053 0.0000 169 bmw_grandtourer
Car 1.00 1.00 0 0 0 0 0 0 0 0 -1000.00 -1000.00 -1000.00 -1000.00 1.4812 2.1349 5.6254 44.8829 2.4984 -68.7665 0.0178 -0.0053 0.0000 170 chevrolet_impala
Car 1.00 1.00 0 0 0 0 0 0 0 0 -1000.00 -1000.00 -1000.00 -1000.00 1.4812 2.1349 5.6254 215.8417 2.7077 -107.3166 -1.5702 -0.0063 0.0002 171 chevrolet_impala
Car 1.00 1.00 0 0 0 0 0 0 0 0 -1000.00 -1000.00 -1000.00 -1000.00 1.6011 2.1072 4.7392 134.5589 2.3263 -47.4258 -1.5551 -0.0053 0.0000 172 toyota_prius
Car 1.00 1.00 0 1 1 9 0 0 0 0 -1000.00 -1000.00 -1000.00 -1000.00 1.6115 2.2019 5.2564 10.4869 2.9539 -156.4626 -3.0751 -0.0062 0.0005 173 charger2020_charger2020
Car 1.00 1.00 0 0 0 0 0 0 0 0 -1000.00 -1000.00 -1000.00 -1000.00 1.5475 1.9070 4.4025 -88.6423 2.3753 -47.5879 -1.5555 -0.0053 0.0000 174 seat_leon
Car 1.00 1.00 0 0 0 0 0 0 0 0 -1000.00 -1000.00 -1000.00 -1000.00 2.5908 2.7453 5.4640 -78.8749 3.3345 -223.7604 1.5590 -0.0085 0.0000 175 carlamotors_carlacola
Car 1.00 1.00 0 0 0 0 0 0 0 0 -1000.00 -1000.00 -1000.00 -1000.00 1.4812 2.1349 5.6254 102.5779 2.9948 -162.3046 0.0141 -0.0049 0.0000 176 chevrolet_impala
Car 1.00 1.00 0 0 0 0 0 0 0 0 -1000.00 -1000.00 -1000.00 -1000.00 1.9718 2.0005 4.0595 -70.5495 3.5775 -273.8841 0.0196 -0.0087 -0.0001 177 jeep_wrangler_rubicon
Car 1.00 1.00 0 0 0 0 0 0 0 0 -1000.00 -1000.00 -1000.00 -1000.00 1.6980 1.9434 4.1871 -85.6698 2.7238 -111.6521 -1.2588 -0.0057 -0.0004 178 citroen_c3
Car 1.00 1.00 9 11 20 69 15 0 0 0 -1000.00 -1000.00 -1000.00 -1000.00 1.5488 2.0688 3.9961 1.6369 2.5258 -86.0920 1.5918 -0.0053 0.0000 179 mini_cooperst
Motorcycle 1.00 1.00 0 0 0 0 0 0 0 0 -1000.00 -1000.00 -1000.00 -1000.00 1.6960 1.0692 2.4735 79.3322 2.6924 -108.7686 1.5793 -0.0015 0.0000 180 harley_davidson_low_rider
Car 1.00 1.00 0 0 0 0 0 0 0 0 -1000.00 -1000.00 -1000.00 -1000.00 1.4477 1.5550 2.3177 119.6193 2.0237 20.9680 0.0140 -0.0176 0.0000 181 bmw_isetta
Cyclist 1.00 1.00 0 0 0 0 0 0 0 0 -1000.00 -1000.00 -1000.00 -1000.00 1.7065 0.8593 1.4873 79.2582 2.5632 -90.6336 1.5782 -0.0319 0.0011 182 bh_crossbike
Car 1.00 1.00 0 0 0 0 0 0 0 0 -1000.00 -1000.00 -1000.00 -1000.00 1.6011 2.1072 4.7392 11.2280 -3.5936 -272.6138 0.0120 -0.1317 0.0003 183 toyota_prius
Car 1.00 1.00 0 0 0 0 0 0 0 0 -1000.00 -1000.00 -1000.00 -1000.00 1.5488 2.0688 3.9961 -81.8314 3.0542 -175.9117 1.5591 -0.0053 0.0000 184 mini_cooperst
Car 1.00 1.00 0 0 0 0 0 0 0 0 -1000.00 -1000.00 -1000.00 -1000.00 1.6980 1.9434 4.1871 -88.6276 2.8626 -137.9699 -1.5952 -0.0053 0.0002 185 citroen_c3
Car 1.00 1.00 0 0 0 0 0 0 0 0 -1000.00 -1000.00 -1000.00 -1000.00 1.5765 1.9374 3.8150 143.9634 2.9585 -170.4682 1.4177 0.0076 0.0010 186 nissan_micra
Car 1.00 1.00 0 0 0 0 0 0 0 0 -1000.00 -1000.00 -1000.00 -1000.00 1.7506 2.3538 4.8416 79.2365 2.6422 -97.7397 1.5793 -0.0056 0.0000 187 bmw_grandtourer
Car 1.00 1.00 0 0 0 0 0 0 0 0 -1000.00 -1000.00 -1000.00 -1000.00 1.5488 2.0688 3.9961 47.6637 2.9899 -163.0641 0.0140 -0.0053 0.0000 188 mini_cooperst
Car 1.00 1.00 0 0 0 0 0 0 0 0 -1000.00 -1000.00 -1000.00 -1000.00 1.5488 2.0688 3.9961 -85.0757 2.3956 -51.4754 -1.5557 -0.0053 0.0000 189 mini_cooperst
Car 1.00 1.00 0 0 0 0 0 0 0 0 -1000.00 -1000.00 -1000.00 -1000.00 1.6011 2.1072 4.7392 199.8727 2.5004 -69.5094 0.0179 -0.0053 0.0000 190 toyota_prius
Car 1.00 1.00 0 0 0 0 0 0 0 0 -1000.00 -1000.00 -1000.00 -1000.00 1.3660 1.9896 4.9534 76.8690 2.1243 0.5045 1.5950 -0.0053 0.0000 191 mustang_mustang
Car 1.00 1.00 0 0 0 0 0 0 0 0 -1000.00 -1000.00 -1000.00 -1000.00 1.9476 2.0282 4.8347 -262.4475 2.8043 -131.6094 -1.5438 -0.0095 0.0000 192 nissan_patrol
Pedestrian 1.00 1.00 0 0 0 0 0 0 0 0 -1000.00 -1000.00 -1000.00 -1000.00 1.9158 0.4880 0.7507 -269.3414 2.8692 -176.6422 1.8400 -0.0053 0.0000 193 pedestrian_0019
Pedestrian 1.00 1.00 0 0 0 0 0 0 0 0 -1000.00 -1000.00 -1000.00 -1000.00 1.1330 0.4333 0.6667 -212.9822 2.6368 -142.1286 -1.5280 -0.0053 0.0000 194 pedestrian_0010
Pedestrian 1.00 1.00 0 0 0 0 0 0 0 0 -1000.00 -1000.00 -1000.00 -1000.00 1.9158 0.4880 0.7507 106.0694 2.8273 -166.9789 0.0755 -0.0053 0.0000 195 pedestrian_0005
Pedestrian 1.00 1.00 0 0 0 0 0 0 0 0 -1000.00 -1000.00 -1000.00 -1000.00 1.9158 0.4880 0.6047 129.1092 2.5477 -124.4918 -1.5511 -0.0053 0.0000 196 pedestrian_0003
Pedestrian 1.00 1.00 0 0 0 0 0 0 0 0 -1000.00 -1000.00 -1000.00 -1000.00 1.9158 0.4880 0.4359 166.0128 -7.4034 -123.1280 1.6765 -0.0053 0.0000 197 pedestrian_0021
Pedestrian 1.00 1.00 0 0 0 0 0 0 0 0 -1000.00 -1000.00 -1000.00 -1000.00 1.9158 0.4880 0.5676 -263.6530 1.5522 72.0105 1.3403 -0.0053 0.0000 198 pedestrian_0003
Pedestrian 1.00 1.00 0 0 0 0 0 0 0 0 -1000.00 -1000.00 -1000.00 -1000.00 1.9158 0.4880 0.4561 -243.6148 3.2238 -243.4089 -0.5189 -0.0053 0.0000 199 pedestrian_0004
Pedestrian 1.00 1.00 0 0 0 0 0 0 0 0 -1000.00 -1000.00 -1000.00 -1000.00 1.9158 0.4880 0.7507 127.1842 2.3450 -86.1950 1.6422 -0.0053 0.0000 200 pedestrian_0022
Pedestrian 1.00 1.00 0 0 0 0 0 0 0 0 -1000.00 -1000.00 -1000.00 -1000.00 1.3390 0.3253 0.3765 -94.5888 2.9044 -155.4090 -1.1035 -0.0053 0.0000 201 pedestrian_0014
Pedestrian 1.00 1.00 0 0 0 0 0 0 0 0 -1000.00 -1000.00 -1000.00 -1000.00 1.9158 0.4880 0.4678 39.6227 1.8915 5.7971 -0.2695 -0.0053 0.0000 202 pedestrian_0022
Pedestrian 1.00 1.00 0 0 0 0 0 0 0 0 -1000.00 -1000.00 -1000.00 -1000.00 1.9158 0.4880 0.5560 31.8882 2.1931 -52.8963 -3.1397 -0.0053 0.0000 203 pedestrian_0023
Pedestrian 1.00 1.00 0 0 0 2 0 0 0 0 -1000.00 -1000.00 -1000.00 -1000.00 1.3390 0.3253 0.5005 7.1170 2.4375 -105.9138 1.6117 -0.0053 0.0000 204 pedestrian_0012
Pedestrian 1.00 1.00 0 0 1 3 0 0 0 0 -1000.00 -1000.00 -1000.00 -1000.00 1.9158 0.4880 0.4725 -9.5341 2.8349 -179.5183 1.8753 -0.0053 0.0000 205 pedestrian_0019
Pedestrian 0.00 0.12 5 14 23 145 0 0 3 0 1060.53 356.93 1067.09 380.81 1.9158 0.4880 0.7377 8.3980 1.6674 44.8561 -1.7123 -0.0053 0.0000 206 pedestrian_0005
Pedestrian 1.00 1.00 0 0 0 0 0 0 0 0 -1000.00 -1000.00 -1000.00 -1000.00 1.9158 0.4880 0.4499 109.7825 2.2397 -55.9221 2.1037 -0.0053 0.0000 207 pedestrian_0026
Pedestrian 1.00 1.00 0 0 0 0 0 0 0 0 -1000.00 -1000.00 -1000.00 -1000.00 1.9158 0.4880 0.7507 -73.5026 2.4540 -97.3562 -1.5235 -0.0053 0.0000 208 pedestrian_0015
Pedestrian 0.00 1.00 0 0 0 0 0 0 0 0 584.33 359.29 586.38 364.36 1.3390 0.3253 0.3368 -99.2642 1.1524 146.8585 0.1327 -0.0053 0.0000 209 pedestrian_0014
Pedestrian 0.00 1.00 0 0 0 0 0 0 0 0 458.41 357.15 462.98 364.46 1.9158 0.4880 0.7507 -130.9831 1.1676 145.4040 -0.0043 -0.0053 0.0000 210 pedestrian_0016
Pedestrian 1.00 1.00 0 0 0 0 0 0 0 0 -1000.00 -1000.00 -1000.00 -1000.00 1.3390 0.3253 0.5005 71.0960 1.9128 32.8559 -3.0648 -0.0053 0.0000 211 pedestrian_0012
Pedestrian 1.00 1.00 0 0 0 0 0 0 0 0 -1000.00 -1000.00 -1000.00 -1000.00 1.1330 0.4333 0.6514 63.3563 2.5744 -121.5553 1.5548 -0.0053 0.0000 212 pedestrian_0009
Pedestrian 1.00 1.00 0 0 0 0 0 0 0 0 -1000.00 -1000.00 -1000.00 -1000.00 1.1330 0.4333 0.6667 144.3847 2.1412 -49.7537 1.6057 -0.0053 0.0000 213 pedestrian_0010
Pedestrian 1.00 1.00 0 0 0 0 0 0 0 0 -1000.00 -1000.00 -1000.00 -1000.00 1.9158 0.4880 0.7507 -272.7787 2.0528 -22.6379 -1.5685 -0.0053 0.0000 214 pedestrian_0021
Pedestrian 0.00 1.00 0 0 0 0 0 0 0 0 292.79 358.18 300.73 371.65 1.9158 0.4880 0.6570 -94.7924 1.6564 79.2219 -0.2602 -0.0053 0.0000 215 pedestrian_0018
Pedestrian 1.00 1.00 0 0 0 0 0 0 0 0 -1000.00 -1000.00 -1000.00 -1000.00 1.9158 0.4880 0.4495 -268.1443 2.8807 -178.6052 -1.2263 -0.0053 0.0000 216 pedestrian_0020
Pedestrian 1.00 1.00 0 0 0 0 0 0 0 0 -1000.00 -1000.00 -1000.00 -1000.00 1.9158 0.4880 0.4179 127.9101 2.6139 -137.0190 1.5137 -0.0053 0.0000 217 pedestrian_0017
Pedestrian 1.00 1.00 0 0 0 0 0 0 0 0 -1000.00 -1000.00 -1000.00 -1000.00 1.9158 0.4880 0.7274 -27.2919 2.8302 -168.2303 -3.1140 -0.0053 0.0000 218 pedestrian_0007
Pedestrian 1.00 1.00 0 0 0 0 0 0 0 0 -1000.00 -1000.00 -1000.00 -1000.00 1.1330 0.4333 0.5327 -158.9139 2.3917 -59.4357 0.0232 -0.0053 0.0000 219 pedestrian_0010
Pedestrian 1.00 1.00 0 0 0 1 0 0 0 0 -1000.00 -1000.00 -1000.00 -1000.00 1.9158 0.4880 0.5184 76.3126 1.9108 34.8632 -3.0257 -0.0053 0.0000 220 pedestrian_0023
Pedestrian 1.00 1.00 0 0 0 0 0 0 0 0 -1000.00 -1000.00 -1000.00 -1000.00 1.9158 0.4880 0.5235 89.2848 3.1733 -214.1386 -1.7121 -0.0053 0.0000 221 pedestrian_0024
Pedestrian 1.00 1.00 0 0 0 0 0 0 0 0 -1000.00 -1000.00 -1000.00 -1000.00 1.1330 0.4333 0.3774 -196.7938 2.5970 -133.5157 -1.5689 -0.0053 0.0000 222 pedestrian_0011
Pedestrian 1.00 1.00 0 0 0 0 0 0 0 0 -1000.00 -1000.00 -1000.00 -1000.00 1.9158 0.4880 0.5678 -271.2609 2.4570 -98.5109 -1.4359 -0.0053 0.0000 223 pedestrian_0016
Pedestrian 1.00 1.00 0 0 0 0 0 0 0 0 -1000.00 -1000.00 -1000.00 -1000.00 1.9158 0.4880 0.7032 92.9457 -6.5835 -282.0984 0.0176 -0.0053 0.0000 224 pedestrian_0017
Pedestrian 1.00 1.00 0 0 0 0 0 0 0 0 -1000.00 -1000.00 -1000.00 -1000.00 1.9158 0.4880 0.5404 165.8919 -7.4381 -116.5287 -1.5607 -0.0053 0.0000 225 pedestrian_0001
Pedestrian 1.00 1.00 0 0 0 0 0 0 0 0 -1000.00 -1000.00 -1000.00 -1000.00 1.9158 0.4880 0.7507 -169.3718 2.2609 -63.5106 -3.0869 -0.0053 0.0000 226 pedestrian_0003
Pedestrian 1.00 1.00 0 0 0 0 0 0 0 0 -1000.00 -1000.00 -1000.00 -1000.00 1.9158 0.4880 0.5552 -167.8589 2.2657 -65.0835 -0.0600 -0.0053 0.0000 227 pedestrian_0007
Pedestrian 1.00 1.00 0 0 0 0 0 0 0 0 -1000.00 -1000.00 -1000.00 -1000.00 1.1330 0.4333 0.4880 86.7854 2.3964 -59.0016 2.0867 -0.0053 0.0000 228 pedestrian_0010
Pedestrian 1.00 1.00 0 0 0 0 0 0 0 0 -1000.00 -1000.00 -1000.00 -1000.00 1.1330 0.4333 0.5812 -80.1236 2.3932 -59.2949 0.1959 -0.0053 0.0000 229 pedestrian_0010
Pedestrian 1.00 1.00 178 185 307 5544 0 0 0 36 -1000.00 -1000.00 -1000.00 -1000.00 1.3390 0.3253 0.4535 5.3211 1.8665 1.9891 -1.4508 -0.0053 0.0000 230 pedestrian_0013
Pedestrian 1.00 1.00 0 0 0 0 0 0 0 0 -1000.00 -1000.00 -1000.00 -1000.00 1.3390 0.3253 0.3069 206.5543 2.3348 -74.5654 2.6674 -0.0053 0.0000 231 pedestrian_0013
Pedestrian 1.00 1.00 0 0 0 0 0 0 0 0 -1000.00 -1000.00 -1000.00 -1000.00 1.9158 0.4880 0.7507 62.5183 2.5032 -105.5841 -1.5635 -0.0053 0.0000 232 pedestrian_0020
Pedestrian 0.00 1.00 0 0 0 0 0 0 0 0 1482.50 356.89 1488.28 368.68 1.9158 0.4880 0.4706 85.6264 1.4096 90.3368 -0.0087 -0.0053 0.0000 233 pedestrian_0021
Pedestrian 1.00 1.00 0 0 0 0 0 0 0 0 -1000.00 -1000.00 -1000.00 -1000.00 1.1330 0.4333 0.4227 -200.5564 2.0309 -27.0464 -1.2094 -0.0053 0.0000 234 pedestrian_0009
Pedestrian 1.00 1.00 0 0 0 0 0 0 0 0 -1000.00 -1000.00 -1000.00 -1000.00 1.9158 0.4880 0.5026 224.1664 1.9593 -2.3284 -1.5443 -0.0053 0.0000 235 pedestrian_0006
Pedestrian 1.00 1.00 0 0 0 0 0 0 0 0 -1000.00 -1000.00 -1000.00 -1000.00 1.1330 0.4333 0.5250 -57.5820 2.2432 -59.6015 -3.1030 -0.0053 0.0000 236 pedestrian_0009
Pedestrian 1.00 1.00 0 0 0 0 0 0 0 0 -1000.00 -1000.00 -1000.00 -1000.00 1.9158 0.4880 0.7507 -91.8779 2.4317 -92.6795 1.4500 -0.0053 0.0000 237 pedestrian_0026
Pedestrian 0.00 0.99 8 3 8 70 0 0 0 0 1078.59 356.79 1085.24 374.21 1.9158 0.4880 0.5675 13.4897 1.5611 61.3323 -2.3505 -0.0053 0.0000 238 pedestrian_0021
Pedestrian 1.00 1.00 0 0 0 0 0 0 0 0 -1000.00 -1000.00 -1000.00 -1000.00 1.3390 0.3253 0.5005 61.5380 2.4368 -94.7026 1.5744 -0.0053 0.0000 239 pedestrian_0012
Pedestrian 1.00 1.00 0 0 0 0 0 0 0 0 -1000.00 -1000.00 -1000.00 -1000.00 1.9158 0.4880 0.5304 -134.6625 3.4517 -286.1919 -0.2205 -0.0053 0.0000 240 pedestrian_0020
Pedestrian 1.00 1.00 0 0 0 0 0 0 0 0 -1000.00 -1000.00 -1000.00 -1000.00 1.1330 0.4333 0.6667 200.5959 -8.0284 -5.6574 -1.5605 -0.0053 0.0000 241 pedestrian_0011
Pedestrian 1.00 1.00 0 0 0 0 0 0 0 0 -1000.00 -1000.00 -1000.00 -1000.00 1.9158 0.4880 0.7507 68.4265 2.9932 -169.7210 -3.1074 -0.0053 0.0000 242 pedestrian_0002
Pedestrian 1.00 1.00 0 0 0 0 0 0 0 0 -1000.00 -1000.00 -1000.00 -1000.00 1.3390 0.3253 0.3921 126.6671 2.4008 -98.3311 1.5491 -0.0053 0.0000 243 pedestrian_0014
Pedestrian 1.00 1.00 0 0 0 0 0 0 0 0 -1000.00 -1000.00 -1000.00 -1000.00 1.9158 0.4880 0.7507 80.4129 2.0404 10.3853 -2.8731 -0.0053 0.0000 244 pedestrian_0006
Pedestrian 1.00 1.00 0 0 0 0 0 0 0 0 -1000.00 -1000.00 -1000.00 -1000.00 1.9158 0.4880 0.6637 200.5492 -7.8288 -42.5142 -1.5536 -0.0053 0.0000 245 pedestrian_0020
Pedestrian 1.00 1.00 0 0 0 0 0 0 0 0 -1000.00 -1000.00 -1000.00 -1000.00 1.9158 0.4880 0.7507 -82.7072 2.5198 -81.0848 0.1880 -0.0053 0.0000 246 pedestrian_0022
Pedestrian 1.00 1.00 0 0 0 0 0 0 0 0 -1000.00 -1000.00 -1000.00 -1000.00 1.9158 0.4880 0.7389 -74.7122 3.0549 -210.9590 1.5599 -0.0053 0.0000 247 pedestrian_0002
Pedestrian 1.00 1.00 0 0 0 0 0 0 0 0 -1000.00 -1000.00 -1000.00 -1000.00 1.9158 0.4880 0.7483 146.0874 2.4729 -110.3386 1.6104 -0.0053 0.0000 248 pedestrian_0022
Pedestrian 1.00 1.00 0 0 0 0 0 0 0 0 -1000.00 -1000.00 -1000.00 -1000.00 1.9158 0.4880 0.7507 -50.4024 2.1755 -49.0917 2.0730 -0.0053 0.0000 249 pedestrian_0006
Pedestrian 1.00 1.00 0 0 0 0 0 0 0 0 -1000.00 -1000.00 -1000.00 -1000.00 1.9158 0.4880 0.4870 87.9803 2.8262 -166.8608 -3.0140 -0.0053 0.0000 250 pedestrian_0019
Pedestrian 1.00 1.00 0 0 0 0 0 0 0 0 -1000.00 -1000.00 -1000.00 -1000.00 1.9158 0.4880 0.4603 -73.1589 1.8927 8.5765 -2.7022 -0.0053 0.0000 251 pedestrian_0018
Pedestrian 1.00 1.00 0 0 0 0 0 0 0 0 -1000.00 -1000.00 -1000.00 -1000.00 1.9158 0.4880 0.7507 -271.4735 2.3106 -71.3564 -1.5407 -0.0053 0.0000 252 pedestrian_0007
Pedestrian 1.00 1.00 0 0 0 0 0 0 0 0 -1000.00 -1000.00 -1000.00 -1000.00 1.9158 0.4880 0.6560 57.5072 2.7241 -147.7456 0.0136 -0.0053 0.0000 253 pedestrian_0008
Pedestrian 1.00 1.00 0 0 0 0 0 0 0 0 -1000.00 -1000.00 -1000.00 -1000.00 1.9158 0.4880 0.5207 -249.9044 1.4237 96.3742 -2.1502 -0.0053 0.0000 254 pedestrian_0022
Pedestrian 0.00 1.00 0 0 0 0 0 0 0 0 285.02 357.14 289.64 364.53 1.9158 0.4880 0.5803 -174.7954 1.1736 144.0315 0.1060 -0.0053 0.0000 255 pedestrian_0024
Pedestrian 1.00 1.00 0 0 0 0 0 0 0 0 -1000.00 -1000.00 -1000.00 -1000.00 1.1330 0.4333 0.5854 208.2970 2.1015 -31.2745 -1.5369 -0.0053 0.0000 256 pedestrian_0011
Pedestrian 1.00 1.00 0 0 0 0 0 0 0 0 -1000.00 -1000.00 -1000.00 -1000.00 1.9158 0.4880 0.7507 -154.3128 2.4728 -72.5749 -0.8391 -0.0053 0.0000 257 pedestrian_0006
Pedestrian 1.00 1.00 0 0 0 0 0 0 0 0 -1000.00 -1000.00 -1000.00 -1000.00 1.9158 0.4880 0.7507 183.4525 2.7189 -146.0869 -3.0825 -0.0053 0.0000 258 pedestrian_0005
Pedestrian 1.00 1.00 0 0 0 0 0 0 0 0 -1000.00 -1000.00 -1000.00 -1000.00 1.9158 0.4880 0.7507 72.1099 2.0428 9.8863 -3.0130 -0.0053 0.0000 259 pedestrian_0003
Pedestrian 1.00 1.00 0 0 0 0 0 0 0 0 -1000.00 -1000.00 -1000.00 -1000.00 1.9158 0.4880 0.4258 166.3757 -7.3985 -124.0267 1.5353 -0.0053 0.0000 260 pedestrian_0001
Pedestrian 1.00 1.00 0 0 0 0 0 0 0 0 -1000.00 -1000.00 -1000.00 -1000.00 1.3390 0.3253 0.5005 62.3058 2.5440 -115.2653 -1.5847 -0.0053 0.0000 261 pedestrian_0014
Pedestrian 1.00 1.00 2 7 13 42 4 0 0 0 -1000.00 -1000.00 -1000.00 -1000.00 1.9158 0.4880 0.4603 3.5684 2.1698 -53.6011 -1.6241 -0.0053 0.0000 262 pedestrian_0020
Pedestrian 1.00 1.00 0 0 0 0 0 0 0 0 -1000.00 -1000.00 -1000.00 -1000.00 1.9158 0.4880 0.4033 -214.5004 1.7463 28.8022 -1.8571 -0.0053 0.0000 263 pedestrian_0025
Pedestrian 1.00 1.00 0 0 0 0 0 0 0 0 -1000.00 -1000.00 -1000.00 -1000.00 1.9158 0.4880 0.7507 68.1971 1.9130 34.4050 -2.9947 -0.0053 0.0000 264 pedestrian_0026
Pedestrian 1.00 1.00 0 0 0 0 0 0 0 0 -1000.00 -1000.00 -1000.00 -1000.00 1.9158 0.4880 0.4639 -128.8081 3.4476 -285.4556 3.0011 -0.0053 0.0000 265 pedestrian_0025
Pedestrian 1.00 1.00 0 0 0 0 0 0 0 0 -1000.00 -1000.00 -1000.00 -1000.00 1.3390 0.3253 0.4091 79.7812 3.1284 -197.3132 -3.1216 -0.0053 0.0000 266 pedestrian_0013
Pedestrian 1.00 1.00 0 0 0 0 0 0 0 0 -1000.00 -1000.00 -1000.00 -1000.00 1.9158 0.4880 0.3807 86.8834 2.8498 -171.3315 2.4461 -0.0053 0.0000 267 pedestrian_0015
Pedestrian 1.00 1.00 0 0 0 0 0 0 0 0 -1000.00 -1000.00 -1000.00 -1000.00 1.9158 0.4880 0.3900 127.0504 2.6426 -142.4463 -3.0365 -0.0053 0.0000 268 pedestrian_0021
Pedestrian 0.00 1.00 0 0 0 0 0 0 0 0 752.64 360.05 754.80 364.32 1.1330 0.4333 0.4221 -54.8068 1.1462 147.2673 -3.1016 -0.0053 0.0000 269 pedestrian_0010
Pedestrian 1.00 1.00 9 13 20 138 3 0 0 0 -1000.00 -1000.00 -1000.00 -1000.00 1.9158 0.4880 0.4759 -14.3583 2.0794 -36.7609 1.7558 -0.0053 0.0000 270 pedestrian_0023
Pedestrian 0.00 1.00 0 0 0 0 0 0 0 0 1186.55 361.29 1191.64 371.88 1.3390 0.3253 0.5005 29.1157 1.5049 70.4448 -3.0298 -0.0053 0.0000 271 pedestrian_0013
Pedestrian 1.00 1.00 0 0 0 0 0 0 0 0 -1000.00 -1000.00 -1000.00 -1000.00 1.9158 0.4880 0.5849 -206.7635 3.3777 -272.4314 -0.4452 -0.0053 0.0000 272 pedestrian_0016
Pedestrian 1.00 1.00 0 0 0 0 0 0 0 0 -1000.00 -1000.00 -1000.00 -1000.00 1.3390 0.3253 0.5005 -154.0180 1.4799 77.9608 0.2836 -0.0053 0.0000 273 pedestrian_0014
Pedestrian 1.00 1.00 0 0 0 0 0 0 0 0 -1000.00 -1000.00 -1000.00 -1000.00 1.9158 0.4880 0.5964 -117.8338 2.7209 -148.0688 -0.1410 -0.0053 0.0000 274 pedestrian_0019
Pedestrian 1.00 1.00 0 0 0 0 0 0 0 0 -1000.00 -1000.00 -1000.00 -1000.00 1.3390 0.3253 0.4292 29.4720 2.8246 -168.4568 -3.1164 -0.0053 0.0000 275 pedestrian_0013
Pedestrian 1.00 1.00 0 0 0 0 0 0 0 0 -1000.00 -1000.00 -1000.00 -1000.00 1.9158 0.4880 0.6437 43.2685 2.8303 -167.8804 -3.1144 -0.0053 0.0000 276 pedestrian_0023
Pedestrian 1.00 1.00 0 0 0 0 0 0 0 0 -1000.00 -1000.00 -1000.00 -1000.00 1.1330 0.4333 0.6667 101.2258 2.2348 -57.1841 0.0035 -0.0053 0.0000 277 pedestrian_0011
Pedestrian 1.00 1.00 0 0 0 0 0 0 0 0 -1000.00 -1000.00 -1000.00 -1000.00 1.3390 0.3253 0.4463 94.1558 2.8269 -168.4012 0.1860 -0.0053 0.0000 278 pedestrian_0012
Pedestrian 1.00 1.00 0 0 0 1 0 0 0 0 -1000.00 -1000.00 -1000.00 -1000.00 1.9158 0.4880 0.5353 5.8766 -3.2792 -247.2311 -3.1415 -0.0053 0.0000 279 pedestrian_0015
Pedestrian 0.00 1.00 0 0 0 0 0 0 0 0 1751.82 356.93 1762.94 372.29 1.9158 0.4880 0.6633 99.8183 1.5319 69.3900 -0.0261 -0.0053 0.0000 280 pedestrian_0017
Pedestrian 1.00 1.00 0 0 0 0 0 0 0 0 -1000.00 -1000.00 -1000.00 -1000.00 1.9158 0.4880 0.7507 197.3052 -8.1688 59.2409 -1.3487 -0.0053 0.0000 281 pedestrian_0005
Pedestrian 1.00 1.00 0 0 0 0 0 0 0 0 -1000.00 -1000.00 -1000.00 -1000.00 1.1330 0.4333 0.3470 85.3329 2.9642 -195.1150 -2.9053 -0.0053 0.0000 282 pedestrian_0009
Pedestrian 1.00 1.00 0 0 0 0 0 0 0 0 -1000.00 -1000.00 -1000.00 -1000.00 1.1330 0.4333 0.6667 -116.5181 3.0858 -225.8338 -0.0220 -0.0053 0.0000 283 pedestrian_0009
Pedestrian 1.00 1.00 0 0 0 0 0 0 0 0 -1000.00 -1000.00 -1000.00 -1000.00 1.1330 0.4333 0.4160 208.2434 2.5824 -122.3007 1.4884 -0.0053 0.0000 284 pedestrian_0009
Pedestrian 1.00 1.00 0 0 0 0 0 0 0 0 -1000.00 -1000.00 -1000.00 -1000.00 1.9158 0.4880 0.5492 -185.6980 2.9117 -190.7812 2.2049 -0.0053 0.0000 285 pedestrian_0024
Pedestrian 1.00 1.00 0 0 0 0 0 0 0 0 -1000.00 -1000.00 -1000.00 -1000.00 1.9158 0.4880 0.7507 126.4711 2.4407 -65.9319 -1.5149 -0.0053 0.0000 286 pedestrian_0023
Pedestrian 1.00 1.00 0 0 0 0 0 0 0 0 -1000.00 -1000.00 -1000.00 -1000.00 1.9158 0.4880 0.7507 -92.8047 2.2021 -49.8985 1.6875 -0.0053 0.0000 287 pedestrian_0015
Pedestrian 1.00 1.00 0 0 0 0 0 0 0 0 -1000.00 -1000.00 -1000.00 -1000.00 1.9158 0.4880 0.7507 6.0843 -3.2988 -247.9725 3.1269 -0.0053 0.0000 288 pedestrian_0025
Pedestrian 0.00 1.00 0 0 0 0 0 0 0 0 1816.74 313.71 1821.88 319.63 1.1330 0.4333 0.4903 171.5645 -8.0833 110.6639 2.2985 -0.0053 0.0000 289 pedestrian_0009
Pedestrian 1.00 1.00 0 0 0 0 0 0 0 0 -1000.00 -1000.00 -1000.00 -1000.00 1.9158 0.4880 0.6965 -173.2164 2.3428 -80.0776 -0.0081 -0.0053 0.0000 290 pedestrian_0019
Pedestrian 1.00 1.00 0 0 0 0 0 0 0 0 -1000.00 -1000.00 -1000.00 -1000.00 1.9158 0.4880 0.5958 -215.0515 1.7457 28.4737 1.3430 -0.0053 0.0000 291 pedestrian_0007
Pedestrian 1.00 1.00 0 0 0 0 0 0 0 0 -1000.00 -1000.00 -1000.00 -1000.00 1.9158 0.4880 0.7507 -272.4204 1.8861 8.8635 1.5097 -0.0053 0.0000 292 pedestrian_0021
Pedestrian 1.00 1.00 0 0 0 0 0 0 0 0 -1000.00 -1000.00 -1000.00 -1000.00 1.3390 0.3253 0.4339 120.1516 1.8759 11.3031 -3.1344 -0.0053 0.0000 293 pedestrian_0014
Pedestrian 0.00 1.00 0 0 0 0 0 0 0 0 1001.33 336.07 1004.33 343.36 1.9158 0.4880 0.7475 11.3560 -4.4195 146.9790 -3.1171 -0.0053 0.0000 294 pedestrian_0002
Pedestrian 1.00 1.00 38 30 59 284 0 6 0 0 -1000.00 -1000.00 -1000.00 -1000.00 1.9158 0.4880 0.7507 -24.1634 1.8932 8.4944 0.1944 -0.0053 0.0000 295 pedestrian_0026
Pedestrian 0.00 0.01 80 82 132 2238 0 0 15 0 1317.42 360.10 1345.33 445.90 1.9158 0.4880 0.6984 8.0986 1.8771 12.0596 -1.8767 -0.0053 0.0000 296 pedestrian_0020
Pedestrian 1.00 1.00 0 0 0 0 0 0 0 0 -1000.00 -1000.00 -1000.00 -1000.00 1.9158 0.4880 0.7318 21.5207 2.2407 -56.6792 -0.0767 -0.0053 0.0000 297 pedestrian_0016
Pedestrian 1.00 1.00 0 0 0 0 0 0 0 0 -1000.00 -1000.00 -1000.00 -1000.00 1.9158 0.4880 0.7507 -137.5752 2.2609 -60.6009 0.0117 -0.0053 0.0000 298 pedestrian_0024
Pedestrian 0.00 1.00 0 0 0 0 0 0 0 0 1289.85 315.70 1294.67 325.35 1.9158 0.4880 0.6736 67.0859 -7.0097 111.9155 0.0013 -0.0053 0.0000 299 pedestrian_0001
Pedestrian 1.00 1.00 0 0 0 0 0 0 0 0 -1000.00 -1000.00 -1000.00 -1000.00 1.9158 0.4880 0.7507 25.1715 2.9182 -194.8178 2.4677 -0.0053 0.0000 300 pedestrian_0025
Pedestrian 1.00 1.00 0 0 0 3 0 0 0 0 -1000.00 -1000.00 -1000.00 -1000.00 1.9158 0.4880 0.5965 -13.7702 2.6630 -146.9076 1.7853 -0.0053 0.0000 301 pedestrian_0016
Pedestrian 1.00 1.00 0 0 0 0 0 0 0 0 -1000.00 -1000.00 -1000.00 -1000.00 1.9158 0.4880 0.7507 26.1226 2.1825 -52.0276 -2.9770 -0.0053 0.0000 302 pedestrian_0006
Pedestrian 1.00 1.00 0 0 0 0 0 0 0 0 -1000.00 -1000.00 -1000.00 -1000.00 1.3390 0.3253 0.4010 64.9304 1.9116 33.0498 -3.0561 -0.0053 0.0000 303 pedestrian_0012
Pedestrian 1.00 1.00 0 0 0 0 0 0 0 0 -1000.00 -1000.00 -1000.00 -1000.00 1.9158 0.4880 0.7507 -238.2102 3.2524 -248.5811 -0.8218 -0.0053 0.0000 304 pedestrian_0024
Pedestrian 0.00 1.00 0 0 0 0 0 0 0 0 823.71 357.43 825.87 362.49 1.3390 0.3253 0.5005 -35.7722 0.6579 146.6440 0.0504 -0.0053 0.0000 305 pedestrian_0013
Pedestrian 1.00 1.00 0 0 0 0 0 0 0 0 -1000.00 -1000.00 -1000.00 -1000.00 1.1330 0.4333 0.5431 -259.8533 1.5015 79.4612 -2.0611 -0.0053 0.0000 306 pedestrian_0011
Pedestrian 1.00 1.00 0 0 0 0 0 0 0 0 -1000.00 -1000.00 -1000.00 -1000.00 1.9158 0.4880 0.4375 -73.3571 2.7341 -150.3171 1.9950 -0.0053 0.0000 307 pedestrian_0024
Pedestrian 1.00 1.00 0 0 0 0 0 0 0 0 -1000.00 -1000.00 -1000.00 -1000.00 1.9158 0.4880 0.3803 -272.9383 1.8836 9.3244 -1.4884 -0.0053 0.0000 308 pedestrian_0004
Pedestrian 1.00 1.00 0 0 0 0 0 0 0 0 -1000.00 -1000.00 -1000.00 -1000.00 1.9158 0.4880 0.6920 54.3049 1.8729 13.1015 -2.8575 -0.0053 0.0000 309 pedestrian_0019
Pedestrian 1.00 1.00 0 0 0 0 0 0 0 0 -1000.00 -1000.00 -1000.00 -1000.00 1.3390 0.3253 0.5005 126.4165 2.2062 -55.0406 0.0537 -0.0053 0.0000 310 pedestrian_0012
Pedestrian 1.00 1.00 0 0 0 0 0 0 0 0 -1000.00 -1000.00 -1000.00 -1000.00 1.9158 0.4880 0.5414 126.0232 2.9562 -162.4396 -1.3935 -0.0053 0.0000 311 pedestrian_0022
Pedestrian 1.00 1.00 0 0 0 0 0 0 0 0 -1000.00 -1000.00 -1000.00 -1000.00 1.9158 0.4880 0.7507 82.8890 2.9927 -169.5571 -0.1252 -0.0053 0.0000 312 pedestrian_0018
Pedestrian 1.00 1.00 0 0 0 0 0 0 0 0 -1000.00 -1000.00 -1000.00 -1000.00 1.9158 0.4880 0.5332 -141.9222 2.0111 -13.8148 0.8392 -0.0053 0.0000 313 pedestrian_0022
Pedestrian 1.00 1.00 0 0 0 0 0 0 0 0 -1000.00 -1000.00 -1000.00 -1000.00 1.9158 0.4880 0.3891 37.5010 2.7287 -148.7043 1.0288 -0.0053 0.0000 314 pedestrian_0005
Pedestrian 1.00 1.00 21 19 38 173 0 4 0 0 -1000.00 -1000.00 -1000.00 -1000.00 1.9158 0.4880 0.7507 -31.3413 1.8943 8.6009 0.0726 -0.0053 0.0000 315 pedestrian_0018
Pedestrian 1.00 1.00 0 0 0 0 0 0 0 0 -1000.00 -1000.00 -1000.00 -1000.00 1.9158 0.4880 0.6914 -263.6524 1.5491 72.5900 -1.9625 -0.0053 0.0000 316 pedestrian_0024
Pedestrian 1.00 1.00 2 2 3 22 0 0 0 0 -1000.00 -1000.00 -1000.00 -1000.00 1.9158 0.4880 0.6432 -23.2543 2.3545 -78.2387 -3.1235 -0.0053 0.0000 317 pedestrian_0002
Pedestrian 1.00 1.00 0 0 0 0 0 0 0 0 -1000.00 -1000.00 -1000.00 -1000.00 1.3390 0.3253 0.3419 -98.6100 3.0938 -226.1698 0.0217 -0.0053 0.0000 318 pedestrian_0013
Pedestrian 1.00 1.00 0 0 0 0 0 0 0 0 -1000.00 -1000.00 -1000.00 -1000.00 1.9158 0.4880 0.7507 -73.6948 2.5481 -115.1874 -1.5473 -0.0053 0.0000 319 pedestrian_0018
Pedestrian 1.00 1.00 0 0 0 0 0 0 0 0 -1000.00 -1000.00 -1000.00 -1000.00 1.9158 0.4880 0.7039 -127.4321 2.6856 -141.4581 2.6677 -0.0053 0.0000 320 pedestrian_0006
Pedestrian 1.00 1.00 0 0 0 0 0 0 0 0 -1000.00 -1000.00 -1000.00 -1000.00 1.9158 0.4880 0.7507 -118.0061 3.4460 -285.0380 0.0217 -0.0053 0.0000 321 pedestrian_0021
Pedestrian 1.00 1.00 0 0 0 0 0 0 0 0 -1000.00 -1000.00 -1000.00 -1000.00 1.1330 0.4333 0.5382 -99.5068 2.3513 -79.6874 0.0595 -0.0053 0.0000 322 pedestrian_0010
Pedestrian 1.00 1.00 0 0 0 0 0 0 0 0 -1000.00 -1000.00 -1000.00 -1000.00 1.9158 0.4880 0.3754 88.1870 2.2419 -56.6434 -3.0827 -0.0053 0.0000 323 pedestrian_0022
Pedestrian 1.00 1.00 0 0 0 0 0 0 0 0 -1000.00 -1000.00 -1000.00 -1000.00 1.9158 0.4880 0.7507 -30.6461 2.2531 -59.3657 -3.1009 -0.0053 0.0000 324 pedestrian_0015
Pedestrian 1.00 1.00 8 8 11 58 0 0 0 0 -1000.00 -1000.00 -1000.00 -1000.00 1.9158 0.4880 0.5656 -43.6362 1.8796 11.3187 -3.0659 -0.0053 0.0000 325 pedestrian_0005
Pedestrian 1.00 1.00 0 0 0 0 0 0 0 0 -1000.00 -1000.00 -1000.00 -1000.00 1.9158 0.4880 0.5792 195.8442 -8.1712 65.7390 -1.3785 -0.0053 0.0000 326 pedestrian_0006
Pedestrian 1.00 1.00 0 0 0 0 0 0 0 0 -1000.00 -1000.00 -1000.00 -1000.00 1.9158 0.4880 0.4085 206.2004 2.2337 -54.2644 -2.9398 -0.0053 0.0000 327 pedestrian_0002
Pedestrian 1.00 1.00 0 0 0 0 0 0 0 0 -1000.00 -1000.00 -1000.00 -1000.00 1.9158 0.4880 0.6773 74.6283 2.0439 9.6903 -3.1104 -0.0053 0.0000 328 pedestrian_0015
Pedestrian 0.00 1.00 0 0 0 0 0 0 0 0 429.54 357.15 434.21 364.43 1.9158 0.4880 0.7507 -139.2398 1.1634 146.1359 -3.1165 -0.0053 0.0000 329 pedestrian_0005
Pedestrian 1.00 1.00 0 0 0 0 0 0 0 0 -1000.00 -1000.00 -1000.00 -1000.00 1.1330 0.4333 0.6667 -161.9807 3.4346 -285.1537 -0.0690 -0.0053 0.0000 330 pedestrian_0010
Pedestrian 1.00 1.00 0 0 0 0 0 0 0 0 -1000.00 -1000.00 -1000.00 -1000.00 1.9158 0.4880 0.6336 56.8093 1.9427 28.7286 1.7953 -0.0053 0.0000 331 pedestrian_0001
Pedestrian 1.00 1.00 0 0 0 0 0 0 0 0 -1000.00 -1000.00 -1000.00 -1000.00 1.9158 0.4880 0.3843 -93.8998 1.9274 2.0171 -0.8645 -0.0053 0.0000 332 pedestrian_0017
Pedestrian 1.00 1.00 0 0 0 0 0 0 0 0 -1000.00 -1000.00 -1000.00 -1000.00 1.9158 0.4880 0.5882 -75.7821 2.5114 -79.4564 0.0171 -0.0053 0.0000 333 pedestrian_0023
Pedestrian 0.00 1.00 0 0 0 0 0 0 0 0 147.49 362.06 155.15 373.49 1.3390 0.3253 0.3864 -95.2801 1.5832 65.3082 -1.5195 -0.0053 0.0000 334 pedestrian_0013
Pedestrian 1.00 1.00 0 0 0 0 0 0 0 0 -1000.00 -1000.00 -1000.00 -1000.00 1.9158 0.4880 0.7507 -116.9929 3.1028 -226.5472 -0.0626 -0.0053 0.0000 335 pedestrian_0019
Pedestrian 0.00 0.00 89 114 172 10192 0 25 30 0 215.70 367.20 315.30 494.80 1.9158 0.4880 0.7087 -10.2798 1.9936 8.2674 0.0753 -0.0053 0.0000 336 pedestrian_0017
Pedestrian 1.00 1.00 0 0 0 0 0 0 0 0 -1000.00 -1000.00 -1000.00 -1000.00 1.9158 0.4880 0.5548 -135.2322 3.4492 -285.6860 -0.2044 -0.0053 0.0000 337 pedestrian_0025
Pedestrian 1.00 1.00 0 0 0 0 0 0 0 0 -1000.00 -1000.00 -1000.00 -1000.00 1.9158 0.4880 0.7507 145.0551 -6.6504 -266.9804 -2.6334 -0.0053 0.0000 338 pedestrian_0006
Pedestrian 1.00 1.00 0 0 0 0 0 0 0 0 -1000.00 -1000.00 -1000.00 -1000.00 1.1330 0.4333 0.6097 97.4968 -6.7850 -245.2774 -3.0733 -0.0053 0.0000 339 pedestrian_0011
Pedestrian 1.00 1.00 0 0 0 0 0 0 0 0 -1000.00 -1000.00 -1000.00 -1000.00 1.1330 0.4333 0.5577 123.3476 1.9236 30.5426 -1.5649 -0.0053 0.0000 340 pedestrian_0011
Pedestrian 1.00 1.00 0 0 0 0 0 0 0 0 -1000.00 -1000.00 -1000.00 -1000.00 1.3390 0.3253 0.3150 208.1156 2.4557 -97.4272 -1.5565 -0.0053 0.0000 341 pedestrian_0013
Pedestrian 1.00 1.00 0 0 0 0 0 0 0 0 -1000.00 -1000.00 -1000.00 -1000.00 1.9158 0.4880 0.7507 -77.9342 2.5178 -80.6731 0.0985 -0.0053 0.0000 342 pedestrian_0007
Pedestrian 1.00 1.00 0 0 0 0 0 0 0 0 -1000.00 -1000.00 -1000.00 -1000.00 1.9158 0.4880 0.5268 61.9172 2.3958 -56.8817 -2.8961 -0.0053 0.0000 343 pedestrian_0021
Pedestrian 1.00 1.00 0 0 0 0 0 0 0 0 -1000.00 -1000.00 -1000.00 -1000.00 1.1330 0.4333 0.5351 200.4992 -7.9059 -29.9701 -1.5665 -0.0053 0.0000 344 pedestrian_0010
Pedestrian 0.00 0.16 22 27 33 432 0 0 18 0 996.90 359.90 1010.10 406.07 1.9158 0.4880 0.5041 1.9089 1.9235 23.6288 -2.4241 -0.0053 0.0000 345 pedestrian_0021
Pedestrian 0.00 1.00 0 0 0 0 0 0 0 0 1722.43 361.34 1728.27 371.99 1.3390 0.3253 0.2816 96.6023 1.5094 69.9623 -3.1106 -0.0053 0.0000 346 pedestrian_0014
Pedestrian 1.00 1.00 0 0 0 0 0 0 0 0 -1000.00 -1000.00 -1000.00 -1000.00 1.9158 0.4880 0.4287 -69.8509 2.2599 -60.6811 2.8925 -0.0053 0.0000 347 pedestrian_0023
Pedestrian 1.00 1.00 0 0 0 0 0 0 0 0 -1000.00 -1000.00 -1000.00 -1000.00 1.9158 0.4880 0.7507 94.6748 2.2421 -56.4535 -3.0954 -0.0053 0.0000 348 pedestrian_0008
Pedestrian 1.00 1.00 0 0 0 0 0 0 0 0 -1000.00 -1000.00 -1000.00 -1000.00 1.9158 0.4880 0.7507 -274.1286 1.8917 7.8004 1.5677 -0.0053 0.0000 349 pedestrian_0006
Pedestrian 1.00 1.00 0 0 0 0 0 0 0 0 -1000.00 -1000.00 -1000.00 -1000.00 1.9158 0.4880 0.6583 127.8838 2.5600 -126.8284 -1.5164 -0.0053 0.0000 350 pedestrian_0022
Pedestrian 1.00 1.00 0 0 0 0 0 0 0 0 -1000.00 -1000.00 -1000.00 -1000.00 1.9158 0.4880 0.5417 62.7021 2.8297 -167.6605 -1.5594 -0.0053 0.0000 351 pedestrian_0023
Pedestrian 1.00 1.00 0 0 0 0 0 0 0 0 -1000.00 -1000.00 -1000.00 -1000.00 1.9158 0.4880 0.7433 115.5100 2.8349 -168.3400 -3.0893 -0.0053 0.0000 352 pedestrian_0006
Pedestrian 1.00 1.00 0 0 0 0 0 0 0 0 -1000.00 -1000.00 -1000.00 -1000.00 1.9158 0.4880 0.7507 62.4408 2.8949 -151.1814 1.5299 -0.0053 0.0000 353 pedestrian_0024
Pedestrian 0.00 1.00 0 0 0 0 0 0 0 0 231.74 360.15 236.89 364.61 1.1330 0.4333 0.6667 -185.4497 1.1725 141.6445 0.3753 -0.0053 0.0000 354 pedestrian_0011
Pedestrian 1.00 1.00 0 0 0 0 0 0 0 0 -1000.00 -1000.00 -1000.00 -1000.00 1.9158 0.4880 0.6678 117.1120 1.8830 11.8281 3.1313 -0.0053 0.0000 355 pedestrian_0017
Pedestrian 1.00 1.00 0 0 0 0 0 0 0 0 -1000.00 -1000.00 -1000.00 -1000.00 1.3390 0.3253 0.3490 165.0645 -7.9619 -19.1377 -1.5818 -0.0053 0.0000 356 pedestrian_0012
Pedestrian 1.00 1.00 0 0 0 0 0 0 0 0 -1000.00 -1000.00 -1000.00 -1000.00 1.9158 0.4880 0.4477 -172.9101 3.4400 -284.2273 2.9213 -0.0053 0.0000 357 pedestrian_0020
Pedestrian 1.00 1.00 3 3 6 26 5 0 0 0 -1000.00 -1000.00 -1000.00 -1000.00 1.9158 0.4880 0.3754 4.7538 2.3162 -81.3272 1.7104 -0.0053 0.0000 358 pedestrian_0017
Pedestrian 0.00 0.00 57 48 85 6861 0 3 13 0 19.78 354.00 82.42 464.00 1.9158 0.4880 0.4949 -16.6391 1.8458 10.1685 2.4441 -0.0053 0.0000 359 pedestrian_0025
Pedestrian 1.00 1.00 0 0 0 0 0 0 0 0 -1000.00 -1000.00 -1000.00 -1000.00 1.3390 0.3253 0.5005 -269.0621 2.7903 -162.9071 -1.5370 -0.0053 0.0000 360 pedestrian_0013
Pedestrian 1.00 1.00 0 0 0 0 0 0 0 0 -1000.00 -1000.00 -1000.00 -1000.00 1.3390 0.3253 0.3489 -198.2580 3.3910 -276.3137 -0.4093 -0.0053 0.0000 361 pedestrian_0013
Pedestrian 1.00 1.00 0 0 0 0 0 0 0 0 -1000.00 -1000.00 -1000.00 -1000.00 1.3390 0.3253 0.4309 96.3889 1.7692 31.3280 -3.0566 -0.0053 0.0000 362 pedestrian_0013
Pedestrian 1.00 1.00 0 0 0 2 0 0 0 0 -1000.00 -1000.00 -1000.00 -1000.00 1.1330 0.4333 0.6667 7.2961 2.8724 -149.9470 1.3769 -0.0053 0.0000 363 pedestrian_0011
Pedestrian 1.00 1.00 0 2 1 2 0 0 0 0 -1000.00 -1000.00 -1000.00 -1000.00 1.3390 0.3253 0.4139 -6.3715 2.9353 -168.9049 -0.0001 -0.0053 0.0000 364 pedestrian_0012
Pedestrian 1.00 1.00 0 0 0 0 0 0 0 0 -1000.00 -1000.00 -1000.00 -1000.00 1.9158 0.4880 0.5355 124.7060 1.9051 31.4823 -1.6511 -0.0053 0.0000 365 pedestrian_0023
Pedestrian 1.00 1.00 0 0 0 0 0 0 0 0 -1000.00 -1000.00 -1000.00 -1000.00 1.9158 0.4880 0.5574 -174.7577 1.5238 71.4828 0.4071 -0.0053 0.0000 366 pedestrian_0005
Pedestrian 1.00 1.00 0 0 0 0 0 0 0 0 -1000.00 -1000.00 -1000.00 -1000.00 1.9158 0.4880 0.6049 -187.8087 2.8998 -188.5603 2.1664 -0.0053 0.0000 367 pedestrian_0021
Pedestrian 1.00 1.00 0 0 0 0 0 0 0 0 -1000.00 -1000.00 -1000.00 -1000.00 1.1330 0.4333 0.4254 -179.2772 2.2458 -62.9315 -0.0387 -0.0053 0.0000 368 pedestrian_0010
Pedestrian 1.00 1.00 0 0 0 0 0 0 0 0 -1000.00 -1000.00 -1000.00 -1000.00 1.9158 0.4880 0.7507 -73.7883 2.4972 -105.2882 -1.6048 -0.0053 0.0000 369 pedestrian_0020
Pedestrian 1.00 1.00 0 1 1 4 1 0 0 0 -1000.00 -1000.00 -1000.00 -1000.00 1.3390 0.3253 0.4233 9.6461 2.3387 -76.8870 0.0930 -0.0053 0.0000 370 pedestrian_0012
Pedestrian 1.00 1.00 0 0 0 0 0 0 0 0 -1000.00 -1000.00 -1000.00 -1000.00 1.9158 0.4880 0.6762 83.4490 1.7105 43.9887 -1.8338 -0.0053 0.0000 371 pedestrian_0015
Pedestrian 1.00 1.00 0 0 0 0 0 0 0 0 -1000.00 -1000.00 -1000.00 -1000.00 1.9158 0.4880 0.7507 61.5143 2.5666 -117.9450 1.5892 -0.0053 0.0000 372 pedestrian_0007
Pedestrian 1.00 1.00 0 0 0 0 0 0 0 0 -1000.00 -1000.00 -1000.00 -1000.00 1.9158 0.4880 0.6542 -272.0012 2.4513 -97.5415 1.6486 -0.0053 0.0000 373 pedestrian_0008
Pedestrian 1.00 1.00 0 0 0 0 0 0 0 0 -1000.00 -1000.00 -1000.00 -1000.00 1.9158 0.4880 0.6043 144.8533 2.1257 -44.6737 -1.5460 -0.0053 0.0000 374 pedestrian_0020
Pedestrian 1.00 1.00 0 0 0 0 0 0 0 0 -1000.00 -1000.00 -1000.00 -1000.00 1.9158 0.4880 0.5239 -88.7239 2.9975 -171.3809 0.2797 -0.0053 0.0000 375 pedestrian_0015
Pedestrian 1.00 1.00 0 0 0 0 0 0 0 0 -1000.00 -1000.00 -1000.00 -1000.00 1.3390 0.3253 0.2789 -95.6578 2.3532 -79.6458 -0.0852 -0.0053 0.0000 376 pedestrian_0012
Pedestrian 1.00 1.00 0 0 0 0 0 0 0 0 -1000.00 -1000.00 -1000.00 -1000.00 1.9158 0.4880 0.4415 89.5614 2.8497 -172.2297 1.4472 -0.0053 0.0000 377 pedestrian_0017
Pedestrian 1.00 1.00 0 0 0 0 0 0 0 0 -1000.00 -1000.00 -1000.00 -1000.00 1.9158 0.4880 0.7507 85.1910 2.3564 -78.1056 0.7465 -0.0053 0.0000 378 pedestrian_0025
Pedestrian 1.00 1.00 0 0 0 9 0 0 0 0 -1000.00 -1000.00 -1000.00 -1000.00 1.1330 0.4333 0.6189 82.5945 1.7596 32.5060 2.3195 -0.0053 0.0000 379 pedestrian_0009
Pedestrian 1.00 1.00 0 0 0 0 0 0 0 0 -1000.00 -1000.00 -1000.00 -1000.00 1.9158 0.4880 0.6251 78.0600 2.9811 -167.3832 3.1298 -0.0053 0.0000 380 pedestrian_0002
Pedestrian 1.00 1.00 0 0 0 0 0 0 0 0 -1000.00 -1000.00 -1000.00 -1000.00 1.3390 0.3253 0.4038 -149.9024 3.4389 -285.4654 0.0155 -0.0053 0.0000 381 pedestrian_0013
Pedestrian 1.00 1.00 0 0 0 0 0 0 0 0 -1000.00 -1000.00 -1000.00 -1000.00 1.3390 0.3253 0.5005 127.1718 2.8030 -174.7638 -1.6100 -0.0053 0.0000 382 pedestrian_0012
Pedestrian 0.00 1.00 0 0 0 0 0 0 0 0 1424.15 363.49 1431.83 372.73 1.1330 0.4333 0.6035 57.9234 1.5679 68.6051 -2.9807 -0.0053 0.0000 383 pedestrian_0010
Pedestrian 1.00 1.00 0 0 0 0 0 0 0 0 -1000.00 -1000.00 -1000.00 -1000.00 1.3390 0.3253 0.5005 -263.7723 2.9978 -202.3055 -1.3040 -0.0053 0.0000 384 pedestrian_0013
Pedestrian 0.00 1.00 5 3 5 51 0 0 0 0 1869.48 357.51 1892.86 388.98 1.9158 0.4880 0.5458 56.6023 1.7631 34.0659 -1.7536 -0.0053 0.0000 385 pedestrian_0015
Pedestrian 1.00 1.00 1 1 3 18 0 1 0 0 -1000.00 -1000.00 -1000.00 -1000.00 1.9158 0.4880 0.7507 -96.0206 1.7506 35.0452 -1.5715 -0.0053 0.0000 386 pedestrian_0018
Pedestrian 1.00 1.00 0 0 0 0 0 0 0 0 -1000.00 -1000.00 -1000.00 -1000.00 1.3390 0.3253 0.4792 -114.3000 3.4402 -285.4786 -0.0265 -0.0053 0.0000 387 pedestrian_0013
Pedestrian 1.00 1.00 0 0 0 0 0 0 0 0 -1000.00 -1000.00 -1000.00 -1000.00 1.9158 0.4880 0.7507 147.3966 2.7226 -146.9765 1.6416 -0.0053 0.0000 388 pedestrian_0022
Pedestrian 1.00 1.00 0 0 0 0 0 0 0 0 -1000.00 -1000.00 -1000.00 -1000.00 1.9158 0.4880 0.7507 -272.3357 2.1255 -36.3757 -1.5353 -0.0053 0.0000 389 pedestrian_0003
Pedestrian 1.00 1.00 0 0 0 0 0 0 0 0 -1000.00 -1000.00 -1000.00 -1000.00 1.9158 0.4880 0.7507 -116.2210 3.4467 -285.1153 0.0231 -0.0053 0.0000 390 pedestrian_0021
Pedestrian 0.00 0.66 7 9 18 633 0 3 2 0 472.48 358.31 490.71 391.89 1.9158 0.4880 0.7507 -25.7804 1.7821 29.8287 -3.1161 -0.0053 0.0000 391 pedestrian_0016
Pedestrian 1.00 1.00 0 0 0 0 0 0 0 0 -1000.00 -1000.00 -1000.00 -1000.00 1.9158 0.4880 0.7472 -189.5177 3.4160 -279.6712 -0.2930 -0.0053 0.0000 392 pedestrian_0005
Pedestrian 1.00 1.00 0 0 0 0 0 0 0 0 -1000.00 -1000.00 -1000.00 -1000.00 1.9158 0.4880 0.4774 157.7901 -6.9759 -204.1780 -2.0518 -0.0053 0.0000 393 pedestrian_0026
Pedestrian 1.00 1.00 0 0 0 0 0 0 0 0 -1000.00 -1000.00 -1000.00 -1000.00 1.9158 0.4880 0.7507 128.7440 2.5218 -119.6029 1.4555 -0.0053 0.0000 394 pedestrian_0022
Pedestrian 1.00 1.00 0 0 0 0 0 0 0 0 -1000.00 -1000.00 -1000.00 -1000.00 1.1330 0.4333 0.4048 166.1217 -7.3998 -126.0271 1.5759 -0.0053 0.0000 395 pedestrian_0010
Pedestrian 0.00 1.00 0 0 0 0 0 0 0 0 1732.91 356.85 1739.64 369.19 1.9158 0.4880 0.4135 120.9721 1.4253 86.3798 -0.4316 -0.0053 0.0000 396 pedestrian_0006
Pedestrian 1.00 1.00 0 0 0 0 0 0 0 0 -1000.00 -1000.00 -1000.00 -1000.00 1.3390 0.3253 0.5005 -72.7511 1.9660 -7.3318 -1.6374 -0.0053 0.0000 397 pedestrian_0012
Pedestrian 1.00 1.00 0 0 0 0 0 0 0 0 -1000.00 -1000.00 -1000.00 -1000.00 1.1330 0.4333 0.6667 128.2584 2.5008 -117.7950 -1.6153 -0.0053 0.0000 398 pedestrian_0010
Pedestrian 1.00 1.00 0 0 0 0 0 0 0 0 -1000.00 -1000.00 -1000.00 -1000.00 1.9158 0.4880 0.7507 -56.9707 1.8808 11.0118 -3.1254 -0.0053 0.0000 399 pedestrian_0007
Pedestrian 1.00 1.00 0 0 0 0 0 0 0 0 -1000.00 -1000.00 -1000.00 -1000.00 1.9158 0.4880 0.6035 195.5715 -8.1747 69.7228 1.8222 -0.0053 0.0000 400 pedestrian_0001
Pedestrian 1.00 1.00 0 0 0 0 0 0 0 0 -1000.00 -1000.00 -1000.00 -1000.00 1.9158 0.4880 0.7507 135.9860 2.3601 -55.7237 3.1097 -0.0053 0.0000 401 pedestrian_0016
Pedestrian 1.00 1.00 0 0 0 0 0 0 0 0 -1000.00 -1000.00 -1000.00 -1000.00 1.9158 0.4880 0.7442 -270.9169 2.4391 -95.1403 1.5395 -0.0053 0.0000 402 pedestrian_0021
Pedestrian 1.00 1.00 3 6 5 27 2 0 0 0 -1000.00 -1000.00 -1000.00 -1000.00 1.9158 0.4880 0.6318 -12.9881 2.1686 -53.5775 -1.3980 -0.0053 0.0000 403 pedestrian_0006
Pedestrian 1.00 1.00 2 5 5 34 1 0 0 0 -1000.00 -1000.00 -1000.00 -1000.00 1.9158 0.4880 0.4197 -17.9960 2.2405 -57.5940 2.8307 -0.0053 0.0000 404 pedestrian_0023
Pedestrian 1.00 1.00 0 0 0 0 0 0 0 0 -1000.00 -1000.00 -1000.00 -1000.00 1.1330 0.4333 0.5871 60.3688 1.9280 0.5711 -1.6322 -0.0053 0.0000 405 pedestrian_0011
Pedestrian 0.00 0.13 0 0 0 496 0 0 2 1 1450.79 358.36 1465.30 391.51 1.9158 0.4880 0.5457 28.5020 1.7735 31.7461 -3.0262 -0.0053 0.0000 406 pedestrian_0004
Pedestrian 1.00 1.00 0 0 0 0 0 0 0 0 -1000.00 -1000.00 -1000.00 -1000.00 1.9158 0.4880 0.4490 87.4321 2.8389 -169.2756 3.1316 -0.0053 0.0000 407 pedestrian_0026
Pedestrian 1.00 1.00 0 0 0 0 0 0 0 0 -1000.00 -1000.00 -1000.00 -1000.00 1.3390 0.3253 0.3153 144.6540 1.7027 33.6754 -1.5814 -0.0053 0.0000 408 pedestrian_0013
Pedestrian 1.00 1.00 0 0 0 0 0 0 0 0 -1000.00 -1000.00 -1000.00 -1000.00 1.1330 0.4333 0.5262 -119.0375 2.7097 -148.1062 -0.2881 -0.0053 0.0000 409 pedestrian_0010
Pedestrian 0.00 1.00 0 0 0 0 0 0 0 0 1742.39 356.89 1749.90 369.33 1.9158 0.4880 0.5140 121.5772 1.4351 85.7226 -0.5658 -0.0053 0.0000 410 pedestrian_0020
Pedestrian 1.00 1.00 0 0 0 0 0 0 0 0 -1000.00 -1000.00 -1000.00 -1000.00 1.9158 0.4880 0.7250 -73.7023 2.4333 -64.6870 -1.6027 -0.0053 0.0000 411 pedestrian_0025
Pedestrian 1.00 1.00 0 0 0 0 0 0 0 0 -1000.00 -1000.00 -1000.00 -1000.00 1.1330 0.4333 0.6424 61.1385 1.9242 3.4735 1.5642 -0.0053 0.0000 412 pedestrian_0010
Pedestrian 1.00 1.00 0 0 0 0 0 0 0 0 -1000.00 -1000.00 -1000.00 -1000.00 1.9158 0.4880 0.7507 63.2393 2.4929 -104.0214 -1.6084 -0.0053 0.0000 413 pedestrian_0015
Pedestrian 1.00 1.00 0 0 0 0 0 0 0 0 -1000.00 -1000.00 -1000.00 -1000.00 1.1330 0.4333 0.6667 62.4192 2.3838 -85.5511 -1.5430 -0.0053 0.0000 414 pedestrian_0011
Pedestrian 1.00 1.00 0 0 0 0 0 0 0 0 -1000.00 -1000.00 -1000.00 -1000.00 1.9158 0.4880 0.5303 62.0579 2.3505 -77.1080 1.3208 -0.0053 0.0000 415 pedestrian_0025
Pedestrian 1.00 1.00 0 0 0 0 0 0 0 0 -1000.00 -1000.00 -1000.00 -1000.00 1.1330 0.4333 0.6527 166.4724 -7.3263 -139.9608 1.5862 -0.0053 0.0000 416 pedestrian_0009
Pedestrian 0.00 1.00 0 0 0 0 0 0 0 0 1645.04 307.31 1650.82 318.06 1.9158 0.4880 0.5320 126.1793 -7.7172 101.6679 2.5635 -0.0053 0.0000 417 pedestrian_0026
Pedestrian 1.00 1.00 0 0 0 0 0 0 0 0 -1000.00 -1000.00 -1000.00 -1000.00 1.9158 0.4880 0.7507 -271.0522 2.4600 -99.2877 1.7137 -0.0053 0.0000 418 pedestrian_0019
Pedestrian 1.00 1.00 0 0 0 0 0 0 0 0 -1000.00 -1000.00 -1000.00 -1000.00 1.9158 0.4880 0.5832 -95.3233 2.1312 -36.2020 -0.7589 -0.0053 0.0000 419 pedestrian_0018
Pedestrian 1.00 1.00 0 0 0 0 0 0 0 0 -1000.00 -1000.00 -1000.00 -1000.00 1.9158 0.4880 0.6539 -188.4332 3.4210 -280.5942 -0.4028 -0.0053 0.0000 420 pedestrian_0026
Pedestrian 1.00 1.00 0 0 0 0 0 0 0 0 -1000.00 -1000.00 -1000.00 -1000.00 1.9158 0.4880 0.7507 146.6784 2.5902 -132.4330 1.5774 -0.0053 0.0000 421 pedestrian_0005
Pedestrian 1.00 1.00 2 2 4 0 0 0 0 0 -1000.00 -1000.00 -1000.00 -1000.00 1.9158 0.4880 0.5884 55.4810 1.7837 29.9685 -0.8641 -0.0053 0.0000 422 pedestrian_0021
Pedestrian 1.00 1.00 0 0 0 0 0 0 0 0 -1000.00 -1000.00 -1000.00 -1000.00 1.9158 0.4880 0.6538 66.0640 2.9879 -168.7422 -0.0714 -0.0053 0.0000 423 pedestrian_0025
Pedestrian 1.00 1.00 0 0 0 0 0 0 0 0 -1000.00 -1000.00 -1000.00 -1000.00 1.9158 0.4880 0.4615 126.5052 2.4940 -114.3626 1.5916 -0.0053 0.0000 424 pedestrian_0008
Pedestrian 0.00 0.68 4 6 10 100 0 0 1 0 1189.39 357.17 1198.86 388.33 1.9158 0.4880 0.4677 14.8206 1.7507 35.0865 -0.4611 -0.0053 0.0000 425 pedestrian_0018
Pedestrian 1.00 1.00 0 0 0 8 0 0 0 0 -1000.00 -1000.00 -1000.00 -1000.00 1.9158 0.4880 0.4851 -23.8590 2.5395 -122.0541 2.0030 -0.0053 0.0000 426 pedestrian_0020
Pedestrian 1.00 1.00 0 0 0 0 0 0 0 0 -1000.00 -1000.00 -1000.00 -1000.00 1.3390 0.3253 0.3930 60.1719 2.8216 -167.7319 -3.1281 -0.0053 0.0000 427 pedestrian_0012
Pedestrian 1.00 1.00 0 0 0 0 0 0 0 0 -1000.00 -1000.00 -1000.00 -1000.00 1.1330 0.4333 0.4508 126.6328 2.3068 -75.6673 -0.0698 -0.0053 0.0000 428 pedestrian_0011
Pedestrian 1.00 1.00 0 0 0 0 0 0 0 0 -1000.00 -1000.00 -1000.00 -1000.00 1.9158 0.4880 0.5707 -94.3065 3.1899 -214.4589 1.5398 -0.0053 0.0000 429 pedestrian_0006
Pedestrian 1.00 1.00 0 0 0 0 0 0 0 0 -1000.00 -1000.00 -1000.00 -1000.00 1.9158 0.4880 0.6307 85.9345 1.9465 28.1668 -1.4223 -0.0053 0.0000 430 pedestrian_0021
Pedestrian 0.00 0.00 119 135 211 9893 0 19 26 0 437.60 366.20 514.40 493.80 1.9158 0.4880 0.7507 -7.2641 1.9932 8.3638 0.0469 -0.0053 0.0000 431 pedestrian_0026
Pedestrian 1.00 1.00 0 0 0 0 0 0 0 0 -1000.00 -1000.00 -1000.00 -1000.00 1.9158 0.4880 0.7507 159.0322 -8.1027 62.0074 1.9323 -0.0053 0.0000 432 pedestrian_0026
Pedestrian 1.00 1.00 0 0 0 0 0 0 0 0 -1000.00 -1000.00 -1000.00 -1000.00 1.9158 0.4880 0.4857 -73.3252 2.4631 -70.3184 -1.5480 -0.0053 0.0000 433 pedestrian_0002
Pedestrian 1.00 1.00 0 0 0 0 0 0 0 0 -1000.00 -1000.00 -1000.00 -1000.00 1.9158 0.4880 0.5476 109.8124 2.8326 -167.9498 -0.2577 -0.0053 0.0000 434 pedestrian_0001
Pedestrian 1.00 1.00 0 0 0 0 0 0 0 0 -1000.00 -1000.00 -1000.00 -1000.00 1.9158 0.4880 0.7507 49.7569 -6.5839 -283.2564 0.0258 -0.0053 0.0000 435 pedestrian_0022
Pedestrian 0.00 1.00 0 0 0 0 0 0 0 0 1508.58 357.36 1518.55 376.17 1.9158 0.4880 0.5229 56.6577 1.6458 56.7360 -1.5571 -0.0053 0.0000 436 pedestrian_0005
Pedestrian 1.00 1.00 0 0 0 0 0 0 0 0 -1000.00 -1000.00 -1000.00 -1000.00 1.3390 0.3253 0.5005 198.6455 2.2316 -55.4932 -3.1056 -0.0053 0.0000 437 pedestrian_0013
Pedestrian 1.00 1.00 0 0 0 0 0 0 0 0 -1000.00 -1000.00 -1000.00 -1000.00 1.1330 0.4333 0.5098 -131.7360 3.4356 -285.3627 3.0973 -0.0053 0.0000 438 pedestrian_0011
Pedestrian 0.00 0.82 1 1 1 7 0 0 1 0 1061.83 356.79 1067.98 375.09 1.9158 0.4880 0.7507 11.0675 1.5774 58.4731 1.1700 -0.0053 0.0000 439 pedestrian_0006
Pedestrian 0.00 1.00 0 0 0 0 0 0 0 0 1470.81 323.91 1473.92 329.31 1.3390 0.3253 0.4934 129.6028 -7.7748 140.2035 -0.3993 -0.0053 0.0000 440 pedestrian_0014
Pedestrian 0.00 1.00 0 0 0 0 0 0 0 0 222.52 358.41 231.33 373.44 1.9158 0.4880 0.5001 -93.8366 1.7124 70.9536 -1.7240 -0.0053 0.0000 441 pedestrian_0025
Pedestrian 1.00 1.00 0 0 0 0 0 0 0 0 -1000.00 -1000.00 -1000.00 -1000.00 1.9158 0.4880 0.4931 -228.1223 1.3037 119.1598 0.6963 -0.0053 0.0000 442 pedestrian_0003
Pedestrian 1.00 1.00 0 0 0 0 0 0 0 0 -1000.00 -1000.00 -1000.00 -1000.00 1.9158 0.4880 0.7507 37.0916 2.3470 -76.6309 0.0095 -0.0053 0.0000 443 pedestrian_0024
Pedestrian 1.00 1.00 0 0 0 3 0 0 0 0 -1000.00 -1000.00 -1000.00 -1000.00 1.9158 0.4880 0.4912 5.5088 2.9026 -156.4291 1.7058 -0.0053 0.0000 444 pedestrian_0007
Pedestrian 1.00 1.00 0 0 0 0 0 0 0 0 -1000.00 -1000.00 -1000.00 -1000.00 1.9158 0.4880 0.4108 -119.6132 2.2583 -60.1581 0.0561 -0.0053 0.0000 445 pedestrian_0023
Pedestrian 1.00 1.00 0 0 0 0 0 0 0 0 -1000.00 -1000.00 -1000.00 -1000.00 1.9158 0.4880 0.5829 -272.0420 2.0155 -15.5809 1.5608 -0.0053 0.0000 446 pedestrian_0026
Pedestrian 1.00 1.00 0 0 0 0 0 0 0 0 -1000.00 -1000.00 -1000.00 -1000.00 1.1330 0.4333 0.4966 164.7838 -8.0284 -6.2007 -1.5223 -0.0053 0.0000 447 pedestrian_0009
Pedestrian 1.00 1.00 0 0 0 0 0 0 0 0 -1000.00 -1000.00 -1000.00 -1000.00 1.9158 0.4880 0.6556 9.9469 -3.7936 -247.0911 -3.1354 -0.0053 0.0000 448 pedestrian_0015
Pedestrian 1.00 1.00 0 0 0 0 0 0 0 0 -1000.00 -1000.00 -1000.00 -1000.00 1.9158 0.4880 0.3940 157.8836 2.3377 -74.1740 3.0565 -0.0053 0.0000 449 pedestrian_0017
Pedestrian 1.00 1.00 0 0 0 5 0 0 0 0 -1000.00 -1000.00 -1000.00 -1000.00 1.9158 0.4880 0.6674 -5.0302 2.9391 -170.3735 0.1417 -0.0053 0.0000 450 pedestrian_0023
Pedestrian 1.00 1.00 0 0 0 0 0 0 0 0 -1000.00 -1000.00 -1000.00 -1000.00 1.9158 0.4880 0.5319 -71.0362 2.3539 -78.4672 0.3524 -0.0053 0.0000 451 pedestrian_0001
Pedestrian 0.00 1.00 0 0 0 0 0 0 0 0 347.35 357.21 355.66 369.53 1.9158 0.4880 0.7250 -95.0693 1.4805 86.6028 -1.5909 -0.0053 0.0000 452 pedestrian_0017
Pedestrian 1.00 1.00 0 0 0 0 0 0 0 0 -1000.00 -1000.00 -1000.00 -1000.00 1.1330 0.4333 0.4129 110.2708 2.2303 -56.2843 3.1330 -0.0053 0.0000 453 pedestrian_0011
Pedestrian 1.00 1.00 0 0 0 0 0 0 0 0 -1000.00 -1000.00 -1000.00 -1000.00 1.9158 0.4880 0.6831 -268.9076 2.8657 -175.7423 1.5297 -0.0053 0.0000 454 pedestrian_0018
Pedestrian 1.00 1.00 0 0 0 0 0 0 0 0 -1000.00 -1000.00 -1000.00 -1000.00 1.9158 0.4880 0.6377 86.2671 3.1305 -198.7083 -0.4205 -0.0053 0.0000 455 pedestrian_0021
Pedestrian 1.00 1.00 0 0 0 0 0 0 0 0 -1000.00 -1000.00 -1000.00 -1000.00 1.9158 0.4880 0.5028 207.3458 1.9880 -7.7942 -1.5330 -0.0053 0.0000 456 pedestrian_0007
Pedestrian 1.00 1.00 0 0 0 0 0 0 0 0 -1000.00 -1000.00 -1000.00 -1000.00 1.9158 0.4880 0.7507 73.1273 1.9097 35.0430 -2.9957 -0.0053 0.0000 457 pedestrian_0021
Pedestrian 1.00 1.00 0 0 0 0 0 0 0 0 -1000.00 -1000.00 -1000.00 -1000.00 1.9158 0.4880 0.4942 164.1022 -8.0217 -5.7569 1.8436 -0.0053 0.0000 458 pedestrian_0019
Pedestrian 0.00 1.00 0 0 0 0 0 0 0 0 244.79 360.15 249.27 364.60 1.1330 0.4333 0.5501 -182.5595 1.1731 141.9241 -2.8712 -0.0053 0.0000 459 pedestrian_0009
Pedestrian 0.00 1.00 0 0 0 0 0 0 0 0 376.32 357.15 380.88 364.46 1.9158 0.4880 0.6605 -152.6068 1.1665 145.4877 -3.0608 -0.0053 0.0000 460 pedestrian_0004
Pedestrian 1.00 1.00 0 0 0 0 0 0 0 0 -1000.00 -1000.00 -1000.00 -1000.00 1.3390 0.3253 0.4371 -92.8885 2.5649 -120.0376 1.5175 -0.0053 0.0000 461 pedestrian_0012
Pedestrian 1.00 1.00 0 0 0 0 0 0 0 0 -1000.00 -1000.00 -1000.00 -1000.00 1.9158 0.4880 0.6073 -162.7383 2.5880 -123.1881 1.6726 -0.0053 0.0000 462 pedestrian_0006
Pedestrian 1.00 1.00 0 0 0 0 0 0 0 0 -1000.00 -1000.00 -1000.00 -1000.00 1.1330 0.4333 0.6667 61.6389 2.3635 -81.2514 1.4893 -0.0053 0.0000 463 pedestrian_0009
Pedestrian 1.00 1.00 0 0 0 0 0 0 0 0 -1000.00 -1000.00 -1000.00 -1000.00 1.3390 0.3253 0.3125 -166.5251 2.3418 -80.4573 -0.0798 -0.0053 0.0000 464 pedestrian_0014
Pedestrian 1.00 1.00 0 0 0 2 0 0 0 0 -1000.00 -1000.00 -1000.00 -1000.00 1.1330 0.4333 0.4533 -95.0488 1.7617 30.9010 -1.8005 -0.0053 0.0000 465 pedestrian_0010
Pedestrian 1.00 1.00 0 0 0 0 0 0 0 0 -1000.00 -1000.00 -1000.00 -1000.00 1.9158 0.4880 0.7384 -92.7709 2.5110 -108.2657 1.6648 -0.0053 0.0000 466 pedestrian_0017
Pedestrian 0.00 0.01 51 64 104 5493 0 0 15 12 1602.11 358.20 1646.72 463.80 1.9158 0.4880 0.5029 12.4565 1.8862 10.3724 3.0837 -0.0053 0.0000 467 pedestrian_0004
Pedestrian 1.00 1.00 0 0 0 0 0 0 0 0 -1000.00 -1000.00 -1000.00 -1000.00 1.9158 0.4880 0.4337 114.0033 1.7707 32.6652 -3.1060 -0.0053 0.0000 468 pedestrian_0021
Pedestrian 1.00 1.00 4 3 2 30 2 0 0 0 -1000.00 -1000.00 -1000.00 -1000.00 1.3390 0.3253 0.4549 2.2311 2.3210 -55.1273 -0.0106 -0.0053 0.0000 469 pedestrian_0013
Pedestrian 1.00 1.00 0 0 0 0 0 0 0 0 -1000.00 -1000.00 -1000.00 -1000.00 1.9158 0.4880 0.6523 107.8964 2.8289 -167.2757 3.0567 -0.0053 0.0000 470 pedestrian_0001
Pedestrian 1.00 1.00 5 4 6 49 3 0 0 0 -1000.00 -1000.00 -1000.00 -1000.00 1.9158 0.4880 0.7507 -2.8088 2.3366 -56.3570 -0.1080 -0.0053 0.0000 471 pedestrian_0015
Pedestrian 0.00 1.00 0 0 0 0 0 0 0 0 125.67 357.15 131.19 365.01 1.9158 0.4880 0.5600 -202.9491 1.2191 135.2750 0.3726 -0.0053 0.0000 472 pedestrian_0024
Pedestrian 1.00 1.00 0 0 0 0 0 0 0 0 -1000.00 -1000.00 -1000.00 -1000.00 1.3390 0.3253 0.2586 -74.3151 3.1306 -226.5027 1.6422 -0.0053 0.0000 473 pedestrian_0013
Pedestrian 1.00 1.00 0 0 0 0 0 0 0 0 -1000.00 -1000.00 -1000.00 -1000.00 1.9158 0.4880 0.6656 -102.1435 3.4532 -286.3440 -0.0615 -0.0053 0.0000 474 pedestrian_0018
Pedestrian 1.00 1.00 0 0 0 0 0 0 0 0 -1000.00 -1000.00 -1000.00 -1000.00 1.3390 0.3253 0.4931 97.6762 2.8307 -168.8609 3.1254 -0.0053 0.0000 475 pedestrian_0012
Pedestrian 0.00 1.00 0 0 0 6 0 0 0 0 486.73 357.95 492.27 367.68 1.9158 0.4880 0.6680 -92.9297 1.5111 109.4794 -3.0344 -0.0053 0.0000 476 pedestrian_0026
Pedestrian 1.00 1.00 0 0 0 0 0 0 0 0 -1000.00 -1000.00 -1000.00 -1000.00 1.9158 0.4880 0.5141 -101.8137 3.4486 -285.4793 0.1669 -0.0053 0.0000 477 pedestrian_0016
Pedestrian 1.00 1.00 0 0 0 0 0 0 0 0 -1000.00 -1000.00 -1000.00 -1000.00 1.9158 0.4880 0.7507 59.9712 2.4245 -62.3105 -1.5253 -0.0053 0.0000 478 pedestrian_0006
Pedestrian 1.00 1.00 0 0 0 0 0 0 0 0 -1000.00 -1000.00 -1000.00 -1000.00 1.9158 0.4880 0.6027 -91.9849 3.4469 -285.1319 -3.0622 -0.0053 0.0000 479 pedestrian_0001
Pedestrian 1.00 1.00 0 0 0 0 0 0 0 0 -1000.00 -1000.00 -1000.00 -1000.00 1.9158 0.4880 0.7507 85.4339 1.9540 26.7480 1.7697 -0.0053 0.0000 480 pedestrian_0021
Car 1.00 1.00 0 0 0 0 0 0 0 0 -1000.00 -1000.00 -1000.00 -1000.00 1.6980 1.9434 4.1871 17.8288 2.6831 -133.5915 -1.5555 -0.0053 0.0000 481 citroen_c3
Car 1.00 1.00 0 0 0 0 0 0 0 0 -1000.00 -1000.00 -1000.00 -1000.00 1.9718 2.0005 4.0595 18.4361 2.5902 -122.5412 -1.5555 -0.0053 0.0000 482 jeep_wrangler_rubicon
Car 1.00 1.00 0 0 0 0 0 0 0 0 -1000.00 -1000.00 -1000.00 -1000.00 1.9718 2.0005 4.0595 48.9434 2.6789 -132.5198 1.5861 -0.0053 0.0000 483 jeep_wrangler_rubicon
Car 1.00 1.00 0 0 0 0 0 0 0 0 -1000.00 -1000.00 -1000.00 -1000.00 1.9718 2.0005 4.0595 15.4953 2.5903 -122.5862 -1.5555 -0.0053 0.0000 484 jeep_wrangler_rubicon
Car 1.00 1.00 0 0 0 0 0 0 0 0 -1000.00 -1000.00 -1000.00 -1000.00 1.9718 2.0005 4.0595 -62.7569 2.5678 -110.7491 0.0153 -0.0053 0.0000 485 nissan_patrol
Car 1.00 1.00 0 0 0 0 0 0 0 0 -1000.00 -1000.00 -1000.00 -1000.00 1.5488 2.0688 3.9961 -62.7268 2.6108 -113.6429 -3.1263 -0.0053 0.0000 486 nissan_patrol
Car 1.00 1.00 0 0 0 0 0 0 0 0 -1000.00 -1000.00 -1000.00 -1000.00 1.4855 2.1349 -5.6254 -56.5937 2.4676 -93.7512 -3.1263 -0.0053 0.0000 487 nissan_patrol
Car 1.00 1.00 0 0 0 0 0 0 0 0 -1000.00 -1000.00 -1000.00 -1000.00 1.6244 1.8781 -3.8906 -56.3347 2.5432 -110.6489 0.0153 -0.0053 0.0000 488 nissan_patrol
Car 1.00 1.00 2 4 8 24 0 0 0 0 -1000.00 -1000.00 -1000.00 -1000.00 1.7506 2.3538 -4.8416 -39.2132 2.5039 -87.8676 0.0153 -0.0053 0.0000 489 nissan_patrol
Car 1.00 1.00 16 18 30 125 4 0 0 0 -1000.00 -1000.00 -1000.00 -1000.00 1.9718 2.0005 -4.0595 -39.0336 2.5230 -102.1652 -3.1263 -0.0053 0.0000 490 nissan_patrol
Car 1.00 1.00 0 0 0 0 0 0 0 0 -1000.00 -1000.00 -1000.00 -1000.00 1.9476 2.0282 4.8347 -63.0593 2.4337 -88.2335 -3.1263 -0.0053 0.0000 491 nissan_patrol
Car 1.00 1.00 0 0 0 0 0 0 0 0 -1000.00 -1000.00 -1000.00 -1000.00 1.9718 2.0005 4.0595 -63.0726 2.4639 -91.1282 -3.1263 -0.0053 0.0000 492 nissan_patrol
Car 1.00 1.00 0 0 0 0 0 0 0 0 -1000.00 -1000.00 -1000.00 -1000.00 1.6244 1.8781 3.8906 -45.6117 2.4388 -90.8611 0.0153 -0.0053 0.0000 493 nissan_patrol
Car 1.00 1.00 0 0 0 0 0 0 0 0 -1000.00 -1000.00 -1000.00 -1000.00 1.5488 2.0688 3.9961 -45.5688 2.5052 -93.5841 -3.1263 -0.0053 0.0000 494 nissan_patrol
Car 1.00 1.00 2 2 1 22 0 0 0 0 -1000.00 -1000.00 -1000.00 -1000.00 2.1397 2.1728 4.7017 -45.4125 2.5099 -102.2644 -3.1263 -0.0053 0.0000 495 nissan_patrol
Car 1.00 1.00 9 13 11 67 0 0 0 0 -1000.00 -1000.00 -1000.00 -1000.00 1.9476 2.0282 4.8347 -45.2388 2.5519 -110.4797 -3.1263 -0.0053 0.0000 496 nissan_patrol
Car 1.00 1.00 1 0 0 4 0 0 0 0 -1000.00 -1000.00 -1000.00 -1000.00 1.5100 1.8730 4.1000 -45.2618 2.5589 -113.3756 -3.1263 -0.0053 0.0000 497 nissan_patrol
Car 1.00 1.00 9 6 14 62 3 0 0 0 -1000.00 -1000.00 -1000.00 -1000.00 1.5488 2.0688 3.9961 -30.3865 2.5350 -99.1372 0.0153 -0.0053 0.0000 498 nissan_patrol
Car 1.00 1.00 0 0 2 2 0 0 0 0 -1000.00 -1000.00 -1000.00 -1000.00 1.5100 1.8730 4.1000 -30.3462 2.4993 -102.0321 0.0153 -0.0053 0.0000 499 nissan_patrol
Car 1.00 1.00 0 0 0 0 0 0 0 0 -1000.00 -1000.00 -1000.00 -1000.00 1.9476 2.0282 4.8347 -30.2577 2.5218 -104.7155 -3.1263 -0.0053 0.0000 500 nissan_patrol
Car 1.00 1.00 9 21 24 107 4 0 0 0 -1000.00 -1000.00 -1000.00 -1000.00 2.1397 2.1728 -4.7017 -24.1698 2.4331 -87.6387 -3.1263 -0.0053 0.0000 501 nissan_patrol
Car 1.00 1.00 2 5 7 28 0 0 0 0 -1000.00 -1000.00 -1000.00 -1000.00 1.9476 2.0282 -4.8347 -24.0587 2.4469 -90.5320 0.0153 -0.0053 0.0000 502 nissan_patrol
Car 1.00 1.00 13 16 25 121 2 0 0 0 -1000.00 -1000.00 -1000.00 -1000.00 1.6244 1.8781 -3.8906 -23.8713 2.5275 -107.5125 -3.1263 -0.0053 0.0000 503 nissan_patrol
Car 1.00 1.00 3 5 8 40 8 0 0 0 -1000.00 -1000.00 -1000.00 -1000.00 1.7506 2.3538 -4.8416 -23.8552 2.6223 -110.1515 -3.1263 -0.0053 0.0000 504 nissan_patrol
Car 1.00 1.00 0 0 0 0 0 0 0 0 -1000.00 -1000.00 -1000.00 -1000.00 1.9476 2.0282 4.8347 22.3167 2.6428 -134.1925 1.5861 -0.0053 0.0000 505 nissan_patrol
Car 1.00 1.00 0 0 0 0 0 0 0 0 -1000.00 -1000.00 -1000.00 -1000.00 1.5475 1.9070 4.4025 46.1387 2.6543 -132.1605 1.5861 -0.0053 0.0000 506 seat_leon
Car 1.00 1.00 0 0 0 0 0 0 0 0 -1000.00 -1000.00 -1000.00 -1000.00 2.5908 2.7453 5.4640 31.7071 2.7005 -133.9869 1.5861 -0.0053 0.0000 507 carlamotors_carlacola
Car 1.00 1.00 0 0 0 0 0 0 0 0 -1000.00 -1000.00 -1000.00 -1000.00 2.5908 2.7453 5.4640 116.0737 2.7691 -142.4543 -1.5555 -0.0053 0.0000 508 carlamotors_carlacola
Car 1.00 1.00 0 0 0 0 0 0 0 0 -1000.00 -1000.00 -1000.00 -1000.00 2.5908 2.7453 5.4640 119.5618 2.7689 -142.4009 -1.5555 -0.0053 0.0000 509 carlamotors_carlacola
Car 1.00 1.00 0 0 0 0 0 0 0 0 -1000.00 -1000.00 -1000.00 -1000.00 2.5908 2.7453 5.4640 114.0049 2.4977 -114.2449 -3.1263 -0.0053 0.0000 510 carlamotors_carlacola
Car 1.00 1.00 0 0 0 0 0 0 0 0 -1000.00 -1000.00 -1000.00 -1000.00 2.5908 2.7453 5.4640 27.3967 2.7007 -134.0529 1.5861 -0.0053 0.0000 511 carlamotors_carlacola
Car 1.00 1.00 0 0 0 0 0 0 0 0 -1000.00 -1000.00 -1000.00 -1000.00 2.2031 2.5091 6.5872 53.8218 2.1274 -23.4729 1.0625 -0.0053 0.0000 512 tesla_cybertruck