Car 1.00 1.00 0 0 0 0 0 0 0 0 -1000.00 -1000.00 -1000.00 -1000.00 1.5542 2.3421 5.1370 -254.3416 2.1346 -191.1786 -1.2524 -0.0024 0.0048 0 lincoln2020_mkz2020
Car 1.00 1.00 6710 237209 380034 0 0 0 0 0 -1000.00 -1000.00 -1000.00 -1000.00 2.1397 2.1728 4.7045 -0.0005 2.0932 -2.2389 1.5708 0.0000 0.0000 1 volkswagen_t2
Motorcycle 1.00 1.00 0 0 0 0 0 0 0 0 -1000.00 -1000.00 -1000.00 -1000.00 1.6960 1.0692 2.4735 -89.2348 2.1238 -212.0781 -1.5827 0.0032 0.0000 2 harley_davidson_low_rider
Motorcycle 1.00 1.00 0 0 0 0 0 0 0 0 -1000.00 -1000.00 -1000.00 -1000.00 1.6960 1.0692 2.4735 -261.7274 2.1240 -161.5754 -1.5483 0.0054 -0.0000 3 harley_davidson_low_rider
Car 1.00 1.00 0 0 0 0 0 0 0 0 -1000.00 -1000.00 -1000.00 -1000.00 1.6320 2.1403 5.2230 144.4351 2.1259 -62.8833 -3.1201 -0.0098 0.0008 4 dodge_charger_police
Car 1.00 1.00 0 0 0 0 0 0 0 0 -1000.00 -1000.00 -1000.00 -1000.00 1.5542 2.3421 5.1370 -77.7281 2.1345 -266.4237 -3.1212 -0.0035 -0.0000 5 lincoln2020_mkz2020
Car 0.99 1.00 0 0 0 0 0 0 0 0 0.00 363.39 0.71 370.83 1.4546 2.0938 4.3903 -197.2478 2.1426 111.1871 0.4431 -0.0003 -0.0035 6 audi_tt
Car 1.00 1.00 0 0 0 0 0 0 0 0 -1000.00 -1000.00 -1000.00 -1000.00 1.4477 1.5550 2.3177 -27.1118 2.1425 -163.4268 0.0047 0.0004 0.0000 7 bmw_isetta
Car 0.00 1.00 0 0 0 0 0 0 0 0 530.38 361.92 562.20 369.93 1.7173 2.2591 5.2781 -90.8257 2.1517 121.7321 0.0095 -0.0075 -0.0002 8 mercedes_benz_coupe
Car 0.00 0.01 305 331 512 21443 0 46 53 0 119.90 383.00 374.34 435.12 1.4812 2.1349 5.6254 -20.5370 2.1429 16.0696 0.0197 0.0000 -0.0000 9 chevrolet_impala
Car 0.00 1.00 0 0 0 0 0 0 0 0 1392.39 363.40 1443.37 375.33 1.6115 2.2019 5.2564 63.4486 2.0922 76.8553 0.0087 0.0059 0.0036 10 charger2020_charger2020
Car 1.00 1.00 0 0 0 0 0 0 0 0 -1000.00 -1000.00 -1000.00 -1000.00 2.2031 2.5091 6.5872 132.4738 2.0955 -142.0799 -1.5550 -0.0000 0.0000 11 tesla_cybertruck
Car 1.00 1.00 0 0 0 0 0 0 0 0 -1000.00 -1000.00 -1000.00 -1000.00 1.5140 2.1024 4.9073 -80.9269 2.1345 -97.9444 1.5237 0.0000 -0.0000 12 mercedesccc_mercedesccc
Car 1.00 1.00 0 0 0 0 0 0 0 0 -1000.00 -1000.00 -1000.00 -1000.00 1.6980 1.9434 4.1871 159.9313 2.1437 -154.0501 3.1368 0.0013 -0.0001 13 citroen_c3
Car 1.00 1.00 0 0 0 0 0 0 0 0 -1000.00 -1000.00 -1000.00 -1000.00 1.4812 2.1349 5.6254 111.4037 2.1427 -63.4892 -3.1238 -0.0001 -0.0000 14 chevrolet_impala
Car 1.00 1.00 0 0 0 0 0 0 0 0 -1000.00 -1000.00 -1000.00 -1000.00 1.6320 2.1403 5.2230 131.8668 2.0933 -103.7677 -1.5777 -0.0042 -0.0000 15 dodge_charger_police
Car 1.00 1.00 0 0 0 1 0 0 0 0 -1000.00 -1000.00 -1000.00 -1000.00 1.5863 2.2347 5.1468 -19.6939 2.1365 -166.8854 0.0141 0.0000 -0.0000 16 lincoln_mkz2017
Car 1.00 1.00 0 0 0 0 0 0 0 0 -1000.00 -1000.00 -1000.00 -1000.00 1.7318 2.1344 5.0985 -245.2405 2.1513 44.9273 1.3733 -0.0002 -0.0042 17 audi_etron
Car 1.00 1.00 0 0 0 0 0 0 0 0 -1000.00 -1000.00 -1000.00 -1000.00 1.7506 2.3538 4.8416 -26.1631 2.1318 -166.9800 0.0138 0.0000 -0.0000 18 bmw_grandtourer
Car 0.00 1.00 0 0 0 0 0 0 0 0 1268.38 363.64 1305.71 375.77 1.5765 1.9374 3.8150 43.4077 2.0670 73.6200 0.0032 -0.0001 -0.0002 19 nissan_micra
Motorcycle 1.00 1.00 0 1 1 11 0 0 0 0 -1000.00 -1000.00 -1000.00 -1000.00 1.6960 1.0692 2.4735 -24.7681 2.1239 -76.3998 0.0175 0.0030 -0.0000 20 harley_davidson_low_rider
Car 1.00 1.00 0 0 0 0 0 0 0 0 -1000.00 -1000.00 -1000.00 -1000.00 1.5765 1.9374 3.8150 -78.5052 2.1222 -186.6842 1.5595 0.0000 -0.0000 21 nissan_micra
Car 1.00 1.00 0 0 0 0 0 0 0 0 -1000.00 -1000.00 -1000.00 -1000.00 1.7203 2.2019 5.4994 123.1823 2.1386 -70.1907 0.0222 -0.0003 0.0006 22 chargercop2020_chargercop2020
Car 1.00 1.00 32 32 47 220 4 0 0 0 -1000.00 -1000.00 -1000.00 -1000.00 1.5475 1.9070 4.4025 -23.4587 2.1355 -72.8533 0.0173 0.0000 -0.0000 23 seat_leon
Car 1.00 1.00 0 0 0 0 0 0 0 0 -1000.00 -1000.00 -1000.00 -1000.00 1.3660 1.9896 4.9534 -80.8424 2.1341 -164.5466 -2.5116 0.0000 -0.0000 24 mustang_mustang
Cyclist 0.00 1.00 0 0 0 0 0 0 0 0 233.87 361.22 257.68 377.63 1.9709 0.6705 1.7250 -86.8808 2.1229 67.4299 -1.5552 0.0068 0.0000 25 diamondback_century
Cyclist 1.00 1.00 4 8 13 50 0 1 0 0 -1000.00 -1000.00 -1000.00 -1000.00 1.7065 0.8593 1.4873 -68.0663 2.0923 22.4121 -3.1400 -0.0000 0.0000 26 bh_crossbike
Car 1.00 1.00 0 0 0 0 0 0 0 0 -1000.00 -1000.00 -1000.00 -1000.00 2.1397 2.1728 4.7045 -64.0844 2.1485 -66.5987 -3.1230 0.0000 0.0000 27 volkswagen_t2
Car 1.00 1.00 0 0 0 0 0 0 0 0 -1000.00 -1000.00 -1000.00 -1000.00 1.9718 2.0005 4.0595 -190.2851 2.1402 106.7450 0.3999 -0.0009 -0.0052 28 jeep_wrangler_rubicon
Car 1.00 1.00 35 37 61 361 0 0 0 11 -1000.00 -1000.00 -1000.00 -1000.00 1.5627 2.2716 5.0314 49.0937 2.1404 13.5490 0.0150 0.0000 -0.0000 29 tesla_model3
Car 1.00 1.00 0 0 0 0 0 0 0 0 -1000.00 -1000.00 -1000.00 -1000.00 1.4546 2.0938 4.3903 76.4102 2.1418 -182.3449 1.5792 0.0000 -0.0000 30 audi_tt
Car 1.00 1.00 0 0 0 0 0 0 0 0 -1000.00 -1000.00 -1000.00 -1000.00 1.5488 2.0688 3.9961 138.7057 2.0795 -92.3416 1.5869 0.0000 -0.0000 31 mini_cooperst
Car 1.00 1.00 0 0 0 0 0 0 0 0 -1000.00 -1000.00 -1000.00 -1000.00 1.6011 2.1072 4.7392 73.3979 2.1364 -3.6643 1.5950 -0.0000 -0.0000 32 toyota_prius
Car 1.00 1.00 0 0 0 0 0 0 0 0 -1000.00 -1000.00 -1000.00 -1000.00 2.1397 2.1728 4.7045 -156.1065 2.1493 -23.9329 -1.7034 -0.0013 0.0179 33 volkswagen_t2
Car 0.00 1.00 0 0 1 0 0 0 0 0 434.10 363.16 472.75 373.26 1.6011 2.1072 4.7392 -83.7460 2.1368 91.7197 1.5857 -0.0000 -0.0000 34 toyota_prius
Car 1.00 1.00 0 0 0 0 0 0 0 0 -1000.00 -1000.00 -1000.00 -1000.00 1.3660 1.9896 4.9534 77.2470 2.1342 -21.2166 1.5740 0.0002 -0.0000 35 mustang_mustang
Car 1.00 1.00 0 0 0 0 0 0 0 0 -1000.00 -1000.00 -1000.00 -1000.00 1.6011 2.1072 4.7392 218.9879 2.1362 -53.5285 1.4600 -0.0002 0.0016 36 toyota_prius
Car 1.00 1.00 14 19 35 112 30 0 0 0 -1000.00 -1000.00 -1000.00 -1000.00 1.7506 2.3538 4.8416 -1.8145 2.0765 -91.7182 1.5920 0.0000 -0.0000 37 bmw_grandtourer
Car 1.00 1.00 0 0 0 0 0 0 0 0 -1000.00 -1000.00 -1000.00 -1000.00 2.2031 2.5091 6.5872 139.1991 2.1265 -158.0213 3.1091 0.0002 0.0030 38 tesla_cybertruck
Motorcycle 1.00 1.00 0 0 0 0 0 0 0 0 -1000.00 -1000.00 -1000.00 -1000.00 1.6387 1.2138 2.3199 137.3055 2.0900 -2.0014 1.5856 -0.0000 0.0000 39 yamaha_yzf
Car 1.00 1.00 0 0 0 0 0 0 0 0 -1000.00 -1000.00 -1000.00 -1000.00 1.9476 2.0282 4.8347 -77.3439 2.1238 -92.1524 1.5597 -0.0004 0.0000 40 nissan_patrol
Car 1.00 1.00 2 4 5 23 6 0 0 0 -1000.00 -1000.00 -1000.00 -1000.00 1.6115 2.2019 5.2564 -1.5392 2.0807 -98.1079 1.6386 -0.0001 0.0006 41 charger2020_charger2020
Car 1.00 1.00 0 0 0 0 0 0 0 0 -1000.00 -1000.00 -1000.00 -1000.00 1.6115 2.2019 5.2564 72.7374 2.1360 -149.4999 -1.4336 0.0005 0.0006 42 charger2020_charger2020
Motorcycle 1.00 1.00 0 0 0 0 0 0 0 0 -1000.00 -1000.00 -1000.00 -1000.00 1.6649 1.0692 2.4735 137.2389 2.0680 2.4389 1.5863 0.0030 0.0000 43 harley_davidson_low_rider
Car 1.00 1.00 0 0 0 0 0 0 0 0 -1000.00 -1000.00 -1000.00 -1000.00 1.5542 2.3421 5.1370 -216.6593 2.1343 -251.9713 -0.6784 -0.0014 0.0127 44 lincoln2020_mkz2020
Motorcycle 1.00 1.00 0 0 0 0 0 0 0 0 -1000.00 -1000.00 -1000.00 -1000.00 1.6960 1.0692 2.4735 77.1016 2.1240 -13.0554 1.5879 0.0042 0.0000 45 harley_davidson_low_rider
Cyclist 1.00 1.00 0 0 0 0 0 0 0 0 -1000.00 -1000.00 -1000.00 -1000.00 1.9310 0.5921 1.9272 52.5835 2.1136 -162.4063 0.0139 -0.0041 -0.0000 46 gazelle_omafiets
Car 0.28 0.00 2840 3152 4992 208364 0 0 1616 0 748.00 418.57 1179.00 719.00 1.7318 2.1344 5.0985 0.0226 2.0957 4.2206 1.5672 -0.0000 -0.0000 47 audi_etron
Car 1.00 1.00 0 0 0 0 0 0 0 0 -1000.00 -1000.00 -1000.00 -1000.00 1.9476 2.0282 4.8347 116.0887 2.1238 14.5324 0.0144 -0.0004 -0.0000 48 nissan_patrol
Car 0.50 0.43 32 37 59 2991 0 7 1 0 0.00 375.49 134.27 434.85 1.7203 2.2019 5.4994 -27.1113 2.1390 15.8702 0.0608 -0.0001 0.0007 49 chargercop2020_chargercop2020
Car 1.00 1.00 0 0 0 0 0 0 0 0 -1000.00 -1000.00 -1000.00 -1000.00 1.6244 1.8781 3.8906 -152.9883 2.1334 -92.5553 1.5519 -0.0005 -0.0011 50 audi_a2
Car 1.00 1.00 0 0 0 0 0 0 0 0 -1000.00 -1000.00 -1000.00 -1000.00 1.5863 2.2347 5.1468 -83.8918 2.1364 -155.4935 -1.2913 0.0003 0.0003 51 lincoln_mkz2017
Cyclist 1.00 1.00 1 1 1 4 0 0 0 0 -1000.00 -1000.00 -1000.00 -1000.00 1.9709 0.6705 1.7250 -89.9429 2.1229 37.0299 -1.5561 0.0072 -0.0000 52 diamondback_century
Cyclist 1.00 1.00 6 7 10 47 1 0 0 0 -1000.00 -1000.00 -1000.00 -1000.00 1.9311 0.5921 1.9272 -28.6040 2.1139 -72.9691 0.0173 -0.0040 0.0000 53 gazelle_omafiets
Car 1.00 1.00 0 0 0 0 0 0 0 0 -1000.00 -1000.00 -1000.00 -1000.00 1.7173 2.2591 5.2781 142.0839 2.0956 -84.5900 1.5864 -0.0071 -0.0002 54 mercedes_benz_coupe
Car 1.00 1.00 0 0 0 0 0 0 0 0 -1000.00 -1000.00 -1000.00 -1000.00 1.5542 2.3421 5.1370 60.8342 2.0788 -212.7511 0.1076 0.0003 -0.0005 55 lincoln2020_mkz2020
Car 1.00 1.00 0 0 0 0 0 0 0 0 -1000.00 -1000.00 -1000.00 -1000.00 1.7506 2.3538 4.8416 20.3860 2.1285 -159.2990 3.1295 0.0074 -0.0001 56 bmw_grandtourer
Car 1.00 1.00 0 0 0 0 0 0 0 0 -1000.00 -1000.00 -1000.00 -1000.00 1.4546 2.0938 4.3903 75.6671 2.1420 -93.3887 1.5790 0.0000 -0.0000 57 audi_tt
Car 1.00 1.00 0 0 0 0 0 0 0 0 -1000.00 -1000.00 -1000.00 -1000.00 1.7173 2.2591 5.2781 -80.8491 2.1513 -91.5836 1.5609 -0.0071 -0.0002 58 mercedes_benz_coupe
Car 1.00 1.00 0 0 0 0 0 0 0 0 -1000.00 -1000.00 -1000.00 -1000.00 1.5542 2.3421 5.1370 48.4509 2.1342 -75.1195 0.0178 0.0000 -0.0000 59 lincoln2020_mkz2020
Car 0.00 1.00 0 0 0 0 0 0 0 0 1612.76 360.08 1686.50 380.43 2.1397 2.1728 4.7045 75.3483 2.1487 60.6820 1.5952 0.0000 -0.0000 60 volkswagen_t2
Car 1.00 1.00 0 4 5 31 0 0 0 0 -1000.00 -1000.00 -1000.00 -1000.00 1.7506 2.3538 4.8416 134.5554 2.0767 30.7020 -1.4850 0.0000 0.0001 61 bmw_grandtourer
Car 1.00 1.00 0 0 0 0 0 0 0 0 -1000.00 -1000.00 -1000.00 -1000.00 1.6320 2.1403 5.2230 119.9060 2.1488 -164.9799 0.0132 -0.0038 0.0002 62 dodge_charger_police
Car 1.00 1.00 2 2 2 2 4 0 0 0 -1000.00 -1000.00 -1000.00 -1000.00 1.6980 1.9434 4.1871 2.0172 2.0891 -107.5599 1.5916 -0.0000 0.0000 63 citroen_c3
Car 1.00 1.00 0 0 0 0 0 0 0 0 -1000.00 -1000.00 -1000.00 -1000.00 1.4812 2.1349 5.6254 47.6969 2.1425 -162.4690 0.0137 0.0000 -0.0000 64 chevrolet_impala
Car 0.57 0.00 302 366 583 15397 0 55 22 0 0.00 385.90 143.62 458.00 1.6115 2.2019 5.2564 -21.8901 2.1362 12.5088 0.0179 0.0033 0.0001 65 charger2020_charger2020
Car 0.91 1.00 0 0 0 9 0 0 0 0 1905.20 370.69 1920.00 393.97 1.3660 1.9896 4.9534 68.9069 2.1345 37.3369 -1.5484 -0.0002 -0.0000 66 mustang_mustang
Motorcycle 1.00 1.00 0 0 0 0 0 0 0 0 -1000.00 -1000.00 -1000.00 -1000.00 1.5852 1.1236 2.1350 77.0046 2.0998 -8.0056 1.5944 -0.0000 -0.0000 67 kawasaki_ninja
Car 1.00 1.00 0 0 0 0 0 0 0 0 -1000.00 -1000.00 -1000.00 -1000.00 1.5488 2.0688 3.9961 -166.9567 2.0968 64.7949 -2.8181 -0.0000 0.0001 68 mini_cooperst
Car 1.00 1.00 0 0 0 0 0 0 0 0 -1000.00 -1000.00 -1000.00 -1000.00 1.5542 2.3421 5.1370 -157.1528 2.1314 -64.1075 -1.5444 0.0133 0.0012 69 lincoln2020_mkz2020
Car 1.00 1.00 48 46 85 336 74 0 0 0 -1000.00 -1000.00 -1000.00 -1000.00 1.9718 2.0005 4.0595 1.7256 2.1107 -65.4120 -3.1265 -0.0015 -0.0013 70 jeep_wrangler_rubicon
Car 1.00 1.00 0 0 0 0 0 0 0 0 -1000.00 -1000.00 -1000.00 -1000.00 1.7506 2.3538 4.8416 -78.3713 2.1318 -180.8005 1.5593 0.0000 -0.0000 71 bmw_grandtourer
Car 1.00 1.00 0 0 0 0 0 0 0 0 -1000.00 -1000.00 -1000.00 -1000.00 2.2031 2.5091 6.5872 135.9614 2.0955 -141.2868 -1.5552 0.0000 -0.0000 72 tesla_cybertruck
Car 1.00 1.00 0 0 0 0 0 0 0 0 -1000.00 -1000.00 -1000.00 -1000.00 1.6244 1.8781 3.8906 -78.8546 2.1335 -1.3241 1.5864 -0.0005 -0.0011 73 audi_a2
Car 1.00 1.00 0 0 0 0 0 0 0 0 -1000.00 -1000.00 -1000.00 -1000.00 1.7203 2.2019 5.4994 77.5766 2.1387 -70.5538 -2.5679 -0.0003 0.0010 74 chargercop2020_chargercop2020
Car 1.00 1.00 0 0 0 0 0 0 0 0 -1000.00 -1000.00 -1000.00 -1000.00 1.6320 2.1403 5.2230 -82.2944 2.1492 -4.8553 1.5861 -0.0043 0.0000 75 dodge_charger_police
Car 1.00 1.00 28 31 44 190 0 6 0 0 -1000.00 -1000.00 -1000.00 -1000.00 1.5140 2.1024 4.9073 -85.2928 2.1345 24.6802 -1.2694 -0.0004 0.0033 76 mercedesccc_mercedesccc
Car 1.00 1.00 0 2 5 14 6 0 0 0 -1000.00 -1000.00 -1000.00 -1000.00 1.6244 1.8781 3.8906 -4.1017 2.0794 -142.5565 -1.5392 -0.0042 -0.0016 77 audi_a2
Car 1.00 1.00 4 9 14 65 3 0 0 0 -1000.00 -1000.00 -1000.00 -1000.00 1.6244 1.8781 3.8906 -11.6758 2.0991 -61.8819 -2.0291 0.0068 -0.0031 78 audi_a2
Car 1.00 1.00 0 0 0 0 0 0 0 0 -1000.00 -1000.00 -1000.00 -1000.00 1.7203 2.2019 5.4994 13.0205 2.1386 -159.3594 -3.0870 0.0001 0.0007 79 chargercop2020_chargercop2020
Car 1.00 1.00 27 36 52 196 0 6 0 0 -1000.00 -1000.00 -1000.00 -1000.00 2.1397 2.1728 4.7045 -96.0253 2.1489 23.4202 -2.7528 -0.0003 -0.0201 80 volkswagen_t2
Car 1.00 1.00 0 0 0 0 0 0 0 0 -1000.00 -1000.00 -1000.00 -1000.00 1.3660 1.9896 4.9534 53.5377 2.1340 -165.8875 0.0137 0.0000 -0.0000 81 mustang_mustang
Car 1.00 1.00 0 0 0 18 0 0 0 0 -1000.00 -1000.00 -1000.00 -1000.00 1.7203 2.2019 5.4994 1.9210 2.0833 -95.0061 1.6250 -0.0001 0.0007 82 chargercop2020_chargercop2020
Car 0.00 1.00 0 0 0 4 0 0 0 0 448.39 363.08 481.21 373.45 1.6244 1.8781 3.8906 -80.2292 2.1336 89.8615 1.5860 -0.0005 -0.0011 83 audi_a2
Car 1.00 1.00 0 0 0 0 0 0 0 0 -1000.00 -1000.00 -1000.00 -1000.00 1.6244 1.8781 3.8906 79.1068 2.1332 -86.5748 1.5799 -0.0005 -0.0011 84 audi_a2
Car 1.00 1.00 0 0 0 0 0 0 0 0 -1000.00 -1000.00 -1000.00 -1000.00 1.3660 1.9896 4.9534 207.7167 2.1338 -140.1720 -2.1103 -0.0002 -0.0011 85 mustang_mustang
Car 1.00 1.00 0 0 0 0 0 0 0 0 -1000.00 -1000.00 -1000.00 -1000.00 1.6244 1.8781 3.8906 -85.6414 2.1344 -204.7550 -1.5824 -0.0030 -0.0011 86 audi_a2
Car 1.00 1.00 0 0 0 0 0 0 0 0 -1000.00 -1000.00 -1000.00 -1000.00 1.9718 2.0005 4.0595 -201.0296 2.1018 -181.2325 1.9155 -0.0029 -0.0007 87 jeep_wrangler_rubicon
Car 1.00 1.00 0 0 0 0 0 0 0 0 -1000.00 -1000.00 -1000.00 -1000.00 1.9718 2.0005 4.0595 -85.7278 2.1395 -212.2906 -1.5796 -0.0001 -0.0001 88 jeep_wrangler_rubicon
Car 1.00 1.00 0 0 0 0 0 0 0 0 -1000.00 -1000.00 -1000.00 -1000.00 1.3660 1.9896 4.9534 -79.5656 2.1338 -259.4646 -3.1208 -0.0000 -0.0000 89 mustang_mustang
Motorcycle 1.00 1.00 0 0 0 0 0 0 0 0 -1000.00 -1000.00 -1000.00 -1000.00 1.6649 1.0692 2.4735 140.6390 2.0789 9.0591 1.5860 0.0129 0.0003 90 harley_davidson_low_rider
Car 0.00 1.00 0 0 0 0 0 0 0 0 468.59 363.26 500.56 372.38 1.5475 1.9070 4.4025 -83.8369 2.1358 97.8132 1.5857 0.0000 -0.0000 91 seat_leon
Motorcycle 1.00 1.00 0 0 0 0 0 0 0 0 -1000.00 -1000.00 -1000.00 -1000.00 1.6387 1.2138 2.3199 132.4774 2.1206 -67.4536 0.5897 -0.0018 -0.0004 92 yamaha_yzf
Cyclist 0.00 1.00 0 0 0 2 0 0 0 0 296.38 361.16 318.22 375.46 1.9311 0.5921 1.9272 -91.0649 2.1127 77.3629 -1.7133 -0.0164 -0.0013 93 gazelle_omafiets
Car 1.00 1.00 0 0 0 0 0 0 0 0 -1000.00 -1000.00 -1000.00 -1000.00 1.5140 2.1024 4.9073 -148.9152 2.1343 -71.9422 -3.1228 -0.0002 0.0002 94 mercedesccc_mercedesccc
Car 1.00 1.00 0 0 0 0 0 0 0 0 -1000.00 -1000.00 -1000.00 -1000.00 1.4546 2.0938 4.3903 69.4947 2.1418 -192.5357 -1.5640 0.0000 -0.0000 95 audi_tt
Car 1.00 1.00 0 0 0 0 0 0 0 0 -1000.00 -1000.00 -1000.00 -1000.00 2.1397 2.1728 4.7045 -77.7743 2.1533 -121.8763 1.5137 -0.0111 0.0001 96 volkswagen_t2
Car 0.00 1.00 0 0 0 9 0 0 0 0 275.99 364.51 335.05 376.59 1.5140 2.1024 4.9073 -86.9921 2.1348 73.7824 -1.5567 0.0000 -0.0000 97 mercedesccc_mercedesccc
Car 1.00 1.00 0 0 0 0 0 0 0 0 -1000.00 -1000.00 -1000.00 -1000.00 1.4812 2.1349 5.6254 140.7791 2.0875 0.2387 1.5863 -0.0004 -0.0000 98 chevrolet_impala
Car 0.00 1.00 0 0 0 0 0 0 0 0 1684.88 365.32 1757.46 382.17 1.5765 1.9374 3.8150 75.4138 2.1225 55.0035 1.5949 0.0000 -0.0000 99 nissan_micra
Motorcycle 1.00 1.00 0 0 0 0 0 0 0 0 -1000.00 -1000.00 -1000.00 -1000.00 1.5853 1.1236 2.1350 75.6267 2.0997 -88.5586 1.5794 -0.0000 -0.0000 100 kawasaki_ninja
Car 1.00 1.00 0 0 0 0 0 0 0 0 -1000.00 -1000.00 -1000.00 -1000.00 1.9476 2.0282 4.8347 -239.6362 2.1248 83.8245 -2.1782 -0.0023 0.0150 101 nissan_patrol
Car 1.00 1.00 0 0 0 0 0 0 0 0 -1000.00 -1000.00 -1000.00 -1000.00 2.1397 2.1728 4.7045 -78.7875 2.1487 -7.1448 1.5841 0.0000 -0.0000 102 volkswagen_t2
Car 1.00 1.00 0 0 0 0 0 0 0 0 -1000.00 -1000.00 -1000.00 -1000.00 1.3660 1.9896 4.9534 -177.1814 2.0959 56.6462 0.4706 -0.0001 -0.0014 103 mustang_mustang
Car 1.00 1.00 7 5 7 29 0 0 0 0 -1000.00 -1000.00 -1000.00 -1000.00 1.5627 2.2716 5.0314 49.6395 2.1404 17.0747 0.0141 0.0000 -0.0000 104 tesla_model3
Car 1.00 1.00 0 0 0 0 0 0 0 0 -1000.00 -1000.00 -1000.00 -1000.00 1.5542 2.3421 5.1370 145.3182 2.1086 -66.3835 -3.1191 -0.0015 0.0007 105 lincoln2020_mkz2020
Car 1.00 1.00 0 0 0 0 0 0 0 0 -1000.00 -1000.00 -1000.00 -1000.00 1.5627 2.2716 5.0314 84.4759 2.1400 -67.6762 -3.0433 0.0006 0.0001 106 tesla_model3
Car 1.00 1.00 0 0 0 0 0 0 0 0 -1000.00 -1000.00 -1000.00 -1000.00 1.5765 1.9374 3.8150 -88.7448 2.1224 -46.8139 -1.5422 0.0001 -0.0000 107 nissan_micra
Cyclist 1.00 1.00 0 0 0 0 0 0 0 0 -1000.00 -1000.00 -1000.00 -1000.00 1.9311 0.5921 1.9272 -63.0829 2.1139 -70.0678 -3.1240 -0.0040 -0.0000 108 gazelle_omafiets
Cyclist 1.00 1.00 0 0 0 0 0 0 0 0 -1000.00 -1000.00 -1000.00 -1000.00 1.9311 0.5921 1.9272 -42.8028 1.4624 -278.7732 0.2138 -0.0768 -0.0201 109 gazelle_omafiets
Car 0.00 0.10 353 381 636 6289 0 0 86 0 1052.38 379.77 1178.00 422.19 1.4546 2.0938 4.3903 5.3982 2.1151 19.3244 -3.0397 -0.0169 -0.0014 110 audi_tt
Car 1.00 1.00 0 0 0 0 0 0 0 0 -1000.00 -1000.00 -1000.00 -1000.00 1.9476 2.0282 4.8347 -58.4819 2.1238 -69.9946 -3.1240 -0.0004 0.0000 111 nissan_patrol
Car 1.00 1.00 0 0 0 0 0 0 0 0 -1000.00 -1000.00 -1000.00 -1000.00 1.4546 2.0938 4.3903 -1.6907 2.0858 -104.2212 1.6056 0.0019 0.0001 112 audi_tt
Car 1.00 1.00 0 0 0 0 0 0 0 0 -1000.00 -1000.00 -1000.00 -1000.00 1.7506 2.3538 4.8416 17.7871 2.0761 -211.5916 -0.4965 -0.0001 0.0027 113 bmw_grandtourer
Car 1.00 1.00 25 35 56 201 8 0 0 0 -1000.00 -1000.00 -1000.00 -1000.00 1.9718 2.0005 4.0595 -19.5601 2.1397 -76.3115 0.0180 -0.0004 -0.0001 114 jeep_wrangler_rubicon
Motorcycle 1.00 1.00 0 0 0 0 0 0 0 0 -1000.00 -1000.00 -1000.00 -1000.00 1.6387 1.2138 2.3199 138.6305 2.0899 -87.6029 1.5864 -0.0000 0.0000 115 yamaha_yzf
Car 1.00 1.00 13 14 22 98 21 0 0 0 -1000.00 -1000.00 -1000.00 -1000.00 1.7203 2.2019 5.4994 -5.8119 2.0831 -97.3615 -1.5252 -0.0013 0.0012 116 chargercop2020_chargercop2020
Car 1.00 1.00 0 0 0 0 0 0 0 0 -1000.00 -1000.00 -1000.00 -1000.00 1.6980 1.9434 4.1871 131.0582 2.0891 -50.4269 -1.5553 0.0000 -0.0000 117 citroen_c3
Car 0.00 1.00 0 0 0 0 0 0 0 0 1266.22 323.80 1296.06 331.46 1.5542 2.3421 5.1370 69.8522 -6.2583 120.6220 0.0168 -0.0124 -0.0000 118 lincoln2020_mkz2020
Car 0.70 0.90 31 45 70 2616 0 0 0 1 1863.45 352.95 1920.00 395.44 2.5908 2.7453 5.4640 65.4258 2.1600 36.5576 -1.5474 -0.0004 0.0000 119 carlamotors_carlacola
Car 1.00 1.00 0 0 0 0 0 0 0 0 -1000.00 -1000.00 -1000.00 -1000.00 1.5765 1.9374 3.8150 75.6399 2.1222 -99.1715 1.5789 0.0000 -0.0000 120 nissan_micra
Car 0.00 1.00 0 0 0 0 0 0 0 0 1359.62 322.63 1376.07 329.78 1.4477 1.5550 2.3177 86.3236 -6.4259 117.3432 0.0068 -0.0205 -0.0002 121 bmw_isetta
Car 1.00 1.00 0 0 0 0 0 0 0 0 -1000.00 -1000.00 -1000.00 -1000.00 1.7173 2.2591 5.2781 163.9957 2.1498 -63.8908 2.9464 -0.0031 0.0003 122 mercedes_benz_coupe
Car 0.00 0.08 173 215 337 12078 0 31 40 0 314.00 371.00 472.93 412.00 1.7173 2.2591 5.2781 -23.2964 2.1514 22.9616 -3.1322 -0.0074 -0.0002 123 mercedes_benz_coupe
Car 1.00 1.00 0 0 0 0 0 0 0 0 -1000.00 -1000.00 -1000.00 -1000.00 1.5765 1.9374 3.8150 137.0712 2.1133 -152.8488 -1.3001 -0.0029 -0.0008 124 nissan_micra
Car 1.00 1.00 66 80 125 576 0 0 0 10 -1000.00 -1000.00 -1000.00 -1000.00 1.6115 2.2019 5.2564 43.2572 2.1363 16.8619 0.0600 -0.0001 0.0006 125 charger2020_charger2020
Car 0.00 1.00 8 11 13 300 0 0 0 2 1760.03 362.03 1878.84 387.98 1.9476 2.0282 4.8347 68.8859 2.1243 44.5925 -1.5531 -0.0016 -0.0001 126 nissan_patrol
Car 1.00 1.00 0 0 0 0 0 0 0 0 -1000.00 -1000.00 -1000.00 -1000.00 1.5140 2.1024 4.9073 -89.6256 2.1342 -246.6299 -1.5818 0.0000 -0.0000 127 mercedesccc_mercedesccc
Car 1.00 1.00 0 0 0 0 0 0 0 0 -1000.00 -1000.00 -1000.00 -1000.00 1.7173 2.2591 5.2781 -84.9711 2.1512 -145.5995 -1.5911 -0.0071 -0.0002 128 mercedes_benz_coupe
Car 1.00 1.00 43 43 76 254 14 0 0 0 -1000.00 -1000.00 -1000.00 -1000.00 1.4812 2.1349 5.6254 -6.3753 2.0933 -59.8542 -1.5455 0.0118 0.0007 129 chevrolet_impala
Car 1.00 1.00 0 0 0 0 0 0 0 0 -1000.00 -1000.00 -1000.00 -1000.00 2.1397 2.1728 4.7045 -182.7318 2.1483 -262.8514 2.8223 -0.0003 -0.0027 130 volkswagen_t2
Car 1.00 1.00 0 0 0 0 0 0 0 0 -1000.00 -1000.00 -1000.00 -1000.00 1.6244 1.8781 3.8906 54.2206 2.1332 -74.9999 0.0181 -0.0005 -0.0011 131 audi_a2
Car 0.76 0.59 70 81 122 1860 0 9 2 0 0.00 367.00 71.78 403.12 1.9476 2.0282 4.8347 -38.2507 2.1245 21.4352 -3.0021 -0.0025 0.0014 132 nissan_patrol
Car 1.00 1.00 0 0 0 0 0 0 0 0 -1000.00 -1000.00 -1000.00 -1000.00 1.9476 2.0282 4.8347 -33.4359 2.1238 -73.0487 0.0185 -0.0004 0.0000 133 nissan_patrol
Car 1.00 1.00 0 0 0 0 0 0 0 0 -1000.00 -1000.00 -1000.00 -1000.00 1.9476 2.0282 4.8347 31.6829 -7.2835 -271.7754 0.0128 -0.0744 0.0001 134 nissan_patrol
Car 1.00 1.00 8171 21871 34839 254544 0 2241 0 0 -1000.00 -1000.00 -1000.00 -1000.00 1.7506 2.3538 4.8416 -3.4684 2.0767 -3.9271 1.5734 0.0000 -0.0000 135 bmw_grandtourer
Car 1.00 1.00 0 0 0 0 0 0 0 0 -1000.00 -1000.00 -1000.00 -1000.00 1.9476 2.0282 4.8347 15.5696 2.1236 -155.8713 -3.1280 -0.0003 -0.0000 136 nissan_patrol
Car 1.00 1.00 0 0 0 0 0 0 0 0 -1000.00 -1000.00 -1000.00 -1000.00 1.7203 2.2019 5.4994 51.7868 2.1387 -71.6991 0.0260 -0.0001 0.0007 137 chargercop2020_chargercop2020
Car 1.00 1.00 15 19 26 250 6 0 0 0 -1000.00 -1000.00 -1000.00 -1000.00 2.5908 2.7453 5.4640 17.4110 2.1595 -68.6434 -3.1239 0.0000 -0.0000 138 carlamotors_carlacola
Car 1.00 1.00 0 0 0 0 0 0 0 0 -1000.00 -1000.00 -1000.00 -1000.00 1.5863 2.2347 5.1468 116.5288 2.1367 18.0220 0.0141 0.0000 -0.0000 139 lincoln_mkz2017
Car 1.00 1.00 0 0 0 0 0 0 0 0 -1000.00 -1000.00 -1000.00 -1000.00 1.9718 2.0005 4.0595 198.5584 2.1395 -68.9606 0.0203 -0.0004 -0.0001 140 jeep_wrangler_rubicon
Car 1.00 1.00 0 0 0 0 0 0 0 0 -1000.00 -1000.00 -1000.00 -1000.00 1.6011 2.1072 4.7392 72.9907 2.1361 -191.9899 -1.5626 -0.0000 -0.0000 141 toyota_prius
Car 1.00 1.00 0 0 0 0 0 0 0 0 -1000.00 -1000.00 -1000.00 -1000.00 1.7318 2.1344 5.0985 134.4608 2.0954 -44.3584 -1.5554 -0.0000 -0.0000 142 audi_etron
Car 1.00 1.00 0 0 0 0 0 0 0 0 -1000.00 -1000.00 -1000.00 -1000.00 2.2031 2.5091 6.5872 -85.1173 2.1512 -52.6004 -1.5564 0.0004 -0.0000 143 tesla_cybertruck
Car 1.00 1.00 0 0 0 0 0 0 0 0 -1000.00 -1000.00 -1000.00 -1000.00 1.5765 1.9374 3.8150 72.6327 2.1223 -140.8789 -1.5631 -0.0005 -0.0000 144 nissan_micra
Car 1.00 1.00 0 0 0 1 0 0 0 0 -1000.00 -1000.00 -1000.00 -1000.00 1.4546 2.0938 4.3903 1.8963 2.0866 -101.8727 1.5909 0.0000 -0.0000 145 audi_tt
Car 1.00 1.00 0 0 0 0 0 0 0 0 -1000.00 -1000.00 -1000.00 -1000.00 1.4812 2.1349 5.6254 -207.0380 2.1041 -148.5875 -1.5538 -0.0001 0.0000 146 chevrolet_impala
Car 0.00 0.91 0 0 1 42 0 0 0 0 475.13 359.69 520.69 372.80 2.2031 2.5091 6.5872 -80.3162 2.1516 96.4989 1.5856 -0.0000 -0.0000 147 tesla_cybertruck
Car 1.00 1.00 0 0 0 0 0 0 0 0 -1000.00 -1000.00 -1000.00 -1000.00 1.9718 2.0005 4.0595 -57.8696 2.1397 -66.4875 -3.1240 -0.0004 -0.0001 148 jeep_wrangler_rubicon
Car 1.00 1.00 0 0 0 0 0 0 0 0 -1000.00 -1000.00 -1000.00 -1000.00 1.3660 1.9896 4.9534 -88.3859 2.1342 -66.2117 -1.5521 0.0004 0.0000 149 mustang_mustang
Car 1.00 1.00 0 0 0 0 0 0 0 0 -1000.00 -1000.00 -1000.00 -1000.00 1.3660 1.9896 4.9534 68.9106 2.1337 -125.7686 -1.5721 0.0007 -0.0000 150 mustang_mustang
Car 1.00 1.00 0 0 0 0 0 0 0 0 -1000.00 -1000.00 -1000.00 -1000.00 2.5908 2.7453 5.4640 -82.2796 2.1597 -11.3793 1.5503 0.0000 -0.0000 151 carlamotors_carlacola
Car 1.00 1.00 0 0 0 0 0 0 0 0 -1000.00 -1000.00 -1000.00 -1000.00 1.5863 2.2347 5.1468 123.0460 2.0814 64.2263 -0.8603 -0.0005 -0.0052 152 lincoln_mkz2017
Car 1.00 1.00 0 0 0 0 0 0 0 0 -1000.00 -1000.00 -1000.00 -1000.00 1.7506 2.3538 4.8416 -251.8346 2.1319 -208.1752 -1.2351 -0.0001 0.0016 153 bmw_grandtourer
Cyclist 1.00 1.00 0 0 0 0 0 0 0 0 -1000.00 -1000.00 -1000.00 -1000.00 1.9709 0.6705 1.7250 79.8701 2.1222 -177.5356 1.5790 0.0050 0.0000 154 diamondback_century
Cyclist 1.00 1.00 0 0 0 0 0 0 0 0 -1000.00 -1000.00 -1000.00 -1000.00 1.9311 0.5921 1.9272 -170.2419 2.0972 -76.3192 0.0110 -0.0041 -0.0000 155 gazelle_omafiets
Motorcycle 1.00 1.00 0 0 0 0 0 0 0 0 -1000.00 -1000.00 -1000.00 -1000.00 1.6960 1.0692 2.4735 120.4014 2.1236 -161.4710 0.0143 0.0030 -0.0000 156 harley_davidson_low_rider
Car 0.00 1.00 0 0 0 0 0 0 0 0 394.49 360.06 438.26 374.34 2.1397 2.1728 4.7045 -83.6724 2.1488 85.4042 1.5870 0.0000 -0.0000 157 volkswagen_t2
Car 1.00 1.00 0 0 0 0 0 0 0 0 -1000.00 -1000.00 -1000.00 -1000.00 1.5488 2.0688 3.9961 -77.1381 2.1346 -262.8999 -3.1223 -0.0000 -0.0000 158 mini_cooperst
Cyclist 1.00 1.00 0 0 0 0 0 0 0 0 -1000.00 -1000.00 -1000.00 -1000.00 1.9311 0.5921 1.9272 40.4002 2.1137 -162.5487 -0.0066 -0.0027 -0.0001 159 gazelle_omafiets
Car 1.00 1.00 53 53 91 368 18 0 0 0 -1000.00 -1000.00 -1000.00 -1000.00 1.4812 2.1349 5.6254 -10.0300 2.0860 -52.5865 -1.5575 0.0022 0.0001 160 chevrolet_impala
Car 1.00 1.00 0 0 0 0 0 0 0 0 -1000.00 -1000.00 -1000.00 -1000.00 1.7173 2.2591 5.2781 53.3443 -7.8757 -274.7902 0.0116 -0.0069 -0.0003 161 mercedes_benz_coupe
Car 1.00 1.00 0 0 0 0 0 0 0 0 -1000.00 -1000.00 -1000.00 -1000.00 1.9718 2.0005 4.0595 -150.0220 2.1368 -118.1805 1.4620 0.0100 -0.0018 162 jeep_wrangler_rubicon
Car 0.00 1.00 0 0 0 0 0 0 0 0 1602.47 363.47 1681.55 381.06 1.7506 2.3538 4.8416 71.8938 2.1322 58.5652 1.5949 0.0000 -0.0000 163 bmw_grandtourer
Car 1.00 1.00 0 0 0 0 0 0 0 0 -1000.00 -1000.00 -1000.00 -1000.00 1.6115 2.2019 5.2564 137.3930 2.0807 -7.6141 1.6234 -0.0001 0.0006 164 charger2020_charger2020
Car 1.00 1.00 0 0 0 0 0 0 0 0 -1000.00 -1000.00 -1000.00 -1000.00 1.6244 1.8781 3.8906 73.5182 2.1333 -9.5582 1.5915 -0.0005 -0.0011 165 audi_a2
Car 0.00 1.00 0 0 0 0 0 0 0 0 1396.41 323.19 1424.08 330.58 1.5475 1.9070 4.4025 100.1052 -6.5866 123.2871 -0.1416 -0.0121 -0.0071 166 seat_leon
Car 1.00 1.00 0 0 0 0 0 0 0 0 -1000.00 -1000.00 -1000.00 -1000.00 1.5765 1.9374 3.8150 -249.0965 2.1224 -127.4241 1.5817 -0.0003 -0.0001 167 nissan_micra
Car 0.00 1.00 0 0 0 0 0 0 0 0 484.27 362.59 503.09 370.96 1.5863 2.2347 5.1468 -93.9052 2.1370 111.5943 -0.7383 -0.0003 -0.0068 168 lincoln_mkz2017
Car 1.00 1.00 0 0 0 0 0 0 0 0 -1000.00 -1000.00 -1000.00 -1000.00 1.7506 2.3538 4.8416 -21.7045 2.1319 -163.4169 0.0138 -0.0000 -0.0000 169 bmw_grandtourer
Car 1.00 1.00 0 0 0 0 0 0 0 0 -1000.00 -1000.00 -1000.00 -1000.00 1.4812 2.1349 5.6254 44.8763 2.1427 -71.6694 0.0177 0.0000 -0.0000 170 chevrolet_impala
Car 1.00 1.00 0 0 0 0 0 0 0 0 -1000.00 -1000.00 -1000.00 -1000.00 1.4812 2.1349 5.6254 160.3374 2.1354 -157.8727 3.1318 0.0115 -0.0017 171 chevrolet_impala
Car 1.00 1.00 0 0 0 0 0 0 0 0 -1000.00 -1000.00 -1000.00 -1000.00 1.6011 2.1072 4.7392 134.5542 2.0808 -50.3373 -1.5552 -0.0000 -0.0000 172 toyota_prius
Car 1.00 1.00 0 4 6 24 0 0 0 0 -1000.00 -1000.00 -1000.00 -1000.00 1.6115 2.2019 5.2564 6.2469 2.1163 -160.1286 -2.8944 0.0004 0.0027 173 charger2020_charger2020
Car 1.00 1.00 0 0 0 0 0 0 0 0 -1000.00 -1000.00 -1000.00 -1000.00 1.5475 1.9070 4.4025 -88.5780 2.1355 -55.0368 -1.5556 0.0011 0.0000 174 seat_leon
Car 1.00 1.00 0 0 0 0 0 0 0 0 -1000.00 -1000.00 -1000.00 -1000.00 2.5908 2.7453 5.4640 -81.4805 2.1435 -193.7828 1.7591 0.0198 -0.0014 175 carlamotors_carlacola
Car 1.00 1.00 0 0 0 0 0 0 0 0 -1000.00 -1000.00 -1000.00 -1000.00 1.4812 2.1349 5.6254 114.5608 2.1425 -161.5093 0.1644 -0.0002 -0.0001 176 chevrolet_impala
Car 1.00 1.00 0 0 0 0 0 0 0 0 -1000.00 -1000.00 -1000.00 -1000.00 1.9718 2.0005 4.0595 7.2819 -4.5251 -277.9145 -0.1109 -0.1267 0.0160 177 jeep_wrangler_rubicon
Car 1.00 1.00 0 0 0 0 0 0 0 0 -1000.00 -1000.00 -1000.00 -1000.00 1.6980 1.9434 4.1871 -84.8165 2.1447 -136.9091 -1.6096 -0.0004 0.0000 178 citroen_c3
Car 1.00 1.00 2 4 8 27 12 0 0 0 -1000.00 -1000.00 -1000.00 -1000.00 1.5488 2.0688 3.9961 1.6287 2.0796 -88.9907 1.5917 0.0000 -0.0000 179 mini_cooperst
Motorcycle 1.00 1.00 0 0 0 0 0 0 0 0 -1000.00 -1000.00 -1000.00 -1000.00 1.6960 1.0692 2.4735 79.2466 2.1237 -102.3899 1.5778 0.0029 -0.0000 180 harley_davidson_low_rider
Car 1.00 1.00 0 0 0 0 0 0 0 0 -1000.00 -1000.00 -1000.00 -1000.00 1.4477 1.5550 2.3177 139.4947 2.1051 18.3325 0.0138 -0.0051 0.0028 181 bmw_isetta
Cyclist 1.00 1.00 0 0 0 0 0 0 0 0 -1000.00 -1000.00 -1000.00 -1000.00 1.7065 0.8593 1.4873 79.2174 2.0920 -91.3081 1.5897 0.0000 -0.0000 182 bh_crossbike
Car 1.00 1.00 0 0 0 0 0 0 0 0 -1000.00 -1000.00 -1000.00 -1000.00 1.6011 2.1072 4.7392 83.3819 -7.8840 -274.5804 0.0144 0.0001 0.0000 183 toyota_prius
Car 1.00 1.00 0 0 0 0 0 0 0 0 -1000.00 -1000.00 -1000.00 -1000.00 1.5488 2.0688 3.9961 -81.8476 2.1350 -178.8000 1.5591 -0.0000 -0.0000 184 mini_cooperst
Car 1.00 1.00 0 0 0 0 0 0 0 0 -1000.00 -1000.00 -1000.00 -1000.00 1.6980 1.9434 4.1871 -88.6283 2.1449 -151.7508 -1.5573 -0.0008 0.0000 185 citroen_c3
Car 1.00 1.00 0 0 0 0 0 0 0 0 -1000.00 -1000.00 -1000.00 -1000.00 1.5765 1.9374 3.8150 143.9445 2.0665 -172.4520 1.5222 0.0000 -0.0000 186 nissan_micra
Car 1.00 1.00 0 0 0 0 0 0 0 0 -1000.00 -1000.00 -1000.00 -1000.00 1.7506 2.3538 4.8416 79.1928 2.1319 -96.5108 1.5790 -0.0000 -0.0000 187 bmw_grandtourer
Car 1.00 1.00 0 0 0 0 0 0 0 0 -1000.00 -1000.00 -1000.00 -1000.00 1.5488 2.0688 3.9961 47.6486 2.1349 -165.9683 0.0139 0.0000 -0.0000 188 mini_cooperst
Car 1.00 1.00 0 0 0 0 0 0 0 0 -1000.00 -1000.00 -1000.00 -1000.00 1.5488 2.0688 3.9961 -84.9047 2.1351 -65.1185 -1.5520 0.0007 -0.0000 189 mini_cooperst
Car 1.00 1.00 0 0 0 0 0 0 0 0 -1000.00 -1000.00 -1000.00 -1000.00 1.6011 2.1072 4.7392 199.9022 2.1364 -72.4252 0.0177 -0.0005 -0.0000 190 toyota_prius
Car 1.00 1.00 0 0 0 0 0 0 0 0 -1000.00 -1000.00 -1000.00 -1000.00 1.3660 1.9896 4.9534 76.8685 2.1343 -2.4006 1.5950 0.0000 -0.0000 191 mustang_mustang
Car 1.00 1.00 0 0 0 0 0 0 0 0 -1000.00 -1000.00 -1000.00 -1000.00 1.9476 2.0282 4.8347 -260.4983 2.1242 -186.9506 -1.4547 -0.0021 0.0054 192 nissan_patrol
Pedestrian 1.00 1.00 0 0 0 0 0 0 0 0 -1000.00 -1000.00 -1000.00 -1000.00 1.9158 0.4880 0.7394 -270.1556 1.9516 -134.4947 1.5713 0.0000 -0.0000 193 pedestrian_0019
Pedestrian 1.00 1.00 0 0 0 0 0 0 0 0 -1000.00 -1000.00 -1000.00 -1000.00 1.1330 0.4333 0.5236 -211.4991 1.9023 -179.6364 -1.3716 0.0000 -0.0000 194 pedestrian_0010
Pedestrian 1.00 1.00 0 0 0 0 0 0 0 0 -1000.00 -1000.00 -1000.00 -1000.00 1.9158 0.4880 0.7507 127.0128 2.1022 -157.3622 1.4853 0.0000 -0.0000 195 pedestrian_0005
Pedestrian 1.00 1.00 0 0 0 0 0 0 0 0 -1000.00 -1000.00 -1000.00 -1000.00 1.9158 0.4880 0.6070 128.3290 1.8944 -145.6471 -1.4644 0.0000 -0.0000 196 pedestrian_0003
Pedestrian 1.00 1.00 0 0 0 0 0 0 0 0 -1000.00 -1000.00 -1000.00 -1000.00 1.9158 0.4880 0.7507 165.4873 -8.0503 -84.8418 1.5853 0.0000 -0.0000 197 pedestrian_0021
Pedestrian 1.00 1.00 0 0 0 0 0 0 0 0 -1000.00 -1000.00 -1000.00 -1000.00 1.9158 0.4880 0.7507 -233.8876 1.9507 111.5020 0.7120 0.0000 -0.0000 198 pedestrian_0003
Pedestrian 1.00 1.00 0 0 0 0 0 0 0 0 -1000.00 -1000.00 -1000.00 -1000.00 1.9158 0.4880 0.4725 -236.9032 1.9519 -252.7736 -0.7661 0.0000 -0.0000 199 pedestrian_0004
Pedestrian 1.00 1.00 0 0 0 0 0 0 0 0 -1000.00 -1000.00 -1000.00 -1000.00 1.9158 0.4880 0.7507 126.3248 1.8946 -29.6547 1.6126 0.0000 -0.0000 200 pedestrian_0022
Pedestrian 1.00 1.00 0 0 0 0 0 0 0 0 -1000.00 -1000.00 -1000.00 -1000.00 1.3390 0.3253 0.4618 -81.9042 2.0940 -174.1772 -0.0087 0.0000 -0.0000 201 pedestrian_0014
Pedestrian 1.00 1.00 0 0 0 0 0 0 0 0 -1000.00 -1000.00 -1000.00 -1000.00 1.9158 0.4880 0.4678 47.2682 1.9381 0.2418 -0.4632 0.0000 -0.0000 202 pedestrian_0022
Pedestrian 1.00 1.00 5 6 8 44 1 0 0 0 -1000.00 -1000.00 -1000.00 -1000.00 1.9158 0.4880 0.5852 13.3278 1.9035 -55.9021 -3.0361 0.0000 -0.0000 203 pedestrian_0023
Pedestrian 1.00 1.00 0 0 0 15 1 0 0 0 -1000.00 -1000.00 -1000.00 -1000.00 1.3390 0.3253 0.2502 4.9345 1.8862 -84.2511 1.7828 0.0000 -0.0000 204 pedestrian_0012
Pedestrian 1.00 1.00 0 0 3 4 2 0 0 0 -1000.00 -1000.00 -1000.00 -1000.00 1.9158 0.4880 0.7507 -15.8617 1.8956 -140.6027 1.7767 0.0000 -0.0000 205 pedestrian_0019
Pedestrian 0.00 0.12 12 17 26 387 0 0 1 0 674.37 359.90 689.92 398.72 1.9158 0.4880 0.6168 -14.0017 1.8984 27.9314 -2.7249 0.0000 -0.0000 206 pedestrian_0005
Pedestrian 1.00 1.00 0 0 0 0 0 0 0 0 -1000.00 -1000.00 -1000.00 -1000.00 1.9158 0.4880 0.4685 126.4656 2.0981 -76.8798 -2.1962 0.0000 -0.0000 207 pedestrian_0026
Pedestrian 1.00 1.00 0 0 0 0 0 0 0 0 -1000.00 -1000.00 -1000.00 -1000.00 1.9158 0.4880 0.7507 -61.2678 1.9424 -123.5752 -0.0456 0.0000 -0.0000 208 pedestrian_0015
Pedestrian 0.00 1.00 0 0 0 0 0 0 0 0 620.08 362.32 622.15 367.48 1.3390 0.3253 0.3262 -88.0715 1.9422 144.0435 -0.2190 0.0000 -0.0000 209 pedestrian_0014
Pedestrian 0.00 1.00 0 0 0 0 0 0 0 0 608.74 360.13 612.63 367.50 1.9158 0.4880 0.7058 -91.0161 1.9506 144.4170 -0.0618 0.0000 -0.0000 210 pedestrian_0016
Pedestrian 0.00 0.12 0 0 0 248 0 0 1 0 1620.87 373.49 1633.17 399.32 1.3390 0.3253 0.5005 33.2685 1.9419 27.5687 -3.1238 0.0000 -0.0000 211 pedestrian_0012
Pedestrian 1.00 1.00 0 0 0 0 0 0 0 0 -1000.00 -1000.00 -1000.00 -1000.00 1.1330 0.4333 0.6667 62.6849 1.9387 -90.8302 1.6057 0.0000 -0.0000 212 pedestrian_0009
Pedestrian 1.00 1.00 0 0 0 0 0 0 0 0 -1000.00 -1000.00 -1000.00 -1000.00 1.1330 0.4333 0.6667 144.5153 1.8856 -15.1389 1.5635 0.0000 -0.0000 213 pedestrian_0010
Pedestrian 1.00 1.00 0 0 0 0 0 0 0 0 -1000.00 -1000.00 -1000.00 -1000.00 1.9158 0.4880 0.7507 -271.7030 1.9504 -66.7505 -1.4971 0.0000 -0.0000 214 pedestrian_0021
Pedestrian 1.00 1.00 1 1 3 5 0 0 0 0 -1000.00 -1000.00 -1000.00 -1000.00 1.9158 0.4880 0.4329 -93.4866 1.9490 30.9813 -1.1391 0.0000 -0.0000 215 pedestrian_0018
Pedestrian 1.00 1.00 0 0 0 0 0 0 0 0 -1000.00 -1000.00 -1000.00 -1000.00 1.9158 0.4880 0.4754 -267.3366 1.9526 -190.0373 -1.6621 0.0000 -0.0000 216 pedestrian_0020
Pedestrian 1.00 1.00 0 0 0 0 0 0 0 0 -1000.00 -1000.00 -1000.00 -1000.00 1.9158 0.4880 0.4647 127.7632 1.8945 -106.2629 1.3220 0.0000 -0.0000 217 pedestrian_0017
Pedestrian 1.00 1.00 0 0 0 0 0 0 0 0 -1000.00 -1000.00 -1000.00 -1000.00 1.9158 0.4880 0.7507 -62.6209 1.9500 -171.4823 -3.1249 0.0000 -0.0000 218 pedestrian_0007
Pedestrian 1.00 1.00 0 0 0 0 0 0 0 0 -1000.00 -1000.00 -1000.00 -1000.00 1.1330 0.4333 0.5347 -146.3365 1.9389 -55.2103 1.5475 0.0000 -0.0000 219 pedestrian_0010
Pedestrian 1.00 1.00 0 0 0 37 0 0 0 1 -1000.00 -1000.00 -1000.00 -1000.00 1.9158 0.4880 0.5157 62.9730 2.1027 29.5095 -3.0347 0.0000 -0.0000 220 pedestrian_0023
Pedestrian 1.00 1.00 0 0 0 0 0 0 0 0 -1000.00 -1000.00 -1000.00 -1000.00 1.9158 0.4880 0.5235 78.3837 1.8943 -219.3225 -3.1361 0.0000 -0.0000 221 pedestrian_0024
Pedestrian 1.00 1.00 0 0 0 0 0 0 0 0 -1000.00 -1000.00 -1000.00 -1000.00 1.1330 0.4333 0.3774 -196.7979 1.9055 -140.8957 -1.5690 0.0000 -0.0000 222 pedestrian_0011
Pedestrian 1.00 1.00 0 0 0 0 0 0 0 0 -1000.00 -1000.00 -1000.00 -1000.00 1.9158 0.4880 0.6824 -269.9714 1.9529 -122.9077 1.6065 0.0000 -0.0000 223 pedestrian_0016
Pedestrian 1.00 1.00 0 0 0 0 0 0 0 0 -1000.00 -1000.00 -1000.00 -1000.00 1.9158 0.4880 0.4204 114.5489 -8.0674 -282.2458 -0.0172 0.0000 -0.0000 224 pedestrian_0017
Pedestrian 1.00 1.00 0 0 0 0 0 0 0 0 -1000.00 -1000.00 -1000.00 -1000.00 1.9158 0.4880 0.7507 165.6954 -8.0501 -105.3677 1.5709 0.0000 -0.0000 225 pedestrian_0001
Pedestrian 1.00 1.00 0 0 0 0 0 0 0 0 -1000.00 -1000.00 -1000.00 -1000.00 1.9158 0.4880 0.7507 -198.5285 1.9177 -87.8987 -1.6265 0.0000 -0.0000 226 pedestrian_0003
Pedestrian 1.00 1.00 0 0 0 0 0 0 0 0 -1000.00 -1000.00 -1000.00 -1000.00 1.9158 0.4880 0.7507 -145.5820 1.9502 -91.3478 -1.4421 0.0000 -0.0000 227 pedestrian_0007
Pedestrian 1.00 1.00 0 0 0 0 0 0 0 0 -1000.00 -1000.00 -1000.00 -1000.00 1.1330 0.4333 0.6667 126.2358 1.8832 -46.7685 1.6311 0.0000 -0.0000 228 pedestrian_0010
Pedestrian 1.00 1.00 0 0 0 0 0 0 0 0 -1000.00 -1000.00 -1000.00 -1000.00 1.1330 0.4333 0.5595 -69.4701 1.9362 -43.8724 0.5470 0.0000 -0.0000 229 pedestrian_0010
Pedestrian 1.00 1.00 0 0 0 0 0 0 0 0 -1000.00 -1000.00 -1000.00 -1000.00 1.3390 0.3253 0.4559 17.8533 1.8995 -20.5165 -0.2564 0.0000 -0.0000 230 pedestrian_0013
Pedestrian 1.00 1.00 0 0 0 0 0 0 0 0 -1000.00 -1000.00 -1000.00 -1000.00 1.3390 0.3253 0.4591 185.1905 1.9436 -76.5932 3.1300 0.0000 -0.0000 231 pedestrian_0013
Pedestrian 1.00 1.00 0 0 0 0 0 0 0 0 -1000.00 -1000.00 -1000.00 -1000.00 1.9158 0.4880 0.7507 62.7111 2.1023 -166.3014 -1.5575 0.0000 -0.0000 232 pedestrian_0020
Pedestrian 0.00 1.00 0 0 0 0 0 0 0 0 1728.24 359.86 1738.24 372.49 1.9158 0.4880 0.7422 117.8143 1.8949 84.4512 -0.3397 0.0000 -0.0000 233 pedestrian_0021
Pedestrian 1.00 1.00 0 0 0 0 0 0 0 0 -1000.00 -1000.00 -1000.00 -1000.00 1.1330 0.4333 0.4562 -200.4222 1.9031 -42.1223 -1.5986 0.0000 -0.0000 234 pedestrian_0009
Pedestrian 1.00 1.00 0 0 0 0 0 0 0 0 -1000.00 -1000.00 -1000.00 -1000.00 1.9158 0.4880 0.5026 224.4698 1.9500 -16.7677 -1.5444 0.0000 -0.0000 235 pedestrian_0006
Pedestrian 1.00 1.00 0 0 0 0 0 0 0 0 -1000.00 -1000.00 -1000.00 -1000.00 1.1330 0.4333 0.5421 -78.2441 2.0912 -61.9714 3.0272 0.0000 -0.0000 236 pedestrian_0009
Pedestrian 1.00 1.00 0 0 0 0 0 0 0 0 -1000.00 -1000.00 -1000.00 -1000.00 1.9158 0.4880 0.4950 -73.2952 1.9502 -81.8233 0.7322 0.0000 -0.0000 237 pedestrian_0026
Pedestrian 0.00 0.08 7 8 14 149 0 0 6 0 1035.45 359.74 1042.55 383.64 1.9158 0.4880 0.5661 6.3815 1.8949 44.7638 -1.8627 0.0000 -0.0000 238 pedestrian_0021
Pedestrian 1.00 1.00 0 0 0 0 0 0 0 0 -1000.00 -1000.00 -1000.00 -1000.00 1.3390 0.3253 0.5005 58.4509 1.9417 -42.3303 1.5737 0.0000 -0.0000 239 pedestrian_0012
Pedestrian 1.00 1.00 0 0 0 0 0 0 0 0 -1000.00 -1000.00 -1000.00 -1000.00 1.9158 0.4880 0.7507 -107.9067 1.9501 -287.8755 0.0348 0.0000 -0.0000 240 pedestrian_0020
Pedestrian 1.00 1.00 0 0 0 0 0 0 0 0 -1000.00 -1000.00 -1000.00 -1000.00 1.1330 0.4333 0.6667 200.9962 -8.0597 -48.0539 -1.5606 0.0000 -0.0000 241 pedestrian_0011
Pedestrian 1.00 1.00 0 0 0 0 0 0 0 0 -1000.00 -1000.00 -1000.00 -1000.00 1.9158 0.4880 0.5191 23.1693 1.9499 -171.0628 2.9798 0.0000 -0.0000 242 pedestrian_0002
Pedestrian 1.00 1.00 0 0 0 0 0 0 0 0 -1000.00 -1000.00 -1000.00 -1000.00 1.3390 0.3253 0.3883 126.7834 1.8861 -83.9286 1.4756 0.0000 -0.0000 243 pedestrian_0014
Pedestrian 1.00 1.00 0 0 0 0 0 0 0 0 -1000.00 -1000.00 -1000.00 -1000.00 1.9158 0.4880 0.6832 46.9593 1.9399 -18.8088 -2.5334 0.0000 -0.0000 244 pedestrian_0006
Pedestrian 1.00 1.00 0 0 0 0 0 0 0 0 -1000.00 -1000.00 -1000.00 -1000.00 1.9158 0.4880 0.6637 200.9904 -8.0501 -71.4906 -1.5537 0.0000 -0.0000 245 pedestrian_0020
Pedestrian 1.00 1.00 4 4 7 29 0 0 0 0 -1000.00 -1000.00 -1000.00 -1000.00 1.9158 0.4880 0.7507 -30.0650 1.9501 -79.7922 0.0037 0.0000 -0.0000 246 pedestrian_0022
Pedestrian 1.00 1.00 0 0 0 0 0 0 0 0 -1000.00 -1000.00 -1000.00 -1000.00 1.9158 0.4880 0.4643 -74.2543 1.9500 -184.5026 1.5541 0.0000 -0.0000 247 pedestrian_0002
Pedestrian 1.00 1.00 0 0 0 0 0 0 0 0 -1000.00 -1000.00 -1000.00 -1000.00 1.9158 0.4880 0.3754 145.4953 1.8942 -82.1775 1.8054 0.0000 -0.0000 248 pedestrian_0022
Pedestrian 1.00 1.00 0 0 0 0 0 0 0 0 -1000.00 -1000.00 -1000.00 -1000.00 1.9158 0.4880 0.7507 -66.0771 1.9453 -0.5665 2.1699 0.0000 -0.0000 249 pedestrian_0006
Pedestrian 1.00 1.00 0 0 0 0 0 0 0 0 -1000.00 -1000.00 -1000.00 -1000.00 1.9158 0.4880 0.4882 78.3852 2.1023 -169.5639 3.0932 0.0000 -0.0000 250 pedestrian_0019
Pedestrian 1.00 1.00 0 0 0 0 0 0 0 0 -1000.00 -1000.00 -1000.00 -1000.00 1.9158 0.4880 0.7507 -92.5063 1.9503 -12.7215 -1.5333 0.0000 -0.0000 251 pedestrian_0018
Pedestrian 1.00 1.00 0 0 0 0 0 0 0 0 -1000.00 -1000.00 -1000.00 -1000.00 1.9158 0.4880 0.6416 -270.4702 1.9529 -117.0265 -1.6260 0.0000 -0.0000 252 pedestrian_0007
Pedestrian 1.00 1.00 0 0 0 0 0 0 0 0 -1000.00 -1000.00 -1000.00 -1000.00 1.9158 0.4880 0.6464 61.5521 1.9500 -131.4784 1.6495 0.0000 -0.0000 253 pedestrian_0008
Pedestrian 1.00 1.00 0 0 0 0 0 0 0 0 -1000.00 -1000.00 -1000.00 -1000.00 1.9158 0.4880 0.5207 -256.3646 1.9507 82.9565 -2.0626 0.0000 -0.0000 254 pedestrian_0022
Pedestrian 0.00 1.00 0 0 0 0 0 0 0 0 343.72 360.14 348.12 367.62 1.9158 0.4880 0.5830 -157.5525 1.9507 142.2054 0.0461 0.0000 -0.0000 255 pedestrian_0024
Pedestrian 1.00 1.00 0 0 0 0 0 0 0 0 -1000.00 -1000.00 -1000.00 -1000.00 1.1330 0.4333 0.3462 206.1147 1.9394 -56.7343 -2.4024 0.0000 -0.0000 256 pedestrian_0011
Pedestrian 1.00 1.00 0 0 0 0 0 0 0 0 -1000.00 -1000.00 -1000.00 -1000.00 1.9158 0.4880 0.7507 -144.7777 1.9502 -115.0510 -1.5156 0.0000 -0.0000 257 pedestrian_0006
Pedestrian 1.00 1.00 0 0 0 0 0 0 0 0 -1000.00 -1000.00 -1000.00 -1000.00 1.9158 0.4880 0.7507 148.4310 2.1022 -155.3334 -1.6431 0.0000 -0.0000 258 pedestrian_0005
Pedestrian 1.00 1.00 0 0 0 0 0 0 0 0 -1000.00 -1000.00 -1000.00 -1000.00 1.9158 0.4880 0.7507 44.6384 1.9396 -20.0676 -2.5993 0.0000 -0.0000 259 pedestrian_0003
Pedestrian 1.00 1.00 0 0 0 0 0 0 0 0 -1000.00 -1000.00 -1000.00 -1000.00 1.9158 0.4880 0.7194 165.9368 -8.0502 -102.5487 1.5628 0.0000 -0.0000 260 pedestrian_0001
Pedestrian 1.00 1.00 0 0 0 0 0 0 0 0 -1000.00 -1000.00 -1000.00 -1000.00 1.3390 0.3253 0.5005 62.6334 2.0939 -159.2785 -1.5633 0.0000 -0.0000 261 pedestrian_0014
Pedestrian 1.00 1.00 0 0 0 0 0 0 0 0 -1000.00 -1000.00 -1000.00 -1000.00 1.9158 0.4880 0.7507 -51.3942 1.9481 -63.0307 -3.1160 0.0000 -0.0000 262 pedestrian_0020
Pedestrian 1.00 1.00 0 0 0 0 0 0 0 0 -1000.00 -1000.00 -1000.00 -1000.00 1.9158 0.4880 0.6221 -215.9569 1.9146 4.9435 -1.5555 0.0000 -0.0000 263 pedestrian_0025
Pedestrian 1.00 1.00 0 0 0 0 0 0 0 0 -1000.00 -1000.00 -1000.00 -1000.00 1.9158 0.4880 0.7507 58.1461 1.9502 -8.6018 -1.5420 0.0000 -0.0000 264 pedestrian_0026
Pedestrian 1.00 1.00 0 0 0 0 0 0 0 0 -1000.00 -1000.00 -1000.00 -1000.00 1.9158 0.4880 0.5987 -165.1818 1.9499 -288.3421 -3.0945 0.0000 -0.0000 265 pedestrian_0025
Pedestrian 1.00 1.00 0 0 0 0 0 0 0 0 -1000.00 -1000.00 -1000.00 -1000.00 1.3390 0.3253 0.4254 57.5186 1.8873 -200.7868 -3.1098 0.0000 -0.0000 266 pedestrian_0013
Pedestrian 1.00 1.00 0 0 0 0 0 0 0 0 -1000.00 -1000.00 -1000.00 -1000.00 1.9158 0.4880 0.3835 87.0661 1.9499 -173.8502 1.6287 0.0000 -0.0000 267 pedestrian_0015
Pedestrian 1.00 1.00 0 0 0 0 0 0 0 0 -1000.00 -1000.00 -1000.00 -1000.00 1.9158 0.4880 0.3875 125.8849 1.8944 -145.0863 2.7463 0.0000 -0.0000 268 pedestrian_0021
Pedestrian 0.00 1.00 0 0 0 0 0 0 0 0 717.84 363.08 720.13 367.45 1.1330 0.4333 0.3949 -62.7575 1.9370 144.3242 3.0949 0.0000 -0.0000 269 pedestrian_0010
Pedestrian 1.00 1.00 15 15 28 251 2 0 0 0 -1000.00 -1000.00 -1000.00 -1000.00 1.9158 0.4880 0.4992 -14.5127 1.8983 -29.8601 1.5399 0.0000 -0.0000 270 pedestrian_0023
Pedestrian 0.00 0.23 5 4 7 56 0 0 2 0 1063.59 370.21 1069.79 389.32 1.3390 0.3253 0.2956 6.9834 1.9059 36.2561 -1.8659 0.0000 -0.0000 271 pedestrian_0013
Pedestrian 1.00 1.00 0 0 0 0 0 0 0 0 -1000.00 -1000.00 -1000.00 -1000.00 1.9158 0.4880 0.5713 -189.4377 1.9511 -282.7775 -0.5742 0.0000 -0.0000 272 pedestrian_0016
Pedestrian 0.00 1.00 0 0 0 0 0 0 0 0 216.95 364.00 223.49 373.48 1.3390 0.3253 0.5005 -104.8528 1.9067 78.5585 -0.0221 0.0000 -0.0000 273 pedestrian_0014
Pedestrian 1.00 1.00 0 0 0 0 0 0 0 0 -1000.00 -1000.00 -1000.00 -1000.00 1.9158 0.4880 0.5889 -97.9906 1.9501 -152.3990 0.0073 0.0000 -0.0000 274 pedestrian_0019
Pedestrian 1.00 1.00 0 0 0 0 0 0 0 0 -1000.00 -1000.00 -1000.00 -1000.00 1.3390 0.3253 0.4999 -1.7860 2.0485 -171.6332 -3.1264 0.0000 -0.0000 275 pedestrian_0013
Pedestrian 1.00 1.00 0 0 0 6 2 0 0 0 -1000.00 -1000.00 -1000.00 -1000.00 1.9158 0.4880 0.7507 1.4652 2.0488 -171.9952 -3.0991 0.0000 -0.0000 276 pedestrian_0023
Pedestrian 1.00 1.00 0 0 0 0 0 0 0 0 -1000.00 -1000.00 -1000.00 -1000.00 1.1330 0.4333 0.4486 127.3749 2.0727 -76.9062 -2.3392 0.0000 -0.0000 277 pedestrian_0011
Pedestrian 1.00 1.00 0 0 0 0 0 0 0 0 -1000.00 -1000.00 -1000.00 -1000.00 1.3390 0.3253 0.5005 126.1333 2.0938 -157.6684 1.6342 0.0000 -0.0000 278 pedestrian_0012
Pedestrian 1.00 1.00 0 0 0 0 0 0 0 0 -1000.00 -1000.00 -1000.00 -1000.00 1.9158 0.4880 0.5529 -2.6409 -3.5015 -250.1929 0.0167 0.0000 -0.0000 279 pedestrian_0015
Pedestrian 1.00 1.00 0 0 0 9 0 0 0 0 -1000.00 -1000.00 -1000.00 -1000.00 1.9158 0.4880 0.7507 130.4106 2.0472 32.9955 0.1430 0.0000 -0.0000 280 pedestrian_0017
Pedestrian 1.00 1.00 0 0 0 0 0 0 0 0 -1000.00 -1000.00 -1000.00 -1000.00 1.9158 0.4880 0.7507 200.3737 -8.0021 15.5753 -1.5530 0.0000 -0.0000 281 pedestrian_0005
Pedestrian 1.00 1.00 0 0 0 0 0 0 0 0 -1000.00 -1000.00 -1000.00 -1000.00 1.1330 0.4333 0.3663 82.9340 2.0908 -198.2861 -3.0266 0.0000 -0.0000 282 pedestrian_0009
Pedestrian 1.00 1.00 0 0 0 0 0 0 0 0 -1000.00 -1000.00 -1000.00 -1000.00 1.1330 0.4333 0.4729 -93.7239 1.9385 -202.6759 1.3628 0.0000 -0.0000 283 pedestrian_0009
Pedestrian 1.00 1.00 0 0 0 0 0 0 0 0 -1000.00 -1000.00 -1000.00 -1000.00 1.1330 0.4333 0.4160 208.4237 1.9384 -118.2301 1.5636 0.0000 -0.0000 284 pedestrian_0009
Pedestrian 1.00 1.00 0 0 0 0 0 0 0 0 -1000.00 -1000.00 -1000.00 -1000.00 1.9158 0.4880 0.5737 -197.5677 1.9143 -161.7222 1.9263 0.0000 -0.0000 285 pedestrian_0024
Pedestrian 1.00 1.00 0 0 0 0 0 0 0 0 -1000.00 -1000.00 -1000.00 -1000.00 1.9158 0.4880 0.7507 127.3534 1.8964 -105.5600 -1.6432 0.0000 -0.0000 286 pedestrian_0023
Pedestrian 1.00 1.00 0 0 0 0 0 0 0 0 -1000.00 -1000.00 -1000.00 -1000.00 1.9158 0.4880 0.7507 -93.8656 1.9503 -10.5665 1.6074 0.0000 -0.0000 287 pedestrian_0015
Pedestrian 1.00 1.00 0 0 0 0 0 0 0 0 -1000.00 -1000.00 -1000.00 -1000.00 1.9158 0.4880 0.7507 14.9610 -5.7286 -250.3448 0.0618 0.0000 -0.0000 288 pedestrian_0025
Pedestrian 0.00 1.00 0 0 0 0 0 0 0 0 1707.37 320.28 1712.07 325.76 1.1330 0.4333 0.4903 160.7801 -7.3619 118.8633 2.5167 0.0000 -0.0000 289 pedestrian_0009
Pedestrian 1.00 1.00 0 0 0 0 0 0 0 0 -1000.00 -1000.00 -1000.00 -1000.00 1.9158 0.4880 0.7507 -145.4151 1.9502 -108.9470 -1.5098 0.0000 -0.0000 290 pedestrian_0019
Pedestrian 1.00 1.00 0 0 0 0 0 0 0 0 -1000.00 -1000.00 -1000.00 -1000.00 1.9158 0.4880 0.7507 -190.9489 1.9148 60.4181 0.6025 0.0000 -0.0000 291 pedestrian_0007
Pedestrian 1.00 1.00 0 0 0 0 0 0 0 0 -1000.00 -1000.00 -1000.00 -1000.00 1.9158 0.4880 0.7507 -272.3494 1.9505 -25.5920 -1.5411 0.0000 -0.0000 292 pedestrian_0021
Pedestrian 1.00 1.00 0 0 0 0 0 0 0 0 -1000.00 -1000.00 -1000.00 -1000.00 1.3390 0.3253 0.4349 95.7588 1.9418 8.6493 -3.1208 0.0000 -0.0000 293 pedestrian_0014
Pedestrian 0.00 1.00 0 0 0 0 0 0 0 0 1080.53 330.90 1083.83 338.33 1.9158 0.4880 0.7475 31.8756 -5.6636 144.6006 0.0205 0.0000 -0.0000 294 pedestrian_0002
Pedestrian 0.00 0.01 128 140 232 10210 0 0 29 10 1408.41 360.60 1495.24 501.40 1.9158 0.4880 0.7408 6.6218 1.8948 7.4812 -0.1725 0.0000 -0.0000 295 pedestrian_0026
Pedestrian 1.00 1.00 11 16 20 109 2 0 0 0 -1000.00 -1000.00 -1000.00 -1000.00 1.9158 0.4880 0.7004 5.5778 1.8960 -19.5002 -1.5436 0.0000 -0.0000 296 pedestrian_0020
Pedestrian 1.00 1.00 0 0 0 0 0 0 0 0 -1000.00 -1000.00 -1000.00 -1000.00 1.9158 0.4880 0.7055 52.2861 1.9496 -60.7116 -0.0368 0.0000 -0.0000 297 pedestrian_0016
Pedestrian 1.00 1.00 0 0 0 0 0 0 0 0 -1000.00 -1000.00 -1000.00 -1000.00 1.9158 0.4880 0.7507 -95.4594 1.9503 -40.9231 1.5541 0.0000 -0.0000 298 pedestrian_0024
Pedestrian 0.00 1.00 0 0 0 0 0 0 0 0 1431.00 315.99 1436.56 325.93 1.9158 0.4880 0.6736 93.0237 -6.7055 108.8263 -0.0180 0.0000 -0.0000 299 pedestrian_0001
Pedestrian 1.00 1.00 0 2 3 4 0 0 0 0 -1000.00 -1000.00 -1000.00 -1000.00 1.9158 0.4880 0.7507 -6.4948 2.0469 -172.4777 3.0496 0.0000 -0.0000 300 pedestrian_0025
Pedestrian 1.00 1.00 0 0 1 5 0 0 0 0 -1000.00 -1000.00 -1000.00 -1000.00 1.9158 0.4880 0.7507 -44.4636 1.9255 -123.6937 3.1230 0.0000 -0.0000 301 pedestrian_0016
Pedestrian 1.00 1.00 2 2 4 28 0 0 0 0 -1000.00 -1000.00 -1000.00 -1000.00 1.9158 0.4880 0.4822 5.1843 1.9151 -60.6719 -3.1166 0.0000 -0.0000 302 pedestrian_0006
Pedestrian 0.00 1.00 1 3 5 219 0 0 0 1 1850.30 371.63 1868.36 397.89 1.3390 0.3253 0.4096 46.3640 1.9419 28.5756 -3.1237 0.0000 -0.0000 303 pedestrian_0012
Pedestrian 1.00 1.00 0 0 0 0 0 0 0 0 -1000.00 -1000.00 -1000.00 -1000.00 1.9158 0.4880 0.7507 -194.6891 1.9504 -280.6479 -0.3783 0.0000 -0.0000 304 pedestrian_0024
Pedestrian 0.00 1.00 0 0 0 0 0 0 0 0 690.25 362.33 692.79 367.50 1.3390 0.3253 0.5005 -69.5612 1.9422 143.6055 3.1199 0.0000 -0.0000 305 pedestrian_0013
Pedestrian 1.00 1.00 0 0 0 0 0 0 0 0 -1000.00 -1000.00 -1000.00 -1000.00 1.1330 0.4333 0.5550 -267.2544 1.9392 56.7533 -1.8151 0.0000 -0.0000 306 pedestrian_0011
Pedestrian 1.00 1.00 0 0 0 0 0 0 0 0 -1000.00 -1000.00 -1000.00 -1000.00 1.9158 0.4880 0.4281 -93.3716 1.9500 -152.5887 0.7726 0.0000 -0.0000 307 pedestrian_0024
Pedestrian 1.00 1.00 0 0 0 0 0 0 0 0 -1000.00 -1000.00 -1000.00 -1000.00 1.9158 0.4880 0.3905 -273.3150 1.9505 5.2029 -2.3160 0.0000 -0.0000 308 pedestrian_0004
Pedestrian 1.00 1.00 3 4 7 91 0 0 0 0 -1000.00 -1000.00 -1000.00 -1000.00 1.9158 0.4880 0.7066 24.8216 1.9503 7.5617 3.1390 0.0000 -0.0000 309 pedestrian_0019
Pedestrian 1.00 1.00 0 0 0 0 0 0 0 0 -1000.00 -1000.00 -1000.00 -1000.00 1.3390 0.3253 0.5005 161.0561 1.9399 -59.2377 0.0832 0.0000 -0.0000 310 pedestrian_0012
Pedestrian 1.00 1.00 0 0 0 0 0 0 0 0 -1000.00 -1000.00 -1000.00 -1000.00 1.9158 0.4880 0.5498 116.5221 1.9498 -170.7153 -3.0166 0.0000 -0.0000 311 pedestrian_0022
Pedestrian 1.00 1.00 0 0 0 0 0 0 0 0 -1000.00 -1000.00 -1000.00 -1000.00 1.9158 0.4880 0.6687 90.7271 2.0467 -216.9915 -1.5588 0.0000 -0.0000 312 pedestrian_0018
Pedestrian 1.00 1.00 0 0 0 0 0 0 0 0 -1000.00 -1000.00 -1000.00 -1000.00 1.9158 0.4880 0.6864 -123.6784 1.9542 3.8476 0.6249 0.0000 -0.0000 313 pedestrian_0022
Pedestrian 1.00 1.00 0 0 0 0 0 0 0 0 -1000.00 -1000.00 -1000.00 -1000.00 1.9158 0.4880 0.3891 36.5459 1.9499 -151.6800 -3.1218 0.0000 -0.0000 314 pedestrian_0005
Pedestrian 0.00 0.01 138 144 257 4528 0 0 39 0 1222.50 361.40 1264.50 484.60 1.9158 0.4880 0.5342 4.3950 1.8948 8.6163 0.1718 0.0000 -0.0000 315 pedestrian_0018
Pedestrian 1.00 1.00 0 0 0 0 0 0 0 0 -1000.00 -1000.00 -1000.00 -1000.00 1.9158 0.4880 0.4430 -270.4974 1.9506 43.1365 -1.7027 0.0000 -0.0000 316 pedestrian_0024
Pedestrian 1.00 1.00 0 0 0 0 0 0 0 0 -1000.00 -1000.00 -1000.00 -1000.00 1.9158 0.4880 0.6279 -46.9269 1.9505 -81.4516 -3.1182 0.0000 -0.0000 317 pedestrian_0002
Pedestrian 1.00 1.00 0 0 0 0 0 0 0 0 -1000.00 -1000.00 -1000.00 -1000.00 1.3390 0.3253 0.3419 -94.7678 2.0580 -220.9959 1.5135 0.0000 -0.0000 318 pedestrian_0013
Pedestrian 1.00 1.00 0 0 0 0 0 0 0 0 -1000.00 -1000.00 -1000.00 -1000.00 1.9158 0.4880 0.7507 -32.8828 1.9154 -124.6195 -0.0042 0.0000 -0.0000 319 pedestrian_0018
Pedestrian 1.00 1.00 0 0 0 0 0 0 0 0 -1000.00 -1000.00 -1000.00 -1000.00 1.9158 0.4880 0.7064 -128.3921 1.9501 -146.5271 -0.6532 0.0000 -0.0000 320 pedestrian_0006
Pedestrian 1.00 1.00 0 0 0 0 0 0 0 0 -1000.00 -1000.00 -1000.00 -1000.00 1.9158 0.4880 0.7507 -85.3797 1.9501 -287.5271 0.0269 0.0000 -0.0000 321 pedestrian_0021
Pedestrian 1.00 1.00 0 0 0 0 0 0 0 0 -1000.00 -1000.00 -1000.00 -1000.00 1.1330 0.4333 0.5595 -78.9465 2.0912 -82.8618 0.1155 0.0000 -0.0000 322 pedestrian_0010
Pedestrian 1.00 1.00 0 0 0 0 0 0 0 0 -1000.00 -1000.00 -1000.00 -1000.00 1.9158 0.4880 0.7507 52.4889 1.9501 -78.9855 -3.0436 0.0000 -0.0000 323 pedestrian_0022
Pedestrian 1.00 1.00 0 0 0 0 0 0 0 0 -1000.00 -1000.00 -1000.00 -1000.00 1.9158 0.4880 0.7507 -72.8743 2.1026 -73.6140 -1.6934 0.0000 -0.0000 324 pedestrian_0015
Pedestrian 1.00 1.00 4 2 6 2 0 0 0 0 -1000.00 -1000.00 -1000.00 -1000.00 1.9158 0.4880 0.6511 -65.6199 1.9503 8.6671 3.0977 0.0000 -0.0000 325 pedestrian_0005
Pedestrian 1.00 1.00 0 0 0 0 0 0 0 0 -1000.00 -1000.00 -1000.00 -1000.00 1.9158 0.4880 0.6192 199.6930 -7.9160 41.5439 -1.5418 0.0000 -0.0000 326 pedestrian_0006
Pedestrian 1.00 1.00 0 0 0 0 0 0 0 0 -1000.00 -1000.00 -1000.00 -1000.00 1.9158 0.4880 0.7507 172.9468 1.9500 -58.4234 -3.1275 0.0000 -0.0000 327 pedestrian_0002
Pedestrian 1.00 1.00 0 0 0 0 0 0 0 0 -1000.00 -1000.00 -1000.00 -1000.00 1.9158 0.4880 0.5708 57.2782 1.9507 -4.3685 -2.1810 0.0000 -0.0000 328 pedestrian_0015
Pedestrian 0.00 1.00 0 0 0 0 0 0 0 0 292.27 360.14 296.53 367.61 1.9158 0.4880 0.5087 -170.9445 1.9507 142.3497 1.5283 0.0000 -0.0000 329 pedestrian_0005
Pedestrian 1.00 1.00 0 0 0 0 0 0 0 0 -1000.00 -1000.00 -1000.00 -1000.00 1.1330 0.4333 0.6667 -117.7862 1.9393 -287.9342 0.0187 0.0000 -0.0000 330 pedestrian_0010
Pedestrian 0.00 1.00 0 0 0 0 0 0 0 0 1580.91 360.38 1594.86 381.71 1.9158 0.4880 0.6824 56.7774 1.9503 50.1232 1.5760 0.0000 -0.0000 331 pedestrian_0001
Pedestrian 1.00 1.00 0 0 0 0 0 0 0 0 -1000.00 -1000.00 -1000.00 -1000.00 1.9158 0.4880 0.3814 -93.9652 1.9503 -0.7938 0.3131 0.0000 -0.0000 332 pedestrian_0017
Pedestrian 1.00 1.00 0 0 0 0 0 0 0 0 -1000.00 -1000.00 -1000.00 -1000.00 1.9158 0.4880 0.5987 -57.2447 1.9540 -81.2317 0.0472 0.0000 -0.0000 333 pedestrian_0023
Pedestrian 1.00 1.00 0 0 0 0 0 0 0 0 -1000.00 -1000.00 -1000.00 -1000.00 1.3390 0.3253 0.3866 -94.5337 1.9413 44.0417 -1.5980 0.0000 -0.0000 334 pedestrian_0013
Pedestrian 1.00 1.00 0 0 0 0 0 0 0 0 -1000.00 -1000.00 -1000.00 -1000.00 1.9158 0.4880 0.5415 -92.6679 1.9481 -210.5315 1.5908 0.0000 -0.0000 335 pedestrian_0019
Pedestrian 1.00 1.00 66 82 138 1128 0 0 0 13 -1000.00 -1000.00 -1000.00 -1000.00 1.9158 0.4880 0.7098 14.4123 1.9503 7.5479 0.0562 0.0000 -0.0000 336 pedestrian_0017
Pedestrian 1.00 1.00 0 0 0 0 0 0 0 0 -1000.00 -1000.00 -1000.00 -1000.00 1.9158 0.4880 0.7507 -113.2129 1.9504 -288.0485 0.0264 0.0000 -0.0000 337 pedestrian_0025
Pedestrian 1.00 1.00 0 0 0 0 0 0 0 0 -1000.00 -1000.00 -1000.00 -1000.00 1.9158 0.4880 0.4382 118.1446 -8.0632 -281.4214 -2.8911 0.0000 -0.0000 338 pedestrian_0006
Pedestrian 1.00 1.00 0 0 0 0 0 0 0 0 -1000.00 -1000.00 -1000.00 -1000.00 1.1330 0.4333 0.6097 70.1902 -8.0816 -249.0076 -3.1267 0.0000 -0.0000 339 pedestrian_0011
Pedestrian 1.00 1.00 0 0 0 0 0 0 0 0 -1000.00 -1000.00 -1000.00 -1000.00 1.1330 0.4333 0.5471 124.7665 1.8853 6.2557 -1.5652 0.0000 -0.0000 340 pedestrian_0011
Pedestrian 1.00 1.00 0 0 0 0 0 0 0 0 -1000.00 -1000.00 -1000.00 -1000.00 1.3390 0.3253 0.3150 208.2266 1.9434 -107.9754 -1.5554 0.0000 -0.0000 341 pedestrian_0013
Pedestrian 1.00 1.00 0 0 0 0 0 0 0 0 -1000.00 -1000.00 -1000.00 -1000.00 1.9158 0.4880 0.7507 -40.0458 1.9520 -80.5388 -0.0004 0.0000 -0.0000 342 pedestrian_0007
Pedestrian 1.00 1.00 0 0 0 0 0 0 0 0 -1000.00 -1000.00 -1000.00 -1000.00 1.9158 0.4880 0.7432 27.8309 1.9501 -62.1308 -3.0894 0.0000 -0.0000 343 pedestrian_0021
Pedestrian 1.00 1.00 0 0 0 0 0 0 0 0 -1000.00 -1000.00 -1000.00 -1000.00 1.1330 0.4333 0.4935 200.6328 -8.0608 -61.0207 -1.5747 0.0000 -0.0000 344 pedestrian_0010
Pedestrian 0.00 0.01 92 107 147 3916 0 0 19 0 1363.60 361.21 1404.40 488.53 1.9158 0.4880 0.4551 6.6297 1.9181 8.6780 -1.6232 0.0000 -0.0000 345 pedestrian_0021
Pedestrian 0.00 1.00 0 0 0 0 0 0 0 0 1768.43 365.18 1775.45 377.17 1.3390 0.3253 0.3147 91.2763 1.9236 62.3090 -1.9630 0.0000 -0.0000 346 pedestrian_0014
Pedestrian 1.00 1.00 0 0 0 0 0 0 0 0 -1000.00 -1000.00 -1000.00 -1000.00 1.9158 0.4880 0.5559 -72.9580 2.1026 -78.9951 -1.5572 0.0000 -0.0000 347 pedestrian_0023
Pedestrian 1.00 1.00 0 0 0 0 0 0 0 0 -1000.00 -1000.00 -1000.00 -1000.00 1.9158 0.4880 0.7507 45.7136 1.9501 -61.5029 -3.1033 0.0000 -0.0000 348 pedestrian_0008
Pedestrian 1.00 1.00 0 0 0 0 0 0 0 0 -1000.00 -1000.00 -1000.00 -1000.00 1.9158 0.4880 0.7383 -271.3500 1.9506 40.7014 1.5333 0.0000 -0.0000 349 pedestrian_0006
Pedestrian 1.00 1.00 0 0 0 0 0 0 0 0 -1000.00 -1000.00 -1000.00 -1000.00 1.9158 0.4880 0.6810 126.5519 2.1023 -151.8113 -1.6795 0.0000 -0.0000 350 pedestrian_0022
Pedestrian 1.00 1.00 0 0 0 0 0 0 0 0 -1000.00 -1000.00 -1000.00 -1000.00 1.9158 0.4880 0.6168 93.7691 1.9499 -170.7600 0.3063 0.0000 -0.0000 351 pedestrian_0023
Pedestrian 1.00 1.00 0 0 0 0 0 0 0 0 -1000.00 -1000.00 -1000.00 -1000.00 1.9158 0.4880 0.4415 87.0415 1.9500 -172.0837 3.1334 0.0000 -0.0000 352 pedestrian_0006
Pedestrian 1.00 1.00 0 0 0 0 0 0 0 0 -1000.00 -1000.00 -1000.00 -1000.00 1.9158 0.4880 0.7507 61.4933 1.9500 -96.2955 1.5651 0.0000 -0.0000 353 pedestrian_0024
Pedestrian 0.00 1.00 0 0 0 0 0 0 0 0 382.81 363.12 387.15 367.52 1.1330 0.4333 0.6667 -148.5094 1.9393 143.1474 0.0266 0.0000 -0.0000 354 pedestrian_0011
Pedestrian 1.00 1.00 0 0 0 0 0 0 0 0 -1000.00 -1000.00 -1000.00 -1000.00 1.9158 0.4880 0.6649 92.3476 1.9518 10.9744 3.0739 0.0000 -0.0000 355 pedestrian_0017
Pedestrian 1.00 1.00 0 0 0 0 0 0 0 0 -1000.00 -1000.00 -1000.00 -1000.00 1.3390 0.3253 0.3348 164.6837 -8.0584 -33.7501 -1.6758 0.0000 -0.0000 356 pedestrian_0012
Pedestrian 1.00 1.00 0 0 0 0 0 0 0 0 -1000.00 -1000.00 -1000.00 -1000.00 1.9158 0.4880 0.4546 -178.2987 1.9500 -286.0751 2.8312 0.0000 -0.0000 357 pedestrian_0020
Pedestrian 1.00 1.00 0 2 6 22 1 0 0 0 -1000.00 -1000.00 -1000.00 -1000.00 1.9158 0.4880 0.7507 11.2163 1.9499 -80.0740 -3.1406 0.0000 -0.0000 358 pedestrian_0017
Pedestrian 1.00 1.00 20 18 37 228 0 3 0 0 -1000.00 -1000.00 -1000.00 -1000.00 1.9158 0.4880 0.4768 -25.8364 1.9499 8.2288 -3.1101 0.0000 -0.0000 359 pedestrian_0025
Pedestrian 1.00 1.00 0 0 0 0 0 0 0 0 -1000.00 -1000.00 -1000.00 -1000.00 1.3390 0.3253 0.5005 -263.2389 1.9452 -207.4742 -1.3050 0.0000 -0.0000 360 pedestrian_0013
Pedestrian 1.00 1.00 0 0 0 0 0 0 0 0 -1000.00 -1000.00 -1000.00 -1000.00 1.3390 0.3253 0.5005 -160.2526 1.9436 -289.0300 0.0151 0.0000 -0.0000 361 pedestrian_0013
Pedestrian 1.00 1.00 0 0 0 2 0 0 0 0 -1000.00 -1000.00 -1000.00 -1000.00 1.3390 0.3253 0.4155 85.0643 2.0942 13.8969 -1.7966 0.0000 -0.0000 362 pedestrian_0013
Pedestrian 1.00 1.00 1 0 2 4 1 0 0 0 -1000.00 -1000.00 -1000.00 -1000.00 1.1330 0.4333 0.6667 6.1152 1.8848 -101.0819 1.5501 0.0000 -0.0000 363 pedestrian_0011
Pedestrian 1.00 1.00 0 1 0 0 0 0 0 0 -1000.00 -1000.00 -1000.00 -1000.00 1.3390 0.3253 0.4254 10.2171 1.8861 -180.2786 -1.0907 0.0000 -0.0000 364 pedestrian_0012
Pedestrian 1.00 1.00 0 0 0 0 0 0 0 0 -1000.00 -1000.00 -1000.00 -1000.00 1.9158 0.4880 0.5494 125.5769 2.0550 14.3990 -1.5675 0.0000 -0.0000 365 pedestrian_0023
Pedestrian 1.00 1.00 0 0 0 0 0 0 0 0 -1000.00 -1000.00 -1000.00 -1000.00 1.9158 0.4880 0.5574 -160.1062 1.9169 73.9301 0.2554 0.0000 -0.0000 366 pedestrian_0005
Pedestrian 1.00 1.00 0 0 0 0 0 0 0 0 -1000.00 -1000.00 -1000.00 -1000.00 1.9158 0.4880 0.4174 -195.1791 1.9167 -176.5425 1.6406 0.0000 -0.0000 367 pedestrian_0021
Pedestrian 1.00 1.00 0 0 0 0 0 0 0 0 -1000.00 -1000.00 -1000.00 -1000.00 1.1330 0.4333 0.4255 -170.5330 1.9274 -66.0832 -0.0637 0.0000 -0.0000 368 pedestrian_0010
Pedestrian 1.00 1.00 0 0 0 1 0 0 0 0 -1000.00 -1000.00 -1000.00 -1000.00 1.9158 0.4880 0.7507 -47.6227 1.9321 -124.3019 -0.1220 0.0000 -0.0000 369 pedestrian_0020
Pedestrian 1.00 1.00 0 0 0 0 0 0 0 0 -1000.00 -1000.00 -1000.00 -1000.00 1.3390 0.3253 0.4232 34.1079 1.9409 -79.8643 -0.0214 0.0000 -0.0000 370 pedestrian_0012
Pedestrian 1.00 1.00 3 0 2 34 0 0 0 0 -1000.00 -1000.00 -1000.00 -1000.00 1.9158 0.4880 0.6426 64.6880 2.1027 29.4277 -2.8919 0.0000 -0.0000 371 pedestrian_0015
Pedestrian 1.00 1.00 0 0 0 0 0 0 0 0 -1000.00 -1000.00 -1000.00 -1000.00 1.9158 0.4880 0.7507 61.6297 1.9529 -82.7687 1.5272 0.0000 -0.0000 372 pedestrian_0007
Pedestrian 1.00 1.00 0 0 0 0 0 0 0 0 -1000.00 -1000.00 -1000.00 -1000.00 1.9158 0.4880 0.5377 -271.2438 1.9525 -76.6293 1.4756 0.0000 -0.0000 373 pedestrian_0008
Pedestrian 1.00 1.00 0 0 0 0 0 0 0 0 -1000.00 -1000.00 -1000.00 -1000.00 1.9158 0.4880 0.6243 131.7915 2.0660 -57.8432 -3.0222 0.0000 -0.0000 374 pedestrian_0020
Pedestrian 1.00 1.00 0 0 0 0 0 0 0 0 -1000.00 -1000.00 -1000.00 -1000.00 1.9158 0.4880 0.4171 -75.1007 2.1024 -172.0371 0.1615 0.0000 -0.0000 375 pedestrian_0015
Pedestrian 1.00 1.00 0 0 0 0 0 0 0 0 -1000.00 -1000.00 -1000.00 -1000.00 1.3390 0.3253 0.3302 -85.6444 2.0942 -82.5119 0.0444 0.0000 -0.0000 376 pedestrian_0012
Pedestrian 1.00 1.00 0 0 0 0 0 0 0 0 -1000.00 -1000.00 -1000.00 -1000.00 1.9158 0.4880 0.4377 93.3689 1.9475 -171.5103 0.3628 0.0000 -0.0000 377 pedestrian_0017
Pedestrian 1.00 1.00 0 0 0 0 0 0 0 0 -1000.00 -1000.00 -1000.00 -1000.00 1.9158 0.4880 0.7507 110.9641 1.9500 -59.3974 0.1237 0.0000 -0.0000 378 pedestrian_0025
Pedestrian 0.00 0.07 0 0 0 209 0 0 0 0 1505.93 374.98 1520.19 397.48 1.1330 0.4333 0.6667 29.3175 1.9389 29.3308 -3.0835 0.0000 -0.0000 379 pedestrian_0009
Pedestrian 1.00 1.00 0 0 0 0 0 0 0 0 -1000.00 -1000.00 -1000.00 -1000.00 1.9158 0.4880 0.6276 63.7688 2.1023 -162.8594 1.6088 0.0000 -0.0000 380 pedestrian_0002
Pedestrian 1.00 1.00 0 0 0 0 0 0 0 0 -1000.00 -1000.00 -1000.00 -1000.00 1.3390 0.3253 0.4038 -130.5961 1.9417 -288.3406 0.0240 0.0000 -0.0000 381 pedestrian_0013
Pedestrian 1.00 1.00 0 0 0 0 0 0 0 0 -1000.00 -1000.00 -1000.00 -1000.00 1.3390 0.3253 0.5005 108.3959 1.8837 -199.1032 -2.9923 0.0000 -0.0000 382 pedestrian_0012
Pedestrian 0.00 1.00 0 0 0 0 0 0 0 0 1235.42 366.79 1242.89 377.07 1.1330 0.4333 0.6035 31.0757 1.8922 61.7018 -2.9941 0.0000 -0.0000 383 pedestrian_0010
Pedestrian 1.00 1.00 0 0 0 0 0 0 0 0 -1000.00 -1000.00 -1000.00 -1000.00 1.3390 0.3253 0.2987 -242.8486 1.9440 -246.4197 -0.8797 0.0000 -0.0000 384 pedestrian_0013
Pedestrian 1.00 1.00 2 3 3 10 0 0 0 0 -1000.00 -1000.00 -1000.00 -1000.00 1.9158 0.4880 0.7507 21.0508 1.9503 9.8462 0.1146 0.0000 -0.0000 385 pedestrian_0015
Pedestrian 1.00 1.00 0 0 0 0 0 0 0 0 -1000.00 -1000.00 -1000.00 -1000.00 1.9158 0.4880 0.7507 -120.3065 1.9534 -0.0395 -2.7618 0.0000 -0.0000 386 pedestrian_0018
Pedestrian 1.00 1.00 0 0 0 0 0 0 0 0 -1000.00 -1000.00 -1000.00 -1000.00 1.3390 0.3253 0.4941 -82.8158 1.9419 -288.3883 0.1022 0.0000 -0.0000 387 pedestrian_0013
Pedestrian 1.00 1.00 0 0 0 0 0 0 0 0 -1000.00 -1000.00 -1000.00 -1000.00 1.9158 0.4880 0.7507 205.1282 2.1022 -156.8937 -1.1960 0.0000 -0.0000 388 pedestrian_0022
Pedestrian 1.00 1.00 0 0 0 0 0 0 0 0 -1000.00 -1000.00 -1000.00 -1000.00 1.9158 0.4880 0.7507 -271.9012 1.9504 -76.7300 -1.5989 0.0000 -0.0000 389 pedestrian_0003
Pedestrian 1.00 1.00 0 0 0 0 0 0 0 0 -1000.00 -1000.00 -1000.00 -1000.00 1.9158 0.4880 0.7507 -79.3566 1.9503 -287.4614 0.0586 0.0000 -0.0000 390 pedestrian_0021
Pedestrian 1.00 1.00 0 3 3 18 0 0 0 0 -1000.00 -1000.00 -1000.00 -1000.00 1.9158 0.4880 0.7507 -81.8399 2.1028 29.0826 3.0030 0.0000 -0.0000 391 pedestrian_0016
Pedestrian 1.00 1.00 0 0 0 0 0 0 0 0 -1000.00 -1000.00 -1000.00 -1000.00 1.9158 0.4880 0.7507 -146.8271 1.9491 -288.9135 0.0498 0.0000 -0.0000 392 pedestrian_0005
Pedestrian 1.00 1.00 0 0 0 0 0 0 0 0 -1000.00 -1000.00 -1000.00 -1000.00 1.9158 0.4880 0.4774 152.9933 -8.0517 -214.6960 -2.2606 0.0000 -0.0000 393 pedestrian_0026
Pedestrian 1.00 1.00 0 0 0 0 0 0 0 0 -1000.00 -1000.00 -1000.00 -1000.00 1.9158 0.4880 0.5462 127.3542 1.9181 -78.1184 -0.2089 0.0000 -0.0000 394 pedestrian_0022
Pedestrian 1.00 1.00 0 0 0 0 0 0 0 0 -1000.00 -1000.00 -1000.00 -1000.00 1.1330 0.4333 0.6667 166.1213 -8.0636 -109.2348 1.5741 0.0000 -0.0000 395 pedestrian_0010
Pedestrian 1.00 1.00 0 0 0 0 0 0 0 0 -1000.00 -1000.00 -1000.00 -1000.00 1.9158 0.4880 0.7507 142.2479 1.8948 56.2489 -1.2811 0.0000 -0.0000 396 pedestrian_0006
Pedestrian 1.00 1.00 0 0 0 0 0 0 0 0 -1000.00 -1000.00 -1000.00 -1000.00 1.3390 0.3253 0.5005 -71.9635 1.9414 -47.4735 -1.5244 0.0000 -0.0000 397 pedestrian_0012
Pedestrian 1.00 1.00 0 0 0 0 0 0 0 0 -1000.00 -1000.00 -1000.00 -1000.00 1.1330 0.4333 0.3993 127.2201 1.9355 -147.1513 -1.6473 0.0000 -0.0000 398 pedestrian_0010
Pedestrian 1.00 1.00 2 3 3 0 0 0 0 0 -1000.00 -1000.00 -1000.00 -1000.00 1.9158 0.4880 0.3886 -83.0217 2.1028 27.1659 2.4720 0.0000 -0.0000 399 pedestrian_0007
Pedestrian 1.00 1.00 0 0 0 0 0 0 0 0 -1000.00 -1000.00 -1000.00 -1000.00 1.9158 0.4880 0.6130 185.2561 -7.6580 88.3889 1.9546 0.0000 -0.0000 400 pedestrian_0001
Pedestrian 1.00 1.00 0 0 0 0 0 0 0 0 -1000.00 -1000.00 -1000.00 -1000.00 1.9158 0.4880 0.7507 95.5940 1.9500 -59.0434 -3.0899 0.0000 -0.0000 401 pedestrian_0016
Pedestrian 1.00 1.00 0 0 0 0 0 0 0 0 -1000.00 -1000.00 -1000.00 -1000.00 1.9158 0.4880 0.7507 -271.7684 1.9504 -40.3486 1.5817 0.0000 -0.0000 402 pedestrian_0021
Pedestrian 1.00 1.00 3 5 7 38 1 0 0 0 -1000.00 -1000.00 -1000.00 -1000.00 1.9158 0.4880 0.4829 4.8613 1.8979 -59.8615 -0.2792 0.0000 -0.0000 403 pedestrian_0006
Pedestrian 1.00 1.00 0 0 0 0 0 0 0 0 -1000.00 -1000.00 -1000.00 -1000.00 1.9158 0.4880 0.7507 -55.8683 1.9313 -39.5205 2.0032 0.0000 -0.0000 404 pedestrian_0023
Pedestrian 1.00 1.00 0 0 0 0 0 0 0 0 -1000.00 -1000.00 -1000.00 -1000.00 1.1330 0.4333 0.6103 60.8257 1.9387 -30.3099 -1.5521 0.0000 -0.0000 405 pedestrian_0011
Pedestrian 0.00 0.11 12 14 31 382 0 0 3 0 1255.83 360.77 1270.23 401.68 1.9158 0.4880 0.5293 14.7005 1.9503 26.8246 -3.0164 0.0000 -0.0000 406 pedestrian_0004
Pedestrian 1.00 1.00 0 0 0 0 0 0 0 0 -1000.00 -1000.00 -1000.00 -1000.00 1.9158 0.4880 0.4960 76.7999 2.1023 -171.7351 -3.1195 0.0000 -0.0000 407 pedestrian_0026
Pedestrian 1.00 1.00 0 0 0 0 0 0 0 0 -1000.00 -1000.00 -1000.00 -1000.00 1.3390 0.3253 0.3747 146.7912 2.0937 14.3957 -1.6032 0.0000 -0.0000 408 pedestrian_0013
Pedestrian 1.00 1.00 0 0 0 0 0 0 0 0 -1000.00 -1000.00 -1000.00 -1000.00 1.1330 0.4333 0.4612 -96.3598 2.0911 -155.6425 -1.3881 0.0000 -0.0000 409 pedestrian_0010
Pedestrian 1.00 1.00 0 0 0 0 0 0 0 0 -1000.00 -1000.00 -1000.00 -1000.00 1.9158 0.4880 0.5435 132.5159 1.8954 74.4072 -0.7238 0.0000 -0.0000 410 pedestrian_0020
Pedestrian 1.00 1.00 0 0 0 0 0 0 0 0 -1000.00 -1000.00 -1000.00 -1000.00 1.9158 0.4880 0.7280 -89.0535 2.1026 -85.2479 -2.9710 0.0000 -0.0000 411 pedestrian_0025
Pedestrian 1.00 1.00 0 0 0 0 0 0 0 0 -1000.00 -1000.00 -1000.00 -1000.00 1.1330 0.4333 0.6105 85.1354 2.0912 11.6269 1.3232 0.0000 -0.0000 412 pedestrian_0010
Pedestrian 1.00 1.00 0 0 0 0 0 0 0 0 -1000.00 -1000.00 -1000.00 -1000.00 1.9158 0.4880 0.7507 62.1392 2.1023 -153.5718 -1.6353 0.0000 -0.0000 413 pedestrian_0015
Pedestrian 1.00 1.00 0 0 0 0 0 0 0 0 -1000.00 -1000.00 -1000.00 -1000.00 1.1330 0.4333 0.6667 62.6974 1.9385 -143.5887 -1.5837 0.0000 -0.0000 414 pedestrian_0011
Pedestrian 1.00 1.00 0 0 0 0 0 0 0 0 -1000.00 -1000.00 -1000.00 -1000.00 1.9158 0.4880 0.6240 41.6865 1.9501 -81.0927 -3.1395 0.0000 -0.0000 415 pedestrian_0025
Pedestrian 1.00 1.00 0 0 0 0 0 0 0 0 -1000.00 -1000.00 -1000.00 -1000.00 1.1330 0.4333 0.6311 166.0894 -8.0623 -116.1404 1.5683 0.0000 -0.0000 416 pedestrian_0009
Pedestrian 0.00 1.00 0 0 0 0 0 0 0 0 1364.35 316.97 1369.96 326.86 1.9158 0.4880 0.7507 80.2941 -6.5509 109.3061 -3.1109 0.0000 -0.0000 417 pedestrian_0026
Pedestrian 1.00 1.00 0 0 0 0 0 0 0 0 -1000.00 -1000.00 -1000.00 -1000.00 1.9158 0.4880 0.4520 -271.6182 1.9520 -52.9802 1.5883 0.0000 -0.0000 418 pedestrian_0019
Pedestrian 1.00 1.00 0 0 0 0 0 0 0 0 -1000.00 -1000.00 -1000.00 -1000.00 1.9158 0.4880 0.5547 -91.6971 1.9519 -61.0989 -1.0504 0.0000 -0.0000 419 pedestrian_0018
Pedestrian 1.00 1.00 0 0 0 0 0 0 0 0 -1000.00 -1000.00 -1000.00 -1000.00 1.9158 0.4880 0.5404 -165.6333 1.9501 -288.7011 -0.5113 0.0000 -0.0000 420 pedestrian_0026
Pedestrian 1.00 1.00 0 0 0 0 0 0 0 0 -1000.00 -1000.00 -1000.00 -1000.00 1.9158 0.4880 0.7507 146.5272 1.8945 -93.3417 1.5586 0.0000 -0.0000 421 pedestrian_0005
Pedestrian 1.00 1.00 0 0 0 0 0 0 0 0 -1000.00 -1000.00 -1000.00 -1000.00 1.9158 0.4880 0.7507 57.9403 1.9502 -6.3826 -1.3199 0.0000 -0.0000 422 pedestrian_0021
Pedestrian 1.00 1.00 0 0 0 0 0 0 0 0 -1000.00 -1000.00 -1000.00 -1000.00 1.9158 0.4880 0.5254 88.8702 1.9483 -172.2817 0.2613 0.0000 -0.0000 423 pedestrian_0025
Pedestrian 1.00 1.00 0 0 0 0 0 0 0 0 -1000.00 -1000.00 -1000.00 -1000.00 1.9158 0.4880 0.4405 126.6879 1.8945 -109.6059 1.4933 0.0000 -0.0000 424 pedestrian_0008
Pedestrian 0.00 0.20 12 10 13 522 0 0 3 2 1343.64 360.37 1356.18 396.16 1.9158 0.4880 0.4660 21.3756 1.9483 30.2656 -0.0064 0.0000 -0.0000 425 pedestrian_0018
Pedestrian 1.00 1.00 0 0 0 0 0 0 0 0 -1000.00 -1000.00 -1000.00 -1000.00 1.9158 0.4880 0.7507 -70.8904 1.9495 -123.9351 -3.1297 0.0000 -0.0000 426 pedestrian_0020
Pedestrian 1.00 1.00 0 0 0 0 0 0 0 0 -1000.00 -1000.00 -1000.00 -1000.00 1.3390 0.3253 0.4946 26.9938 1.9415 -171.5244 -3.0832 0.0000 -0.0000 427 pedestrian_0012
Pedestrian 1.00 1.00 0 0 0 0 0 0 0 0 -1000.00 -1000.00 -1000.00 -1000.00 1.1330 0.4333 0.4313 127.3010 1.8856 -88.3829 -1.5309 0.0000 -0.0000 428 pedestrian_0011
Pedestrian 1.00 1.00 0 0 0 0 0 0 0 0 -1000.00 -1000.00 -1000.00 -1000.00 1.9158 0.4880 0.5557 -94.0445 1.9481 -201.6258 1.6292 0.0000 -0.0000 429 pedestrian_0006
Pedestrian 1.00 1.00 0 0 0 0 0 0 0 0 -1000.00 -1000.00 -1000.00 -1000.00 1.9158 0.4880 0.6313 94.9043 1.9502 10.0687 -0.0739 0.0000 -0.0000 430 pedestrian_0021
Pedestrian 1.00 1.00 76 78 128 808 16 0 0 0 -1000.00 -1000.00 -1000.00 -1000.00 1.9158 0.4880 0.7507 5.1513 1.8948 -18.4689 -1.6717 0.0000 -0.0000 431 pedestrian_0026
Pedestrian 0.00 1.00 0 0 0 0 0 0 0 0 1693.00 307.61 1701.07 318.96 1.9158 0.4880 0.7507 129.0209 -7.2162 97.0270 2.4715 0.0000 -0.0000 432 pedestrian_0026
Pedestrian 1.00 1.00 0 0 0 0 0 0 0 0 -1000.00 -1000.00 -1000.00 -1000.00 1.9158 0.4880 0.4464 -72.7975 1.9502 -82.2331 -1.4334 0.0000 -0.0000 433 pedestrian_0002
Pedestrian 1.00 1.00 0 0 0 0 0 0 0 0 -1000.00 -1000.00 -1000.00 -1000.00 1.9158 0.4880 0.4159 146.7651 1.8943 -174.7453 0.5760 0.0000 -0.0000 434 pedestrian_0001
Pedestrian 1.00 1.00 0 0 0 0 0 0 0 0 -1000.00 -1000.00 -1000.00 -1000.00 1.9158 0.4880 0.7507 84.2577 -8.0701 -285.2208 0.0257 0.0000 -0.0000 435 pedestrian_0022
Pedestrian 0.00 1.00 0 0 0 0 0 0 0 0 1717.27 360.47 1733.54 386.24 1.9158 0.4880 0.5229 57.3294 1.9515 41.5176 -1.7319 0.0000 -0.0000 436 pedestrian_0005
Pedestrian 1.00 1.00 0 0 0 0 0 0 0 0 -1000.00 -1000.00 -1000.00 -1000.00 1.3390 0.3253 0.4352 152.8656 1.9416 -58.7811 3.1286 0.0000 -0.0000 437 pedestrian_0013
Pedestrian 1.00 1.00 0 0 0 0 0 0 0 0 -1000.00 -1000.00 -1000.00 -1000.00 1.1330 0.4333 0.5183 -166.6760 1.9385 -287.7413 2.9844 0.0000 -0.0000 438 pedestrian_0011
Pedestrian 0.00 0.22 8 6 10 50 0 0 4 0 1071.78 359.81 1078.90 378.74 1.9158 0.4880 0.6605 11.7573 1.8962 56.4934 -2.1858 0.0000 -0.0000 439 pedestrian_0006
Pedestrian 0.00 1.00 0 0 0 0 0 0 0 0 1385.40 328.24 1388.27 333.51 1.3390 0.3253 0.4934 110.1615 -6.8471 143.0474 2.9388 0.0000 -0.0000 440 pedestrian_0014
Pedestrian 0.00 0.85 0 0 0 47 0 0 0 0 51.98 360.33 64.06 378.72 1.9158 0.4880 0.5004 -94.3975 1.9501 58.0077 -1.6766 0.0000 -0.0000 441 pedestrian_0025
Pedestrian 1.00 1.00 0 0 0 0 0 0 0 0 -1000.00 -1000.00 -1000.00 -1000.00 1.9158 0.4880 0.4931 -219.9331 1.9507 123.1226 0.6963 0.0000 -0.0000 442 pedestrian_0003
Pedestrian 1.00 1.00 0 0 0 0 0 0 0 0 -1000.00 -1000.00 -1000.00 -1000.00 1.9158 0.4880 0.7507 80.9740 2.1024 -82.7516 0.1657 0.0000 -0.0000 443 pedestrian_0024
Pedestrian 1.00 1.00 0 1 3 4 0 0 0 0 -1000.00 -1000.00 -1000.00 -1000.00 1.9158 0.4880 0.5138 7.7654 1.8929 -149.0570 1.6843 0.0000 -0.0000 444 pedestrian_0007
Pedestrian 1.00 1.00 0 0 0 0 0 0 0 0 -1000.00 -1000.00 -1000.00 -1000.00 1.9158 0.4880 0.4108 -116.8904 1.9529 -62.7381 0.0463 0.0000 -0.0000 445 pedestrian_0023
Pedestrian 1.00 1.00 0 0 0 0 0 0 0 0 -1000.00 -1000.00 -1000.00 -1000.00 1.9158 0.4880 0.5401 -272.0927 1.9505 3.4609 1.5402 0.0000 -0.0000 446 pedestrian_0026
Pedestrian 1.00 1.00 0 0 0 0 0 0 0 0 -1000.00 -1000.00 -1000.00 -1000.00 1.1330 0.4333 0.4888 164.9910 -8.0589 -31.8950 -1.5860 0.0000 -0.0000 447 pedestrian_0009
Pedestrian 1.00 1.00 0 0 0 0 0 0 0 0 -1000.00 -1000.00 -1000.00 -1000.00 1.9158 0.4880 0.7507 12.1392 -5.3709 -250.8359 0.0212 0.0000 -0.0000 448 pedestrian_0015
Pedestrian 1.00 1.00 0 0 0 0 0 0 0 0 -1000.00 -1000.00 -1000.00 -1000.00 1.9158 0.4880 0.3940 156.1949 1.9500 -76.9183 3.0430 0.0000 -0.0000 449 pedestrian_0017
Pedestrian 1.00 1.00 0 0 0 2 0 0 0 0 -1000.00 -1000.00 -1000.00 -1000.00 1.9158 0.4880 0.4569 9.7780 2.1026 -164.3193 1.4647 0.0000 -0.0000 450 pedestrian_0023
Pedestrian 1.00 1.00 0 0 0 8 0 0 0 0 -1000.00 -1000.00 -1000.00 -1000.00 1.9158 0.4880 0.7507 3.1470 2.0625 -80.2115 0.0421 0.0000 -0.0000 451 pedestrian_0001
Pedestrian 0.00 0.92 0 0 0 10 0 0 0 0 7.43 360.01 21.80 377.22 1.9158 0.4880 0.7483 -105.6844 1.9169 61.9622 -3.1087 0.0000 -0.0000 452 pedestrian_0017
Pedestrian 1.00 1.00 0 0 0 0 0 0 0 0 -1000.00 -1000.00 -1000.00 -1000.00 1.1330 0.4333 0.6342 82.1450 2.0911 -58.9489 3.0893 0.0000 -0.0000 453 pedestrian_0011
Pedestrian 1.00 1.00 0 0 0 0 0 0 0 0 -1000.00 -1000.00 -1000.00 -1000.00 1.9158 0.4880 0.7130 -269.9030 1.9528 -149.9531 1.5775 0.0000 -0.0000 454 pedestrian_0018
Pedestrian 1.00 1.00 0 0 0 0 0 0 0 0 -1000.00 -1000.00 -1000.00 -1000.00 1.9158 0.4880 0.6883 96.7840 1.8946 -219.2981 -0.0485 0.0000 -0.0000 455 pedestrian_0021
Pedestrian 1.00 1.00 0 0 0 0 0 0 0 0 -1000.00 -1000.00 -1000.00 -1000.00 1.9158 0.4880 0.5028 207.7797 1.9503 -22.2474 -1.5330 0.0000 -0.0000 456 pedestrian_0007
Pedestrian 1.00 1.00 0 0 0 0 0 0 0 0 -1000.00 -1000.00 -1000.00 -1000.00 1.9158 0.4880 0.7310 57.9218 1.9502 9.1798 -1.5671 0.0000 -0.0000 457 pedestrian_0021
Pedestrian 1.00 1.00 0 0 0 0 0 0 0 0 -1000.00 -1000.00 -1000.00 -1000.00 1.9158 0.4880 0.4176 162.5008 -7.8538 48.5641 1.6739 0.0000 -0.0000 458 pedestrian_0019
Pedestrian 0.00 1.00 0 0 0 0 0 0 0 0 118.41 363.35 122.75 368.10 1.1330 0.4333 0.3937 -201.4260 1.9393 132.9986 -2.7859 0.0000 -0.0000 459 pedestrian_0009
Pedestrian 0.00 1.00 0 0 0 0 0 0 0 0 276.49 360.14 281.44 367.65 1.9158 0.4880 0.6314 -173.9902 1.9507 141.6022 -2.9093 0.0000 -0.0000 460 pedestrian_0004
Pedestrian 1.00 1.00 0 0 0 0 0 0 0 0 -1000.00 -1000.00 -1000.00 -1000.00 1.3390 0.3253 0.4371 -92.6907 1.9450 -98.1941 1.5766 0.0000 -0.0000 461 pedestrian_0012
Pedestrian 1.00 1.00 0 0 0 0 0 0 0 0 -1000.00 -1000.00 -1000.00 -1000.00 1.9158 0.4880 0.6073 -164.0547 1.9502 -105.4697 1.5712 0.0000 -0.0000 462 pedestrian_0006
Pedestrian 1.00 1.00 0 0 0 0 0 0 0 0 -1000.00 -1000.00 -1000.00 -1000.00 1.1330 0.4333 0.6667 40.3518 1.9387 -78.0482 0.0131 0.0000 -0.0000 463 pedestrian_0009
Pedestrian 1.00 1.00 0 0 0 0 0 0 0 0 -1000.00 -1000.00 -1000.00 -1000.00 1.3390 0.3253 0.5005 -144.7926 1.9418 -106.4567 -1.5312 0.0000 -0.0000 464 pedestrian_0014
Pedestrian 1.00 1.00 0 0 0 0 0 0 0 0 -1000.00 -1000.00 -1000.00 -1000.00 1.1330 0.4333 0.6667 -93.0771 1.9389 -24.4561 -1.5788 0.0000 -0.0000 465 pedestrian_0010
Pedestrian 1.00 1.00 0 0 0 0 0 0 0 0 -1000.00 -1000.00 -1000.00 -1000.00 1.9158 0.4880 0.7404 -94.2184 2.1026 -79.9361 1.9628 0.0000 -0.0000 466 pedestrian_0017
Pedestrian 0.00 0.01 155 162 289 3984 0 0 57 0 1088.78 369.45 1134.84 513.55 1.9158 0.4880 0.5192 2.1014 2.0472 7.6840 2.8918 0.0000 -0.0000 467 pedestrian_0004
Pedestrian 1.00 1.00 0 0 0 17 0 0 0 0 -1000.00 -1000.00 -1000.00 -1000.00 1.9158 0.4880 0.5951 94.1990 1.9499 30.2112 3.1149 0.0000 -0.0000 468 pedestrian_0021
Pedestrian 1.00 1.00 0 0 0 32 0 0 0 0 -1000.00 -1000.00 -1000.00 -1000.00 1.3390 0.3253 0.4424 13.2270 1.8914 -51.3626 -0.9054 0.0000 -0.0000 469 pedestrian_0013
Pedestrian 1.00 1.00 0 0 0 0 0 0 0 0 -1000.00 -1000.00 -1000.00 -1000.00 1.9158 0.4880 0.7507 88.7962 1.9498 -181.7525 1.4993 0.0000 -0.0000 470 pedestrian_0001
Pedestrian 1.00 1.00 0 0 0 0 0 0 0 0 -1000.00 -1000.00 -1000.00 -1000.00 1.9158 0.4880 0.7507 36.9098 1.9501 -59.9781 0.0097 0.0000 -0.0000 471 pedestrian_0015
Pedestrian 0.00 1.00 0 0 0 0 0 0 0 0 290.19 360.14 294.27 367.66 1.9158 0.4880 0.4716 -170.5064 1.9507 141.5227 0.2780 0.0000 -0.0000 472 pedestrian_0024
Pedestrian 1.00 1.00 0 0 0 0 0 0 0 0 -1000.00 -1000.00 -1000.00 -1000.00 1.3390 0.3253 0.3471 -74.7858 1.9433 -218.7236 1.5597 0.0000 -0.0000 473 pedestrian_0013
Pedestrian 1.00 1.00 0 0 0 0 0 0 0 0 -1000.00 -1000.00 -1000.00 -1000.00 1.9158 0.4880 0.6095 -75.7289 1.9499 -288.8780 0.0458 0.0000 -0.0000 474 pedestrian_0018
Pedestrian 1.00 1.00 0 0 0 0 0 0 0 0 -1000.00 -1000.00 -1000.00 -1000.00 1.3390 0.3253 0.4906 67.9621 2.0939 -172.9022 3.1377 0.0000 -0.0000 475 pedestrian_0012
Pedestrian 0.00 1.00 0 0 0 0 0 0 0 0 326.31 360.24 334.40 373.06 1.9158 0.4880 0.6374 -94.4333 1.9514 83.1287 -1.6063 0.0000 -0.0000 476 pedestrian_0026
Pedestrian 1.00 1.00 0 0 0 0 0 0 0 0 -1000.00 -1000.00 -1000.00 -1000.00 1.9158 0.4880 0.5134 -88.1113 1.9499 -288.1565 0.0511 0.0000 -0.0000 477 pedestrian_0016
Pedestrian 1.00 1.00 0 0 0 0 0 0 0 0 -1000.00 -1000.00 -1000.00 -1000.00 1.9158 0.4880 0.7507 62.1832 1.9500 -130.5479 -1.5670 0.0000 -0.0000 478 pedestrian_0006
Pedestrian 1.00 1.00 0 0 0 0 0 0 0 0 -1000.00 -1000.00 -1000.00 -1000.00 1.9158 0.4880 0.6065 -111.7853 1.9498 -288.7660 -3.1372 0.0000 -0.0000 479 pedestrian_0001
Pedestrian 0.00 1.00 0 0 0 0 0 0 0 0 1707.78 360.32 1721.73 378.11 1.9158 0.4880 0.7507 81.8016 1.9503 60.0745 1.6353 0.0000 -0.0000 480 pedestrian_0021
Car 1.00 1.00 0 0 0 0 0 0 0 0 -1000.00 -1000.00 -1000.00 -1000.00 1.6980 1.9434 4.1871 17.8163 1.9850 -136.4914 -1.5556 0.0000 -0.0000 481 citroen_c3
Car 1.00 1.00 0 0 0 0 0 0 0 0 -1000.00 -1000.00 -1000.00 -1000.00 1.9718 2.0005 4.0595 18.4247 1.9505 -125.4402 -1.5556 0.0000 -0.0000 482 jeep_wrangler_rubicon
Car 1.00 1.00 0 0 0 0 0 0 0 0 -1000.00 -1000.00 -1000.00 -1000.00 1.9718 2.0005 4.0595 48.9311 1.9855 -135.4218 1.5860 0.0000 -0.0000 483 jeep_wrangler_rubicon
Car 1.00 1.00 0 0 0 0 0 0 0 0 -1000.00 -1000.00 -1000.00 -1000.00 1.9718 2.0005 4.0595 15.4838 1.9505 -125.4849 -1.5556 0.0000 -0.0000 484 jeep_wrangler_rubicon
Car 1.00 1.00 0 0 0 0 0 0 0 0 -1000.00 -1000.00 -1000.00 -1000.00 1.9718 2.0005 4.0595 -62.7673 1.9929 -113.6408 0.0152 0.0000 -0.0000 485 nissan_patrol
Car 1.00 1.00 0 0 0 0 0 0 0 0 -1000.00 -1000.00 -1000.00 -1000.00 1.5488 2.0688 3.9961 -62.7374 2.0206 -116.5359 -3.1264 0.0000 -0.0000 486 nissan_patrol
Car 1.00 1.00 0 0 0 0 0 0 0 0 -1000.00 -1000.00 -1000.00 -1000.00 1.4855 2.1349 -5.6254 -56.6026 1.9826 -96.6445 -3.1264 0.0000 -0.0000 487 nissan_patrol
Car 1.00 1.00 0 0 0 0 0 0 0 0 -1000.00 -1000.00 -1000.00 -1000.00 1.6244 1.8781 -3.8906 -56.3451 1.9687 -113.5420 0.0152 0.0000 -0.0000 488 nissan_patrol
Car 1.00 1.00 0 0 0 19 0 0 0 0 -1000.00 -1000.00 -1000.00 -1000.00 1.7506 2.3538 -4.8416 -39.2216 2.0495 -90.7620 0.0152 0.0000 -0.0000 489 nissan_patrol
Car 1.00 1.00 8 20 22 106 4 0 0 0 -1000.00 -1000.00 -1000.00 -1000.00 1.9718 2.0005 -4.0595 -39.0432 1.9929 -105.0589 -3.1264 0.0000 -0.0000 490 nissan_patrol
Car 1.00 1.00 0 0 0 0 0 0 0 0 -1000.00 -1000.00 -1000.00 -1000.00 1.9476 2.0282 4.8347 -63.0677 1.9780 -91.1249 -3.1264 0.0000 -0.0000 491 nissan_patrol
Car 1.00 1.00 0 0 0 0 0 0 0 0 -1000.00 -1000.00 -1000.00 -1000.00 1.9718 2.0005 4.0595 -63.0813 1.9929 -94.0196 -3.1264 0.0000 -0.0000 492 nissan_patrol
Car 1.00 1.00 0 0 0 0 0 0 0 0 -1000.00 -1000.00 -1000.00 -1000.00 1.6244 1.8781 3.8906 -45.6203 1.9687 -93.7548 0.0152 0.0000 -0.0000 493 nissan_patrol
Car 1.00 1.00 0 0 0 0 0 0 0 0 -1000.00 -1000.00 -1000.00 -1000.00 1.5488 2.0688 3.9961 -45.5777 2.0207 -96.4784 -3.1264 0.0000 -0.0000 494 nissan_patrol
Car 1.00 1.00 0 0 0 4 0 0 0 0 -1000.00 -1000.00 -1000.00 -1000.00 2.1397 2.1728 4.7017 -45.4222 1.9794 -105.1570 -3.1264 0.0000 -0.0000 495 nissan_patrol
Car 1.00 1.00 6 5 12 62 0 0 0 0 -1000.00 -1000.00 -1000.00 -1000.00 1.9476 2.0282 4.8347 -45.2492 1.9779 -113.3729 -3.1264 0.0000 -0.0000 496 nissan_patrol
Car 1.00 1.00 0 0 1 6 0 0 0 0 -1000.00 -1000.00 -1000.00 -1000.00 1.5100 1.8730 4.1000 -45.2724 1.9696 -116.2700 -3.1264 0.0000 -0.0000 497 nissan_patrol
Car 1.00 1.00 6 9 18 71 2 0 0 0 -1000.00 -1000.00 -1000.00 -1000.00 1.5488 2.0688 3.9961 -30.3959 2.0206 -102.0329 0.0152 0.0000 -0.0000 498 nissan_patrol
Car 1.00 1.00 0 0 0 3 0 0 0 0 -1000.00 -1000.00 -1000.00 -1000.00 1.5100 1.8730 4.1000 -30.3558 1.9696 -104.9277 0.0152 0.0000 -0.0000 499 nissan_patrol
Car 1.00 1.00 0 0 0 0 0 0 0 0 -1000.00 -1000.00 -1000.00 -1000.00 1.9476 2.0282 4.8347 -30.2676 1.9779 -107.6101 -3.1264 0.0000 -0.0000 500 nissan_patrol
Car 1.00 1.00 20 19 28 142 4 0 0 0 -1000.00 -1000.00 -1000.00 -1000.00 2.1397 2.1728 -4.7017 -24.1782 1.9795 -90.5330 -3.1264 0.0000 -0.0000 501 nissan_patrol
Car 1.00 1.00 4 6 9 35 0 0 0 0 -1000.00 -1000.00 -1000.00 -1000.00 1.9476 2.0282 -4.8347 -24.0673 1.9779 -93.4269 0.0152 0.0000 -0.0000 502 nissan_patrol
Car 1.00 1.00 15 16 26 94 6 0 0 0 -1000.00 -1000.00 -1000.00 -1000.00 1.6244 1.8781 -3.8906 -23.8814 1.9686 -110.4084 -3.1264 0.0000 -0.0000 503 nissan_patrol
Car 1.00 1.00 5 2 7 24 0 0 0 0 -1000.00 -1000.00 -1000.00 -1000.00 1.7506 2.3538 -4.8416 -23.8655 2.0494 -113.0476 -3.1264 0.0000 -0.0000 504 nissan_patrol
Car 1.00 1.00 0 0 0 0 0 0 0 0 -1000.00 -1000.00 -1000.00 -1000.00 1.9476 2.0282 4.8347 22.3042 1.9414 -137.0920 1.5860 0.0000 -0.0000 505 nissan_patrol
Car 1.00 1.00 0 0 0 0 0 0 0 0 -1000.00 -1000.00 -1000.00 -1000.00 1.5475 1.9070 4.4025 46.1264 1.9629 -135.0633 1.5860 0.0000 -0.0000 506 seat_leon
Car 1.00 1.00 0 0 0 0 0 0 0 0 -1000.00 -1000.00 -1000.00 -1000.00 2.5908 2.7453 5.4640 31.6946 1.9999 -136.8858 1.5860 0.0000 -0.0000 507 carlamotors_carlacola
Car 1.00 1.00 0 0 0 0 0 0 0 0 -1000.00 -1000.00 -1000.00 -1000.00 2.5908 2.7453 5.4640 116.0604 2.0212 -145.3610 -1.5556 0.0000 -0.0000 508 carlamotors_carlacola
Car 1.00 1.00 0 0 0 0 0 0 0 0 -1000.00 -1000.00 -1000.00 -1000.00 2.5908 2.7453 5.4640 119.5486 2.0212 -145.3079 -1.5556 0.0000 -0.0000 509 carlamotors_carlacola
Car 1.00 1.00 0 0 0 0 0 0 0 0 -1000.00 -1000.00 -1000.00 -1000.00 2.5908 2.7453 5.4640 113.9942 1.8991 -117.1504 -3.1264 0.0000 -0.0000 510 carlamotors_carlacola
Car 1.00 1.00 0 0 0 0 0 0 0 0 -1000.00 -1000.00 -1000.00 -1000.00 2.5908 2.7453 5.4640 27.3842 1.9999 -136.9514 1.5860 0.0000 -0.0000 511 carlamotors_carlacola
Car 1.00 1.00 0 0 0 0 0 0 0 0 -1000.00 -1000.00 -1000.00 -1000.00 2.2031 2.5091 6.5872 53.8192 2.0111 -26.3733 1.0624 0.0000 -0.0000 512 tesla_cybertruck