Car 1.00 1.00 0 0 0 0 0 0 0 0 -1000.00 -1000.00 -1000.00 -1000.00 1.5542 2.3421 5.1370 -106.8724 2.1340 -275.7925 -0.1596 0.0000 0.0000 0 lincoln2020_mkz2020
Car 1.00 1.00 6709 237648 379815 0 0 0 0 0 -1000.00 -1000.00 -1000.00 -1000.00 2.1397 2.1728 4.7045 -0.0005 2.0932 -2.2389 1.5708 0.0000 0.0000 1 volkswagen_t2
Motorcycle 1.00 1.00 0 0 0 0 0 0 0 0 -1000.00 -1000.00 -1000.00 -1000.00 1.6960 1.0692 2.4735 -108.3841 2.1236 -260.4214 -3.0900 0.0039 0.0069 2 harley_davidson_low_rider
Motorcycle 1.00 1.00 0 0 0 0 0 0 0 0 -1000.00 -1000.00 -1000.00 -1000.00 1.6960 1.0692 2.4735 -217.0576 2.1237 -260.4184 -0.6495 0.0046 -0.0030 3 harley_davidson_low_rider
Car 1.00 1.00 0 0 0 0 0 0 0 0 -1000.00 -1000.00 -1000.00 -1000.00 1.6320 2.1403 5.2230 125.0033 2.1466 -63.2789 -3.1222 -0.0027 -0.0000 4 dodge_charger_police
Car 1.00 1.00 0 0 0 0 0 0 0 0 -1000.00 -1000.00 -1000.00 -1000.00 1.5542 2.3421 5.1370 -245.2602 2.1345 -141.4045 1.5831 -0.0015 -0.0007 5 lincoln2020_mkz2020
Car 0.00 1.00 0 0 0 0 0 0 0 0 1736.08 312.33 1781.65 321.78 1.4546 2.0938 4.3903 147.0235 -7.1621 102.0799 -0.7189 -0.0107 -0.0029 6 audi_tt
Car 1.00 1.00 0 0 1 0 0 0 0 0 -1000.00 -1000.00 -1000.00 -1000.00 1.4477 1.5550 2.3177 -18.0360 2.1404 -163.3895 0.0060 -0.0135 0.0000 7 bmw_isetta
Car 1.00 1.00 0 0 4 0 0 0 0 0 -1000.00 -1000.00 -1000.00 -1000.00 1.7173 2.2591 5.2781 168.1087 -7.4726 76.0928 -1.0876 -0.0155 -0.0072 8 mercedes_benz_coupe
Car 0.00 0.01 492 527 856 9613 0 0 92 0 583.00 379.00 763.02 424.30 1.4812 2.1349 5.6254 -9.6006 2.1190 18.9318 0.5103 0.0015 -0.0029 9 chevrolet_impala
Car 1.00 1.00 0 4 7 33 0 0 0 0 -1000.00 -1000.00 -1000.00 -1000.00 1.6115 2.2019 5.2564 133.2730 2.0808 38.6142 -1.5250 -0.0001 0.0006 10 charger2020_charger2020
Car 1.00 1.00 0 0 0 0 0 0 0 0 -1000.00 -1000.00 -1000.00 -1000.00 2.2031 2.5091 6.5872 132.4989 2.0955 -143.7145 -1.5561 -0.0000 0.0000 11 tesla_cybertruck
Car 1.00 1.00 0 0 0 0 0 0 0 0 -1000.00 -1000.00 -1000.00 -1000.00 1.5140 2.1024 4.9073 -80.9260 2.1345 -97.9256 1.5238 0.0001 -0.0000 12 mercedesccc_mercedesccc
Car 1.00 1.00 0 0 0 0 0 0 0 0 -1000.00 -1000.00 -1000.00 -1000.00 1.6980 1.9434 4.1871 153.8147 2.1443 -154.0202 3.1371 -0.0000 0.0000 13 citroen_c3
Car 1.00 1.00 0 0 0 0 0 0 0 0 -1000.00 -1000.00 -1000.00 -1000.00 1.4812 2.1349 5.6254 91.8059 2.1426 -63.8432 -3.1242 -0.0000 0.0000 14 chevrolet_impala
Car 1.00 1.00 0 0 0 0 0 0 0 0 -1000.00 -1000.00 -1000.00 -1000.00 1.6320 2.1403 5.2230 132.3949 2.0934 -136.5075 -1.5474 -0.0043 0.0000 15 dodge_charger_police
Car 1.00 1.00 0 9 13 49 3 0 0 0 -1000.00 -1000.00 -1000.00 -1000.00 1.5863 2.2347 5.1468 -8.0172 2.1221 -166.7283 0.0132 0.0001 -0.0027 16 lincoln_mkz2017
Car 0.00 0.97 0 0 0 23 0 0 0 0 464.68 361.93 497.51 370.15 1.7318 2.1344 5.0985 -101.9180 2.1496 117.9832 0.0148 0.0086 -0.0002 17 audi_etron
Car 1.00 1.00 0 2 3 0 0 0 0 0 -1000.00 -1000.00 -1000.00 -1000.00 1.7506 2.3538 4.8416 -18.5095 2.1310 -166.8755 0.0141 0.0018 -0.0000 18 bmw_grandtourer
Car 0.54 0.66 23 24 33 1419 0 0 0 1 1861.72 367.63 1920.00 392.83 1.5765 1.9374 3.8150 65.4803 2.1225 37.7456 -1.5705 0.0000 -0.0000 19 nissan_micra
Motorcycle 1.00 1.00 7 9 13 45 2 0 0 0 -1000.00 -1000.00 -1000.00 -1000.00 1.6960 1.0692 2.4735 -20.8920 2.1240 -76.3334 0.0168 0.0037 -0.0000 20 harley_davidson_low_rider
Car 1.00 1.00 0 0 0 0 0 0 0 0 -1000.00 -1000.00 -1000.00 -1000.00 1.5765 1.9374 3.8150 -78.5048 2.1221 -186.6483 1.5594 0.0001 -0.0000 21 nissan_micra
Car 1.00 1.00 0 0 0 0 0 0 0 0 -1000.00 -1000.00 -1000.00 -1000.00 1.7203 2.2019 5.4994 133.0175 2.1137 -67.1662 0.6061 -0.0003 0.0009 22 chargercop2020_chargercop2020
Car 1.00 1.00 19 23 39 168 11 0 0 0 -1000.00 -1000.00 -1000.00 -1000.00 1.5475 1.9070 4.4025 -9.9508 2.1080 -71.1305 0.3827 -0.0007 0.0006 23 seat_leon
Car 1.00 1.00 0 0 0 0 0 0 0 0 -1000.00 -1000.00 -1000.00 -1000.00 1.3660 1.9896 4.9534 -85.7546 2.1340 -205.9325 -1.5630 -0.0000 -0.0000 24 mustang_mustang
Cyclist 1.00 1.00 0 1 1 8 0 0 0 0 -1000.00 -1000.00 -1000.00 -1000.00 1.9709 0.6705 1.7250 -86.4260 2.1228 36.9333 -1.5561 0.0050 0.0000 25 diamondback_century
Cyclist 1.00 1.00 4 5 10 37 0 0 0 0 -1000.00 -1000.00 -1000.00 -1000.00 1.7065 0.8593 1.4873 -68.0905 2.0923 22.4120 -3.1401 -0.0000 0.0000 26 bh_crossbike
Car 1.00 1.00 0 0 0 0 0 0 0 0 -1000.00 -1000.00 -1000.00 -1000.00 2.1397 2.1728 4.7045 -64.0844 2.1485 -66.5987 -3.1230 0.0000 0.0000 27 volkswagen_t2
Car 0.00 1.00 0 0 0 0 0 0 0 0 358.82 361.06 398.93 374.05 1.9718 2.0005 4.0595 -90.5365 2.1398 86.4204 -1.5695 0.0004 -0.0001 28 jeep_wrangler_rubicon
Car 1.00 1.00 6 10 17 137 0 0 0 1 -1000.00 -1000.00 -1000.00 -1000.00 1.5627 2.2716 5.0314 54.6979 2.1406 13.6396 0.0183 -0.0005 -0.0000 29 tesla_model3
Car 1.00 1.00 0 0 0 0 0 0 0 0 -1000.00 -1000.00 -1000.00 -1000.00 1.4546 2.0938 4.3903 76.4099 2.1418 -182.3236 1.5792 0.0000 -0.0000 30 audi_tt
Car 1.00 1.00 0 0 0 0 0 0 0 0 -1000.00 -1000.00 -1000.00 -1000.00 1.5488 2.0688 3.9961 138.7052 2.0795 -92.2997 1.5876 0.0000 -0.0000 31 mini_cooperst
Car 1.00 1.00 0 0 0 0 0 0 0 0 -1000.00 -1000.00 -1000.00 -1000.00 1.6011 2.1072 4.7392 73.3979 2.1364 -3.6643 1.5950 -0.0000 -0.0000 32 toyota_prius
Car 1.00 1.00 0 0 0 0 0 0 0 0 -1000.00 -1000.00 -1000.00 -1000.00 2.1397 2.1728 4.7045 -156.5096 2.1483 -61.4287 -1.5487 0.0007 0.0005 33 volkswagen_t2
Car 0.00 1.00 0 0 0 0 0 0 0 0 530.97 362.27 552.99 369.62 1.6011 2.1072 4.7392 -94.8566 2.1367 125.7661 2.6752 -0.0001 0.0047 34 toyota_prius
Car 1.00 1.00 0 0 0 0 0 0 0 0 -1000.00 -1000.00 -1000.00 -1000.00 1.3660 1.9896 4.9534 77.2352 2.1342 -17.5452 1.5744 -0.0000 -0.0000 35 mustang_mustang
Car 1.00 1.00 0 0 0 0 0 0 0 0 -1000.00 -1000.00 -1000.00 -1000.00 1.6011 2.1072 4.7392 147.8866 2.1364 21.9820 -3.1088 -0.0000 -0.0000 36 toyota_prius
Car 1.00 1.00 7 11 25 88 22 0 0 0 -1000.00 -1000.00 -1000.00 -1000.00 1.7506 2.3538 4.8416 -1.8145 2.0765 -91.7182 1.5920 0.0000 -0.0000 37 bmw_grandtourer
Car 1.00 1.00 0 0 0 0 0 0 0 0 -1000.00 -1000.00 -1000.00 -1000.00 2.2031 2.5091 6.5872 139.0124 2.1275 -158.0123 3.1085 -0.0020 0.0027 38 tesla_cybertruck
Motorcycle 1.00 1.00 0 0 0 0 0 0 0 0 -1000.00 -1000.00 -1000.00 -1000.00 1.6387 1.2138 2.3199 137.2365 2.0900 2.7235 1.5854 -0.0000 0.0000 39 yamaha_yzf
Car 1.00 1.00 0 0 0 0 0 0 0 0 -1000.00 -1000.00 -1000.00 -1000.00 1.9476 2.0282 4.8347 -77.3439 2.1238 -92.1524 1.5597 -0.0004 0.0000 40 nissan_patrol
Car 1.00 1.00 1 4 6 22 7 0 0 0 -1000.00 -1000.00 -1000.00 -1000.00 1.6115 2.2019 5.2564 -1.5392 2.0807 -98.1079 1.6386 -0.0001 0.0006 41 charger2020_charger2020
Car 1.00 1.00 0 0 0 0 0 0 0 0 -1000.00 -1000.00 -1000.00 -1000.00 1.6115 2.2019 5.2564 106.2480 2.1359 -165.2472 -0.0967 -0.0027 0.0010 42 charger2020_charger2020
Motorcycle 0.00 1.00 0 0 0 0 0 0 0 0 1572.75 362.74 1598.04 374.15 1.6649 1.0692 2.4735 91.9415 2.0682 81.4920 3.1220 0.0030 0.0000 43 harley_davidson_low_rider
Car 1.00 1.00 0 0 0 0 0 0 0 0 -1000.00 -1000.00 -1000.00 -1000.00 1.5542 2.3421 5.1370 -98.3107 2.1340 -274.1236 0.6396 0.0000 0.0000 44 lincoln2020_mkz2020
Motorcycle 1.00 1.00 0 0 0 0 0 0 0 0 -1000.00 -1000.00 -1000.00 -1000.00 1.6960 1.0692 2.4735 77.0884 2.1239 -12.2719 1.5873 0.0030 0.0000 45 harley_davidson_low_rider
Cyclist 1.00 1.00 0 0 0 0 0 0 0 0 -1000.00 -1000.00 -1000.00 -1000.00 1.9310 0.5921 1.9272 68.6804 2.1137 -159.8980 0.5022 -0.0028 -0.0109 46 gazelle_omafiets
Car 0.28 0.00 2867 3168 4970 208364 0 0 1630 0 748.00 418.57 1179.00 719.00 1.7318 2.1344 5.0985 0.0226 2.0957 4.2206 1.5672 -0.0000 -0.0000 47 audi_etron
Car 1.00 1.00 0 0 0 0 0 0 0 0 -1000.00 -1000.00 -1000.00 -1000.00 1.9476 2.0282 4.8347 130.5897 2.0655 -7.6673 -1.5863 0.0096 0.0002 48 nissan_patrol
Car 0.00 0.00 436 484 778 29859 0 100 79 0 296.00 374.85 520.36 435.00 1.7203 2.2019 5.4994 -16.0052 2.1282 16.3068 0.0903 -0.0066 -0.0031 49 chargercop2020_chargercop2020
Car 1.00 1.00 0 0 0 0 0 0 0 0 -1000.00 -1000.00 -1000.00 -1000.00 1.6244 1.8781 3.8906 -154.4357 2.1330 -79.8082 1.9352 -0.0006 -0.0011 50 audi_a2
Car 1.00 1.00 0 0 0 0 0 0 0 0 -1000.00 -1000.00 -1000.00 -1000.00 1.5863 2.2347 5.1468 -26.7188 2.1365 -167.1247 -0.0682 0.0000 0.0003 51 lincoln_mkz2017
Cyclist 1.00 1.00 4 3 4 26 0 1 0 0 -1000.00 -1000.00 -1000.00 -1000.00 1.9709 0.6705 1.7250 -94.4125 2.1230 23.0421 -2.7639 0.0068 0.0155 52 diamondback_century
Cyclist 1.00 1.00 4 7 9 35 0 0 0 0 -1000.00 -1000.00 -1000.00 -1000.00 1.9311 0.5921 1.9272 -19.3547 2.1139 -72.8017 0.0174 -0.0036 0.0000 53 gazelle_omafiets
Car 1.00 1.00 0 0 0 0 0 0 0 0 -1000.00 -1000.00 -1000.00 -1000.00 1.7173 2.2591 5.2781 142.0839 2.0956 -84.5900 1.5864 -0.0071 -0.0002 54 mercedes_benz_coupe
Car 1.00 1.00 0 0 0 0 0 0 0 0 -1000.00 -1000.00 -1000.00 -1000.00 1.5542 2.3421 5.1370 60.8342 2.0788 -212.7511 0.1076 0.0003 -0.0005 55 lincoln2020_mkz2020
Car 1.00 1.00 0 0 0 0 0 0 0 0 -1000.00 -1000.00 -1000.00 -1000.00 1.7506 2.3538 4.8416 20.3895 2.1318 -159.2990 3.1295 -0.0000 -0.0000 56 bmw_grandtourer
Car 1.00 1.00 0 0 0 0 0 0 0 0 -1000.00 -1000.00 -1000.00 -1000.00 1.4546 2.0938 4.3903 75.6671 2.1420 -93.3887 1.5790 0.0000 -0.0000 57 audi_tt
Car 1.00 1.00 0 0 0 0 0 0 0 0 -1000.00 -1000.00 -1000.00 -1000.00 1.7173 2.2591 5.2781 -80.8491 2.1513 -91.5836 1.5609 -0.0071 -0.0002 58 mercedes_benz_coupe
Car 1.00 1.00 0 0 0 0 0 0 0 0 -1000.00 -1000.00 -1000.00 -1000.00 1.5542 2.3421 5.1370 52.2228 2.1336 -75.0549 0.0170 0.0029 -0.0000 59 lincoln2020_mkz2020
Car 0.37 1.00 0 0 0 0 0 0 0 0 1867.60 359.36 1920.00 377.61 2.1397 2.1728 4.7045 117.7988 2.0922 68.9063 -0.5388 0.0021 -0.0142 60 volkswagen_t2
Car 1.00 1.00 0 0 0 0 0 0 0 0 -1000.00 -1000.00 -1000.00 -1000.00 1.7506 2.3538 4.8416 135.1078 2.0810 26.8349 -1.3700 -0.0035 0.0047 61 bmw_grandtourer
Car 1.00 1.00 0 0 0 0 0 0 0 0 -1000.00 -1000.00 -1000.00 -1000.00 1.6320 2.1403 5.2230 96.5525 2.0933 -205.9409 -3.1406 -0.0043 0.0000 62 dodge_charger_police
Car 1.00 1.00 3 2 2 2 3 0 0 0 -1000.00 -1000.00 -1000.00 -1000.00 1.6980 1.9434 4.1871 2.0172 2.0891 -107.5599 1.5916 -0.0000 0.0000 63 citroen_c3
Car 1.00 1.00 0 0 0 0 0 0 0 0 -1000.00 -1000.00 -1000.00 -1000.00 1.4812 2.1349 5.6254 59.8258 2.1426 -162.2917 0.0166 -0.0001 0.0006 64 chevrolet_impala
Car 1.00 0.00 1847 2059 3302 24345 0 280 7 0 0.00 442.89 41.88 527.00 1.6115 2.2019 5.2564 -10.6211 2.0808 3.8434 -1.3423 -0.0017 -0.0023 65 charger2020_charger2020
Car 1.00 1.00 0 0 0 0 0 0 0 0 -1000.00 -1000.00 -1000.00 -1000.00 1.3660 1.9896 4.9534 117.1937 2.1343 14.5289 -0.0926 -0.0000 -0.0000 66 mustang_mustang
Motorcycle 1.00 1.00 0 0 0 0 0 0 0 0 -1000.00 -1000.00 -1000.00 -1000.00 1.5852 1.1236 2.1350 77.0046 2.0998 -8.0056 1.5944 -0.0000 -0.0000 67 kawasaki_ninja
Car 1.00 1.00 0 0 0 0 0 0 0 0 -1000.00 -1000.00 -1000.00 -1000.00 1.5488 2.0688 3.9961 -208.5317 2.0966 -45.6352 -1.5564 -0.0000 -0.0000 68 mini_cooperst
Car 1.00 1.00 0 0 0 0 0 0 0 0 -1000.00 -1000.00 -1000.00 -1000.00 1.5542 2.3421 5.1370 -156.8787 2.1336 -71.3482 -1.5192 -0.0001 -0.0003 69 lincoln2020_mkz2020
Car 1.00 1.00 52 53 87 365 26 0 0 0 -1000.00 -1000.00 -1000.00 -1000.00 1.9718 2.0005 4.0595 -7.5417 2.1123 -65.5536 -3.1273 -0.0027 0.0000 70 jeep_wrangler_rubicon
Car 1.00 1.00 0 0 0 0 0 0 0 0 -1000.00 -1000.00 -1000.00 -1000.00 1.7506 2.3538 4.8416 -78.3709 2.1318 -180.7619 1.5592 0.0001 -0.0000 71 bmw_grandtourer
Car 1.00 1.00 0 0 0 0 0 0 0 0 -1000.00 -1000.00 -1000.00 -1000.00 2.2031 2.5091 6.5872 135.9617 2.0955 -141.3028 -1.5552 0.0000 -0.0000 72 tesla_cybertruck
Car 1.00 1.00 0 0 0 0 0 0 0 0 -1000.00 -1000.00 -1000.00 -1000.00 1.6244 1.8781 3.8906 -78.8546 2.1335 -1.3241 1.5864 -0.0005 -0.0011 73 audi_a2
Car 1.00 1.00 0 0 0 0 0 0 0 0 -1000.00 -1000.00 -1000.00 -1000.00 1.7203 2.2019 5.4994 72.5891 2.1386 -145.5599 -1.5399 -0.0001 0.0007 74 chargercop2020_chargercop2020
Car 1.00 1.00 0 0 0 0 0 0 0 0 -1000.00 -1000.00 -1000.00 -1000.00 1.6320 2.1403 5.2230 -82.2913 2.1493 -4.8365 1.5861 -0.0044 0.0000 75 dodge_charger_police
Car 0.81 0.01 190 212 339 5543 0 15 5 0 0.00 396.63 82.00 446.00 1.5140 2.1024 4.9073 -23.2796 2.1347 12.5128 0.0367 -0.0020 -0.0000 76 mercedesccc_mercedesccc
Car 1.00 1.00 0 0 0 0 0 0 0 0 -1000.00 -1000.00 -1000.00 -1000.00 1.6244 1.8781 3.8906 52.0444 2.0793 -213.1368 0.0186 -0.0041 -0.0010 77 audi_a2
Car 1.00 1.00 0 0 0 0 0 0 0 0 -1000.00 -1000.00 -1000.00 -1000.00 1.6244 1.8781 3.8906 -52.7331 2.1333 -70.0388 -3.0929 -0.0005 -0.0011 78 audi_a2
Car 1.00 1.00 0 4 4 19 4 0 0 0 -1000.00 -1000.00 -1000.00 -1000.00 1.7203 2.2019 5.4994 9.8172 2.1330 -159.4905 -3.0721 -0.0038 0.0013 79 chargercop2020_chargercop2020
Car 1.00 1.00 0 0 0 0 0 0 0 0 -1000.00 -1000.00 -1000.00 -1000.00 2.1397 2.1728 4.7045 -160.2819 2.1487 -56.8598 -1.5529 0.0000 0.0000 80 volkswagen_t2
Car 1.00 1.00 0 0 0 0 0 0 0 0 -1000.00 -1000.00 -1000.00 -1000.00 1.3660 1.9896 4.9534 66.7344 2.1340 -167.9003 -0.5364 0.0000 0.0000 81 mustang_mustang
Car 1.00 1.00 1 1 2 24 2 0 0 0 -1000.00 -1000.00 -1000.00 -1000.00 1.7203 2.2019 5.4994 1.9210 2.0833 -95.0061 1.6250 -0.0001 0.0007 82 chargercop2020_chargercop2020
Car 0.00 1.00 0 0 0 0 0 0 0 0 609.00 362.36 633.39 370.48 1.6244 1.8781 3.8906 -69.9887 2.1347 114.5318 0.2227 -0.0028 -0.0100 83 audi_a2
Car 1.00 1.00 0 0 0 0 0 0 0 0 -1000.00 -1000.00 -1000.00 -1000.00 1.6244 1.8781 3.8906 79.1068 2.1332 -86.5748 1.5799 -0.0005 -0.0011 84 audi_a2
Car 1.00 1.00 0 0 0 0 0 0 0 0 -1000.00 -1000.00 -1000.00 -1000.00 1.3660 1.9896 4.9534 159.7709 2.1339 -153.9404 3.1163 -0.0000 -0.0000 85 mustang_mustang
Car 1.00 1.00 0 0 0 0 0 0 0 0 -1000.00 -1000.00 -1000.00 -1000.00 1.6244 1.8781 3.8906 -76.1950 2.1344 -270.6711 -0.5033 -0.0034 0.0180 86 audi_a2
Car 1.00 1.00 0 0 0 0 0 0 0 0 -1000.00 -1000.00 -1000.00 -1000.00 1.9718 2.0005 4.0595 -164.3212 2.1348 -76.9196 -0.2391 0.0016 -0.0021 87 jeep_wrangler_rubicon
Car 1.00 1.00 0 0 0 0 0 0 0 0 -1000.00 -1000.00 -1000.00 -1000.00 1.9718 2.0005 4.0595 -52.6018 2.0199 -273.3779 0.0084 -0.0361 0.0011 88 jeep_wrangler_rubicon
Car 1.00 1.00 0 0 0 0 0 0 0 0 -1000.00 -1000.00 -1000.00 -1000.00 1.3660 1.9896 4.9534 -243.2275 2.1344 -47.3325 1.5850 -0.0001 -0.0000 89 mustang_mustang
Motorcycle 0.11 1.00 0 0 0 0 0 0 0 0 1884.42 362.65 1920.00 375.59 1.6649 1.0692 2.4735 127.5805 2.0685 74.8560 2.4181 0.0033 -0.0381 90 harley_davidson_low_rider
Car 0.00 1.00 0 0 0 0 0 0 0 0 426.83 362.49 453.47 369.27 1.5475 1.9070 4.4025 -120.9126 2.1358 128.9380 -3.1394 -0.0003 0.0016 91 seat_leon
Motorcycle 1.00 1.00 0 0 0 0 0 0 0 0 -1000.00 -1000.00 -1000.00 -1000.00 1.6387 1.2138 2.3199 137.3394 2.0900 -8.2251 1.5735 0.0020 0.0000 92 yamaha_yzf
Cyclist 0.00 1.00 0 0 0 0 0 0 0 0 247.47 361.30 271.39 376.08 1.9311 0.5921 1.9272 -92.7986 2.1131 73.4202 -2.2718 -0.0035 0.0136 93 gazelle_omafiets
Car 1.00 1.00 0 0 0 0 0 0 0 0 -1000.00 -1000.00 -1000.00 -1000.00 1.5140 2.1024 4.9073 -151.9774 2.1342 -72.0431 -3.1054 -0.0000 -0.0000 94 mercedesccc_mercedesccc
Car 1.00 1.00 0 0 0 0 0 0 0 0 -1000.00 -1000.00 -1000.00 -1000.00 1.4546 2.0938 4.3903 47.4369 2.0852 -206.3150 3.1302 0.0027 0.0002 95 audi_tt
Car 1.00 1.00 0 0 0 0 0 0 0 0 -1000.00 -1000.00 -1000.00 -1000.00 2.1397 2.1728 4.7045 -77.3716 2.1485 -98.4897 1.5772 0.0000 -0.0000 96 volkswagen_t2
Car 1.00 1.00 0 0 0 0 0 0 0 0 -1000.00 -1000.00 -1000.00 -1000.00 1.5140 2.1024 4.9073 -86.5125 2.1347 41.7699 -1.5555 0.0000 -0.0000 97 mercedesccc_mercedesccc
Car 1.00 1.00 0 0 0 0 0 0 0 0 -1000.00 -1000.00 -1000.00 -1000.00 1.4812 2.1349 5.6254 140.7697 2.0873 0.8577 1.5864 0.0000 -0.0000 98 chevrolet_impala
Car 0.00 1.00 0 0 0 0 0 0 0 0 1642.92 363.57 1685.45 375.54 1.5765 1.9374 3.8150 95.1337 2.0673 74.8999 0.1573 -0.0009 -0.0017 99 nissan_micra
Motorcycle 1.00 1.00 0 0 0 0 0 0 0 0 -1000.00 -1000.00 -1000.00 -1000.00 1.5853 1.1236 2.1350 75.6260 2.0997 -88.4944 1.5785 -0.0001 -0.0000 100 kawasaki_ninja
Car 1.00 1.00 0 0 0 0 0 0 0 0 -1000.00 -1000.00 -1000.00 -1000.00 1.9476 2.0282 4.8347 -217.5586 2.1244 -251.0404 -0.6792 -0.0020 0.0302 101 nissan_patrol
Car 1.00 1.00 0 0 0 0 0 0 0 0 -1000.00 -1000.00 -1000.00 -1000.00 2.1397 2.1728 4.7045 -78.7875 2.1487 -7.1448 1.5841 0.0000 -0.0000 102 volkswagen_t2
Car 0.00 1.00 0 0 0 0 0 0 0 0 133.32 366.45 192.55 379.42 1.3660 1.9896 4.9534 -91.1716 2.1344 63.4957 -1.0376 0.0004 0.0002 103 mustang_mustang
Car 1.00 1.00 16 19 24 215 0 0 0 2 -1000.00 -1000.00 -1000.00 -1000.00 1.5627 2.2716 5.0314 61.6235 2.1404 18.4625 0.3076 -0.0004 0.0018 104 tesla_model3
Car 1.00 1.00 0 0 0 0 0 0 0 0 -1000.00 -1000.00 -1000.00 -1000.00 1.5542 2.3421 5.1370 119.2459 2.1347 -66.8849 -3.1253 -0.0038 -0.0000 105 lincoln2020_mkz2020
Car 1.00 1.00 0 0 0 0 0 0 0 0 -1000.00 -1000.00 -1000.00 -1000.00 1.5627 2.2716 5.0314 68.7303 2.1400 -128.2319 -1.5685 -0.0005 0.0001 106 tesla_model3
Car 1.00 1.00 0 0 0 0 0 0 0 0 -1000.00 -1000.00 -1000.00 -1000.00 1.5765 1.9374 3.8150 -88.4902 2.1224 -55.3079 -1.5423 0.0000 -0.0000 107 nissan_micra
Cyclist 1.00 1.00 0 0 0 0 0 0 0 0 -1000.00 -1000.00 -1000.00 -1000.00 1.9311 0.5921 1.9272 -63.1069 2.1139 -70.0682 -3.1244 -0.0041 -0.0000 108 gazelle_omafiets
Cyclist 1.00 1.00 0 0 0 0 0 0 0 0 -1000.00 -1000.00 -1000.00 -1000.00 1.9311 0.5921 1.9272 52.5301 -7.9121 -274.9245 0.0137 -0.0027 0.0001 109 gazelle_omafiets
Car 1.00 1.00 365 416 651 3695 75 0 0 0 -1000.00 -1000.00 -1000.00 -1000.00 1.4546 2.0938 4.3903 -7.1269 2.0866 -22.1072 -1.5477 -0.0000 0.0001 110 audi_tt
Car 1.00 1.00 0 0 0 0 0 0 0 0 -1000.00 -1000.00 -1000.00 -1000.00 1.9476 2.0282 4.8347 -58.4819 2.1238 -69.9946 -3.1240 -0.0004 0.0000 111 nissan_patrol
Car 1.00 1.00 0 0 0 0 0 0 0 0 -1000.00 -1000.00 -1000.00 -1000.00 1.4546 2.0938 4.3903 -1.6907 2.0866 -104.2218 1.6056 0.0000 0.0000 112 audi_tt
Car 1.00 1.00 0 0 0 0 0 0 0 0 -1000.00 -1000.00 -1000.00 -1000.00 1.7506 2.3538 4.8416 53.4072 2.0762 -216.7742 0.0319 0.0000 -0.0000 113 bmw_grandtourer
Car 1.00 1.00 18 27 43 157 7 0 0 0 -1000.00 -1000.00 -1000.00 -1000.00 1.9718 2.0005 4.0595 -13.1533 2.1208 -76.9349 -0.2917 -0.0093 -0.0014 114 jeep_wrangler_rubicon
Motorcycle 1.00 1.00 0 0 0 0 0 0 0 0 -1000.00 -1000.00 -1000.00 -1000.00 1.6387 1.2138 2.3199 138.6305 2.0899 -87.6029 1.5864 -0.0000 0.0000 115 yamaha_yzf
Car 1.00 1.00 0 0 1 5 0 0 0 0 -1000.00 -1000.00 -1000.00 -1000.00 1.7203 2.2019 5.4994 10.3408 2.1330 -163.1194 -0.1180 0.0070 -0.0007 116 chargercop2020_chargercop2020
Car 1.00 1.00 0 0 0 0 0 0 0 0 -1000.00 -1000.00 -1000.00 -1000.00 1.6980 1.9434 4.1871 130.1446 2.1182 -59.2268 -1.8853 0.0058 -0.0005 117 citroen_c3
Car 1.00 1.00 0 0 0 0 0 0 0 0 -1000.00 -1000.00 -1000.00 -1000.00 1.5542 2.3421 5.1370 177.7189 -7.8659 -145.7220 -1.5362 -0.0012 -0.0001 118 lincoln2020_mkz2020
Car 1.00 1.00 2 3 7 117 0 0 0 2 -1000.00 -1000.00 -1000.00 -1000.00 2.5908 2.7453 5.4640 66.0330 2.1517 10.9661 -1.5468 0.0098 0.0000 119 carlamotors_carlacola
Car 1.00 1.00 0 0 0 0 0 0 0 0 -1000.00 -1000.00 -1000.00 -1000.00 1.5765 1.9374 3.8150 75.6399 2.1222 -99.1715 1.5789 0.0000 -0.0000 120 nissan_micra
Car 1.00 1.00 0 0 0 0 0 0 0 0 -1000.00 -1000.00 -1000.00 -1000.00 1.4477 1.5550 2.3177 172.0614 -7.8543 -7.6512 -1.5791 -0.0135 0.0000 121 bmw_isetta
Car 1.00 1.00 0 0 0 0 0 0 0 0 -1000.00 -1000.00 -1000.00 -1000.00 1.7173 2.2591 5.2781 140.9750 2.0962 -17.9449 1.5458 -0.0083 -0.0002 122 mercedes_benz_coupe
Car 1.00 1.00 50 47 74 331 0 9 0 0 -1000.00 -1000.00 -1000.00 -1000.00 1.7173 2.2591 5.2781 -63.2062 2.1515 22.5373 -3.1255 -0.0071 -0.0002 123 mercedes_benz_coupe
Car 1.00 1.00 0 0 0 0 0 0 0 0 -1000.00 -1000.00 -1000.00 -1000.00 1.5765 1.9374 3.8150 137.0787 2.1132 -152.8653 -1.2985 -0.0029 -0.0008 124 nissan_micra
Car 1.00 1.00 13 15 22 127 0 0 0 1 -1000.00 -1000.00 -1000.00 -1000.00 1.6115 2.2019 5.2564 50.1332 2.1363 17.0843 0.0505 -0.0016 0.0005 125 charger2020_charger2020
Car 1.00 1.00 0 0 0 0 0 0 0 0 -1000.00 -1000.00 -1000.00 -1000.00 1.9476 2.0282 4.8347 114.5069 2.1249 17.8902 0.0296 -0.0045 -0.0000 126 nissan_patrol
Car 1.00 1.00 0 0 0 0 0 0 0 0 -1000.00 -1000.00 -1000.00 -1000.00 1.5140 2.1024 4.9073 -135.3875 2.1341 -260.7710 -3.1414 -0.0000 -0.0001 127 mercedesccc_mercedesccc
Car 1.00 1.00 0 0 0 0 0 0 0 0 -1000.00 -1000.00 -1000.00 -1000.00 1.7173 2.2591 5.2781 -85.6097 2.1511 -199.2969 -1.5791 -0.0071 -0.0002 128 mercedes_benz_coupe
Car 1.00 1.00 18 20 35 115 16 0 0 0 -1000.00 -1000.00 -1000.00 -1000.00 1.4812 2.1349 5.6254 -5.2398 2.0934 -82.0558 -1.5420 -0.0047 -0.0008 129 chevrolet_impala
Car 1.00 1.00 0 0 0 0 0 0 0 0 -1000.00 -1000.00 -1000.00 -1000.00 2.1397 2.1728 4.7045 -247.7034 2.1485 -171.4875 1.6049 -0.0003 -0.0010 130 volkswagen_t2
Car 1.00 1.00 0 0 0 0 0 0 0 0 -1000.00 -1000.00 -1000.00 -1000.00 1.6244 1.8781 3.8906 58.3785 2.1317 -74.9256 0.0165 0.0025 -0.0011 131 audi_a2
Car 1.00 1.00 29 44 76 301 0 10 0 0 -1000.00 -1000.00 -1000.00 -1000.00 1.9476 2.0282 4.8347 -66.6298 2.1240 18.7106 -3.1359 -0.0003 -0.0000 132 nissan_patrol
Car 1.00 1.00 41 43 65 313 7 0 0 0 -1000.00 -1000.00 -1000.00 -1000.00 1.9476 2.0282 4.8347 -25.1159 2.1240 -72.8913 0.0185 -0.0011 -0.0000 133 nissan_patrol
Car 1.00 1.00 0 0 0 0 0 0 0 0 -1000.00 -1000.00 -1000.00 -1000.00 1.9476 2.0282 4.8347 160.6444 -7.8825 -240.5981 0.7889 -0.0004 0.0036 134 nissan_patrol
Car 1.00 1.00 8065 21932 34989 254544 0 2201 0 0 -1000.00 -1000.00 -1000.00 -1000.00 1.7506 2.3538 4.8416 -3.4684 2.0767 -3.9271 1.5734 0.0000 -0.0000 135 bmw_grandtourer
Car 1.00 1.00 0 0 0 0 0 0 0 0 -1000.00 -1000.00 -1000.00 -1000.00 1.9476 2.0282 4.8347 15.5595 2.1236 -155.8714 -3.1280 -0.0003 -0.0000 136 nissan_patrol
Car 1.00 1.00 0 0 0 0 0 0 0 0 -1000.00 -1000.00 -1000.00 -1000.00 1.7203 2.2019 5.4994 63.1099 2.1387 -70.9838 0.1849 -0.0001 0.0007 137 chargercop2020_chargercop2020
Car 1.00 1.00 28 25 36 295 2 0 0 0 -1000.00 -1000.00 -1000.00 -1000.00 2.5908 2.7453 5.4640 17.4034 2.1595 -68.6435 -3.1239 0.0000 -0.0000 138 carlamotors_carlacola
Car 1.00 1.00 0 0 0 0 0 0 0 0 -1000.00 -1000.00 -1000.00 -1000.00 1.5863 2.2347 5.1468 155.5040 2.1366 18.5510 0.0137 -0.0001 -0.0000 139 lincoln_mkz2017
Car 1.00 1.00 0 0 0 0 0 0 0 0 -1000.00 -1000.00 -1000.00 -1000.00 1.9718 2.0005 4.0595 194.4558 2.1395 21.5222 2.9416 -0.0005 0.0036 140 jeep_wrangler_rubicon
Car 1.00 1.00 0 0 0 0 0 0 0 0 -1000.00 -1000.00 -1000.00 -1000.00 1.6011 2.1072 4.7392 73.4671 2.1298 -200.9892 -1.4320 -0.0037 0.0001 141 toyota_prius
Car 1.00 1.00 0 0 0 0 0 0 0 0 -1000.00 -1000.00 -1000.00 -1000.00 1.7318 2.1344 5.0985 142.8281 2.1178 -67.9596 -0.5195 0.0052 0.0030 142 audi_etron
Car 1.00 1.00 0 0 0 0 0 0 0 0 -1000.00 -1000.00 -1000.00 -1000.00 2.2031 2.5091 6.5872 -84.6247 2.1504 -76.9831 -1.5486 0.0018 0.0000 143 tesla_cybertruck
Car 1.00 1.00 0 0 0 0 0 0 0 0 -1000.00 -1000.00 -1000.00 -1000.00 1.5765 1.9374 3.8150 72.8598 2.1229 -170.6560 -1.5619 -0.0020 -0.0000 144 nissan_micra
Car 1.00 1.00 0 0 0 1 0 0 0 0 -1000.00 -1000.00 -1000.00 -1000.00 1.4546 2.0938 4.3903 1.8963 2.0866 -101.8727 1.5909 0.0000 -0.0000 145 audi_tt
Car 1.00 1.00 0 0 0 0 0 0 0 0 -1000.00 -1000.00 -1000.00 -1000.00 1.4812 2.1349 5.6254 -137.4272 2.1023 -221.2079 -0.1130 0.0029 0.0006 146 chevrolet_impala
Car 0.00 1.00 0 0 0 0 0 0 0 0 773.33 357.03 808.74 368.40 2.2031 2.5091 6.5872 -35.2590 1.6541 115.8715 -0.0068 -0.0639 0.0013 147 tesla_cybertruck
Car 1.00 1.00 0 0 0 0 0 0 0 0 -1000.00 -1000.00 -1000.00 -1000.00 1.9718 2.0005 4.0595 -57.8696 2.1397 -66.4875 -3.1240 -0.0004 -0.0001 148 jeep_wrangler_rubicon
Car 1.00 1.00 0 0 0 0 0 0 0 0 -1000.00 -1000.00 -1000.00 -1000.00 1.3660 1.9896 4.9534 -87.8700 2.1340 -86.3892 -1.5467 0.0005 -0.0000 149 mustang_mustang
Car 1.00 1.00 0 0 0 0 0 0 0 0 -1000.00 -1000.00 -1000.00 -1000.00 1.3660 1.9896 4.9534 69.4857 2.1338 -184.4859 -1.5597 -0.0000 -0.0000 150 mustang_mustang
Car 1.00 1.00 0 0 0 0 0 0 0 0 -1000.00 -1000.00 -1000.00 -1000.00 2.5908 2.7453 5.4640 -82.2796 2.1597 -11.3793 1.5503 0.0000 -0.0000 151 carlamotors_carlacola
Car 1.00 1.00 0 4 7 62 0 0 0 0 -1000.00 -1000.00 -1000.00 -1000.00 1.5863 2.2347 5.1468 130.0926 2.0813 31.8591 -1.5886 0.0000 -0.0000 152 lincoln_mkz2017
Car 1.00 1.00 0 0 0 0 0 0 0 0 -1000.00 -1000.00 -1000.00 -1000.00 1.7506 2.3538 4.8416 -119.5832 2.1317 -277.8220 0.0498 0.0000 -0.0000 153 bmw_grandtourer
Cyclist 1.00 1.00 0 0 0 0 0 0 0 0 -1000.00 -1000.00 -1000.00 -1000.00 1.9709 0.6705 1.7250 79.8699 2.1222 -177.5071 1.5783 0.0046 0.0000 154 diamondback_century
Cyclist 1.00 1.00 0 0 0 0 0 0 0 0 -1000.00 -1000.00 -1000.00 -1000.00 1.9311 0.5921 1.9272 -160.6229 2.1131 -76.1999 0.0219 -0.0041 0.0001 155 gazelle_omafiets
Motorcycle 1.00 1.00 0 0 0 0 0 0 0 0 -1000.00 -1000.00 -1000.00 -1000.00 1.6960 1.0692 2.4735 209.5334 2.1234 -149.7109 0.7703 0.0031 -0.0117 156 harley_davidson_low_rider
Car 0.00 1.00 0 0 0 9 0 0 0 0 512.29 359.96 541.60 371.40 2.1397 2.1728 4.7045 -84.1073 2.1496 107.7355 1.6226 -0.0020 0.0055 157 volkswagen_t2
Car 1.00 1.00 0 0 0 0 0 0 0 0 -1000.00 -1000.00 -1000.00 -1000.00 1.5488 2.0688 3.9961 -246.3832 2.1352 -71.1890 1.5877 -0.0001 -0.0000 158 mini_cooperst
Cyclist 1.00 1.00 0 0 0 0 0 0 0 0 -1000.00 -1000.00 -1000.00 -1000.00 1.9311 0.5921 1.9272 48.2539 2.1138 -162.5171 0.0127 -0.0018 -0.0001 159 gazelle_omafiets
Car 1.00 1.00 8 4 10 32 6 0 0 0 -1000.00 -1000.00 -1000.00 -1000.00 1.4812 2.1349 5.6254 -8.3209 2.0861 -110.4128 -1.5556 0.0021 -0.0001 160 chevrolet_impala
Car 1.00 1.00 0 0 0 0 0 0 0 0 -1000.00 -1000.00 -1000.00 -1000.00 1.7173 2.2591 5.2781 195.0637 -7.8499 -186.5256 1.4124 -0.0071 0.0022 161 mercedes_benz_coupe
Car 1.00 1.00 0 0 0 0 0 0 0 0 -1000.00 -1000.00 -1000.00 -1000.00 1.9718 2.0005 4.0595 -149.2341 2.1398 -88.7457 1.6007 -0.0004 -0.0001 162 jeep_wrangler_rubicon
Car 0.00 1.00 0 0 0 0 0 0 0 0 1363.80 362.16 1410.74 374.89 1.7506 2.3538 4.8416 61.1997 2.0762 79.4996 2.7914 0.0006 0.0038 163 bmw_grandtourer
Car 1.00 1.00 0 0 0 0 0 0 0 0 -1000.00 -1000.00 -1000.00 -1000.00 1.6115 2.2019 5.2564 137.2803 2.0807 -2.1841 1.6110 -0.0001 0.0006 164 charger2020_charger2020
Car 1.00 1.00 0 0 0 0 0 0 0 0 -1000.00 -1000.00 -1000.00 -1000.00 1.6244 1.8781 3.8906 73.5182 2.1333 -9.5582 1.5915 -0.0005 -0.0011 165 audi_a2
Car 1.00 1.00 0 0 0 0 0 0 0 0 -1000.00 -1000.00 -1000.00 -1000.00 1.5475 1.9070 4.4025 178.0961 -7.8664 -196.9793 -1.8635 -0.0002 -0.0096 166 seat_leon
Car 0.00 1.00 0 0 0 4 0 0 0 0 475.89 362.46 500.50 369.73 1.5765 1.9374 3.8150 -103.7710 2.1228 121.9283 -0.0359 0.0000 -0.0000 167 nissan_micra
Car 0.00 0.99 0 0 0 29 0 0 0 0 288.68 363.75 347.08 375.67 1.5863 2.2347 5.1468 -90.5858 2.1371 78.3076 -1.5911 -0.0010 -0.0003 168 lincoln_mkz2017
Car 1.00 1.00 0 6 9 20 1 0 0 0 -1000.00 -1000.00 -1000.00 -1000.00 1.7506 2.3538 4.8416 -3.8163 2.1184 -158.1975 0.7557 0.0033 0.0012 169 bmw_grandtourer
Car 1.00 1.00 0 0 0 0 0 0 0 0 -1000.00 -1000.00 -1000.00 -1000.00 1.4812 2.1349 5.6254 55.8236 2.1427 -71.4762 0.0176 0.0000 -0.0000 170 chevrolet_impala
Car 1.00 1.00 0 0 0 0 0 0 0 0 -1000.00 -1000.00 -1000.00 -1000.00 1.4812 2.1349 5.6254 154.8997 2.1424 -157.6123 3.0952 0.0000 -0.0000 171 chevrolet_impala
Car 1.00 1.00 0 0 0 0 0 0 0 0 -1000.00 -1000.00 -1000.00 -1000.00 1.6011 2.1072 4.7392 176.7363 2.1362 -69.7567 0.0307 -0.0003 0.0001 172 toyota_prius
Car 1.00 1.00 0 3 5 20 15 0 0 0 -1000.00 -1000.00 -1000.00 -1000.00 1.6115 2.2019 5.2564 -1.7871 2.1129 -166.2986 -2.1922 -0.0012 0.0038 173 charger2020_charger2020
Car 1.00 1.00 0 0 0 0 0 0 0 0 -1000.00 -1000.00 -1000.00 -1000.00 1.5475 1.9070 4.4025 -88.1304 2.1355 -75.7007 -1.5452 0.0000 0.0000 174 seat_leon
Car 1.00 1.00 0 0 0 0 0 0 0 0 -1000.00 -1000.00 -1000.00 -1000.00 2.5908 2.7453 5.4640 -82.0922 2.1593 -184.8194 1.5728 0.0000 0.0000 175 carlamotors_carlacola
Car 1.00 1.00 0 0 0 0 0 0 0 0 -1000.00 -1000.00 -1000.00 -1000.00 1.4812 2.1349 5.6254 119.4016 2.1424 -161.2833 0.0288 0.0000 0.0000 176 chevrolet_impala
Car 1.00 1.00 0 0 0 0 0 0 0 0 -1000.00 -1000.00 -1000.00 -1000.00 1.9718 2.0005 4.0595 192.2350 -7.8608 -148.6299 1.6764 -0.0006 0.0023 177 jeep_wrangler_rubicon
Car 1.00 1.00 0 0 0 0 0 0 0 0 -1000.00 -1000.00 -1000.00 -1000.00 1.6980 1.9434 4.1871 -85.1010 2.1445 -150.9089 -1.5789 0.0000 0.0000 178 citroen_c3
Car 1.00 1.00 10 18 19 90 26 0 0 0 -1000.00 -1000.00 -1000.00 -1000.00 1.5488 2.0688 3.9961 1.6287 2.0796 -88.9907 1.5917 0.0000 -0.0000 179 mini_cooperst
Motorcycle 1.00 1.00 0 0 0 0 0 0 0 0 -1000.00 -1000.00 -1000.00 -1000.00 1.6960 1.0692 2.4735 79.2447 2.1238 -102.1111 1.5772 0.0030 0.0000 180 harley_davidson_low_rider
Car 1.00 1.00 0 0 0 0 0 0 0 0 -1000.00 -1000.00 -1000.00 -1000.00 1.4477 1.5550 2.3177 215.0566 2.1413 -32.0243 -1.5566 -0.0061 -0.0000 181 bmw_isetta
Cyclist 1.00 1.00 0 0 0 0 0 0 0 0 -1000.00 -1000.00 -1000.00 -1000.00 1.7065 0.8593 1.4873 79.2174 2.0920 -91.3081 1.5897 0.0000 -0.0000 182 bh_crossbike
Car 1.00 1.00 0 0 0 0 0 0 0 0 -1000.00 -1000.00 -1000.00 -1000.00 1.6011 2.1072 4.7392 191.0211 -7.8640 -116.4611 1.6129 -0.0001 -0.0001 183 toyota_prius
Car 1.00 1.00 0 0 0 0 0 0 0 0 -1000.00 -1000.00 -1000.00 -1000.00 1.5488 2.0688 3.9961 -81.8472 2.1350 -178.7598 1.5589 0.0000 -0.0000 184 mini_cooperst
Car 1.00 1.00 0 0 0 0 0 0 0 0 -1000.00 -1000.00 -1000.00 -1000.00 1.6980 1.9434 4.1871 -89.2098 2.1444 -204.9603 -1.5814 0.0000 0.0000 185 citroen_c3
Car 1.00 1.00 0 0 0 0 0 0 0 0 -1000.00 -1000.00 -1000.00 -1000.00 1.5765 1.9374 3.8150 212.7251 2.1221 -150.0494 0.8163 -0.0007 0.0088 186 nissan_micra
Car 1.00 1.00 0 0 0 0 0 0 0 0 -1000.00 -1000.00 -1000.00 -1000.00 1.7506 2.3538 4.8416 79.1924 2.1319 -96.4726 1.5791 0.0000 -0.0000 187 bmw_grandtourer
Car 1.00 1.00 0 0 0 0 0 0 0 0 -1000.00 -1000.00 -1000.00 -1000.00 1.5488 2.0688 3.9961 60.4481 2.1349 -165.8156 -0.0002 0.0000 -0.0000 188 mini_cooperst
Car 1.00 1.00 0 0 0 0 0 0 0 0 -1000.00 -1000.00 -1000.00 -1000.00 1.5488 2.0688 3.9961 -84.2616 2.1350 -92.5104 -1.5602 -0.0002 -0.0000 189 mini_cooperst
Car 1.00 1.00 0 0 0 0 0 0 0 0 -1000.00 -1000.00 -1000.00 -1000.00 1.6011 2.1072 4.7392 180.0449 2.1359 -153.9097 -3.0753 -0.0000 -0.0006 190 toyota_prius
Car 1.00 1.00 0 0 0 0 0 0 0 0 -1000.00 -1000.00 -1000.00 -1000.00 1.3660 1.9896 4.9534 76.8685 2.1343 -2.4006 1.5950 0.0000 -0.0000 191 mustang_mustang
Car 1.00 1.00 0 0 0 0 0 0 0 0 -1000.00 -1000.00 -1000.00 -1000.00 1.9476 2.0282 4.8347 -202.4441 2.1233 -269.6156 -0.4913 0.0001 0.0034 192 nissan_patrol
Pedestrian 1.00 1.00 0 0 0 0 0 0 0 0 -1000.00 -1000.00 -1000.00 -1000.00 1.9158 0.4880 0.4174 -251.6253 1.9470 -234.1245 -1.0926 0.0000 -0.0000 193 pedestrian_0019
Pedestrian 1.00 1.00 0 0 0 0 0 0 0 0 -1000.00 -1000.00 -1000.00 -1000.00 1.1330 0.4333 0.6667 -122.8912 1.9047 -228.7058 -0.0505 0.0000 -0.0000 194 pedestrian_0010
Pedestrian 1.00 1.00 0 0 0 0 0 0 0 0 -1000.00 -1000.00 -1000.00 -1000.00 1.9158 0.4880 0.7507 65.7440 2.1023 -173.4072 3.0226 0.0000 -0.0000 195 pedestrian_0005
Pedestrian 1.00 1.00 0 0 0 0 0 0 0 0 -1000.00 -1000.00 -1000.00 -1000.00 1.9158 0.4880 0.6073 127.7375 1.8945 -107.1305 1.5385 0.0000 -0.0000 196 pedestrian_0003
Pedestrian 1.00 1.00 0 0 0 0 0 0 0 0 -1000.00 -1000.00 -1000.00 -1000.00 1.9158 0.4880 0.4281 156.5370 -7.7057 65.8662 1.9298 0.0000 -0.0000 197 pedestrian_0021
Pedestrian 1.00 1.00 0 0 0 0 0 0 0 0 -1000.00 -1000.00 -1000.00 -1000.00 1.9158 0.4880 0.7507 -272.0436 1.9505 11.1909 -1.5711 0.0000 -0.0000 198 pedestrian_0003
Pedestrian 1.00 1.00 0 0 0 0 0 0 0 0 -1000.00 -1000.00 -1000.00 -1000.00 1.9158 0.4880 0.4794 -219.7642 1.9519 -268.4056 -0.5312 0.0000 -0.0000 199 pedestrian_0004
Pedestrian 0.00 0.14 10 17 24 320 0 0 5 0 1247.22 362.45 1264.43 396.54 1.9158 0.4880 0.7507 16.0730 1.9503 30.2595 3.1067 0.0000 -0.0000 200 pedestrian_0022
Pedestrian 1.00 1.00 0 0 0 0 0 0 0 0 -1000.00 -1000.00 -1000.00 -1000.00 1.3390 0.3253 0.4677 -74.9785 1.9415 -222.9030 1.4788 0.0000 -0.0000 201 pedestrian_0014
Pedestrian 1.00 1.00 0 0 0 0 0 0 0 0 -1000.00 -1000.00 -1000.00 -1000.00 1.9158 0.4880 0.4621 57.5945 1.9482 -17.6269 -1.3843 0.0000 -0.0000 202 pedestrian_0022
Pedestrian 1.00 1.00 0 0 0 0 0 0 0 0 -1000.00 -1000.00 -1000.00 -1000.00 1.9158 0.4880 0.5731 -35.2792 1.9501 -62.5256 -3.0683 0.0000 -0.0000 203 pedestrian_0023
Pedestrian 1.00 1.00 0 0 0 0 0 0 0 0 -1000.00 -1000.00 -1000.00 -1000.00 1.3390 0.3253 0.5005 54.8054 1.9416 -152.0386 -0.0541 0.0000 -0.0000 204 pedestrian_0012
Pedestrian 1.00 1.00 0 0 0 0 0 0 0 0 -1000.00 -1000.00 -1000.00 -1000.00 1.9158 0.4880 0.7507 -71.0526 2.1026 -77.9171 1.2285 0.0000 -0.0000 205 pedestrian_0019
Pedestrian 1.00 1.00 1 1 4 10 0 1 0 0 -1000.00 -1000.00 -1000.00 -1000.00 1.9158 0.4880 0.6098 -94.3711 1.9504 33.5259 1.7096 0.0000 -0.0000 206 pedestrian_0005
Pedestrian 1.00 1.00 0 0 0 0 0 0 0 0 -1000.00 -1000.00 -1000.00 -1000.00 1.9158 0.4880 0.7507 147.2450 1.8944 -143.7042 -1.5548 0.0000 -0.0000 207 pedestrian_0026
Pedestrian 1.00 1.00 0 0 0 0 0 0 0 0 -1000.00 -1000.00 -1000.00 -1000.00 1.9158 0.4880 0.7359 25.1829 1.9505 -150.6980 -0.0478 0.0000 -0.0000 208 pedestrian_0015
Pedestrian 0.00 1.00 0 0 0 0 0 0 0 0 720.92 362.33 722.74 367.52 1.3390 0.3253 0.3358 -61.5679 1.9422 143.2783 0.0172 0.0000 -0.0000 209 pedestrian_0014
Pedestrian 0.00 0.99 0 0 0 1 0 0 0 0 716.46 360.13 720.04 367.50 1.9158 0.4880 0.7230 -62.8944 1.9490 144.1992 -3.1070 0.0000 -0.0000 210 pedestrian_0016
Pedestrian 1.00 1.00 4 4 7 37 1 0 0 0 -1000.00 -1000.00 -1000.00 -1000.00 1.3390 0.3253 0.5005 -14.1202 1.8863 -49.9312 -1.5541 0.0000 -0.0000 211 pedestrian_0012
Pedestrian 1.00 1.00 0 0 0 0 0 0 0 0 -1000.00 -1000.00 -1000.00 -1000.00 1.1330 0.4333 0.6539 61.2711 2.0545 -0.0054 1.6055 0.0000 -0.0000 212 pedestrian_0009
Pedestrian 1.00 1.00 0 0 0 0 0 0 0 0 -1000.00 -1000.00 -1000.00 -1000.00 1.1330 0.4333 0.6667 145.4014 1.8855 -49.1207 -1.5730 0.0000 -0.0000 213 pedestrian_0010
Pedestrian 1.00 1.00 0 0 0 0 0 0 0 0 -1000.00 -1000.00 -1000.00 -1000.00 1.9158 0.4880 0.7507 -271.0517 1.9504 -81.2756 1.6221 0.0000 -0.0000 214 pedestrian_0021
Pedestrian 1.00 1.00 0 0 0 0 0 0 0 0 -1000.00 -1000.00 -1000.00 -1000.00 1.9158 0.4880 0.7507 -26.8925 1.9076 -58.4888 -0.1530 0.0000 -0.0000 215 pedestrian_0018
Pedestrian 1.00 1.00 0 0 0 0 0 0 0 0 -1000.00 -1000.00 -1000.00 -1000.00 1.9158 0.4880 0.4928 -260.2030 1.9525 -216.6763 -1.1139 0.0000 -0.0000 216 pedestrian_0020
Pedestrian 1.00 1.00 0 0 0 0 0 0 0 0 -1000.00 -1000.00 -1000.00 -1000.00 1.9158 0.4880 0.7507 125.4075 1.8947 -11.2737 1.6211 0.0000 -0.0000 217 pedestrian_0017
Pedestrian 1.00 1.00 0 0 0 0 0 0 0 0 -1000.00 -1000.00 -1000.00 -1000.00 1.9158 0.4880 0.7507 -103.0832 1.9169 -229.1689 -3.1295 0.0000 -0.0000 218 pedestrian_0007
Pedestrian 1.00 1.00 0 0 0 0 0 0 0 0 -1000.00 -1000.00 -1000.00 -1000.00 1.1330 0.4333 0.5347 -126.1075 1.9415 -7.4799 0.5614 0.0000 -0.0000 219 pedestrian_0010
Pedestrian 0.00 0.07 11 12 21 822 0 0 3 0 1483.59 360.17 1500.51 400.46 1.9158 0.4880 0.5254 26.3106 1.9503 27.3635 3.1207 0.0000 -0.0000 220 pedestrian_0023
Pedestrian 1.00 1.00 0 0 0 0 0 0 0 0 -1000.00 -1000.00 -1000.00 -1000.00 1.9158 0.4880 0.4965 44.7438 1.8943 -220.8350 -3.1408 0.0000 -0.0000 221 pedestrian_0024
Pedestrian 1.00 1.00 0 0 0 0 0 0 0 0 -1000.00 -1000.00 -1000.00 -1000.00 1.1330 0.4333 0.3774 -196.7515 1.9055 -152.2093 -1.5389 0.0000 -0.0000 222 pedestrian_0011
Pedestrian 1.00 1.00 0 0 0 0 0 0 0 0 -1000.00 -1000.00 -1000.00 -1000.00 1.9158 0.4880 0.7507 -272.0288 1.9505 -30.3529 1.5578 0.0000 -0.0000 223 pedestrian_0016
Pedestrian 1.00 1.00 0 0 0 0 0 0 0 0 -1000.00 -1000.00 -1000.00 -1000.00 1.9158 0.4880 0.6771 144.6912 -8.0623 -270.5939 0.4719 0.0000 -0.0000 224 pedestrian_0017
Pedestrian 1.00 1.00 0 0 0 0 0 0 0 0 -1000.00 -1000.00 -1000.00 -1000.00 1.9158 0.4880 0.5610 166.5004 -8.0502 -144.7742 -1.5562 0.0000 -0.0000 225 pedestrian_0001
Pedestrian 1.00 1.00 0 0 0 0 0 0 0 0 -1000.00 -1000.00 -1000.00 -1000.00 1.9158 0.4880 0.7012 -208.1432 1.9115 -189.2188 -1.1259 0.0000 -0.0000 226 pedestrian_0003
Pedestrian 1.00 1.00 0 0 0 0 0 0 0 0 -1000.00 -1000.00 -1000.00 -1000.00 1.9158 0.4880 0.7377 -89.1755 2.1024 -152.8146 -0.3455 0.0000 -0.0000 227 pedestrian_0007
Pedestrian 1.00 1.00 0 0 0 0 0 0 0 0 -1000.00 -1000.00 -1000.00 -1000.00 1.1330 0.4333 0.4499 127.9170 1.8836 -132.1213 -1.5149 0.0000 -0.0000 228 pedestrian_0010
Pedestrian 1.00 1.00 2 5 6 0 0 0 0 0 -1000.00 -1000.00 -1000.00 -1000.00 1.1330 0.4333 0.5680 -33.4810 1.9343 3.9651 0.0909 0.0000 -0.0000 229 pedestrian_0010
Pedestrian 1.00 1.00 0 0 0 0 0 0 0 0 -1000.00 -1000.00 -1000.00 -1000.00 1.3390 0.3253 0.3536 59.7990 2.0941 -64.4476 -1.6596 0.0000 -0.0000 230 pedestrian_0013
Pedestrian 1.00 1.00 0 0 0 0 0 0 0 0 -1000.00 -1000.00 -1000.00 -1000.00 1.3390 0.3253 0.4591 144.5649 1.8861 -34.6706 1.5686 0.0000 -0.0000 231 pedestrian_0013
Pedestrian 1.00 1.00 0 0 0 2 0 0 0 0 -1000.00 -1000.00 -1000.00 -1000.00 1.9158 0.4880 0.4644 -5.5340 1.8945 -191.5651 2.0521 0.0000 -0.0000 232 pedestrian_0020
Pedestrian 1.00 1.00 0 0 0 0 0 0 0 0 -1000.00 -1000.00 -1000.00 -1000.00 1.9158 0.4880 0.7422 163.7274 1.9513 29.3098 -0.0167 0.0000 -0.0000 233 pedestrian_0021
Pedestrian 1.00 1.00 0 0 0 0 0 0 0 0 -1000.00 -1000.00 -1000.00 -1000.00 1.1330 0.4333 0.4216 -213.9444 1.9003 -62.2333 -0.1907 0.0000 -0.0000 234 pedestrian_0009
Pedestrian 1.00 1.00 0 0 0 0 0 0 0 0 -1000.00 -1000.00 -1000.00 -1000.00 1.9158 0.4880 0.5026 225.3855 1.9500 -48.6907 -1.5750 0.0000 -0.0000 235 pedestrian_0006
Pedestrian 1.00 1.00 0 0 0 0 0 0 0 0 -1000.00 -1000.00 -1000.00 -1000.00 1.1330 0.4333 0.5602 -140.4096 1.9417 -63.6446 3.1346 0.0000 -0.0000 236 pedestrian_0009
Pedestrian 1.00 1.00 0 0 0 0 0 0 0 0 -1000.00 -1000.00 -1000.00 -1000.00 1.9158 0.4880 0.7507 -37.5514 1.9512 -80.8233 -3.1180 0.0000 -0.0000 237 pedestrian_0026
Pedestrian 0.00 0.09 11 8 12 807 0 1 3 0 278.33 361.16 300.97 399.75 1.9158 0.4880 0.5775 -32.2397 1.9510 26.6385 -3.1053 0.0000 -0.0000 238 pedestrian_0021
Pedestrian 0.00 0.00 132 137 232 9814 0 0 35 0 1380.30 428.28 1436.70 596.65 1.3390 0.3253 0.2502 3.7505 1.8874 4.6385 1.6870 0.0000 -0.0000 239 pedestrian_0012
Pedestrian 1.00 1.00 0 0 0 0 0 0 0 0 -1000.00 -1000.00 -1000.00 -1000.00 1.9158 0.4880 0.7507 -148.3581 1.9502 -289.2071 3.1281 0.0000 -0.0000 240 pedestrian_0020
Pedestrian 1.00 1.00 0 0 0 0 0 0 0 0 -1000.00 -1000.00 -1000.00 -1000.00 1.1330 0.4333 0.6667 202.4774 -8.0599 -147.3080 -1.5369 0.0000 -0.0000 241 pedestrian_0011
Pedestrian 1.00 1.00 0 0 0 0 0 0 0 0 -1000.00 -1000.00 -1000.00 -1000.00 1.9158 0.4880 0.7507 -88.3577 2.1024 -174.3944 -3.0179 0.0000 -0.0000 242 pedestrian_0002
Pedestrian 1.00 1.00 0 0 0 0 0 0 0 0 -1000.00 -1000.00 -1000.00 -1000.00 1.3390 0.3253 0.3845 99.4859 1.9441 -60.1970 3.0988 0.0000 -0.0000 243 pedestrian_0014
Pedestrian 1.00 1.00 0 1 0 2 1 0 0 0 -1000.00 -1000.00 -1000.00 -1000.00 1.9158 0.4880 0.7507 -1.6471 2.0473 -147.0685 2.9757 0.0000 -0.0000 244 pedestrian_0006
Pedestrian 1.00 1.00 0 0 0 0 0 0 0 0 -1000.00 -1000.00 -1000.00 -1000.00 1.9158 0.4880 0.6635 203.1202 -8.0502 -142.2332 -1.5831 0.0000 -0.0000 245 pedestrian_0020
Pedestrian 1.00 1.00 0 0 0 0 0 0 0 0 -1000.00 -1000.00 -1000.00 -1000.00 1.9158 0.4880 0.7507 84.0773 2.1024 -82.5747 0.2374 0.0000 -0.0000 246 pedestrian_0022
Pedestrian 1.00 1.00 0 1 0 2 0 0 0 0 -1000.00 -1000.00 -1000.00 -1000.00 1.9158 0.4880 0.5878 -7.2540 2.0789 -170.4828 0.0454 0.0000 -0.0000 247 pedestrian_0002
Pedestrian 1.00 1.00 0 0 0 0 0 0 0 0 -1000.00 -1000.00 -1000.00 -1000.00 1.9158 0.4880 0.7463 146.3451 2.0741 -74.6131 1.5580 0.0000 -0.0000 248 pedestrian_0022
Pedestrian 0.00 1.00 0 0 1 18 0 0 0 0 18.65 360.01 30.26 373.63 1.9158 0.4880 0.7507 -131.9859 1.9167 78.1959 -3.0505 0.0000 -0.0000 249 pedestrian_0006
Pedestrian 1.00 1.00 0 0 0 0 0 0 0 0 -1000.00 -1000.00 -1000.00 -1000.00 1.9158 0.4880 0.4699 51.4912 1.9499 -171.2024 2.9910 0.0000 -0.0000 250 pedestrian_0019
Pedestrian 1.00 1.00 1 0 0 0 0 0 0 0 -1000.00 -1000.00 -1000.00 -1000.00 1.9158 0.4880 0.7507 -93.9962 2.1028 13.2538 1.6269 0.0000 -0.0000 251 pedestrian_0018
Pedestrian 1.00 1.00 0 0 0 0 0 0 0 0 -1000.00 -1000.00 -1000.00 -1000.00 1.9158 0.4880 0.7507 -272.5527 1.9505 -23.6901 1.5014 0.0000 -0.0000 252 pedestrian_0007
Pedestrian 1.00 1.00 0 0 0 0 0 0 0 0 -1000.00 -1000.00 -1000.00 -1000.00 1.9158 0.4880 0.3874 62.8450 2.1025 -74.8819 -0.2642 0.0000 -0.0000 253 pedestrian_0008
Pedestrian 1.00 1.00 0 0 0 0 0 0 0 0 -1000.00 -1000.00 -1000.00 -1000.00 1.9158 0.4880 0.5207 -269.0359 1.9506 51.8834 -1.7399 0.0000 -0.0000 254 pedestrian_0022
Pedestrian 0.00 1.00 0 0 0 0 0 0 0 0 564.51 360.13 568.14 367.51 1.9158 0.4880 0.5976 -102.4135 1.9506 144.1884 0.0046 0.0000 -0.0000 255 pedestrian_0024
Pedestrian 1.00 1.00 0 0 0 0 0 0 0 0 -1000.00 -1000.00 -1000.00 -1000.00 1.1330 0.4333 0.5322 137.6738 2.0464 -56.9192 3.0125 0.0000 -0.0000 256 pedestrian_0011
Pedestrian 1.00 1.00 0 0 0 0 0 0 0 0 -1000.00 -1000.00 -1000.00 -1000.00 1.9158 0.4880 0.4085 -71.2549 2.1024 -168.5948 -1.4466 0.0000 -0.0000 257 pedestrian_0006
Pedestrian 1.00 1.00 0 0 0 0 0 0 0 0 -1000.00 -1000.00 -1000.00 -1000.00 1.9158 0.4880 0.7465 132.6654 1.8943 -210.5179 -2.4769 0.0000 -0.0000 258 pedestrian_0005
Pedestrian 1.00 1.00 1 2 2 7 0 0 0 0 -1000.00 -1000.00 -1000.00 -1000.00 1.9158 0.4880 0.7507 -12.0348 1.8949 -98.7256 -1.5472 0.0000 -0.0000 259 pedestrian_0003
Pedestrian 1.00 1.00 0 0 0 0 0 0 0 0 -1000.00 -1000.00 -1000.00 -1000.00 1.9158 0.4880 0.7455 164.8364 -8.0500 -23.7891 1.5777 0.0000 -0.0000 260 pedestrian_0001
Pedestrian 1.00 1.00 0 0 0 0 0 0 0 0 -1000.00 -1000.00 -1000.00 -1000.00 1.3390 0.3253 0.4051 57.9666 2.0383 -215.2624 2.2135 0.0000 -0.0000 261 pedestrian_0014
Pedestrian 1.00 1.00 0 0 0 0 0 0 0 0 -1000.00 -1000.00 -1000.00 -1000.00 1.9158 0.4880 0.4394 -92.7018 1.9502 -58.8329 1.9990 0.0000 -0.0000 262 pedestrian_0020
Pedestrian 1.00 1.00 0 0 0 0 0 0 0 0 -1000.00 -1000.00 -1000.00 -1000.00 1.9158 0.4880 0.6221 -200.5549 1.9118 -36.7726 -1.5469 0.0000 -0.0000 263 pedestrian_0025
Pedestrian 1.00 1.00 0 0 0 0 0 0 0 0 -1000.00 -1000.00 -1000.00 -1000.00 1.9158 0.4880 0.7507 59.6123 1.9502 -6.7735 1.5374 0.0000 -0.0000 264 pedestrian_0026
Pedestrian 1.00 1.00 0 0 0 0 0 0 0 0 -1000.00 -1000.00 -1000.00 -1000.00 1.9158 0.4880 0.5224 -251.4121 1.9501 -234.7007 2.1996 0.0000 -0.0000 265 pedestrian_0025
Pedestrian 1.00 1.00 0 0 0 0 0 0 0 0 -1000.00 -1000.00 -1000.00 -1000.00 1.3390 0.3253 0.4254 9.7481 1.8874 -178.6185 2.0369 0.0000 -0.0000 266 pedestrian_0013
Pedestrian 1.00 1.00 0 0 0 0 0 0 0 0 -1000.00 -1000.00 -1000.00 -1000.00 1.9158 0.4880 0.3841 87.5698 1.9499 -172.8109 0.1139 0.0000 -0.0000 267 pedestrian_0015
Pedestrian 1.00 1.00 0 0 0 0 0 0 0 0 -1000.00 -1000.00 -1000.00 -1000.00 1.9158 0.4880 0.3879 125.6292 1.8944 -145.7948 -1.7189 0.0000 -0.0000 268 pedestrian_0021
Pedestrian 0.00 1.00 0 0 0 0 0 0 0 0 633.74 363.12 636.33 367.52 1.1330 0.4333 0.4221 -83.9225 1.9395 143.1394 -3.1078 0.0000 -0.0000 269 pedestrian_0010
Pedestrian 1.00 1.00 89 75 132 716 0 24 0 0 -1000.00 -1000.00 -1000.00 -1000.00 1.9158 0.4880 0.4470 -14.2175 1.8959 0.2542 1.9150 0.0000 -0.0000 270 pedestrian_0023
Pedestrian 1.00 1.00 1 0 0 4 0 0 0 0 -1000.00 -1000.00 -1000.00 -1000.00 1.3390 0.3253 0.5005 -81.4695 2.0944 27.9080 3.0375 0.0000 -0.0000 271 pedestrian_0013
Pedestrian 1.00 1.00 0 0 0 0 0 0 0 0 -1000.00 -1000.00 -1000.00 -1000.00 1.9158 0.4880 0.5860 -143.4102 1.9511 -288.6770 -0.1211 0.0000 -0.0000 272 pedestrian_0016
Pedestrian 1.00 1.00 0 0 0 0 0 0 0 0 -1000.00 -1000.00 -1000.00 -1000.00 1.3390 0.3253 0.5005 -74.0298 1.9418 -36.4988 -1.5538 0.0000 -0.0000 273 pedestrian_0014
Pedestrian 1.00 1.00 0 0 0 0 0 0 0 0 -1000.00 -1000.00 -1000.00 -1000.00 1.9158 0.4880 0.6190 -57.4665 2.0241 -170.0022 0.0693 0.0000 -0.0000 274 pedestrian_0019
Pedestrian 1.00 1.00 0 0 0 0 0 0 0 0 -1000.00 -1000.00 -1000.00 -1000.00 1.3390 0.3253 0.4991 -83.6475 2.0940 -172.8453 -3.1057 0.0000 -0.0000 275 pedestrian_0013
Pedestrian 1.00 1.00 0 0 0 0 0 0 0 0 -1000.00 -1000.00 -1000.00 -1000.00 1.9158 0.4880 0.6447 -92.0480 1.9500 -174.9475 -2.6795 0.0000 -0.0000 276 pedestrian_0023
Pedestrian 1.00 1.00 0 0 0 0 0 0 0 0 -1000.00 -1000.00 -1000.00 -1000.00 1.1330 0.4333 0.6667 146.4522 1.8831 -92.7321 -1.5738 0.0000 -0.0000 277 pedestrian_0011
Pedestrian 1.00 1.00 0 0 0 0 0 0 0 0 -1000.00 -1000.00 -1000.00 -1000.00 1.3390 0.3253 0.5005 117.0574 1.9416 -59.6987 3.0785 0.0000 -0.0000 278 pedestrian_0012
Pedestrian 1.00 1.00 0 0 0 0 0 0 0 0 -1000.00 -1000.00 -1000.00 -1000.00 1.9158 0.4880 0.5529 42.0928 -7.9888 -249.4504 0.0161 0.0000 -0.0000 279 pedestrian_0015
Pedestrian 1.00 1.00 0 0 0 1 0 0 0 0 -1000.00 -1000.00 -1000.00 -1000.00 1.9158 0.4880 0.4591 116.4892 1.9498 30.3480 -2.8379 0.0000 -0.0000 280 pedestrian_0017
Pedestrian 1.00 1.00 0 0 0 0 0 0 0 0 -1000.00 -1000.00 -1000.00 -1000.00 1.9158 0.4880 0.7507 201.4961 -8.0484 -51.2310 1.5880 0.0000 -0.0000 281 pedestrian_0005
Pedestrian 1.00 1.00 0 0 0 0 0 0 0 0 -1000.00 -1000.00 -1000.00 -1000.00 1.1330 0.4333 0.3549 78.4946 2.0807 -202.3552 -0.8069 0.0000 -0.0000 282 pedestrian_0009
Pedestrian 1.00 1.00 0 0 0 0 0 0 0 0 -1000.00 -1000.00 -1000.00 -1000.00 1.1330 0.4333 0.6667 -93.6376 1.9389 -22.5152 1.5796 0.0000 -0.0000 283 pedestrian_0009
Pedestrian 1.00 1.00 0 0 0 0 0 0 0 0 -1000.00 -1000.00 -1000.00 -1000.00 1.1330 0.4333 0.4160 208.3387 1.9385 -98.1104 1.5503 0.0000 -0.0000 284 pedestrian_0009
Pedestrian 1.00 1.00 0 0 0 0 0 0 0 0 -1000.00 -1000.00 -1000.00 -1000.00 1.9158 0.4880 0.7507 -180.1292 1.9382 -66.6302 -0.0076 0.0000 -0.0000 285 pedestrian_0024
Pedestrian 1.00 1.00 0 0 0 0 0 0 0 0 -1000.00 -1000.00 -1000.00 -1000.00 1.9158 0.4880 0.7507 99.8524 1.9498 -171.2735 -3.0617 0.0000 -0.0000 286 pedestrian_0023
Pedestrian 0.00 1.00 0 0 0 0 0 0 0 0 140.04 360.01 148.86 373.48 1.9158 0.4880 0.5543 -116.3555 1.9173 79.0776 3.0989 0.0000 -0.0000 287 pedestrian_0015
Pedestrian 1.00 1.00 0 0 0 0 0 0 0 0 -1000.00 -1000.00 -1000.00 -1000.00 1.9158 0.4880 0.7507 114.3791 -8.0637 -244.3019 0.3605 0.0000 -0.0000 288 pedestrian_0025
Pedestrian 0.00 1.00 0 0 0 0 0 0 0 0 1707.18 320.33 1710.85 325.78 1.1330 0.4333 0.3535 160.7062 -7.3594 118.9194 -0.6257 0.0000 -0.0000 289 pedestrian_0009
Pedestrian 1.00 1.00 0 0 0 0 0 0 0 0 -1000.00 -1000.00 -1000.00 -1000.00 1.9158 0.4880 0.7507 -60.1950 1.9500 -170.8607 -0.0243 0.0000 -0.0000 290 pedestrian_0019
Pedestrian 0.00 1.00 0 0 0 0 0 0 0 0 264.75 359.99 270.69 373.74 1.9158 0.4880 0.3754 -96.8976 1.9149 77.5793 -0.5852 0.0000 -0.0000 291 pedestrian_0007
Pedestrian 1.00 1.00 0 0 0 0 0 0 0 0 -1000.00 -1000.00 -1000.00 -1000.00 1.9158 0.4880 0.5865 -271.9418 1.9506 32.9867 1.4377 0.0000 -0.0000 292 pedestrian_0021
Pedestrian 1.00 1.00 0 0 0 0 0 0 0 0 -1000.00 -1000.00 -1000.00 -1000.00 1.3390 0.3253 0.4271 45.5696 1.9308 -19.5703 -2.5692 0.0000 -0.0000 293 pedestrian_0014
Pedestrian 0.00 1.00 0 0 0 0 0 0 0 0 1448.81 324.68 1453.43 332.43 1.9158 0.4880 0.7269 123.7313 -6.9612 139.6405 -0.2345 0.0000 -0.0000 294 pedestrian_0002
Pedestrian 1.00 1.00 0 0 0 0 0 0 0 0 -1000.00 -1000.00 -1000.00 -1000.00 1.9158 0.4880 0.7507 98.9670 1.9502 8.6757 0.0001 0.0000 -0.0000 295 pedestrian_0026
Pedestrian 1.00 1.00 0 0 0 0 0 0 0 0 -1000.00 -1000.00 -1000.00 -1000.00 1.9158 0.4880 0.7301 35.6831 1.9501 -79.0674 -0.0098 0.0000 -0.0000 296 pedestrian_0020
Pedestrian 1.00 1.00 0 0 0 0 0 0 0 0 -1000.00 -1000.00 -1000.00 -1000.00 1.9158 0.4880 0.7309 61.9697 1.9500 -113.6268 1.5314 0.0000 -0.0000 297 pedestrian_0016
Pedestrian 0.00 1.00 0 0 0 0 0 0 0 0 366.34 360.23 374.40 372.18 1.9158 0.4880 0.7507 -94.9545 1.9527 89.2603 -1.6283 0.0000 -0.0000 298 pedestrian_0024
Pedestrian 1.00 1.00 0 0 0 0 0 0 0 0 -1000.00 -1000.00 -1000.00 -1000.00 1.9158 0.4880 0.6736 151.1789 -7.6067 74.2842 -0.9783 0.0000 -0.0000 299 pedestrian_0001
Pedestrian 1.00 1.00 0 0 0 0 0 0 0 0 -1000.00 -1000.00 -1000.00 -1000.00 1.9158 0.4880 0.4895 -110.7483 1.9500 -172.8338 -3.1228 0.0000 -0.0000 300 pedestrian_0025
Pedestrian 1.00 1.00 0 0 0 0 0 0 0 0 -1000.00 -1000.00 -1000.00 -1000.00 1.9158 0.4880 0.4610 -126.0488 1.9525 -82.2669 -3.1334 0.0000 -0.0000 301 pedestrian_0016
Pedestrian 1.00 1.00 0 0 0 0 0 0 0 0 -1000.00 -1000.00 -1000.00 -1000.00 1.9158 0.4880 0.7507 -81.3995 2.1026 -62.8584 -3.1024 0.0000 -0.0000 302 pedestrian_0006
Pedestrian 0.00 0.45 11 2 9 125 0 0 0 0 726.08 375.84 737.12 400.12 1.3390 0.3253 0.4090 -11.5877 2.0393 28.1517 -3.1076 0.0000 -0.0000 303 pedestrian_0012
Pedestrian 1.00 1.00 0 0 0 0 0 0 0 0 -1000.00 -1000.00 -1000.00 -1000.00 1.9158 0.4880 0.4799 -75.9909 1.9498 -288.1284 -2.6033 0.0000 -0.0000 304 pedestrian_0024
Pedestrian 0.00 1.00 0 0 0 0 0 0 0 0 24.14 362.63 29.12 368.49 1.3390 0.3253 0.4891 -213.8746 1.9423 127.0042 -2.8212 0.0000 -0.0000 305 pedestrian_0013
Pedestrian 1.00 1.00 0 0 0 0 0 0 0 0 -1000.00 -1000.00 -1000.00 -1000.00 1.1330 0.4333 0.5237 -271.9997 1.9408 -1.1029 -1.5593 0.0000 -0.0000 306 pedestrian_0011
Pedestrian 1.00 1.00 0 0 0 0 0 0 0 0 -1000.00 -1000.00 -1000.00 -1000.00 1.9158 0.4880 0.6936 -32.8149 1.9500 -170.6274 -0.1153 0.0000 -0.0000 307 pedestrian_0024
Pedestrian 1.00 1.00 0 0 0 0 0 0 0 0 -1000.00 -1000.00 -1000.00 -1000.00 1.9158 0.4880 0.3879 -274.3948 1.9505 1.1015 -1.5642 0.0000 -0.0000 308 pedestrian_0004
Pedestrian 1.00 1.00 0 0 0 0 0 0 0 0 -1000.00 -1000.00 -1000.00 -1000.00 1.9158 0.4880 0.7167 86.1283 2.1026 22.4121 1.4546 0.0000 -0.0000 309 pedestrian_0019
Pedestrian 1.00 1.00 0 0 0 0 0 0 0 0 -1000.00 -1000.00 -1000.00 -1000.00 1.3390 0.3253 0.5005 185.3953 1.9425 -58.4096 -3.1321 0.0000 -0.0000 310 pedestrian_0012
Pedestrian 1.00 1.00 0 0 0 0 0 0 0 0 -1000.00 -1000.00 -1000.00 -1000.00 1.9158 0.4880 0.5091 75.4762 2.1023 -171.9660 -2.3973 0.0000 -0.0000 311 pedestrian_0022
Pedestrian 1.00 1.00 0 0 0 0 0 0 0 0 -1000.00 -1000.00 -1000.00 -1000.00 1.9158 0.4880 0.7507 156.9914 1.9498 -149.7098 0.0436 0.0000 -0.0000 312 pedestrian_0018
Pedestrian 1.00 1.00 0 1 3 18 0 1 0 0 -1000.00 -1000.00 -1000.00 -1000.00 1.9158 0.4880 0.5246 -69.2017 1.9504 25.8368 0.0550 0.0000 -0.0000 313 pedestrian_0022
Pedestrian 1.00 1.00 0 0 0 0 0 0 0 0 -1000.00 -1000.00 -1000.00 -1000.00 1.9158 0.4880 0.3887 34.0544 1.9499 -151.9593 -0.8946 0.0000 -0.0000 314 pedestrian_0005
Pedestrian 1.00 1.00 0 0 0 0 0 0 0 0 -1000.00 -1000.00 -1000.00 -1000.00 1.9158 0.4880 0.7507 125.3205 1.8948 5.1125 -1.3085 0.0000 -0.0000 315 pedestrian_0018
Pedestrian 1.00 1.00 0 0 0 0 0 0 0 0 -1000.00 -1000.00 -1000.00 -1000.00 1.9158 0.4880 0.7064 -272.6339 1.9505 -34.0298 -1.5605 0.0000 -0.0000 316 pedestrian_0024
Pedestrian 1.00 1.00 0 0 0 0 0 0 0 0 -1000.00 -1000.00 -1000.00 -1000.00 1.9158 0.4880 0.6544 -110.6001 1.9553 -83.3296 -3.1365 0.0000 -0.0000 317 pedestrian_0002
Pedestrian 1.00 1.00 0 0 0 0 0 0 0 0 -1000.00 -1000.00 -1000.00 -1000.00 1.3390 0.3253 0.3419 -94.8251 1.9412 -188.2523 1.5462 0.0000 -0.0000 318 pedestrian_0013
Pedestrian 1.00 1.00 0 0 0 0 0 0 0 0 -1000.00 -1000.00 -1000.00 -1000.00 1.9158 0.4880 0.7507 53.4762 1.9499 -151.4714 -0.0125 0.0000 -0.0000 319 pedestrian_0018
Pedestrian 1.00 1.00 0 0 0 0 0 0 0 0 -1000.00 -1000.00 -1000.00 -1000.00 1.9158 0.4880 0.5104 -70.2552 1.9502 -170.5893 -0.2211 0.0000 -0.0000 320 pedestrian_0006
Pedestrian 1.00 1.00 0 0 0 0 0 0 0 0 -1000.00 -1000.00 -1000.00 -1000.00 1.9158 0.4880 0.7507 -162.5209 1.9500 -288.7481 2.9271 0.0000 -0.0000 321 pedestrian_0021
Pedestrian 1.00 1.00 0 0 0 1 0 0 0 0 -1000.00 -1000.00 -1000.00 -1000.00 1.1330 0.4333 0.5370 -15.4347 1.9397 -80.7681 0.0682 0.0000 -0.0000 322 pedestrian_0010
Pedestrian 1.00 1.00 0 0 0 0 0 0 0 0 -1000.00 -1000.00 -1000.00 -1000.00 1.9158 0.4880 0.7507 104.3144 1.9501 -58.9189 0.0425 0.0000 -0.0000 323 pedestrian_0022
Pedestrian 1.00 1.00 0 0 0 0 0 0 0 0 -1000.00 -1000.00 -1000.00 -1000.00 1.9158 0.4880 0.4827 -186.3144 1.9364 -65.5202 1.2236 0.0000 -0.0000 324 pedestrian_0015
Pedestrian 1.00 1.00 0 0 1 0 0 0 0 0 -1000.00 -1000.00 -1000.00 -1000.00 1.9158 0.4880 0.6434 -95.1487 1.9504 48.1631 1.5670 0.0000 -0.0000 325 pedestrian_0005
Pedestrian 1.00 1.00 0 0 0 0 0 0 0 0 -1000.00 -1000.00 -1000.00 -1000.00 1.9158 0.4880 0.6192 200.6969 -8.0485 -21.0185 -1.5603 0.0000 -0.0000 326 pedestrian_0006
Pedestrian 1.00 1.00 0 0 0 0 0 0 0 0 -1000.00 -1000.00 -1000.00 -1000.00 1.9158 0.4880 0.7507 76.3400 2.1025 -59.8698 -3.0633 0.0000 -0.0000 327 pedestrian_0002
Pedestrian 1.00 1.00 11 7 13 83 3 0 0 0 -1000.00 -1000.00 -1000.00 -1000.00 1.9158 0.4880 0.6805 5.6247 1.8947 -45.2588 -1.7423 0.0000 -0.0000 328 pedestrian_0015
Pedestrian 0.00 1.00 0 0 0 0 0 0 0 0 292.70 360.14 296.67 367.66 1.9158 0.4880 0.4321 -169.7376 1.9507 141.4043 0.1345 0.0000 -0.0000 329 pedestrian_0005
Pedestrian 1.00 1.00 0 0 0 0 0 0 0 0 -1000.00 -1000.00 -1000.00 -1000.00 1.1330 0.4333 0.6667 -151.2986 1.9386 -289.2004 3.0807 0.0000 -0.0000 330 pedestrian_0010
Pedestrian 0.00 1.00 0 0 0 0 0 0 0 0 1180.46 359.87 1186.19 372.12 1.9158 0.4880 0.7026 35.0118 1.8949 86.8969 -0.0063 0.0000 -0.0000 331 pedestrian_0001
Pedestrian 1.00 1.00 0 0 0 0 0 0 0 0 -1000.00 -1000.00 -1000.00 -1000.00 1.9158 0.4880 0.3843 -93.8984 1.9503 -1.1689 -3.0235 0.0000 -0.0000 332 pedestrian_0017
Pedestrian 1.00 1.00 1 2 3 14 1 0 0 0 -1000.00 -1000.00 -1000.00 -1000.00 1.9158 0.4880 0.3754 -17.3573 1.9515 -80.1663 0.0854 0.0000 -0.0000 333 pedestrian_0023
Pedestrian 0.00 1.00 0 0 0 0 0 0 0 0 5.78 365.98 15.15 379.41 1.3390 0.3253 0.3740 -95.3182 1.9413 55.6392 1.4611 0.0000 -0.0000 334 pedestrian_0013
Pedestrian 1.00 1.00 0 0 0 0 0 0 0 0 -1000.00 -1000.00 -1000.00 -1000.00 1.9158 0.4880 0.7507 -92.3178 1.9528 -88.9648 1.6019 0.0000 -0.0000 335 pedestrian_0019
Pedestrian 1.00 1.00 23 19 28 153 0 6 0 0 -1000.00 -1000.00 -1000.00 -1000.00 1.9158 0.4880 0.6935 -34.4118 1.9517 5.6567 3.0680 0.0000 -0.0000 336 pedestrian_0017
Pedestrian 1.00 1.00 0 0 0 0 0 0 0 0 -1000.00 -1000.00 -1000.00 -1000.00 1.9158 0.4880 0.4619 -127.5313 1.9504 -289.1905 -2.9586 0.0000 -0.0000 337 pedestrian_0025
Pedestrian 1.00 1.00 0 0 0 0 0 0 0 0 -1000.00 -1000.00 -1000.00 -1000.00 1.9158 0.4880 0.7507 93.2630 -8.0663 -284.9888 -3.1168 0.0000 -0.0000 338 pedestrian_0006
Pedestrian 1.00 1.00 0 0 0 0 0 0 0 0 -1000.00 -1000.00 -1000.00 -1000.00 1.1330 0.4333 0.5616 -4.3425 -3.2990 -250.2552 -3.1057 0.0000 -0.0000 339 pedestrian_0011
Pedestrian 1.00 1.00 0 0 0 0 0 0 0 0 -1000.00 -1000.00 -1000.00 -1000.00 1.1330 0.4333 0.4133 126.5194 1.8852 -55.6970 -1.5262 0.0000 -0.0000 340 pedestrian_0011
Pedestrian 1.00 1.00 0 0 0 0 0 0 0 0 -1000.00 -1000.00 -1000.00 -1000.00 1.3390 0.3253 0.3150 208.1213 1.9434 -126.5215 -1.6575 0.0000 -0.0000 341 pedestrian_0013
Pedestrian 1.00 1.00 0 0 0 0 0 0 0 0 -1000.00 -1000.00 -1000.00 -1000.00 1.9158 0.4880 0.7507 83.3345 2.1024 -81.4906 0.6170 0.0000 -0.0000 342 pedestrian_0007
Pedestrian 1.00 1.00 0 2 3 6 0 0 0 0 -1000.00 -1000.00 -1000.00 -1000.00 1.9158 0.4880 0.7507 -11.4378 1.8949 -126.0890 -1.5553 0.0000 -0.0000 343 pedestrian_0021
Pedestrian 1.00 1.00 0 0 0 0 0 0 0 0 -1000.00 -1000.00 -1000.00 -1000.00 1.1330 0.4333 0.5975 202.2936 -8.0609 -137.3706 -1.5398 0.0000 -0.0000 344 pedestrian_0010
Pedestrian 1.00 1.00 13 19 33 186 9 0 0 0 -1000.00 -1000.00 -1000.00 -1000.00 1.9158 0.4880 0.5388 6.0096 1.8977 -31.4406 -1.5548 0.0000 -0.0000 345 pedestrian_0021
Pedestrian 1.00 1.00 0 0 0 10 0 0 0 1 -1000.00 -1000.00 -1000.00 -1000.00 1.3390 0.3253 0.3147 82.9252 1.9437 39.2149 -1.8304 0.0000 -0.0000 346 pedestrian_0014
Pedestrian 1.00 1.00 0 0 0 0 0 0 0 0 -1000.00 -1000.00 -1000.00 -1000.00 1.9158 0.4880 0.5603 -73.7824 1.9501 -117.5700 -1.5605 0.0000 -0.0000 347 pedestrian_0023
Pedestrian 1.00 1.00 4 2 4 25 0 0 0 0 -1000.00 -1000.00 -1000.00 -1000.00 1.9158 0.4880 0.3754 -17.0922 1.9517 -79.6997 0.1820 0.0000 -0.0000 348 pedestrian_0008
Pedestrian 1.00 1.00 0 0 0 0 0 0 0 0 -1000.00 -1000.00 -1000.00 -1000.00 1.9158 0.4880 0.7507 -228.9783 1.9507 115.5448 0.6830 0.0000 -0.0000 349 pedestrian_0006
Pedestrian 1.00 1.00 0 0 0 0 0 0 0 0 -1000.00 -1000.00 -1000.00 -1000.00 1.9158 0.4880 0.6550 86.2568 1.9498 -193.7240 -1.8468 0.0000 -0.0000 350 pedestrian_0022
Pedestrian 1.00 1.00 0 0 0 0 0 0 0 0 -1000.00 -1000.00 -1000.00 -1000.00 1.9158 0.4880 0.6009 78.4704 2.1023 -170.5959 -3.0352 0.0000 -0.0000 351 pedestrian_0023
Pedestrian 1.00 1.00 0 0 0 0 0 0 0 0 -1000.00 -1000.00 -1000.00 -1000.00 1.9158 0.4880 0.7144 14.4254 1.8951 -188.1647 2.0010 0.0000 -0.0000 352 pedestrian_0006
Pedestrian 0.00 1.00 0 0 0 0 0 0 0 0 1635.92 360.41 1652.84 383.62 1.9158 0.4880 0.7507 56.9857 1.9503 46.1555 1.5373 0.0000 -0.0000 353 pedestrian_0024
Pedestrian 0.00 1.00 0 0 0 0 0 0 0 0 791.88 362.55 794.95 366.93 1.1330 0.4333 0.6667 -43.2598 1.7967 143.9380 3.1378 0.0000 -0.0000 354 pedestrian_0011
Pedestrian 0.00 0.10 0 0 0 578 0 0 3 0 1652.42 361.46 1669.50 395.43 1.9158 0.4880 0.6470 39.7136 1.9503 31.3621 2.9749 0.0000 -0.0000 355 pedestrian_0017
Pedestrian 1.00 1.00 0 0 0 0 0 0 0 0 -1000.00 -1000.00 -1000.00 -1000.00 1.3390 0.3253 0.3490 165.4656 -8.0584 -63.5314 -1.5577 0.0000 -0.0000 356 pedestrian_0012
Pedestrian 1.00 1.00 0 0 0 0 0 0 0 0 -1000.00 -1000.00 -1000.00 -1000.00 1.9158 0.4880 0.4363 -194.5066 1.9501 -281.3555 2.6946 0.0000 -0.0000 357 pedestrian_0020
Pedestrian 1.00 1.00 0 0 0 0 1 0 0 0 -1000.00 -1000.00 -1000.00 -1000.00 1.9158 0.4880 0.5282 -13.7227 1.9500 -170.5987 -2.7082 0.0000 -0.0000 358 pedestrian_0017
Pedestrian 1.00 1.00 5 6 11 42 0 1 0 0 -1000.00 -1000.00 -1000.00 -1000.00 1.9158 0.4880 0.4989 -54.6747 1.9499 8.8546 3.1349 0.0000 -0.0000 359 pedestrian_0025
Pedestrian 1.00 1.00 0 0 0 0 0 0 0 0 -1000.00 -1000.00 -1000.00 -1000.00 1.3390 0.3253 0.5005 -186.9041 1.9425 -283.3835 -0.3352 0.0000 -0.0000 360 pedestrian_0013
Pedestrian 1.00 1.00 0 0 0 0 0 0 0 0 -1000.00 -1000.00 -1000.00 -1000.00 1.3390 0.3253 0.5005 -139.9505 1.9415 -288.8568 3.1376 0.0000 -0.0000 361 pedestrian_0013
Pedestrian 1.00 1.00 0 0 0 0 0 0 0 0 -1000.00 -1000.00 -1000.00 -1000.00 1.3390 0.3253 0.4072 43.2703 1.9293 -20.8041 -2.6201 0.0000 -0.0000 362 pedestrian_0013
Pedestrian 1.00 1.00 0 0 0 0 0 0 0 0 -1000.00 -1000.00 -1000.00 -1000.00 1.1330 0.4333 0.3765 -62.3976 1.9282 -6.6634 1.9943 0.0000 -0.0000 363 pedestrian_0011
Pedestrian 1.00 1.00 0 0 0 0 0 0 0 0 -1000.00 -1000.00 -1000.00 -1000.00 1.3390 0.3253 0.4095 34.1013 1.8860 -201.7640 3.0701 0.0000 -0.0000 364 pedestrian_0012
Pedestrian 1.00 1.00 0 0 0 0 0 0 0 0 -1000.00 -1000.00 -1000.00 -1000.00 1.9158 0.4880 0.5211 126.5673 1.8946 -23.6979 -1.4678 0.0000 -0.0000 365 pedestrian_0023
Pedestrian 0.00 1.00 0 0 0 0 0 0 0 0 122.31 360.01 130.52 373.57 1.9158 0.4880 0.4347 -118.0990 1.9169 78.5260 -0.0306 0.0000 -0.0000 366 pedestrian_0005
Pedestrian 1.00 1.00 0 0 0 0 0 0 0 0 -1000.00 -1000.00 -1000.00 -1000.00 1.9158 0.4880 0.6236 -199.3405 1.9142 -115.7264 1.6828 0.0000 -0.0000 367 pedestrian_0021
Pedestrian 1.00 1.00 0 0 0 0 0 0 0 0 -1000.00 -1000.00 -1000.00 -1000.00 1.1330 0.4333 0.4195 -146.6536 1.9694 -62.8285 -0.0589 0.0000 -0.0000 368 pedestrian_0010
Pedestrian 1.00 1.00 0 0 0 0 0 0 0 0 -1000.00 -1000.00 -1000.00 -1000.00 1.9158 0.4880 0.6114 29.2561 1.8946 -201.1532 -0.6792 0.0000 -0.0000 369 pedestrian_0020
Pedestrian 1.00 1.00 0 0 0 0 0 0 0 0 -1000.00 -1000.00 -1000.00 -1000.00 1.3390 0.3253 0.3939 61.8872 1.9408 -104.5021 1.7884 0.0000 -0.0000 370 pedestrian_0012
Pedestrian 1.00 1.00 0 0 0 0 0 0 0 0 -1000.00 -1000.00 -1000.00 -1000.00 1.9158 0.4880 0.6762 61.8131 1.9515 -34.6647 -1.5928 0.0000 -0.0000 371 pedestrian_0015
Pedestrian 1.00 1.00 0 0 0 0 0 0 0 0 -1000.00 -1000.00 -1000.00 -1000.00 1.9158 0.4880 0.7507 57.5550 1.9499 -1.8200 1.6425 0.0000 -0.0000 372 pedestrian_0007
Pedestrian 1.00 1.00 0 0 0 0 0 0 0 0 -1000.00 -1000.00 -1000.00 -1000.00 1.9158 0.4880 0.6376 -271.6481 1.9525 -67.3990 -1.6615 0.0000 -0.0000 373 pedestrian_0008
Pedestrian 1.00 1.00 0 0 0 0 0 0 0 0 -1000.00 -1000.00 -1000.00 -1000.00 1.9158 0.4880 0.6188 74.4778 2.1025 -59.5035 3.0867 0.0000 -0.0000 374 pedestrian_0020
Pedestrian 1.00 1.00 0 0 0 0 0 0 0 0 -1000.00 -1000.00 -1000.00 -1000.00 1.9158 0.4880 0.5296 -38.7397 1.9501 -171.4038 0.0235 0.0000 -0.0000 375 pedestrian_0015
Pedestrian 1.00 1.00 0 0 0 0 0 0 0 0 -1000.00 -1000.00 -1000.00 -1000.00 1.3390 0.3253 0.3315 -56.3344 1.9452 -80.8490 0.0389 0.0000 -0.0000 376 pedestrian_0012
Pedestrian 1.00 1.00 0 0 0 0 0 0 0 0 -1000.00 -1000.00 -1000.00 -1000.00 1.9158 0.4880 0.4320 109.0844 1.9475 -171.6861 0.2242 0.0000 -0.0000 377 pedestrian_0017
Pedestrian 1.00 1.00 0 0 0 0 0 0 0 0 -1000.00 -1000.00 -1000.00 -1000.00 1.9158 0.4880 0.7507 125.0249 1.8947 0.8492 1.4371 0.0000 -0.0000 378 pedestrian_0025
Pedestrian 1.00 1.00 0 0 0 0 0 0 0 0 -1000.00 -1000.00 -1000.00 -1000.00 1.1330 0.4333 0.6667 -94.5969 1.9390 39.2014 1.6079 0.0000 -0.0000 379 pedestrian_0009
Pedestrian 1.00 1.00 0 0 0 0 0 0 0 0 -1000.00 -1000.00 -1000.00 -1000.00 1.9158 0.4880 0.6165 60.6672 1.9500 -101.2540 1.6385 0.0000 -0.0000 380 pedestrian_0002
Pedestrian 1.00 1.00 0 0 0 0 0 0 0 0 -1000.00 -1000.00 -1000.00 -1000.00 1.3390 0.3253 0.3418 -76.2461 1.9416 -287.5307 0.2263 0.0000 -0.0000 381 pedestrian_0013
Pedestrian 1.00 1.00 0 0 0 0 0 0 0 0 -1000.00 -1000.00 -1000.00 -1000.00 1.3390 0.3253 0.2502 63.9384 1.9612 -171.6282 2.6011 0.0000 -0.0000 382 pedestrian_0012
Pedestrian 0.00 0.59 2 5 7 168 0 0 0 0 487.24 385.71 508.39 414.07 1.1330 0.4333 0.5834 -17.9174 2.0913 21.4397 -2.0524 0.0000 -0.0000 383 pedestrian_0010
Pedestrian 1.00 1.00 0 0 0 0 0 0 0 0 -1000.00 -1000.00 -1000.00 -1000.00 1.3390 0.3253 0.5005 -149.5456 1.9416 -288.5348 0.0349 0.0000 -0.0000 384 pedestrian_0013
Pedestrian 0.00 1.00 0 0 0 0 0 0 0 0 1161.81 359.82 1169.52 376.11 1.9158 0.4880 0.7507 24.3398 1.8949 65.5943 -2.6225 0.0000 -0.0000 385 pedestrian_0015
Pedestrian 1.00 1.00 2 5 7 38 0 0 0 0 -1000.00 -1000.00 -1000.00 -1000.00 1.9158 0.4880 0.5638 -65.6520 1.9504 25.9811 0.0049 0.0000 -0.0000 386 pedestrian_0018
Pedestrian 1.00 1.00 0 0 0 0 0 0 0 0 -1000.00 -1000.00 -1000.00 -1000.00 1.3390 0.3253 0.3809 -130.5570 1.9414 -288.1989 0.0132 0.0000 -0.0000 387 pedestrian_0013
Pedestrian 1.00 1.00 0 0 0 0 0 0 0 0 -1000.00 -1000.00 -1000.00 -1000.00 1.9158 0.4880 0.5944 188.3581 1.9498 -148.4059 -2.8513 0.0000 -0.0000 388 pedestrian_0022
Pedestrian 1.00 1.00 0 0 0 0 0 0 0 0 -1000.00 -1000.00 -1000.00 -1000.00 1.9158 0.4880 0.5742 -271.2044 1.9504 -73.7380 1.6092 0.0000 -0.0000 389 pedestrian_0003
Pedestrian 1.00 1.00 0 0 0 0 0 0 0 0 -1000.00 -1000.00 -1000.00 -1000.00 1.9158 0.4880 0.7507 -163.9740 1.9500 -288.5014 2.9595 0.0000 -0.0000 390 pedestrian_0021
Pedestrian 1.00 1.00 0 0 0 0 0 0 0 0 -1000.00 -1000.00 -1000.00 -1000.00 1.9158 0.4880 0.7507 -150.7910 1.9170 75.6888 0.1651 0.0000 -0.0000 391 pedestrian_0016
Pedestrian 1.00 1.00 0 0 0 0 0 0 0 0 -1000.00 -1000.00 -1000.00 -1000.00 1.9158 0.4880 0.4799 -127.7665 1.9490 -288.5104 -3.0928 0.0000 -0.0000 392 pedestrian_0005
Pedestrian 1.00 1.00 0 0 0 0 0 0 0 0 -1000.00 -1000.00 -1000.00 -1000.00 1.9158 0.4880 0.4774 153.0599 -8.0542 -214.5754 0.8829 0.0000 -0.0000 393 pedestrian_0026
Pedestrian 1.00 1.00 0 0 0 0 0 0 0 0 -1000.00 -1000.00 -1000.00 -1000.00 1.9158 0.4880 0.7507 63.9572 2.1025 -57.0941 3.0813 0.0000 -0.0000 394 pedestrian_0022
Pedestrian 1.00 1.00 0 0 0 0 0 0 0 0 -1000.00 -1000.00 -1000.00 -1000.00 1.1330 0.4333 0.6667 164.1173 -8.0532 -3.9088 1.5860 0.0000 -0.0000 395 pedestrian_0010
Pedestrian 1.00 1.00 0 1 0 10 0 0 0 0 -1000.00 -1000.00 -1000.00 -1000.00 1.9158 0.4880 0.7507 96.6508 1.9502 30.1507 3.1152 0.0000 -0.0000 396 pedestrian_0006
Pedestrian 1.00 1.00 0 0 0 0 0 0 0 0 -1000.00 -1000.00 -1000.00 -1000.00 1.3390 0.3253 0.5005 -91.9222 1.9417 -138.5649 -1.6086 0.0000 -0.0000 397 pedestrian_0012
Pedestrian 1.00 1.00 0 0 0 0 0 0 0 0 -1000.00 -1000.00 -1000.00 -1000.00 1.1330 0.4333 0.6667 44.1372 1.8830 -200.9918 -3.1395 0.0000 -0.0000 398 pedestrian_0010
Pedestrian 1.00 1.00 0 0 0 0 0 0 0 0 -1000.00 -1000.00 -1000.00 -1000.00 1.9158 0.4880 0.7123 -166.8269 1.9143 71.3273 -2.8418 0.0000 -0.0000 399 pedestrian_0007
Pedestrian 1.00 1.00 0 0 0 0 0 0 0 0 -1000.00 -1000.00 -1000.00 -1000.00 1.9158 0.4880 0.6437 200.1891 -7.9730 25.8183 -1.5294 0.0000 -0.0000 400 pedestrian_0001
Pedestrian 1.00 1.00 776 1063 1733 14477 0 0 0 198 -1000.00 -1000.00 -1000.00 -1000.00 1.9158 0.4880 0.7507 4.4882 1.8973 -3.8021 1.7047 0.0000 -0.0000 401 pedestrian_0016
Pedestrian 1.00 1.00 0 0 0 0 0 0 0 0 -1000.00 -1000.00 -1000.00 -1000.00 1.9158 0.4880 0.7507 -244.1506 1.9507 100.7643 0.8230 0.0000 -0.0000 402 pedestrian_0021
Pedestrian 1.00 1.00 0 0 0 0 0 0 0 0 -1000.00 -1000.00 -1000.00 -1000.00 1.9158 0.4880 0.6310 67.3134 2.1025 -59.3347 0.0250 0.0000 -0.0000 403 pedestrian_0006
Pedestrian 0.00 1.00 1 1 1 68 0 0 0 0 64.60 360.33 76.45 378.34 1.9158 0.4880 0.4751 -95.0348 1.9509 59.2206 1.6277 0.0000 -0.0000 404 pedestrian_0023
Pedestrian 1.00 1.00 0 0 0 0 0 0 0 0 -1000.00 -1000.00 -1000.00 -1000.00 1.1330 0.4333 0.5818 61.7278 1.9386 -101.9606 -1.6090 0.0000 -0.0000 405 pedestrian_0011
Pedestrian 1.00 1.00 356 407 634 9124 0 0 0 91 -1000.00 -1000.00 -1000.00 -1000.00 1.9158 0.4880 0.5293 5.8406 1.8951 -6.8236 -1.5677 0.0000 -0.0000 406 pedestrian_0004
Pedestrian 1.00 1.00 0 0 0 0 0 0 0 0 -1000.00 -1000.00 -1000.00 -1000.00 1.9158 0.4880 0.4918 46.7911 1.9499 -170.6932 3.1398 0.0000 -0.0000 407 pedestrian_0026
Pedestrian 1.00 1.00 0 0 0 0 0 0 0 0 -1000.00 -1000.00 -1000.00 -1000.00 1.3390 0.3253 0.3653 145.1439 1.8882 -19.5233 -1.5899 0.0000 -0.0000 408 pedestrian_0013
Pedestrian 1.00 1.00 0 0 0 0 0 0 0 0 -1000.00 -1000.00 -1000.00 -1000.00 1.1330 0.4333 0.5878 -93.7678 2.0609 -224.2847 -1.5342 0.0000 -0.0000 409 pedestrian_0010
Pedestrian 1.00 1.00 0 0 0 0 0 0 0 0 -1000.00 -1000.00 -1000.00 -1000.00 1.9158 0.4880 0.5435 144.2163 1.8953 39.4297 -1.5178 0.0000 -0.0000 410 pedestrian_0020
Pedestrian 1.00 1.00 0 0 0 0 0 0 0 0 -1000.00 -1000.00 -1000.00 -1000.00 1.9158 0.4880 0.4685 -94.4231 1.9500 -171.2985 -1.6827 0.0000 -0.0000 411 pedestrian_0025
Pedestrian 1.00 1.00 0 0 0 0 0 0 0 0 -1000.00 -1000.00 -1000.00 -1000.00 1.1330 0.4333 0.6667 123.3014 1.8835 50.8354 -1.3738 0.0000 -0.0000 412 pedestrian_0010
Pedestrian 1.00 1.00 0 0 0 0 0 0 0 0 -1000.00 -1000.00 -1000.00 -1000.00 1.9158 0.4880 0.4019 127.8605 1.8944 -138.8791 1.2532 0.0000 -0.0000 413 pedestrian_0015
Pedestrian 1.00 1.00 0 0 0 0 0 0 0 0 -1000.00 -1000.00 -1000.00 -1000.00 1.1330 0.4333 0.6667 87.2583 1.9384 -190.0501 1.6343 0.0000 -0.0000 414 pedestrian_0011
Pedestrian 1.00 1.00 4 7 11 44 13 0 0 0 -1000.00 -1000.00 -1000.00 -1000.00 1.9158 0.4880 0.5776 -1.2911 2.0481 -59.5473 3.0135 0.0000 -0.0000 415 pedestrian_0025
Pedestrian 1.00 1.00 0 0 0 0 0 0 0 0 -1000.00 -1000.00 -1000.00 -1000.00 1.1330 0.4333 0.6527 164.5147 -8.0614 -37.0611 1.5789 0.0000 -0.0000 416 pedestrian_0009
Pedestrian 0.00 1.00 0 0 0 0 0 0 0 0 1338.14 317.24 1343.65 327.13 1.9158 0.4880 0.7507 75.0977 -6.4961 109.2809 -0.0261 0.0000 -0.0000 417 pedestrian_0026
Pedestrian 1.00 1.00 0 0 0 0 0 0 0 0 -1000.00 -1000.00 -1000.00 -1000.00 1.9158 0.4880 0.7507 -272.8344 1.9520 -41.1422 -1.5217 0.0000 -0.0000 418 pedestrian_0019
Pedestrian 1.00 1.00 3 4 6 40 10 0 0 0 -1000.00 -1000.00 -1000.00 -1000.00 1.9158 0.4880 0.7507 0.2918 2.0579 -60.5709 0.0005 0.0000 -0.0000 419 pedestrian_0018
Pedestrian 1.00 1.00 0 0 0 0 0 0 0 0 -1000.00 -1000.00 -1000.00 -1000.00 1.9158 0.4880 0.6584 -92.0777 1.9500 -288.2638 0.0077 0.0000 -0.0000 420 pedestrian_0026
Pedestrian 1.00 1.00 0 0 0 0 0 0 0 0 -1000.00 -1000.00 -1000.00 -1000.00 1.9158 0.4880 0.3754 145.4278 1.8945 -82.3039 1.9115 0.0000 -0.0000 421 pedestrian_0005
Pedestrian 1.00 1.00 0 0 0 0 0 0 0 0 -1000.00 -1000.00 -1000.00 -1000.00 1.9158 0.4880 0.7507 62.9430 1.9500 -103.1578 -1.5172 0.0000 -0.0000 422 pedestrian_0021
Pedestrian 1.00 1.00 0 0 0 0 0 0 0 0 -1000.00 -1000.00 -1000.00 -1000.00 1.9158 0.4880 0.6664 137.5588 2.0916 -149.7116 0.0300 0.0000 -0.0000 423 pedestrian_0025
Pedestrian 1.00 1.00 0 0 0 0 0 0 0 0 -1000.00 -1000.00 -1000.00 -1000.00 1.9158 0.4880 0.4770 126.4313 1.8945 -87.0700 1.4766 0.0000 -0.0000 424 pedestrian_0008
Pedestrian 0.00 1.00 10 6 11 99 0 0 0 2 1794.05 360.63 1818.15 398.23 1.9158 0.4880 0.4741 43.5299 1.9483 28.5190 -0.1381 0.0000 -0.0000 425 pedestrian_0018
Pedestrian 1.00 1.00 0 0 0 0 0 0 0 0 -1000.00 -1000.00 -1000.00 -1000.00 1.9158 0.4880 0.4545 -172.8836 1.9337 -83.1731 3.1295 0.0000 -0.0000 426 pedestrian_0020
Pedestrian 1.00 1.00 0 0 0 0 0 0 0 0 -1000.00 -1000.00 -1000.00 -1000.00 1.3390 0.3253 0.4510 -57.2106 1.9437 -171.0728 3.1254 0.0000 -0.0000 427 pedestrian_0012
Pedestrian 1.00 1.00 0 0 0 0 0 0 0 0 -1000.00 -1000.00 -1000.00 -1000.00 1.1330 0.4333 0.4530 128.4631 1.8856 -119.0988 -1.5961 0.0000 -0.0000 428 pedestrian_0011
Pedestrian 1.00 1.00 0 0 0 0 0 0 0 0 -1000.00 -1000.00 -1000.00 -1000.00 1.9158 0.4880 0.5392 -112.7686 1.9502 -172.2939 2.9288 0.0000 -0.0000 429 pedestrian_0006
Pedestrian 1.00 1.00 0 0 0 0 0 0 0 0 -1000.00 -1000.00 -1000.00 -1000.00 1.9158 0.4880 0.6182 126.0624 1.8953 -22.7651 -1.6047 0.0000 -0.0000 430 pedestrian_0021
Pedestrian 1.00 1.00 0 0 0 0 0 0 0 0 -1000.00 -1000.00 -1000.00 -1000.00 1.9158 0.4880 0.4912 -60.5186 1.9512 -62.7340 -3.1097 0.0000 -0.0000 431 pedestrian_0026
Pedestrian 0.00 1.00 0 0 0 0 0 0 0 0 1146.75 319.82 1151.51 329.80 1.9158 0.4880 0.7507 36.9575 -5.9158 108.3100 0.0643 0.0000 -0.0000 432 pedestrian_0026
Pedestrian 1.00 1.00 0 0 0 0 0 0 0 0 -1000.00 -1000.00 -1000.00 -1000.00 1.9158 0.4880 0.4830 -73.5934 1.9501 -108.6514 -1.6305 0.0000 -0.0000 433 pedestrian_0002
Pedestrian 1.00 1.00 0 0 0 0 0 0 0 0 -1000.00 -1000.00 -1000.00 -1000.00 1.9158 0.4880 0.7507 210.0525 2.1022 -139.4949 3.0156 0.0000 -0.0000 434 pedestrian_0001
Pedestrian 1.00 1.00 0 0 0 0 0 0 0 0 -1000.00 -1000.00 -1000.00 -1000.00 1.9158 0.4880 0.6603 143.2335 -8.0626 -270.7409 0.5316 0.0000 -0.0000 435 pedestrian_0022
Pedestrian 1.00 1.00 0 0 0 5 0 0 0 0 -1000.00 -1000.00 -1000.00 -1000.00 1.9158 0.4880 0.4430 59.7644 1.9502 9.0921 -1.3014 0.0000 -0.0000 436 pedestrian_0005
Pedestrian 1.00 1.00 0 0 0 0 0 0 0 0 -1000.00 -1000.00 -1000.00 -1000.00 1.3390 0.3253 0.5005 12.6903 1.9417 -60.4410 3.1355 0.0000 -0.0000 437 pedestrian_0013
Pedestrian 1.00 1.00 0 0 0 0 0 0 0 0 -1000.00 -1000.00 -1000.00 -1000.00 1.1330 0.4333 0.6667 -248.9566 1.9402 -238.3170 2.1826 0.0000 -0.0000 438 pedestrian_0011
Pedestrian 1.00 1.00 2 0 0 3 0 0 0 0 -1000.00 -1000.00 -1000.00 -1000.00 1.9158 0.4880 0.3919 -91.9139 2.1028 28.7757 -2.9324 0.0000 -0.0000 439 pedestrian_0006
Pedestrian 0.00 1.00 0 0 0 0 0 0 0 0 1035.02 337.11 1037.10 342.30 1.3390 0.3253 0.4934 19.8042 -4.6146 144.3179 -3.1185 0.0000 -0.0000 440 pedestrian_0014
Pedestrian 1.00 1.00 1 1 2 4 0 0 0 0 -1000.00 -1000.00 -1000.00 -1000.00 1.9158 0.4880 0.3912 -95.3281 1.9501 29.0666 -1.4436 0.0000 -0.0000 441 pedestrian_0025
Pedestrian 1.00 1.00 0 0 0 0 0 0 0 0 -1000.00 -1000.00 -1000.00 -1000.00 1.9158 0.4880 0.4930 -238.8003 1.9507 107.4623 -2.2715 0.0000 -0.0000 442 pedestrian_0003
Pedestrian 1.00 1.00 0 0 0 0 0 0 0 0 -1000.00 -1000.00 -1000.00 -1000.00 1.9158 0.4880 0.7507 126.4892 2.0989 -68.5549 1.0602 0.0000 -0.0000 443 pedestrian_0024
Pedestrian 1.00 1.00 3 0 1 10 1 0 0 0 -1000.00 -1000.00 -1000.00 -1000.00 1.9158 0.4880 0.5059 5.7344 1.8930 -114.1659 1.5792 0.0000 -0.0000 444 pedestrian_0007
Pedestrian 1.00 1.00 0 0 0 0 0 0 0 0 -1000.00 -1000.00 -1000.00 -1000.00 1.9158 0.4880 0.4108 -109.0850 1.9555 -62.0998 0.0160 0.0000 -0.0000 445 pedestrian_0023
Pedestrian 1.00 1.00 0 0 0 0 0 0 0 0 -1000.00 -1000.00 -1000.00 -1000.00 1.9158 0.4880 0.5665 -265.5899 1.9490 63.6914 1.2916 0.0000 -0.0000 446 pedestrian_0026
Pedestrian 1.00 1.00 0 0 0 0 0 0 0 0 -1000.00 -1000.00 -1000.00 -1000.00 1.1330 0.4333 0.6304 166.0204 -8.0590 -99.5075 -1.5536 0.0000 -0.0000 447 pedestrian_0009
Pedestrian 1.00 1.00 0 0 0 0 0 0 0 0 -1000.00 -1000.00 -1000.00 -1000.00 1.9158 0.4880 0.6768 127.8094 -8.0598 -238.5251 0.4461 0.0000 -0.0000 448 pedestrian_0015
Pedestrian 1.00 1.00 0 0 0 0 0 0 0 0 -1000.00 -1000.00 -1000.00 -1000.00 1.9158 0.4880 0.3817 152.9662 1.9500 -77.0876 3.0955 0.0000 -0.0000 449 pedestrian_0017
Pedestrian 1.00 1.00 2 1 3 11 1 0 0 0 -1000.00 -1000.00 -1000.00 -1000.00 1.9158 0.4880 0.6479 7.4901 1.8949 -118.8877 1.5801 0.0000 -0.0000 450 pedestrian_0023
Pedestrian 1.00 1.00 0 0 0 0 0 0 0 0 -1000.00 -1000.00 -1000.00 -1000.00 1.9158 0.4880 0.4813 -62.5900 1.9399 -5.5170 2.1401 0.0000 -0.0000 451 pedestrian_0001
Pedestrian 1.00 1.00 0 0 0 0 0 0 0 0 -1000.00 -1000.00 -1000.00 -1000.00 1.9158 0.4880 0.5173 -190.6963 1.9169 37.3939 -2.3067 0.0000 -0.0000 452 pedestrian_0017
Pedestrian 1.00 1.00 3 1 3 16 3 0 0 0 -1000.00 -1000.00 -1000.00 -1000.00 1.1330 0.4333 0.6249 1.9929 2.0394 -60.3351 3.1387 0.0000 -0.0000 453 pedestrian_0011
Pedestrian 1.00 1.00 0 0 0 0 0 0 0 0 -1000.00 -1000.00 -1000.00 -1000.00 1.9158 0.4880 0.7130 -265.6199 1.9527 -198.4642 -1.3094 0.0000 -0.0000 454 pedestrian_0018
Pedestrian 1.00 1.00 0 0 0 0 0 0 0 0 -1000.00 -1000.00 -1000.00 -1000.00 1.9158 0.4880 0.6982 146.5370 1.8944 -177.9760 1.5517 0.0000 -0.0000 455 pedestrian_0021
Pedestrian 1.00 1.00 0 0 0 0 0 0 0 0 -1000.00 -1000.00 -1000.00 -1000.00 1.9158 0.4880 0.5028 208.1370 1.9502 -52.7465 -1.9465 0.0000 -0.0000 456 pedestrian_0007
Pedestrian 1.00 1.00 1 5 6 31 4 0 0 0 -1000.00 -1000.00 -1000.00 -1000.00 1.9158 0.4880 0.7507 7.7881 2.1025 -65.0942 -1.6430 0.0000 -0.0000 457 pedestrian_0021
Pedestrian 0.00 1.00 0 0 0 0 0 0 0 0 1179.84 318.66 1184.64 328.64 1.9158 0.4880 0.7507 43.4090 -6.1396 108.2631 3.1017 0.0000 -0.0000 458 pedestrian_0019
Pedestrian 0.00 1.00 0 0 0 0 0 0 0 0 253.62 363.18 258.08 367.69 1.1330 0.4333 0.5483 -177.9468 1.9393 140.0686 0.1636 0.0000 -0.0000 459 pedestrian_0009
Pedestrian 0.00 1.00 0 0 0 0 0 0 0 0 140.44 360.14 146.47 368.07 1.9158 0.4880 0.6605 -197.9433 1.9507 134.3615 0.3515 0.0000 -0.0000 460 pedestrian_0004
Pedestrian 1.00 1.00 0 0 0 0 0 0 0 0 -1000.00 -1000.00 -1000.00 -1000.00 1.3390 0.3253 0.4249 -94.8497 1.9419 -31.2876 1.6151 0.0000 -0.0000 461 pedestrian_0012
Pedestrian 1.00 1.00 0 0 0 0 0 0 0 0 -1000.00 -1000.00 -1000.00 -1000.00 1.9158 0.4880 0.5960 -143.2419 2.1027 -70.0282 1.5433 0.0000 -0.0000 462 pedestrian_0006
Pedestrian 1.00 1.00 2 2 3 22 2 0 0 0 -1000.00 -1000.00 -1000.00 -1000.00 1.1330 0.4333 0.6667 1.5729 2.0357 -58.6412 -2.7939 0.0000 -0.0000 463 pedestrian_0009
Pedestrian 1.00 1.00 0 0 0 0 0 0 0 0 -1000.00 -1000.00 -1000.00 -1000.00 1.3390 0.3253 0.5005 -71.9200 2.0940 -161.8237 -1.4090 0.0000 -0.0000 464 pedestrian_0014
Pedestrian 1.00 1.00 0 0 0 0 0 0 0 0 -1000.00 -1000.00 -1000.00 -1000.00 1.1330 0.4333 0.6667 -93.6319 2.0910 -164.8037 -1.6074 0.0000 -0.0000 465 pedestrian_0010
Pedestrian 1.00 1.00 0 0 0 0 0 0 0 0 -1000.00 -1000.00 -1000.00 -1000.00 1.9158 0.4880 0.7460 -57.1405 1.9349 -17.8273 1.4987 0.0000 -0.0000 466 pedestrian_0017
Pedestrian 1.00 1.00 19 28 48 310 0 6 0 0 -1000.00 -1000.00 -1000.00 -1000.00 1.9158 0.4880 0.5128 -22.9641 1.9506 8.3625 -3.0740 0.0000 -0.0000 467 pedestrian_0004
Pedestrian 0.00 1.00 5 2 8 111 0 0 0 2 1812.70 360.69 1838.27 399.32 1.9158 0.4880 0.5740 43.3601 1.9506 27.7709 -3.0278 0.0000 -0.0000 468 pedestrian_0021
Pedestrian 1.00 1.00 0 0 0 0 0 0 0 0 -1000.00 -1000.00 -1000.00 -1000.00 1.3390 0.3253 0.3255 83.6105 2.0941 -59.0170 -0.1566 0.0000 -0.0000 469 pedestrian_0013
Pedestrian 1.00 1.00 0 0 0 0 0 0 0 0 -1000.00 -1000.00 -1000.00 -1000.00 1.9158 0.4880 0.7507 136.5413 2.0469 -80.4916 0.2697 0.0000 -0.0000 470 pedestrian_0001
Pedestrian 1.00 1.00 0 0 0 0 0 0 0 0 -1000.00 -1000.00 -1000.00 -1000.00 1.9158 0.4880 0.3754 122.8228 1.9500 -59.2348 0.0297 0.0000 -0.0000 471 pedestrian_0015
Pedestrian 0.00 1.00 0 0 0 1 0 0 0 0 692.67 360.13 696.44 367.52 1.9158 0.4880 0.7507 -68.9739 1.9506 144.0201 0.0305 0.0000 -0.0000 472 pedestrian_0024
Pedestrian 1.00 1.00 0 0 0 0 0 0 0 0 -1000.00 -1000.00 -1000.00 -1000.00 1.3390 0.3253 0.3324 -74.2540 1.9434 -186.0572 1.5549 0.0000 -0.0000 473 pedestrian_0013
Pedestrian 1.00 1.00 0 0 0 0 0 0 0 0 -1000.00 -1000.00 -1000.00 -1000.00 1.9158 0.4880 0.6848 -146.4224 1.9499 -289.7691 3.0414 0.0000 -0.0000 474 pedestrian_0018
Pedestrian 1.00 1.00 0 1 1 0 0 0 0 0 -1000.00 -1000.00 -1000.00 -1000.00 1.3390 0.3253 0.2797 -13.1977 1.9415 -171.8125 -3.1312 0.0000 -0.0000 475 pedestrian_0012
Pedestrian 1.00 1.00 1 3 5 15 0 0 0 0 -1000.00 -1000.00 -1000.00 -1000.00 1.9158 0.4880 0.6494 -89.9418 2.1028 28.2101 -0.1339 0.0000 -0.0000 476 pedestrian_0026
Pedestrian 1.00 1.00 0 0 0 0 0 0 0 0 -1000.00 -1000.00 -1000.00 -1000.00 1.9158 0.4880 0.5165 -95.5675 1.9499 -287.5467 -3.1409 0.0000 -0.0000 477 pedestrian_0016
Pedestrian 1.00 1.00 0 0 0 0 0 0 0 0 -1000.00 -1000.00 -1000.00 -1000.00 1.9158 0.4880 0.7507 85.6081 2.1024 -78.4555 1.2904 0.0000 -0.0000 478 pedestrian_0006
Pedestrian 1.00 1.00 0 0 0 0 0 0 0 0 -1000.00 -1000.00 -1000.00 -1000.00 1.9158 0.4880 0.4601 -165.2423 1.9499 -288.0367 2.9123 0.0000 -0.0000 479 pedestrian_0001
Pedestrian 0.00 1.00 0 0 0 0 0 0 0 0 1297.82 360.86 1304.25 373.56 1.9158 0.4880 0.6789 51.7466 2.0473 84.1008 -1.2850 0.0000 -0.0000 480 pedestrian_0021
Car 1.00 1.00 0 0 0 0 0 0 0 0 -1000.00 -1000.00 -1000.00 -1000.00 1.6980 1.9434 4.1871 17.8163 1.9850 -136.4914 -1.5556 0.0000 -0.0000 481 citroen_c3
Car 1.00 1.00 0 0 0 0 0 0 0 0 -1000.00 -1000.00 -1000.00 -1000.00 1.9718 2.0005 4.0595 18.4247 1.9505 -125.4402 -1.5556 0.0000 -0.0000 482 jeep_wrangler_rubicon
Car 1.00 1.00 0 0 0 0 0 0 0 0 -1000.00 -1000.00 -1000.00 -1000.00 1.9718 2.0005 4.0595 48.9311 1.9855 -135.4218 1.5860 0.0000 -0.0000 483 jeep_wrangler_rubicon
Car 1.00 1.00 0 0 0 0 0 0 0 0 -1000.00 -1000.00 -1000.00 -1000.00 1.9718 2.0005 4.0595 15.4838 1.9505 -125.4849 -1.5556 0.0000 -0.0000 484 jeep_wrangler_rubicon
Car 1.00 1.00 0 0 0 0 0 0 0 0 -1000.00 -1000.00 -1000.00 -1000.00 1.9718 2.0005 4.0595 -62.7673 1.9929 -113.6408 0.0152 0.0000 -0.0000 485 nissan_patrol
Car 1.00 1.00 0 0 0 0 0 0 0 0 -1000.00 -1000.00 -1000.00 -1000.00 1.5488 2.0688 3.9961 -62.7374 2.0206 -116.5359 -3.1264 0.0000 -0.0000 486 nissan_patrol
Car 1.00 1.00 0 0 0 0 0 0 0 0 -1000.00 -1000.00 -1000.00 -1000.00 1.4855 2.1349 -5.6254 -56.6026 1.9826 -96.6445 -3.1264 0.0000 -0.0000 487 nissan_patrol
Car 1.00 1.00 0 0 0 0 0 0 0 0 -1000.00 -1000.00 -1000.00 -1000.00 1.6244 1.8781 -3.8906 -56.3451 1.9687 -113.5420 0.0152 0.0000 -0.0000 488 nissan_patrol
Car 1.00 1.00 0 0 0 20 0 0 0 0 -1000.00 -1000.00 -1000.00 -1000.00 1.7506 2.3538 -4.8416 -39.2216 2.0495 -90.7620 0.0152 0.0000 -0.0000 489 nissan_patrol
Car 1.00 1.00 6 10 12 60 1 0 0 0 -1000.00 -1000.00 -1000.00 -1000.00 1.9718 2.0005 -4.0595 -39.0432 1.9929 -105.0589 -3.1264 0.0000 -0.0000 490 nissan_patrol
Car 1.00 1.00 0 0 0 0 0 0 0 0 -1000.00 -1000.00 -1000.00 -1000.00 1.9476 2.0282 4.8347 -63.0677 1.9780 -91.1249 -3.1264 0.0000 -0.0000 491 nissan_patrol
Car 1.00 1.00 0 0 0 0 0 0 0 0 -1000.00 -1000.00 -1000.00 -1000.00 1.9718 2.0005 4.0595 -63.0813 1.9929 -94.0196 -3.1264 0.0000 -0.0000 492 nissan_patrol
Car 1.00 1.00 0 0 0 0 0 0 0 0 -1000.00 -1000.00 -1000.00 -1000.00 1.6244 1.8781 3.8906 -45.6203 1.9687 -93.7548 0.0152 0.0000 -0.0000 493 nissan_patrol
Car 1.00 1.00 0 0 0 0 0 0 0 0 -1000.00 -1000.00 -1000.00 -1000.00 1.5488 2.0688 3.9961 -45.5777 2.0207 -96.4784 -3.1264 0.0000 -0.0000 494 nissan_patrol
Car 1.00 1.00 0 0 0 4 0 0 0 0 -1000.00 -1000.00 -1000.00 -1000.00 2.1397 2.1728 4.7017 -45.4222 1.9794 -105.1570 -3.1264 0.0000 -0.0000 495 nissan_patrol
Car 1.00 1.00 5 8 14 79 4 0 0 0 -1000.00 -1000.00 -1000.00 -1000.00 1.9476 2.0282 4.8347 -45.2492 1.9779 -113.3729 -3.1264 0.0000 -0.0000 496 nissan_patrol
Car 1.00 1.00 0 0 2 3 0 0 0 0 -1000.00 -1000.00 -1000.00 -1000.00 1.5100 1.8730 4.1000 -45.2724 1.9696 -116.2700 -3.1264 0.0000 -0.0000 497 nissan_patrol
Car 1.00 1.00 7 12 14 85 2 0 0 0 -1000.00 -1000.00 -1000.00 -1000.00 1.5488 2.0688 3.9961 -30.3959 2.0206 -102.0329 0.0152 0.0000 -0.0000 498 nissan_patrol
Car 1.00 1.00 0 0 0 5 0 0 0 0 -1000.00 -1000.00 -1000.00 -1000.00 1.5100 1.8730 4.1000 -30.3558 1.9696 -104.9277 0.0152 0.0000 -0.0000 499 nissan_patrol
Car 1.00 1.00 0 0 0 0 0 0 0 0 -1000.00 -1000.00 -1000.00 -1000.00 1.9476 2.0282 4.8347 -30.2676 1.9779 -107.6101 -3.1264 0.0000 -0.0000 500 nissan_patrol
Car 1.00 1.00 27 28 51 198 5 0 0 0 -1000.00 -1000.00 -1000.00 -1000.00 2.1397 2.1728 -4.7017 -24.1782 1.9795 -90.5330 -3.1264 0.0000 -0.0000 501 nissan_patrol
Car 1.00 1.00 7 7 12 58 1 0 0 0 -1000.00 -1000.00 -1000.00 -1000.00 1.9476 2.0282 -4.8347 -24.0673 1.9779 -93.4269 0.0152 0.0000 -0.0000 502 nissan_patrol
Car 1.00 1.00 11 13 20 97 5 0 0 0 -1000.00 -1000.00 -1000.00 -1000.00 1.6244 1.8781 -3.8906 -23.8814 1.9686 -110.4084 -3.1264 0.0000 -0.0000 503 nissan_patrol
Car 1.00 1.00 4 2 7 18 1 0 0 0 -1000.00 -1000.00 -1000.00 -1000.00 1.7506 2.3538 -4.8416 -23.8655 2.0494 -113.0476 -3.1264 0.0000 -0.0000 504 nissan_patrol
Car 1.00 1.00 0 0 0 0 0 0 0 0 -1000.00 -1000.00 -1000.00 -1000.00 1.9476 2.0282 4.8347 22.3042 1.9414 -137.0920 1.5860 0.0000 -0.0000 505 nissan_patrol
Car 1.00 1.00 0 0 0 0 0 0 0 0 -1000.00 -1000.00 -1000.00 -1000.00 1.5475 1.9070 4.4025 46.1264 1.9629 -135.0633 1.5860 0.0000 -0.0000 506 seat_leon
Car 1.00 1.00 0 0 0 0 0 0 0 0 -1000.00 -1000.00 -1000.00 -1000.00 2.5908 2.7453 5.4640 31.6946 1.9999 -136.8858 1.5860 0.0000 -0.0000 507 carlamotors_carlacola
Car 1.00 1.00 0 0 0 0 0 0 0 0 -1000.00 -1000.00 -1000.00 -1000.00 2.5908 2.7453 5.4640 116.0604 2.0212 -145.3610 -1.5556 0.0000 -0.0000 508 carlamotors_carlacola
Car 1.00 1.00 0 0 0 0 0 0 0 0 -1000.00 -1000.00 -1000.00 -1000.00 2.5908 2.7453 5.4640 119.5486 2.0212 -145.3079 -1.5556 0.0000 -0.0000 509 carlamotors_carlacola
Car 1.00 1.00 0 0 0 0 0 0 0 0 -1000.00 -1000.00 -1000.00 -1000.00 2.5908 2.7453 5.4640 113.9942 1.8991 -117.1504 -3.1264 0.0000 -0.0000 510 carlamotors_carlacola
Car 1.00 1.00 0 0 0 0 0 0 0 0 -1000.00 -1000.00 -1000.00 -1000.00 2.5908 2.7453 5.4640 27.3842 1.9999 -136.9514 1.5860 0.0000 -0.0000 511 carlamotors_carlacola
Car 1.00 1.00 0 0 0 0 0 0 0 0 -1000.00 -1000.00 -1000.00 -1000.00 2.2031 2.5091 6.5872 53.8192 2.0111 -26.3733 1.0624 0.0000 -0.0000 512 tesla_cybertruck