Car 0.00 1.00 0 0 0 0 0 0 0 0 1020.36 324.84 1040.56 331.24 1.5542 2.3421 5.1370 18.7179 -7.7165 147.4178 3.1060 0.0014 0.0005 0 lincoln2020_mkz2020
Car 1.00 1.00 6711 237719 380982 0 0 0 0 0 -1000.00 -1000.00 -1000.00 -1000.00 2.1397 2.1728 4.7045 -0.0005 2.0932 -2.2389 1.5708 0.0000 0.0000 1 volkswagen_t2
Motorcycle 0.00 1.00 0 0 0 0 0 0 0 0 986.81 321.10 997.13 328.54 1.6960 1.0692 2.4735 7.8020 -7.7243 135.1283 -0.0466 0.0027 0.0163 2 harley_davidson_low_rider
Motorcycle 1.00 1.00 0 0 0 0 0 0 0 0 -1000.00 -1000.00 -1000.00 -1000.00 1.6960 1.0692 2.4735 291.1722 2.0227 -163.3133 1.5358 0.0042 0.0005 3 harley_davidson_low_rider
Car 1.00 1.00 0 0 0 0 0 0 0 0 -1000.00 -1000.00 -1000.00 -1000.00 1.6320 2.1403 5.2230 83.0379 2.1881 44.4237 -1.6004 -0.0031 0.0005 4 dodge_charger_police
Car 1.00 1.00 0 0 0 0 0 0 0 0 -1000.00 -1000.00 -1000.00 -1000.00 1.5542 2.3421 5.1370 -101.6038 -6.4112 38.4383 1.6649 -0.0118 -0.0052 5 lincoln2020_mkz2020
Car 1.00 1.00 0 0 0 0 0 0 0 0 -1000.00 -1000.00 -1000.00 -1000.00 1.4546 2.0938 4.3903 60.8399 1.7714 -297.9512 3.1160 0.0011 0.0004 6 audi_tt
Car 1.00 1.00 0 0 0 0 0 0 0 0 -1000.00 -1000.00 -1000.00 -1000.00 1.4477 1.5550 2.3177 114.9790 2.0331 -48.1305 3.1263 -0.0045 0.0005 7 bmw_isetta
Car 1.00 1.00 0 0 0 0 0 0 0 0 -1000.00 -1000.00 -1000.00 -1000.00 1.7173 2.2591 5.2781 26.4167 1.7694 -293.2065 3.1038 -0.0062 0.0000 8 mercedes_benz_coupe
Car 1.00 1.00 0 0 0 0 0 0 0 0 -1000.00 -1000.00 -1000.00 -1000.00 1.4812 2.1349 5.6254 -59.8291 2.0112 5.5150 1.4996 0.0012 0.0005 9 chevrolet_impala
Car 0.00 1.00 0 0 0 0 0 0 0 0 1404.86 363.49 1450.46 374.10 1.6115 2.2019 5.2564 72.7072 2.1635 86.2207 0.0106 0.0011 0.0011 10 charger2020_charger2020
Car 1.00 1.00 0 0 0 0 0 0 0 0 -1000.00 -1000.00 -1000.00 -1000.00 2.2031 2.5091 6.5872 116.1627 2.1888 29.2047 3.1216 0.0012 0.0005 11 tesla_cybertruck
Car 1.00 1.00 0 0 0 0 0 0 0 0 -1000.00 -1000.00 -1000.00 -1000.00 1.5140 2.1024 4.9073 47.2763 1.8746 -197.1904 3.0819 0.0000 0.0004 12 mercedesccc_mercedesccc
Car 1.00 1.00 0 0 0 0 0 0 0 0 -1000.00 -1000.00 -1000.00 -1000.00 1.6980 1.9434 4.1871 174.0622 2.2235 40.4210 -1.6025 0.0012 0.0005 13 citroen_c3
Car 1.00 1.00 0 0 0 0 0 0 0 0 -1000.00 -1000.00 -1000.00 -1000.00 1.4812 2.1349 5.6254 81.3923 2.1090 -17.2804 -1.5971 0.0010 0.0005 14 chevrolet_impala
Car 1.00 1.00 0 0 0 0 0 0 0 0 -1000.00 -1000.00 -1000.00 -1000.00 1.6320 2.1403 5.2230 174.1670 2.2350 46.4052 -1.6456 -0.0032 0.0005 15 dodge_charger_police
Car 1.00 1.00 0 0 0 0 0 0 0 0 -1000.00 -1000.00 -1000.00 -1000.00 1.5863 2.2347 5.1468 181.5611 2.0843 -54.9187 1.5436 -0.0006 -0.0024 16 lincoln_mkz2017
Car 0.00 0.96 0 0 0 55 0 0 0 0 366.43 303.60 416.09 317.41 1.7318 2.1344 5.0985 -89.7673 -6.9184 87.5599 1.0490 -0.0106 -0.0035 17 audi_etron
Car 1.00 1.00 0 0 0 0 0 0 0 0 -1000.00 -1000.00 -1000.00 -1000.00 1.7506 2.3538 4.8416 181.2129 2.0899 -67.0664 1.5411 -0.0004 0.0005 18 bmw_grandtourer
Car 1.00 1.00 43 43 62 226 0 0 0 3 -1000.00 -1000.00 -1000.00 -1000.00 1.5765 1.9374 3.8150 43.4680 2.1137 20.2009 -0.0190 0.0011 0.0005 19 nissan_micra
Motorcycle 1.00 1.00 0 0 0 0 0 0 0 0 -1000.00 -1000.00 -1000.00 -1000.00 1.6960 1.0692 2.4735 177.4252 2.0822 -56.7013 -0.0169 0.0049 -0.0008 20 harley_davidson_low_rider
Car 1.00 1.00 0 0 0 0 0 0 0 0 -1000.00 -1000.00 -1000.00 -1000.00 1.5765 1.9374 3.8150 180.8265 2.0644 -79.8120 1.5522 0.0013 0.0005 21 nissan_micra
Car 0.00 1.00 0 0 0 0 0 0 0 0 1120.63 362.57 1158.38 373.23 1.7203 2.2019 5.4994 29.5203 2.1508 91.2655 -3.1338 0.0011 0.0011 22 chargercop2020_chargercop2020
Car 1.00 1.00 39 44 62 416 9 0 0 0 -1000.00 -1000.00 -1000.00 -1000.00 1.5475 1.9070 4.4025 17.0120 1.9776 -49.3283 3.0998 0.0012 0.0005 23 seat_leon
Car 1.00 1.00 0 0 0 0 0 0 0 0 -1000.00 -1000.00 -1000.00 -1000.00 1.3660 1.9896 4.9534 287.9781 -7.5595 -20.3008 1.5381 -0.0464 0.0006 24 mustang_mustang
Cyclist 1.00 1.00 0 0 0 1 0 0 0 0 -1000.00 -1000.00 -1000.00 -1000.00 1.9709 0.6705 1.7250 -18.0448 1.9084 -130.5737 -0.0182 0.0061 0.0005 25 diamondback_century
Cyclist 1.00 1.00 0 0 0 0 0 0 0 0 -1000.00 -1000.00 -1000.00 -1000.00 1.7065 0.8593 1.4873 -10.6481 1.8881 -124.9795 -1.6245 0.0022 0.0019 26 bh_crossbike
Car 1.00 1.00 0 0 0 0 0 0 0 0 -1000.00 -1000.00 -1000.00 -1000.00 2.1397 2.1728 4.7045 77.3316 1.9187 -184.0621 -1.6025 0.0012 0.0005 27 volkswagen_t2
Car 1.00 1.00 0 0 0 0 0 0 0 0 -1000.00 -1000.00 -1000.00 -1000.00 1.9718 2.0005 4.0595 -61.2885 1.7974 -189.3803 -1.4363 0.0000 0.0007 28 jeep_wrangler_rubicon
Car 0.00 0.33 26 21 41 302 0 0 31 0 967.54 364.58 986.52 377.46 1.5627 2.2716 5.0314 2.1501 2.1713 71.3843 1.5744 0.0012 0.0005 29 tesla_model3
Car 1.00 1.00 0 0 0 0 0 0 0 0 -1000.00 -1000.00 -1000.00 -1000.00 1.4546 2.0938 4.3903 166.1866 1.9519 -124.9784 -1.9502 0.0012 -0.1032 30 audi_tt
Car 0.00 1.00 0 0 0 0 0 0 0 0 1194.08 363.64 1224.05 373.28 1.5488 2.0688 3.9961 40.8332 2.1523 90.9340 3.1132 0.0012 0.0005 31 mini_cooperst
Car 1.00 1.00 0 0 0 0 0 0 0 0 -1000.00 -1000.00 -1000.00 -1000.00 1.6011 2.1072 4.7392 66.5262 1.9933 -57.4676 -0.3267 0.0012 0.0005 32 toyota_prius
Car 1.00 1.00 0 0 0 0 0 0 0 0 -1000.00 -1000.00 -1000.00 -1000.00 2.1397 2.1728 4.7045 72.9827 1.8924 -204.6309 0.0584 0.0010 0.0005 33 volkswagen_t2
Car 1.00 1.00 0 0 0 0 0 0 0 0 -1000.00 -1000.00 -1000.00 -1000.00 1.6011 2.1072 4.7392 287.4474 2.0239 -171.4273 1.5749 0.0011 0.0005 34 toyota_prius
Car 0.00 0.59 57 55 84 3278 0 0 7 6 1348.65 374.00 1456.38 398.42 1.3660 1.9896 4.9534 24.6923 2.1292 31.0303 3.1226 0.0011 0.0005 35 mustang_mustang
Car 0.00 0.90 43 49 83 619 0 0 39 0 925.93 365.76 952.95 384.93 1.6011 2.1072 4.7392 -1.7943 2.1404 49.9074 -1.6031 0.0012 0.0005 36 toyota_prius
Car 1.00 1.00 0 0 0 0 0 0 0 0 -1000.00 -1000.00 -1000.00 -1000.00 1.7506 2.3538 4.8416 89.5370 2.0286 -53.8291 -2.6599 0.0011 0.0008 37 bmw_grandtourer
Car 1.00 1.00 0 0 0 0 0 0 0 0 -1000.00 -1000.00 -1000.00 -1000.00 2.2031 2.5091 6.5872 175.1747 2.1392 -38.0846 -1.6067 0.0012 0.0005 38 tesla_cybertruck
Motorcycle 0.00 0.91 3 13 19 595 0 0 2 0 299.76 364.38 339.92 381.91 1.6387 1.2138 2.3199 -61.7202 2.0690 53.4735 -1.5482 0.0011 0.0005 39 yamaha_yzf
Car 1.00 1.00 0 15 22 88 9 0 0 0 -1000.00 -1000.00 -1000.00 -1000.00 1.9476 2.0282 4.8347 13.4381 1.9320 -124.5713 3.1058 0.0008 0.0005 40 nissan_patrol
Car 1.00 1.00 0 0 0 0 0 0 0 0 -1000.00 -1000.00 -1000.00 -1000.00 1.6115 2.2019 5.2564 95.7111 2.0259 -51.4349 -3.0803 0.0091 0.0013 41 charger2020_charger2020
Car 1.00 1.00 0 0 0 0 0 0 0 0 -1000.00 -1000.00 -1000.00 -1000.00 1.6115 2.2019 5.2564 223.6103 2.1826 32.5910 -1.7350 0.0067 0.0040 42 charger2020_charger2020
Motorcycle 1.00 1.00 0 0 0 0 0 0 0 0 -1000.00 -1000.00 -1000.00 -1000.00 1.6649 1.0692 2.4735 68.9112 2.1303 22.9741 -0.0153 0.0008 0.0005 43 harley_davidson_low_rider
Car 1.00 1.00 0 0 0 0 0 0 0 0 -1000.00 -1000.00 -1000.00 -1000.00 1.5542 2.3421 5.1370 192.4068 2.0172 -135.5250 3.0729 0.0012 0.0005 44 lincoln2020_mkz2020
Motorcycle 0.00 0.05 60 51 87 1388 0 0 8 0 1279.89 368.00 1323.46 397.01 1.6960 1.0692 2.4735 19.2200 2.1163 31.1124 3.1196 0.0041 0.0006 45 harley_davidson_low_rider
Cyclist 1.00 1.00 0 0 0 0 0 0 0 0 -1000.00 -1000.00 -1000.00 -1000.00 1.9310 0.5921 1.9272 108.8925 2.1440 25.9197 3.1056 -0.0029 0.0005 46 gazelle_omafiets
Car 0.00 0.00 1895 2137 3404 40868 0 0 646 0 878.37 391.00 1049.00 536.00 1.7318 2.1344 5.0985 0.1477 2.1071 7.9341 1.5149 0.0012 0.0005 47 audi_etron
Car 0.00 1.00 0 0 0 0 0 0 0 0 1407.65 361.31 1451.69 374.48 1.9476 2.0282 4.8347 70.4100 2.1463 83.1394 -0.0255 0.0008 0.0005 48 nissan_patrol
Car 1.00 1.00 0 0 0 0 0 0 0 0 -1000.00 -1000.00 -1000.00 -1000.00 1.7203 2.2019 5.4994 -55.8882 2.0142 9.7588 1.5283 0.0011 0.0012 49 chargercop2020_chargercop2020
Car 1.00 1.00 0 0 0 0 0 0 0 0 -1000.00 -1000.00 -1000.00 -1000.00 1.6244 1.8781 3.8906 87.4180 1.8849 -203.7883 -2.7603 0.0006 -0.0007 50 audi_a2
Car 1.00 1.00 0 0 0 0 0 0 0 0 -1000.00 -1000.00 -1000.00 -1000.00 1.5863 2.2347 5.1468 181.1704 2.0859 -73.8184 1.5487 0.0012 0.0005 51 lincoln_mkz2017
Cyclist 1.00 1.00 0 0 0 0 0 0 0 0 -1000.00 -1000.00 -1000.00 -1000.00 1.9709 0.6705 1.7250 74.9884 1.8618 -209.1188 -0.2496 0.0076 0.0057 52 diamondback_century
Cyclist 1.00 1.00 0 0 0 0 0 0 0 0 -1000.00 -1000.00 -1000.00 -1000.00 1.9311 0.5921 1.9272 74.8283 1.9889 -51.1461 2.9886 -0.0123 0.0005 53 gazelle_omafiets
Car 0.00 0.82 4 6 5 58 0 0 3 0 1043.08 362.51 1075.94 372.80 1.7173 2.2591 5.2781 17.0497 2.1617 95.1735 3.1107 -0.0058 0.0003 54 mercedes_benz_coupe
Car 1.00 1.00 0 0 0 0 0 0 0 0 -1000.00 -1000.00 -1000.00 -1000.00 1.5542 2.3421 5.1370 199.8831 2.2053 22.8535 3.1378 0.0012 0.0005 55 lincoln2020_mkz2020
Car 1.00 1.00 0 0 0 0 0 0 0 0 -1000.00 -1000.00 -1000.00 -1000.00 1.7506 2.3538 4.8416 230.0753 2.1203 -13.3751 1.5103 0.0008 0.0005 56 bmw_grandtourer
Car 0.00 0.35 90 100 170 5195 0 0 9 14 1570.44 374.58 1692.27 403.78 1.4546 2.0938 4.3903 32.9713 2.1367 27.2724 3.1117 0.0012 0.0005 57 audi_tt
Car 1.00 1.00 0 0 0 0 0 0 0 0 -1000.00 -1000.00 -1000.00 -1000.00 1.7173 2.2591 5.2781 80.7268 1.9124 -193.1267 -1.5704 -0.0059 0.0002 58 mercedes_benz_coupe
Car 1.00 1.00 0 0 0 0 0 0 0 0 -1000.00 -1000.00 -1000.00 -1000.00 1.5542 2.3421 5.1370 92.5018 2.1310 4.0791 1.5441 0.0012 0.0005 59 lincoln2020_mkz2020
Car 0.00 0.85 31 33 60 508 0 0 17 0 875.25 359.88 907.97 373.97 2.1397 2.1728 4.7045 -10.5059 2.1318 85.3798 -0.0457 0.0067 0.0007 60 volkswagen_t2
Car 0.00 1.00 0 0 0 0 0 0 0 0 1582.87 362.08 1611.05 368.70 1.7506 2.3538 4.8416 171.4696 2.3320 149.2223 -0.9105 0.0109 0.0009 61 bmw_grandtourer
Car 1.00 1.00 0 0 0 0 0 0 0 0 -1000.00 -1000.00 -1000.00 -1000.00 1.6320 2.1403 5.2230 198.0716 2.2229 25.9897 3.0695 -0.0031 0.0005 62 dodge_charger_police
Car 1.00 1.00 0 0 0 0 0 0 0 0 -1000.00 -1000.00 -1000.00 -1000.00 1.6980 1.9434 4.1871 109.9615 2.0336 -48.0972 3.1180 0.0012 0.0005 63 citroen_c3
Car 1.00 1.00 0 0 0 0 0 0 0 0 -1000.00 -1000.00 -1000.00 -1000.00 1.4812 2.1349 5.6254 114.1360 2.1751 25.6921 3.1003 0.0012 0.0005 64 chevrolet_impala
Car 1.00 1.00 0 0 0 0 0 0 0 0 -1000.00 -1000.00 -1000.00 -1000.00 1.6115 2.2019 5.2564 73.1479 2.0012 -58.0999 -0.0066 0.0050 0.0013 65 charger2020_charger2020
Car 0.00 1.00 0 0 0 0 0 0 0 0 1092.12 363.10 1110.38 367.76 1.3660 1.9896 4.9534 41.9791 2.2933 164.7922 -0.0375 0.0012 0.0005 66 mustang_mustang
Motorcycle 0.00 1.00 0 0 0 0 0 0 0 0 683.91 362.58 701.04 374.78 1.5852 1.1236 2.1350 -39.7864 2.0716 82.6140 0.4631 0.0036 0.1028 67 kawasaki_ninja
Car 1.00 1.00 0 0 0 0 0 0 0 0 -1000.00 -1000.00 -1000.00 -1000.00 1.5488 2.0688 3.9961 164.9949 1.9357 -194.7208 0.7769 0.0011 0.0005 68 mini_cooperst
Car 1.00 1.00 0 0 0 0 0 0 0 0 -1000.00 -1000.00 -1000.00 -1000.00 1.5542 2.3421 5.1370 79.5225 1.8797 -205.5357 0.0073 0.0011 0.0002 69 lincoln2020_mkz2020
Car 1.00 1.00 0 0 0 0 0 0 0 0 -1000.00 -1000.00 -1000.00 -1000.00 1.9718 2.0005 4.0595 78.8648 1.9927 -113.5194 -1.5990 0.0008 0.0004 70 jeep_wrangler_rubicon
Car 1.00 1.00 0 0 0 0 0 0 0 0 -1000.00 -1000.00 -1000.00 -1000.00 1.7506 2.3538 4.8416 177.2281 2.0780 -74.9984 1.5053 0.0013 0.0005 71 bmw_grandtourer
Car 0.00 1.00 0 0 0 0 0 0 0 0 1231.59 360.44 1256.80 367.55 2.2031 2.5091 6.5872 89.1070 2.3448 173.8471 3.0945 -0.0014 0.0005 72 tesla_cybertruck
Car 1.00 1.00 0 0 0 0 0 0 0 0 -1000.00 -1000.00 -1000.00 -1000.00 1.6244 1.8781 3.8906 -99.3478 -6.0806 4.2604 1.5592 -0.0216 -0.0009 73 audi_a2
Car 1.00 1.00 0 0 0 0 0 0 0 0 -1000.00 -1000.00 -1000.00 -1000.00 1.7203 2.2019 5.4994 181.7544 2.2489 64.0375 1.6129 0.0011 0.0011 74 chargercop2020_chargercop2020
Car 1.00 1.00 0 0 0 0 0 0 0 0 -1000.00 -1000.00 -1000.00 -1000.00 1.6320 2.1403 5.2230 -109.3180 1.7567 -244.7376 -1.1115 -0.0021 -0.0068 75 dodge_charger_police
Car 0.00 0.00 3351 3768 6052 216228 0 0 826 31 1198.07 425.48 1817.00 697.00 1.5140 2.1024 4.9073 3.8786 2.0891 5.0855 1.5379 0.0012 0.0005 76 mercedesccc_mercedesccc
Car 1.00 1.00 0 0 0 0 0 0 0 0 -1000.00 -1000.00 -1000.00 -1000.00 1.6244 1.8781 3.8906 206.0735 2.2070 22.5912 3.1267 0.0007 -0.0006 77 audi_a2
Car 1.00 1.00 0 0 0 0 0 0 0 0 -1000.00 -1000.00 -1000.00 -1000.00 1.6244 1.8781 3.8906 82.4937 1.9913 -110.7477 -1.6128 0.0007 -0.0006 78 audi_a2
Car 1.00 1.00 0 0 0 0 0 0 0 0 -1000.00 -1000.00 -1000.00 -1000.00 1.7203 2.2019 5.4994 233.8371 2.1274 -14.3603 1.5178 0.0003 0.0022 79 chargercop2020_chargercop2020
Car 1.00 1.00 0 0 0 0 0 0 0 0 -1000.00 -1000.00 -1000.00 -1000.00 2.1397 2.1728 4.7045 169.5037 1.8375 -259.5626 -0.0283 -0.0001 0.0015 80 volkswagen_t2
Car 1.00 1.00 0 0 0 0 0 0 0 0 -1000.00 -1000.00 -1000.00 -1000.00 1.3660 1.9896 4.9534 219.5724 2.0994 -28.5752 -1.9907 0.0010 -0.0007 81 mustang_mustang
Car 1.00 1.00 0 0 0 0 0 0 0 0 -1000.00 -1000.00 -1000.00 -1000.00 1.7203 2.2019 5.4994 88.7391 2.1274 -1.3355 1.5759 0.0010 0.0011 82 chargercop2020_chargercop2020
Car 1.00 1.00 0 0 0 0 0 0 0 0 -1000.00 -1000.00 -1000.00 -1000.00 1.6244 1.8781 3.8906 274.5891 2.0660 -121.7470 -1.5903 0.0016 -0.0006 83 audi_a2
Car 0.00 0.79 0 0 0 854 0 0 3 3 1468.07 369.57 1556.69 397.69 1.6244 1.8781 3.8906 30.7269 2.1310 30.8847 3.1132 0.0007 -0.0006 84 audi_a2
Car 0.00 1.00 0 0 0 0 0 0 0 0 1719.87 364.94 1767.38 373.38 1.3660 1.9896 4.9534 130.0528 2.1962 92.0174 3.1172 0.0012 0.0005 85 mustang_mustang
Car 0.00 1.00 0 0 0 0 0 0 0 0 535.51 315.86 560.81 325.47 1.6244 1.8781 3.8906 -83.6331 -7.1597 112.5665 -2.3623 0.0085 0.0016 86 audi_a2
Car 1.00 1.00 0 0 0 0 0 0 0 0 -1000.00 -1000.00 -1000.00 -1000.00 1.9718 2.0005 4.0595 178.9847 2.0003 -149.0291 1.5653 0.0008 0.0004 87 jeep_wrangler_rubicon
Car 1.00 1.00 0 0 0 0 0 0 0 0 -1000.00 -1000.00 -1000.00 -1000.00 1.9718 2.0005 4.0595 -119.9558 1.9091 -101.9882 -1.6291 0.0007 0.0004 88 jeep_wrangler_rubicon
Car 0.00 1.00 0 0 0 0 0 0 0 0 538.60 312.71 573.77 321.92 1.3660 1.9896 4.9534 -74.3316 -7.1572 102.0798 0.8073 -0.0104 0.0003 89 mustang_mustang
Motorcycle 1.00 1.00 12 8 9 82 2 0 0 0 -1000.00 -1000.00 -1000.00 -1000.00 1.6649 1.0692 2.4735 -13.6917 1.9471 -55.5823 -0.2144 0.0088 -0.0023 90 harley_davidson_low_rider
Car 1.00 1.00 0 0 0 0 0 0 0 0 -1000.00 -1000.00 -1000.00 -1000.00 1.5475 1.9070 4.4025 284.5641 2.0359 -159.1529 2.8079 0.0012 0.0005 91 seat_leon
Motorcycle 0.00 1.00 0 0 0 0 0 0 0 0 1100.39 363.11 1116.26 373.16 1.6387 1.2138 2.3199 24.4495 2.1552 91.4000 3.0991 0.0010 0.0005 92 yamaha_yzf
Cyclist 1.00 1.00 0 0 0 0 0 0 0 0 -1000.00 -1000.00 -1000.00 -1000.00 1.9311 0.5921 1.9272 -56.9958 1.7508 -208.9890 -1.2912 -0.0018 -0.0016 93 gazelle_omafiets
Car 1.00 1.00 0 0 0 0 0 0 0 0 -1000.00 -1000.00 -1000.00 -1000.00 1.5140 2.1024 4.9073 80.4336 1.8864 -200.6700 -1.5789 0.0012 0.0005 94 mercedesccc_mercedesccc
Car 1.00 1.00 0 0 0 0 0 0 0 0 -1000.00 -1000.00 -1000.00 -1000.00 1.4546 2.0938 4.3903 178.7536 2.0935 -49.8572 3.0992 0.0043 -0.0014 95 audi_tt
Car 1.00 1.00 0 4 8 31 2 0 0 0 -1000.00 -1000.00 -1000.00 -1000.00 2.1397 2.1728 4.7045 13.3841 1.9524 -128.2554 3.1192 0.0012 0.0005 96 volkswagen_t2
Car 1.00 1.00 0 1 1 0 0 0 0 0 -1000.00 -1000.00 -1000.00 -1000.00 1.5140 2.1024 4.9073 -23.0556 1.9180 -130.4459 -0.0289 0.0012 0.0005 97 mercedesccc_mercedesccc
Car 0.00 1.00 0 0 0 0 0 0 0 0 1182.27 362.75 1203.88 367.73 1.4812 2.1349 5.6254 70.3669 2.3195 167.3858 -0.0317 0.0001 0.0006 98 chevrolet_impala
Car 0.00 0.96 15 13 18 166 0 0 2 0 841.11 363.28 867.39 373.24 1.5765 1.9374 3.8150 -17.0076 2.1092 89.2478 -0.0416 0.0014 0.0005 99 nissan_micra
Motorcycle 0.00 0.55 46 61 93 2904 0 0 4 11 1365.22 371.52 1409.00 401.00 1.5853 1.1236 2.1350 21.2317 2.0891 27.5784 3.1137 0.0010 0.0005 100 kawasaki_ninja
Car 1.00 1.00 0 0 0 0 0 0 0 0 -1000.00 -1000.00 -1000.00 -1000.00 1.9476 2.0282 4.8347 198.7505 2.0094 -135.8569 3.0732 0.0008 0.0005 101 nissan_patrol
Car 1.00 1.00 0 0 0 0 0 0 0 0 -1000.00 -1000.00 -1000.00 -1000.00 2.1397 2.1728 4.7045 -101.0407 -0.1443 -58.5531 1.5303 -0.1223 0.0026 102 volkswagen_t2
Car 1.00 1.00 0 0 0 0 0 0 0 0 -1000.00 -1000.00 -1000.00 -1000.00 1.3660 1.9896 4.9534 -22.5589 1.9139 -134.0435 -0.0377 0.0010 0.0005 103 mustang_mustang
Car 1.00 1.00 0 0 0 0 0 0 0 0 -1000.00 -1000.00 -1000.00 -1000.00 1.5627 2.2716 5.0314 -34.2208 1.9570 -49.5970 -0.3058 0.0012 0.0022 104 tesla_model3
Car 1.00 1.00 0 0 0 0 0 0 0 0 -1000.00 -1000.00 -1000.00 -1000.00 1.5542 2.3421 5.1370 124.6867 2.1671 21.5278 -0.0193 0.0000 0.0009 105 lincoln2020_mkz2020
Car 1.00 1.00 0 0 0 0 0 0 0 0 -1000.00 -1000.00 -1000.00 -1000.00 1.5627 2.2716 5.0314 168.8480 2.1879 15.7593 -0.3454 0.0012 0.0005 106 tesla_model3
Car 1.00 1.00 0 0 0 0 0 0 0 0 -1000.00 -1000.00 -1000.00 -1000.00 1.5765 1.9374 3.8150 80.9587 1.8936 -184.6464 -1.4792 0.0012 0.0005 107 nissan_micra
Cyclist 1.00 1.00 0 0 0 0 0 0 0 0 -1000.00 -1000.00 -1000.00 -1000.00 1.9311 0.5921 1.9272 82.3966 1.9368 -140.9336 -1.5784 -0.0012 0.0017 108 gazelle_omafiets
Cyclist 0.00 1.00 0 0 0 0 0 0 0 0 1169.86 322.22 1178.29 329.89 1.9311 0.5921 1.9272 54.9541 -7.7469 142.2906 3.0963 -0.0024 0.0004 109 gazelle_omafiets
Car 1.00 1.00 0 0 0 0 0 0 0 0 -1000.00 -1000.00 -1000.00 -1000.00 1.4546 2.0938 4.3903 73.7141 2.0118 -54.5194 -0.0099 0.0054 0.0008 110 audi_tt
Car 1.00 1.00 0 0 0 0 0 0 0 0 -1000.00 -1000.00 -1000.00 -1000.00 1.9476 2.0282 4.8347 82.2579 1.9538 -134.7867 -1.5347 0.0007 0.0005 111 nissan_patrol
Car 1.00 1.00 0 0 0 0 0 0 0 0 -1000.00 -1000.00 -1000.00 -1000.00 1.4546 2.0938 4.3903 102.1241 2.0234 -51.3838 3.1091 0.0012 0.0005 112 audi_tt
Car 0.00 1.00 0 0 0 0 0 0 0 0 1766.83 362.46 1808.90 370.45 1.7506 2.3538 4.8416 186.8993 2.3158 125.1919 1.5174 0.0010 0.0005 113 bmw_grandtourer
Car 1.00 1.00 0 0 0 0 0 0 0 0 -1000.00 -1000.00 -1000.00 -1000.00 1.9718 2.0005 4.0595 173.0067 2.0386 -113.5139 -1.5756 0.0006 -0.0003 114 jeep_wrangler_rubicon
Motorcycle 0.00 1.00 0 0 0 0 0 0 0 0 1168.34 363.15 1185.29 373.24 1.6387 1.2138 2.3199 35.6194 2.1603 91.0819 3.1124 0.0011 0.0005 115 yamaha_yzf
Car 1.00 1.00 0 0 0 0 0 0 0 0 -1000.00 -1000.00 -1000.00 -1000.00 1.7203 2.2019 5.4994 183.5163 2.1757 0.4527 1.5848 0.0011 0.0011 116 chargercop2020_chargercop2020
Car 0.01 1.00 0 0 0 0 0 0 0 0 1824.16 365.22 1920.00 385.00 1.6980 1.9434 4.1871 83.1461 2.1910 50.6231 -1.6057 0.0012 0.0005 117 citroen_c3
Car 1.00 1.00 0 0 0 0 0 0 0 0 -1000.00 -1000.00 -1000.00 -1000.00 1.5542 2.3421 5.1370 -35.2940 1.7268 -289.5256 2.9237 0.0000 -0.0181 118 lincoln2020_mkz2020
Car 1.00 1.00 0 0 0 0 0 0 0 0 -1000.00 -1000.00 -1000.00 -1000.00 2.5908 2.7453 5.4640 79.1578 2.1743 17.7056 -0.5494 -0.0094 -0.0042 119 carlamotors_carlacola
Car 0.00 0.03 78 81 132 5955 0 0 26 14 1694.87 371.66 1809.00 403.19 1.5765 1.9374 3.8150 38.6102 2.1196 27.1247 3.1085 0.0012 0.0005 120 nissan_micra
Car 1.00 1.00 0 0 0 0 0 0 0 0 -1000.00 -1000.00 -1000.00 -1000.00 1.4477 1.5550 2.3177 270.0758 2.0735 -126.0638 -1.9607 -0.0046 0.0005 121 bmw_isetta
Car 0.00 1.00 0 0 0 0 0 0 0 0 1106.64 361.94 1126.00 367.71 1.7173 2.2591 5.2781 47.4467 2.3170 168.3120 -0.0453 -0.0061 0.0003 122 mercedes_benz_coupe
Car 1.00 1.00 10 10 17 61 10 0 0 0 -1000.00 -1000.00 -1000.00 -1000.00 1.7173 2.2591 5.2781 -10.4371 1.9541 -119.2084 -1.5978 -0.0059 0.0003 123 mercedes_benz_coupe
Car 0.00 1.00 0 0 0 0 0 0 0 0 1433.66 363.49 1462.92 372.59 1.5765 1.9374 3.8150 88.0064 2.2219 99.9550 -1.5822 -0.0033 0.0009 124 nissan_micra
Car 1.00 1.00 0 0 0 0 0 0 0 0 -1000.00 -1000.00 -1000.00 -1000.00 1.6115 2.2019 5.2564 -61.4565 1.9697 -23.8490 -1.2435 0.0010 0.0049 125 charger2020_charger2020
Car 0.00 1.00 0 0 0 0 0 0 0 0 1161.88 361.15 1180.35 367.64 1.9476 2.0282 4.8347 63.8688 2.2974 167.7305 -0.0528 -0.0001 0.0005 126 nissan_patrol
Car 0.00 0.98 0 0 0 45 0 0 0 0 173.60 291.81 245.13 308.08 1.5140 2.1024 4.9073 -94.1031 -6.7431 69.5877 1.2619 -0.0095 -0.0002 127 mercedesccc_mercedesccc
Car 1.00 1.00 0 0 0 0 0 0 0 0 -1000.00 -1000.00 -1000.00 -1000.00 1.7173 2.2591 5.2781 286.3301 1.5273 -101.3791 1.5516 -0.0781 -0.0001 128 mercedes_benz_coupe
Car 1.00 1.00 0 0 0 0 0 0 0 0 -1000.00 -1000.00 -1000.00 -1000.00 1.4812 2.1349 5.6254 179.4389 2.1680 -6.1858 1.5501 0.0041 0.0001 129 chevrolet_impala
Car 1.00 1.00 0 0 0 0 0 0 0 0 -1000.00 -1000.00 -1000.00 -1000.00 2.1397 2.1728 4.7045 -107.2734 1.8704 -148.0543 1.5497 0.0012 0.0005 130 volkswagen_t2
Car 0.00 1.00 0 0 0 0 0 0 0 0 1298.87 362.30 1313.76 368.28 1.6244 1.8781 3.8906 96.5920 2.2983 154.6156 1.5096 0.0189 -0.0017 131 audi_a2
Car 1.00 1.00 0 18 30 106 63 0 0 0 -1000.00 -1000.00 -1000.00 -1000.00 1.9476 2.0282 4.8347 1.4974 1.9204 -129.8847 -0.5285 -0.0007 0.0010 132 nissan_patrol
Car 1.00 1.00 0 0 0 0 0 0 0 0 -1000.00 -1000.00 -1000.00 -1000.00 1.9476 2.0282 4.8347 87.2405 2.0159 -60.6378 1.5459 0.0003 0.0004 133 nissan_patrol
Car 0.00 1.00 0 0 0 0 0 0 0 0 453.79 310.50 490.31 323.38 1.9476 2.0282 4.8347 -91.3800 -7.0648 103.8282 -2.2444 0.0113 0.0041 134 nissan_patrol
Car 1.00 1.00 9 12 25 73 8 0 0 0 -1000.00 -1000.00 -1000.00 -1000.00 1.7506 2.3538 4.8416 -6.4684 1.9500 -107.8688 -1.6045 0.0011 0.0005 135 bmw_grandtourer
Car 1.00 1.00 0 0 0 0 0 0 0 0 -1000.00 -1000.00 -1000.00 -1000.00 1.9476 2.0282 4.8347 114.2216 2.0106 -51.7615 3.0893 0.0009 0.0005 136 nissan_patrol
Car 1.00 1.00 240 283 436 2011 79 0 0 0 -1000.00 -1000.00 -1000.00 -1000.00 1.7203 2.2019 5.4994 -4.1134 2.0520 -27.1327 -1.5845 0.0011 0.0011 137 chargercop2020_chargercop2020
Car 1.00 1.00 0 0 0 0 0 0 0 0 -1000.00 -1000.00 -1000.00 -1000.00 2.5908 2.7453 5.4640 87.0377 2.0619 -49.3140 -1.0281 0.0008 0.0004 138 carlamotors_carlacola
Car 0.00 1.00 0 0 0 0 0 0 0 0 1588.56 362.78 1619.91 368.78 1.5863 2.2347 5.1468 174.3445 2.3423 150.0339 -1.0995 0.0029 0.0012 139 lincoln_mkz2017
Car 0.00 1.00 0 0 0 0 0 0 0 0 1252.42 361.16 1285.41 373.89 1.9718 2.0005 4.0595 48.4653 2.1559 87.0094 -0.0116 0.0006 0.0004 140 jeep_wrangler_rubicon
Car 0.00 1.00 0 0 0 0 0 0 0 0 1597.01 363.58 1642.81 373.76 1.6011 2.1072 4.7392 105.9886 2.1832 89.0583 3.1093 0.0012 0.0005 141 toyota_prius
Car 0.48 1.00 0 0 0 0 0 0 0 0 1889.33 362.97 1920.00 372.64 1.7318 2.1344 5.0985 179.5859 2.3071 103.9136 -1.5569 -0.0018 0.0001 142 audi_etron
Car 1.00 1.00 0 0 0 0 0 0 0 0 -1000.00 -1000.00 -1000.00 -1000.00 2.2031 2.5091 6.5872 225.2880 2.0438 -140.6965 -0.0556 0.0020 0.0005 143 tesla_cybertruck
Car 1.00 1.00 0 0 0 0 0 0 0 0 -1000.00 -1000.00 -1000.00 -1000.00 1.5765 1.9374 3.8150 195.0970 2.2096 86.4812 3.0678 0.0013 0.0005 144 nissan_micra
Car 1.00 1.00 0 0 0 0 0 0 0 0 -1000.00 -1000.00 -1000.00 -1000.00 1.4546 2.0938 4.3903 104.1241 2.0284 -47.9611 3.1173 0.0012 0.0005 145 audi_tt
Car 1.00 1.00 0 0 0 0 0 0 0 0 -1000.00 -1000.00 -1000.00 -1000.00 1.4812 2.1349 5.6254 269.8287 2.0025 -188.5332 -1.6149 -0.0005 0.0003 146 chevrolet_impala
Car 0.00 1.00 0 0 0 0 0 0 0 0 1533.22 314.83 1575.22 325.62 2.2031 2.5091 6.5872 131.5588 -7.6947 122.7554 -0.0051 0.0005 0.0005 147 tesla_cybertruck
Car 1.00 1.00 0 0 0 0 0 0 0 0 -1000.00 -1000.00 -1000.00 -1000.00 1.9718 2.0005 4.0595 77.7012 1.9185 -175.3192 -1.6134 0.0066 0.0004 148 jeep_wrangler_rubicon
Car 1.00 1.00 0 0 0 0 0 0 0 0 -1000.00 -1000.00 -1000.00 -1000.00 1.3660 1.9896 4.9534 192.1242 2.0089 -142.4364 -0.0543 0.0013 0.0005 149 mustang_mustang
Car 1.00 1.00 0 0 0 0 0 0 0 0 -1000.00 -1000.00 -1000.00 -1000.00 1.3660 1.9896 4.9534 198.2647 2.0619 -51.9341 -2.8045 0.0012 0.0005 150 mustang_mustang
Car 1.00 1.00 0 0 0 0 0 0 0 0 -1000.00 -1000.00 -1000.00 -1000.00 2.5908 2.7453 5.4640 -90.7347 1.9161 -124.9800 3.1139 0.0016 0.0005 151 carlamotors_carlacola
Car 0.00 1.00 0 0 0 0 0 0 0 0 1363.89 363.75 1409.99 374.54 1.5863 2.2347 5.1468 64.1215 2.1563 83.3070 -0.0358 0.0012 0.0005 152 lincoln_mkz2017
Car 1.00 1.00 0 0 0 0 0 0 0 0 -1000.00 -1000.00 -1000.00 -1000.00 1.7506 2.3538 4.8416 272.8785 -7.6735 103.0538 2.2373 -0.0017 0.0010 153 bmw_grandtourer
Cyclist 1.00 1.00 0 0 0 0 0 0 0 0 -1000.00 -1000.00 -1000.00 -1000.00 1.9709 0.6705 1.7250 110.4176 2.1574 29.3539 3.1042 0.0055 0.0005 154 diamondback_century
Cyclist 1.00 1.00 0 0 0 0 0 0 0 0 -1000.00 -1000.00 -1000.00 -1000.00 1.9311 0.5921 1.9272 84.2038 1.8569 -209.4907 1.5484 -0.0029 0.0006 155 gazelle_omafiets
Motorcycle 0.00 1.00 0 0 0 0 0 0 0 0 1519.92 363.04 1542.92 373.65 1.6960 1.0692 2.4735 92.7019 2.1893 89.9266 -0.9306 0.0039 0.0013 156 harley_davidson_low_rider
Car 1.00 1.00 0 0 0 0 0 0 0 0 -1000.00 -1000.00 -1000.00 -1000.00 2.1397 2.1728 4.7045 287.2591 2.0432 -165.1826 1.2446 0.0012 0.0005 157 volkswagen_t2
Car 0.00 1.00 0 0 0 0 0 0 0 0 411.46 305.59 449.38 317.42 1.5488 2.0688 3.9961 -84.8331 -6.9738 88.8350 1.0118 -0.0104 0.0002 158 mini_cooperst
Cyclist 1.00 1.00 0 0 0 0 0 0 0 0 -1000.00 -1000.00 -1000.00 -1000.00 1.9311 0.5921 1.9272 181.8911 2.2299 69.0174 1.5462 -0.0029 0.0005 159 gazelle_omafiets
Car 1.00 1.00 0 0 0 0 0 0 0 0 -1000.00 -1000.00 -1000.00 -1000.00 1.4812 2.1349 5.6254 168.9743 2.0313 -120.8571 -1.6034 0.0012 0.0005 160 chevrolet_impala
Car 1.00 1.00 0 0 0 0 0 0 0 0 -1000.00 -1000.00 -1000.00 -1000.00 1.7173 2.2591 5.2781 -120.4665 -5.9477 -0.0956 -1.6042 0.0299 0.0001 161 mercedes_benz_coupe
Car 1.00 1.00 0 0 0 0 0 0 0 0 -1000.00 -1000.00 -1000.00 -1000.00 1.9718 2.0005 4.0595 84.8492 1.8965 -198.4905 3.1199 0.0008 0.0005 162 jeep_wrangler_rubicon
Car 1.00 1.00 28 24 38 246 9 0 0 0 -1000.00 -1000.00 -1000.00 -1000.00 1.7506 2.3538 4.8416 15.8670 1.9707 -52.5723 -0.0316 -0.0010 0.0004 163 bmw_grandtourer
Car 0.00 1.00 0 0 0 0 0 0 0 0 1059.59 363.17 1094.18 373.15 1.6115 2.2019 5.2564 19.2666 2.1435 91.5300 3.1316 0.0011 0.0011 164 charger2020_charger2020
Car 1.00 1.00 146 163 264 1171 40 0 0 0 -1000.00 -1000.00 -1000.00 -1000.00 1.6244 1.8781 3.8906 -7.7340 2.0391 -31.8922 -1.5838 0.0007 -0.0006 165 audi_a2
Car 1.00 1.00 0 0 0 0 0 0 0 0 -1000.00 -1000.00 -1000.00 -1000.00 1.5475 1.9070 4.4025 21.7894 1.7469 -296.9564 3.1053 0.0010 0.0002 166 seat_leon
Car 0.00 1.00 0 0 0 0 0 0 0 0 1814.52 319.42 1846.83 326.90 1.5765 1.9374 3.8150 200.2901 -7.6847 127.5335 -0.1564 0.0003 -0.0148 167 nissan_micra
Car 1.00 1.00 0 0 0 0 0 0 0 0 -1000.00 -1000.00 -1000.00 -1000.00 1.5863 2.2347 5.1468 -29.6653 1.9132 -133.6959 -0.0320 0.0013 0.0005 168 lincoln_mkz2017
Car 1.00 1.00 0 0 0 0 0 0 0 0 -1000.00 -1000.00 -1000.00 -1000.00 1.7506 2.3538 4.8416 108.1299 2.0161 -51.5940 3.1121 0.0012 0.0005 169 bmw_grandtourer
Car 0.00 0.14 69 67 107 6005 0 0 18 8 1430.22 373.86 1571.39 403.47 1.4812 2.1349 5.6254 26.6464 2.1344 27.3442 3.1129 0.0012 0.0005 170 chevrolet_impala
Car 1.00 1.00 0 0 0 0 0 0 0 0 -1000.00 -1000.00 -1000.00 -1000.00 1.4812 2.1349 5.6254 177.6537 2.2248 41.6633 -1.6071 0.0012 0.0005 171 chevrolet_impala
Car 0.00 0.98 7 10 15 83 0 0 29 0 954.54 363.07 965.87 371.55 1.6011 2.1072 4.7392 0.0633 2.2092 108.1815 -1.5932 0.0012 0.0005 172 toyota_prius
Car 1.00 1.00 0 0 0 0 0 0 0 0 -1000.00 -1000.00 -1000.00 -1000.00 1.6115 2.2019 5.2564 230.7079 2.1349 -4.6024 1.6069 0.0011 0.0011 173 charger2020_charger2020
Car 1.00 1.00 0 0 0 0 0 0 0 0 -1000.00 -1000.00 -1000.00 -1000.00 1.5475 1.9070 4.4025 171.5502 2.0055 -137.8573 -0.0580 0.0010 0.0005 174 seat_leon
Car 1.00 1.00 0 0 0 0 0 0 0 0 -1000.00 -1000.00 -1000.00 -1000.00 2.5908 2.7453 5.4640 105.9266 2.0058 -130.6904 3.0877 0.0012 0.0005 175 carlamotors_carlacola
Car 0.00 1.00 0 0 0 0 0 0 0 0 1558.93 364.44 1610.03 373.81 1.4812 2.1349 5.6254 100.2343 2.1961 89.0062 3.1012 0.0074 0.0005 176 chevrolet_impala
Car 1.00 1.00 0 0 0 0 0 0 0 0 -1000.00 -1000.00 -1000.00 -1000.00 1.9718 2.0005 4.0595 -114.9447 1.8939 -117.0943 -1.3593 0.0008 0.0004 177 jeep_wrangler_rubicon
Car 1.00 1.00 0 0 0 0 0 0 0 0 -1000.00 -1000.00 -1000.00 -1000.00 1.6980 1.9434 4.1871 283.6084 2.0780 -130.4460 1.2030 0.0008 0.0040 178 citroen_c3
Car 1.00 1.00 0 0 0 0 0 0 0 0 -1000.00 -1000.00 -1000.00 -1000.00 1.5488 2.0688 3.9961 88.6925 2.1305 4.5391 1.5207 0.0012 0.0005 179 mini_cooperst
Motorcycle 1.00 1.00 0 0 0 0 0 0 0 0 -1000.00 -1000.00 -1000.00 -1000.00 1.6960 1.0692 2.4735 106.3137 2.1570 29.5331 3.1073 0.0041 0.0006 180 harley_davidson_low_rider
Car 1.00 1.00 0 0 0 0 0 0 0 0 -1000.00 -1000.00 -1000.00 -1000.00 1.4477 1.5550 2.3177 179.2300 2.2888 97.7913 -1.6102 -0.0117 0.0005 181 bmw_isetta
Cyclist 0.00 0.83 1 2 2 170 0 0 0 0 1623.68 367.58 1655.47 398.58 1.7065 0.8593 1.4873 37.7542 2.0917 30.7579 3.1272 -0.0278 0.0015 182 bh_crossbike
Car 1.00 1.00 0 0 0 0 0 0 0 0 -1000.00 -1000.00 -1000.00 -1000.00 1.6011 2.1072 4.7392 -120.1347 1.8944 -111.7220 -1.6168 0.0012 0.0005 183 toyota_prius
Car 1.00 1.00 0 0 0 0 0 0 0 0 -1000.00 -1000.00 -1000.00 -1000.00 1.5488 2.0688 3.9961 92.9360 1.8917 -202.2851 -3.1342 0.0012 0.0005 184 mini_cooperst
Car 1.00 1.00 0 0 0 0 0 0 0 0 -1000.00 -1000.00 -1000.00 -1000.00 1.6980 1.9434 4.1871 233.2236 1.8836 -276.1876 -2.5118 0.0009 -0.0036 185 citroen_c3
Car 0.00 0.89 4 6 12 59 0 0 7 0 935.36 363.14 946.34 371.52 1.5765 1.9374 3.8150 -3.6870 2.1922 107.2530 -1.5856 0.0012 0.0005 186 nissan_micra
Car 0.46 0.00 61 62 94 3953 0 0 5 10 1849.81 367.19 1920.00 405.08 1.7506 2.3538 4.8416 48.3133 2.1351 28.0819 -2.8187 0.0011 0.0009 187 bmw_grandtourer
Car 1.00 1.00 0 0 0 0 0 0 0 0 -1000.00 -1000.00 -1000.00 -1000.00 1.5488 2.0688 3.9961 222.1323 2.1705 9.3446 -1.0835 -0.0059 -0.0011 188 mini_cooperst
Car 1.00 1.00 0 0 0 0 0 0 0 0 -1000.00 -1000.00 -1000.00 -1000.00 1.5488 2.0688 3.9961 257.8601 2.0416 -142.5774 -0.0549 0.0020 0.0005 189 mini_cooperst
Car 0.43 1.00 0 0 0 0 0 0 0 0 1888.33 363.67 1920.00 372.71 1.6011 2.1072 4.7392 175.7768 2.2878 101.9571 -1.5990 0.0012 0.0005 190 toyota_prius
Car 0.00 1.00 0 0 0 0 0 0 0 0 758.28 364.57 791.34 373.42 1.3660 1.9896 4.9534 -29.7852 2.1148 89.1418 0.3704 0.0011 0.0004 191 mustang_mustang
Car 1.00 1.00 0 0 0 0 0 0 0 0 -1000.00 -1000.00 -1000.00 -1000.00 1.9476 2.0282 4.8347 291.2820 2.0291 -157.7891 1.5426 0.0008 0.0005 192 nissan_patrol
Pedestrian 1.00 1.00 0 0 0 0 0 0 0 0 -1000.00 -1000.00 -1000.00 -1000.00 1.9158 0.4880 0.7507 290.0083 1.7548 -244.9232 -1.8850 0.0012 0.0005 193 pedestrian_0019
Pedestrian 1.00 1.00 0 0 0 0 0 0 0 0 -1000.00 -1000.00 -1000.00 -1000.00 1.1330 0.4333 0.6667 14.7262 1.7727 -96.4387 2.7314 0.0012 0.0005 194 pedestrian_0010
Pedestrian 1.00 1.00 0 0 0 0 0 0 0 0 -1000.00 -1000.00 -1000.00 -1000.00 1.9158 0.4880 0.7507 238.0393 1.9944 29.5409 1.5382 0.0012 0.0005 195 pedestrian_0005
Pedestrian 0.00 1.00 0 0 0 0 0 0 0 0 1175.04 360.69 1177.50 366.69 1.9158 0.4880 0.6073 69.2367 2.1374 177.4422 3.1108 0.0012 0.0005 196 pedestrian_0003
Pedestrian 0.00 0.98 0 0 0 7 0 0 1 0 952.72 314.28 956.30 323.37 1.9158 0.4880 0.7507 -1.1795 -7.8943 119.1762 -0.0292 0.0012 0.0005 197 pedestrian_0021
Pedestrian 1.00 1.00 0 0 0 0 0 0 0 0 -1000.00 -1000.00 -1000.00 -1000.00 1.9158 0.4880 0.7507 -111.5935 1.5306 -267.6956 2.2108 0.0012 0.0005 198 pedestrian_0003
Pedestrian 1.00 1.00 0 0 0 0 0 0 0 0 -1000.00 -1000.00 -1000.00 -1000.00 1.9158 0.4880 0.4751 295.0132 1.7790 -226.6561 1.4794 0.0012 0.0005 199 pedestrian_0004
Pedestrian 1.00 1.00 4 5 7 41 1 0 0 0 -1000.00 -1000.00 -1000.00 -1000.00 1.9158 0.4880 0.4438 -11.9197 1.8210 -60.1482 1.1402 0.0012 0.0005 200 pedestrian_0022
Pedestrian 1.00 1.00 0 0 0 0 0 0 0 0 -1000.00 -1000.00 -1000.00 -1000.00 1.3390 0.3253 0.4724 184.7575 1.8849 -80.7109 -1.5558 0.0012 0.0005 201 pedestrian_0014
Pedestrian 1.00 1.00 0 0 0 0 0 0 0 0 -1000.00 -1000.00 -1000.00 -1000.00 1.9158 0.4880 0.4656 92.5683 2.1097 13.0198 0.1527 0.0012 0.0005 202 pedestrian_0022
Pedestrian 1.00 1.00 0 0 0 0 0 0 0 0 -1000.00 -1000.00 -1000.00 -1000.00 1.9158 0.4880 0.5444 70.1644 1.8488 -201.5627 -1.8993 0.0012 0.0005 203 pedestrian_0023
Pedestrian 0.00 1.00 0 0 0 0 0 0 0 0 1431.12 364.38 1436.63 373.91 1.3390 0.3253 0.5005 66.8965 1.9592 78.2446 -3.1347 0.0012 0.0005 204 pedestrian_0012
Pedestrian 1.00 1.00 0 0 0 2 0 0 0 0 -1000.00 -1000.00 -1000.00 -1000.00 1.9158 0.4880 0.4207 -15.8318 1.9004 -121.1647 1.1526 0.0012 0.0005 205 pedestrian_0019
Pedestrian 1.00 1.00 0 0 0 0 0 0 0 0 -1000.00 -1000.00 -1000.00 -1000.00 1.9158 0.4880 0.4756 -68.9881 1.6321 -168.6335 1.5691 0.0012 0.0005 206 pedestrian_0005
Pedestrian 0.00 0.96 0 0 0 18 0 0 1 0 944.61 360.57 947.11 367.54 1.9158 0.4880 0.7507 -3.8946 2.0728 152.6639 -1.8463 0.0012 0.0005 207 pedestrian_0026
Pedestrian 1.00 1.00 0 0 0 0 0 0 0 0 -1000.00 -1000.00 -1000.00 -1000.00 1.9158 0.4880 0.7507 64.3108 1.9409 10.8055 3.0985 0.0012 0.0005 208 pedestrian_0015
Pedestrian 1.00 1.00 0 0 0 0 0 0 0 0 -1000.00 -1000.00 -1000.00 -1000.00 1.3390 0.3253 0.3312 -131.2659 1.6829 -120.5070 -1.6095 0.0012 0.0005 209 pedestrian_0014
Pedestrian 1.00 1.00 0 0 0 0 0 0 0 0 -1000.00 -1000.00 -1000.00 -1000.00 1.9158 0.4880 0.4133 -132.9673 1.6801 -129.0129 1.8089 0.0012 0.0005 210 pedestrian_0016
Pedestrian 1.00 1.00 0 0 0 0 0 0 0 0 -1000.00 -1000.00 -1000.00 -1000.00 1.3390 0.3253 0.2629 100.3337 1.9695 -55.7448 1.5317 0.0012 0.0005 211 pedestrian_0012
Pedestrian 1.00 1.00 1 0 1 9 1 0 0 0 -1000.00 -1000.00 -1000.00 -1000.00 1.1330 0.4333 0.5755 -12.9805 1.7650 -97.7861 -1.6194 0.0012 0.0005 212 pedestrian_0009
Pedestrian 0.00 1.00 0 0 0 0 0 0 0 0 1393.88 363.49 1397.41 367.46 1.1330 0.4333 0.6667 124.5387 2.1309 158.4466 3.0990 0.0012 0.0005 213 pedestrian_0010
Pedestrian 1.00 1.00 0 0 0 0 0 0 0 0 -1000.00 -1000.00 -1000.00 -1000.00 1.9158 0.4880 0.7507 -87.7289 1.5136 -292.2196 -0.6204 0.0012 0.0005 214 pedestrian_0021
Pedestrian 1.00 1.00 0 0 0 0 0 0 0 0 -1000.00 -1000.00 -1000.00 -1000.00 1.9158 0.4880 0.3910 99.5171 1.9785 -54.8999 1.9233 0.0012 0.0005 215 pedestrian_0018
Pedestrian 1.00 1.00 0 0 0 0 0 0 0 0 -1000.00 -1000.00 -1000.00 -1000.00 1.9158 0.4880 0.4928 271.4671 1.7043 -279.4673 0.9977 0.0012 0.0005 216 pedestrian_0020
Pedestrian 1.00 1.00 0 0 0 0 0 0 0 0 -1000.00 -1000.00 -1000.00 -1000.00 1.9158 0.4880 0.7507 96.4801 1.9457 1.3890 1.4555 0.0012 0.0005 217 pedestrian_0017
Pedestrian 1.00 1.00 0 0 0 0 0 0 0 0 -1000.00 -1000.00 -1000.00 -1000.00 1.9158 0.4880 0.7507 193.1006 1.8175 -148.1762 3.1120 0.0012 0.0005 218 pedestrian_0007
Pedestrian 1.00 1.00 0 2 4 8 0 0 0 0 -1000.00 -1000.00 -1000.00 -1000.00 1.1330 0.4333 0.5156 -12.2177 1.9191 -96.9119 1.4143 0.0012 0.0005 219 pedestrian_0010
Pedestrian 1.00 1.00 0 1 2 6 0 0 0 0 -1000.00 -1000.00 -1000.00 -1000.00 1.9158 0.4880 0.4381 10.9764 1.7939 -91.4364 -1.7268 0.0012 0.0005 220 pedestrian_0023
Pedestrian 1.00 1.00 0 0 0 0 0 0 0 0 -1000.00 -1000.00 -1000.00 -1000.00 1.9158 0.4880 0.5222 237.5681 1.9624 3.2709 1.7369 0.0012 0.0005 221 pedestrian_0024
Pedestrian 1.00 1.00 0 0 0 0 0 0 0 0 -1000.00 -1000.00 -1000.00 -1000.00 1.1330 0.4333 0.3570 190.2199 1.6584 -246.2423 0.4269 0.0012 0.0005 222 pedestrian_0011
Pedestrian 1.00 1.00 0 0 0 0 0 0 0 0 -1000.00 -1000.00 -1000.00 -1000.00 1.9158 0.4880 0.7507 -65.6451 1.5081 -305.6548 -0.4369 0.0012 0.0005 223 pedestrian_0016
Pedestrian 0.00 1.00 0 0 0 0 0 0 0 0 1405.46 324.17 1409.40 331.29 1.9158 0.4880 0.6799 122.3862 -7.8667 151.6068 3.0636 0.0012 0.0005 224 pedestrian_0017
Pedestrian 0.00 0.96 0 0 0 21 0 0 0 0 214.00 284.06 226.62 301.34 1.9158 0.4880 0.7507 -86.4443 -6.9005 64.7742 -1.8112 0.0012 0.0005 225 pedestrian_0001
Pedestrian 1.00 1.00 0 0 0 0 0 0 0 0 -1000.00 -1000.00 -1000.00 -1000.00 1.9158 0.4880 0.7507 93.6138 1.8236 -105.3479 1.5691 0.0012 0.0005 226 pedestrian_0003
Pedestrian 1.00 1.00 0 0 0 0 0 0 0 0 -1000.00 -1000.00 -1000.00 -1000.00 1.9158 0.4880 0.5897 218.4992 1.9910 36.7498 1.5754 0.0012 0.0005 227 pedestrian_0007
Pedestrian 1.00 1.00 0 0 0 0 0 0 0 0 -1000.00 -1000.00 -1000.00 -1000.00 1.1330 0.4333 0.6667 184.2257 1.8710 -90.3269 -1.5913 0.0012 0.0005 228 pedestrian_0010
Pedestrian 1.00 1.00 0 0 0 0 0 0 0 0 -1000.00 -1000.00 -1000.00 -1000.00 1.1330 0.4333 0.5847 37.7125 1.7638 -114.5368 -1.0600 0.0012 0.0005 229 pedestrian_0010
Pedestrian 1.00 1.00 0 0 0 0 0 0 0 0 -1000.00 -1000.00 -1000.00 -1000.00 1.3390 0.3253 0.3948 79.6495 1.9723 38.5488 2.2301 0.0012 0.0005 230 pedestrian_0013
Pedestrian 1.00 1.00 0 0 0 0 0 0 0 0 -1000.00 -1000.00 -1000.00 -1000.00 1.3390 0.3253 0.4319 -63.9399 1.9689 12.5819 0.0941 0.0012 0.0005 231 pedestrian_0013
Pedestrian 1.00 1.00 0 0 0 0 0 0 0 0 -1000.00 -1000.00 -1000.00 -1000.00 1.9158 0.4880 0.5502 95.5116 2.0009 -45.9762 -2.1748 0.0012 0.0005 232 pedestrian_0020
Pedestrian 0.00 1.00 0 0 0 0 0 0 0 0 1697.01 360.86 1708.29 375.53 1.9158 0.4880 0.7403 97.5569 2.0294 72.8098 -1.4374 0.0012 0.0005 233 pedestrian_0021
Pedestrian 1.00 1.00 0 0 0 0 0 0 0 0 -1000.00 -1000.00 -1000.00 -1000.00 1.1330 0.4333 0.4459 71.5394 1.6981 -190.8743 1.6994 0.0012 0.0005 234 pedestrian_0009
Pedestrian 0.00 1.00 0 0 0 0 0 0 0 0 1392.70 360.76 1397.40 371.13 1.9158 0.4880 0.4855 80.5731 2.0574 102.6505 -1.5943 0.0012 0.0005 235 pedestrian_0006
Pedestrian 1.00 1.00 0 0 0 0 0 0 0 0 -1000.00 -1000.00 -1000.00 -1000.00 1.1330 0.4333 0.4610 90.8910 1.6777 -214.3789 0.0647 0.0012 0.0005 236 pedestrian_0009
Pedestrian 1.00 1.00 0 0 0 0 0 0 0 0 -1000.00 -1000.00 -1000.00 -1000.00 1.9158 0.4880 0.4503 183.5439 2.0550 -72.1213 1.1634 0.0012 0.0005 237 pedestrian_0026
Pedestrian 1.00 1.00 0 0 0 0 0 0 0 0 -1000.00 -1000.00 -1000.00 -1000.00 1.9158 0.4880 0.5561 -64.8375 1.8592 -136.0566 3.1251 0.0012 0.0005 238 pedestrian_0021
Pedestrian 1.00 1.00 0 1 2 0 0 0 0 0 -1000.00 -1000.00 -1000.00 -1000.00 1.3390 0.3253 0.2502 -13.2372 1.8953 -119.4439 2.7316 0.0012 0.0005 239 pedestrian_0012
Pedestrian 1.00 1.00 0 0 0 0 0 0 0 0 -1000.00 -1000.00 -1000.00 -1000.00 1.9158 0.4880 0.7507 204.0234 1.6270 -319.6789 0.2630 0.0012 0.0005 240 pedestrian_0020
Pedestrian 1.00 1.00 0 0 0 0 0 0 0 0 -1000.00 -1000.00 -1000.00 -1000.00 1.1330 0.4333 0.6667 301.9566 -5.6372 -43.3537 -1.6246 0.0012 0.0005 241 pedestrian_0011
Pedestrian 1.00 1.00 0 0 0 0 0 0 0 0 -1000.00 -1000.00 -1000.00 -1000.00 1.9158 0.4880 0.7507 93.2507 1.7658 -154.5524 1.5481 0.0012 0.0005 242 pedestrian_0002
Pedestrian 1.00 1.00 0 0 0 0 0 0 0 0 -1000.00 -1000.00 -1000.00 -1000.00 1.3390 0.3253 0.3774 75.9021 1.8464 -66.9994 -1.5512 0.0012 0.0005 243 pedestrian_0014
Pedestrian 1.00 1.00 0 0 0 0 0 0 0 0 -1000.00 -1000.00 -1000.00 -1000.00 1.9158 0.4880 0.7507 63.7602 1.6019 -248.1762 3.1273 0.0012 0.0005 244 pedestrian_0006
Pedestrian 1.00 1.00 0 0 0 0 0 0 0 0 -1000.00 -1000.00 -1000.00 -1000.00 1.9158 0.4880 0.6253 299.8713 -7.8913 65.6268 -1.2903 0.0012 0.0005 245 pedestrian_0020
Pedestrian 0.00 0.82 4 4 7 93 0 0 2 0 851.03 360.39 857.91 379.88 1.9158 0.4880 0.7507 -10.4502 1.9553 54.8975 -1.6500 0.0012 0.0005 246 pedestrian_0022
Pedestrian 0.00 1.00 0 0 0 0 0 0 0 0 1632.69 360.81 1644.34 377.24 1.9158 0.4880 0.7389 79.6432 2.0116 65.0603 1.4497 0.0012 0.0005 247 pedestrian_0002
Pedestrian 1.00 1.00 0 0 0 0 0 0 0 0 -1000.00 -1000.00 -1000.00 -1000.00 1.9158 0.4880 0.5221 -49.1182 1.8036 -14.0047 -1.8978 0.0012 0.0005 248 pedestrian_0022
Pedestrian 1.00 1.00 1 1 1 5 0 0 0 0 -1000.00 -1000.00 -1000.00 -1000.00 1.9158 0.4880 0.5375 -14.6125 1.7511 -119.1582 1.4549 0.0012 0.0005 249 pedestrian_0006
Pedestrian 1.00 1.00 0 0 0 0 0 0 0 0 -1000.00 -1000.00 -1000.00 -1000.00 1.9158 0.4880 0.4062 186.9531 1.8642 -63.9525 -1.2223 0.0012 0.0005 250 pedestrian_0019
Pedestrian 1.00 1.00 0 0 0 0 0 0 0 0 -1000.00 -1000.00 -1000.00 -1000.00 1.9158 0.4880 0.7507 -58.7006 1.8399 -137.9598 -0.0529 0.0012 0.0005 251 pedestrian_0018
Pedestrian 1.00 1.00 0 0 0 0 0 0 0 0 -1000.00 -1000.00 -1000.00 -1000.00 1.9158 0.4880 0.7507 -10.7360 1.5227 -316.8044 -0.0415 0.0012 0.0005 252 pedestrian_0007
Pedestrian 0.00 0.93 4 2 5 39 0 0 3 0 986.93 361.43 991.92 374.81 1.9158 0.4880 0.6606 4.2288 2.1223 79.6642 0.0705 0.0012 0.0005 253 pedestrian_0008
Pedestrian 1.00 1.00 0 0 0 0 0 0 0 0 -1000.00 -1000.00 -1000.00 -1000.00 1.9158 0.4880 0.5207 38.6332 1.5446 -318.7366 -0.0280 0.0012 0.0005 254 pedestrian_0022
Pedestrian 1.00 1.00 0 0 0 0 0 0 0 0 -1000.00 -1000.00 -1000.00 -1000.00 1.9158 0.4880 0.5904 -132.3132 1.6799 -129.4928 -1.4836 0.0012 0.0005 255 pedestrian_0024
Pedestrian 1.00 1.00 37 41 65 307 0 0 0 5 -1000.00 -1000.00 -1000.00 -1000.00 1.1330 0.4333 0.5854 14.1094 1.8678 -5.7095 -1.8854 0.0012 0.0005 256 pedestrian_0011
Pedestrian 1.00 1.00 0 0 0 0 0 0 0 0 -1000.00 -1000.00 -1000.00 -1000.00 1.9158 0.4880 0.7507 127.3163 1.9736 12.4748 3.0910 0.0012 0.0005 257 pedestrian_0006
Pedestrian 1.00 1.00 0 0 0 0 0 0 0 0 -1000.00 -1000.00 -1000.00 -1000.00 1.9158 0.4880 0.6331 171.1398 2.0893 94.5063 2.9036 0.0012 0.0005 258 pedestrian_0005
Pedestrian 1.00 1.00 0 0 0 0 0 0 0 0 -1000.00 -1000.00 -1000.00 -1000.00 1.9158 0.4880 0.7507 187.4668 2.0289 -48.5386 1.5841 0.0012 0.0005 259 pedestrian_0003
Pedestrian 1.00 1.00 0 0 0 0 0 0 0 0 -1000.00 -1000.00 -1000.00 -1000.00 1.9158 0.4880 0.7404 -90.9070 -6.1869 0.5364 -1.6029 0.0012 0.0005 260 pedestrian_0001
Pedestrian 1.00 1.00 0 0 0 0 0 0 0 0 -1000.00 -1000.00 -1000.00 -1000.00 1.3390 0.3253 0.5005 187.6585 1.9527 -24.2042 1.5469 0.0012 0.0005 261 pedestrian_0014
Pedestrian 1.00 1.00 0 0 0 0 0 0 0 0 -1000.00 -1000.00 -1000.00 -1000.00 1.9158 0.4880 0.7507 106.5672 1.7849 -140.8852 3.0482 0.0012 0.0005 262 pedestrian_0020
Pedestrian 1.00 1.00 0 0 0 0 0 0 0 0 -1000.00 -1000.00 -1000.00 -1000.00 1.9158 0.4880 0.5576 89.8899 1.6635 -223.7080 1.6205 0.0012 0.0005 263 pedestrian_0025
Pedestrian 1.00 1.00 0 1 3 9 2 0 0 0 -1000.00 -1000.00 -1000.00 -1000.00 1.9158 0.4880 0.5182 -14.8546 1.7529 -117.4601 -2.0023 0.0012 0.0005 264 pedestrian_0026
Pedestrian 1.00 1.00 0 0 0 0 0 0 0 0 -1000.00 -1000.00 -1000.00 -1000.00 1.9158 0.4880 0.7507 296.3474 1.7914 -215.9483 1.5179 0.0012 0.0005 265 pedestrian_0025
Pedestrian 1.00 1.00 0 0 0 0 0 0 0 0 -1000.00 -1000.00 -1000.00 -1000.00 1.3390 0.3253 0.2502 185.9284 1.9029 -65.6523 -2.8656 0.0012 0.0005 266 pedestrian_0013
Pedestrian 1.00 1.00 0 0 0 0 0 0 0 0 -1000.00 -1000.00 -1000.00 -1000.00 1.9158 0.4880 0.3853 191.6292 2.0299 33.8205 0.3961 0.0012 0.0005 267 pedestrian_0015
Pedestrian 1.00 1.00 0 0 0 0 0 0 0 0 -1000.00 -1000.00 -1000.00 -1000.00 1.9158 0.4880 0.3941 168.4311 2.0641 73.2987 0.4729 0.0012 0.0005 268 pedestrian_0021
Pedestrian 1.00 1.00 0 0 0 0 0 0 0 0 -1000.00 -1000.00 -1000.00 -1000.00 1.1330 0.4333 0.4221 -133.2860 1.6104 -180.5302 -1.5990 0.0012 0.0005 269 pedestrian_0010
Pedestrian 0.00 0.03 55 54 94 1791 0 0 5 0 1348.15 360.18 1379.62 444.13 1.9158 0.4880 0.4859 9.4181 1.9180 12.9904 1.6614 0.0012 0.0005 270 pedestrian_0023
Pedestrian 1.00 1.00 0 0 0 0 0 0 0 0 -1000.00 -1000.00 -1000.00 -1000.00 1.3390 0.3253 0.5005 0.1599 1.5469 -261.1311 3.1012 0.0012 0.0005 271 pedestrian_0013
Pedestrian 1.00 1.00 0 0 0 0 0 0 0 0 -1000.00 -1000.00 -1000.00 -1000.00 1.9158 0.4880 0.5934 297.5589 1.8115 -199.1488 -1.6408 0.0012 0.0005 272 pedestrian_0016
Pedestrian 1.00 1.00 0 0 0 0 0 0 0 0 -1000.00 -1000.00 -1000.00 -1000.00 1.3390 0.3253 0.5005 166.5906 1.7379 -199.1520 -2.2216 0.0012 0.0005 273 pedestrian_0014
Pedestrian 1.00 1.00 0 0 0 0 0 0 0 0 -1000.00 -1000.00 -1000.00 -1000.00 1.9158 0.4880 0.6234 237.3504 1.9726 13.1820 1.5366 0.0012 0.0005 274 pedestrian_0019
Pedestrian 1.00 1.00 0 0 0 0 0 0 0 0 -1000.00 -1000.00 -1000.00 -1000.00 1.3390 0.3253 0.5004 100.3933 1.5911 -264.3023 -0.0684 0.0012 0.0005 275 pedestrian_0013
Pedestrian 1.00 1.00 0 0 0 0 0 0 0 0 -1000.00 -1000.00 -1000.00 -1000.00 1.9158 0.4880 0.7507 132.2544 1.7943 -143.5627 3.0333 0.0012 0.0005 276 pedestrian_0023
Pedestrian 1.00 1.00 2 1 1 7 0 0 0 0 -1000.00 -1000.00 -1000.00 -1000.00 1.1330 0.4333 0.6667 4.0150 1.7792 -92.9255 -1.6475 0.0012 0.0005 277 pedestrian_0011
Pedestrian 1.00 1.00 0 0 0 0 0 0 0 0 -1000.00 -1000.00 -1000.00 -1000.00 1.3390 0.3253 0.4419 153.8200 1.8572 -44.1422 -0.0105 0.0012 0.0005 278 pedestrian_0012
Pedestrian 1.00 1.00 0 0 0 0 0 0 0 0 -1000.00 -1000.00 -1000.00 -1000.00 1.9158 0.4880 0.5263 254.6055 -7.8944 79.6993 -0.8973 0.0012 0.0005 279 pedestrian_0015
Pedestrian 1.00 1.00 0 0 0 0 0 0 0 0 -1000.00 -1000.00 -1000.00 -1000.00 1.9158 0.4880 0.7507 190.7237 2.0415 44.1510 1.5685 0.0012 0.0005 280 pedestrian_0017
Pedestrian 0.00 1.00 0 0 0 0 0 0 0 0 1278.23 324.22 1281.99 331.32 1.9158 0.4880 0.7507 87.7921 -7.8808 152.0089 -0.0511 0.0012 0.0005 281 pedestrian_0005
Pedestrian 1.00 1.00 0 0 0 0 0 0 0 0 -1000.00 -1000.00 -1000.00 -1000.00 1.1330 0.4333 0.3435 223.6347 2.1503 15.6610 -1.5502 0.0012 0.0005 282 pedestrian_0009
Pedestrian 1.00 1.00 0 0 0 0 0 0 0 0 -1000.00 -1000.00 -1000.00 -1000.00 1.1330 0.4333 0.6667 -39.8977 1.6994 -240.7610 0.4663 0.0012 0.0005 283 pedestrian_0009
Pedestrian 0.00 1.00 0 0 0 0 0 0 0 0 1401.21 364.20 1404.60 369.26 1.1330 0.4333 0.4160 99.5634 2.0793 124.5950 -1.6386 0.0012 0.0005 284 pedestrian_0009
Pedestrian 0.00 0.90 7 9 19 180 0 0 9 0 960.08 362.45 970.45 388.62 1.9158 0.4880 0.7507 0.3861 2.0971 40.8542 0.0173 0.0012 0.0005 285 pedestrian_0024
Pedestrian 1.00 1.00 0 0 0 0 0 0 0 0 -1000.00 -1000.00 -1000.00 -1000.00 1.9158 0.4880 0.7507 183.9147 1.8621 -106.6561 -1.5946 0.0012 0.0005 286 pedestrian_0023
Pedestrian 1.00 1.00 0 0 0 0 0 0 0 0 -1000.00 -1000.00 -1000.00 -1000.00 1.9158 0.4880 0.3754 -19.0960 1.7274 -136.8924 0.4928 0.0012 0.0005 287 pedestrian_0015
Pedestrian 1.00 1.00 0 0 0 0 0 0 0 0 -1000.00 -1000.00 -1000.00 -1000.00 1.9158 0.4880 0.7507 267.3951 -7.9410 42.4636 1.5843 0.0012 0.0005 288 pedestrian_0025
Pedestrian 0.00 1.00 0 0 0 0 0 0 0 0 508.01 320.70 511.44 326.16 1.1330 0.4333 0.4903 -97.0538 -7.3148 119.4660 -2.2398 0.0012 0.0005 289 pedestrian_0009
Pedestrian 0.00 1.00 0 0 0 0 0 0 0 0 1787.72 360.96 1795.52 370.22 1.9158 0.4880 0.7507 172.6086 2.1152 115.0402 -1.6018 0.0012 0.0005 290 pedestrian_0019
Pedestrian 1.00 1.00 0 0 0 0 0 0 0 0 -1000.00 -1000.00 -1000.00 -1000.00 1.9158 0.4880 0.7507 -25.6477 1.7228 -138.5133 -3.1210 0.0012 0.0005 291 pedestrian_0007
Pedestrian 1.00 1.00 0 0 0 0 0 0 0 0 -1000.00 -1000.00 -1000.00 -1000.00 1.9158 0.4880 0.7507 56.4449 1.5507 -319.7044 -0.0025 0.0012 0.0005 292 pedestrian_0021
Pedestrian 1.00 1.00 0 0 0 0 0 0 0 0 -1000.00 -1000.00 -1000.00 -1000.00 1.3390 0.3253 0.4484 96.1960 1.9309 -134.8012 -1.4931 0.0012 0.0005 293 pedestrian_0014
Pedestrian 1.00 1.00 0 0 0 0 0 0 0 0 -1000.00 -1000.00 -1000.00 -1000.00 1.9158 0.4880 0.7475 -127.3984 -6.4855 26.1835 1.5238 0.0012 0.0005 294 pedestrian_0002
Pedestrian 1.00 1.00 3 6 9 46 1 0 0 0 -1000.00 -1000.00 -1000.00 -1000.00 1.9158 0.4880 0.6587 -11.8056 1.9697 -57.7226 -2.2868 0.0012 0.0005 295 pedestrian_0026
Pedestrian 0.00 1.00 0 0 0 0 0 0 0 0 1700.05 360.58 1707.76 371.68 1.9158 0.4880 0.6916 128.7661 2.0161 95.9384 0.0349 0.0012 0.0005 296 pedestrian_0020
Pedestrian 0.00 0.99 2 1 1 11 0 0 0 0 1045.79 360.55 1049.99 374.45 1.9158 0.4880 0.7192 12.1722 1.9917 76.7731 1.5392 0.0012 0.0005 297 pedestrian_0016
Pedestrian 1.00 1.00 0 0 0 0 0 0 0 0 -1000.00 -1000.00 -1000.00 -1000.00 1.9158 0.4880 0.7507 -51.9186 1.6503 -161.6676 1.6079 0.0012 0.0005 298 pedestrian_0024
Pedestrian 0.00 1.00 0 0 0 0 0 0 0 0 1632.93 312.56 1639.12 321.99 1.9158 0.4880 0.6736 140.1777 -7.8995 114.9275 -0.0352 0.0012 0.0005 299 pedestrian_0001
Pedestrian 1.00 1.00 0 0 0 0 0 0 0 0 -1000.00 -1000.00 -1000.00 -1000.00 1.9158 0.4880 0.7507 -51.7361 1.6445 -166.4198 1.5700 0.0012 0.0005 300 pedestrian_0025
Pedestrian 1.00 1.00 0 0 0 0 0 0 0 0 -1000.00 -1000.00 -1000.00 -1000.00 1.9158 0.4880 0.7507 161.2367 1.9659 -139.2038 -1.6896 0.0012 0.0005 301 pedestrian_0016
Pedestrian 1.00 1.00 0 0 0 0 0 0 0 0 -1000.00 -1000.00 -1000.00 -1000.00 1.9158 0.4880 0.7448 193.6812 1.6661 -247.0935 0.1149 0.0012 0.0005 302 pedestrian_0006
Pedestrian 1.00 1.00 0 0 0 0 0 0 0 0 -1000.00 -1000.00 -1000.00 -1000.00 1.3390 0.3253 0.3955 -51.1593 1.6432 -161.1159 -1.5028 0.0012 0.0005 303 pedestrian_0012
Pedestrian 1.00 1.00 0 0 0 0 0 0 0 0 -1000.00 -1000.00 -1000.00 -1000.00 1.9158 0.4880 0.7507 207.2638 1.6284 -318.6826 0.2434 0.0012 0.0005 304 pedestrian_0024
Pedestrian 1.00 1.00 0 0 0 0 0 0 0 0 -1000.00 -1000.00 -1000.00 -1000.00 1.3390 0.3253 0.5005 -127.8069 1.5491 -237.8253 1.9365 0.0012 0.0005 305 pedestrian_0013
Pedestrian 1.00 1.00 0 0 0 0 0 0 0 0 -1000.00 -1000.00 -1000.00 -1000.00 1.1330 0.4333 0.5550 95.9004 1.5610 -321.1033 3.0835 0.0012 0.0005 306 pedestrian_0011
Pedestrian 1.00 1.00 0 0 0 0 0 0 0 0 -1000.00 -1000.00 -1000.00 -1000.00 1.9158 0.4880 0.7324 168.4953 1.9696 -9.6728 -1.6515 0.0012 0.0005 307 pedestrian_0024
Pedestrian 1.00 1.00 0 0 0 0 0 0 0 0 -1000.00 -1000.00 -1000.00 -1000.00 1.9158 0.4880 0.3926 15.9886 1.5315 -320.4381 -0.0314 0.0012 0.0005 308 pedestrian_0004
Pedestrian 1.00 1.00 4 5 8 34 1 0 0 0 -1000.00 -1000.00 -1000.00 -1000.00 1.9158 0.4880 0.6897 -12.2220 1.9549 -49.0237 -1.3686 0.0012 0.0005 309 pedestrian_0019
Pedestrian 1.00 1.00 0 0 0 0 0 0 0 0 -1000.00 -1000.00 -1000.00 -1000.00 1.3390 0.3253 0.5005 72.5889 1.7206 -176.7737 -1.6234 0.0012 0.0005 310 pedestrian_0012
Pedestrian 1.00 1.00 0 0 0 0 0 0 0 0 -1000.00 -1000.00 -1000.00 -1000.00 1.9158 0.4880 0.4141 186.5172 1.8940 -64.8236 -1.4448 0.0012 0.0005 311 pedestrian_0022
Pedestrian 1.00 1.00 0 0 0 0 0 0 0 0 -1000.00 -1000.00 -1000.00 -1000.00 1.9158 0.4880 0.7507 165.8127 2.0244 -52.1697 -1.6026 0.0012 0.0005 312 pedestrian_0018
Pedestrian 0.00 1.00 0 0 0 0 0 0 0 0 828.45 360.30 832.52 375.30 1.9158 0.4880 0.6895 -16.6376 1.9547 71.2040 1.7696 0.0012 0.0005 313 pedestrian_0022
Pedestrian 1.00 1.00 0 0 0 0 0 0 0 0 -1000.00 -1000.00 -1000.00 -1000.00 1.9158 0.4880 0.3820 168.6769 1.9603 -16.3058 -0.3807 0.0012 0.0005 314 pedestrian_0005
Pedestrian 1.00 1.00 0 0 0 0 0 0 0 0 -1000.00 -1000.00 -1000.00 -1000.00 1.9158 0.4880 0.7507 77.7853 1.9959 -51.9326 -1.2889 0.0012 0.0005 315 pedestrian_0018
Pedestrian 1.00 1.00 0 0 0 0 0 0 0 0 -1000.00 -1000.00 -1000.00 -1000.00 1.9158 0.4880 0.7061 -75.2826 1.5093 -301.1165 2.5460 0.0012 0.0005 316 pedestrian_0024
Pedestrian 1.00 1.00 0 0 0 0 0 0 0 0 -1000.00 -1000.00 -1000.00 -1000.00 1.9158 0.4880 0.6544 180.4715 1.6621 -248.6715 0.0994 0.0012 0.0005 317 pedestrian_0002
Pedestrian 1.00 1.00 0 0 0 0 0 0 0 0 -1000.00 -1000.00 -1000.00 -1000.00 1.3390 0.3253 0.3330 115.0596 1.7784 -142.8164 3.0530 0.0012 0.0005 318 pedestrian_0013
Pedestrian 0.00 1.00 0 0 0 0 0 0 0 0 1315.35 360.29 1320.79 373.85 1.9158 0.4880 0.4697 50.7783 1.9578 78.6021 3.0762 0.0012 0.0005 319 pedestrian_0018
Pedestrian 1.00 1.00 0 0 0 0 0 0 0 0 -1000.00 -1000.00 -1000.00 -1000.00 1.9158 0.4880 0.7064 229.1099 1.9068 -40.0097 -2.1497 0.0012 0.0005 320 pedestrian_0006
Pedestrian 1.00 1.00 0 0 0 0 0 0 0 0 -1000.00 -1000.00 -1000.00 -1000.00 1.9158 0.4880 0.7507 184.7330 1.6138 -321.9045 0.0830 0.0012 0.0005 321 pedestrian_0021
Pedestrian 0.00 1.00 0 0 0 0 0 0 0 0 1572.33 367.50 1579.86 375.80 1.1330 0.4333 0.5709 84.8108 2.1682 76.2983 0.0716 0.0012 0.0005 322 pedestrian_0010
Pedestrian 0.00 0.06 32 29 40 542 0 0 3 0 644.92 364.51 663.55 409.02 1.9158 0.4880 0.7507 -12.8057 2.0701 23.2083 -1.6428 0.0012 0.0005 323 pedestrian_0022
Pedestrian 1.00 1.00 1 1 2 0 0 0 0 0 -1000.00 -1000.00 -1000.00 -1000.00 1.9158 0.4880 0.5764 78.4555 1.9819 38.3433 1.4048 0.0012 0.0005 324 pedestrian_0015
Pedestrian 1.00 1.00 5 6 9 33 0 0 0 0 -1000.00 -1000.00 -1000.00 -1000.00 1.9158 0.4880 0.3754 -12.4887 1.8213 -59.9410 1.5001 0.0012 0.0005 325 pedestrian_0005
Pedestrian 0.00 1.00 0 0 0 0 0 0 0 0 1719.12 323.73 1723.93 330.97 1.9158 0.4880 0.6037 204.9458 -7.8278 149.1634 -0.0559 0.0012 0.0005 326 pedestrian_0006
Pedestrian 1.00 1.00 0 0 0 0 0 0 0 0 -1000.00 -1000.00 -1000.00 -1000.00 1.9158 0.4880 0.7507 148.9340 1.7581 -183.6350 0.5865 0.0012 0.0005 327 pedestrian_0002
Pedestrian 1.00 1.00 0 0 0 0 0 0 0 0 -1000.00 -1000.00 -1000.00 -1000.00 1.9158 0.4880 0.6805 153.9710 1.8048 -143.6860 -0.1228 0.0012 0.0005 328 pedestrian_0015
Pedestrian 1.00 1.00 0 0 0 0 0 0 0 0 -1000.00 -1000.00 -1000.00 -1000.00 1.9158 0.4880 0.7507 -133.3625 1.5856 -210.4589 -1.4547 0.0012 0.0005 329 pedestrian_0005
Pedestrian 1.00 1.00 0 0 0 0 0 0 0 0 -1000.00 -1000.00 -1000.00 -1000.00 1.1330 0.4333 0.4881 212.8643 1.6213 -317.3663 0.2193 0.0012 0.0005 330 pedestrian_0010
Pedestrian 1.00 1.00 0 0 0 0 0 0 0 0 -1000.00 -1000.00 -1000.00 -1000.00 1.9158 0.4880 0.7026 95.9158 1.9247 -16.4133 -1.7081 0.0012 0.0005 331 pedestrian_0001
Pedestrian 1.00 1.00 0 0 1 1 0 0 0 0 -1000.00 -1000.00 -1000.00 -1000.00 1.9158 0.4880 0.3783 12.6987 1.7417 -138.5903 -0.8639 0.0012 0.0005 332 pedestrian_0017
Pedestrian 0.00 1.00 0 0 0 0 0 0 0 0 1817.52 360.86 1833.04 382.18 1.9158 0.4880 0.5836 78.2162 1.9935 50.1037 1.5599 0.0012 0.0005 333 pedestrian_0023
Pedestrian 1.00 1.00 0 0 0 0 0 0 0 0 -1000.00 -1000.00 -1000.00 -1000.00 1.3390 0.3253 0.3864 -41.0503 1.7078 -137.9144 0.0993 0.0012 0.0005 334 pedestrian_0013
Pedestrian 1.00 1.00 0 0 0 0 0 0 0 0 -1000.00 -1000.00 -1000.00 -1000.00 1.9158 0.4880 0.7358 67.2838 1.8260 -41.5242 0.0300 0.0012 0.0005 335 pedestrian_0019
Pedestrian 1.00 1.00 0 2 4 8 0 0 0 0 -1000.00 -1000.00 -1000.00 -1000.00 1.9158 0.4880 0.6894 -14.2442 1.7449 -140.6094 -0.0631 0.0012 0.0005 336 pedestrian_0017
Pedestrian 1.00 1.00 0 0 0 0 0 0 0 0 -1000.00 -1000.00 -1000.00 -1000.00 1.9158 0.4880 0.5789 194.9123 1.6203 -321.5479 2.9147 0.0012 0.0005 337 pedestrian_0025
Pedestrian 1.00 1.00 0 0 0 0 0 0 0 0 -1000.00 -1000.00 -1000.00 -1000.00 1.9158 0.4880 0.7507 269.7884 -7.8422 117.1173 2.2842 0.0012 0.0005 338 pedestrian_0006
Pedestrian 1.00 1.00 0 0 0 0 0 0 0 0 -1000.00 -1000.00 -1000.00 -1000.00 1.1330 0.4333 0.6034 265.4542 -7.9331 54.0111 -1.3550 0.0012 0.0005 339 pedestrian_0011
Pedestrian 1.00 1.00 0 0 0 0 0 0 0 0 -1000.00 -1000.00 -1000.00 -1000.00 1.1330 0.4333 0.5612 207.8609 2.0149 71.5164 -0.6163 0.0012 0.0005 340 pedestrian_0011
Pedestrian 0.00 1.00 0 0 0 0 0 0 0 0 1837.57 363.90 1841.87 370.80 1.3390 0.3253 0.3040 171.3136 2.0998 107.9332 -1.7667 0.0012 0.0005 341 pedestrian_0013
Pedestrian 0.00 1.00 0 0 0 0 0 0 0 0 1281.05 360.75 1283.14 366.78 1.9158 0.4880 0.4449 102.5064 2.1534 176.3921 -0.2142 0.0012 0.0005 342 pedestrian_0007
Pedestrian 1.00 1.00 0 0 0 0 0 0 0 0 -1000.00 -1000.00 -1000.00 -1000.00 1.9158 0.4880 0.7507 137.6604 1.8298 -88.7384 -1.6412 0.0012 0.0005 343 pedestrian_0021
Pedestrian 1.00 1.00 0 0 0 0 0 0 0 0 -1000.00 -1000.00 -1000.00 -1000.00 1.1330 0.4333 0.5895 301.1819 -7.9088 60.6853 -1.2983 0.0012 0.0005 344 pedestrian_0010
Pedestrian 1.00 1.00 0 0 0 0 0 0 0 0 -1000.00 -1000.00 -1000.00 -1000.00 1.9158 0.4880 0.5388 72.0337 1.7992 -77.9304 -1.7629 0.0012 0.0005 345 pedestrian_0021
Pedestrian 0.00 0.09 1 1 4 643 0 0 0 0 1528.39 388.16 1550.87 443.52 1.3390 0.3253 0.2986 13.4205 1.9100 12.8592 0.0101 0.0012 0.0005 346 pedestrian_0014
Pedestrian 1.00 1.00 0 0 0 0 0 0 0 0 -1000.00 -1000.00 -1000.00 -1000.00 1.9158 0.4880 0.3933 185.7550 2.0261 -64.3628 -0.0941 0.0012 0.0005 347 pedestrian_0023
Pedestrian 1.00 1.00 0 0 0 0 0 0 0 0 -1000.00 -1000.00 -1000.00 -1000.00 1.9158 0.4880 0.7507 22.0685 1.6995 -180.8866 2.0858 0.0012 0.0005 348 pedestrian_0008
Pedestrian 1.00 1.00 0 0 0 0 0 0 0 0 -1000.00 -1000.00 -1000.00 -1000.00 1.9158 0.4880 0.7507 107.7495 1.5762 -320.5504 -0.0178 0.0012 0.0005 349 pedestrian_0006
Pedestrian 1.00 1.00 0 0 0 0 0 0 0 0 -1000.00 -1000.00 -1000.00 -1000.00 1.9158 0.4880 0.6782 179.8139 2.1487 9.9303 3.0060 0.0012 0.0005 350 pedestrian_0022
Pedestrian 1.00 1.00 0 0 0 0 0 0 0 0 -1000.00 -1000.00 -1000.00 -1000.00 1.9158 0.4880 0.4123 184.9300 1.9009 -74.0900 -1.0066 0.0012 0.0005 351 pedestrian_0023
Pedestrian 1.00 1.00 0 0 0 0 0 0 0 0 -1000.00 -1000.00 -1000.00 -1000.00 1.9158 0.4880 0.7454 166.2257 1.9354 -36.6664 1.5516 0.0012 0.0005 352 pedestrian_0006
Pedestrian 1.00 1.00 0 0 0 0 0 0 0 0 -1000.00 -1000.00 -1000.00 -1000.00 1.9158 0.4880 0.7507 110.9089 1.7256 -195.5970 -3.1317 0.0012 0.0005 353 pedestrian_0024
Pedestrian 1.00 1.00 0 0 0 0 0 0 0 0 -1000.00 -1000.00 -1000.00 -1000.00 1.1330 0.4333 0.6667 -130.1158 1.3622 -77.2276 1.5053 0.0012 0.0005 354 pedestrian_0011
Pedestrian 1.00 1.00 3 5 5 16 2 0 0 0 -1000.00 -1000.00 -1000.00 -1000.00 1.9158 0.4880 0.5239 -13.5954 1.7785 -96.0604 1.5738 0.0012 0.0005 355 pedestrian_0017
Pedestrian 0.00 1.00 0 0 0 0 0 0 0 0 1824.71 315.10 1828.93 321.73 1.3390 0.3253 0.3490 178.4562 -7.8914 114.1067 -0.0377 0.0012 0.0005 356 pedestrian_0012
Pedestrian 1.00 1.00 0 0 0 0 0 0 0 0 -1000.00 -1000.00 -1000.00 -1000.00 1.9158 0.4880 0.4445 261.4872 1.6877 -289.4580 -2.3491 0.0012 0.0005 357 pedestrian_0020
Pedestrian 1.00 1.00 0 0 0 0 0 0 0 0 -1000.00 -1000.00 -1000.00 -1000.00 1.9158 0.4880 0.5078 168.5076 1.9907 9.8731 -3.1172 0.0012 0.0005 358 pedestrian_0017
Pedestrian 1.00 1.00 0 0 0 0 0 0 0 0 -1000.00 -1000.00 -1000.00 -1000.00 1.9158 0.4880 0.4714 -40.5146 1.7146 -139.5633 3.1237 0.0012 0.0005 359 pedestrian_0025
Pedestrian 1.00 1.00 0 0 0 0 0 0 0 0 -1000.00 -1000.00 -1000.00 -1000.00 1.3390 0.3253 0.3998 251.7847 1.6653 -298.2695 -2.4554 0.0012 0.0005 360 pedestrian_0013
Pedestrian 1.00 1.00 0 0 0 0 0 0 0 0 -1000.00 -1000.00 -1000.00 -1000.00 1.3390 0.3253 0.2589 197.8841 1.6111 -320.9046 0.1446 0.0012 0.0005 361 pedestrian_0013
Pedestrian 1.00 1.00 0 0 0 0 0 0 0 0 -1000.00 -1000.00 -1000.00 -1000.00 1.3390 0.3253 0.2502 76.4376 1.8445 -62.9286 2.8893 0.0012 0.0005 362 pedestrian_0013
Pedestrian 1.00 1.00 0 0 0 0 0 0 0 0 -1000.00 -1000.00 -1000.00 -1000.00 1.1330 0.4333 0.6667 26.7454 1.7353 -140.1525 -0.0340 0.0012 0.0005 363 pedestrian_0011
Pedestrian 1.00 1.00 0 0 0 0 0 0 0 0 -1000.00 -1000.00 -1000.00 -1000.00 1.3390 0.3253 0.4210 62.2285 1.8142 -42.3514 -3.0851 0.0012 0.0005 364 pedestrian_0012
Pedestrian 0.00 1.00 0 0 0 0 0 0 0 0 1504.66 360.82 1508.83 371.47 1.9158 0.4880 0.3919 98.6903 2.0641 100.0447 -1.1209 0.0012 0.0005 365 pedestrian_0023
Pedestrian 1.00 1.00 1 0 0 2 0 0 0 0 -1000.00 -1000.00 -1000.00 -1000.00 1.9158 0.4880 0.3754 -15.5115 1.7881 -120.4502 1.5982 0.0012 0.0005 366 pedestrian_0005
Pedestrian 1.00 1.00 0 0 0 0 0 0 0 0 -1000.00 -1000.00 -1000.00 -1000.00 1.9158 0.4880 0.6133 9.9854 1.5601 -262.4310 -0.0120 0.0012 0.0005 367 pedestrian_0021
Pedestrian 1.00 1.00 0 0 0 0 0 0 0 0 -1000.00 -1000.00 -1000.00 -1000.00 1.1330 0.4333 0.4230 73.0428 1.9186 -133.0842 1.5753 0.0012 0.0005 368 pedestrian_0010
Pedestrian 1.00 1.00 0 0 0 0 0 0 0 0 -1000.00 -1000.00 -1000.00 -1000.00 1.9158 0.4880 0.3754 183.1821 2.0625 -65.4930 2.9077 0.0012 0.0005 369 pedestrian_0020
Pedestrian 1.00 1.00 0 0 0 0 0 0 0 0 -1000.00 -1000.00 -1000.00 -1000.00 1.3390 0.3253 0.4328 60.2873 1.8250 -35.3823 3.0041 0.0012 0.0005 370 pedestrian_0012
Pedestrian 1.00 1.00 0 0 0 0 0 0 0 0 -1000.00 -1000.00 -1000.00 -1000.00 1.9158 0.4880 0.4252 190.9716 2.0297 33.8779 1.4906 0.0012 0.0005 371 pedestrian_0015
Pedestrian 1.00 1.00 2 4 7 21 1 0 0 0 -1000.00 -1000.00 -1000.00 -1000.00 1.9158 0.4880 0.7507 -12.1742 1.7937 -83.4874 1.5430 0.0012 0.0005 372 pedestrian_0007
Pedestrian 1.00 1.00 0 0 0 0 0 0 0 0 -1000.00 -1000.00 -1000.00 -1000.00 1.9158 0.4880 0.6402 10.2834 1.5340 -317.7492 3.1003 0.0012 0.0005 373 pedestrian_0008
Pedestrian 1.00 1.00 0 0 0 0 0 0 0 0 -1000.00 -1000.00 -1000.00 -1000.00 1.9158 0.4880 0.6105 74.3311 1.9302 -133.4030 -1.5414 0.0012 0.0005 374 pedestrian_0020
Pedestrian 1.00 1.00 0 0 0 0 0 0 0 0 -1000.00 -1000.00 -1000.00 -1000.00 1.9158 0.4880 0.5527 189.7138 2.1594 14.9214 1.4934 0.0012 0.0005 375 pedestrian_0015
Pedestrian 1.00 1.00 0 0 0 0 0 0 0 0 -1000.00 -1000.00 -1000.00 -1000.00 1.3390 0.3253 0.3265 77.3726 1.9891 -52.9583 1.6674 0.0012 0.0005 376 pedestrian_0012
Pedestrian 1.00 1.00 0 0 0 0 0 0 0 0 -1000.00 -1000.00 -1000.00 -1000.00 1.9158 0.4880 0.4189 191.5932 2.0484 51.7499 -1.5804 0.0012 0.0005 377 pedestrian_0017
Pedestrian 1.00 1.00 0 0 0 0 0 0 0 0 -1000.00 -1000.00 -1000.00 -1000.00 1.9158 0.4880 0.3878 85.3697 1.9957 -57.1879 1.3489 0.0012 0.0005 378 pedestrian_0025
Pedestrian 1.00 1.00 5 2 2 7 2 0 0 0 -1000.00 -1000.00 -1000.00 -1000.00 1.1330 0.4333 0.6667 -11.6360 1.8027 -70.7382 1.5037 0.0012 0.0005 379 pedestrian_0009
Pedestrian 0.30 0.00 133 146 251 11297 0 20 32 0 -9.45 363.65 103.96 547.35 1.9158 0.4880 0.6256 -9.5888 1.8989 5.7215 -1.5895 0.0012 0.0005 380 pedestrian_0002
Pedestrian 1.00 1.00 0 0 0 0 0 0 0 0 -1000.00 -1000.00 -1000.00 -1000.00 1.3390 0.3253 0.4037 277.2627 1.7093 -270.3363 -2.1317 0.0012 0.0005 381 pedestrian_0013
Pedestrian 1.00 1.00 0 0 0 0 0 0 0 0 -1000.00 -1000.00 -1000.00 -1000.00 1.3390 0.3253 0.4868 150.1182 1.8541 -44.9240 -3.0884 0.0012 0.0005 382 pedestrian_0012
Pedestrian 1.00 1.00 0 0 0 0 0 0 0 0 -1000.00 -1000.00 -1000.00 -1000.00 1.1330 0.4333 0.5963 125.9861 1.7811 -142.4600 -0.0167 0.0012 0.0005 383 pedestrian_0010
Pedestrian 1.00 1.00 0 0 0 0 0 0 0 0 -1000.00 -1000.00 -1000.00 -1000.00 1.3390 0.3253 0.5005 226.9318 1.6358 -312.2947 -2.6972 0.0012 0.0005 384 pedestrian_0013
Pedestrian 1.00 1.00 0 0 0 0 0 0 0 0 -1000.00 -1000.00 -1000.00 -1000.00 1.9158 0.4880 0.7507 159.6512 1.6520 -251.5009 -0.4014 0.0012 0.0005 385 pedestrian_0015
Pedestrian 0.00 1.00 0 0 0 0 0 0 0 0 1620.49 361.51 1628.58 374.28 1.9158 0.4880 0.6841 100.2623 2.1451 83.6255 1.2697 0.0012 0.0005 386 pedestrian_0018
Pedestrian 1.00 1.00 0 0 0 0 0 0 0 0 -1000.00 -1000.00 -1000.00 -1000.00 1.3390 0.3253 0.4731 263.1706 1.6819 -288.5488 -2.2812 0.0012 0.0005 387 pedestrian_0013
Pedestrian 1.00 1.00 0 0 0 0 0 0 0 0 -1000.00 -1000.00 -1000.00 -1000.00 1.9158 0.4880 0.7507 234.1462 2.0414 72.8148 -0.9963 0.0012 0.0005 388 pedestrian_0022
Pedestrian 1.00 1.00 0 0 0 0 0 0 0 0 -1000.00 -1000.00 -1000.00 -1000.00 1.9158 0.4880 0.7507 -85.6320 1.5129 -293.8156 -0.6273 0.0012 0.0005 389 pedestrian_0003
Pedestrian 1.00 1.00 0 0 0 0 0 0 0 0 -1000.00 -1000.00 -1000.00 -1000.00 1.9158 0.4880 0.7507 182.6647 1.6127 -321.9185 0.0548 0.0012 0.0005 390 pedestrian_0021
Pedestrian 1.00 1.00 0 0 0 0 0 0 0 0 -1000.00 -1000.00 -1000.00 -1000.00 1.9158 0.4880 0.7507 209.9779 1.6301 -318.2312 0.1151 0.0012 0.0005 392 pedestrian_0005
Pedestrian 1.00 1.00 0 0 0 0 0 0 0 0 -1000.00 -1000.00 -1000.00 -1000.00 1.9158 0.4880 0.4774 240.6569 -7.8798 94.1743 2.4335 0.0012 0.0005 393 pedestrian_0026
Pedestrian 1.00 1.00 0 0 0 0 0 0 0 0 -1000.00 -1000.00 -1000.00 -1000.00 1.9158 0.4880 0.7507 78.3014 2.0003 -62.2236 -2.4421 0.0012 0.0005 394 pedestrian_0022
Pedestrian 0.00 1.00 0 0 1 0 0 0 0 0 601.25 312.49 606.17 319.10 1.1330 0.4333 0.6667 -64.3905 -7.4203 100.1679 0.7988 0.0012 0.0005 395 pedestrian_0010
Pedestrian 1.00 1.00 10 6 11 45 4 0 0 0 -1000.00 -1000.00 -1000.00 -1000.00 1.9158 0.4880 0.7094 7.1424 1.7753 -60.8591 0.1341 0.0012 0.0005 396 pedestrian_0006
Pedestrian 1.00 1.00 0 0 0 0 0 0 0 0 -1000.00 -1000.00 -1000.00 -1000.00 1.3390 0.3253 0.2603 183.7948 1.8920 -74.1063 1.4509 0.0012 0.0005 397 pedestrian_0012
Pedestrian 1.00 1.00 0 0 0 0 0 0 0 0 -1000.00 -1000.00 -1000.00 -1000.00 1.1330 0.4333 0.6667 153.4597 1.8317 -63.0118 3.0878 0.0012 0.0005 398 pedestrian_0010
Pedestrian 1.00 1.00 0 2 4 5 0 0 0 0 -1000.00 -1000.00 -1000.00 -1000.00 1.9158 0.4880 0.6742 8.6247 1.7393 -139.2559 -0.0580 0.0012 0.0005 399 pedestrian_0007
Pedestrian 0.00 1.00 0 0 0 0 0 0 0 0 1604.14 323.91 1608.67 331.10 1.9158 0.4880 0.6437 175.0581 -7.8413 150.1018 -0.0381 0.0012 0.0005 400 pedestrian_0001
Pedestrian 1.00 1.00 0 0 0 0 0 0 0 0 -1000.00 -1000.00 -1000.00 -1000.00 1.9158 0.4880 0.7507 185.7643 1.8208 -147.8425 -0.0446 0.0012 0.0005 401 pedestrian_0016
Pedestrian 1.00 1.00 0 0 0 0 0 0 0 0 -1000.00 -1000.00 -1000.00 -1000.00 1.9158 0.4880 0.7507 68.3174 1.5578 -319.7775 3.1080 0.0012 0.0005 402 pedestrian_0021
Pedestrian 0.00 1.00 0 0 0 0 0 0 0 0 1276.72 361.27 1279.98 368.09 1.9158 0.4880 0.6320 89.7374 2.2751 156.2367 0.2298 0.0012 0.0005 403 pedestrian_0006
Pedestrian 1.00 1.00 0 0 0 0 0 0 0 0 -1000.00 -1000.00 -1000.00 -1000.00 1.9158 0.4880 0.7507 47.5308 1.7561 -140.7946 -0.0364 0.0012 0.0005 404 pedestrian_0023
Pedestrian 1.00 1.00 0 0 0 0 0 0 0 0 -1000.00 -1000.00 -1000.00 -1000.00 1.1330 0.4333 0.6103 208.6259 1.8637 -58.5781 -2.7065 0.0012 0.0005 405 pedestrian_0011
Pedestrian 1.00 1.00 0 0 0 0 0 0 0 0 -1000.00 -1000.00 -1000.00 -1000.00 1.9158 0.4880 0.5457 131.2863 1.8585 -43.3574 -0.0873 0.0012 0.0005 406 pedestrian_0004
Pedestrian 1.00 1.00 0 0 0 0 0 0 0 0 -1000.00 -1000.00 -1000.00 -1000.00 1.9158 0.4880 0.4132 187.0947 1.8872 -65.2221 -0.2757 0.0012 0.0005 407 pedestrian_0026
Pedestrian 0.00 1.00 0 0 0 0 0 0 0 0 1913.88 364.00 1919.44 371.85 1.3390 0.3253 0.3711 163.6882 2.0242 94.8351 -0.0530 0.0012 0.0005 408 pedestrian_0013
Pedestrian 1.00 1.00 0 0 0 0 0 0 0 0 -1000.00 -1000.00 -1000.00 -1000.00 1.1330 0.4333 0.5216 117.4117 1.7764 -142.9606 3.1224 0.0012 0.0005 409 pedestrian_0010
Pedestrian 0.00 1.00 0 0 0 0 0 0 0 0 1337.11 360.41 1342.09 371.31 1.9158 0.4880 0.5435 66.8740 1.9878 97.6436 -0.0279 0.0012 0.0005 410 pedestrian_0020
Pedestrian 1.00 1.00 0 0 0 0 0 0 0 0 -1000.00 -1000.00 -1000.00 -1000.00 1.9158 0.4880 0.7333 236.0175 1.7496 -195.1837 1.4313 0.0012 0.0005 411 pedestrian_0025
Pedestrian 1.00 1.00 0 2 2 4 0 0 0 0 -1000.00 -1000.00 -1000.00 -1000.00 1.1330 0.4333 0.3489 -13.7495 1.7473 -113.0434 -1.6159 0.0012 0.0005 412 pedestrian_0010
Pedestrian 1.00 1.00 0 0 0 0 0 0 0 0 -1000.00 -1000.00 -1000.00 -1000.00 1.9158 0.4880 0.6483 72.9328 1.7697 -139.7942 -1.1605 0.0012 0.0005 413 pedestrian_0015
Pedestrian 0.00 1.00 0 0 0 0 0 0 0 0 1345.37 364.40 1349.62 369.83 1.1330 0.4333 0.6667 81.4983 2.0607 116.5727 1.5555 0.0012 0.0005 414 pedestrian_0011
Pedestrian 0.50 0.07 66 76 124 1964 0 17 1 0 -3.73 363.13 41.00 492.36 1.9158 0.4880 0.6049 -14.0042 1.8995 8.0852 2.1629 0.0012 0.0005 415 pedestrian_0025
Pedestrian 1.00 1.00 0 0 0 0 0 0 0 0 -1000.00 -1000.00 -1000.00 -1000.00 1.1330 0.4333 0.6527 -90.9834 -6.4037 16.9752 -1.6158 0.0012 0.0005 416 pedestrian_0009
Pedestrian 1.00 1.00 0 0 0 0 0 0 0 0 -1000.00 -1000.00 -1000.00 -1000.00 1.9158 0.4880 0.7507 -91.5202 -5.2668 -15.0755 -1.5862 0.0012 0.0005 417 pedestrian_0026
Pedestrian 1.00 1.00 0 0 0 0 0 0 0 0 -1000.00 -1000.00 -1000.00 -1000.00 1.9158 0.4880 0.7507 -9.2830 1.5242 -317.5067 -3.0498 0.0012 0.0005 418 pedestrian_0019
Pedestrian 1.00 1.00 0 0 0 0 0 0 0 0 -1000.00 -1000.00 -1000.00 -1000.00 1.9158 0.4880 0.4001 184.3223 1.9018 -73.1347 -0.5906 0.0012 0.0005 419 pedestrian_0018
Pedestrian 1.00 1.00 0 0 0 0 0 0 0 0 -1000.00 -1000.00 -1000.00 -1000.00 1.9158 0.4880 0.6882 255.9908 1.6789 -294.7182 -2.4193 0.0012 0.0005 420 pedestrian_0026
Pedestrian 0.00 0.04 10 7 15 154 0 0 3 0 1009.01 362.44 1020.06 388.15 1.9158 0.4880 0.7507 4.0910 2.0998 41.6048 -3.0618 0.0012 0.0005 421 pedestrian_0005
Pedestrian 0.00 1.00 0 0 0 0 0 0 0 0 1905.00 360.58 1916.71 374.29 1.9158 0.4880 0.7498 133.3082 1.9971 77.7067 3.0718 0.0012 0.0005 422 pedestrian_0021
Pedestrian 0.00 1.00 0 0 0 0 0 0 0 0 1658.50 360.91 1663.82 368.76 1.9158 0.4880 0.6629 171.7171 2.1389 135.7386 -1.3258 0.0012 0.0005 423 pedestrian_0025
Pedestrian 0.00 1.00 0 0 0 0 0 0 0 0 1302.84 360.29 1308.29 373.78 1.9158 0.4880 0.4656 49.2335 1.9580 78.9677 -3.1073 0.0012 0.0005 424 pedestrian_0008
Pedestrian 1.00 1.00 0 0 0 0 0 0 0 0 -1000.00 -1000.00 -1000.00 -1000.00 1.9158 0.4880 0.4672 40.2793 1.9324 13.4283 -0.4237 0.0012 0.0005 425 pedestrian_0018
Pedestrian 1.00 1.00 0 0 0 0 0 0 0 0 -1000.00 -1000.00 -1000.00 -1000.00 1.9158 0.4880 0.7507 234.0003 1.7346 -206.5870 1.3689 0.0012 0.0005 426 pedestrian_0020
Pedestrian 1.00 1.00 0 0 0 0 0 0 0 0 -1000.00 -1000.00 -1000.00 -1000.00 1.3390 0.3253 0.2862 73.4612 1.6415 -232.8435 1.4276 0.0012 0.0005 427 pedestrian_0012
Pedestrian 1.00 1.00 0 0 0 0 0 0 0 0 -1000.00 -1000.00 -1000.00 -1000.00 1.1330 0.4333 0.4452 189.3247 2.0340 48.0528 -1.5031 0.0012 0.0005 428 pedestrian_0011
Pedestrian 1.00 1.00 0 0 0 0 0 0 0 0 -1000.00 -1000.00 -1000.00 -1000.00 1.9158 0.4880 0.5234 90.5063 1.6638 -224.2972 -1.6541 0.0012 0.0005 429 pedestrian_0006
Pedestrian 0.00 1.00 0 0 0 0 0 0 0 0 1255.72 360.72 1258.68 367.68 1.9158 0.4880 0.6277 82.0354 2.1152 152.9902 -1.5910 0.0012 0.0005 430 pedestrian_0021
Pedestrian 1.00 1.00 0 0 0 0 0 0 0 0 -1000.00 -1000.00 -1000.00 -1000.00 1.9158 0.4880 0.6054 215.8226 1.6771 -248.3790 0.7110 0.0012 0.0005 431 pedestrian_0026
Pedestrian 0.00 1.00 0 0 0 0 0 0 0 0 703.13 311.86 707.65 321.86 1.9158 0.4880 0.7507 -50.4242 -7.5817 109.7653 -2.5751 0.0012 0.0005 432 pedestrian_0026
Pedestrian 1.00 1.00 0 0 0 0 0 0 0 0 -1000.00 -1000.00 -1000.00 -1000.00 1.9158 0.4880 0.4804 149.7626 1.8400 -68.5790 0.1066 0.0012 0.0005 433 pedestrian_0002
Pedestrian 1.00 1.00 0 0 0 0 0 0 0 0 -1000.00 -1000.00 -1000.00 -1000.00 1.9158 0.4880 0.4097 187.8473 1.8585 -64.9513 -0.7091 0.0012 0.0005 434 pedestrian_0001
Pedestrian 0.00 1.00 0 0 0 0 0 0 0 0 1385.05 324.07 1389.11 331.20 1.9158 0.4880 0.7306 116.5293 -7.8722 151.2312 3.1186 0.0012 0.0005 435 pedestrian_0022
Pedestrian 1.00 1.00 0 0 0 0 0 0 0 0 -1000.00 -1000.00 -1000.00 -1000.00 1.9158 0.4880 0.5225 102.6010 1.9620 12.8645 -0.0386 0.0012 0.0005 436 pedestrian_0005
Pedestrian 1.00 1.00 0 0 0 0 0 0 0 0 -1000.00 -1000.00 -1000.00 -1000.00 1.3390 0.3253 0.5005 -24.0157 1.5664 -238.1303 -0.5011 0.0012 0.0005 437 pedestrian_0013
Pedestrian 1.00 1.00 0 0 0 0 0 0 0 0 -1000.00 -1000.00 -1000.00 -1000.00 1.1330 0.4333 0.5607 284.4935 1.7254 -257.9700 1.1403 0.0012 0.0005 438 pedestrian_0011
Pedestrian 1.00 1.00 0 1 2 1 0 0 0 0 -1000.00 -1000.00 -1000.00 -1000.00 1.9158 0.4880 0.3754 -18.9378 1.7258 -138.0419 0.2710 0.0012 0.0005 439 pedestrian_0006
Pedestrian 1.00 1.00 0 0 0 0 0 0 0 0 -1000.00 -1000.00 -1000.00 -1000.00 1.3390 0.3253 0.4934 -128.4695 -5.1661 -15.4076 -1.5693 0.0012 0.0005 440 pedestrian_0014
Pedestrian 1.00 1.00 0 0 0 0 0 0 0 0 -1000.00 -1000.00 -1000.00 -1000.00 1.9158 0.4880 0.4910 64.1075 1.7638 -141.5987 -0.0034 0.0012 0.0005 441 pedestrian_0025
Pedestrian 1.00 1.00 0 0 0 0 0 0 0 0 -1000.00 -1000.00 -1000.00 -1000.00 1.9158 0.4880 0.4799 -40.8921 1.5115 -313.8024 -0.2088 0.0012 0.0005 442 pedestrian_0003
Pedestrian 1.00 1.00 0 0 0 0 0 0 0 0 -1000.00 -1000.00 -1000.00 -1000.00 1.9158 0.4880 0.7507 47.2691 1.8556 -25.1935 -1.4053 0.0012 0.0005 443 pedestrian_0024
Pedestrian 1.00 1.00 0 0 0 0 0 0 0 0 -1000.00 -1000.00 -1000.00 -1000.00 1.9158 0.4880 0.5012 97.3147 1.9435 -0.0826 1.3096 0.0012 0.0005 444 pedestrian_0007
Pedestrian 1.00 1.00 0 0 0 0 0 0 0 0 -1000.00 -1000.00 -1000.00 -1000.00 1.9158 0.4880 0.4017 71.9400 1.7686 -141.6692 -1.1507 0.0012 0.0005 445 pedestrian_0023
Pedestrian 1.00 1.00 0 0 0 0 0 0 0 0 -1000.00 -1000.00 -1000.00 -1000.00 1.9158 0.4880 0.6259 -47.7433 1.5100 -312.1427 -0.2775 0.0012 0.0005 446 pedestrian_0026
Pedestrian 0.00 1.00 0 0 0 0 0 0 0 0 1437.80 316.51 1442.64 322.09 1.1330 0.4333 0.6304 100.2718 -7.9308 115.7322 3.1069 0.0012 0.0005 447 pedestrian_0009
Pedestrian 1.00 1.00 0 0 0 0 0 0 0 0 -1000.00 -1000.00 -1000.00 -1000.00 1.9158 0.4880 0.4824 253.2577 -7.8934 80.3772 -0.9556 0.0012 0.0005 448 pedestrian_0015
Pedestrian 0.00 1.00 0 0 0 0 0 0 0 0 1505.61 360.81 1510.35 371.52 1.9158 0.4880 0.3820 98.2212 2.0606 99.3454 -1.9287 0.0012 0.0005 449 pedestrian_0017
Pedestrian 1.00 1.00 36 36 52 871 8 0 0 1 -1000.00 -1000.00 -1000.00 -1000.00 1.9158 0.4880 0.6716 13.1496 1.8396 -23.4494 -1.6861 0.0012 0.0005 450 pedestrian_0023
Pedestrian 1.00 1.00 2 0 1 11 0 0 0 0 -1000.00 -1000.00 -1000.00 -1000.00 1.9158 0.4880 0.5843 -12.1885 1.8179 -62.6900 -2.8219 0.0012 0.0005 451 pedestrian_0001
Pedestrian 1.00 1.00 0 0 0 0 0 0 0 0 -1000.00 -1000.00 -1000.00 -1000.00 1.9158 0.4880 0.7483 113.2740 1.6057 -264.3609 3.0849 0.0012 0.0005 452 pedestrian_0017
Pedestrian 1.00 1.00 0 0 0 0 0 0 0 0 -1000.00 -1000.00 -1000.00 -1000.00 1.1330 0.4333 0.6364 85.9140 1.7755 -247.0216 -0.1034 0.0012 0.0005 453 pedestrian_0011
Pedestrian 1.00 1.00 0 0 0 0 0 0 0 0 -1000.00 -1000.00 -1000.00 -1000.00 1.9158 0.4880 0.7130 297.3162 1.8241 -187.3043 1.5428 0.0012 0.0005 454 pedestrian_0018
Pedestrian 0.00 0.91 4 5 7 64 0 0 0 0 1046.66 360.53 1051.08 375.99 1.9158 0.4880 0.6920 11.0705 1.9827 69.0517 -1.6488 0.0012 0.0005 455 pedestrian_0021
Pedestrian 0.00 1.00 0 0 0 0 0 0 0 0 1486.56 361.63 1492.94 374.33 1.9158 0.4880 0.5009 80.1883 2.1633 83.8979 -1.6321 0.0012 0.0005 456 pedestrian_0007
Pedestrian 1.00 1.00 0 0 0 0 0 0 0 0 -1000.00 -1000.00 -1000.00 -1000.00 1.9158 0.4880 0.4856 96.8764 1.9898 -45.2509 0.7729 0.0012 0.0005 457 pedestrian_0021
Pedestrian 0.00 0.99 0 0 1 4 0 0 0 0 1022.13 313.98 1025.84 323.10 1.9158 0.4880 0.7507 13.7135 -7.9270 118.7916 -0.0295 0.0012 0.0005 458 pedestrian_0019
Pedestrian 1.00 1.00 0 0 0 0 0 0 0 0 -1000.00 -1000.00 -1000.00 -1000.00 1.1330 0.4333 0.5300 -130.0079 1.0547 -72.2275 1.6640 0.0012 0.0005 459 pedestrian_0009
Pedestrian 1.00 1.00 0 0 0 0 0 0 0 0 -1000.00 -1000.00 -1000.00 -1000.00 1.9158 0.4880 0.6430 -131.1813 1.5512 -81.1581 -1.5949 0.0012 0.0005 460 pedestrian_0004
Pedestrian 1.00 1.00 0 1 3 7 0 0 0 0 -1000.00 -1000.00 -1000.00 -1000.00 1.3390 0.3253 0.4299 -13.7855 1.7664 -101.5977 1.6140 0.0012 0.0005 461 pedestrian_0012
Pedestrian 1.00 1.00 0 0 0 0 0 0 0 0 -1000.00 -1000.00 -1000.00 -1000.00 1.9158 0.4880 0.6073 97.4454 1.8016 -122.6890 -0.0620 0.0012 0.0005 462 pedestrian_0006
Pedestrian 1.00 1.00 0 0 0 0 0 0 0 0 -1000.00 -1000.00 -1000.00 -1000.00 1.1330 0.4333 0.6667 76.6474 1.8791 -37.5570 1.4569 0.0012 0.0005 463 pedestrian_0009
Pedestrian 1.00 1.00 0 0 0 0 0 0 0 0 -1000.00 -1000.00 -1000.00 -1000.00 1.3390 0.3253 0.2846 215.8242 2.1591 10.9928 -1.4177 0.0012 0.0005 464 pedestrian_0014
Pedestrian 1.00 1.00 0 0 0 0 0 0 0 0 -1000.00 -1000.00 -1000.00 -1000.00 1.1330 0.4333 0.6667 184.1342 1.8750 -86.9539 -1.5694 0.0012 0.0005 465 pedestrian_0010
Pedestrian 0.00 0.11 14 26 37 377 0 0 7 0 707.93 365.14 720.78 398.53 1.9158 0.4880 0.7214 -13.5602 2.0784 30.6545 -1.4564 0.0012 0.0005 466 pedestrian_0017
Pedestrian 1.00 1.00 0 1 1 1 0 0 0 0 -1000.00 -1000.00 -1000.00 -1000.00 1.9158 0.4880 0.3911 -18.2319 1.7283 -137.1504 -2.8742 0.0012 0.0005 467 pedestrian_0004
Pedestrian 1.00 1.00 0 0 0 0 0 0 0 0 -1000.00 -1000.00 -1000.00 -1000.00 1.9158 0.4880 0.5951 29.7353 1.7741 -103.3719 -0.0971 0.0012 0.0005 468 pedestrian_0021
Pedestrian 1.00 1.00 0 0 0 0 0 0 0 0 -1000.00 -1000.00 -1000.00 -1000.00 1.3390 0.3253 0.4359 190.3160 2.0434 53.1710 -1.5611 0.0012 0.0005 469 pedestrian_0013
Pedestrian 0.00 0.34 4 3 6 72 0 0 1 0 877.79 360.45 882.77 377.27 1.9158 0.4880 0.7507 -9.1362 1.9678 63.5311 -1.5340 0.0012 0.0005 470 pedestrian_0001
Pedestrian 1.00 1.00 0 0 0 0 0 0 0 0 -1000.00 -1000.00 -1000.00 -1000.00 1.9158 0.4880 0.5955 35.3448 1.8340 -32.5158 -1.8473 0.0012 0.0005 471 pedestrian_0015
Pedestrian 1.00 1.00 0 0 0 0 0 0 0 0 -1000.00 -1000.00 -1000.00 -1000.00 1.9158 0.4880 0.5496 -129.3603 1.5621 -232.7262 1.8905 0.0012 0.0005 472 pedestrian_0024
Pedestrian 1.00 1.00 0 0 0 0 0 0 0 0 -1000.00 -1000.00 -1000.00 -1000.00 1.3390 0.3253 0.3469 185.2465 1.8957 -71.7798 1.5905 0.0012 0.0005 473 pedestrian_0013
Pedestrian 1.00 1.00 0 0 0 0 0 0 0 0 -1000.00 -1000.00 -1000.00 -1000.00 1.9158 0.4880 0.4159 198.6308 1.6205 -320.6257 0.2823 0.0012 0.0005 474 pedestrian_0018
Pedestrian 1.00 1.00 0 0 0 0 0 0 0 0 -1000.00 -1000.00 -1000.00 -1000.00 1.3390 0.3253 0.4943 239.4871 1.7822 -164.9819 -1.6575 0.0012 0.0005 475 pedestrian_0012
Pedestrian 1.00 1.00 0 0 0 0 0 0 0 0 -1000.00 -1000.00 -1000.00 -1000.00 1.9158 0.4880 0.5346 71.4945 1.9697 -50.7049 -2.0036 0.0012 0.0005 476 pedestrian_0026
Pedestrian 1.00 1.00 0 0 0 0 0 0 0 0 -1000.00 -1000.00 -1000.00 -1000.00 1.9158 0.4880 0.5296 286.6700 1.7424 -252.9787 -1.9122 0.0012 0.0005 477 pedestrian_0016
Pedestrian 1.00 1.00 1 2 3 6 0 0 0 0 -1000.00 -1000.00 -1000.00 -1000.00 1.9158 0.4880 0.3754 -13.8764 1.9029 -119.8684 3.0937 0.0012 0.0005 478 pedestrian_0006
Pedestrian 1.00 1.00 0 0 0 0 0 0 0 0 -1000.00 -1000.00 -1000.00 -1000.00 1.9158 0.4880 0.5719 204.7461 1.6246 -320.2307 -2.8746 0.0012 0.0005 479 pedestrian_0001
Pedestrian 0.00 1.00 0 0 0 0 0 0 0 0 1850.54 360.56 1861.64 374.26 1.9158 0.4880 0.7507 125.7235 1.9940 77.7645 3.1203 0.0012 0.0005 480 pedestrian_0021
Car 1.00 1.00 0 0 0 0 0 0 0 0 -1000.00 -1000.00 -1000.00 -1000.00 1.6980 1.9434 4.1871 152.3321 1.9669 -33.8943 -0.0290 0.0012 0.0005 481 citroen_c3
Car 1.00 1.00 0 0 0 0 0 0 0 0 -1000.00 -1000.00 -1000.00 -1000.00 1.9718 2.0005 4.0595 141.3187 1.9282 -32.7973 -0.0290 0.0012 0.0005 482 jeep_wrangler_rubicon
Car 1.00 1.00 0 0 0 0 0 0 0 0 -1000.00 -1000.00 -1000.00 -1000.00 1.9718 2.0005 4.0595 152.6404 2.0038 -2.7625 3.1125 0.0012 0.0005 483 jeep_wrangler_rubicon
Car 1.00 1.00 0 0 0 0 0 0 0 0 -1000.00 -1000.00 -1000.00 -1000.00 1.9718 2.0005 4.0595 141.2333 1.9248 -35.7372 -0.0290 0.0012 0.0005 484 jeep_wrangler_rubicon
Car 1.00 1.00 0 0 0 0 0 0 0 0 -1000.00 -1000.00 -1000.00 -1000.00 1.9718 2.0005 4.0595 125.9381 1.8691 -113.3876 1.5418 0.0012 0.0005 485 nissan_patrol
Car 1.00 1.00 0 0 0 0 0 0 0 0 -1000.00 -1000.00 -1000.00 -1000.00 1.5488 2.0688 3.9961 128.8316 1.8982 -113.4862 -1.5998 0.0012 0.0005 486 nissan_patrol
Car 1.00 1.00 0 0 0 0 0 0 0 0 -1000.00 -1000.00 -1000.00 -1000.00 1.4855 2.1349 -5.6254 109.2311 1.8587 -106.4771 -1.5998 0.0012 0.0005 487 nissan_patrol
Car 1.00 1.00 0 0 0 0 0 0 0 0 -1000.00 -1000.00 -1000.00 -1000.00 1.6244 1.8781 -3.8906 126.1235 1.8525 -106.9675 1.5418 0.0012 0.0005 488 nissan_patrol
Car 1.00 1.00 0 0 0 0 0 0 0 0 -1000.00 -1000.00 -1000.00 -1000.00 1.7506 2.3538 -4.8416 104.1236 1.9437 -88.8528 1.5418 0.0012 0.0005 489 nissan_patrol
Car 1.00 1.00 0 0 0 0 0 0 0 0 -1000.00 -1000.00 -1000.00 -1000.00 1.9718 2.0005 -4.0595 118.4144 1.8935 -89.3070 -1.5998 0.0012 0.0005 490 nissan_patrol
Car 1.00 1.00 0 0 0 0 0 0 0 0 -1000.00 -1000.00 -1000.00 -1000.00 1.9476 2.0282 4.8347 103.4310 1.8440 -112.6914 -1.5998 0.0012 0.0005 491 nissan_patrol
Car 1.00 1.00 0 0 0 0 0 0 0 0 -1000.00 -1000.00 -1000.00 -1000.00 1.9718 2.0005 4.0595 106.3223 1.8602 -112.8330 -1.5998 0.0012 0.0005 492 nissan_patrol
Car 1.00 1.00 0 0 0 0 0 0 0 0 -1000.00 -1000.00 -1000.00 -1000.00 1.6244 1.8781 3.8906 106.8303 1.8566 -95.3777 1.5418 0.0012 0.0005 493 nissan_patrol
Car 1.00 1.00 0 0 0 0 0 0 0 0 -1000.00 -1000.00 -1000.00 -1000.00 1.5488 2.0688 3.9961 109.5531 1.9098 -95.4557 -1.5998 0.0012 0.0005 494 nissan_patrol
Car 1.00 1.00 0 0 0 0 0 0 0 0 -1000.00 -1000.00 -1000.00 -1000.00 2.1397 2.1728 4.7017 118.2303 1.8726 -95.6840 -1.5998 0.0012 0.0005 495 nissan_patrol
Car 1.00 1.00 0 0 0 0 0 0 0 0 -1000.00 -1000.00 -1000.00 -1000.00 1.9476 2.0282 4.8347 126.4457 1.8748 -95.8748 -1.5998 0.0012 0.0005 496 nissan_patrol
Car 1.00 1.00 0 0 0 0 0 0 0 0 -1000.00 -1000.00 -1000.00 -1000.00 1.5100 1.8730 4.1000 129.3389 1.8678 -96.0265 -1.5998 0.0012 0.0005 497 nissan_patrol
Car 1.00 1.00 0 0 0 0 0 0 0 0 -1000.00 -1000.00 -1000.00 -1000.00 1.5488 2.0688 3.9961 115.7739 1.9302 -80.5346 1.5418 0.0012 0.0005 498 nissan_patrol
Car 1.00 1.00 0 0 0 0 0 0 0 0 -1000.00 -1000.00 -1000.00 -1000.00 1.5100 1.8730 4.1000 118.6677 1.8805 -80.6226 1.5418 0.0012 0.0005 499 nissan_patrol
Car 1.00 1.00 0 0 0 0 0 0 0 0 -1000.00 -1000.00 -1000.00 -1000.00 1.9476 2.0282 4.8347 121.3514 1.8901 -80.6529 -1.5998 0.0012 0.0005 500 nissan_patrol
Car 1.00 1.00 0 0 0 0 0 0 0 0 -1000.00 -1000.00 -1000.00 -1000.00 2.1397 2.1728 -4.7017 104.5606 1.8914 -73.8137 -1.5998 0.0012 0.0005 501 nissan_patrol
Car 1.00 1.00 0 0 0 0 0 0 0 0 -1000.00 -1000.00 -1000.00 -1000.00 1.9476 2.0282 -4.8347 107.4565 1.8912 -73.8311 1.5418 0.0012 0.0005 502 nissan_patrol
Car 1.00 1.00 0 0 0 0 0 0 0 0 -1000.00 -1000.00 -1000.00 -1000.00 1.6244 1.8781 -3.8906 124.4295 1.8896 -74.3970 -1.5998 0.0012 0.0005 503 nissan_patrol
Car 1.00 1.00 0 0 0 0 0 0 0 0 -1000.00 -1000.00 -1000.00 -1000.00 1.7506 2.3538 -4.8416 127.0668 1.9716 -74.4979 -1.5998 0.0012 0.0005 504 nissan_patrol
Car 1.00 1.00 0 0 0 0 0 0 0 0 -1000.00 -1000.00 -1000.00 -1000.00 1.9476 2.0282 4.8347 153.1307 1.9288 -29.4372 3.1125 0.0012 0.0005 505 nissan_patrol
Car 1.00 1.00 0 0 0 0 0 0 0 0 -1000.00 -1000.00 -1000.00 -1000.00 1.5475 1.9070 4.4025 152.1581 1.9777 -5.5488 3.1125 0.0012 0.0005 506 seat_leon
Car 1.00 1.00 0 0 0 0 0 0 0 0 -1000.00 -1000.00 -1000.00 -1000.00 2.5908 2.7453 5.4640 153.3404 1.9983 -20.0465 3.1125 0.0012 0.0005 507 carlamotors_carlacola
Car 1.00 1.00 0 0 0 0 0 0 0 0 -1000.00 -1000.00 -1000.00 -1000.00 2.5908 2.7453 5.4640 165.5404 2.1234 63.8615 -0.0290 0.0012 0.0005 508 carlamotors_carlacola
Car 1.00 1.00 0 0 0 0 0 0 0 0 -1000.00 -1000.00 -1000.00 -1000.00 2.5908 2.7453 5.4640 165.6417 2.1276 67.3486 -0.0290 0.0012 0.0005 509 carlamotors_carlacola
Car 1.00 1.00 0 0 0 0 0 0 0 0 -1000.00 -1000.00 -1000.00 -1000.00 2.5908 2.7453 5.4640 137.2661 1.9866 63.0458 -1.5998 0.0012 0.0005 510 carlamotors_carlacola
Car 1.00 1.00 0 0 0 0 0 0 0 0 -1000.00 -1000.00 -1000.00 -1000.00 2.5908 2.7453 5.4640 153.2152 1.9933 -24.3557 3.1125 0.0012 0.0005 511 carlamotors_carlacola
Car 1.00 1.00 0 0 0 0 0 0 0 0 -1000.00 -1000.00 -1000.00 -1000.00 2.2031 2.5091 6.5872 43.9151 1.9874 6.9463 2.5889 0.0012 0.0005 512 tesla_cybertruck