Car 0.00 1.00 0 0 0 0 0 0 0 0 779.72 321.58 801.68 329.05 1.5542 2.3421 5.1370 -42.2523 -7.8725 138.4022 -2.8827 0.0029 0.0150 0 lincoln2020_mkz2020
Car 1.00 1.00 6715 237577 380344 0 0 0 0 0 -1000.00 -1000.00 -1000.00 -1000.00 2.1397 2.1728 4.7045 -0.0005 2.0932 -2.2389 1.5708 0.0000 0.0000 1 volkswagen_t2
Motorcycle 0.00 1.00 0 0 0 0 0 0 0 0 1279.38 317.12 1292.96 324.91 1.6960 1.0692 2.4735 74.8734 -8.0986 127.2505 -0.0175 0.0026 -0.0073 2 harley_davidson_low_rider
Motorcycle 1.00 1.00 0 0 0 0 0 0 0 0 -1000.00 -1000.00 -1000.00 -1000.00 1.6960 1.0692 2.4735 297.2320 2.2520 -154.8404 1.5748 0.0029 -0.0001 3 harley_davidson_low_rider
Car 1.00 1.00 0 0 0 0 0 0 0 0 -1000.00 -1000.00 -1000.00 -1000.00 1.6320 2.1403 5.2230 81.2071 2.0355 41.5355 -1.5616 -0.0056 -0.0000 4 dodge_charger_police
Car 0.13 1.00 0 0 1 6 0 0 0 0 0.00 279.22 87.03 299.67 1.5542 2.3421 5.1370 -100.2391 -6.8507 60.3296 1.2981 -0.0134 -0.0068 5 lincoln2020_mkz2020
Car 1.00 1.00 0 0 0 0 0 0 0 0 -1000.00 -1000.00 -1000.00 -1000.00 1.4546 2.0938 4.3903 11.4198 2.4675 -301.5181 3.1341 -0.0013 -0.0001 6 audi_tt
Car 1.00 1.00 0 0 0 0 0 0 0 0 -1000.00 -1000.00 -1000.00 -1000.00 1.4477 1.5550 2.3177 116.7145 2.0874 -49.7096 -3.1181 -0.0070 -0.0000 7 bmw_isetta
Car 1.00 1.00 0 0 0 0 0 0 0 0 -1000.00 -1000.00 -1000.00 -1000.00 1.7173 2.2591 5.2781 -37.2449 2.4684 -293.4652 2.8188 -0.0086 -0.0110 8 mercedes_benz_coupe
Car 1.00 1.00 0 0 0 0 0 0 0 0 -1000.00 -1000.00 -1000.00 -1000.00 1.4812 2.1349 5.6254 -60.0428 2.0356 -2.8869 1.5384 -0.0013 -0.0000 9 chevrolet_impala
Car 0.00 1.00 0 0 0 0 0 0 0 0 1438.76 362.03 1483.71 373.07 1.6115 2.2019 5.2564 75.4089 1.9317 83.4060 0.1605 0.0078 0.0044 10 charger2020_charger2020
Car 1.00 1.00 7 16 30 82 0 0 0 4 -1000.00 -1000.00 -1000.00 -1000.00 2.2031 2.5091 6.5872 114.8973 2.0541 27.6126 -3.1228 -0.0013 -0.0000 11 tesla_cybertruck
Car 1.00 1.00 0 0 0 3 0 0 0 0 -1000.00 -1000.00 -1000.00 -1000.00 1.5140 2.1024 4.9073 20.4070 2.3204 -192.0813 2.4749 -0.0022 -0.0077 12 mercedesccc_mercedesccc
Car 1.00 1.00 0 1 1 3 0 0 0 0 -1000.00 -1000.00 -1000.00 -1000.00 1.6980 1.9434 4.1871 172.3182 2.0282 41.0674 -1.5637 -0.0013 -0.0000 13 citroen_c3
Car 1.00 1.00 0 0 0 0 0 0 0 0 -1000.00 -1000.00 -1000.00 -1000.00 1.4812 2.1349 5.6254 82.1470 2.1264 -35.3144 -1.5581 -0.0004 -0.0000 14 chevrolet_impala
Car 1.00 1.00 0 0 0 0 0 0 0 0 -1000.00 -1000.00 -1000.00 -1000.00 1.6320 2.1403 5.2230 172.1905 2.0250 47.0444 -1.6067 -0.0056 -0.0000 15 dodge_charger_police
Car 1.00 1.00 0 0 0 0 0 0 0 0 -1000.00 -1000.00 -1000.00 -1000.00 1.5863 2.2347 5.1468 183.4980 2.1129 -52.7947 1.5814 -0.0022 -0.0029 16 lincoln_mkz2017
Car 0.00 1.00 0 0 5 0 0 0 0 0 535.63 308.80 571.52 320.27 1.7318 2.1344 5.0985 -74.5552 -7.4512 101.7210 0.7456 -0.0121 -0.0040 17 audi_etron
Car 1.00 1.00 0 0 0 0 0 0 0 0 -1000.00 -1000.00 -1000.00 -1000.00 1.7506 2.3538 4.8416 183.5932 2.1320 -61.4805 1.5798 -0.0004 0.0008 18 bmw_grandtourer
Car 1.00 1.00 24 39 67 265 0 0 0 4 -1000.00 -1000.00 -1000.00 -1000.00 1.5765 1.9374 3.8150 57.8371 2.0422 16.0645 0.0161 -0.0016 -0.0000 19 nissan_micra
Motorcycle 1.00 1.00 0 0 0 0 0 0 0 0 -1000.00 -1000.00 -1000.00 -1000.00 1.6960 1.0692 2.4735 179.4468 2.1214 -55.8513 0.0219 0.0025 -0.0013 20 harley_davidson_low_rider
Car 1.00 1.00 0 0 0 0 0 0 0 0 -1000.00 -1000.00 -1000.00 -1000.00 1.5765 1.9374 3.8150 183.7422 2.1579 -78.8115 1.5910 -0.0011 -0.0000 21 nissan_micra
Car 0.00 1.00 0 0 0 0 0 0 0 0 1106.27 361.21 1145.99 372.50 1.7203 2.2019 5.4994 25.8201 1.9149 86.2633 -3.0943 -0.0030 0.0005 22 chargercop2020_chargercop2020
Car 1.00 1.00 32 29 48 329 8 0 0 0 -1000.00 -1000.00 -1000.00 -1000.00 1.5475 1.9070 4.4025 18.8612 2.0913 -54.7076 3.1386 -0.0012 -0.0000 23 seat_leon
Car 1.00 1.00 0 0 0 0 0 0 0 0 -1000.00 -1000.00 -1000.00 -1000.00 1.3660 1.9896 4.9534 288.0574 -8.0008 37.5724 1.6023 -0.0012 0.0003 24 mustang_mustang
Cyclist 1.00 1.00 0 0 1 2 0 0 0 0 -1000.00 -1000.00 -1000.00 -1000.00 1.9709 0.6705 1.7250 -11.9082 2.2399 -137.1950 0.0576 0.0037 -0.0000 25 diamondback_century
Cyclist 1.00 1.00 0 0 0 3 0 0 0 0 -1000.00 -1000.00 -1000.00 -1000.00 1.7065 0.8593 1.4873 -5.9150 2.2050 -133.9217 -1.5913 -0.0013 0.0003 26 bh_crossbike
Car 1.00 1.00 0 0 0 0 0 0 0 0 -1000.00 -1000.00 -1000.00 -1000.00 2.1397 2.1728 4.7045 84.3914 2.3324 -189.2880 -1.5621 -0.0103 -0.0002 27 volkswagen_t2
Car 1.00 1.00 0 0 0 0 0 0 0 0 -1000.00 -1000.00 -1000.00 -1000.00 1.9718 2.0005 4.0595 -48.5825 2.3230 -218.3709 -1.2441 -0.0017 0.0004 28 jeep_wrangler_rubicon
Car 0.00 0.34 16 31 46 338 0 0 46 0 944.41 363.54 965.07 377.68 1.5627 2.2716 5.0314 -0.6658 1.9996 65.3375 1.6132 -0.0012 -0.0000 29 tesla_model3
Car 1.00 1.00 0 0 0 0 0 0 0 0 -1000.00 -1000.00 -1000.00 -1000.00 1.4546 2.0938 4.3903 170.8658 2.1638 -124.5142 -1.9109 -0.0012 -0.1038 30 audi_tt
Car 0.00 1.00 0 0 0 0 0 0 0 0 1183.38 362.29 1214.78 372.42 1.5488 2.0688 3.9961 37.2284 1.9107 86.3732 -3.1311 -0.0013 -0.0000 31 mini_cooperst
Car 1.00 1.00 0 0 0 0 0 0 0 0 -1000.00 -1000.00 -1000.00 -1000.00 1.6011 2.1072 4.7392 68.6610 2.0982 -60.9198 -0.2879 -0.0013 -0.0001 32 toyota_prius
Car 1.00 1.00 0 0 0 0 0 0 0 0 -1000.00 -1000.00 -1000.00 -1000.00 2.1397 2.1728 4.7045 80.8223 2.3519 -207.7223 0.0973 -0.0014 -0.0000 33 volkswagen_t2
Car 1.00 1.00 0 0 0 0 0 0 0 0 -1000.00 -1000.00 -1000.00 -1000.00 1.6011 2.1072 4.7392 293.7739 2.2765 -164.1607 1.6032 -0.0015 -0.0001 34 toyota_prius
Car 0.00 0.43 75 99 154 4621 0 0 17 9 1398.04 375.00 1529.01 404.14 1.3660 1.9896 4.9534 23.4174 2.0428 25.8887 -3.1216 -0.0013 -0.0000 35 mustang_mustang
Car 0.00 0.87 64 66 104 840 0 0 35 0 895.49 365.04 927.11 387.16 1.6011 2.1072 4.7392 -3.7740 2.0233 43.7237 -1.5643 -0.0013 -0.0000 36 toyota_prius
Car 1.00 1.00 0 0 0 0 0 0 0 0 -1000.00 -1000.00 -1000.00 -1000.00 1.7506 2.3538 4.8416 91.5096 2.1114 -56.3942 -2.6208 -0.0013 0.0003 37 bmw_grandtourer
Car 1.00 1.00 0 0 0 0 0 0 0 0 -1000.00 -1000.00 -1000.00 -1000.00 2.2031 2.5091 6.5872 176.4756 2.1344 -37.3370 -1.5679 -0.0013 -0.0000 38 tesla_cybertruck
Motorcycle 1.00 1.00 15 18 29 155 0 1 0 0 -1000.00 -1000.00 -1000.00 -1000.00 1.6387 1.2138 2.3199 -63.0552 1.9928 32.9274 -1.4935 -0.0015 -0.0068 39 yamaha_yzf
Car 1.00 1.00 0 11 21 95 2 0 0 0 -1000.00 -1000.00 -1000.00 -1000.00 1.9476 2.0282 4.8347 18.2164 2.2309 -130.0330 -3.1386 -0.0016 -0.0000 40 nissan_patrol
Car 1.00 1.00 0 0 0 0 0 0 0 0 -1000.00 -1000.00 -1000.00 -1000.00 1.6115 2.2019 5.2564 97.5899 2.0993 -53.7593 -3.0415 0.0067 0.0008 41 charger2020_charger2020
Car 1.00 1.00 0 0 0 0 0 0 0 0 -1000.00 -1000.00 -1000.00 -1000.00 1.6115 2.2019 5.2564 222.1327 1.9778 35.1657 -1.6962 0.0043 0.0035 42 charger2020_charger2020
Motorcycle 1.00 1.00 0 1 1 12 0 0 0 0 -1000.00 -1000.00 -1000.00 -1000.00 1.6649 1.0692 2.4735 67.9247 2.0383 19.5539 0.0235 0.0017 -0.0000 43 harley_davidson_low_rider
Car 1.00 1.00 0 0 0 0 0 0 0 0 -1000.00 -1000.00 -1000.00 -1000.00 1.5542 2.3421 5.1370 197.4754 2.2396 -134.0342 3.1117 -0.0013 -0.0000 44 lincoln2020_mkz2020
Motorcycle 0.00 0.04 62 59 93 3360 0 0 16 8 1319.18 368.00 1371.06 403.04 1.6960 1.0692 2.4735 17.9475 2.0328 25.7579 -3.1249 0.0016 0.0001 45 harley_davidson_low_rider
Cyclist 1.00 1.00 1 2 2 15 0 0 0 1 -1000.00 -1000.00 -1000.00 -1000.00 1.9310 0.5921 1.9272 107.7600 2.0215 24.0482 -3.1388 -0.0053 -0.0000 46 gazelle_omafiets
Car 0.00 0.00 2397 2674 4261 57809 0 0 763 0 847.10 393.77 1049.00 565.00 1.7318 2.1344 5.0985 -0.0634 2.0829 6.9744 1.5447 0.0062 -0.0000 47 audi_etron
Car 0.00 1.00 0 0 0 0 0 0 0 0 1429.65 359.71 1475.66 373.43 1.9476 2.0282 4.8347 70.8579 1.9064 79.7656 0.0083 -0.0012 -0.0001 48 nissan_patrol
Car 1.00 1.00 0 0 0 0 0 0 0 0 -1000.00 -1000.00 -1000.00 -1000.00 1.7203 2.2019 5.4994 -56.2695 2.0260 1.5075 1.5671 -0.0014 0.0006 49 chargercop2020_chargercop2020
Car 1.00 1.00 0 0 0 0 0 0 0 0 -1000.00 -1000.00 -1000.00 -1000.00 1.6244 1.8781 3.8906 95.2124 2.3340 -206.3205 -2.7213 -0.0018 -0.0012 50 audi_a2
Car 1.00 1.00 0 0 0 0 0 0 0 0 -1000.00 -1000.00 -1000.00 -1000.00 1.5863 2.2347 5.1468 183.8393 2.1639 -72.2444 1.5879 -0.0012 -0.0000 51 lincoln_mkz2017
Cyclist 1.00 1.00 0 0 0 0 0 0 0 0 -1000.00 -1000.00 -1000.00 -1000.00 1.9709 0.6705 1.7250 86.8450 2.3323 -213.9609 -0.6762 0.0062 0.0003 52 diamondback_century
Cyclist 1.00 1.00 0 0 0 0 0 0 0 0 -1000.00 -1000.00 -1000.00 -1000.00 1.9311 0.5921 1.9272 76.6367 2.0731 -54.2751 3.0311 -0.0149 0.0000 53 gazelle_omafiets
Car 0.00 0.87 0 2 3 6 0 0 0 0 1025.02 361.20 1059.80 372.11 1.7173 2.2591 5.2781 13.2995 1.9235 89.6867 -3.1336 -0.0083 -0.0003 54 mercedes_benz_coupe
Car 1.00 1.00 0 0 0 0 0 0 0 0 -1000.00 -1000.00 -1000.00 -1000.00 1.5542 2.3421 5.1370 198.8013 2.0379 24.5151 -3.1066 -0.0012 -0.0000 55 lincoln2020_mkz2020
Car 1.00 1.00 0 0 0 0 0 0 0 0 -1000.00 -1000.00 -1000.00 -1000.00 1.7506 2.3538 4.8416 230.3392 2.0184 -6.2224 1.5816 -0.0020 -0.0001 56 bmw_grandtourer
Car 0.00 0.04 92 116 189 8804 0 0 16 14 1671.47 375.64 1826.00 411.25 1.4546 2.0938 4.3903 31.8437 2.0547 22.4548 -3.1327 -0.0013 -0.0000 57 audi_tt
Car 1.00 1.00 0 0 0 0 0 0 0 0 -1000.00 -1000.00 -1000.00 -1000.00 1.7173 2.2591 5.2781 88.1143 2.3395 -195.9257 -1.5316 -0.0084 -0.0003 58 mercedes_benz_coupe
Car 1.00 1.00 0 0 0 0 0 0 0 0 -1000.00 -1000.00 -1000.00 -1000.00 1.5542 2.3421 5.1370 92.1929 2.0680 4.4865 1.5833 -0.0038 -0.0000 59 lincoln2020_mkz2020
Car 0.00 0.82 40 51 77 579 0 0 41 0 914.34 358.58 948.08 373.92 2.1397 2.1728 4.7045 -4.0614 1.9440 78.8581 0.0098 -0.0079 0.0001 60 volkswagen_t2
Car 0.00 1.00 0 0 0 0 0 0 0 0 1575.29 360.45 1604.35 367.25 1.7506 2.3538 4.8416 167.2213 1.8812 147.1929 -0.9721 -0.0024 -0.0008 61 bmw_grandtourer
Car 1.00 1.00 0 0 0 0 0 0 0 0 -1000.00 -1000.00 -1000.00 -1000.00 1.6320 2.1403 5.2230 196.8694 2.0489 27.5786 3.1083 -0.0056 -0.0000 62 dodge_charger_police
Car 1.00 1.00 0 0 0 0 0 0 0 0 -1000.00 -1000.00 -1000.00 -1000.00 1.6980 1.9434 4.1871 111.7001 2.0907 -49.8713 -3.1264 -0.0013 -0.0000 63 citroen_c3
Car 1.00 1.00 5 9 10 42 0 0 0 4 -1000.00 -1000.00 -1000.00 -1000.00 1.4812 2.1349 5.6254 113.0080 2.0502 24.0248 3.1391 -0.0012 -0.0000 64 chevrolet_impala
Car 1.00 1.00 0 0 0 0 0 0 0 0 -1000.00 -1000.00 -1000.00 -1000.00 1.6115 2.2019 5.2564 75.3069 2.1038 -61.2948 0.0320 0.0026 0.0008 65 charger2020_charger2020
Car 0.00 1.00 0 0 0 0 0 0 0 0 1138.15 361.73 1157.63 366.52 1.3660 1.9896 4.9534 54.2982 1.8705 160.2268 0.0065 -0.0013 -0.0000 66 mustang_mustang
Motorcycle 0.00 1.00 0 0 0 19 0 0 0 0 790.22 362.08 807.54 373.28 1.5852 1.1236 2.1350 -22.9715 1.8855 79.0453 -0.0092 0.0087 -0.0003 67 kawasaki_ninja
Car 1.00 1.00 0 0 0 0 0 0 0 0 -1000.00 -1000.00 -1000.00 -1000.00 1.5488 2.0688 3.9961 178.2425 2.3073 -186.0654 1.0349 -0.0016 0.0001 68 mini_cooperst
Car 1.00 1.00 0 0 0 0 0 0 0 0 -1000.00 -1000.00 -1000.00 -1000.00 1.5542 2.3421 5.1370 87.3924 2.3376 -208.3720 0.0462 -0.0014 -0.0003 69 lincoln2020_mkz2020
Car 1.00 1.00 0 0 0 0 0 0 0 0 -1000.00 -1000.00 -1000.00 -1000.00 1.9718 2.0005 4.0595 83.1650 2.2270 -116.4510 -1.5602 -0.0017 -0.0001 70 jeep_wrangler_rubicon
Car 1.00 1.00 0 0 0 0 0 0 0 0 -1000.00 -1000.00 -1000.00 -1000.00 1.7506 2.3538 4.8416 180.0945 2.1541 -67.2677 1.5804 -0.0041 0.0035 71 bmw_grandtourer
Car 0.00 1.00 0 0 0 0 0 0 0 0 1162.73 358.92 1187.21 366.11 2.2031 2.5091 6.5872 66.3628 1.8728 171.1770 -3.1389 -0.0002 0.0000 72 tesla_cybertruck
Car 1.00 1.00 0 0 0 0 0 0 0 0 -1000.00 -1000.00 -1000.00 -1000.00 1.6244 1.8781 3.8906 -99.7457 -6.1864 6.7847 1.5862 -0.0175 -0.0013 73 audi_a2
Car 1.00 1.00 0 0 0 0 0 0 0 0 -1000.00 -1000.00 -1000.00 -1000.00 1.7203 2.2019 5.4994 179.0883 1.9917 64.9646 1.6517 -0.0014 0.0006 74 chargercop2020_chargercop2020
Car 1.00 1.00 0 0 0 0 0 0 0 0 -1000.00 -1000.00 -1000.00 -1000.00 1.6320 2.1403 5.2230 -59.5647 2.4692 -295.6459 -0.5017 -0.0046 -0.0094 75 dodge_charger_police
Car 0.00 0.00 3091 3426 5510 140418 0 0 807 0 1156.45 417.94 1652.00 644.00 1.5140 2.1024 4.9073 3.5817 2.0694 5.5745 1.5791 -0.0030 -0.0000 76 mercedesccc_mercedesccc
Car 1.00 1.00 0 0 0 0 0 0 0 0 -1000.00 -1000.00 -1000.00 -1000.00 1.6244 1.8781 3.8906 204.9971 2.0367 24.4931 -3.1177 -0.0018 -0.0011 77 audi_a2
Car 1.00 1.00 0 0 0 0 0 0 0 0 -1000.00 -1000.00 -1000.00 -1000.00 1.6244 1.8781 3.8906 86.6837 2.2168 -113.5455 -1.5740 -0.0017 -0.0011 78 audi_a2
Car 1.00 1.00 0 0 0 0 0 0 0 0 -1000.00 -1000.00 -1000.00 -1000.00 1.7203 2.2019 5.4994 233.9060 2.0164 0.3116 1.6394 -0.0006 0.0007 79 chargercop2020_chargercop2020
Car 1.00 1.00 0 0 0 0 0 0 0 0 -1000.00 -1000.00 -1000.00 -1000.00 2.1397 2.1728 4.7045 204.5848 2.3673 -253.7577 0.4276 -0.0015 0.0090 80 volkswagen_t2
Car 1.00 1.00 0 0 0 0 0 0 0 0 -1000.00 -1000.00 -1000.00 -1000.00 1.3660 1.9896 4.9534 198.7006 2.0730 -46.8343 -2.7491 -0.0013 -0.0004 81 mustang_mustang
Car 1.00 1.00 0 0 0 0 0 0 0 0 -1000.00 -1000.00 -1000.00 -1000.00 1.7203 2.2019 5.4994 88.6662 2.0799 -1.7424 1.6026 -0.0035 0.0004 82 chargercop2020_chargercop2020
Car 1.00 1.00 0 0 0 0 0 0 0 0 -1000.00 -1000.00 -1000.00 -1000.00 1.6244 1.8781 3.8906 279.0613 2.2076 -117.0781 -1.5515 -0.0008 -0.0011 83 audi_a2
Car 0.00 0.76 29 20 29 1306 0 0 3 3 1536.03 369.00 1643.86 403.21 1.6244 1.8781 3.8906 29.4608 2.0415 25.9771 -3.1312 -0.0018 -0.0011 84 audi_a2
Car 0.00 1.00 0 0 0 0 0 0 0 0 1702.08 363.21 1748.47 371.74 1.3660 1.9896 4.9534 125.4620 1.9009 90.8970 -3.1222 -0.0016 -0.0000 85 mustang_mustang
Car 0.00 1.00 0 0 0 0 0 0 0 0 267.03 300.70 310.24 314.38 1.6244 1.8781 3.8906 -101.7454 -7.1154 84.0294 -2.0853 0.0089 0.0010 86 audi_a2
Car 1.00 1.00 0 0 0 0 0 0 0 0 -1000.00 -1000.00 -1000.00 -1000.00 1.9718 2.0005 4.0595 185.6819 2.2584 -143.7245 1.0362 -0.0037 -0.0045 87 jeep_wrangler_rubicon
Car 1.00 1.00 0 0 0 0 0 0 0 0 -1000.00 -1000.00 -1000.00 -1000.00 1.9718 2.0005 4.0595 -116.0057 2.2406 -120.8931 -1.5691 -0.0027 -0.0001 88 jeep_wrangler_rubicon
Car 0.00 1.00 0 0 1 0 0 0 0 0 571.37 310.84 604.90 320.00 1.3660 1.9896 4.9534 -68.5620 -7.5196 102.2344 0.6910 -0.0117 -0.0001 89 mustang_mustang
Motorcycle 1.00 1.00 9 9 15 52 1 0 0 0 -1000.00 -1000.00 -1000.00 -1000.00 1.6649 1.0692 2.4735 -11.5199 2.0945 -62.1630 -0.1849 0.0074 -0.0030 90 harley_davidson_low_rider
Car 1.00 1.00 0 0 0 0 0 0 0 0 -1000.00 -1000.00 -1000.00 -1000.00 1.5475 1.9070 4.4025 290.1273 2.2646 -153.4898 2.6937 -0.0048 -0.0071 91 seat_leon
Motorcycle 0.00 1.00 0 0 0 0 0 0 0 0 1070.64 361.81 1087.22 372.45 1.6387 1.2138 2.3199 18.4887 1.9220 86.2057 3.1410 -0.0001 -0.0001 92 yamaha_yzf
Cyclist 1.00 1.00 0 0 0 0 0 0 0 0 -1000.00 -1000.00 -1000.00 -1000.00 1.9311 0.5921 1.9272 -43.0967 2.3138 -231.5695 -1.1165 -0.0044 -0.0067 93 gazelle_omafiets
Car 1.00 1.00 0 0 0 0 0 0 0 0 -1000.00 -1000.00 -1000.00 -1000.00 1.5140 2.1024 4.9073 88.1140 2.3320 -203.4745 -1.5401 -0.0013 -0.0001 94 mercedesccc_mercedesccc
Car 1.00 1.00 0 0 0 0 0 0 0 0 -1000.00 -1000.00 -1000.00 -1000.00 1.4546 2.0938 4.3903 179.2507 2.1189 -48.9498 3.1346 0.0016 -0.0019 95 audi_tt
Car 1.00 1.00 0 8 12 29 1 0 0 0 -1000.00 -1000.00 -1000.00 -1000.00 2.1397 2.1728 4.7045 18.3053 2.2603 -133.7166 -3.1252 -0.0013 -0.0000 96 volkswagen_t2
Car 1.00 1.00 0 0 0 0 0 0 0 0 -1000.00 -1000.00 -1000.00 -1000.00 1.5140 2.1024 4.9073 -16.9757 2.2522 -137.3078 0.0102 -0.0011 -0.0000 97 mercedesccc_mercedesccc
Car 0.00 1.00 0 0 0 0 0 0 0 0 1210.14 361.31 1232.50 366.39 1.4812 2.1349 5.6254 77.3798 1.8745 164.1703 0.0193 -0.0037 -0.0001 98 chevrolet_impala
Car 0.00 0.94 18 19 29 212 0 0 5 0 807.61 362.18 836.52 372.97 1.5765 1.9374 3.8150 -20.4926 1.9051 82.4442 -0.0032 -0.0011 -0.0000 99 nissan_micra
Motorcycle 0.00 0.02 68 84 123 4397 0 0 11 15 1433.20 372.00 1487.00 409.00 1.5853 1.1236 2.1350 20.0978 2.0130 22.3048 -3.1308 -0.0014 -0.0000 100 kawasaki_ninja
Car 1.00 1.00 0 0 0 0 0 0 0 0 -1000.00 -1000.00 -1000.00 -1000.00 1.9476 2.0282 4.8347 203.8257 2.2290 -134.1202 3.1120 -0.0016 -0.0000 101 nissan_patrol
Car 1.00 1.00 0 0 0 0 0 0 0 0 -1000.00 -1000.00 -1000.00 -1000.00 2.1397 2.1728 4.7045 -99.0498 -3.3727 -39.2586 1.5929 -0.1231 -0.0016 102 volkswagen_t2
Car 1.00 1.00 0 6 9 37 4 0 0 0 -1000.00 -1000.00 -1000.00 -1000.00 1.3660 1.9896 4.9534 -10.4796 2.2569 -141.3912 -0.1894 -0.0013 -0.0002 103 mustang_mustang
Car 1.00 1.00 63 63 115 534 17 0 0 0 -1000.00 -1000.00 -1000.00 -1000.00 1.5627 2.2716 5.0314 -21.8378 2.1023 -58.3607 -0.0540 -0.0013 -0.0000 104 tesla_model3
Car 1.00 1.00 0 0 0 0 0 0 0 0 -1000.00 -1000.00 -1000.00 -1000.00 1.5542 2.3421 5.1370 155.4811 2.0441 20.8897 0.0100 -0.0016 -0.0005 105 lincoln2020_mkz2020
Car 1.00 1.00 0 0 0 0 0 0 0 0 -1000.00 -1000.00 -1000.00 -1000.00 1.5627 2.2716 5.0314 168.0867 2.0557 16.2106 -0.3103 -0.0014 -0.0002 106 tesla_model3
Car 1.00 1.00 0 0 0 0 0 0 0 0 -1000.00 -1000.00 -1000.00 -1000.00 1.5765 1.9374 3.8150 88.0170 2.2998 -187.4428 -1.4404 -0.0013 -0.0000 107 nissan_micra
Cyclist 1.00 1.00 0 0 0 0 0 0 0 0 -1000.00 -1000.00 -1000.00 -1000.00 1.9311 0.5921 1.9272 87.8208 2.2504 -155.1615 -1.5720 -0.0043 0.0000 108 gazelle_omafiets
Cyclist 0.00 1.00 0 0 0 0 0 0 0 0 1069.60 319.65 1077.82 327.54 1.9311 0.5921 1.9272 28.3733 -8.1172 138.3143 3.1381 -0.0043 -0.0001 109 gazelle_omafiets
Car 1.00 1.00 0 0 0 0 0 0 0 0 -1000.00 -1000.00 -1000.00 -1000.00 1.4546 2.0938 4.3903 75.7292 2.1055 -57.6948 0.0289 0.0030 0.0003 110 audi_tt
Car 1.00 1.00 0 0 0 0 0 0 0 0 -1000.00 -1000.00 -1000.00 -1000.00 1.9476 2.0282 4.8347 87.8590 2.2497 -146.6772 -1.5434 -0.0026 -0.0006 111 nissan_patrol
Car 1.00 1.00 0 0 0 0 0 0 0 0 -1000.00 -1000.00 -1000.00 -1000.00 1.4546 2.0938 4.3903 103.9961 2.0931 -53.4592 -3.1353 -0.0013 -0.0000 112 audi_tt
Car 0.00 1.00 0 0 0 0 0 0 0 0 1606.85 360.43 1637.63 367.16 1.7506 2.3538 4.8416 177.9603 1.8779 148.9876 1.9869 -0.0013 0.0031 113 bmw_grandtourer
Car 1.00 1.00 0 0 0 0 0 0 0 0 -1000.00 -1000.00 -1000.00 -1000.00 1.9718 2.0005 4.0595 177.3712 2.2300 -121.6499 -1.5812 -0.0016 -0.0001 114 jeep_wrangler_rubicon
Motorcycle 0.00 1.00 0 0 0 0 0 0 0 0 1156.64 361.80 1174.45 372.43 1.6387 1.2138 2.3199 32.0016 1.9214 86.3185 -3.1324 -0.0007 -0.0000 115 yamaha_yzf
Car 1.00 1.00 0 0 0 0 0 0 0 0 -1000.00 -1000.00 -1000.00 -1000.00 1.7203 2.2019 5.4994 183.1142 2.0645 7.6418 1.6245 -0.0015 0.0005 116 chargercop2020_chargercop2020
Car 0.35 1.00 0 0 0 0 0 0 0 0 1851.01 363.59 1920.00 384.61 1.6980 1.9434 4.1871 81.0746 2.0232 47.7336 -1.5669 -0.0013 -0.0000 117 citroen_c3
Car 1.00 1.00 0 0 0 0 0 0 0 0 -1000.00 -1000.00 -1000.00 -1000.00 1.5542 2.3421 5.1370 -82.5098 2.4133 -261.8979 2.2026 -0.0023 -0.0256 118 lincoln2020_mkz2020
Car 1.00 1.00 0 0 0 0 0 0 0 0 -1000.00 -1000.00 -1000.00 -1000.00 2.5908 2.7453 5.4640 81.9989 2.0995 2.8921 -1.5199 -0.0067 -0.0011 119 carlamotors_carlacola
Car 0.27 0.05 10 16 22 5918 0 0 12 0 1813.58 371.94 1918.97 410.01 1.5765 1.9374 3.8150 37.4840 2.0346 22.5258 -3.1359 -0.0013 -0.0000 120 nissan_micra
Car 1.00 1.00 0 0 0 0 0 0 0 0 -1000.00 -1000.00 -1000.00 -1000.00 1.4477 1.5550 2.3177 274.7188 2.2282 -121.5665 -1.9219 -0.0070 -0.0000 121 bmw_isetta
Car 0.00 1.00 0 0 0 0 0 0 0 0 1120.01 360.52 1140.19 366.45 1.7173 2.2591 5.2781 50.2362 1.8833 163.7688 -0.0205 -0.0081 -0.0002 122 mercedes_benz_coupe
Car 1.00 1.00 0 9 16 48 13 0 0 0 -1000.00 -1000.00 -1000.00 -1000.00 1.7173 2.2591 5.2781 -5.8154 2.2575 -128.6500 -1.5598 -0.0084 -0.0003 123 mercedes_benz_coupe
Car 0.00 1.00 0 0 0 0 0 0 0 0 1424.20 361.92 1454.43 371.30 1.5765 1.9374 3.8150 84.0173 1.9313 97.2174 -1.5434 -0.0061 0.0003 124 nissan_micra
Car 1.00 1.00 0 0 0 0 0 0 0 0 -1000.00 -1000.00 -1000.00 -1000.00 1.6115 2.2019 5.2564 -44.6428 2.0908 -51.8701 -0.5751 -0.0014 0.0047 125 charger2020_charger2020
Car 0.00 1.00 0 0 0 0 0 0 0 0 1154.41 359.68 1173.27 366.32 1.9476 2.0282 4.8347 60.2849 1.8553 163.9703 -0.0109 -0.0017 0.0001 126 nissan_patrol
Car 0.00 1.00 0 0 0 0 0 0 0 0 315.00 297.67 369.88 311.57 1.5140 2.1024 4.9073 -88.3323 -7.1379 79.3563 1.0484 -0.0117 -0.0013 127 mercedesccc_mercedesccc
Car 1.00 1.00 0 0 0 0 0 0 0 0 -1000.00 -1000.00 -1000.00 -1000.00 1.7173 2.2591 5.2781 288.9306 -3.2160 -55.6283 1.5918 -0.1348 -0.0021 128 mercedes_benz_coupe
Car 1.00 1.00 0 0 0 0 0 0 0 0 -1000.00 -1000.00 -1000.00 -1000.00 1.4812 2.1349 5.6254 179.4372 2.0690 7.3508 1.5792 -0.0020 0.0026 129 chevrolet_impala
Car 1.00 1.00 0 0 0 0 0 0 0 0 -1000.00 -1000.00 -1000.00 -1000.00 2.1397 2.1728 4.7045 -101.4932 2.2960 -158.1820 1.5885 -0.0013 -0.0000 130 volkswagen_t2
Car 0.00 1.00 0 0 0 0 0 0 0 0 1282.14 360.91 1297.18 366.94 1.6244 1.8781 3.8906 90.4763 1.8786 152.1624 1.5484 -0.0018 -0.0011 131 audi_a2
Car 1.00 1.00 0 11 18 54 6 0 0 0 -1000.00 -1000.00 -1000.00 -1000.00 1.9476 2.0282 4.8347 14.9172 2.2423 -137.2502 -0.0567 -0.0094 0.0025 132 nissan_patrol
Car 1.00 1.00 0 0 0 0 0 0 0 0 -1000.00 -1000.00 -1000.00 -1000.00 1.9476 2.0282 4.8347 89.4827 2.1166 -63.2843 1.5847 -0.0022 -0.0002 133 nissan_patrol
Car 0.00 1.00 0 0 0 0 0 0 0 0 123.68 290.14 191.94 309.49 1.9476 2.0282 4.8347 -106.6956 -6.9940 73.7847 -1.9706 0.0086 0.0036 134 nissan_patrol
Car 1.00 1.00 14 13 18 71 23 0 0 0 -1000.00 -1000.00 -1000.00 -1000.00 1.7506 2.3538 4.8416 -2.3232 2.2197 -114.1152 -1.5657 -0.0013 -0.0001 135 bmw_grandtourer
Car 1.00 1.00 0 0 0 0 0 0 0 0 -1000.00 -1000.00 -1000.00 -1000.00 1.9476 2.0282 4.8347 116.0966 2.0742 -53.3679 3.1281 -0.0015 -0.0000 136 nissan_patrol
Car 1.00 1.00 164 171 264 1127 82 0 0 0 -1000.00 -1000.00 -1000.00 -1000.00 1.7203 2.2019 5.4994 -3.1023 2.1237 -33.3484 -1.5457 -0.0014 0.0006 137 chargercop2020_chargercop2020
Car 1.00 1.00 0 0 0 0 0 0 0 0 -1000.00 -1000.00 -1000.00 -1000.00 2.5908 2.7453 5.4640 88.8406 2.1351 -51.9776 -0.9893 -0.0016 -0.0001 138 carlamotors_carlacola
Car 0.00 1.00 0 0 0 0 0 0 0 0 1637.82 361.23 1673.94 367.87 1.5863 2.2347 5.1468 171.4003 1.8986 136.5818 -1.4645 -0.0010 -0.0004 139 lincoln_mkz2017
Car 0.00 1.00 0 0 0 0 0 0 0 0 1368.74 359.63 1405.90 372.92 1.9718 2.0005 4.0595 64.1432 1.9175 83.2387 0.0178 0.0003 -0.0002 140 jeep_wrangler_rubicon
Car 0.00 1.00 0 0 0 0 0 0 0 0 1589.54 361.93 1635.39 372.32 1.6011 2.1072 4.7392 102.4025 1.9087 87.0267 -3.1352 -0.0013 -0.0000 141 toyota_prius
Car 0.28 1.00 0 0 0 0 0 0 0 0 1877.91 361.16 1920.00 370.84 1.7318 2.1344 5.0985 175.4109 1.9560 102.7139 -1.5471 -0.0013 -0.0000 142 audi_etron
Car 1.00 1.00 0 0 0 0 0 0 0 0 -1000.00 -1000.00 -1000.00 -1000.00 2.2031 2.5091 6.5872 230.5321 2.2603 -137.9268 -0.0168 -0.0013 -0.0000 143 tesla_cybertruck
Car 1.00 1.00 0 0 0 0 0 0 0 0 -1000.00 -1000.00 -1000.00 -1000.00 1.5765 1.9374 3.8150 191.5419 1.8901 87.9091 3.1066 -0.0011 -0.0001 144 nissan_micra
Car 1.00 1.00 0 0 0 0 0 0 0 0 -1000.00 -1000.00 -1000.00 -1000.00 1.4546 2.0938 4.3903 105.8618 2.0885 -49.9615 -3.1271 -0.0013 -0.0000 145 audi_tt
Car 1.00 1.00 0 0 0 0 0 0 0 0 -1000.00 -1000.00 -1000.00 -1000.00 1.4812 2.1349 5.6254 274.1170 2.3626 -225.9128 -1.8096 -0.0024 -0.0133 146 chevrolet_impala
Car 0.00 1.00 0 0 0 0 0 0 0 0 1636.83 313.01 1680.31 323.87 2.2031 2.5091 6.5872 154.2981 -8.0678 122.4623 0.0253 -0.0025 -0.0001 147 tesla_cybertruck
Car 1.00 1.00 0 0 0 0 0 0 0 0 -1000.00 -1000.00 -1000.00 -1000.00 1.9718 2.0005 4.0595 84.3867 2.3115 -182.8276 -1.5728 -0.0018 -0.0001 148 jeep_wrangler_rubicon
Car 1.00 1.00 0 0 0 0 0 0 0 0 -1000.00 -1000.00 -1000.00 -1000.00 1.3660 1.9896 4.9534 205.7981 2.2480 -141.0845 -0.0161 -0.0014 -0.0000 149 mustang_mustang
Car 1.00 1.00 0 0 0 0 0 0 0 0 -1000.00 -1000.00 -1000.00 -1000.00 1.3660 1.9896 4.9534 200.0857 2.0775 -50.2789 -2.7657 -0.0013 -0.0000 150 mustang_mustang
Car 1.00 1.00 0 0 0 0 0 0 0 0 -1000.00 -1000.00 -1000.00 -1000.00 2.5908 2.7453 5.4640 -85.8621 2.2762 -134.4840 -3.1305 -0.0013 -0.0000 151 carlamotors_carlacola
Car 0.00 1.00 0 0 0 0 0 0 0 0 1371.26 362.28 1419.26 373.56 1.5863 2.2347 5.1468 62.5076 1.9200 79.6597 0.0027 -0.0016 -0.0000 152 lincoln_mkz2017
Car 1.00 1.00 0 0 0 0 0 0 0 0 -1000.00 -1000.00 -1000.00 -1000.00 1.7506 2.3538 4.8416 257.4128 -8.0912 118.5476 2.4253 -0.0009 0.0004 153 bmw_grandtourer
Cyclist 1.00 1.00 2 1 5 19 0 0 0 1 -1000.00 -1000.00 -1000.00 -1000.00 1.9709 0.6705 1.7250 109.1508 2.0257 27.5389 -3.1402 0.0031 -0.0000 154 diamondback_century
Cyclist 1.00 1.00 0 0 0 0 0 0 0 0 -1000.00 -1000.00 -1000.00 -1000.00 1.9311 0.5921 1.9272 92.2235 2.3217 -212.1429 1.5872 -0.0053 0.0001 155 gazelle_omafiets
Motorcycle 0.00 1.00 0 0 0 0 0 0 0 0 1542.61 361.46 1567.81 372.65 1.6960 1.0692 2.4735 91.5781 1.9226 85.3000 -0.6131 -0.0004 0.0017 156 harley_davidson_low_rider
Car 1.00 1.00 0 0 0 0 0 0 0 0 -1000.00 -1000.00 -1000.00 -1000.00 2.1397 2.1728 4.7045 293.9297 2.2814 -154.7797 1.5125 -0.0122 0.0022 157 volkswagen_t2
Car 0.00 1.00 0 0 0 0 0 0 0 0 489.21 306.36 521.68 317.40 1.5488 2.0688 3.9961 -77.1999 -7.3786 94.1696 0.8324 -0.0125 -0.0003 158 mini_cooperst
Cyclist 1.00 1.00 0 0 0 0 0 0 0 0 -1000.00 -1000.00 -1000.00 -1000.00 1.9311 0.5921 1.9272 179.0312 1.9603 69.9694 1.5853 -0.0060 -0.0000 159 gazelle_omafiets
Car 1.00 1.00 0 0 0 0 0 0 0 0 -1000.00 -1000.00 -1000.00 -1000.00 1.4812 2.1349 5.6254 173.4915 2.2315 -120.2864 -1.5646 -0.0013 -0.0000 160 chevrolet_impala
Car 1.00 1.00 0 0 0 0 0 0 0 0 -1000.00 -1000.00 -1000.00 -1000.00 1.7173 2.2591 5.2781 -120.3185 -4.5796 -28.9732 -1.5647 0.0960 -0.0007 161 mercedes_benz_coupe
Car 1.00 1.00 0 0 0 0 0 0 0 0 -1000.00 -1000.00 -1000.00 -1000.00 1.9718 2.0005 4.0595 92.4416 2.3342 -201.1259 -3.1245 -0.0017 -0.0001 162 jeep_wrangler_rubicon
Car 1.00 1.00 0 0 0 0 0 0 0 0 -1000.00 -1000.00 -1000.00 -1000.00 1.7506 2.3538 4.8416 51.3570 2.0881 -57.8906 0.0008 0.0041 -0.0001 163 bmw_grandtourer
Car 0.00 0.38 26 25 45 368 0 0 20 0 1009.01 361.91 1044.83 372.49 1.6115 2.2019 5.2564 10.3618 1.9140 86.1055 -3.1142 -0.0014 0.0006 164 charger2020_charger2020
Car 1.00 1.00 94 112 171 713 37 0 0 0 -1000.00 -1000.00 -1000.00 -1000.00 1.6244 1.8781 3.8906 -6.5355 2.1246 -38.2447 -1.5450 -0.0018 -0.0011 165 audi_a2
Car 1.00 1.00 0 0 0 0 0 0 0 0 -1000.00 -1000.00 -1000.00 -1000.00 1.5475 1.9070 4.4025 -26.4848 2.4604 -299.9720 2.9559 -0.0014 -0.0082 166 seat_leon
Car 1.00 1.00 0 0 0 0 0 0 0 0 -1000.00 -1000.00 -1000.00 -1000.00 1.5765 1.9374 3.8150 267.4444 -8.0623 84.8998 -1.0624 -0.0022 -0.0217 167 nissan_micra
Car 1.00 1.00 0 0 0 0 0 0 0 0 -1000.00 -1000.00 -1000.00 -1000.00 1.5863 2.2347 5.1468 -22.6644 2.2590 -140.8117 0.0063 -0.0012 -0.0000 168 lincoln_mkz2017
Car 1.00 1.00 0 0 0 0 0 0 0 0 -1000.00 -1000.00 -1000.00 -1000.00 1.7506 2.3538 4.8416 110.0055 2.0827 -53.4367 -3.1323 -0.0013 -0.0000 169 bmw_grandtourer
Car 0.00 0.16 151 171 262 9387 0 0 20 24 1508.49 374.81 1683.00 411.57 1.4812 2.1349 5.6254 25.5207 2.0558 22.2812 -3.1315 -0.0013 -0.0000 170 chevrolet_impala
Car 1.00 1.00 0 0 0 0 0 0 0 0 -1000.00 -1000.00 -1000.00 -1000.00 1.4812 2.1349 5.6254 175.8588 2.0244 42.4484 -1.5683 -0.0013 -0.0000 171 chevrolet_impala
Car 0.00 1.00 0 0 0 9 0 0 0 0 931.11 361.83 943.20 370.86 1.6011 2.1072 4.7392 -4.1788 1.9491 102.0254 -1.5544 -0.0013 -0.0000 172 toyota_prius
Car 1.00 1.00 0 0 0 0 0 0 0 0 -1000.00 -1000.00 -1000.00 -1000.00 1.6115 2.2019 5.2564 230.4601 2.0128 1.1558 1.6614 -0.0031 0.0005 173 charger2020_charger2020
Car 1.00 1.00 0 0 0 0 0 0 0 0 -1000.00 -1000.00 -1000.00 -1000.00 1.5475 1.9070 4.4025 200.4059 2.2451 -137.5753 -0.0161 -0.0021 -0.0000 174 seat_leon
Car 1.00 1.00 0 0 0 0 0 0 0 0 -1000.00 -1000.00 -1000.00 -1000.00 2.5908 2.7453 5.4640 110.8708 2.2663 -132.5597 3.1265 -0.0012 -0.0000 175 carlamotors_carlacola
Car 0.00 1.00 0 0 0 0 0 0 0 0 1552.23 362.83 1603.46 372.42 1.4812 2.1349 5.6254 96.6590 1.9250 86.7518 3.1400 0.0050 0.0000 176 chevrolet_impala
Car 1.00 1.00 0 0 0 0 0 0 0 0 -1000.00 -1000.00 -1000.00 -1000.00 1.9718 2.0005 4.0595 -107.2956 2.2554 -132.5548 -0.7960 -0.0039 0.0024 177 jeep_wrangler_rubicon
Car 1.00 1.00 0 0 0 0 0 0 0 0 -1000.00 -1000.00 -1000.00 -1000.00 1.6980 1.9434 4.1871 291.2486 1.4511 -94.2323 1.4674 -0.0804 0.0088 178 citroen_c3
Car 1.00 1.00 0 0 0 0 0 0 0 0 -1000.00 -1000.00 -1000.00 -1000.00 1.5488 2.0688 3.9961 88.3553 2.0627 8.8433 1.6475 -0.0016 0.0004 179 mini_cooperst
Motorcycle 1.00 1.00 2 2 5 24 0 0 0 0 -1000.00 -1000.00 -1000.00 -1000.00 1.6960 1.0692 2.4735 105.0377 2.0272 27.5591 -3.1371 0.0017 0.0001 180 harley_davidson_low_rider
Car 1.00 1.00 0 0 0 0 0 0 0 0 -1000.00 -1000.00 -1000.00 -1000.00 1.4477 1.5550 2.3177 175.3334 1.9537 84.1061 -1.5622 0.0316 0.0022 181 bmw_isetta
Cyclist 0.00 0.57 2 5 11 431 0 0 0 1 1677.94 367.01 1714.68 403.61 1.7065 0.8593 1.4873 34.6982 1.9987 26.0767 -3.1301 -0.0274 0.0009 182 bh_crossbike
Car 1.00 1.00 0 0 0 0 0 0 0 0 -1000.00 -1000.00 -1000.00 -1000.00 1.6011 2.1072 4.7392 -115.8424 2.2478 -129.2805 -1.5828 -0.0021 -0.0000 183 toyota_prius
Car 1.00 1.00 0 0 0 0 0 0 0 0 -1000.00 -1000.00 -1000.00 -1000.00 1.5488 2.0688 3.9961 100.6679 2.3340 -204.6035 -3.0953 -0.0013 -0.0000 184 mini_cooperst
Car 1.00 1.00 0 0 0 0 0 0 0 0 -1000.00 -1000.00 -1000.00 -1000.00 1.6980 1.9434 4.1871 189.4936 2.4522 -292.7866 -3.0729 -0.0016 -0.0026 185 citroen_c3
Car 0.00 0.93 5 4 7 29 0 0 1 0 910.67 361.93 922.46 370.85 1.5765 1.9374 3.8150 -7.8902 1.9366 100.9527 -1.5468 -0.0013 -0.0001 186 nissan_micra
Car 1.00 1.00 5 6 10 711 0 0 0 10 -1000.00 -1000.00 -1000.00 -1000.00 1.7506 2.3538 4.8416 43.3120 2.0437 22.7765 -2.9105 -0.0012 -0.0000 187 bmw_grandtourer
Car 1.00 1.00 0 0 0 0 0 0 0 0 -1000.00 -1000.00 -1000.00 -1000.00 1.5488 2.0688 3.9961 223.4966 2.0206 -5.7097 -1.5734 -0.0012 -0.0001 188 mini_cooperst
Car 1.00 1.00 0 0 0 0 0 0 0 0 -1000.00 -1000.00 -1000.00 -1000.00 1.5488 2.0688 3.9961 263.1535 2.2437 -138.5417 -0.0161 -0.0013 -0.0000 189 mini_cooperst
Car 0.00 1.00 0 0 0 0 0 0 0 0 1860.51 361.78 1914.82 370.75 1.6011 2.1072 4.7392 171.6440 1.9416 102.6233 -1.5602 -0.0013 -0.0000 190 toyota_prius
Car 0.00 1.00 0 0 0 0 0 0 0 0 764.76 363.65 802.25 373.06 1.3660 1.9896 4.9534 -26.2174 1.9172 82.4432 0.0237 -0.0012 -0.0000 191 mustang_mustang
Car 1.00 1.00 0 0 0 0 0 0 0 0 -1000.00 -1000.00 -1000.00 -1000.00 1.9476 2.0282 4.8347 297.0867 2.2437 -147.2502 1.5810 -0.0069 -0.0000 192 nissan_patrol
Pedestrian 1.00 1.00 0 0 0 0 0 0 0 0 -1000.00 -1000.00 -1000.00 -1000.00 1.9158 0.4880 0.7507 293.4350 2.2079 -255.5823 -2.0565 -0.0013 -0.0000 193 pedestrian_0019
Pedestrian 1.00 1.00 0 1 1 10 0 0 0 0 -1000.00 -1000.00 -1000.00 -1000.00 1.1330 0.4333 0.6667 12.5627 1.9898 -87.3803 1.7118 -0.0013 -0.0000 194 pedestrian_0010
Pedestrian 1.00 1.00 0 0 0 0 0 0 0 0 -1000.00 -1000.00 -1000.00 -1000.00 1.9158 0.4880 0.7507 236.8517 1.7690 48.2075 1.5170 -0.0013 -0.0000 195 pedestrian_0005
Pedestrian 0.00 1.00 0 0 0 0 0 0 0 0 1125.69 359.21 1128.11 365.33 1.9158 0.4880 0.6073 52.3759 1.6692 173.9354 -3.1289 -0.0013 -0.0000 196 pedestrian_0003
Pedestrian 0.00 1.00 0 0 0 0 0 0 0 0 1075.21 310.16 1079.41 319.73 1.9158 0.4880 0.7507 23.9641 -8.2445 113.2257 0.0096 -0.0013 -0.0000 197 pedestrian_0021
Pedestrian 1.00 1.00 0 0 0 0 0 0 0 0 -1000.00 -1000.00 -1000.00 -1000.00 1.9158 0.4880 0.7507 -100.7465 2.2505 -278.3495 -0.8873 -0.0013 -0.0000 198 pedestrian_0003
Pedestrian 1.00 1.00 0 0 0 0 0 0 0 0 -1000.00 -1000.00 -1000.00 -1000.00 1.9158 0.4880 0.4808 303.8725 2.1586 -216.7691 1.4965 -0.0013 -0.0000 199 pedestrian_0004
Pedestrian 1.00 1.00 4 6 6 36 2 0 0 0 -1000.00 -1000.00 -1000.00 -1000.00 1.9158 0.4880 0.3754 -10.1891 1.9724 -65.4034 2.0268 -0.0013 -0.0000 200 pedestrian_0022
Pedestrian 1.00 1.00 0 0 0 0 0 0 0 0 -1000.00 -1000.00 -1000.00 -1000.00 1.3390 0.3253 0.4595 187.7599 1.9956 -93.1143 -1.5797 -0.0013 -0.0000 201 pedestrian_0014
Pedestrian 1.00 1.00 0 0 0 0 0 0 0 0 -1000.00 -1000.00 -1000.00 -1000.00 1.9158 0.4880 0.4232 95.4319 2.0275 10.8050 0.0407 -0.0013 -0.0000 202 pedestrian_0022
Pedestrian 1.00 1.00 0 0 0 0 0 0 0 0 -1000.00 -1000.00 -1000.00 -1000.00 1.9158 0.4880 0.5676 76.5035 2.3117 -211.9851 -1.3177 -0.0013 -0.0000 203 pedestrian_0023
Pedestrian 0.00 1.00 0 0 0 0 0 0 0 0 1280.37 362.94 1285.52 372.96 1.3390 0.3253 0.5005 43.3392 1.7347 74.3831 -3.0883 -0.0013 -0.0000 204 pedestrian_0012
Pedestrian 1.00 1.00 0 0 0 2 0 0 0 0 -1000.00 -1000.00 -1000.00 -1000.00 1.9158 0.4880 0.3754 -11.1735 2.0536 -126.2963 1.0983 -0.0013 -0.0000 205 pedestrian_0019
Pedestrian 1.00 1.00 0 0 0 0 0 0 0 0 -1000.00 -1000.00 -1000.00 -1000.00 1.9158 0.4880 0.7377 -62.4018 2.0662 -161.9326 1.5435 -0.0013 -0.0000 206 pedestrian_0005
Pedestrian 0.00 0.98 0 2 1 11 0 0 0 0 911.05 359.20 913.36 367.43 1.9158 0.4880 0.7507 -11.1565 1.7283 129.3965 -1.5513 -0.0013 -0.0000 207 pedestrian_0026
Pedestrian 1.00 1.00 0 0 0 0 0 0 0 0 -1000.00 -1000.00 -1000.00 -1000.00 1.9158 0.4880 0.7507 51.8050 1.8842 2.9218 -1.4091 -0.0013 -0.0000 208 pedestrian_0015
Pedestrian 1.00 1.00 0 0 0 0 0 0 0 0 -1000.00 -1000.00 -1000.00 -1000.00 1.3390 0.3253 0.3368 -126.4847 2.0613 -136.3432 -1.5579 -0.0013 -0.0000 209 pedestrian_0014
Pedestrian 1.00 1.00 0 0 0 0 0 0 0 0 -1000.00 -1000.00 -1000.00 -1000.00 1.9158 0.4880 0.7507 -127.4736 2.0514 -122.2680 1.5592 -0.0013 -0.0000 210 pedestrian_0016
Pedestrian 1.00 1.00 0 0 0 0 0 0 0 0 -1000.00 -1000.00 -1000.00 -1000.00 1.3390 0.3253 0.2600 102.5309 2.0499 -57.1819 1.7955 -0.0013 -0.0000 211 pedestrian_0012
Pedestrian 1.00 1.00 1 2 4 5 1 0 0 0 -1000.00 -1000.00 -1000.00 -1000.00 1.1330 0.4333 0.4197 -9.1978 2.0332 -119.4587 -1.5321 -0.0013 -0.0000 212 pedestrian_0009
Pedestrian 0.00 1.00 0 0 0 0 0 0 0 0 1314.14 361.91 1317.29 365.92 1.1330 0.4333 0.6314 100.9982 1.6770 157.3701 2.9840 -0.0013 -0.0000 213 pedestrian_0010
Pedestrian 1.00 1.00 0 0 0 0 0 0 0 0 -1000.00 -1000.00 -1000.00 -1000.00 1.9158 0.4880 0.7507 -61.8570 2.2894 -310.2027 -0.5233 -0.0013 -0.0000 214 pedestrian_0021
Pedestrian 1.00 1.00 0 0 0 0 0 0 0 0 -1000.00 -1000.00 -1000.00 -1000.00 1.9158 0.4880 0.3833 101.4496 2.0577 -56.7102 1.6691 -0.0013 -0.0000 215 pedestrian_0018
Pedestrian 1.00 1.00 0 0 0 0 0 0 0 0 -1000.00 -1000.00 -1000.00 -1000.00 1.9158 0.4880 0.4307 284.3128 2.2278 -271.7785 0.8717 -0.0013 -0.0000 216 pedestrian_0020
Pedestrian 1.00 1.00 0 0 0 0 0 0 0 0 -1000.00 -1000.00 -1000.00 -1000.00 1.9158 0.4880 0.7507 102.1385 1.8755 10.2984 -0.0170 -0.0013 -0.0000 217 pedestrian_0017
Pedestrian 1.00 1.00 0 0 0 0 0 0 0 0 -1000.00 -1000.00 -1000.00 -1000.00 1.9158 0.4880 0.6181 187.8713 2.0749 -147.1633 3.0371 -0.0013 -0.0000 218 pedestrian_0007
Pedestrian 1.00 1.00 0 3 5 3 1 0 0 0 -1000.00 -1000.00 -1000.00 -1000.00 1.1330 0.4333 0.5303 -8.1423 2.1536 -94.1093 1.5911 -0.0013 -0.0000 219 pedestrian_0010
Pedestrian 1.00 1.00 0 0 0 0 0 0 0 0 -1000.00 -1000.00 -1000.00 -1000.00 1.9158 0.4880 0.5154 17.6125 2.0170 -101.6939 -0.6024 -0.0013 -0.0000 220 pedestrian_0023
Pedestrian 1.00 1.00 0 0 0 0 0 0 0 0 -1000.00 -1000.00 -1000.00 -1000.00 1.9158 0.4880 0.5128 231.5660 1.9697 8.5875 2.7391 -0.0013 -0.0000 221 pedestrian_0024
Pedestrian 1.00 1.00 0 0 0 0 0 0 0 0 -1000.00 -1000.00 -1000.00 -1000.00 1.1330 0.4333 0.3614 200.8669 2.1507 -244.0366 0.4608 -0.0013 -0.0000 222 pedestrian_0011
Pedestrian 1.00 1.00 0 0 0 0 0 0 0 0 -1000.00 -1000.00 -1000.00 -1000.00 1.9158 0.4880 0.7507 -38.4088 2.2989 -318.8258 -0.2458 -0.0013 -0.0000 223 pedestrian_0016
Pedestrian 0.00 1.00 0 0 0 0 0 0 0 0 1338.41 322.30 1342.21 329.47 1.9158 0.4880 0.6961 103.2578 -8.3029 150.4873 -3.1401 -0.0013 -0.0000 224 pedestrian_0017
Pedestrian 1.00 1.00 0 0 0 0 0 0 0 0 -1000.00 -1000.00 -1000.00 -1000.00 1.9158 0.4880 0.7507 -91.9806 -6.6359 29.1544 -1.6274 -0.0013 -0.0000 225 pedestrian_0001
Pedestrian 1.00 1.00 0 0 0 0 0 0 0 0 -1000.00 -1000.00 -1000.00 -1000.00 1.9158 0.4880 0.7507 96.6772 1.9958 -83.2400 1.6079 -0.0013 -0.0000 226 pedestrian_0003
Pedestrian 1.00 1.00 0 0 0 0 0 0 0 0 -1000.00 -1000.00 -1000.00 -1000.00 1.9158 0.4880 0.7507 216.6855 1.7568 56.5891 1.6707 -0.0013 -0.0000 227 pedestrian_0007
Pedestrian 1.00 1.00 0 0 0 0 0 0 0 0 -1000.00 -1000.00 -1000.00 -1000.00 1.1330 0.4333 0.6667 187.9291 2.0199 -114.1595 -1.5525 -0.0013 -0.0000 228 pedestrian_0010
Pedestrian 1.00 1.00 0 0 0 0 0 0 0 0 -1000.00 -1000.00 -1000.00 -1000.00 1.1330 0.4333 0.5142 50.3596 2.0363 -124.7350 -0.1974 -0.0013 -0.0000 229 pedestrian_0010
Pedestrian 0.00 1.00 0 0 0 0 0 0 0 0 1849.58 365.58 1861.85 381.33 1.3390 0.3253 0.4539 76.8686 1.8207 47.5674 1.6464 -0.0013 -0.0000 230 pedestrian_0013
Pedestrian 1.00 1.00 0 0 0 0 0 0 0 0 -1000.00 -1000.00 -1000.00 -1000.00 1.3390 0.3253 0.3927 -55.4369 1.9764 5.3198 -0.1333 -0.0013 -0.0000 231 pedestrian_0013
Pedestrian 1.00 1.00 0 0 0 0 0 0 0 0 -1000.00 -1000.00 -1000.00 -1000.00 1.9158 0.4880 0.3977 98.2694 2.0518 -49.6066 -0.5092 -0.0013 -0.0000 232 pedestrian_0020
Pedestrian 0.00 1.00 0 0 0 0 0 0 0 0 1740.02 359.07 1752.64 375.00 1.9158 0.4880 0.7396 95.1547 1.8035 67.0750 1.7404 -0.0013 -0.0000 233 pedestrian_0021
Pedestrian 1.00 1.00 0 0 0 0 0 0 0 0 -1000.00 -1000.00 -1000.00 -1000.00 1.1330 0.4333 0.4435 78.3475 2.1203 -188.7395 1.5314 -0.0013 -0.0000 234 pedestrian_0009
Pedestrian 0.00 1.00 0 0 0 0 0 0 0 0 1396.69 358.99 1401.27 370.15 1.9158 0.4880 0.3916 75.5650 1.7429 95.4109 -1.7420 -0.0013 -0.0000 235 pedestrian_0006
Pedestrian 1.00 1.00 0 0 0 0 0 0 0 0 -1000.00 -1000.00 -1000.00 -1000.00 1.1330 0.4333 0.5655 110.2221 2.1495 -216.1945 -0.0053 -0.0013 -0.0000 236 pedestrian_0009
Pedestrian 1.00 1.00 0 0 0 0 0 0 0 0 -1000.00 -1000.00 -1000.00 -1000.00 1.9158 0.4880 0.5504 187.1906 1.9717 -66.0166 1.3909 -0.0013 -0.0000 237 pedestrian_0026
Pedestrian 1.00 1.00 0 0 0 0 0 0 0 0 -1000.00 -1000.00 -1000.00 -1000.00 1.9158 0.4880 0.5775 -67.8092 2.0793 -144.7749 3.1356 -0.0013 -0.0000 238 pedestrian_0021
Pedestrian 1.00 1.00 0 0 0 4 3 0 0 0 -1000.00 -1000.00 -1000.00 -1000.00 1.3390 0.3253 0.3166 -10.0722 2.0447 -125.9090 -2.9151 -0.0013 -0.0000 239 pedestrian_0012
Pedestrian 1.00 1.00 0 0 0 0 0 0 0 0 -1000.00 -1000.00 -1000.00 -1000.00 1.9158 0.4880 0.7507 234.4204 2.2823 -311.2293 0.3568 -0.0013 -0.0000 240 pedestrian_0020
Pedestrian 1.00 1.00 0 0 0 0 0 0 0 0 -1000.00 -1000.00 -1000.00 -1000.00 1.1330 0.4333 0.6604 303.1153 -3.3505 -56.0904 -1.5575 -0.0013 -0.0000 241 pedestrian_0011
Pedestrian 1.00 1.00 0 0 0 0 0 0 0 0 -1000.00 -1000.00 -1000.00 -1000.00 1.9158 0.4880 0.7507 99.3553 2.2087 -131.7001 1.5729 -0.0013 -0.0000 242 pedestrian_0002
Pedestrian 1.00 1.00 0 0 0 0 0 0 0 0 -1000.00 -1000.00 -1000.00 -1000.00 1.3390 0.3253 0.3888 79.1711 1.9799 -78.5249 -1.4491 -0.0013 -0.0000 243 pedestrian_0014
Pedestrian 1.00 1.00 0 0 0 0 0 0 0 0 -1000.00 -1000.00 -1000.00 -1000.00 1.9158 0.4880 0.7507 44.6854 2.1747 -252.2808 -3.1175 -0.0013 -0.0000 244 pedestrian_0006
Pedestrian 1.00 1.00 0 0 0 0 0 0 0 0 -1000.00 -1000.00 -1000.00 -1000.00 1.9158 0.4880 0.6425 299.9454 -8.2099 60.8461 -1.3770 -0.0013 -0.0000 245 pedestrian_0020
Pedestrian 0.00 0.04 22 21 39 730 0 0 3 0 577.10 363.50 599.90 414.31 1.9158 0.4880 0.7507 -13.8020 2.0192 20.5970 -1.5978 -0.0013 -0.0000 246 pedestrian_0022
Pedestrian 0.00 1.00 0 0 0 0 0 0 0 0 1570.74 360.24 1580.10 374.80 1.9158 0.4880 0.7297 81.3346 1.9486 73.2542 0.0984 -0.0013 -0.0000 247 pedestrian_0002
Pedestrian 1.00 1.00 0 0 0 0 0 0 0 0 -1000.00 -1000.00 -1000.00 -1000.00 1.9158 0.4880 0.7483 -48.2094 1.8674 -20.4954 1.3350 -0.0013 -0.0000 248 pedestrian_0022
Pedestrian 1.00 1.00 0 0 0 9 1 0 0 0 -1000.00 -1000.00 -1000.00 -1000.00 1.9158 0.4880 0.6424 9.3194 2.0521 -125.6899 -0.1380 -0.0013 -0.0000 249 pedestrian_0006
Pedestrian 1.00 1.00 0 0 0 0 0 0 0 0 -1000.00 -1000.00 -1000.00 -1000.00 1.9158 0.4880 0.3754 189.2337 1.9509 -64.0772 -2.4049 -0.0013 -0.0000 250 pedestrian_0019
Pedestrian 1.00 1.00 0 0 0 0 0 0 0 0 -1000.00 -1000.00 -1000.00 -1000.00 1.9158 0.4880 0.5698 -38.4205 2.0795 -145.9830 -0.0107 -0.0013 -0.0000 251 pedestrian_0018
Pedestrian 1.00 1.00 0 0 0 0 0 0 0 0 -1000.00 -1000.00 -1000.00 -1000.00 1.9158 0.4880 0.7507 20.6738 2.3038 -323.8531 0.0183 -0.0013 -0.0000 252 pedestrian_0007
Pedestrian 0.00 1.00 0 0 0 0 0 0 0 0 1045.22 358.71 1050.54 373.15 1.9158 0.4880 0.6190 11.7002 1.7443 73.7996 0.0306 -0.0013 -0.0000 253 pedestrian_0008
Pedestrian 1.00 1.00 0 0 0 0 0 0 0 0 -1000.00 -1000.00 -1000.00 -1000.00 1.9158 0.4880 0.5008 56.7053 2.3013 -323.0321 0.0378 -0.0013 -0.0000 254 pedestrian_0022
Pedestrian 1.00 1.00 0 0 0 0 0 0 0 0 -1000.00 -1000.00 -1000.00 -1000.00 1.9158 0.4880 0.5976 -127.7911 2.0860 -149.4914 -1.5420 -0.0013 -0.0000 255 pedestrian_0024
Pedestrian 1.00 1.00 19 18 27 265 5 0 0 0 -1000.00 -1000.00 -1000.00 -1000.00 1.1330 0.4333 0.3609 10.6363 1.9035 -20.6886 -2.1023 -0.0013 -0.0000 256 pedestrian_0011
Pedestrian 1.00 1.00 0 0 0 0 0 0 0 0 -1000.00 -1000.00 -1000.00 -1000.00 1.9158 0.4880 0.7507 106.3861 1.8737 11.5864 3.0983 -0.0013 -0.0000 257 pedestrian_0006
Pedestrian 0.00 1.00 0 0 0 0 0 0 0 0 1833.63 358.80 1842.66 370.09 1.9158 0.4880 0.7507 149.2993 1.7115 94.2350 3.1307 -0.0013 -0.0000 258 pedestrian_0005
Pedestrian 1.00 1.00 0 0 0 0 0 0 0 0 -1000.00 -1000.00 -1000.00 -1000.00 1.9158 0.4880 0.6828 188.1864 1.9213 -28.2889 1.4904 -0.0013 -0.0000 259 pedestrian_0003
Pedestrian 1.00 1.00 0 0 0 0 0 0 0 0 -1000.00 -1000.00 -1000.00 -1000.00 1.9158 0.4880 0.7455 -90.6948 -5.1650 -24.8236 -1.5582 -0.0013 -0.0000 260 pedestrian_0001
Pedestrian 1.00 1.00 0 0 0 0 0 0 0 0 -1000.00 -1000.00 -1000.00 -1000.00 1.3390 0.3253 0.3925 187.7747 1.8829 -4.0654 1.5688 -0.0013 -0.0000 261 pedestrian_0014
Pedestrian 1.00 1.00 0 0 0 0 0 0 0 0 -1000.00 -1000.00 -1000.00 -1000.00 1.9158 0.4880 0.7507 99.0355 2.2022 -126.5787 1.8186 -0.0013 -0.0000 262 pedestrian_0020
Pedestrian 1.00 1.00 0 0 0 0 0 0 0 0 -1000.00 -1000.00 -1000.00 -1000.00 1.9158 0.4880 0.6124 99.7603 2.1627 -216.6725 1.3256 -0.0013 -0.0000 263 pedestrian_0025
Pedestrian 1.00 1.00 0 2 2 6 0 0 0 0 -1000.00 -1000.00 -1000.00 -1000.00 1.9158 0.4880 0.6588 -9.1803 2.2198 -137.1955 -0.8961 -0.0013 -0.0000 264 pedestrian_0026
Pedestrian 1.00 1.00 0 0 0 0 0 0 0 0 -1000.00 -1000.00 -1000.00 -1000.00 1.9158 0.4880 0.7507 304.4176 2.1207 -187.4448 1.5831 -0.0013 -0.0000 265 pedestrian_0025
Pedestrian 1.00 1.00 0 0 0 0 0 0 0 0 -1000.00 -1000.00 -1000.00 -1000.00 1.3390 0.3253 0.2502 188.2382 1.9590 -64.5379 -2.6030 -0.0013 -0.0000 266 pedestrian_0013
Pedestrian 1.00 1.00 0 0 0 0 0 0 0 0 -1000.00 -1000.00 -1000.00 -1000.00 1.9158 0.4880 0.3808 190.1000 1.8407 35.0355 -0.1097 -0.0013 -0.0000 267 pedestrian_0015
Pedestrian 1.00 1.00 0 0 0 0 0 0 0 0 -1000.00 -1000.00 -1000.00 -1000.00 1.9158 0.4880 0.3941 165.8111 1.7911 74.3750 1.1952 -0.0013 -0.0000 268 pedestrian_0021
Pedestrian 1.00 1.00 0 0 0 0 0 0 0 0 -1000.00 -1000.00 -1000.00 -1000.00 1.1330 0.4333 0.4221 -126.1810 2.1354 -195.9025 -1.5602 -0.0013 -0.0000 269 pedestrian_0010
Pedestrian 0.00 0.03 83 73 118 6348 0 0 7 15 1382.60 366.96 1415.76 455.87 1.9158 0.4880 0.4794 9.3455 2.0296 11.7584 1.5054 -0.0013 -0.0000 270 pedestrian_0023
Pedestrian 1.00 1.00 0 0 0 0 0 0 0 0 -1000.00 -1000.00 -1000.00 -1000.00 1.3390 0.3253 0.5005 -9.9397 2.1849 -265.6523 2.8935 -0.0013 -0.0000 271 pedestrian_0013
Pedestrian 1.00 1.00 0 0 0 0 0 0 0 0 -1000.00 -1000.00 -1000.00 -1000.00 1.9158 0.4880 0.5933 305.0513 2.1394 -202.2423 -1.6592 -0.0013 -0.0000 272 pedestrian_0016
Pedestrian 1.00 1.00 0 0 0 0 0 0 0 0 -1000.00 -1000.00 -1000.00 -1000.00 1.3390 0.3253 0.5005 154.8082 2.1467 -211.0601 -2.5957 -0.0013 -0.0000 273 pedestrian_0014
Pedestrian 1.00 1.00 0 0 0 0 0 0 0 0 -1000.00 -1000.00 -1000.00 -1000.00 1.9158 0.4880 0.6247 236.5789 1.7936 26.9321 1.5743 -0.0013 -0.0000 274 pedestrian_0019
Pedestrian 1.00 1.00 0 0 0 0 0 0 0 0 -1000.00 -1000.00 -1000.00 -1000.00 1.3390 0.3253 0.5004 125.9211 2.1803 -266.8773 -0.0150 -0.0013 -0.0000 275 pedestrian_0013
Pedestrian 1.00 1.00 0 0 0 0 0 0 0 0 -1000.00 -1000.00 -1000.00 -1000.00 1.9158 0.4880 0.7507 119.7529 2.0714 -144.2154 -3.1350 -0.0013 -0.0000 276 pedestrian_0023
Pedestrian 1.00 1.00 0 2 3 2 1 0 0 0 -1000.00 -1000.00 -1000.00 -1000.00 1.1330 0.4333 0.3970 7.5661 2.0362 -122.1348 -1.6037 -0.0013 -0.0000 277 pedestrian_0011
Pedestrian 1.00 1.00 0 0 0 0 0 0 0 0 -1000.00 -1000.00 -1000.00 -1000.00 1.3390 0.3253 0.5005 176.1249 2.0766 -43.6496 0.0041 -0.0013 -0.0000 278 pedestrian_0012
Pedestrian 1.00 1.00 0 0 0 0 0 0 0 0 -1000.00 -1000.00 -1000.00 -1000.00 1.9158 0.4880 0.5193 254.7061 -8.2252 78.2163 -1.0177 -0.0013 -0.0000 279 pedestrian_0015
Pedestrian 1.00 1.00 0 0 0 0 0 0 0 0 -1000.00 -1000.00 -1000.00 -1000.00 1.9158 0.4880 0.7507 188.7029 1.7930 72.5881 1.5805 -0.0013 -0.0000 280 pedestrian_0017
Pedestrian 0.00 1.00 0 0 0 0 0 0 0 0 1284.43 322.03 1288.29 329.25 1.9158 0.4880 0.7507 87.9249 -8.2985 149.3248 3.1380 -0.0013 -0.0000 281 pedestrian_0005
Pedestrian 1.00 1.00 0 0 0 0 0 0 0 0 -1000.00 -1000.00 -1000.00 -1000.00 1.1330 0.4333 0.3663 221.8049 1.9879 17.3438 -2.2591 -0.0013 -0.0000 282 pedestrian_0009
Pedestrian 1.00 1.00 0 0 0 0 0 0 0 0 -1000.00 -1000.00 -1000.00 -1000.00 1.1330 0.4333 0.3565 -7.0853 2.1620 -248.6324 -0.2186 -0.0013 -0.0000 283 pedestrian_0009
Pedestrian 0.00 1.00 0 0 0 0 0 0 0 0 1400.87 362.78 1404.45 368.11 1.1330 0.4333 0.4160 94.4947 1.7270 118.3196 -1.5998 -0.0013 -0.0000 284 pedestrian_0009
Pedestrian 0.00 0.99 4 9 17 117 0 0 4 0 1039.86 359.03 1046.08 380.70 1.9158 0.4880 0.7507 7.3893 1.8294 49.3782 1.5033 -0.0013 -0.0000 285 pedestrian_0024
Pedestrian 1.00 1.00 0 0 0 0 0 0 0 0 -1000.00 -1000.00 -1000.00 -1000.00 1.9158 0.4880 0.4957 188.3286 2.0464 -124.9836 -1.2316 -0.0013 -0.0000 286 pedestrian_0023
Pedestrian 1.00 1.00 0 0 0 0 0 0 0 0 -1000.00 -1000.00 -1000.00 -1000.00 1.9158 0.4880 0.3754 -13.8153 2.0750 -143.6076 0.5316 -0.0013 -0.0000 287 pedestrian_0015
Pedestrian 1.00 1.00 0 0 0 0 0 0 0 0 -1000.00 -1000.00 -1000.00 -1000.00 1.9158 0.4880 0.7507 262.1501 -8.2084 61.3158 1.9154 -0.0013 -0.0000 288 pedestrian_0025
Pedestrian 0.00 1.00 0 0 0 0 0 0 0 0 389.27 313.74 393.48 320.08 1.1330 0.4333 0.4903 -106.1050 -7.4715 103.4247 -2.2010 -0.0013 -0.0000 289 pedestrian_0009
Pedestrian 1.00 1.00 0 0 0 0 0 0 0 0 -1000.00 -1000.00 -1000.00 -1000.00 1.9158 0.4880 0.7507 168.0604 1.9222 90.6294 -1.5381 -0.0013 -0.0000 290 pedestrian_0019
Pedestrian 1.00 1.00 0 0 0 0 0 0 0 0 -1000.00 -1000.00 -1000.00 -1000.00 1.9158 0.4880 0.7507 -41.6750 2.0789 -145.4113 -3.1362 -0.0013 -0.0000 291 pedestrian_0007
Pedestrian 1.00 1.00 0 0 0 0 0 0 0 0 -1000.00 -1000.00 -1000.00 -1000.00 1.9158 0.4880 0.7356 88.5000 2.2985 -322.8686 0.0242 -0.0013 -0.0000 292 pedestrian_0021
Pedestrian 1.00 1.00 0 0 0 0 0 0 0 0 -1000.00 -1000.00 -1000.00 -1000.00 1.3390 0.3253 0.4417 107.9509 2.0616 -142.7161 0.0080 -0.0013 -0.0000 293 pedestrian_0014
Pedestrian 1.00 1.00 0 0 0 0 0 0 0 0 -1000.00 -1000.00 -1000.00 -1000.00 1.9158 0.4880 0.7475 -128.2371 -6.6601 30.9871 1.5626 -0.0013 -0.0000 294 pedestrian_0002
Pedestrian 1.00 1.00 1 2 3 25 3 0 0 0 -1000.00 -1000.00 -1000.00 -1000.00 1.9158 0.4880 0.4080 -9.2949 2.1263 -65.1925 -0.1093 -0.0013 -0.0000 295 pedestrian_0026
Pedestrian 0.00 1.00 0 0 0 0 0 0 0 0 1634.91 358.81 1642.42 370.03 1.9158 0.4880 0.6961 116.1637 1.7119 94.8718 -3.1130 -0.0013 -0.0000 296 pedestrian_0020
Pedestrian 0.00 1.00 0 0 0 0 0 0 0 0 1114.26 358.69 1121.06 373.05 1.9158 0.4880 0.7292 21.1227 1.7403 74.2616 0.2424 -0.0013 -0.0000 297 pedestrian_0016
Pedestrian 1.00 1.00 0 0 0 0 0 0 0 0 -1000.00 -1000.00 -1000.00 -1000.00 1.9158 0.4880 0.4427 -40.1551 2.0810 -147.2656 0.0620 -0.0013 -0.0000 298 pedestrian_0024
Pedestrian 0.00 1.00 0 0 0 0 0 0 0 0 1673.35 310.52 1679.69 320.01 1.9158 0.4880 0.6736 147.6318 -8.2571 114.2018 0.0025 -0.0013 -0.0000 299 pedestrian_0001
Pedestrian 1.00 1.00 0 0 0 0 0 0 0 0 -1000.00 -1000.00 -1000.00 -1000.00 1.9158 0.4880 0.7507 -44.1004 2.0557 -153.1238 1.4622 -0.0013 -0.0000 300 pedestrian_0025
Pedestrian 1.00 1.00 0 0 0 0 0 0 0 0 -1000.00 -1000.00 -1000.00 -1000.00 1.9158 0.4880 0.7507 145.0279 2.0688 -142.9163 3.0962 -0.0013 -0.0000 301 pedestrian_0016
Pedestrian 1.00 1.00 0 0 0 0 0 0 0 0 -1000.00 -1000.00 -1000.00 -1000.00 1.9158 0.4880 0.6994 190.3229 2.1651 -247.5594 -2.9992 -0.0013 -0.0000 302 pedestrian_0006
Pedestrian 1.00 1.00 0 0 0 0 0 0 0 0 -1000.00 -1000.00 -1000.00 -1000.00 1.3390 0.3253 0.4097 -45.0231 2.0798 -178.1869 -1.4955 -0.0013 -0.0000 303 pedestrian_0012
Pedestrian 1.00 1.00 0 0 0 0 0 0 0 0 -1000.00 -1000.00 -1000.00 -1000.00 1.9158 0.4880 0.7507 242.4292 2.2763 -307.7833 0.4756 -0.0013 -0.0000 304 pedestrian_0024
Pedestrian 1.00 1.00 0 0 0 0 0 0 0 0 -1000.00 -1000.00 -1000.00 -1000.00 1.3390 0.3253 0.5005 -125.0160 2.1754 -225.1728 1.6847 -0.0013 -0.0000 305 pedestrian_0013
Pedestrian 1.00 1.00 0 0 0 0 0 0 0 0 -1000.00 -1000.00 -1000.00 -1000.00 1.1330 0.4333 0.5550 97.6042 2.2883 -322.9536 3.1172 -0.0013 -0.0000 306 pedestrian_0011
Pedestrian 1.00 1.00 0 0 0 0 0 0 0 0 -1000.00 -1000.00 -1000.00 -1000.00 1.9158 0.4880 0.6130 168.9563 1.9169 -22.9462 -1.2474 -0.0013 -0.0000 307 pedestrian_0024
Pedestrian 1.00 1.00 0 0 0 0 0 0 0 0 -1000.00 -1000.00 -1000.00 -1000.00 1.9158 0.4880 0.4062 29.5491 2.3057 -325.6045 0.0498 -0.0013 -0.0000 308 pedestrian_0004
Pedestrian 1.00 1.00 4 5 9 37 1 0 0 0 -1000.00 -1000.00 -1000.00 -1000.00 1.9158 0.4880 0.5163 -9.4149 2.1188 -63.8994 -2.1927 -0.0013 -0.0000 309 pedestrian_0019
Pedestrian 1.00 1.00 0 0 0 0 0 0 0 0 -1000.00 -1000.00 -1000.00 -1000.00 1.3390 0.3253 0.5005 79.9888 2.2897 -201.3984 -1.7399 -0.0013 -0.0000 310 pedestrian_0012
Pedestrian 1.00 1.00 0 0 0 0 0 0 0 0 -1000.00 -1000.00 -1000.00 -1000.00 1.9158 0.4880 0.4501 188.7989 1.9676 -65.1120 -1.7843 -0.0013 -0.0000 311 pedestrian_0022
Pedestrian 1.00 1.00 0 0 0 0 0 0 0 0 -1000.00 -1000.00 -1000.00 -1000.00 1.9158 0.4880 0.7507 159.5183 1.9171 -67.2002 -2.9354 -0.0013 -0.0000 312 pedestrian_0018
Pedestrian 0.00 1.00 0 0 0 0 0 0 0 0 789.06 358.70 793.93 373.32 1.9158 0.4880 0.5260 -22.1653 1.7451 72.9118 0.0944 -0.0013 -0.0000 313 pedestrian_0022
Pedestrian 1.00 1.00 0 0 0 0 0 0 0 0 -1000.00 -1000.00 -1000.00 -1000.00 1.9158 0.4880 0.3818 169.2262 1.9062 -15.8108 0.0712 -0.0013 -0.0000 314 pedestrian_0005
Pedestrian 1.00 1.00 0 0 0 0 0 0 0 0 -1000.00 -1000.00 -1000.00 -1000.00 1.9158 0.4880 0.7507 78.3943 1.9779 -70.2531 -1.5119 -0.0013 -0.0000 315 pedestrian_0018
Pedestrian 1.00 1.00 0 0 0 0 0 0 0 0 -1000.00 -1000.00 -1000.00 -1000.00 1.9158 0.4880 0.7104 -74.7035 2.2809 -303.1451 2.5074 -0.0013 -0.0000 316 pedestrian_0024
Pedestrian 1.00 1.00 0 0 0 0 0 0 0 0 -1000.00 -1000.00 -1000.00 -1000.00 1.9158 0.4880 0.6345 198.1193 2.1641 -245.6263 0.4323 -0.0013 -0.0000 317 pedestrian_0002
Pedestrian 1.00 1.00 0 0 0 0 0 0 0 0 -1000.00 -1000.00 -1000.00 -1000.00 1.3390 0.3253 0.3385 115.7023 2.0653 -143.7783 3.1295 -0.0013 -0.0000 318 pedestrian_0013
Pedestrian 0.00 1.00 0 0 0 0 0 0 0 0 1145.25 358.70 1152.17 373.08 1.9158 0.4880 0.7507 25.2181 1.7419 74.0746 -3.1093 -0.0013 -0.0000 319 pedestrian_0018
Pedestrian 1.00 1.00 0 0 0 0 0 0 0 0 -1000.00 -1000.00 -1000.00 -1000.00 1.9158 0.4880 0.7064 222.1668 1.8896 -47.9476 -2.3067 -0.0013 -0.0000 320 pedestrian_0006
Pedestrian 1.00 1.00 0 0 0 0 0 0 0 0 -1000.00 -1000.00 -1000.00 -1000.00 1.9158 0.4880 0.4897 211.5293 2.2911 -318.4244 0.2198 -0.0013 -0.0000 321 pedestrian_0021
Pedestrian 0.00 1.00 0 0 0 0 0 0 0 0 1643.60 365.88 1651.41 374.32 1.1330 0.4333 0.5718 93.0758 1.9319 75.0382 0.1488 -0.0013 -0.0000 322 pedestrian_0010
Pedestrian 1.00 1.00 72 89 139 853 0 24 0 0 -1000.00 -1000.00 -1000.00 -1000.00 1.9158 0.4880 0.4656 -13.5483 1.9015 -6.6504 -1.6314 -0.0013 -0.0000 323 pedestrian_0022
Pedestrian 0.00 1.00 0 0 0 0 0 0 0 0 1699.88 359.06 1714.48 377.81 1.9158 0.4880 0.7507 76.8432 1.8191 57.0072 1.5499 -0.0013 -0.0000 324 pedestrian_0015
Pedestrian 1.00 1.00 1 1 1 2 0 0 0 0 -1000.00 -1000.00 -1000.00 -1000.00 1.9158 0.4880 0.3754 -10.3729 1.9776 -66.3174 2.0938 -0.0013 -0.0000 325 pedestrian_0005
Pedestrian 0.00 1.00 0 0 0 0 0 0 0 0 1730.95 322.09 1735.46 329.30 1.9158 0.4880 0.5147 208.8000 -8.3044 149.6762 -0.1031 -0.0013 -0.0000 326 pedestrian_0006
Pedestrian 1.00 1.00 0 0 0 0 0 0 0 0 -1000.00 -1000.00 -1000.00 -1000.00 1.9158 0.4880 0.5026 166.8698 2.1069 -171.7231 1.2408 -0.0013 -0.0000 327 pedestrian_0002
Pedestrian 1.00 1.00 0 0 0 0 0 0 0 0 -1000.00 -1000.00 -1000.00 -1000.00 1.9158 0.4880 0.6805 170.5009 2.2226 -144.7485 -0.1232 -0.0013 -0.0000 328 pedestrian_0015
Pedestrian 1.00 1.00 0 0 0 0 0 0 0 0 -1000.00 -1000.00 -1000.00 -1000.00 1.9158 0.4880 0.7507 -122.4350 2.1997 -238.5862 -1.1693 -0.0013 -0.0000 329 pedestrian_0005
Pedestrian 1.00 1.00 0 0 0 0 0 0 0 0 -1000.00 -1000.00 -1000.00 -1000.00 1.1330 0.4333 0.3529 247.1112 2.2620 -305.6789 -0.4045 -0.0013 -0.0000 330 pedestrian_0010
Pedestrian 1.00 1.00 0 0 0 0 0 0 0 0 -1000.00 -1000.00 -1000.00 -1000.00 1.9158 0.4880 0.7026 95.6359 1.9122 -18.2909 1.5932 -0.0013 -0.0000 331 pedestrian_0001
Pedestrian 1.00 1.00 0 0 0 1 0 0 0 0 -1000.00 -1000.00 -1000.00 -1000.00 1.9158 0.4880 0.3774 17.9979 2.0752 -144.1474 -1.1858 -0.0013 -0.0000 332 pedestrian_0017
Pedestrian 0.00 1.00 0 0 0 0 0 0 0 0 1711.69 359.03 1724.38 378.22 1.9158 0.4880 0.5806 76.0867 1.8188 55.6359 1.6539 -0.0013 -0.0000 333 pedestrian_0023
Pedestrian 1.00 1.00 0 0 0 0 0 0 0 0 -1000.00 -1000.00 -1000.00 -1000.00 1.3390 0.3253 0.3692 -26.7740 2.0703 -145.5656 -0.2280 -0.0013 -0.0000 334 pedestrian_0013
Pedestrian 1.00 1.00 0 0 0 0 0 0 0 0 -1000.00 -1000.00 -1000.00 -1000.00 1.9158 0.4880 0.7507 88.5248 2.0978 -44.2011 0.0622 -0.0013 -0.0000 335 pedestrian_0019
Pedestrian 1.00 1.00 0 0 0 7 3 0 0 0 -1000.00 -1000.00 -1000.00 -1000.00 1.9158 0.4880 0.7114 5.2610 2.2318 -147.0731 0.0068 -0.0013 -0.0000 336 pedestrian_0017
Pedestrian 1.00 1.00 0 0 0 0 0 0 0 0 -1000.00 -1000.00 -1000.00 -1000.00 1.9158 0.4880 0.4460 206.5983 2.2943 -319.8606 -0.4431 -0.0013 -0.0000 337 pedestrian_0025
Pedestrian 1.00 1.00 0 0 0 0 0 0 0 0 -1000.00 -1000.00 -1000.00 -1000.00 1.9158 0.4880 0.4348 252.3621 -8.2891 131.4298 2.5325 -0.0013 -0.0000 338 pedestrian_0006
Pedestrian 1.00 1.00 0 0 0 0 0 0 0 0 -1000.00 -1000.00 -1000.00 -1000.00 1.1330 0.4333 0.5296 265.4136 -8.2035 47.8061 -1.5107 -0.0013 -0.0000 339 pedestrian_0011
Pedestrian 1.00 1.00 0 0 0 0 0 0 0 0 -1000.00 -1000.00 -1000.00 -1000.00 1.1330 0.4333 0.5612 212.9095 1.7321 67.1262 -0.7756 -0.0013 -0.0000 340 pedestrian_0011
Pedestrian 0.00 1.00 0 0 0 0 0 0 0 0 1837.65 362.14 1841.85 369.21 1.3390 0.3253 0.3002 167.0362 1.7458 105.2371 -1.5392 -0.0013 -0.0000 341 pedestrian_0013
Pedestrian 0.00 1.00 0 0 0 0 0 0 0 0 1305.04 359.20 1307.86 365.94 1.9158 0.4880 0.5205 98.6687 1.6879 157.8529 -1.0013 -0.0013 -0.0000 342 pedestrian_0007
Pedestrian 1.00 1.00 0 0 0 0 0 0 0 0 -1000.00 -1000.00 -1000.00 -1000.00 1.9158 0.4880 0.7507 140.4280 2.0070 -106.0579 -1.6024 -0.0013 -0.0000 343 pedestrian_0021
Pedestrian 1.00 1.00 0 0 0 0 0 0 0 0 -1000.00 -1000.00 -1000.00 -1000.00 1.1330 0.4333 0.5946 300.9820 -8.2147 54.7491 -1.4032 -0.0013 -0.0000 344 pedestrian_0010
Pedestrian 1.00 1.00 0 0 0 0 0 0 0 0 -1000.00 -1000.00 -1000.00 -1000.00 1.9158 0.4880 0.5201 73.9203 1.9645 -87.8983 -1.7135 -0.0013 -0.0000 345 pedestrian_0021
Pedestrian 1.00 1.00 0 0 3 235 0 0 0 3 -1000.00 -1000.00 -1000.00 -1000.00 1.3390 0.3253 0.3080 16.1595 1.8744 7.1274 -0.0564 -0.0013 -0.0000 346 pedestrian_0014
Pedestrian 1.00 1.00 0 0 0 0 0 0 0 0 -1000.00 -1000.00 -1000.00 -1000.00 1.9158 0.4880 0.5588 189.5153 2.0545 -56.8647 1.4557 -0.0013 -0.0000 347 pedestrian_0023
Pedestrian 1.00 1.00 0 0 0 1 0 0 0 0 -1000.00 -1000.00 -1000.00 -1000.00 1.9158 0.4880 0.7507 15.6086 2.1030 -163.9518 2.0997 -0.0013 -0.0000 348 pedestrian_0008
Pedestrian 1.00 1.00 0 0 0 0 0 0 0 0 -1000.00 -1000.00 -1000.00 -1000.00 1.9158 0.4880 0.7507 137.1877 2.2967 -321.7833 0.0348 -0.0013 -0.0000 349 pedestrian_0006
Pedestrian 1.00 1.00 0 0 0 0 0 0 0 0 -1000.00 -1000.00 -1000.00 -1000.00 1.9158 0.4880 0.5381 167.6937 1.8726 10.6085 2.8926 -0.0013 -0.0000 350 pedestrian_0022
Pedestrian 1.00 1.00 0 0 0 0 0 0 0 0 -1000.00 -1000.00 -1000.00 -1000.00 1.9158 0.4880 0.7507 187.9982 1.9983 -88.7842 -1.5613 -0.0013 -0.0000 351 pedestrian_0023
Pedestrian 1.00 1.00 0 0 0 0 0 0 0 0 -1000.00 -1000.00 -1000.00 -1000.00 1.9158 0.4880 0.4110 168.4412 1.9154 -23.0263 1.6574 -0.0013 -0.0000 352 pedestrian_0006
Pedestrian 1.00 1.00 0 0 0 0 0 0 0 0 -1000.00 -1000.00 -1000.00 -1000.00 1.9158 0.4880 0.7507 104.7383 2.3005 -203.9927 -0.8938 -0.0013 -0.0000 353 pedestrian_0024
Pedestrian 1.00 1.00 0 0 0 0 0 0 0 0 -1000.00 -1000.00 -1000.00 -1000.00 1.1330 0.4333 0.3333 -127.1117 1.2071 -81.9996 1.5492 -0.0013 -0.0000 354 pedestrian_0011
Pedestrian 1.00 1.00 3 3 6 18 2 0 0 0 -1000.00 -1000.00 -1000.00 -1000.00 1.9158 0.4880 0.6661 -10.1508 2.0085 -90.7377 1.6219 -0.0013 -0.0000 355 pedestrian_0017
Pedestrian 0.00 1.00 0 0 0 0 0 0 0 0 1827.36 313.57 1831.52 320.15 1.3390 0.3253 0.3490 180.1601 -8.2689 114.8507 0.0011 -0.0013 -0.0000 356 pedestrian_0012
Pedestrian 1.00 1.00 0 0 0 0 0 0 0 0 -1000.00 -1000.00 -1000.00 -1000.00 1.9158 0.4880 0.4468 270.9398 2.2473 -286.8163 -2.3301 -0.0013 -0.0000 357 pedestrian_0020
Pedestrian 1.00 1.00 0 0 0 0 0 0 0 0 -1000.00 -1000.00 -1000.00 -1000.00 1.9158 0.4880 0.7507 146.8172 1.8743 9.8989 3.1367 -0.0013 -0.0000 358 pedestrian_0017
Pedestrian 1.00 1.00 0 0 0 0 0 0 0 0 -1000.00 -1000.00 -1000.00 -1000.00 1.9158 0.4880 0.4464 -39.4995 2.0807 -146.7019 2.7816 -0.0013 -0.0000 359 pedestrian_0025
Pedestrian 1.00 1.00 0 0 0 0 0 0 0 0 -1000.00 -1000.00 -1000.00 -1000.00 1.3390 0.3253 0.3174 246.5441 2.2654 -306.1188 -2.2517 -0.0013 -0.0000 360 pedestrian_0013
Pedestrian 1.00 1.00 0 0 0 0 0 0 0 0 -1000.00 -1000.00 -1000.00 -1000.00 1.3390 0.3253 0.3703 225.5778 2.2756 -314.7505 0.3753 -0.0013 -0.0000 361 pedestrian_0013
Pedestrian 1.00 1.00 0 0 0 0 0 0 0 0 -1000.00 -1000.00 -1000.00 -1000.00 1.3390 0.3253 0.2502 78.6780 1.9568 -65.9619 2.8999 -0.0013 -0.0000 362 pedestrian_0013
Pedestrian 1.00 1.00 0 0 0 0 0 0 0 0 -1000.00 -1000.00 -1000.00 -1000.00 1.1330 0.4333 0.6667 57.7777 2.0631 -144.7746 0.0423 -0.0013 -0.0000 363 pedestrian_0011
Pedestrian 1.00 1.00 0 0 0 0 0 0 0 0 -1000.00 -1000.00 -1000.00 -1000.00 1.3390 0.3253 0.4218 52.7256 1.8864 -46.9028 -3.0744 -0.0013 -0.0000 364 pedestrian_0012
Pedestrian 0.00 1.00 0 0 0 0 0 0 0 0 1493.34 359.14 1497.81 370.10 1.9158 0.4880 0.3852 93.8505 1.7653 97.1256 -1.2234 -0.0013 -0.0000 365 pedestrian_0023
Pedestrian 1.00 1.00 0 0 0 0 0 0 0 0 -1000.00 -1000.00 -1000.00 -1000.00 1.9158 0.4880 0.3754 -10.8714 2.0936 -127.0386 1.6370 -0.0013 -0.0000 366 pedestrian_0005
Pedestrian 1.00 1.00 0 0 0 0 0 0 0 0 -1000.00 -1000.00 -1000.00 -1000.00 1.9158 0.4880 0.6294 30.9302 2.1954 -267.3016 0.0572 -0.0013 -0.0000 367 pedestrian_0021
Pedestrian 1.00 1.00 0 0 0 0 0 0 0 0 -1000.00 -1000.00 -1000.00 -1000.00 1.1330 0.4333 0.4254 78.2517 2.1987 -132.1812 1.4916 -0.0013 -0.0000 368 pedestrian_0010
Pedestrian 1.00 1.00 0 0 0 0 0 0 0 0 -1000.00 -1000.00 -1000.00 -1000.00 1.9158 0.4880 0.4673 186.5564 2.1191 -63.8759 0.8976 -0.0013 -0.0000 369 pedestrian_0020
Pedestrian 1.00 1.00 0 0 0 0 0 0 0 0 -1000.00 -1000.00 -1000.00 -1000.00 1.3390 0.3253 0.4347 49.9034 1.8866 -38.1593 3.0897 -0.0013 -0.0000 370 pedestrian_0012
Pedestrian 1.00 1.00 0 0 0 0 0 0 0 0 -1000.00 -1000.00 -1000.00 -1000.00 1.9158 0.4880 0.6697 188.2366 1.8264 46.3195 1.6095 -0.0013 -0.0000 371 pedestrian_0015
Pedestrian 1.00 1.00 4 6 9 27 3 0 0 0 -1000.00 -1000.00 -1000.00 -1000.00 1.9158 0.4880 0.7507 -8.9672 1.9942 -71.9469 1.5367 -0.0013 -0.0000 372 pedestrian_0007
Pedestrian 1.00 1.00 0 0 0 0 0 0 0 0 -1000.00 -1000.00 -1000.00 -1000.00 1.9158 0.4880 0.5223 12.3562 2.3053 -323.1780 3.1388 -0.0013 -0.0000 373 pedestrian_0008
Pedestrian 1.00 1.00 0 0 0 0 0 0 0 0 -1000.00 -1000.00 -1000.00 -1000.00 1.9158 0.4880 0.6245 79.8629 2.0762 -146.7651 -1.5065 -0.0013 -0.0000 374 pedestrian_0020
Pedestrian 1.00 1.00 0 0 0 0 0 0 0 0 -1000.00 -1000.00 -1000.00 -1000.00 1.9158 0.4880 0.5339 188.7361 2.0079 23.4632 1.7564 -0.0013 -0.0000 375 pedestrian_0015
Pedestrian 1.00 1.00 0 0 0 0 0 0 0 0 -1000.00 -1000.00 -1000.00 -1000.00 1.3390 0.3253 0.3224 78.1379 2.0605 -51.3935 2.0394 -0.0013 -0.0000 376 pedestrian_0012
Pedestrian 1.00 1.00 0 0 0 0 0 0 0 0 -1000.00 -1000.00 -1000.00 -1000.00 1.9158 0.4880 0.4314 189.2562 1.8185 50.6777 -1.6858 -0.0013 -0.0000 377 pedestrian_0017
Pedestrian 1.00 1.00 0 0 0 0 0 0 0 0 -1000.00 -1000.00 -1000.00 -1000.00 1.9158 0.4880 0.3782 88.1224 2.0887 -59.6312 -0.5149 -0.0013 -0.0000 378 pedestrian_0025
Pedestrian 1.00 1.00 1 2 2 18 3 0 0 0 -1000.00 -1000.00 -1000.00 -1000.00 1.1330 0.4333 0.3757 8.3068 1.9089 -66.0962 0.6049 -0.0013 -0.0000 379 pedestrian_0009
Pedestrian 1.00 1.00 107 119 196 8043 49 16 0 0 -1000.00 -1000.00 -1000.00 -1000.00 1.9158 0.4880 0.6097 -9.8572 1.9072 -11.2230 -1.5439 -0.0013 -0.0000 380 pedestrian_0002
Pedestrian 1.00 1.00 0 0 0 0 0 0 0 0 -1000.00 -1000.00 -1000.00 -1000.00 1.3390 0.3253 0.2629 284.9537 2.2170 -269.9854 -2.2393 -0.0013 -0.0000 381 pedestrian_0013
Pedestrian 1.00 1.00 0 0 0 0 0 0 0 0 -1000.00 -1000.00 -1000.00 -1000.00 1.3390 0.3253 0.4881 135.9466 1.8821 -46.0964 -3.0386 -0.0013 -0.0000 382 pedestrian_0012
Pedestrian 1.00 1.00 0 0 0 0 0 0 0 0 -1000.00 -1000.00 -1000.00 -1000.00 1.1330 0.4333 0.5762 143.6087 2.0583 -143.5692 -0.0396 -0.0013 -0.0000 383 pedestrian_0010
Pedestrian 1.00 1.00 0 0 0 0 0 0 0 0 -1000.00 -1000.00 -1000.00 -1000.00 1.3390 0.3253 0.5005 220.5203 2.2791 -316.9593 -2.9169 -0.0013 -0.0000 384 pedestrian_0013
Pedestrian 1.00 1.00 0 0 0 0 0 0 0 0 -1000.00 -1000.00 -1000.00 -1000.00 1.9158 0.4880 0.4561 189.2306 2.1654 -248.5539 -0.3161 -0.0013 -0.0000 385 pedestrian_0015
Pedestrian 0.00 1.00 0 0 0 0 0 0 0 0 1615.66 359.76 1621.62 372.63 1.9158 0.4880 0.4399 98.4468 1.8809 82.8461 0.4818 -0.0013 -0.0000 386 pedestrian_0018
Pedestrian 1.00 1.00 0 0 0 0 0 0 0 0 -1000.00 -1000.00 -1000.00 -1000.00 1.3390 0.3253 0.4884 264.0303 2.2484 -293.5596 -2.4262 -0.0013 -0.0000 387 pedestrian_0013
Pedestrian 1.00 1.00 0 0 0 0 0 0 0 0 -1000.00 -1000.00 -1000.00 -1000.00 1.9158 0.4880 0.7507 236.4862 1.7590 54.3963 -1.5712 -0.0013 -0.0000 388 pedestrian_0022
Pedestrian 1.00 1.00 0 0 0 0 0 0 0 0 -1000.00 -1000.00 -1000.00 -1000.00 1.9158 0.4880 0.7507 -59.6363 2.2909 -311.3455 -0.4975 -0.0013 -0.0000 389 pedestrian_0003
Pedestrian 1.00 1.00 0 0 0 0 0 0 0 0 -1000.00 -1000.00 -1000.00 -1000.00 1.9158 0.4880 0.4674 206.1754 2.2924 -319.2930 0.0957 -0.0013 -0.0000 390 pedestrian_0021
Pedestrian 1.00 1.00 0 0 0 0 0 0 0 0 -1000.00 -1000.00 -1000.00 -1000.00 1.9158 0.4880 0.7507 245.9238 2.2739 -306.1273 0.4469 -0.0013 -0.0000 392 pedestrian_0005
Pedestrian 1.00 1.00 0 0 0 0 0 0 0 0 -1000.00 -1000.00 -1000.00 -1000.00 1.9158 0.4880 0.4774 233.3623 -8.2476 100.0361 2.4723 -0.0013 -0.0000 393 pedestrian_0026
Pedestrian 1.00 1.00 0 0 0 0 0 0 0 0 -1000.00 -1000.00 -1000.00 -1000.00 1.9158 0.4880 0.7507 73.8594 1.9548 -83.1640 -1.7375 -0.0013 -0.0000 394 pedestrian_0022
Pedestrian 0.00 1.00 0 0 0 0 0 0 0 0 644.31 310.50 648.69 317.09 1.1330 0.4333 0.6667 -56.7884 -7.8012 100.4012 0.5705 -0.0013 -0.0000 395 pedestrian_0010
Pedestrian 1.00 1.00 0 0 0 0 0 0 0 0 -1000.00 -1000.00 -1000.00 -1000.00 1.9158 0.4880 0.7507 28.9530 1.9212 -66.0529 0.0140 -0.0013 -0.0000 396 pedestrian_0006
Pedestrian 1.00 1.00 0 0 0 0 0 0 0 0 -1000.00 -1000.00 -1000.00 -1000.00 1.3390 0.3253 0.2776 187.3689 1.9681 -71.6338 0.9758 -0.0013 -0.0000 397 pedestrian_0012
Pedestrian 1.00 1.00 0 0 0 0 0 0 0 0 -1000.00 -1000.00 -1000.00 -1000.00 1.1330 0.4333 0.6667 131.7127 1.9009 -63.0191 -3.1311 -0.0013 -0.0000 398 pedestrian_0010
Pedestrian 1.00 1.00 0 0 0 0 0 0 0 0 -1000.00 -1000.00 -1000.00 -1000.00 1.9158 0.4880 0.7507 39.0461 2.0768 -145.7833 -0.0246 -0.0013 -0.0000 399 pedestrian_0007
Pedestrian 0.00 1.00 0 0 0 0 0 0 0 0 1619.82 322.37 1624.33 329.52 1.9158 0.4880 0.6437 180.1007 -8.3048 150.7742 0.0072 -0.0013 -0.0000 400 pedestrian_0001
Pedestrian 1.00 1.00 0 0 0 0 0 0 0 0 -1000.00 -1000.00 -1000.00 -1000.00 1.9158 0.4880 0.4978 189.9390 2.0770 -147.1153 -2.8745 -0.0013 -0.0000 401 pedestrian_0016
Pedestrian 1.00 1.00 0 0 0 0 0 0 0 0 -1000.00 -1000.00 -1000.00 -1000.00 1.9158 0.4880 0.7507 53.6639 2.3024 -323.7606 -3.1185 -0.0013 -0.0000 402 pedestrian_0021
Pedestrian 0.00 1.00 0 0 0 0 0 0 0 0 1286.39 359.74 1289.63 366.53 1.9158 0.4880 0.6343 92.7418 1.8420 156.7133 -0.0716 -0.0013 -0.0000 403 pedestrian_0006
Pedestrian 1.00 1.00 0 0 0 0 0 0 0 0 -1000.00 -1000.00 -1000.00 -1000.00 1.9158 0.4880 0.7507 75.4205 2.0735 -144.5347 0.0406 -0.0013 -0.0000 404 pedestrian_0023
Pedestrian 1.00 1.00 0 0 0 0 0 0 0 0 -1000.00 -1000.00 -1000.00 -1000.00 1.1330 0.4333 0.6012 199.1203 1.8953 -60.7394 -2.9583 -0.0013 -0.0000 405 pedestrian_0011
Pedestrian 1.00 1.00 0 0 0 0 0 0 0 0 -1000.00 -1000.00 -1000.00 -1000.00 1.9158 0.4880 0.5254 139.5651 1.8890 -44.3137 0.0748 -0.0013 -0.0000 406 pedestrian_0004
Pedestrian 1.00 1.00 0 0 0 0 0 0 0 0 -1000.00 -1000.00 -1000.00 -1000.00 1.9158 0.4880 0.4861 193.1724 1.9105 -62.6632 0.2686 -0.0013 -0.0000 407 pedestrian_0026
Pedestrian 1.00 1.00 0 0 0 0 0 0 0 0 -1000.00 -1000.00 -1000.00 -1000.00 1.3390 0.3253 0.3623 166.4329 1.7435 95.5923 0.3596 -0.0013 -0.0000 408 pedestrian_0013
Pedestrian 1.00 1.00 0 0 0 0 0 0 0 0 -1000.00 -1000.00 -1000.00 -1000.00 1.1330 0.4333 0.5829 114.8262 2.0644 -144.9095 -3.0306 -0.0013 -0.0000 409 pedestrian_0010
Pedestrian 0.00 1.00 0 0 0 0 0 0 0 0 1367.15 358.81 1372.41 370.12 1.9158 0.4880 0.5243 69.6502 1.7145 94.2095 0.1021 -0.0013 -0.0000 410 pedestrian_0020
Pedestrian 1.00 1.00 0 0 0 0 0 0 0 0 -1000.00 -1000.00 -1000.00 -1000.00 1.9158 0.4880 0.5490 245.1340 2.0774 -178.4198 1.4574 -0.0013 -0.0000 411 pedestrian_0025
Pedestrian 1.00 1.00 0 0 0 0 0 0 0 0 -1000.00 -1000.00 -1000.00 -1000.00 1.1330 0.4333 0.4352 -10.6408 2.0399 -124.5206 -1.9905 -0.0013 -0.0000 412 pedestrian_0010
Pedestrian 1.00 1.00 0 0 0 0 0 0 0 0 -1000.00 -1000.00 -1000.00 -1000.00 1.9158 0.4880 0.7507 53.6695 2.0795 -148.6104 -1.8519 -0.0013 -0.0000 413 pedestrian_0015
Pedestrian 0.00 1.00 0 0 0 0 0 0 0 0 1263.50 362.25 1266.64 366.77 1.1330 0.4333 0.6667 76.8254 1.7002 139.5796 1.5468 -0.0013 -0.0000 414 pedestrian_0011
Pedestrian 1.00 1.00 32 30 49 285 0 11 0 0 -1000.00 -1000.00 -1000.00 -1000.00 1.9158 0.4880 0.6205 -21.2596 1.8833 6.7653 2.9693 -0.0013 -0.0000 415 pedestrian_0025
Pedestrian 1.00 1.00 0 0 0 0 0 0 0 0 -1000.00 -1000.00 -1000.00 -1000.00 1.1330 0.4333 0.6527 -91.3114 -6.1775 -7.9043 -1.5879 -0.0013 -0.0000 416 pedestrian_0009
Pedestrian 1.00 1.00 0 0 0 0 0 0 0 0 -1000.00 -1000.00 -1000.00 -1000.00 1.9158 0.4880 0.3945 -90.8459 -3.1136 -43.0556 -1.5523 -0.0013 -0.0000 417 pedestrian_0026
Pedestrian 1.00 1.00 0 0 0 0 0 0 0 0 -1000.00 -1000.00 -1000.00 -1000.00 1.9158 0.4880 0.7507 -20.6657 2.3053 -322.5416 3.0146 -0.0013 -0.0000 418 pedestrian_0019
Pedestrian 1.00 1.00 0 0 0 0 0 0 0 0 -1000.00 -1000.00 -1000.00 -1000.00 1.9158 0.4880 0.7507 187.9036 1.9907 -82.7757 -1.5477 -0.0013 -0.0000 419 pedestrian_0018
Pedestrian 1.00 1.00 0 0 0 0 0 0 0 0 -1000.00 -1000.00 -1000.00 -1000.00 1.9158 0.4880 0.6329 258.1137 2.2627 -298.5375 -2.5381 -0.0013 -0.0000 420 pedestrian_0026
Pedestrian 0.00 0.21 12 13 16 229 0 0 2 0 722.13 359.10 734.61 393.42 1.9158 0.4880 0.5490 -13.0903 1.8531 31.3411 -2.5751 -0.0013 -0.0000 421 pedestrian_0005
Pedestrian 0.00 1.00 0 0 0 0 0 0 0 0 1773.05 358.70 1783.69 372.53 1.9158 0.4880 0.7507 113.6677 1.7348 76.9860 3.1367 -0.0013 -0.0000 422 pedestrian_0021
Pedestrian 0.00 1.00 0 0 0 0 0 0 0 0 1703.49 359.16 1709.70 367.74 1.9158 0.4880 0.6696 167.2317 1.7282 124.1515 -1.5211 -0.0013 -0.0000 423 pedestrian_0025
Pedestrian 0.00 1.00 0 0 0 0 0 0 0 0 1271.30 358.70 1276.61 372.92 1.9158 0.4880 0.4526 42.4459 1.7401 74.9373 3.0889 -0.0013 -0.0000 424 pedestrian_0008
Pedestrian 1.00 1.00 5 9 14 79 0 0 0 3 -1000.00 -1000.00 -1000.00 -1000.00 1.9158 0.4880 0.4694 43.6055 1.8798 8.8247 0.0780 -0.0013 -0.0000 425 pedestrian_0018
Pedestrian 1.00 1.00 0 0 0 0 0 0 0 0 -1000.00 -1000.00 -1000.00 -1000.00 1.9158 0.4880 0.4506 244.3895 2.0785 -179.8016 1.6065 -0.0013 -0.0000 426 pedestrian_0020
Pedestrian 1.00 1.00 0 0 0 0 0 0 0 0 -1000.00 -1000.00 -1000.00 -1000.00 1.3390 0.3253 0.3991 83.8301 2.1451 -218.7611 1.5129 -0.0013 -0.0000 427 pedestrian_0012
Pedestrian 1.00 1.00 0 0 0 0 0 0 0 0 -1000.00 -1000.00 -1000.00 -1000.00 1.1330 0.4333 0.4521 187.7979 1.8180 43.9863 -1.3091 -0.0013 -0.0000 428 pedestrian_0011
Pedestrian 1.00 1.00 0 0 0 0 0 0 0 0 -1000.00 -1000.00 -1000.00 -1000.00 1.9158 0.4880 0.5707 98.7575 2.1708 -234.3264 -1.6194 -0.0013 -0.0000 429 pedestrian_0006
Pedestrian 0.00 1.00 0 0 0 0 0 0 0 0 1261.08 359.19 1264.27 366.82 1.9158 0.4880 0.5584 76.1617 1.7122 139.4691 -1.5399 -0.0013 -0.0000 430 pedestrian_0021
Pedestrian 1.00 1.00 0 0 0 0 0 0 0 0 -1000.00 -1000.00 -1000.00 -1000.00 1.9158 0.4880 0.7507 236.0055 2.1388 -228.8620 1.0715 -0.0013 -0.0000 431 pedestrian_0026
Pedestrian 0.00 1.00 0 1 1 0 0 0 0 0 575.68 303.67 580.17 315.26 1.9158 0.4880 0.5859 -65.2681 -7.6706 94.6845 -2.6359 -0.0013 -0.0000 432 pedestrian_0026
Pedestrian 1.00 1.00 0 0 0 0 0 0 0 0 -1000.00 -1000.00 -1000.00 -1000.00 1.9158 0.4880 0.4699 156.9075 1.9232 -68.3217 0.0297 -0.0013 -0.0000 433 pedestrian_0002
Pedestrian 1.00 1.00 0 0 0 0 0 0 0 0 -1000.00 -1000.00 -1000.00 -1000.00 1.9158 0.4880 0.3842 188.7485 1.9490 -63.5465 -1.0180 -0.0013 -0.0000 434 pedestrian_0001
Pedestrian 0.00 1.00 0 0 0 0 0 0 0 0 1312.37 321.97 1316.31 329.20 1.9158 0.4880 0.7470 95.3658 -8.3031 149.1723 -3.1059 -0.0013 -0.0000 435 pedestrian_0022
Pedestrian 1.00 1.00 0 0 0 0 0 0 0 0 -1000.00 -1000.00 -1000.00 -1000.00 1.9158 0.4880 0.5119 108.0913 1.8746 10.8566 0.0170 -0.0013 -0.0000 436 pedestrian_0005
Pedestrian 1.00 1.00 0 0 0 0 0 0 0 0 -1000.00 -1000.00 -1000.00 -1000.00 1.3390 0.3253 0.4290 7.2302 2.1681 -249.3730 -0.0064 -0.0013 -0.0000 437 pedestrian_0013
Pedestrian 1.00 1.00 0 0 0 0 0 0 0 0 -1000.00 -1000.00 -1000.00 -1000.00 1.1330 0.4333 0.5793 300.1059 2.1711 -236.5247 1.3544 -0.0013 -0.0000 438 pedestrian_0011
Pedestrian 1.00 1.00 0 0 0 0 0 0 0 0 -1000.00 -1000.00 -1000.00 -1000.00 1.9158 0.4880 0.4537 -12.4690 2.0766 -145.1768 -0.2522 -0.0013 -0.0000 439 pedestrian_0006
Pedestrian 1.00 1.00 0 0 0 0 0 0 0 0 -1000.00 -1000.00 -1000.00 -1000.00 1.3390 0.3253 0.4934 -127.1971 -3.2890 -42.0040 -1.5305 -0.0013 -0.0000 440 pedestrian_0014
Pedestrian 1.00 1.00 0 0 0 0 0 0 0 0 -1000.00 -1000.00 -1000.00 -1000.00 1.9158 0.4880 0.4855 74.4175 2.0749 -145.2053 0.0227 -0.0013 -0.0000 441 pedestrian_0025
Pedestrian 1.00 1.00 0 0 0 0 0 0 0 0 -1000.00 -1000.00 -1000.00 -1000.00 1.9158 0.4880 0.4910 -24.5758 2.3031 -321.9971 -0.2378 -0.0013 -0.0000 442 pedestrian_0003
Pedestrian 1.00 1.00 0 0 0 0 0 0 0 0 -1000.00 -1000.00 -1000.00 -1000.00 1.9158 0.4880 0.4947 58.3087 1.8921 -44.9695 -0.9346 -0.0013 -0.0000 443 pedestrian_0024
Pedestrian 1.00 1.00 0 0 0 0 0 0 0 0 -1000.00 -1000.00 -1000.00 -1000.00 1.9158 0.4880 0.5023 97.5120 1.8841 3.0699 1.6074 -0.0013 -0.0000 444 pedestrian_0007
Pedestrian 1.00 1.00 0 0 0 0 0 0 0 0 -1000.00 -1000.00 -1000.00 -1000.00 1.9158 0.4880 0.4046 77.4286 2.0769 -146.0286 -1.3626 -0.0013 -0.0000 445 pedestrian_0023
Pedestrian 1.00 1.00 0 0 0 0 0 0 0 0 -1000.00 -1000.00 -1000.00 -1000.00 1.9158 0.4880 0.5948 -27.2582 2.3026 -321.4623 -0.1677 -0.0013 -0.0000 446 pedestrian_0026
Pedestrian 0.00 1.00 0 0 0 0 0 0 0 0 1355.63 313.96 1360.24 319.66 1.1330 0.4333 0.6304 81.3986 -8.2663 113.3758 -3.1375 -0.0013 -0.0000 447 pedestrian_0009
Pedestrian 1.00 1.00 0 0 0 0 0 0 0 0 -1000.00 -1000.00 -1000.00 -1000.00 1.9158 0.4880 0.5320 252.6956 -8.2273 80.5795 -0.9801 -0.0013 -0.0000 448 pedestrian_0015
Pedestrian 0.00 1.00 0 0 0 0 0 0 0 0 1498.16 359.14 1502.78 370.14 1.9158 0.4880 0.3784 94.3568 1.7658 96.7651 -1.3158 -0.0013 -0.0000 449 pedestrian_0017
Pedestrian 1.00 1.00 0 0 0 0 0 0 0 0 -1000.00 -1000.00 -1000.00 -1000.00 1.9158 0.4880 0.5010 13.1046 1.8944 -40.9545 -1.6338 -0.0013 -0.0000 450 pedestrian_0023
Pedestrian 1.00 1.00 0 2 3 7 0 0 0 0 -1000.00 -1000.00 -1000.00 -1000.00 1.9158 0.4880 0.5201 -9.6536 1.9802 -68.5953 2.2525 -0.0013 -0.0000 451 pedestrian_0001
Pedestrian 1.00 1.00 0 0 0 0 0 0 0 0 -1000.00 -1000.00 -1000.00 -1000.00 1.9158 0.4880 0.7483 108.1068 2.1876 -265.4911 -3.1347 -0.0013 -0.0000 452 pedestrian_0017
Pedestrian 1.00 1.00 0 0 0 0 0 0 0 0 -1000.00 -1000.00 -1000.00 -1000.00 1.1330 0.4333 0.6364 109.0005 2.1617 -250.4294 -0.0617 -0.0013 -0.0000 453 pedestrian_0011
Pedestrian 1.00 1.00 0 0 0 0 0 0 0 0 -1000.00 -1000.00 -1000.00 -1000.00 1.9158 0.4880 0.7130 304.1468 2.0939 -167.3122 1.5824 -0.0013 -0.0000 454 pedestrian_0018
Pedestrian 0.00 0.17 6 4 8 103 0 0 5 0 1047.64 359.03 1054.54 380.31 1.9158 0.4880 0.6665 8.2581 1.8282 50.2595 -1.5222 -0.0013 -0.0000 455 pedestrian_0021
Pedestrian 0.00 1.00 0 0 0 0 0 0 0 0 1514.70 360.06 1521.76 374.08 1.9158 0.4880 0.4748 76.5822 1.9246 76.0400 -1.5515 -0.0013 -0.0000 456 pedestrian_0007
Pedestrian 1.00 1.00 0 0 0 0 0 0 0 0 -1000.00 -1000.00 -1000.00 -1000.00 1.9158 0.4880 0.7507 117.3305 1.8896 -44.8469 0.1059 -0.0013 -0.0000 457 pedestrian_0021
Pedestrian 0.00 1.00 0 0 0 0 0 0 0 0 1149.61 310.20 1154.12 319.75 1.9158 0.4880 0.7507 39.2591 -8.2533 113.4147 0.0094 -0.0013 -0.0000 458 pedestrian_0019
Pedestrian 1.00 1.00 0 0 0 0 0 0 0 0 -1000.00 -1000.00 -1000.00 -1000.00 1.1330 0.4333 0.5302 -127.6924 1.5883 -87.5813 -1.5422 -0.0013 -0.0000 459 pedestrian_0009
Pedestrian 1.00 1.00 0 0 0 0 0 0 0 0 -1000.00 -1000.00 -1000.00 -1000.00 1.9158 0.4880 0.6605 -127.8738 2.0289 -104.2599 -1.5639 -0.0013 -0.0000 460 pedestrian_0004
Pedestrian 1.00 1.00 2 1 0 5 1 0 0 0 -1000.00 -1000.00 -1000.00 -1000.00 1.3390 0.3253 0.4191 -10.1061 2.0108 -96.9546 1.5732 -0.0013 -0.0000 461 pedestrian_0012
Pedestrian 1.00 1.00 0 0 0 0 0 0 0 0 -1000.00 -1000.00 -1000.00 -1000.00 1.9158 0.4880 0.6072 111.5481 2.0489 -124.3005 0.0706 -0.0013 -0.0000 462 pedestrian_0006
Pedestrian 1.00 1.00 0 0 0 0 0 0 0 0 -1000.00 -1000.00 -1000.00 -1000.00 1.1330 0.4333 0.6667 78.0568 1.8903 -9.6029 1.5418 -0.0013 -0.0000 463 pedestrian_0009
Pedestrian 1.00 1.00 0 0 0 0 0 0 0 0 -1000.00 -1000.00 -1000.00 -1000.00 1.3390 0.3253 0.3396 203.9885 1.8689 8.0454 -3.0028 -0.0013 -0.0000 464 pedestrian_0014
Pedestrian 1.00 1.00 0 0 0 0 0 0 0 0 -1000.00 -1000.00 -1000.00 -1000.00 1.1330 0.4333 0.6667 187.8361 2.0145 -109.8321 -1.5624 -0.0013 -0.0000 465 pedestrian_0010
Pedestrian 0.00 0.01 57 60 94 6914 0 17 14 0 156.90 370.87 218.10 480.48 1.9158 0.4880 0.5240 -13.2529 2.0334 9.4724 -1.8659 -0.0013 -0.0000 466 pedestrian_0017
Pedestrian 1.00 1.00 0 0 0 0 0 0 0 0 -1000.00 -1000.00 -1000.00 -1000.00 1.9158 0.4880 0.5254 -14.8870 2.0782 -145.5215 -3.0879 -0.0013 -0.0000 467 pedestrian_0004
Pedestrian 1.00 1.00 0 0 0 0 0 0 0 0 -1000.00 -1000.00 -1000.00 -1000.00 1.9158 0.4880 0.5951 43.0309 2.0123 -108.7569 -0.0577 -0.0013 -0.0000 468 pedestrian_0021
Pedestrian 1.00 1.00 0 0 0 0 0 0 0 0 -1000.00 -1000.00 -1000.00 -1000.00 1.3390 0.3253 0.2754 188.9616 1.8222 42.9535 -1.5781 -0.0013 -0.0000 469 pedestrian_0013
Pedestrian 0.00 0.16 16 20 29 219 0 0 1 0 836.90 362.66 848.30 392.24 1.9158 0.4880 0.7507 -7.3766 2.0004 35.1670 -0.1688 -0.0013 -0.0000 470 pedestrian_0001
Pedestrian 1.00 1.00 7 6 12 77 1 0 0 0 -1000.00 -1000.00 -1000.00 -1000.00 1.9158 0.4880 0.7507 21.1619 1.8974 -46.3443 -3.0273 -0.0013 -0.0000 471 pedestrian_0015
Pedestrian 1.00 1.00 0 0 0 0 0 0 0 0 -1000.00 -1000.00 -1000.00 -1000.00 1.9158 0.4880 0.7507 -124.2593 2.1863 -227.6277 1.7480 -0.0013 -0.0000 472 pedestrian_0024
Pedestrian 1.00 1.00 0 0 0 0 0 0 0 0 -1000.00 -1000.00 -1000.00 -1000.00 1.3390 0.3253 0.3024 187.6454 1.9622 -66.7596 1.4875 -0.0013 -0.0000 473 pedestrian_0013
Pedestrian 1.00 1.00 0 0 0 0 0 0 0 0 -1000.00 -1000.00 -1000.00 -1000.00 1.9158 0.4880 0.6657 223.0385 2.2855 -315.5315 0.2249 -0.0013 -0.0000 474 pedestrian_0018
Pedestrian 1.00 1.00 0 0 0 0 0 0 0 0 -1000.00 -1000.00 -1000.00 -1000.00 1.3390 0.3253 0.4344 245.0500 2.0677 -176.0911 -1.7368 -0.0013 -0.0000 475 pedestrian_0012
Pedestrian 1.00 1.00 0 0 0 0 0 0 0 0 -1000.00 -1000.00 -1000.00 -1000.00 1.9158 0.4880 0.4206 72.1144 2.0598 -57.4268 -1.8888 -0.0013 -0.0000 476 pedestrian_0026
Pedestrian 1.00 1.00 0 0 0 0 0 0 0 0 -1000.00 -1000.00 -1000.00 -1000.00 1.9158 0.4880 0.5096 293.9510 2.2034 -253.1044 -2.0510 -0.0013 -0.0000 477 pedestrian_0016
Pedestrian 1.00 1.00 0 0 2 2 0 0 0 0 -1000.00 -1000.00 -1000.00 -1000.00 1.9158 0.4880 0.4852 -10.7630 2.0529 -125.7201 2.1696 -0.0013 -0.0000 478 pedestrian_0006
Pedestrian 1.00 1.00 0 0 0 0 0 0 0 0 -1000.00 -1000.00 -1000.00 -1000.00 1.9158 0.4880 0.5432 209.0027 2.2919 -319.6508 -2.8078 -0.0013 -0.0000 479 pedestrian_0001
Pedestrian 0.00 1.00 0 0 0 0 0 0 0 0 1715.94 358.69 1726.17 372.75 1.9158 0.4880 0.7507 104.0989 1.7372 75.8154 -3.0984 -0.0013 -0.0000 480 pedestrian_0021
Car 1.00 1.00 0 0 0 0 0 0 0 0 -1000.00 -1000.00 -1000.00 -1000.00 1.6980 1.9434 4.1871 153.4877 1.9650 -34.0354 0.0098 -0.0013 -0.0000 481 citroen_c3
Car 1.00 1.00 0 0 0 0 0 0 0 0 -1000.00 -1000.00 -1000.00 -1000.00 1.9718 2.0005 4.0595 142.4399 1.9300 -33.3670 0.0098 -0.0013 -0.0000 482 jeep_wrangler_rubicon
Car 1.00 1.00 0 0 0 0 0 0 0 0 -1000.00 -1000.00 -1000.00 -1000.00 1.9718 2.0005 4.0595 152.5878 1.9259 -2.9155 -3.1318 -0.0013 -0.0000 483 jeep_wrangler_rubicon
Car 1.00 1.00 0 0 0 0 0 0 0 0 -1000.00 -1000.00 -1000.00 -1000.00 1.9718 2.0005 4.0595 142.4686 1.9338 -36.3080 0.0098 -0.0013 -0.0000 484 jeep_wrangler_rubicon
Car 1.00 1.00 0 0 0 0 0 0 0 0 -1000.00 -1000.00 -1000.00 -1000.00 1.9718 2.0005 4.0595 130.1977 2.0760 -114.4933 1.5806 -0.0013 -0.0000 485 nissan_patrol
Car 1.00 1.00 0 0 0 0 0 0 0 0 -1000.00 -1000.00 -1000.00 -1000.00 1.5488 2.0688 3.9961 133.0930 2.1036 -114.4789 -1.5610 -0.0013 -0.0000 486 nissan_patrol
Car 1.00 1.00 0 0 0 0 0 0 0 0 -1000.00 -1000.00 -1000.00 -1000.00 1.4855 2.1349 -5.6254 113.2353 2.0583 -108.2356 -1.5610 -0.0013 -0.0000 487 nissan_patrol
Car 1.00 1.00 0 0 0 0 0 0 0 0 -1000.00 -1000.00 -1000.00 -1000.00 1.6244 1.8781 -3.8906 130.1340 2.0436 -108.0704 1.5806 -0.0013 -0.0000 488 nissan_patrol
Car 1.00 1.00 0 0 0 0 0 0 0 0 -1000.00 -1000.00 -1000.00 -1000.00 1.7506 2.3538 -4.8416 107.4478 2.1033 -90.8229 1.5806 -0.0013 -0.0000 489 nissan_patrol
Car 1.00 1.00 0 0 0 0 0 0 0 0 -1000.00 -1000.00 -1000.00 -1000.00 1.9718 2.0005 -4.0595 121.7454 2.0461 -90.7227 -1.5610 -0.0013 -0.0000 490 nissan_patrol
Car 1.00 1.00 0 0 0 0 0 0 0 0 -1000.00 -1000.00 -1000.00 -1000.00 1.9476 2.0282 4.8347 107.6805 2.0621 -114.6708 -1.5610 -0.0013 -0.0000 491 nissan_patrol
Car 1.00 1.00 0 0 0 0 0 0 0 0 -1000.00 -1000.00 -1000.00 -1000.00 1.9718 2.0005 4.0595 110.5751 2.0770 -114.7002 -1.5610 -0.0013 -0.0000 492 nissan_patrol
Car 1.00 1.00 0 0 0 0 0 0 0 0 -1000.00 -1000.00 -1000.00 -1000.00 1.6244 1.8781 3.8906 110.4056 2.0306 -97.2379 1.5806 -0.0013 -0.0000 493 nissan_patrol
Car 1.00 1.00 0 0 0 0 0 0 0 0 -1000.00 -1000.00 -1000.00 -1000.00 1.5488 2.0688 3.9961 113.1294 2.0824 -97.2100 -1.5610 -0.0013 -0.0000 494 nissan_patrol
Car 1.00 1.00 0 0 0 0 0 0 0 0 -1000.00 -1000.00 -1000.00 -1000.00 2.1397 2.1728 4.7017 121.8087 2.0407 -97.1022 -1.5610 -0.0013 -0.0000 495 nissan_patrol
Car 1.00 1.00 0 0 0 0 0 0 0 0 -1000.00 -1000.00 -1000.00 -1000.00 1.9476 2.0282 4.8347 130.0254 2.0387 -96.9739 -1.5610 -0.0013 -0.0000 496 nissan_patrol
Car 1.00 1.00 0 0 0 0 0 0 0 0 -1000.00 -1000.00 -1000.00 -1000.00 1.5100 1.8730 4.1000 132.9224 2.0304 -97.0127 -1.5610 -0.0013 -0.0000 497 nissan_patrol
Car 1.00 1.00 0 0 0 0 0 0 0 0 -1000.00 -1000.00 -1000.00 -1000.00 1.5488 2.0688 3.9961 118.7666 2.0629 -82.0587 1.5806 -0.0013 -0.0000 498 nissan_patrol
Car 1.00 1.00 0 0 0 0 0 0 0 0 -1000.00 -1000.00 -1000.00 -1000.00 1.5100 1.8730 4.1000 121.6616 2.0118 -82.0345 1.5806 -0.0013 -0.0000 499 nissan_patrol
Car 1.00 1.00 0 0 0 0 0 0 0 0 -1000.00 -1000.00 -1000.00 -1000.00 1.9476 2.0282 4.8347 124.3444 2.0199 -81.9612 -1.5610 -0.0013 -0.0000 500 nissan_patrol
Car 1.00 1.00 0 0 0 0 0 0 0 0 -1000.00 -1000.00 -1000.00 -1000.00 2.1397 2.1728 -4.7017 107.3008 2.0142 -75.7788 -1.5610 -0.0013 -0.0000 501 nissan_patrol
Car 1.00 1.00 0 0 0 0 0 0 0 0 -1000.00 -1000.00 -1000.00 -1000.00 1.9476 2.0282 -4.8347 110.1953 2.0124 -75.6836 1.5806 -0.0013 -0.0000 502 nissan_patrol
Car 1.00 1.00 0 0 0 0 0 0 0 0 -1000.00 -1000.00 -1000.00 -1000.00 1.6244 1.8781 -3.8906 127.1776 2.0024 -75.5901 -1.5610 -0.0013 -0.0000 503 nissan_patrol
Car 1.00 1.00 0 0 0 0 0 0 0 0 -1000.00 -1000.00 -1000.00 -1000.00 1.7506 2.3538 -4.8416 129.8168 2.0831 -75.5886 -1.5610 -0.0013 -0.0000 504 nissan_patrol
Car 1.00 1.00 0 0 0 0 0 0 0 0 -1000.00 -1000.00 -1000.00 -1000.00 1.9476 2.0282 4.8347 154.1127 1.9156 -29.5511 -3.1318 -0.0013 -0.0000 505 nissan_patrol
Car 1.00 1.00 0 0 0 0 0 0 0 0 -1000.00 -1000.00 -1000.00 -1000.00 1.5475 1.9070 4.4025 152.2140 1.9069 -5.7179 -3.1318 -0.0013 -0.0000 506 seat_leon
Car 1.00 1.00 0 0 0 0 0 0 0 0 -1000.00 -1000.00 -1000.00 -1000.00 2.5908 2.7453 5.4640 153.9577 1.9622 -20.1600 -3.1318 -0.0013 -0.0000 507 carlamotors_carlacola
Car 1.00 1.00 0 0 0 0 0 0 0 0 -1000.00 -1000.00 -1000.00 -1000.00 2.5908 2.7453 5.4640 162.8931 1.8760 64.1582 0.0098 -0.0013 -0.0000 508 carlamotors_carlacola
Car 1.00 1.00 0 0 0 0 0 0 0 0 -1000.00 -1000.00 -1000.00 -1000.00 2.5908 2.7453 5.4640 162.8590 1.8715 67.6466 0.0098 -0.0013 -0.0000 509 carlamotors_carlacola
Car 1.00 1.00 0 0 0 0 0 0 0 0 -1000.00 -1000.00 -1000.00 -1000.00 2.5908 2.7453 5.4640 134.6716 1.7574 62.2458 -1.5610 -0.0013 -0.0000 510 carlamotors_carlacola
Car 1.00 1.00 0 0 0 0 0 0 0 0 -1000.00 -1000.00 -1000.00 -1000.00 2.5908 2.7453 5.4640 153.9998 1.9677 -24.4708 -3.1318 -0.0013 -0.0000 511 carlamotors_carlacola
Car 1.00 1.00 0 0 0 0 0 0 0 0 -1000.00 -1000.00 -1000.00 -1000.00 2.2031 2.5091 6.5872 43.5676 1.9486 2.5674 2.6278 -0.0013 -0.0000 512 tesla_cybertruck