Car 0.00 1.00 0 0 0 0 0 0 0 0 867.71 360.26 879.55 363.69 1.5542 2.3421 5.1370 -257.8457 1.6893 -42.2496 -1.5560 0.0039 0.0009 0 lincoln2020_mkz2020
Car 1.00 1.00 6712 237746 380157 0 0 0 0 0 -1000.00 -1000.00 -1000.00 -1000.00 2.1397 2.1728 4.7045 -0.0005 2.0932 -2.2389 1.5708 0.0000 0.0000 1 volkswagen_t2
Motorcycle 1.00 1.00 0 0 0 0 0 0 0 0 -1000.00 -1000.00 -1000.00 -1000.00 1.6960 1.0692 2.4735 -91.3884 0.9431 -163.2399 -1.5956 0.0103 0.0006 2 harley_davidson_low_rider
Motorcycle 0.00 1.00 0 0 0 0 0 0 0 0 865.01 359.87 870.59 363.49 1.6960 1.0692 2.4735 -264.7871 1.6469 -46.1190 -1.5519 0.0101 0.0001 3 harley_davidson_low_rider
Car 1.00 1.00 0 0 0 0 0 0 0 0 -1000.00 -1000.00 -1000.00 -1000.00 1.6320 2.1403 5.2230 155.3105 2.0475 -30.5207 -3.1349 0.0051 0.0006 4 dodge_charger_police
Car 1.00 1.00 0 0 0 0 0 0 0 0 -1000.00 -1000.00 -1000.00 -1000.00 1.5542 2.3421 5.1370 -70.3604 0.4909 -231.0944 -3.1355 0.0091 0.0006 5 lincoln2020_mkz2020
Car 0.00 1.00 0 0 0 0 0 0 0 0 903.67 360.78 913.81 364.08 1.4546 2.0938 4.3903 -250.8945 1.8187 -25.3415 1.5829 0.0064 0.0006 6 audi_tt
Car 1.00 1.00 0 0 0 0 0 0 0 0 -1000.00 -1000.00 -1000.00 -1000.00 1.4477 1.5550 2.3177 -65.1285 1.1908 -132.4392 0.0002 -0.0071 0.0006 7 bmw_isetta
Car 0.00 1.00 0 0 0 0 0 0 0 0 1809.87 367.92 1868.43 378.06 1.7173 2.2591 5.2781 -101.6189 3.1921 157.1660 -0.0032 -0.0001 0.0004 8 mercedes_benz_coupe
Car 1.00 1.00 43 38 72 675 0 0 9 0 -1000.00 -1000.00 -1000.00 -1000.00 1.4812 2.1349 5.6254 -23.1707 2.4906 50.5094 0.0039 0.0090 0.0014 9 chevrolet_impala
Car 1.00 1.00 15 23 31 192 0 0 30 0 -1000.00 -1000.00 -1000.00 -1000.00 1.6115 2.2019 5.2564 -1.4048 2.6713 83.2545 1.3496 0.0055 -0.0033 10 charger2020_charger2020
Car 1.00 1.00 0 0 0 0 0 0 0 0 -1000.00 -1000.00 -1000.00 -1000.00 2.2031 2.5091 6.5872 130.8672 1.5259 -95.7692 -1.5687 0.0075 0.0006 11 tesla_cybertruck
Car 0.00 1.00 0 0 0 0 0 0 0 0 21.96 357.73 96.09 369.75 1.5140 2.1024 4.9073 -73.8641 1.2619 -120.5322 2.6845 0.0065 -0.0109 12 mercedesccc_mercedesccc
Car 1.00 1.00 0 0 0 0 0 0 0 0 -1000.00 -1000.00 -1000.00 -1000.00 1.6980 1.9434 4.1871 211.2400 1.7548 -77.2667 -1.5758 0.0069 0.0006 13 citroen_c3
Car 1.00 1.00 0 0 0 0 0 0 0 0 -1000.00 -1000.00 -1000.00 -1000.00 1.4812 2.1349 5.6254 118.8397 2.0195 -30.7433 -3.1375 0.0037 0.0006 14 chevrolet_impala
Car 1.00 1.00 0 0 0 0 0 0 0 0 -1000.00 -1000.00 -1000.00 -1000.00 1.6320 2.1403 5.2230 117.6704 1.9520 -41.2516 0.0043 -0.0006 0.0011 15 dodge_charger_police
Car 1.00 1.00 0 0 0 0 0 0 0 0 -1000.00 -1000.00 -1000.00 -1000.00 1.5863 2.2347 5.1468 -32.1027 1.2081 -132.4244 0.0009 0.0070 0.0006 16 lincoln_mkz2017
Car 0.00 1.00 0 0 0 0 0 0 0 0 889.64 360.10 901.63 364.08 1.7318 2.1344 5.0985 -247.3211 1.7917 -30.8333 1.5866 0.0057 0.0006 17 audi_etron
Car 1.00 1.00 0 0 0 0 0 0 0 0 -1000.00 -1000.00 -1000.00 -1000.00 1.7506 2.3538 4.8416 -42.7130 1.1965 -132.4286 0.0004 0.0073 0.0006 18 bmw_grandtourer
Car 1.00 1.00 17 12 19 97 0 0 7 0 -1000.00 -1000.00 -1000.00 -1000.00 1.5765 1.9374 3.8150 1.0905 2.6340 79.6524 1.4223 0.0072 -0.0016 19 nissan_micra
Motorcycle 0.00 1.00 0 0 0 0 0 0 0 0 557.16 361.03 584.67 378.10 1.6960 1.0692 2.4735 -57.7228 1.8074 -42.0118 0.0044 0.0086 0.0006 20 harley_davidson_low_rider
Car 1.00 1.00 0 0 0 0 0 0 0 0 -1000.00 -1000.00 -1000.00 -1000.00 1.5765 1.9374 3.8150 -80.9055 0.9590 -161.4655 1.5462 0.0109 0.0006 21 nissan_micra
Car 1.00 1.00 0 0 0 0 0 0 0 0 -1000.00 -1000.00 -1000.00 -1000.00 1.7203 2.2019 5.4994 103.8729 1.9374 -40.3216 0.2478 0.0092 0.0035 22 chargercop2020_chargercop2020
Car 0.03 0.15 99 105 165 4860 13 14 0 0 0.00 368.00 177.52 406.62 1.5475 1.9070 4.4025 -24.1053 1.8662 -38.3438 0.0039 0.0073 0.0006 23 seat_leon
Car 1.00 1.00 0 0 0 0 0 0 0 0 -1000.00 -1000.00 -1000.00 -1000.00 1.3660 1.9896 4.9534 -36.7556 1.2756 -121.9285 -3.1412 0.0069 0.0006 24 mustang_mustang
Cyclist 0.00 1.00 0 0 0 0 0 0 0 0 1737.77 366.02 1755.36 379.10 1.9709 0.6705 1.7250 -85.6841 2.9000 117.8761 -1.5688 0.0064 0.0006 25 diamondback_century
Cyclist 0.00 1.00 0 0 0 0 0 0 0 0 1578.01 367.91 1605.36 386.55 1.7065 0.8593 1.4873 -53.4497 2.4704 57.4706 -3.1100 0.0068 0.0028 26 bh_crossbike
Car 0.00 1.00 0 0 0 0 0 0 0 0 569.12 357.00 632.95 384.80 2.1397 2.1728 4.7045 -46.3491 1.9129 -31.4594 -3.1371 0.0070 0.0007 27 volkswagen_t2
Car 0.00 1.00 0 0 0 0 0 0 0 0 950.22 359.97 959.60 364.53 1.9718 2.0005 4.0595 -243.7025 1.9662 -4.4647 1.5610 0.0050 0.0005 28 jeep_wrangler_rubicon
Car 1.00 1.00 39 49 73 775 0 0 5 0 -1000.00 -1000.00 -1000.00 -1000.00 1.5627 2.2716 5.0314 15.2770 2.4901 47.0668 -0.0006 0.0072 0.0006 29 tesla_model3
Car 1.00 1.00 0 0 0 0 0 0 0 0 -1000.00 -1000.00 -1000.00 -1000.00 1.4546 2.0938 4.3903 74.3025 1.1649 -149.1593 1.5658 0.0075 0.0006 30 audi_tt
Car 1.00 1.00 0 0 0 0 0 0 0 0 -1000.00 -1000.00 -1000.00 -1000.00 1.5488 2.0688 3.9961 137.8132 1.6895 -70.5500 1.5730 0.0077 0.0006 31 mini_cooperst
Car 1.00 1.00 0 0 0 0 0 0 0 0 -1000.00 -1000.00 -1000.00 -1000.00 1.6011 2.1072 4.7392 73.6698 2.4014 29.5478 1.5817 0.0077 0.0006 32 toyota_prius
Car 0.00 1.00 0 0 0 0 0 0 0 0 1707.48 365.06 1837.81 398.49 2.1397 2.1728 4.7045 -39.6145 2.5147 54.0477 3.1413 0.0000 0.0005 33 volkswagen_t2
Car 0.00 1.00 0 0 0 0 0 0 0 0 1790.80 369.02 1845.47 380.55 1.6011 2.1072 4.7392 -82.1846 2.9544 123.3450 1.5723 0.0071 0.0006 34 toyota_prius
Car 1.00 1.00 0 0 0 0 0 0 0 0 -1000.00 -1000.00 -1000.00 -1000.00 1.3660 1.9896 4.9534 93.6202 1.9919 -30.8552 -3.1372 0.0076 0.0006 35 mustang_mustang
Car 1.00 1.00 0 0 0 0 0 0 0 0 -1000.00 -1000.00 -1000.00 -1000.00 1.6011 2.1072 4.7392 186.6270 2.0079 -37.4514 0.0043 0.0066 0.0006 36 toyota_prius
Car 1.00 1.00 53 52 79 297 51 0 0 0 -1000.00 -1000.00 -1000.00 -1000.00 1.7506 2.3538 4.8416 -2.6867 1.6676 -60.2812 1.5786 0.0086 0.0006 37 bmw_grandtourer
Car 1.00 1.00 0 0 0 0 0 0 0 0 -1000.00 -1000.00 -1000.00 -1000.00 2.2031 2.5091 6.5872 214.7102 1.7296 -82.2320 -1.5762 0.0057 0.0006 38 tesla_cybertruck
Motorcycle 1.00 1.00 0 0 0 0 0 0 0 0 -1000.00 -1000.00 -1000.00 -1000.00 1.6387 1.2138 2.3199 137.6180 2.3165 18.0724 1.5730 0.0059 0.0006 39 yamaha_yzf
Car 0.00 1.00 0 1 1 8 0 0 0 0 261.14 356.12 312.19 370.17 1.9476 2.0282 4.8347 -79.2434 1.4111 -97.2095 1.5460 0.0025 0.0006 40 nissan_patrol
Car 1.00 1.00 12 12 22 75 20 0 0 0 -1000.00 -1000.00 -1000.00 -1000.00 1.6115 2.2019 5.2564 -2.1177 1.4233 -96.1660 1.5922 0.0054 0.0013 41 charger2020_charger2020
Car 1.00 1.00 0 0 0 0 0 0 0 0 -1000.00 -1000.00 -1000.00 -1000.00 1.6115 2.2019 5.2564 70.7638 1.5109 -98.2329 -1.5616 0.0054 0.0013 42 charger2020_charger2020
Motorcycle 1.00 1.00 0 0 0 0 0 0 0 0 -1000.00 -1000.00 -1000.00 -1000.00 1.6649 1.0692 2.4735 137.5913 2.3927 32.2586 1.5730 0.0083 0.0006 43 harley_davidson_low_rider
Car 0.00 1.00 0 0 0 0 0 0 0 0 813.25 359.89 825.63 363.32 1.5542 2.3421 5.1370 -257.3030 1.5160 -67.2195 -1.5573 0.0039 0.0006 44 lincoln2020_mkz2020
Motorcycle 1.00 1.00 0 0 0 0 0 0 0 0 -1000.00 -1000.00 -1000.00 -1000.00 1.6960 1.0692 2.4735 77.7177 2.0388 -21.2131 1.5869 0.0102 0.0007 45 harley_davidson_low_rider
Cyclist 1.00 1.00 0 0 0 0 0 0 0 0 -1000.00 -1000.00 -1000.00 -1000.00 1.9310 0.5921 1.9272 50.6974 1.2620 -128.8980 0.0004 -0.0092 0.0006 46 gazelle_omafiets
Car 1.00 1.00 89 98 160 1225 0 0 86 0 -1000.00 -1000.00 -1000.00 -1000.00 1.7318 2.1344 5.0985 0.3588 2.3567 35.8994 1.5578 0.0133 -0.0006 47 audi_etron
Car 1.00 1.00 0 0 0 0 0 0 0 0 -1000.00 -1000.00 -1000.00 -1000.00 1.9476 2.0282 4.8347 93.6779 2.5254 47.1350 0.0020 0.0024 0.0007 48 nissan_patrol
Car 0.00 1.00 0 0 0 0 0 0 0 0 1478.44 367.51 1561.49 387.70 1.7203 2.2019 5.4994 -53.1776 2.4668 50.2316 0.0149 0.0057 0.0013 49 chargercop2020_chargercop2020
Car 0.00 0.92 0 5 4 77 0 0 0 0 360.39 357.85 389.97 365.77 1.6244 1.8781 3.8906 -117.3905 1.2029 -124.9763 3.0051 0.0047 -0.0086 50 audi_a2
Car 0.00 0.80 4 7 8 37 0 0 0 0 387.87 359.28 435.47 370.01 1.5863 2.2347 5.1468 -85.9720 1.4952 -86.2292 -1.5956 0.0062 0.0006 51 lincoln_mkz2017
Cyclist 0.00 1.00 0 0 0 0 0 0 0 0 1545.23 364.61 1560.76 377.24 1.9709 0.6705 1.7250 -89.1370 2.7183 92.0012 -1.5693 0.0137 0.0006 52 diamondback_century
Cyclist 0.00 1.00 4 3 6 262 1 0 0 0 491.96 358.69 519.24 383.48 1.9311 0.5921 1.9272 -45.2336 1.8305 -38.4573 0.0043 0.0045 0.0006 53 gazelle_omafiets
Car 1.00 1.00 0 0 0 0 0 0 0 0 -1000.00 -1000.00 -1000.00 -1000.00 1.7173 2.2591 5.2781 141.2722 1.8349 -52.2828 1.5730 0.0009 0.0004 54 mercedes_benz_coupe
Car 1.00 1.00 0 7 11 39 68 0 0 0 -1000.00 -1000.00 -1000.00 -1000.00 1.5542 2.3421 5.1370 -0.3926 0.9962 -157.5633 -1.0831 0.0040 0.0079 55 lincoln2020_mkz2020
Car 1.00 1.00 0 0 0 0 0 0 0 0 -1000.00 -1000.00 -1000.00 -1000.00 1.7506 2.3538 4.8416 42.0139 1.3008 -125.2705 -3.0067 0.0061 -0.0012 56 bmw_grandtourer
Car 1.00 1.00 0 0 0 0 0 0 0 0 -1000.00 -1000.00 -1000.00 -1000.00 1.4546 2.0938 4.3903 74.7244 1.7565 -64.1357 1.5658 0.0071 0.0006 57 audi_tt
Car 0.00 1.00 0 0 0 0 0 0 0 0 565.13 360.01 611.57 371.98 1.7173 2.2591 5.2781 -81.7342 1.7203 -56.3070 1.5476 -0.0001 0.0004 58 mercedes_benz_coupe
Car 1.00 1.00 62 68 112 768 15 0 0 0 -1000.00 -1000.00 -1000.00 -1000.00 1.5542 2.3421 5.1370 17.4284 1.8689 -41.6890 0.0039 0.0033 0.0006 59 lincoln2020_mkz2020
Car 1.00 1.00 0 0 0 0 0 0 0 0 -1000.00 -1000.00 -1000.00 -1000.00 2.1397 2.1728 4.7045 76.4770 2.8631 93.8540 1.5818 0.0060 0.0006 60 volkswagen_t2
Car 1.00 1.00 0 0 0 0 0 0 0 0 -1000.00 -1000.00 -1000.00 -1000.00 1.7506 2.3538 4.8416 89.6753 2.9145 110.2669 -0.0025 0.0040 0.0006 61 bmw_grandtourer
Car 1.00 1.00 0 0 0 0 0 0 0 0 -1000.00 -1000.00 -1000.00 -1000.00 1.6320 2.1403 5.2230 115.3879 1.3177 -132.3690 0.0003 -0.0017 0.0013 62 dodge_charger_police
Car 1.00 1.00 0 3 4 6 9 0 0 0 -1000.00 -1000.00 -1000.00 -1000.00 1.6980 1.9434 4.1871 1.1054 1.4143 -98.9885 1.5786 0.0069 0.0006 63 citroen_c3
Car 1.00 1.00 0 0 0 0 0 0 0 0 -1000.00 -1000.00 -1000.00 -1000.00 1.4812 2.1349 5.6254 40.2228 1.2840 -128.8997 0.0004 0.0083 0.0006 64 chevrolet_impala
Car 0.00 1.00 0 0 0 0 0 0 0 0 1414.06 367.81 1482.52 385.42 1.6115 2.2019 5.2564 -56.8750 2.4381 46.7892 0.0174 0.0059 0.0013 65 charger2020_charger2020
Car 1.00 1.00 0 0 0 0 0 0 0 0 -1000.00 -1000.00 -1000.00 -1000.00 1.3660 1.9896 4.9534 69.6781 2.7125 74.9192 -1.5601 0.0070 0.0006 66 mustang_mustang
Motorcycle 1.00 1.00 0 0 0 0 0 0 0 0 -1000.00 -1000.00 -1000.00 -1000.00 1.5852 1.1236 2.1350 77.3767 2.2348 10.4828 1.5816 0.0073 0.0006 67 kawasaki_ninja
Car 0.00 1.00 0 0 0 0 0 0 0 0 1552.40 366.73 1588.02 375.88 1.5488 2.0688 3.9961 -100.7934 2.7924 107.5181 3.1043 0.0067 0.0006 68 mini_cooperst
Car 0.00 1.00 0 0 0 0 0 0 0 0 1429.63 367.89 1492.47 383.07 1.5542 2.3421 5.1370 -63.3268 2.4822 53.9251 -3.1176 0.0039 0.0001 69 lincoln2020_mkz2020
Car 1.00 1.00 0 0 0 0 0 0 0 0 -1000.00 -1000.00 -1000.00 -1000.00 1.9718 2.0005 4.0595 32.9069 1.9576 -31.1178 -3.1370 0.0044 0.0005 70 jeep_wrangler_rubicon
Car 1.00 1.00 0 0 0 0 0 0 0 0 -1000.00 -1000.00 -1000.00 -1000.00 1.7506 2.3538 4.8416 -80.4658 1.0700 -146.3998 1.5460 0.0194 0.0006 71 bmw_grandtourer
Car 1.00 1.00 0 0 0 0 0 0 0 0 -1000.00 -1000.00 -1000.00 -1000.00 2.2031 2.5091 6.5872 134.3519 1.5812 -87.9868 -1.5686 0.0097 0.0006 72 tesla_cybertruck
Car 0.00 1.00 0 0 0 0 0 0 0 0 1188.93 364.79 1222.81 376.90 1.6244 1.8781 3.8906 -78.5339 2.3184 32.1033 1.5731 0.0080 -0.0005 73 audi_a2
Car 1.00 1.00 0 0 0 0 0 0 0 0 -1000.00 -1000.00 -1000.00 -1000.00 1.7203 2.2019 5.4994 92.9796 1.9734 -34.1627 -3.1217 0.0067 0.0013 74 chargercop2020_chargercop2020
Car 0.00 1.00 0 0 0 0 0 0 0 0 1162.99 364.62 1204.67 376.13 1.6320 2.1403 5.2230 -82.0267 2.3208 30.4255 1.5727 0.0021 0.0001 75 dodge_charger_police
Car 0.00 1.00 0 0 0 0 0 0 0 0 1477.92 367.25 1523.56 377.69 1.5140 2.1024 4.9073 -85.6205 2.6505 80.2345 -1.5694 0.0061 0.0006 76 mercedesccc_mercedesccc
Car 1.00 1.00 140 178 268 1287 60 0 0 0 -1000.00 -1000.00 -1000.00 -1000.00 1.6244 1.8781 3.8906 6.6646 1.9019 -35.2050 -2.9772 0.0117 0.0081 77 audi_a2
Car 0.00 0.01 1656 1843 2968 18215 0 309 0 0 524.00 385.00 778.88 488.00 1.6244 1.8781 3.8906 -10.3600 2.0260 -7.3454 -1.5755 0.0203 -0.0005 78 audi_a2
Car 1.00 1.00 0 0 0 0 0 0 0 0 -1000.00 -1000.00 -1000.00 -1000.00 1.7203 2.2019 5.4994 26.7159 1.2979 -125.1764 -3.1252 0.0055 0.0013 79 chargercop2020_chargercop2020
Car 0.00 1.00 0 0 0 0 0 0 0 0 1382.86 362.38 1423.70 376.72 2.1397 2.1728 4.7045 -89.1122 2.5734 68.1381 -1.5721 0.0212 0.0007 80 volkswagen_t2
Car 1.00 1.00 0 0 0 0 0 0 0 0 -1000.00 -1000.00 -1000.00 -1000.00 1.3660 1.9896 4.9534 51.6514 1.2590 -132.3937 0.0004 0.0079 0.0006 81 mustang_mustang
Car 1.00 1.00 7 4 9 46 16 0 0 0 -1000.00 -1000.00 -1000.00 -1000.00 1.7203 2.2019 5.4994 0.9853 1.5592 -77.2968 1.5788 0.0045 0.0012 82 chargercop2020_chargercop2020
Car 0.00 1.00 0 0 0 0 0 0 0 0 1557.75 367.38 1600.57 379.49 1.6244 1.8781 3.8906 -78.6293 2.6829 84.3989 1.5725 0.0059 -0.0005 83 audi_a2
Car 1.00 1.00 0 0 0 0 0 0 0 0 -1000.00 -1000.00 -1000.00 -1000.00 1.6244 1.8781 3.8906 78.2742 1.8245 -53.4295 1.5666 0.0065 -0.0005 84 audi_a2
Car 1.00 1.00 0 0 0 0 0 0 0 0 -1000.00 -1000.00 -1000.00 -1000.00 1.3660 1.9896 4.9534 211.7121 2.0029 -40.1356 -1.5793 0.0068 0.0006 85 mustang_mustang
Car 1.00 1.00 0 0 0 0 0 0 0 0 -1000.00 -1000.00 -1000.00 -1000.00 1.6244 1.8781 3.8906 -87.8183 0.9701 -160.6876 -1.5954 0.0113 -0.0005 86 audi_a2
Car 0.00 1.00 0 0 0 0 0 0 0 0 77.91 354.13 117.62 363.71 1.9718 2.0005 4.0595 -117.6350 0.7626 -183.5643 3.1046 0.0050 0.0001 87 jeep_wrangler_rubicon
Car 1.00 1.00 0 0 0 0 0 0 0 0 -1000.00 -1000.00 -1000.00 -1000.00 1.9718 2.0005 4.0595 -88.1254 0.8908 -172.8431 -1.5956 0.0148 0.0006 88 jeep_wrangler_rubicon
Car 1.00 1.00 0 0 0 0 0 0 0 0 -1000.00 -1000.00 -1000.00 -1000.00 1.3660 1.9896 4.9534 -69.8047 0.5441 -224.0907 -3.1354 0.0070 0.0008 89 mustang_mustang
Motorcycle 1.00 1.00 0 0 0 0 0 0 0 0 -1000.00 -1000.00 -1000.00 -1000.00 1.6649 1.0692 2.4735 141.0923 2.3922 31.8604 1.5730 0.0088 0.0006 90 harley_davidson_low_rider
Car 0.00 1.00 0 0 0 0 0 0 0 0 1858.65 369.85 1910.45 380.97 1.5475 1.9070 4.4025 -82.1998 3.0214 133.1012 1.5723 0.0070 0.0006 91 seat_leon
Motorcycle 1.00 1.00 0 0 0 0 0 0 0 0 -1000.00 -1000.00 -1000.00 -1000.00 1.6387 1.2138 2.3199 118.0676 1.9711 -37.7480 0.0044 0.0082 0.0006 92 yamaha_yzf
Cyclist 0.00 1.00 0 0 0 0 0 0 0 0 1815.71 366.74 1833.67 379.02 1.9311 0.5921 1.9272 -89.2086 3.0107 135.3099 -1.5693 0.0041 0.0006 93 gazelle_omafiets
Car 0.00 1.00 0 0 0 0 0 0 0 0 782.27 361.49 800.40 369.41 1.5140 2.1024 4.9073 -111.5514 1.8268 -35.8366 3.1391 0.0068 0.0006 94 mercedesccc_mercedesccc
Car 1.00 1.00 0 0 0 0 0 0 0 0 -1000.00 -1000.00 -1000.00 -1000.00 1.4546 2.0938 4.3903 67.2657 1.1086 -156.5885 -1.5758 0.0082 0.0006 95 audi_tt
Car 1.00 1.00 0 0 0 0 0 0 0 0 -1000.00 -1000.00 -1000.00 -1000.00 2.1397 2.1728 4.7045 -55.0108 1.2789 -121.9231 3.1414 0.0054 0.0006 96 volkswagen_t2
Car 0.00 1.00 0 0 0 0 0 0 0 0 1779.58 369.31 1832.76 379.87 1.5140 2.1024 4.9073 -85.6903 2.9753 126.9451 -1.5693 0.0085 0.0006 97 mercedesccc_mercedesccc
Car 1.00 1.00 0 0 0 0 0 0 0 0 -1000.00 -1000.00 -1000.00 -1000.00 1.4812 2.1349 5.6254 141.1577 2.2017 1.6511 1.5724 0.0069 0.0006 98 chevrolet_impala
Car 1.00 1.00 0 0 0 0 0 0 0 0 -1000.00 -1000.00 -1000.00 -1000.00 1.5765 1.9374 3.8150 76.5539 2.7411 80.3076 1.5820 0.0106 0.0006 99 nissan_micra
Motorcycle 1.00 1.00 0 0 0 0 0 0 0 0 -1000.00 -1000.00 -1000.00 -1000.00 1.5853 1.1236 2.1350 74.7679 1.7752 -55.3823 1.5665 0.0069 0.0006 100 kawasaki_ninja
Car 0.00 1.00 0 0 0 0 0 0 0 0 1792.07 366.33 1840.93 376.91 1.9476 2.0282 4.8347 -108.8053 3.2100 164.1889 3.1385 0.0025 0.0006 101 nissan_patrol
Car 0.00 1.00 0 0 0 0 0 0 0 0 874.52 359.17 910.07 374.82 2.1397 2.1728 4.7045 -78.5442 2.0344 -11.6696 1.5751 -0.0032 0.0005 102 volkswagen_t2
Car 0.00 1.00 0 0 0 0 0 0 0 0 871.25 361.02 885.48 364.81 1.3660 1.9896 4.9534 -205.3650 1.7543 -32.3256 1.5756 0.0061 0.0012 103 mustang_mustang
Car 1.00 1.00 0 0 0 0 0 0 0 0 -1000.00 -1000.00 -1000.00 -1000.00 1.5627 2.2716 5.0314 50.1898 2.5369 50.6004 0.0008 0.0074 0.0006 104 tesla_model3
Car 1.00 1.00 0 0 0 0 0 0 0 0 -1000.00 -1000.00 -1000.00 -1000.00 1.5542 2.3421 5.1370 154.4508 2.0082 -34.0339 -3.1329 0.0104 0.0006 105 lincoln2020_mkz2020
Car 1.00 1.00 0 0 0 0 0 0 0 0 -1000.00 -1000.00 -1000.00 -1000.00 1.5627 2.2716 5.0314 107.0492 1.9828 -34.2964 -3.1372 0.0069 0.0006 106 tesla_model3
Car 0.00 1.00 0 0 0 0 0 0 0 0 1072.78 364.02 1100.25 374.61 1.5765 1.9374 3.8150 -85.5441 2.1984 17.0223 -1.6302 0.0079 -0.0069 107 nissan_micra
Cyclist 0.00 1.00 0 0 0 0 0 0 0 0 538.53 359.02 563.71 383.71 1.9311 0.5921 1.9272 -45.3977 1.8548 -34.9494 -3.1372 0.0045 0.0006 108 gazelle_omafiets
Cyclist 1.00 1.00 0 0 0 0 0 0 0 0 -1000.00 -1000.00 -1000.00 -1000.00 1.9311 0.5921 1.9272 -113.6105 0.3480 -245.3656 0.0061 0.0045 0.0006 109 gazelle_omafiets
Car 1.00 1.00 17 23 38 286 0 0 8 0 -1000.00 -1000.00 -1000.00 -1000.00 1.4546 2.0938 4.3903 11.3521 2.5367 53.9087 -3.0716 0.0074 0.0024 110 audi_tt
Car 0.00 0.64 35 52 83 1852 8 5 0 0 328.00 359.00 438.80 392.00 1.9476 2.0282 4.8347 -32.5884 1.8729 -34.9008 -3.1372 0.0069 0.0006 111 nissan_patrol
Car 1.00 1.00 0 0 0 0 0 0 0 0 -1000.00 -1000.00 -1000.00 -1000.00 1.4546 2.0938 4.3903 14.4903 1.3167 -121.9083 -3.1412 0.0062 0.0006 112 audi_tt
Car 1.00 1.00 0 6 10 35 6 0 0 0 -1000.00 -1000.00 -1000.00 -1000.00 1.7506 2.3538 4.8416 -8.6829 1.0865 -143.4241 -1.4694 0.0070 0.0006 113 bmw_grandtourer
Car 0.00 0.72 20 18 31 495 0 1 0 0 379.16 357.97 459.97 386.22 1.9718 2.0005 4.0595 -41.9038 1.8345 -41.9468 0.0044 0.0043 0.0005 114 jeep_wrangler_rubicon
Motorcycle 1.00 1.00 0 0 0 0 0 0 0 0 -1000.00 -1000.00 -1000.00 -1000.00 1.6387 1.2138 2.3199 137.7790 1.8066 -55.2501 1.5731 0.0069 0.0006 115 yamaha_yzf
Car 1.00 1.00 116 127 201 5752 13 0 0 30 -1000.00 -1000.00 -1000.00 -1000.00 1.7203 2.2019 5.4994 25.2086 1.9285 -34.3711 -3.1226 0.0062 0.0014 116 chargercop2020_chargercop2020
Car 1.00 1.00 0 0 0 0 0 0 0 0 -1000.00 -1000.00 -1000.00 -1000.00 1.6980 1.9434 4.1871 130.6316 2.2652 11.4360 -1.5685 0.0061 0.0006 117 citroen_c3
Car 1.00 1.00 0 0 1 5 0 0 0 0 -1000.00 -1000.00 -1000.00 -1000.00 1.5542 2.3421 5.1370 -58.3373 3.1780 153.5292 -0.0032 0.0039 0.0006 118 lincoln2020_mkz2020
Car 1.00 1.00 0 0 0 0 0 0 0 0 -1000.00 -1000.00 -1000.00 -1000.00 2.5908 2.7453 5.4640 66.2067 2.7168 72.4587 -1.5601 0.0090 0.0007 119 carlamotors_carlacola
Car 1.00 1.00 0 0 0 0 0 0 0 0 -1000.00 -1000.00 -1000.00 -1000.00 1.5765 1.9374 3.8150 74.5234 1.5559 -90.2261 1.5665 0.0050 0.0006 120 nissan_micra
Car 1.00 1.00 0 0 1 0 0 0 0 0 -1000.00 -1000.00 -1000.00 -1000.00 1.4477 1.5550 2.3177 -66.6976 3.1545 150.0575 -0.0030 -0.0042 0.0006 121 bmw_isetta
Car 1.00 1.00 0 0 0 0 0 0 0 0 -1000.00 -1000.00 -1000.00 -1000.00 1.7173 2.2591 5.2781 218.3591 1.9248 -54.4384 1.5654 -0.0001 0.0004 122 mercedes_benz_coupe
Car 1.00 1.00 0 0 0 0 0 0 0 0 -1000.00 -1000.00 -1000.00 -1000.00 1.7173 2.2591 5.2781 36.0585 2.5896 57.8935 3.0857 -0.0004 0.0015 123 mercedes_benz_coupe
Car 1.00 1.00 0 0 0 0 0 0 0 0 -1000.00 -1000.00 -1000.00 -1000.00 1.5765 1.9374 3.8150 134.4552 1.4325 -105.3663 -1.5684 0.0077 0.0006 124 nissan_micra
Car 1.00 1.00 0 0 0 0 0 0 0 0 -1000.00 -1000.00 -1000.00 -1000.00 1.6115 2.2019 5.2564 27.8117 2.5163 50.2961 0.0152 0.0061 0.0013 125 charger2020_charger2020
Car 1.00 1.00 0 0 0 0 0 0 0 0 -1000.00 -1000.00 -1000.00 -1000.00 1.9476 2.0282 4.8347 69.5098 2.7790 86.1301 -1.4182 0.0096 -0.0016 126 nissan_patrol
Car 1.00 1.00 0 0 0 0 0 0 0 0 -1000.00 -1000.00 -1000.00 -1000.00 1.5140 2.1024 4.9073 -92.2169 0.7214 -196.5981 -1.5960 0.0059 0.0006 127 mercedesccc_mercedesccc
Car 0.00 1.00 0 0 0 390 2 0 0 0 500.65 359.43 546.78 370.88 1.7173 2.2591 5.2781 -85.3793 1.6326 -68.5875 -1.5893 -0.0006 0.0003 128 mercedes_benz_coupe
Car 1.00 1.00 235 274 450 4066 0 0 57 0 -1000.00 -1000.00 -1000.00 -1000.00 1.4812 2.1349 5.6254 -6.7180 2.2559 23.0301 -1.5755 0.0067 0.0006 129 chevrolet_impala
Car 1.00 1.00 0 0 0 0 0 0 0 0 -1000.00 -1000.00 -1000.00 -1000.00 2.1397 2.1728 4.7045 -111.5415 0.4816 -231.3406 -3.1359 0.0062 0.0006 130 volkswagen_t2
Car 1.00 1.00 0 0 0 0 0 0 0 0 -1000.00 -1000.00 -1000.00 -1000.00 1.6244 1.8781 3.8906 51.3913 1.8883 -41.5346 0.0047 0.0101 -0.0005 131 audi_a2
Car 1.00 1.00 0 0 0 0 0 0 0 0 -1000.00 -1000.00 -1000.00 -1000.00 1.9476 2.0282 4.8347 46.4504 2.9282 117.3857 3.1388 0.0021 0.0006 132 nissan_patrol
Car 0.00 1.00 0 0 0 0 0 0 0 0 571.16 358.73 622.95 379.17 1.9476 2.0282 4.8347 -56.5767 1.8329 -38.5037 0.0044 0.0056 0.0006 133 nissan_patrol
Car 1.00 1.00 0 0 0 0 0 0 0 0 -1000.00 -1000.00 -1000.00 -1000.00 1.9476 2.0282 4.8347 -44.8362 -0.3032 -237.9365 0.0049 -0.0770 0.0002 134 nissan_patrol
Car 0.82 0.00 7224 13214 21194 312606 802 1149 0 0 0.00 424.83 697.61 719.00 1.7506 2.3538 4.8416 -3.4994 2.0457 -5.9491 1.5738 0.0067 0.0005 135 bmw_grandtourer
Car 1.00 1.00 0 0 0 0 0 0 0 0 -1000.00 -1000.00 -1000.00 -1000.00 1.9476 2.0282 4.8347 37.7928 1.3131 -121.8963 3.1409 0.0065 0.0006 136 nissan_patrol
Car 1.00 1.00 0 0 0 0 0 0 0 0 -1000.00 -1000.00 -1000.00 -1000.00 1.7203 2.2019 5.4994 51.1547 1.9187 -38.1913 0.0127 0.0068 0.0013 137 chargercop2020_chargercop2020
Car 1.00 1.00 0 0 0 0 0 0 0 0 -1000.00 -1000.00 -1000.00 -1000.00 2.5908 2.7453 5.4640 45.5800 1.9652 -34.5598 -3.1377 0.0018 0.0006 138 carlamotors_carlacola
Car 1.00 1.00 0 0 0 0 0 0 0 0 -1000.00 -1000.00 -1000.00 -1000.00 1.5863 2.2347 5.1468 98.2089 2.5645 50.6389 0.0010 0.0061 0.0006 139 lincoln_mkz2017
Car 1.00 1.00 0 0 0 0 0 0 0 0 -1000.00 -1000.00 -1000.00 -1000.00 1.9718 2.0005 4.0595 167.2058 1.9984 -37.5440 0.0039 0.0049 0.0005 140 jeep_wrangler_rubicon
Car 1.00 1.00 0 0 0 0 0 0 0 0 -1000.00 -1000.00 -1000.00 -1000.00 1.6011 2.1072 4.7392 70.7604 1.0973 -157.6278 -1.5758 0.0097 0.0006 141 toyota_prius
Car 1.00 1.00 0 0 0 0 0 0 0 0 -1000.00 -1000.00 -1000.00 -1000.00 1.7318 2.1344 5.0985 134.1602 2.1935 0.0656 -1.5686 0.0103 0.0006 142 audi_etron
Car 0.00 1.00 0 0 0 0 0 0 0 0 930.89 359.10 974.86 374.03 2.2031 2.5091 6.5872 -85.5028 2.0870 -3.3181 -1.5692 0.0053 0.0006 143 tesla_cybertruck
Car 1.00 1.00 0 0 0 0 0 0 0 0 -1000.00 -1000.00 -1000.00 -1000.00 1.5765 1.9374 3.8150 71.2035 1.6125 -81.7852 -1.5754 0.0050 0.0006 144 nissan_micra
Car 1.00 1.00 0 2 1 6 1 0 0 0 -1000.00 -1000.00 -1000.00 -1000.00 1.4546 2.0938 4.3903 1.0075 1.4993 -86.3928 1.5784 0.0071 0.0006 145 audi_tt
Car 0.00 1.00 0 0 0 0 0 0 0 0 832.36 360.34 848.65 364.55 1.4812 2.1349 5.6254 -208.8296 1.6519 -47.0364 -1.5697 0.0150 0.0005 146 chevrolet_impala
Car 0.46 1.00 0 0 0 0 0 0 0 0 1877.96 365.66 1920.00 382.13 2.2031 2.5091 6.5872 -78.6968 3.0300 131.7488 1.5723 0.0070 0.0006 147 tesla_cybertruck
Car 0.00 0.17 120 119 196 4174 17 23 0 0 365.00 359.86 461.84 396.46 1.9718 2.0005 4.0595 -30.6180 1.9144 -31.3942 -3.1370 0.0073 0.0006 148 jeep_wrangler_rubicon
Car 0.00 1.00 0 0 0 0 0 0 0 0 822.79 363.47 856.79 372.50 1.3660 1.9896 4.9534 -88.9657 1.9421 -21.2856 -1.5691 0.0072 0.0006 149 mustang_mustang
Car 1.00 1.00 0 0 0 0 0 0 0 0 -1000.00 -1000.00 -1000.00 -1000.00 1.3660 1.9896 4.9534 67.8210 1.7644 -61.2418 -1.5681 0.0067 0.0006 150 mustang_mustang
Car 0.00 1.00 0 0 0 0 0 0 0 0 984.10 356.85 1024.96 375.02 2.5908 2.7453 5.4640 -81.9875 2.1542 4.2219 1.7134 0.0008 -0.0041 151 carlamotors_carlacola
Car 1.00 1.00 0 0 0 0 0 0 0 0 -1000.00 -1000.00 -1000.00 -1000.00 1.5863 2.2347 5.1468 83.3960 2.8902 106.7816 -0.0011 0.0086 0.0018 152 lincoln_mkz2017
Car 0.00 1.00 0 0 0 0 0 0 0 0 811.38 359.42 823.00 363.25 1.7506 2.3538 4.8416 -260.7750 1.4975 -69.1605 -1.5572 0.0065 0.0006 153 bmw_grandtourer
Cyclist 1.00 1.00 0 0 0 0 0 0 0 0 -1000.00 -1000.00 -1000.00 -1000.00 1.9709 0.6705 1.7250 77.7636 1.0932 -157.0156 1.5658 0.0137 0.0006 154 diamondback_century
Cyclist 0.00 1.00 0 0 0 0 0 0 0 0 847.52 359.35 850.45 365.09 1.9311 0.5921 1.9272 -188.5813 1.7128 -39.8070 -0.0026 0.0045 0.0006 155 gazelle_omafiets
Motorcycle 1.00 1.00 0 0 0 0 0 0 0 0 -1000.00 -1000.00 -1000.00 -1000.00 1.6960 1.0692 2.4735 107.1949 1.3088 -128.8719 0.0004 0.0102 0.0006 156 harley_davidson_low_rider
Car 0.00 1.00 0 0 0 0 0 0 0 0 1542.12 363.83 1590.54 378.81 2.1397 2.1728 4.7045 -82.1150 2.7117 86.4086 1.5713 0.0021 0.0005 157 volkswagen_t2
Car 1.00 1.00 0 0 0 0 0 0 0 0 -1000.00 -1000.00 -1000.00 -1000.00 1.5488 2.0688 3.9961 -67.1182 0.5157 -227.5746 -3.1357 0.0079 0.0006 158 mini_cooperst
Cyclist 1.00 1.00 0 0 0 0 0 0 0 0 -1000.00 -1000.00 -1000.00 -1000.00 1.9311 0.5921 1.9272 9.3809 1.2126 -132.4143 0.0004 0.0141 0.0006 159 gazelle_omafiets
Car 1.00 1.00 31 40 65 561 0 0 8 0 -1000.00 -1000.00 -1000.00 -1000.00 1.4812 2.1349 5.6254 -10.1521 2.3505 36.9367 -1.5757 0.0070 0.0006 160 chevrolet_impala
Car 1.00 1.00 0 0 0 0 0 0 0 0 -1000.00 -1000.00 -1000.00 -1000.00 1.7173 2.2591 5.2781 -61.0595 0.4448 -238.0368 0.0061 -0.0097 0.0004 161 mercedes_benz_coupe
Car 1.00 1.00 0 0 0 0 0 0 0 0 -1000.00 -1000.00 -1000.00 -1000.00 1.9718 2.0005 4.0595 -54.6958 1.2456 -125.4316 -3.1412 0.0050 0.0005 162 jeep_wrangler_rubicon
Car 1.00 1.00 0 0 0 0 0 0 0 0 -1000.00 -1000.00 -1000.00 -1000.00 1.7506 2.3538 4.8416 73.0447 2.7981 87.1680 1.5817 0.0055 0.0006 163 bmw_grandtourer
Car 1.00 1.00 0 0 0 0 0 0 0 0 -1000.00 -1000.00 -1000.00 -1000.00 1.6115 2.2019 5.2564 137.9597 2.1514 -4.3167 1.5872 0.0054 0.0013 164 charger2020_charger2020
Car 1.00 1.00 0 0 0 0 0 0 0 0 -1000.00 -1000.00 -1000.00 -1000.00 1.6244 1.8781 3.8906 74.0169 2.1393 -7.7756 1.5840 0.0062 -0.0005 165 audi_a2
Car 1.00 1.00 0 0 0 0 0 0 0 0 -1000.00 -1000.00 -1000.00 -1000.00 1.5475 1.9070 4.4025 -57.1267 3.2037 157.0242 -0.0034 0.0059 0.0006 166 seat_leon
Car 0.00 1.00 0 0 0 0 0 0 0 0 72.58 355.57 102.78 361.68 1.5765 1.9374 3.8150 -146.8196 0.4313 -231.6353 -3.1350 0.0050 0.0006 167 nissan_micra
Car 0.00 1.00 0 0 0 0 0 0 0 0 1767.02 368.19 1821.64 377.59 1.5863 2.2347 5.1468 -102.3693 3.1283 150.1689 -0.0030 0.0072 0.0006 168 lincoln_mkz2017
Car 1.00 1.00 0 0 0 0 0 0 0 0 -1000.00 -1000.00 -1000.00 -1000.00 1.7506 2.3538 4.8416 -51.6121 1.2162 -128.9318 0.0004 0.0047 0.0006 169 bmw_grandtourer
Car 1.00 1.00 0 0 0 0 0 0 0 0 -1000.00 -1000.00 -1000.00 -1000.00 1.4812 2.1349 5.6254 41.2326 1.9169 -38.0835 0.0043 0.0071 0.0006 170 chevrolet_impala
Car 1.00 1.00 0 0 0 0 0 0 0 0 -1000.00 -1000.00 -1000.00 -1000.00 1.4812 2.1349 5.6254 215.2158 2.1158 -25.7055 -1.5604 0.0037 0.0005 171 chevrolet_impala
Car 1.00 1.00 0 0 0 0 0 0 0 0 -1000.00 -1000.00 -1000.00 -1000.00 1.6011 2.1072 4.7392 134.1989 2.0549 -17.7612 -1.5686 0.0093 0.0006 172 toyota_prius
Car 1.00 1.00 0 0 0 0 0 0 0 0 -1000.00 -1000.00 -1000.00 -1000.00 1.6115 2.2019 5.2564 12.4247 1.2862 -125.2191 -3.1255 0.0061 0.0013 173 charger2020_charger2020
Car 0.00 1.00 0 0 0 0 0 0 0 0 936.54 363.13 964.66 373.26 1.5475 1.9070 4.4025 -89.0032 2.0654 -3.7228 -1.5694 0.0067 0.0006 174 seat_leon
Car 1.00 1.00 0 0 0 0 0 0 0 0 -1000.00 -1000.00 -1000.00 -1000.00 2.5908 2.7453 5.4640 -82.0835 0.6613 -211.4395 1.5458 -0.0073 0.0006 175 carlamotors_carlacola
Car 1.00 1.00 0 0 0 0 0 0 0 0 -1000.00 -1000.00 -1000.00 -1000.00 1.4812 2.1349 5.6254 94.0536 1.2959 -132.3771 0.0006 0.0055 0.0006 176 chevrolet_impala
Car 1.00 1.00 0 0 0 0 0 0 0 0 -1000.00 -1000.00 -1000.00 -1000.00 1.9718 2.0005 4.0595 -104.1476 0.4019 -241.8021 0.0062 0.0160 0.0006 177 jeep_wrangler_rubicon
Car 0.00 1.00 0 0 0 225 0 0 0 0 522.73 359.41 558.34 370.46 1.6980 1.9434 4.1871 -88.8946 1.6224 -68.7101 -1.5919 0.0076 0.0006 178 citroen_c3
Car 1.00 1.00 34 54 79 287 83 0 0 0 -1000.00 -1000.00 -1000.00 -1000.00 1.5488 2.0688 3.9961 0.7708 1.7118 -54.8131 1.5784 0.0070 0.0006 179 mini_cooperst
Motorcycle 1.00 1.00 0 0 0 0 0 0 0 0 -1000.00 -1000.00 -1000.00 -1000.00 1.6960 1.0692 2.4735 78.0621 1.5100 -97.2907 1.5658 0.0087 0.0006 180 harley_davidson_low_rider
Car 1.00 1.00 0 0 0 0 0 0 0 0 -1000.00 -1000.00 -1000.00 -1000.00 1.4477 1.5550 2.3177 119.4556 2.5892 50.6522 0.0007 0.0390 0.0006 181 bmw_isetta
Cyclist 1.00 1.00 0 0 0 0 0 0 0 0 -1000.00 -1000.00 -1000.00 -1000.00 1.7065 0.8593 1.4873 78.2551 1.6549 -71.9004 1.5489 0.0075 0.0001 182 bh_crossbike
Car 1.00 1.00 0 0 0 0 0 0 0 0 -1000.00 -1000.00 -1000.00 -1000.00 1.6011 2.1072 4.7392 -41.3622 -0.6153 -241.4196 0.0044 -0.0877 0.0002 183 toyota_prius
Car 1.00 1.00 0 0 0 0 0 0 0 0 -1000.00 -1000.00 -1000.00 -1000.00 1.5488 2.0688 3.9961 -84.3451 0.9698 -161.6597 1.5460 0.0069 0.0006 184 mini_cooperst
Car 0.00 1.00 0 2 4 37 0 1 0 0 381.85 358.43 419.18 369.44 1.6980 1.9434 4.1871 -89.1593 1.4667 -91.1751 -1.6592 0.0065 0.0006 185 citroen_c3
Car 1.00 1.00 0 0 0 0 0 0 0 0 -1000.00 -1000.00 -1000.00 -1000.00 1.5765 1.9374 3.8150 103.5742 0.8726 -183.1941 0.0142 0.0048 0.0033 186 nissan_micra
Car 1.00 1.00 0 0 0 0 0 0 0 0 -1000.00 -1000.00 -1000.00 -1000.00 1.7506 2.3538 4.8416 78.1364 1.6248 -81.8032 1.5658 0.0093 0.0006 187 bmw_grandtourer
Car 1.00 1.00 0 0 0 0 0 0 0 0 -1000.00 -1000.00 -1000.00 -1000.00 1.5488 2.0688 3.9961 39.5929 1.2525 -132.3977 0.0004 0.0073 0.0006 188 mini_cooperst
Car 0.00 1.00 0 0 0 0 0 0 0 0 835.13 362.57 864.13 373.13 1.5488 2.0688 3.9961 -85.4700 1.9610 -19.0333 -1.5692 0.0070 0.0006 189 mini_cooperst
Car 1.00 1.00 0 0 0 0 0 0 0 0 -1000.00 -1000.00 -1000.00 -1000.00 1.6011 2.1072 4.7392 172.4739 1.9744 -41.0112 0.0045 0.0061 0.0006 190 toyota_prius
Car 1.00 1.00 0 0 0 10 0 0 0 0 -1000.00 -1000.00 -1000.00 -1000.00 1.3660 1.9896 4.9534 77.1637 2.4055 30.1230 1.5816 0.0074 0.0006 191 mustang_mustang
Car 0.00 1.00 0 0 0 0 0 0 0 0 819.17 359.05 830.38 363.20 1.9476 2.0282 4.8347 -264.3128 1.5068 -66.4652 -1.5572 0.0025 0.0006 192 nissan_patrol
Pedestrian 0.00 1.00 0 0 0 0 0 0 0 0 631.07 357.43 632.61 361.41 1.9158 0.4880 0.4864 -268.1371 0.6779 -160.3877 1.7407 0.0070 0.0006 193 pedestrian_0019
Pedestrian 0.00 1.00 0 0 0 0 0 0 0 0 769.45 360.29 771.55 363.24 1.1330 0.4333 0.6667 -215.7025 1.2493 -75.6395 -1.5308 0.0070 0.0006 194 pedestrian_0010
Pedestrian 1.00 1.00 0 0 0 0 0 0 0 0 -1000.00 -1000.00 -1000.00 -1000.00 1.9158 0.4880 0.7507 78.4328 1.2034 -138.3460 -0.0890 0.0070 0.0006 195 pedestrian_0005
Pedestrian 1.00 1.00 0 0 0 0 0 0 0 0 -1000.00 -1000.00 -1000.00 -1000.00 1.9158 0.4880 0.6051 126.3977 1.4365 -79.3312 -1.5419 0.0070 0.0006 196 pedestrian_0003
Pedestrian 1.00 1.00 0 0 0 0 0 0 0 0 -1000.00 -1000.00 -1000.00 -1000.00 1.9158 0.4880 0.7507 164.7711 -8.5726 -92.0703 1.5372 0.0070 0.0006 197 pedestrian_0021
Pedestrian 0.00 1.00 0 0 0 0 0 0 0 0 1100.66 360.69 1102.44 364.63 1.9158 0.4880 0.7507 -271.5716 2.2545 66.8443 1.5174 0.0070 0.0006 198 pedestrian_0003
Pedestrian 0.00 1.00 0 0 0 0 0 0 0 0 509.95 356.59 511.42 360.86 1.9158 0.4880 0.3863 -250.0565 0.3859 -204.1192 -1.1617 0.0070 0.0006 199 pedestrian_0004
Pedestrian 1.00 1.00 0 0 0 0 0 0 0 0 -1000.00 -1000.00 -1000.00 -1000.00 1.9158 0.4880 0.5644 126.5064 1.2992 -99.0779 1.6128 0.0070 0.0006 200 pedestrian_0022
Pedestrian 0.00 1.00 0 1 1 5 0 0 0 0 376.13 359.09 380.52 366.96 1.3390 0.3253 0.4437 -95.8274 1.1860 -101.7272 -1.7760 0.0070 0.0006 201 pedestrian_0014
Pedestrian 1.00 1.00 0 0 0 0 0 0 0 0 -1000.00 -1000.00 -1000.00 -1000.00 1.9158 0.4880 0.4144 33.4656 2.2257 38.6239 -0.4737 0.0070 0.0006 202 pedestrian_0022
Pedestrian 1.00 1.00 0 0 0 0 0 0 0 0 -1000.00 -1000.00 -1000.00 -1000.00 1.9158 0.4880 0.5839 45.2758 1.8312 -21.2376 -3.1056 0.0070 0.0006 203 pedestrian_0023
Pedestrian 1.00 1.00 2 2 2 4 0 0 0 0 -1000.00 -1000.00 -1000.00 -1000.00 1.3390 0.3253 0.5005 6.2469 1.1222 -112.2983 1.6116 0.0070 0.0006 204 pedestrian_0012
Pedestrian 1.00 1.00 0 0 0 0 5 0 0 0 -1000.00 -1000.00 -1000.00 -1000.00 1.9158 0.4880 0.7507 0.6309 0.7261 -169.9516 2.3920 0.0070 0.0006 205 pedestrian_0019
Pedestrian 1.00 1.00 0 0 0 0 0 0 0 0 -1000.00 -1000.00 -1000.00 -1000.00 1.9158 0.4880 0.7175 19.0292 2.5841 95.5597 -2.5864 0.0070 0.0006 206 pedestrian_0005
Pedestrian 1.00 1.00 0 0 0 0 0 0 0 0 -1000.00 -1000.00 -1000.00 -1000.00 1.9158 0.4880 0.6151 86.7636 1.8337 -26.5547 -0.1843 0.0070 0.0006 207 pedestrian_0026
Pedestrian 0.00 1.00 0 0 0 0 0 0 0 0 655.23 358.71 661.61 371.19 1.9158 0.4880 0.7507 -86.7083 1.7202 -48.8615 -0.1874 0.0070 0.0006 208 pedestrian_0015
Pedestrian 0.00 1.00 0 0 0 0 0 0 0 0 1911.84 369.42 1916.43 376.54 1.3390 0.3253 0.3147 -106.0953 3.1289 178.6133 0.0186 0.0070 0.0006 209 pedestrian_0014
Pedestrian 0.00 1.00 0 0 0 0 0 0 0 0 1615.41 364.32 1620.48 371.34 1.9158 0.4880 0.7507 -153.2360 3.1059 178.4261 0.0002 0.0070 0.0006 210 pedestrian_0016
Pedestrian 1.00 1.00 0 0 0 0 0 0 0 0 -1000.00 -1000.00 -1000.00 -1000.00 1.3390 0.3253 0.5005 107.9889 2.4561 62.5314 3.1184 0.0070 0.0006 211 pedestrian_0012
Pedestrian 1.00 1.00 0 0 0 0 0 0 0 0 -1000.00 -1000.00 -1000.00 -1000.00 1.1330 0.4333 0.3719 61.3050 1.3214 -118.1648 1.6493 0.0070 0.0006 212 pedestrian_0009
Pedestrian 1.00 1.00 0 0 0 0 0 0 0 0 -1000.00 -1000.00 -1000.00 -1000.00 1.1330 0.4333 0.4246 120.5009 1.8446 -26.4449 -0.9671 0.0070 0.0006 213 pedestrian_0010
Pedestrian 0.00 1.00 0 0 0 0 0 0 0 0 1053.51 360.36 1055.22 364.30 1.9158 0.4880 0.7487 -271.6313 2.0943 43.8216 -1.6026 0.0070 0.0006 214 pedestrian_0021
Pedestrian 0.00 1.00 0 0 0 0 0 0 0 0 1470.00 363.19 1475.33 371.67 1.9158 0.4880 0.7507 -127.0825 2.6445 114.3409 0.0655 0.0070 0.0006 215 pedestrian_0018
Pedestrian 0.00 1.00 0 0 0 0 0 0 0 0 684.30 357.80 685.74 361.74 1.9158 0.4880 0.4928 -271.1997 0.8446 -136.2812 -1.4181 0.0070 0.0006 216 pedestrian_0020
Pedestrian 1.00 1.00 0 0 0 0 0 0 0 0 -1000.00 -1000.00 -1000.00 -1000.00 1.9158 0.4880 0.7047 125.4825 1.2489 -136.1147 1.5942 0.0070 0.0006 217 pedestrian_0017
Pedestrian 1.00 1.00 0 1 2 4 1 0 0 0 -1000.00 -1000.00 -1000.00 -1000.00 1.9158 0.4880 0.7507 -7.2321 1.1192 -137.2052 3.0125 0.0070 0.0006 218 pedestrian_0007
Pedestrian 0.00 1.00 0 0 0 0 0 0 0 0 911.82 362.03 913.64 365.90 1.1330 0.4333 0.5183 -164.3804 1.7352 -16.1766 -1.4687 0.0070 0.0006 219 pedestrian_0010
Pedestrian 1.00 1.00 0 0 0 0 0 0 0 0 -1000.00 -1000.00 -1000.00 -1000.00 1.9158 0.4880 0.5070 83.8969 2.5113 70.8707 -1.9447 0.0070 0.0006 220 pedestrian_0023
Pedestrian 1.00 1.00 0 0 0 0 0 0 0 0 -1000.00 -1000.00 -1000.00 -1000.00 1.9158 0.4880 0.5156 88.3908 0.9105 -173.3941 -1.7116 0.0070 0.0006 221 pedestrian_0024
Pedestrian 0.00 1.00 0 0 0 0 0 0 0 0 695.84 359.97 697.51 363.17 1.1330 0.4333 0.3774 -198.2360 1.1247 -95.9337 -1.5823 0.0070 0.0006 222 pedestrian_0011
Pedestrian 0.00 1.00 0 0 0 0 0 0 0 0 888.78 359.21 890.44 363.14 1.9158 0.4880 0.7507 -272.8352 1.5332 -36.7676 -1.5369 0.0070 0.0006 223 pedestrian_0016
Pedestrian 1.00 1.00 0 0 0 0 0 0 0 0 -1000.00 -1000.00 -1000.00 -1000.00 1.9158 0.4880 0.7032 65.9099 -9.7710 -251.8321 -0.0052 0.0070 0.0006 224 pedestrian_0017
Pedestrian 1.00 1.00 0 0 0 0 0 0 0 0 -1000.00 -1000.00 -1000.00 -1000.00 1.9158 0.4880 0.7507 164.7435 -8.2107 -40.0498 -1.5736 0.0070 0.0006 225 pedestrian_0001
Pedestrian 0.00 1.00 0 0 0 0 0 0 0 0 923.33 359.52 926.42 366.85 1.9158 0.4880 0.7507 -146.4813 1.7920 -11.4641 -1.6069 0.0070 0.0006 226 pedestrian_0003
Pedestrian 0.00 1.00 0 0 0 0 0 0 0 0 884.18 359.17 886.00 364.60 1.9158 0.4880 0.6420 -197.1504 1.6250 -28.7520 -0.1003 0.0070 0.0006 227 pedestrian_0007
Pedestrian 1.00 1.00 0 0 0 0 0 0 0 0 -1000.00 -1000.00 -1000.00 -1000.00 1.1330 0.4333 0.6667 75.2425 1.8002 -50.5862 0.1880 0.0070 0.0006 228 pedestrian_0010
Pedestrian 0.00 1.00 0 0 0 0 0 0 0 0 772.90 363.89 777.26 370.52 1.1330 0.4333 0.5847 -96.4650 1.8054 -34.0818 1.5062 0.0070 0.0006 229 pedestrian_0010
Pedestrian 1.00 1.00 4 2 10 77 0 0 2 0 -1000.00 -1000.00 -1000.00 -1000.00 1.3390 0.3253 0.4544 -5.6640 2.3381 41.7402 -0.0676 0.0070 0.0006 230 pedestrian_0013
Pedestrian 1.00 1.00 0 0 0 0 0 0 0 0 -1000.00 -1000.00 -1000.00 -1000.00 1.3390 0.3253 0.4556 214.2531 1.8410 -57.9027 2.3394 0.0070 0.0006 231 pedestrian_0013
Pedestrian 1.00 1.00 0 0 0 0 0 0 0 0 -1000.00 -1000.00 -1000.00 -1000.00 1.9158 0.4880 0.7507 58.9622 1.9367 -31.0962 -1.4815 0.0070 0.0006 232 pedestrian_0020
Pedestrian 1.00 1.00 0 0 0 0 0 0 0 0 -1000.00 -1000.00 -1000.00 -1000.00 1.9158 0.4880 0.7225 61.6047 2.7906 121.3395 0.0001 0.0070 0.0006 233 pedestrian_0021
Pedestrian 0.00 1.00 0 0 0 0 0 0 0 0 1009.98 362.15 1011.37 365.34 1.1330 0.4333 0.4562 -198.9440 1.9015 15.8488 -1.5943 0.0070 0.0006 234 pedestrian_0009
Pedestrian 1.00 1.00 0 0 0 0 0 0 0 0 -1000.00 -1000.00 -1000.00 -1000.00 1.9158 0.4880 0.5026 224.2817 2.3514 35.2845 -1.5573 0.0070 0.0006 235 pedestrian_0006
Pedestrian 0.00 1.00 0 0 0 0 0 0 0 0 612.89 368.16 623.35 383.91 1.1330 0.4333 0.5252 -41.5792 1.7357 -27.2505 3.1393 0.0070 0.0006 236 pedestrian_0009
Pedestrian 0.00 0.81 0 0 1 13 0 0 0 0 437.38 356.20 444.71 367.72 1.9158 0.4880 0.7507 -93.6455 1.2846 -88.9571 1.5886 0.0070 0.0006 237 pedestrian_0026
Pedestrian 1.00 1.00 0 0 0 0 0 0 0 0 -1000.00 -1000.00 -1000.00 -1000.00 1.9158 0.4880 0.5630 26.2654 2.6176 99.7135 -2.6283 0.0070 0.0006 238 pedestrian_0021
Pedestrian 1.00 1.00 0 0 0 0 0 0 0 0 -1000.00 -1000.00 -1000.00 -1000.00 1.3390 0.3253 0.5005 61.3247 1.2010 -114.2220 1.5677 0.0070 0.0006 239 pedestrian_0012
Pedestrian 0.00 1.00 0 0 0 0 0 0 0 0 137.99 354.03 142.03 360.34 1.9158 0.4880 0.5687 -170.0891 0.0999 -252.3534 -0.3123 0.0070 0.0006 240 pedestrian_0020
Pedestrian 1.00 1.00 0 0 0 0 0 0 0 0 -1000.00 -1000.00 -1000.00 -1000.00 1.1330 0.4333 0.5421 200.9001 -7.4665 55.3326 -1.5717 0.0070 0.0006 241 pedestrian_0011
Pedestrian 1.00 1.00 0 0 0 0 0 0 0 0 -1000.00 -1000.00 -1000.00 -1000.00 1.9158 0.4880 0.7507 104.1118 1.0686 -138.1718 -3.0802 0.0070 0.0006 242 pedestrian_0002
Pedestrian 1.00 1.00 0 0 0 0 0 0 0 0 -1000.00 -1000.00 -1000.00 -1000.00 1.3390 0.3253 0.3878 125.6361 1.3983 -83.5427 1.6334 0.0070 0.0006 243 pedestrian_0014
Pedestrian 1.00 1.00 0 0 0 0 0 0 0 0 -1000.00 -1000.00 -1000.00 -1000.00 1.9158 0.4880 0.7507 110.6930 2.4648 62.0101 -3.0723 0.0070 0.0006 244 pedestrian_0006
Pedestrian 1.00 1.00 0 0 0 0 0 0 0 0 -1000.00 -1000.00 -1000.00 -1000.00 1.9158 0.4880 0.6637 200.1439 -8.0531 -20.6396 1.5681 0.0070 0.0006 245 pedestrian_0020
Pedestrian 0.00 1.00 0 0 0 0 0 0 0 0 567.42 357.09 571.86 367.40 1.9158 0.4880 0.7507 -104.5686 1.3761 -75.1635 0.3502 0.0070 0.0006 246 pedestrian_0022
Pedestrian 1.00 1.00 0 0 0 0 0 0 0 0 -1000.00 -1000.00 -1000.00 -1000.00 1.9158 0.4880 0.7102 -77.4574 0.5115 -201.6245 1.6511 0.0070 0.0006 247 pedestrian_0002
Pedestrian 1.00 1.00 0 0 0 0 0 0 0 0 -1000.00 -1000.00 -1000.00 -1000.00 1.9158 0.4880 0.7483 145.6003 1.2469 -108.3011 1.5970 0.0070 0.0006 248 pedestrian_0022
Pedestrian 1.00 1.00 21 22 38 272 2 0 0 0 -1000.00 -1000.00 -1000.00 -1000.00 1.9158 0.4880 0.4526 -12.1439 1.8843 -26.5495 -3.0011 0.0070 0.0006 249 pedestrian_0006
Pedestrian 1.00 1.00 0 0 0 0 0 0 0 0 -1000.00 -1000.00 -1000.00 -1000.00 1.9158 0.4880 0.4802 93.5721 1.0732 -136.5363 -3.0802 0.0070 0.0006 250 pedestrian_0019
Pedestrian 0.00 1.00 0 0 0 0 0 0 0 0 1446.27 363.36 1457.64 384.31 1.9158 0.4880 0.6068 -52.2156 2.2301 43.1775 -3.0817 0.0070 0.0006 251 pedestrian_0018
Pedestrian 0.00 1.00 0 0 0 0 0 0 0 0 963.05 359.73 964.63 363.65 1.9158 0.4880 0.7507 -272.7225 1.7864 -0.3659 -1.5963 0.0070 0.0006 252 pedestrian_0007
Pedestrian 1.00 1.00 0 0 0 0 0 0 0 0 -1000.00 -1000.00 -1000.00 -1000.00 1.9158 0.4880 0.6343 35.3717 1.1723 -116.9395 0.1290 0.0070 0.0006 253 pedestrian_0008
Pedestrian 0.00 1.00 0 0 0 0 0 0 0 0 1285.06 361.98 1286.57 366.39 1.9158 0.4880 0.5207 -242.3824 2.7792 139.6260 -2.1787 0.0070 0.0006 254 pedestrian_0022
Pedestrian 0.00 1.00 0 0 0 0 0 0 0 0 1484.52 363.39 1487.70 369.13 1.9158 0.4880 0.5976 -186.7251 3.0539 174.0140 0.2484 0.0070 0.0006 255 pedestrian_0024
Pedestrian 1.00 1.00 0 0 0 0 0 0 0 0 -1000.00 -1000.00 -1000.00 -1000.00 1.1330 0.4333 0.5854 207.7198 2.2102 18.0207 -1.5503 0.0070 0.0006 256 pedestrian_0011
Pedestrian 0.00 1.00 0 0 0 0 0 0 0 0 931.03 359.56 933.70 366.07 1.9158 0.4880 0.7507 -164.7496 1.7877 -10.4091 -1.5685 0.0070 0.0006 257 pedestrian_0006
Pedestrian 1.00 1.00 0 0 0 0 0 0 0 0 -1000.00 -1000.00 -1000.00 -1000.00 1.9158 0.4880 0.7507 205.5226 1.3766 -103.1763 -2.0126 0.0070 0.0006 258 pedestrian_0005
Pedestrian 1.00 1.00 0 0 0 0 0 0 0 0 -1000.00 -1000.00 -1000.00 -1000.00 1.9158 0.4880 0.7507 93.7543 2.4475 61.0837 -3.0707 0.0070 0.0006 259 pedestrian_0003
Pedestrian 1.00 1.00 0 0 0 0 0 0 0 0 -1000.00 -1000.00 -1000.00 -1000.00 1.9158 0.4880 0.5795 165.3546 -8.6663 -105.6240 1.5945 0.0070 0.0006 260 pedestrian_0001
Pedestrian 1.00 1.00 0 0 0 0 0 0 0 0 -1000.00 -1000.00 -1000.00 -1000.00 1.3390 0.3253 0.3242 61.1825 1.6602 -47.9453 -1.4042 0.0070 0.0006 261 pedestrian_0014
Pedestrian 1.00 1.00 30 31 45 503 0 0 6 0 -1000.00 -1000.00 -1000.00 -1000.00 1.9158 0.4880 0.6930 5.3578 2.0849 24.9034 -2.0109 0.0070 0.0006 262 pedestrian_0020
Pedestrian 0.00 1.00 0 0 0 0 0 0 0 0 1174.89 361.13 1176.84 366.29 1.9158 0.4880 0.6221 -207.7280 2.3387 78.2535 -2.0359 0.0070 0.0006 263 pedestrian_0025
Pedestrian 1.00 1.00 0 0 0 0 0 0 0 0 -1000.00 -1000.00 -1000.00 -1000.00 1.9158 0.4880 0.7507 89.4381 2.6309 89.2994 -1.9407 0.0070 0.0006 264 pedestrian_0026
Pedestrian 1.00 1.00 0 0 0 0 0 0 0 0 -1000.00 -1000.00 -1000.00 -1000.00 1.9158 0.4880 0.7507 -98.0976 0.1394 -253.2302 -3.1278 0.0070 0.0006 265 pedestrian_0025
Pedestrian 1.00 1.00 0 0 0 0 0 0 0 0 -1000.00 -1000.00 -1000.00 -1000.00 1.3390 0.3253 0.4237 94.4891 0.7983 -166.9788 3.1264 0.0070 0.0006 266 pedestrian_0013
Pedestrian 1.00 1.00 0 0 0 0 0 0 0 0 -1000.00 -1000.00 -1000.00 -1000.00 1.9158 0.4880 0.3884 85.2478 1.0340 -141.4176 2.4631 0.0070 0.0006 267 pedestrian_0015
Pedestrian 1.00 1.00 0 0 0 0 0 0 0 0 -1000.00 -1000.00 -1000.00 -1000.00 1.9158 0.4880 0.3800 125.8491 1.2041 -112.7000 -0.7129 0.0070 0.0006 268 pedestrian_0021
Pedestrian 1.00 1.00 0 0 0 0 0 0 0 0 -1000.00 -1000.00 -1000.00 -1000.00 1.1330 0.4333 0.4221 -45.7838 3.1416 179.2998 -3.1183 0.0070 0.0006 269 pedestrian_0010
Pedestrian 0.00 0.02 54 55 92 3349 16 8 0 0 446.75 357.95 485.70 447.05 1.9158 0.4880 0.4876 -12.9922 1.8534 -12.9016 1.6115 0.0070 0.0006 270 pedestrian_0023
Pedestrian 1.00 1.00 0 0 0 0 0 0 0 0 -1000.00 -1000.00 -1000.00 -1000.00 1.3390 0.3253 0.5005 57.2440 2.8898 115.3040 -1.8269 0.0070 0.0006 271 pedestrian_0013
Pedestrian 0.00 1.00 0 0 0 0 0 0 0 0 386.50 355.74 388.22 360.55 1.9158 0.4880 0.4241 -222.3282 0.2168 -230.8794 -0.6768 0.0070 0.0006 272 pedestrian_0016
Pedestrian 0.00 1.00 0 0 0 0 0 0 0 0 1255.27 363.36 1257.28 367.33 1.3390 0.3253 0.5005 -188.8969 2.4813 98.1758 0.6012 0.0070 0.0006 273 pedestrian_0014
Pedestrian 0.00 1.00 0 0 0 0 0 0 0 0 518.37 356.70 520.91 364.73 1.9158 0.4880 0.4344 -133.6195 1.1295 -107.5869 -0.8357 0.0070 0.0006 274 pedestrian_0019
Pedestrian 1.00 1.00 0 0 0 0 0 0 0 0 -1000.00 -1000.00 -1000.00 -1000.00 1.3390 0.3253 0.4993 50.2368 1.0256 -138.2010 2.9547 0.0070 0.0006 275 pedestrian_0013
Pedestrian 1.00 1.00 0 0 0 0 0 0 0 0 -1000.00 -1000.00 -1000.00 -1000.00 1.9158 0.4880 0.7507 73.1853 1.1931 -139.3465 -3.1309 0.0070 0.0006 276 pedestrian_0023
Pedestrian 1.00 1.00 0 0 0 0 0 0 0 0 -1000.00 -1000.00 -1000.00 -1000.00 1.1330 0.4333 0.6667 63.9601 1.9646 -25.9131 0.0657 0.0070 0.0006 277 pedestrian_0011
Pedestrian 1.00 1.00 0 0 0 0 0 0 0 0 -1000.00 -1000.00 -1000.00 -1000.00 1.3390 0.3253 0.3152 60.9281 1.0849 -136.5192 -1.6048 0.0070 0.0006 278 pedestrian_0012
Pedestrian 1.00 1.00 0 0 0 0 0 0 0 0 -1000.00 -1000.00 -1000.00 -1000.00 1.9158 0.4880 0.5529 15.2977 -7.6307 -215.8757 3.1382 0.0070 0.0006 279 pedestrian_0015
Pedestrian 1.00 1.00 0 0 0 0 0 0 0 0 -1000.00 -1000.00 -1000.00 -1000.00 1.9158 0.4880 0.7507 63.1337 2.8483 99.6130 0.0264 0.0070 0.0006 280 pedestrian_0017
Pedestrian 1.00 1.00 0 0 0 0 0 0 0 0 -1000.00 -1000.00 -1000.00 -1000.00 1.9158 0.4880 0.4449 196.0695 -6.9457 100.9204 -1.2143 0.0070 0.0006 281 pedestrian_0005
Pedestrian 1.00 1.00 0 0 0 0 0 0 0 0 -1000.00 -1000.00 -1000.00 -1000.00 1.1330 0.4333 0.3641 84.5298 0.8609 -164.5994 -2.5459 0.0070 0.0006 282 pedestrian_0009
Pedestrian 0.00 1.00 0 0 0 0 0 0 0 0 350.87 357.94 354.78 361.69 1.1330 0.4333 0.6667 -169.1432 0.5122 -186.4034 -0.2317 0.0070 0.0006 283 pedestrian_0009
Pedestrian 1.00 1.00 0 0 0 0 0 0 0 0 -1000.00 -1000.00 -1000.00 -1000.00 1.1330 0.4333 0.3944 206.3275 1.3918 -99.4285 1.4637 0.0070 0.0006 284 pedestrian_0009
Pedestrian 0.00 1.00 0 0 0 0 0 0 0 0 391.28 355.68 395.64 362.18 1.9158 0.4880 0.7507 -165.2270 0.6416 -170.0764 2.9176 0.0070 0.0006 285 pedestrian_0024
Pedestrian 1.00 1.00 0 0 0 0 0 0 0 0 -1000.00 -1000.00 -1000.00 -1000.00 1.9158 0.4880 0.7507 125.7373 1.9746 -1.8816 -1.6035 0.0070 0.0006 286 pedestrian_0023
Pedestrian 0.00 1.00 0 0 0 0 0 0 0 0 718.91 359.44 726.54 374.79 1.9158 0.4880 0.7507 -70.5874 1.8477 -32.0196 1.6461 0.0070 0.0006 287 pedestrian_0015
Pedestrian 1.00 1.00 0 0 0 0 0 0 0 0 -1000.00 -1000.00 -1000.00 -1000.00 1.9158 0.4880 0.6143 33.7462 -9.2520 -216.2225 -3.0251 0.0070 0.0006 288 pedestrian_0025
Pedestrian 1.00 1.00 0 0 0 0 0 0 0 0 -1000.00 -1000.00 -1000.00 -1000.00 1.1330 0.4333 0.4903 178.3423 -6.4968 133.7522 -0.9369 0.0070 0.0006 289 pedestrian_0009
Pedestrian 0.00 1.00 0 0 0 0 0 0 0 0 831.35 359.13 833.35 364.21 1.9158 0.4880 0.7507 -210.7922 1.5907 -50.5553 -0.1369 0.0070 0.0006 290 pedestrian_0019
Pedestrian 0.00 1.00 0 0 0 0 0 0 0 0 1035.31 360.15 1037.43 365.11 1.9158 0.4880 0.7507 -215.8569 1.9772 27.3532 1.5565 0.0070 0.0006 291 pedestrian_0007
Pedestrian 0.00 1.00 0 0 0 0 0 0 0 0 981.94 359.86 983.54 363.77 1.9158 0.4880 0.7507 -273.3511 1.8506 8.9261 1.5763 0.0070 0.0006 292 pedestrian_0021
Pedestrian 1.00 1.00 0 0 0 0 0 0 0 0 -1000.00 -1000.00 -1000.00 -1000.00 1.3390 0.3253 0.4366 139.7508 2.4283 41.0612 -3.1005 0.0070 0.0006 293 pedestrian_0014
Pedestrian 1.00 1.00 0 0 0 0 0 0 0 0 -1000.00 -1000.00 -1000.00 -1000.00 1.9158 0.4880 0.7475 40.8847 -4.7313 178.4962 -3.1305 0.0070 0.0006 294 pedestrian_0002
Pedestrian 0.00 1.00 0 0 0 0 0 0 0 0 1354.72 362.65 1366.75 384.18 1.9158 0.4880 0.7507 -50.9437 2.1580 33.8371 0.6164 0.0070 0.0006 295 pedestrian_0026
Pedestrian 1.00 1.00 4 4 6 64 0 0 2 0 -1000.00 -1000.00 -1000.00 -1000.00 1.9158 0.4880 0.4193 10.0285 2.4260 66.3718 -1.7842 0.0070 0.0006 296 pedestrian_0020
Pedestrian 1.00 1.00 35 33 64 325 14 0 0 0 -1000.00 -1000.00 -1000.00 -1000.00 1.9158 0.4880 0.7297 -2.0375 1.8855 -25.0772 -0.1003 0.0070 0.0006 297 pedestrian_0016
Pedestrian 0.00 1.00 0 0 0 0 0 0 0 0 879.96 359.15 881.66 364.88 1.9158 0.4880 0.5799 -186.7582 1.6322 -28.7824 0.0306 0.0070 0.0006 298 pedestrian_0024
Pedestrian 1.00 1.00 0 0 0 0 0 0 0 0 -1000.00 -1000.00 -1000.00 -1000.00 1.9158 0.4880 0.6736 47.0266 -5.1421 142.6649 -0.0121 0.0070 0.0006 299 pedestrian_0001
Pedestrian 1.00 1.00 0 0 0 0 0 0 0 0 -1000.00 -1000.00 -1000.00 -1000.00 1.9158 0.4880 0.5636 58.2305 0.7830 -167.2390 3.1242 0.0070 0.0006 300 pedestrian_0025
Pedestrian 1.00 1.00 0 3 4 7 1 0 0 0 -1000.00 -1000.00 -1000.00 -1000.00 1.9158 0.4880 0.5431 5.9569 0.9375 -140.0411 1.6662 0.0070 0.0006 301 pedestrian_0016
Pedestrian 1.00 1.00 0 0 0 0 0 0 0 0 -1000.00 -1000.00 -1000.00 -1000.00 1.9158 0.4880 0.7507 52.4360 1.8736 -16.8984 -2.7691 0.0070 0.0006 302 pedestrian_0006
Pedestrian 1.00 1.00 0 0 0 0 0 0 0 0 -1000.00 -1000.00 -1000.00 -1000.00 1.3390 0.3253 0.3850 82.4505 2.4666 66.0502 -1.6395 0.0070 0.0006 303 pedestrian_0012
Pedestrian 0.00 1.00 0 0 0 0 0 0 0 0 517.70 356.64 520.07 360.90 1.9158 0.4880 0.7507 -251.3410 0.4047 -201.4560 -1.0774 0.0070 0.0006 304 pedestrian_0024
Pedestrian 1.00 1.00 0 0 0 0 0 0 0 0 -1000.00 -1000.00 -1000.00 -1000.00 1.3390 0.3253 0.3085 -84.5762 3.1477 179.3387 -0.1110 0.0070 0.0006 305 pedestrian_0013
Pedestrian 0.00 1.00 0 0 0 0 0 0 0 0 1248.47 363.43 1249.82 365.95 1.1330 0.4333 0.5299 -251.2955 2.6835 128.3114 -2.0379 0.0070 0.0006 306 pedestrian_0011
Pedestrian 1.00 1.00 0 0 0 0 0 0 0 0 -1000.00 -1000.00 -1000.00 -1000.00 1.9158 0.4880 0.7058 -70.2250 0.9722 -136.1044 3.0496 0.0070 0.0006 307 pedestrian_0024
Pedestrian 0.00 1.00 0 0 0 0 0 0 0 0 1057.22 360.39 1058.31 364.31 1.9158 0.4880 0.3984 -272.4281 2.1064 45.6255 -2.0102 0.0070 0.0006 308 pedestrian_0004
Pedestrian 1.00 1.00 0 0 0 0 0 0 0 0 -1000.00 -1000.00 -1000.00 -1000.00 1.9158 0.4880 0.5193 61.3936 2.5958 63.4555 2.5998 0.0070 0.0006 309 pedestrian_0019
Pedestrian 1.00 1.00 0 0 0 0 0 0 0 0 -1000.00 -1000.00 -1000.00 -1000.00 1.3390 0.3253 0.5005 91.3324 1.8302 -26.2699 0.0597 0.0070 0.0006 310 pedestrian_0012
Pedestrian 1.00 1.00 0 0 0 0 0 0 0 0 -1000.00 -1000.00 -1000.00 -1000.00 1.9158 0.4880 0.5377 123.3299 1.3550 -120.6549 -1.6250 0.0070 0.0006 311 pedestrian_0022
Pedestrian 1.00 1.00 0 0 0 0 0 0 0 0 -1000.00 -1000.00 -1000.00 -1000.00 1.9158 0.4880 0.5303 57.9515 1.1770 -118.3470 0.2257 0.0070 0.0006 312 pedestrian_0018
Pedestrian 0.00 1.00 0 0 0 0 0 0 0 0 1095.73 360.74 1099.57 369.08 1.9158 0.4880 0.6921 -129.0872 2.0900 29.5550 -2.4470 0.0070 0.0006 313 pedestrian_0022
Pedestrian 1.00 1.00 0 0 0 0 0 0 0 0 -1000.00 -1000.00 -1000.00 -1000.00 1.9158 0.4880 0.3812 35.6751 1.1646 -118.0744 2.5168 0.0070 0.0006 314 pedestrian_0005
Pedestrian 0.00 1.00 0 0 0 0 0 0 0 0 1306.54 362.31 1314.54 378.15 1.9158 0.4880 0.7507 -68.6758 2.2010 40.5305 0.0019 0.0070 0.0006 315 pedestrian_0018
Pedestrian 0.00 1.00 0 0 0 0 0 0 0 0 1243.51 361.69 1245.42 365.95 1.9158 0.4880 0.6816 -251.3923 2.6804 126.2443 -2.2125 0.0070 0.0006 316 pedestrian_0024
Pedestrian 1.00 1.00 11 10 14 76 6 0 0 0 -1000.00 -1000.00 -1000.00 -1000.00 1.9158 0.4880 0.6340 -5.0339 1.7360 -46.5819 2.9823 0.0070 0.0006 317 pedestrian_0002
Pedestrian 0.70 1.00 0 0 0 0 0 0 0 0 0.00 355.80 1.42 362.54 1.3390 0.3253 0.3419 -111.4180 0.5046 -193.6165 0.0054 0.0070 0.0006 318 pedestrian_0013
Pedestrian 0.00 1.00 0 0 0 0 0 0 0 0 591.99 357.37 600.30 373.23 1.9158 0.4880 0.7507 -68.4761 1.5985 -46.5178 3.0978 0.0070 0.0006 319 pedestrian_0018
Pedestrian 0.00 1.00 0 0 0 5 0 0 0 0 403.10 355.93 407.20 365.66 1.9158 0.4880 0.5148 -110.5392 1.1145 -111.8678 -2.1979 0.0070 0.0006 320 pedestrian_0006
Pedestrian 0.00 1.00 0 0 0 0 0 0 0 0 41.46 353.37 47.84 360.42 1.9158 0.4880 0.7507 -152.3831 0.1123 -252.1971 0.0099 0.0070 0.0006 321 pedestrian_0021
Pedestrian 0.00 1.00 0 0 0 0 0 0 0 0 747.40 361.94 750.47 367.29 1.1330 0.4333 0.5722 -119.3074 1.5498 -47.2823 0.0069 0.0070 0.0006 322 pedestrian_0010
Pedestrian 1.00 1.00 0 0 0 0 0 0 0 0 -1000.00 -1000.00 -1000.00 -1000.00 1.9158 0.4880 0.4149 120.5745 1.8602 -25.6930 2.9537 0.0070 0.0006 323 pedestrian_0022
Pedestrian 1.00 1.00 30 38 65 449 5 0 0 0 -1000.00 -1000.00 -1000.00 -1000.00 1.9158 0.4880 0.5360 8.1916 1.7632 -21.8869 -3.0985 0.0070 0.0006 324 pedestrian_0015
Pedestrian 1.00 1.00 11 10 7 152 0 0 1 0 -1000.00 -1000.00 -1000.00 -1000.00 1.9158 0.4880 0.6398 -24.3735 2.2483 43.2746 3.0801 0.0070 0.0006 325 pedestrian_0005
Pedestrian 1.00 1.00 0 0 0 0 0 0 0 0 -1000.00 -1000.00 -1000.00 -1000.00 1.9158 0.4880 0.5114 195.1266 -6.9173 103.2373 -1.1858 0.0070 0.0006 326 pedestrian_0006
Pedestrian 1.00 1.00 0 0 0 0 0 0 0 0 -1000.00 -1000.00 -1000.00 -1000.00 1.9158 0.4880 0.7507 224.8761 2.0016 -15.4274 -1.4767 0.0070 0.0006 327 pedestrian_0002
Pedestrian 1.00 1.00 0 0 0 0 0 0 0 0 -1000.00 -1000.00 -1000.00 -1000.00 1.9158 0.4880 0.6578 95.1202 2.3130 41.6126 3.1189 0.0070 0.0006 328 pedestrian_0015
Pedestrian 0.89 1.00 0 0 0 0 0 0 0 0 1918.93 366.48 1920.00 376.75 1.9158 0.4880 0.7507 -105.5097 3.1432 179.4087 3.1155 0.0070 0.0006 329 pedestrian_0005
Pedestrian 0.00 1.00 0 0 0 0 0 0 0 0 294.70 357.24 297.31 360.39 1.1330 0.4333 0.4930 -201.3826 0.1393 -242.2601 -0.3995 0.0070 0.0006 330 pedestrian_0010
Pedestrian 1.00 1.00 0 0 0 0 0 0 0 0 -1000.00 -1000.00 -1000.00 -1000.00 1.9158 0.4880 0.6983 49.6250 2.2959 43.3234 -0.0121 0.0070 0.0006 331 pedestrian_0001
Pedestrian 0.00 1.00 0 0 0 0 0 0 0 0 1178.91 361.35 1182.96 372.87 1.9158 0.4880 0.3843 -93.7110 2.1444 34.6957 2.1967 0.0070 0.0006 332 pedestrian_0017
Pedestrian 0.00 1.00 0 0 0 0 0 0 0 0 681.83 357.90 686.30 369.57 1.9158 0.4880 0.4284 -92.4646 1.5718 -47.7647 -1.8819 0.0070 0.0006 333 pedestrian_0023
Pedestrian 0.00 1.00 0 0 0 0 0 0 0 0 1641.72 367.79 1645.94 375.79 1.3390 0.3253 0.3250 -94.5776 2.6580 113.1662 -0.3822 0.0070 0.0006 334 pedestrian_0013
Pedestrian 0.00 1.00 0 0 0 0 0 0 0 0 281.40 354.92 286.55 361.87 1.9158 0.4880 0.7507 -154.4453 0.5142 -189.3607 -0.1726 0.0070 0.0006 335 pedestrian_0019
Pedestrian 1.00 1.00 22 22 32 647 0 0 4 0 -1000.00 -1000.00 -1000.00 -1000.00 1.9158 0.4880 0.7066 -13.8853 2.0578 22.5318 1.6299 0.0070 0.0006 336 pedestrian_0017
Pedestrian 0.00 1.00 0 0 0 0 0 0 0 0 112.24 353.86 117.80 360.36 1.9158 0.4880 0.7507 -164.9837 0.1045 -252.1911 -0.0229 0.0070 0.0006 337 pedestrian_0025
Pedestrian 1.00 1.00 0 0 0 0 0 0 0 0 -1000.00 -1000.00 -1000.00 -1000.00 1.9158 0.4880 0.7507 167.2918 -9.4563 -218.6591 -2.3596 0.0070 0.0006 338 pedestrian_0006
Pedestrian 1.00 1.00 0 0 0 0 0 0 0 0 -1000.00 -1000.00 -1000.00 -1000.00 1.1330 0.4333 0.6097 115.6260 -9.4452 -210.0195 -2.7934 0.0070 0.0006 339 pedestrian_0011
Pedestrian 1.00 1.00 0 0 0 0 0 0 0 0 -1000.00 -1000.00 -1000.00 -1000.00 1.1330 0.4333 0.5427 123.7423 2.5141 77.5144 -1.5626 0.0070 0.0006 340 pedestrian_0011
Pedestrian 1.00 1.00 0 0 0 0 0 0 0 0 -1000.00 -1000.00 -1000.00 -1000.00 1.3390 0.3253 0.3069 207.0700 1.6569 -62.0774 -1.5769 0.0070 0.0006 341 pedestrian_0013
Pedestrian 0.00 1.00 0 0 0 11 0 0 0 0 523.76 356.80 530.62 368.41 1.9158 0.4880 0.7507 -93.0095 1.3885 -74.0668 1.5285 0.0070 0.0006 342 pedestrian_0007
Pedestrian 1.00 1.00 0 0 0 0 0 0 0 0 -1000.00 -1000.00 -1000.00 -1000.00 1.9158 0.4880 0.3754 83.2994 1.8642 -21.8475 -1.6318 0.0070 0.0006 343 pedestrian_0021
Pedestrian 1.00 1.00 0 0 0 0 0 0 0 0 -1000.00 -1000.00 -1000.00 -1000.00 1.1330 0.4333 0.6148 200.5753 -7.7662 21.3815 -1.5810 0.0070 0.0006 344 pedestrian_0010
Pedestrian 1.00 1.00 4 9 10 89 0 0 1 0 -1000.00 -1000.00 -1000.00 -1000.00 1.9158 0.4880 0.5361 7.3145 2.5391 60.2714 -1.6066 0.0070 0.0006 345 pedestrian_0021
Pedestrian 1.00 1.00 0 0 0 0 0 0 0 0 -1000.00 -1000.00 -1000.00 -1000.00 1.3390 0.3253 0.3147 103.5214 2.6573 99.5405 -3.1113 0.0070 0.0006 346 pedestrian_0014
Pedestrian 0.00 1.00 0 0 0 0 0 0 0 0 695.94 358.12 703.52 377.31 1.9158 0.4880 0.5720 -56.7418 1.7293 -28.4039 -3.1178 0.0070 0.0006 347 pedestrian_0023
Pedestrian 1.00 1.00 0 0 0 0 0 0 0 0 -1000.00 -1000.00 -1000.00 -1000.00 1.9158 0.4880 0.7507 125.7946 1.8681 -17.2062 -1.5569 0.0070 0.0006 348 pedestrian_0008
Pedestrian 0.00 1.00 0 0 0 0 0 0 0 0 991.41 359.93 993.01 363.83 1.9158 0.4880 0.7507 -273.8132 1.8828 13.6068 1.5640 0.0070 0.0006 349 pedestrian_0006
Pedestrian 1.00 1.00 0 0 0 0 0 0 0 0 -1000.00 -1000.00 -1000.00 -1000.00 1.9158 0.4880 0.6359 126.2119 1.4535 -76.8633 -1.5733 0.0070 0.0006 350 pedestrian_0022
Pedestrian 1.00 1.00 0 0 0 0 0 0 0 0 -1000.00 -1000.00 -1000.00 -1000.00 1.9158 0.4880 0.6952 51.9047 1.1765 -117.8652 -0.1677 0.0070 0.0006 351 pedestrian_0023
Pedestrian 1.00 1.00 0 0 0 0 0 0 0 0 -1000.00 -1000.00 -1000.00 -1000.00 1.9158 0.4880 0.7182 139.2230 1.2008 -137.6006 3.1360 0.0070 0.0006 352 pedestrian_0006
Pedestrian 1.00 1.00 0 0 0 0 0 0 0 0 -1000.00 -1000.00 -1000.00 -1000.00 1.9158 0.4880 0.7082 60.8291 0.8485 -165.8496 1.3196 0.0070 0.0006 353 pedestrian_0024
Pedestrian 0.00 1.00 0 0 0 0 0 0 0 0 1399.54 364.82 1402.23 367.84 1.1330 0.4333 0.6667 -210.3983 2.9578 164.2956 -2.6885 0.0070 0.0006 354 pedestrian_0011
Pedestrian 1.00 1.00 0 0 0 0 0 0 0 0 -1000.00 -1000.00 -1000.00 -1000.00 1.9158 0.4880 0.6621 137.1167 2.4241 39.7953 3.0051 0.0070 0.0006 355 pedestrian_0017
Pedestrian 1.00 1.00 0 0 0 0 0 0 0 0 -1000.00 -1000.00 -1000.00 -1000.00 1.3390 0.3253 0.3490 165.1019 -7.7943 20.2753 -1.5809 0.0070 0.0006 356 pedestrian_0012
Pedestrian 0.00 1.00 0 0 0 0 0 0 0 0 151.64 354.13 154.78 360.36 1.9158 0.4880 0.4344 -171.8240 0.1091 -250.8524 2.7890 0.0070 0.0006 357 pedestrian_0020
Pedestrian 1.00 1.00 9 5 10 47 5 0 0 0 -1000.00 -1000.00 -1000.00 -1000.00 1.9158 0.4880 0.7507 5.2057 1.4615 -64.6794 1.6503 0.0070 0.0006 358 pedestrian_0017
Pedestrian 1.00 1.00 8 11 15 237 0 0 2 0 -1000.00 -1000.00 -1000.00 -1000.00 1.9158 0.4880 0.4650 -14.7869 2.1467 35.7080 1.6129 0.0070 0.0006 359 pedestrian_0025
Pedestrian 0.00 1.00 0 0 0 0 0 0 0 0 766.40 359.54 767.60 362.29 1.3390 0.3253 0.4689 -271.6548 1.1138 -96.4784 1.5977 0.0070 0.0006 360 pedestrian_0013
Pedestrian 0.00 1.00 0 0 0 0 0 0 0 0 424.76 357.37 426.53 360.61 1.3390 0.3253 0.5005 -231.0746 0.2514 -224.0248 -0.7385 0.0070 0.0006 361 pedestrian_0013
Pedestrian 1.00 1.00 0 0 0 0 0 0 0 0 -1000.00 -1000.00 -1000.00 -1000.00 1.3390 0.3253 0.3674 116.5426 2.4654 62.7846 -2.8073 0.0070 0.0006 362 pedestrian_0013
Pedestrian 1.00 1.00 0 0 0 0 0 0 0 0 -1000.00 -1000.00 -1000.00 -1000.00 1.1330 0.4333 0.3333 11.0548 1.0135 -135.9128 3.0499 0.0070 0.0006 363 pedestrian_0011
Pedestrian 1.00 1.00 0 0 0 1 0 0 0 0 -1000.00 -1000.00 -1000.00 -1000.00 1.3390 0.3253 0.3993 -23.0186 0.9898 -136.6432 0.0006 0.0070 0.0006 364 pedestrian_0012
Pedestrian 1.00 1.00 0 0 0 0 0 0 0 0 -1000.00 -1000.00 -1000.00 -1000.00 1.9158 0.4880 0.5389 126.4165 2.4931 72.6170 -1.4414 0.0070 0.0006 365 pedestrian_0023
Pedestrian 0.00 1.00 0 0 0 0 0 0 0 0 1268.58 361.78 1271.12 367.59 1.9158 0.4880 0.5378 -184.5770 2.5094 100.3608 0.4405 0.0070 0.0006 366 pedestrian_0005
Pedestrian 0.00 1.00 0 0 0 0 0 0 0 0 464.26 356.63 467.03 362.31 1.9158 0.4880 0.6294 -188.5545 0.7778 -169.4989 1.1153 0.0070 0.0006 367 pedestrian_0021
Pedestrian 0.00 1.00 0 0 0 0 0 0 0 0 877.83 361.44 879.59 364.85 1.1330 0.4333 0.4067 -186.2465 1.6168 -29.4077 -0.3458 0.0070 0.0006 368 pedestrian_0010
Pedestrian 0.00 1.00 0 0 0 0 0 0 0 0 661.62 358.75 667.61 371.10 1.9158 0.4880 0.7507 -87.5332 1.7233 -48.3436 -0.0729 0.0070 0.0006 369 pedestrian_0020
Pedestrian 1.00 1.00 1 5 6 23 1 0 0 0 -1000.00 -1000.00 -1000.00 -1000.00 1.3390 0.3253 0.4336 6.6152 1.4804 -61.0855 1.5620 0.0070 0.0006 370 pedestrian_0012
Pedestrian 1.00 1.00 0 0 0 0 0 0 0 0 -1000.00 -1000.00 -1000.00 -1000.00 1.9158 0.4880 0.6553 91.7217 2.6560 93.5052 -1.9511 0.0070 0.0006 371 pedestrian_0015
Pedestrian 1.00 1.00 0 0 0 0 0 0 0 0 -1000.00 -1000.00 -1000.00 -1000.00 1.9158 0.4880 0.4860 60.2229 1.1819 -117.8483 1.0163 0.0070 0.0006 372 pedestrian_0007
Pedestrian 0.00 1.00 0 0 0 0 0 0 0 0 795.78 358.57 797.38 362.51 1.9158 0.4880 0.6363 -271.3612 1.2220 -81.9497 1.6027 0.0070 0.0006 373 pedestrian_0008
Pedestrian 1.00 1.00 0 0 0 0 0 0 0 0 -1000.00 -1000.00 -1000.00 -1000.00 1.9158 0.4880 0.5961 145.3197 2.0151 2.1379 -1.5842 0.0070 0.0006 374 pedestrian_0020
Pedestrian 0.00 1.00 0 0 0 0 0 0 0 0 100.19 353.85 107.27 365.14 1.9158 0.4880 0.5527 -95.5025 0.8715 -148.1883 1.3492 0.0070 0.0006 375 pedestrian_0015
Pedestrian 0.00 1.00 0 0 0 0 0 0 0 0 719.85 361.19 722.41 368.36 1.3390 0.3253 0.3315 -104.8726 1.5630 -46.9968 -0.0114 0.0070 0.0006 376 pedestrian_0012
Pedestrian 1.00 1.00 0 0 0 0 0 0 0 0 -1000.00 -1000.00 -1000.00 -1000.00 1.9158 0.4880 0.4433 86.9751 0.9993 -146.5637 1.4282 0.0070 0.0006 377 pedestrian_0017
Pedestrian 1.00 1.00 0 0 0 0 0 0 0 0 -1000.00 -1000.00 -1000.00 -1000.00 1.9158 0.4880 0.7507 50.4380 1.6690 -46.8942 0.0159 0.0070 0.0006 378 pedestrian_0025
Pedestrian 1.00 1.00 0 0 0 0 0 0 0 0 -1000.00 -1000.00 -1000.00 -1000.00 1.1330 0.4333 0.6667 110.6412 2.3158 42.2217 3.0625 0.0070 0.0006 379 pedestrian_0009
Pedestrian 1.00 1.00 0 0 0 0 0 0 0 0 -1000.00 -1000.00 -1000.00 -1000.00 1.9158 0.4880 0.6181 92.1038 1.0654 -137.5296 3.1198 0.0070 0.0006 380 pedestrian_0002
Pedestrian 0.00 1.00 0 0 0 0 0 0 0 0 137.38 355.90 140.42 360.32 1.3390 0.3253 0.4001 -169.4945 0.0956 -251.8099 -0.0465 0.0070 0.0006 381 pedestrian_0013
Pedestrian 1.00 1.00 0 0 0 0 0 0 0 0 -1000.00 -1000.00 -1000.00 -1000.00 1.3390 0.3253 0.3115 125.1996 1.2181 -117.3967 -2.3286 0.0070 0.0006 382 pedestrian_0012
Pedestrian 1.00 1.00 0 0 0 0 0 0 0 0 -1000.00 -1000.00 -1000.00 -1000.00 1.1330 0.4333 0.6018 80.6828 2.8578 101.1958 -3.0186 0.0070 0.0006 383 pedestrian_0010
Pedestrian 0.00 1.00 0 0 0 0 0 0 0 0 653.77 358.76 654.99 361.52 1.3390 0.3253 0.3926 -270.0988 0.7373 -150.6081 -1.6508 0.0070 0.0006 384 pedestrian_0013
Pedestrian 1.00 1.00 0 0 0 0 0 0 0 0 -1000.00 -1000.00 -1000.00 -1000.00 1.9158 0.4880 0.7507 56.3723 2.8858 113.5920 -1.5757 0.0070 0.0006 385 pedestrian_0015
Pedestrian 0.00 1.00 0 0 0 0 0 0 0 0 1615.98 365.20 1623.99 376.73 1.9158 0.4880 0.7507 -93.7928 2.7904 108.2035 -1.5538 0.0070 0.0006 386 pedestrian_0018
Pedestrian 1.00 1.00 0 0 0 0 0 0 0 0 -1000.00 -1000.00 -1000.00 -1000.00 1.3390 0.3253 0.4910 -142.2829 0.1059 -252.8629 0.0554 0.0070 0.0006 387 pedestrian_0013
Pedestrian 1.00 1.00 0 0 0 0 0 0 0 0 -1000.00 -1000.00 -1000.00 -1000.00 1.9158 0.4880 0.5209 124.9321 0.9297 -152.0729 1.1275 0.0070 0.0006 388 pedestrian_0022
Pedestrian 0.00 1.00 0 0 0 0 0 0 0 0 1022.97 360.15 1024.64 364.08 1.9158 0.4880 0.7507 -271.8863 1.9907 28.9328 -1.5761 0.0070 0.0006 389 pedestrian_0003
Pedestrian 0.00 1.00 0 0 0 0 0 0 0 0 28.11 353.28 34.64 360.42 1.9158 0.4880 0.7507 -150.3375 0.1124 -252.3949 -0.0160 0.0070 0.0006 390 pedestrian_0021
Pedestrian 1.00 1.00 2 1 3 14 0 0 0 0 -1000.00 -1000.00 -1000.00 -1000.00 1.9158 0.4880 0.7507 9.5335 2.4822 80.5057 -1.5469 0.0070 0.0006 391 pedestrian_0016
Pedestrian 0.00 1.00 0 0 0 0 0 0 0 0 386.77 355.74 389.74 360.54 1.9158 0.4880 0.7507 -223.0448 0.2132 -231.2635 -0.6109 0.0070 0.0006 392 pedestrian_0005
Pedestrian 1.00 1.00 0 0 0 0 0 0 0 0 -1000.00 -1000.00 -1000.00 -1000.00 1.9158 0.4880 0.4691 158.8894 -9.1074 -168.2697 -1.9358 0.0070 0.0006 393 pedestrian_0026
Pedestrian 1.00 1.00 0 0 0 0 0 0 0 0 -1000.00 -1000.00 -1000.00 -1000.00 1.9158 0.4880 0.5949 125.9060 1.2420 -115.2329 1.4728 0.0070 0.0006 394 pedestrian_0022
Pedestrian 1.00 1.00 0 0 0 0 0 0 0 0 -1000.00 -1000.00 -1000.00 -1000.00 1.1330 0.4333 0.6667 164.8814 -8.7132 -110.6137 1.6058 0.0070 0.0006 395 pedestrian_0010
Pedestrian 1.00 1.00 0 0 0 0 0 0 0 0 -1000.00 -1000.00 -1000.00 -1000.00 1.9158 0.4880 0.7507 96.0325 2.8041 120.1251 -0.0044 0.0070 0.0006 396 pedestrian_0006
Pedestrian 0.00 1.00 0 0 0 0 0 0 0 0 1399.37 368.55 1404.73 381.71 1.3390 0.3253 0.2688 -57.7782 2.2170 43.0099 -3.0565 0.0070 0.0006 397 pedestrian_0012
Pedestrian 1.00 1.00 0 0 0 0 0 0 0 0 -1000.00 -1000.00 -1000.00 -1000.00 1.1330 0.4333 0.5089 127.6925 1.7756 -46.3438 -1.0916 0.0070 0.0006 398 pedestrian_0010
Pedestrian 1.00 1.00 6 8 15 99 0 0 3 0 -1000.00 -1000.00 -1000.00 -1000.00 1.9158 0.4880 0.7507 -22.4379 2.2499 43.3245 3.0744 0.0070 0.0006 399 pedestrian_0007
Pedestrian 1.00 1.00 0 0 0 0 0 0 0 0 -1000.00 -1000.00 -1000.00 -1000.00 1.9158 0.4880 0.4082 196.5596 -6.9631 99.4597 -0.9959 0.0070 0.0006 400 pedestrian_0001
Pedestrian 1.00 1.00 0 0 0 0 0 0 0 0 -1000.00 -1000.00 -1000.00 -1000.00 1.9158 0.4880 0.7507 154.4025 1.7542 -44.1935 3.1015 0.0070 0.0006 401 pedestrian_0016
Pedestrian 0.00 1.00 0 0 0 0 0 0 0 0 827.75 358.79 829.54 362.72 1.9158 0.4880 0.7507 -272.3047 1.3291 -66.5352 -1.5508 0.0070 0.0006 402 pedestrian_0021
Pedestrian 0.00 0.05 78 93 150 720 0 26 0 0 868.40 358.32 899.60 439.33 1.9158 0.4880 0.6136 -14.2284 1.8705 -4.0445 -1.6705 0.0070 0.0006 403 pedestrian_0006
Pedestrian 1.00 1.00 30 34 57 366 8 0 0 0 -1000.00 -1000.00 -1000.00 -1000.00 1.9158 0.4880 0.7507 11.6989 1.7942 -25.3442 3.0943 0.0070 0.0006 404 pedestrian_0023
Pedestrian 1.00 1.00 0 0 0 0 0 0 0 0 -1000.00 -1000.00 -1000.00 -1000.00 1.1330 0.4333 0.6103 74.9709 2.4247 39.2390 3.0588 0.0070 0.0006 405 pedestrian_0011
Pedestrian 1.00 1.00 0 0 0 0 0 0 0 0 -1000.00 -1000.00 -1000.00 -1000.00 1.9158 0.4880 0.5156 41.4447 2.4364 64.2833 3.1216 0.0070 0.0006 406 pedestrian_0004
Pedestrian 1.00 1.00 0 0 0 0 0 0 0 0 -1000.00 -1000.00 -1000.00 -1000.00 1.9158 0.4880 0.3907 93.1699 1.0560 -138.9797 3.0401 0.0070 0.0006 407 pedestrian_0026
Pedestrian 1.00 1.00 0 0 0 0 0 0 0 0 -1000.00 -1000.00 -1000.00 -1000.00 1.3390 0.3253 0.3767 144.4680 2.5195 75.9574 -1.4921 0.0070 0.0006 408 pedestrian_0013
Pedestrian 0.00 1.00 0 0 0 0 0 0 0 0 525.41 359.96 528.80 364.69 1.1330 0.4333 0.5267 -134.4493 1.1256 -106.4457 -0.5889 0.0070 0.0006 409 pedestrian_0010
Pedestrian 1.00 1.00 0 0 0 0 0 0 0 0 -1000.00 -1000.00 -1000.00 -1000.00 1.9158 0.4880 0.4714 112.3977 2.8098 119.4399 -0.0730 0.0070 0.0006 410 pedestrian_0020
Pedestrian 0.00 1.00 0 0 0 0 0 0 0 0 912.15 359.55 917.78 374.27 1.9158 0.4880 0.6775 -73.6133 1.8593 -8.1438 -1.5833 0.0070 0.0006 411 pedestrian_0025
Pedestrian 1.00 1.00 0 0 0 0 0 0 0 0 -1000.00 -1000.00 -1000.00 -1000.00 1.1330 0.4333 0.6667 61.0023 2.0399 7.1078 1.5689 0.0070 0.0006 412 pedestrian_0010
Pedestrian 1.00 1.00 0 0 0 0 0 0 0 0 -1000.00 -1000.00 -1000.00 -1000.00 1.9158 0.4880 0.7507 82.3971 1.8389 -47.3153 -2.7837 0.0070 0.0006 413 pedestrian_0015
Pedestrian 1.00 1.00 0 0 0 0 0 0 0 0 -1000.00 -1000.00 -1000.00 -1000.00 1.1330 0.4333 0.6667 60.6946 1.8840 -15.2827 -1.5196 0.0070 0.0006 414 pedestrian_0011
Pedestrian 1.00 1.00 0 0 0 0 0 0 0 0 -1000.00 -1000.00 -1000.00 -1000.00 1.9158 0.4880 0.6108 60.5429 1.5681 -62.3378 1.6772 0.0070 0.0006 415 pedestrian_0025
Pedestrian 1.00 1.00 0 0 0 0 0 0 0 0 -1000.00 -1000.00 -1000.00 -1000.00 1.1330 0.4333 0.6527 164.9296 -8.8977 -137.1111 1.5728 0.0070 0.0006 416 pedestrian_0009
Pedestrian 1.00 1.00 0 0 0 0 0 0 0 0 -1000.00 -1000.00 -1000.00 -1000.00 1.9158 0.4880 0.7507 151.8024 -6.7386 107.5469 2.1525 0.0070 0.0006 417 pedestrian_0026
Pedestrian 0.00 1.00 0 0 0 0 0 0 0 0 781.31 358.47 782.41 362.41 1.9158 0.4880 0.4516 -271.4368 1.1714 -89.1546 -1.3574 0.0070 0.0006 418 pedestrian_0019
Pedestrian 0.00 1.00 0 0 0 0 0 0 0 0 1040.09 360.37 1044.31 369.99 1.9158 0.4880 0.7507 -111.8982 1.9919 14.1931 -1.5508 0.0070 0.0006 419 pedestrian_0018
Pedestrian 0.00 1.00 0 0 0 0 0 0 0 0 336.54 355.39 339.10 360.47 1.9158 0.4880 0.5525 -210.9814 0.1746 -237.9243 -0.5391 0.0070 0.0006 420 pedestrian_0026
Pedestrian 1.00 1.00 0 0 0 0 0 0 0 0 -1000.00 -1000.00 -1000.00 -1000.00 1.9158 0.4880 0.7507 144.9724 1.0497 -136.6626 1.4987 0.0070 0.0006 421 pedestrian_0005
Pedestrian 1.00 1.00 0 0 0 0 0 0 0 0 -1000.00 -1000.00 -1000.00 -1000.00 1.9158 0.4880 0.7507 72.8404 2.6060 63.8700 3.1188 0.0070 0.0006 422 pedestrian_0021
Pedestrian 1.00 1.00 0 0 0 0 0 0 0 0 -1000.00 -1000.00 -1000.00 -1000.00 1.9158 0.4880 0.6460 60.4819 1.3065 -121.8680 -1.5571 0.0070 0.0006 423 pedestrian_0025
Pedestrian 1.00 1.00 0 0 0 0 0 0 0 0 -1000.00 -1000.00 -1000.00 -1000.00 1.9158 0.4880 0.4650 125.4087 1.3531 -91.2284 1.6130 0.0070 0.0006 424 pedestrian_0008
Pedestrian 1.00 1.00 2 3 7 37 0 0 0 0 -1000.00 -1000.00 -1000.00 -1000.00 1.9158 0.4880 0.4573 11.0636 2.4436 70.6232 -0.6744 0.0070 0.0006 425 pedestrian_0018
Pedestrian 1.00 1.00 1 1 1 7 0 0 0 0 -1000.00 -1000.00 -1000.00 -1000.00 1.9158 0.4880 0.7507 -10.9009 1.2441 -116.7220 -3.1178 0.0070 0.0006 426 pedestrian_0020
Pedestrian 1.00 1.00 0 0 0 0 0 0 0 0 -1000.00 -1000.00 -1000.00 -1000.00 1.3390 0.3253 0.2679 85.6405 1.0566 -136.9893 3.0167 0.0070 0.0006 427 pedestrian_0012
Pedestrian 1.00 1.00 0 0 0 0 0 0 0 0 -1000.00 -1000.00 -1000.00 -1000.00 1.1330 0.4333 0.4526 117.9547 1.7022 -46.6886 -0.0969 0.0070 0.0006 428 pedestrian_0011
Pedestrian 1.00 1.00 0 0 0 0 0 0 0 0 -1000.00 -1000.00 -1000.00 -1000.00 1.9158 0.4880 0.5400 -96.3685 0.5459 -194.9932 1.7496 0.0070 0.0006 429 pedestrian_0006
Pedestrian 1.00 1.00 0 0 0 0 0 0 0 0 -1000.00 -1000.00 -1000.00 -1000.00 1.9158 0.4880 0.6305 74.9254 2.6113 64.4396 -0.0331 0.0070 0.0006 430 pedestrian_0021
Pedestrian 1.00 1.00 11 11 22 220 0 0 3 0 -1000.00 -1000.00 -1000.00 -1000.00 1.9158 0.4880 0.6116 -14.1763 2.1522 36.3497 1.6037 0.0070 0.0006 431 pedestrian_0026
Pedestrian 1.00 1.00 0 0 0 0 0 0 0 0 -1000.00 -1000.00 -1000.00 -1000.00 1.9158 0.4880 0.7273 164.7010 -7.5281 50.7944 1.5426 0.0070 0.0006 432 pedestrian_0026
Pedestrian 0.00 1.00 0 0 0 0 0 0 0 0 745.13 359.55 750.64 374.24 1.9158 0.4880 0.4727 -73.7531 1.8591 -30.0758 -1.7812 0.0070 0.0006 433 pedestrian_0002
Pedestrian 1.00 1.00 0 0 0 0 0 0 0 0 -1000.00 -1000.00 -1000.00 -1000.00 1.9158 0.4880 0.7507 73.7506 1.1994 -138.4946 -0.0122 0.0070 0.0006 434 pedestrian_0001
Pedestrian 1.00 1.00 0 0 0 0 0 0 0 0 -1000.00 -1000.00 -1000.00 -1000.00 1.9158 0.4880 0.7507 18.9067 -8.3115 -252.6789 0.0057 0.0070 0.0006 435 pedestrian_0022
Pedestrian 1.00 1.00 0 0 0 0 0 0 0 0 -1000.00 -1000.00 -1000.00 -1000.00 1.9158 0.4880 0.4981 57.7463 2.6802 97.3160 -1.6254 0.0070 0.0006 436 pedestrian_0005
Pedestrian 1.00 1.00 0 0 0 0 0 0 0 0 -1000.00 -1000.00 -1000.00 -1000.00 1.3390 0.3253 0.5005 225.0704 1.9562 -20.4098 -1.5981 0.0070 0.0006 437 pedestrian_0013
Pedestrian 1.00 1.00 0 0 0 0 0 0 0 0 -1000.00 -1000.00 -1000.00 -1000.00 1.1330 0.4333 0.6667 -103.9485 0.1276 -252.7575 3.1254 0.0070 0.0006 438 pedestrian_0011
Pedestrian 1.00 1.00 6 5 6 55 0 0 1 0 -1000.00 -1000.00 -1000.00 -1000.00 1.9158 0.4880 0.7507 -4.6578 2.4985 63.4940 0.1451 0.0070 0.0006 439 pedestrian_0006
Pedestrian 1.00 1.00 0 0 0 0 0 0 0 0 -1000.00 -1000.00 -1000.00 -1000.00 1.3390 0.3253 0.4934 107.2681 -5.4841 176.9327 -0.2192 0.0070 0.0006 440 pedestrian_0014
Pedestrian 0.00 1.00 0 0 0 0 0 0 0 0 1644.15 365.49 1650.77 377.13 1.9158 0.4880 0.4914 -92.8926 2.8297 111.6855 -1.4916 0.0070 0.0006 441 pedestrian_0025
Pedestrian 0.00 1.00 0 0 0 0 0 0 0 0 1318.40 362.21 1320.19 366.81 1.9158 0.4880 0.4930 -232.9045 2.8439 148.0623 0.6832 0.0070 0.0006 442 pedestrian_0003
Pedestrian 1.00 1.00 7 6 15 72 1 0 0 0 -1000.00 -1000.00 -1000.00 -1000.00 1.9158 0.4880 0.7507 6.1784 1.5410 -53.6761 1.5445 0.0070 0.0006 443 pedestrian_0024
Pedestrian 1.00 1.00 0 0 1 4 1 0 0 0 -1000.00 -1000.00 -1000.00 -1000.00 1.9158 0.4880 0.5155 6.4861 1.1573 -133.4935 1.8522 0.0070 0.0006 444 pedestrian_0007
Pedestrian 0.00 1.00 0 0 0 0 0 0 0 0 842.21 358.98 844.81 367.76 1.9158 0.4880 0.4108 -122.3944 1.6945 -27.7532 0.0602 0.0070 0.0006 445 pedestrian_0023
Pedestrian 0.00 1.00 0 0 0 0 0 0 0 0 968.39 359.77 969.73 363.70 1.9158 0.4880 0.6361 -272.0200 1.8046 2.1840 1.5363 0.0070 0.0006 446 pedestrian_0026
Pedestrian 1.00 1.00 0 0 0 0 0 0 0 0 -1000.00 -1000.00 -1000.00 -1000.00 1.1330 0.4333 0.5361 165.2927 -7.5803 46.1336 -1.5610 0.0070 0.0006 447 pedestrian_0009
Pedestrian 1.00 1.00 0 0 0 0 0 0 0 0 -1000.00 -1000.00 -1000.00 -1000.00 1.9158 0.4880 0.7507 38.4327 -9.4345 -216.0727 -3.1261 0.0070 0.0006 448 pedestrian_0015
Pedestrian 1.00 1.00 0 0 0 0 0 0 0 0 -1000.00 -1000.00 -1000.00 -1000.00 1.9158 0.4880 0.3835 158.2332 1.7502 -45.1138 -2.2032 0.0070 0.0006 449 pedestrian_0017
Pedestrian 1.00 1.00 0 3 3 5 0 0 0 0 -1000.00 -1000.00 -1000.00 -1000.00 1.9158 0.4880 0.4685 -11.4256 0.8748 -147.4571 1.9317 0.0070 0.0006 450 pedestrian_0023
Pedestrian 0.00 0.91 0 0 0 9 0 0 0 0 467.13 356.41 474.32 368.03 1.9158 0.4880 0.7507 -92.8223 1.3246 -83.2711 1.5620 0.0070 0.0006 451 pedestrian_0001
Pedestrian 0.00 1.00 0 0 0 0 0 0 0 0 1843.97 366.91 1851.89 378.76 1.9158 0.4880 0.4691 -91.3849 3.0479 142.4929 2.9462 0.0070 0.0006 452 pedestrian_0017
Pedestrian 1.00 1.00 0 0 0 0 0 0 0 0 -1000.00 -1000.00 -1000.00 -1000.00 1.1330 0.4333 0.6348 125.0814 1.9397 -34.9741 1.6361 0.0070 0.0006 453 pedestrian_0011
Pedestrian 0.00 1.00 0 0 0 0 0 0 0 0 639.92 357.49 641.96 361.47 1.9158 0.4880 0.7088 -268.8916 0.7061 -156.4377 1.6971 0.0070 0.0006 454 pedestrian_0018
Pedestrian 1.00 1.00 0 0 0 0 0 0 0 0 -1000.00 -1000.00 -1000.00 -1000.00 1.9158 0.4880 0.6848 62.1294 0.9265 -165.1884 -0.3349 0.0070 0.0006 455 pedestrian_0021
Pedestrian 1.00 1.00 0 0 0 0 0 0 0 0 -1000.00 -1000.00 -1000.00 -1000.00 1.9158 0.4880 0.5028 207.2834 2.3045 30.0586 -1.5464 0.0070 0.0006 456 pedestrian_0007
Pedestrian 1.00 1.00 0 0 0 0 0 0 0 0 -1000.00 -1000.00 -1000.00 -1000.00 1.9158 0.4880 0.7507 87.8092 2.6052 84.9447 -2.0033 0.0070 0.0006 457 pedestrian_0021
Pedestrian 1.00 1.00 0 0 0 0 0 0 0 0 -1000.00 -1000.00 -1000.00 -1000.00 1.9158 0.4880 0.7507 164.3115 -8.0599 -18.3230 1.5662 0.0070 0.0006 458 pedestrian_0019
Pedestrian 0.00 1.00 0 0 0 0 0 0 0 0 1562.26 366.52 1565.75 370.35 1.1330 0.4333 0.5520 -166.5632 3.0840 178.1402 -2.9777 0.0070 0.0006 459 pedestrian_0009
Pedestrian 0.00 1.00 0 0 0 0 0 0 0 0 1733.83 365.16 1739.96 373.44 1.9158 0.4880 0.6605 -130.2014 3.1232 178.8015 -3.1254 0.0070 0.0006 460 pedestrian_0004
Pedestrian 0.00 1.00 0 0 0 0 0 0 0 0 404.47 359.14 408.31 366.64 1.3390 0.3253 0.4182 -100.2548 1.1858 -101.3485 0.3110 0.0070 0.0006 461 pedestrian_0012
Pedestrian 0.00 1.00 0 0 0 0 0 0 0 0 597.90 357.24 600.63 363.97 1.9158 0.4880 0.6073 -159.2257 1.1298 -105.2023 2.0728 0.0070 0.0006 462 pedestrian_0006
Pedestrian 1.00 1.00 0 0 0 0 0 0 0 0 -1000.00 -1000.00 -1000.00 -1000.00 1.1330 0.4333 0.6667 60.8741 1.2647 -104.3594 1.5702 0.0070 0.0006 463 pedestrian_0009
Pedestrian 0.00 1.00 0 0 0 0 0 0 0 0 830.92 360.34 831.90 364.11 1.3390 0.3253 0.2615 -198.2395 1.4615 -47.9960 1.5559 0.0070 0.0006 464 pedestrian_0014
Pedestrian 0.00 1.00 0 0 0 0 0 0 0 0 1591.21 369.67 1598.28 376.55 1.1330 0.4333 0.6667 -93.6188 2.7550 103.7839 -1.6013 0.0070 0.0006 465 pedestrian_0010
Pedestrian 0.00 0.86 0 0 0 26 1 0 0 0 371.71 355.74 378.98 367.14 1.9158 0.4880 0.7398 -94.6258 1.2004 -100.9687 1.4619 0.0070 0.0006 466 pedestrian_0017
Pedestrian 1.00 1.00 0 0 0 0 0 0 0 0 -1000.00 -1000.00 -1000.00 -1000.00 1.9158 0.4880 0.5187 22.5278 2.2732 42.5556 -2.8895 0.0070 0.0006 467 pedestrian_0004
Pedestrian 1.00 1.00 0 0 0 0 0 0 0 0 -1000.00 -1000.00 -1000.00 -1000.00 1.9158 0.4880 0.5949 129.3734 2.5870 63.9315 -3.0485 0.0070 0.0006 468 pedestrian_0021
Pedestrian 0.00 0.03 20 27 39 1341 3 10 0 0 297.12 380.49 330.99 435.77 1.3390 0.3253 0.4431 -14.2323 1.7675 -17.6185 -1.4754 0.0070 0.0006 469 pedestrian_0013
Pedestrian 1.00 1.00 0 0 0 0 0 0 0 0 -1000.00 -1000.00 -1000.00 -1000.00 1.9158 0.4880 0.7507 129.5892 1.3492 -114.2296 -2.9621 0.0070 0.0006 470 pedestrian_0001
Pedestrian 0.00 0.04 87 99 166 772 0 47 0 0 901.19 360.13 934.95 445.23 1.9158 0.4880 0.7507 -13.5950 1.8762 -3.2538 -1.5805 0.0070 0.0006 471 pedestrian_0015
Pedestrian 0.00 1.00 0 0 0 0 0 0 0 0 1426.55 362.98 1429.79 368.26 1.9158 0.4880 0.7507 -203.0548 3.0044 168.3948 -2.7454 0.0070 0.0006 472 pedestrian_0024
Pedestrian 1.00 1.00 0 0 0 0 0 0 0 0 -1000.00 -1000.00 -1000.00 -1000.00 1.3390 0.3253 0.3416 -76.5348 0.4913 -203.6667 1.6071 0.0070 0.0006 473 pedestrian_0013
Pedestrian 1.00 1.00 0 0 0 0 0 0 0 0 -1000.00 -1000.00 -1000.00 -1000.00 1.9158 0.4880 0.6837 -123.4137 0.1276 -252.6246 -0.0196 0.0070 0.0006 474 pedestrian_0018
Pedestrian 1.00 1.00 0 0 0 0 0 0 0 0 -1000.00 -1000.00 -1000.00 -1000.00 1.3390 0.3253 0.4667 120.9155 1.0853 -136.3975 -3.0076 0.0070 0.0006 475 pedestrian_0012
Pedestrian 1.00 1.00 0 0 0 0 0 0 0 0 -1000.00 -1000.00 -1000.00 -1000.00 1.9158 0.4880 0.6645 -70.3664 2.9032 141.8787 -3.0943 0.0070 0.0006 476 pedestrian_0026
Pedestrian 1.00 1.00 0 0 0 0 0 0 0 0 -1000.00 -1000.00 -1000.00 -1000.00 1.9158 0.4880 0.5387 -115.6816 0.1239 -253.8564 0.0435 0.0070 0.0006 477 pedestrian_0016
Pedestrian 1.00 1.00 3 2 3 37 0 0 0 0 -1000.00 -1000.00 -1000.00 -1000.00 1.9158 0.4880 0.7507 60.7071 2.1319 18.7303 -1.5665 0.0070 0.0006 478 pedestrian_0006
Pedestrian 1.00 1.00 0 0 0 0 0 0 0 0 -1000.00 -1000.00 -1000.00 -1000.00 1.9158 0.4880 0.4098 -78.3118 0.1596 -252.1432 -1.9019 0.0070 0.0006 479 pedestrian_0001
Pedestrian 1.00 1.00 0 0 0 0 0 0 0 0 -1000.00 -1000.00 -1000.00 -1000.00 1.9158 0.4880 0.7507 104.7376 2.3244 42.4333 3.1036 0.0070 0.0006 480 pedestrian_0021
Car 1.00 1.00 0 0 0 0 0 0 0 0 -1000.00 -1000.00 -1000.00 -1000.00 1.6980 1.9434 4.1871 16.3245 1.2955 -102.5229 -1.5689 0.0070 0.0006 481 citroen_c3
Car 1.00 1.00 0 0 0 0 0 0 0 0 -1000.00 -1000.00 -1000.00 -1000.00 1.9718 2.0005 4.0595 17.0801 1.3382 -91.4798 -1.5689 0.0070 0.0006 482 jeep_wrangler_rubicon
Car 1.00 1.00 0 0 0 0 0 0 0 0 -1000.00 -1000.00 -1000.00 -1000.00 1.9718 2.0005 4.0595 47.4509 1.3204 -101.8669 1.5727 0.0070 0.0006 483 jeep_wrangler_rubicon
Car 1.00 1.00 0 0 0 0 0 0 0 0 -1000.00 -1000.00 -1000.00 -1000.00 1.9718 2.0005 4.0595 14.1390 1.3363 -91.4854 -1.5689 0.0070 0.0006 484 jeep_wrangler_rubicon
Car 0.00 0.38 9 8 17 344 1 0 0 0 255.75 354.89 316.95 372.96 1.9718 2.0005 4.0595 -63.9476 1.4183 -78.6006 0.0019 0.0070 0.0006 485 nissan_patrol
Car 0.00 0.80 0 2 4 122 1 0 0 0 229.55 358.83 292.24 373.05 1.5488 2.0688 3.9961 -63.9564 1.4259 -81.4974 -3.1397 0.0070 0.0006 486 nissan_patrol
Car 0.00 0.75 15 8 8 289 1 0 0 0 335.53 360.33 414.70 375.88 1.4855 2.1349 -5.6254 -57.5572 1.5297 -61.6899 -3.1397 0.0070 0.0006 487 nissan_patrol
Car 0.00 0.66 0 3 7 172 0 0 0 0 174.66 357.62 244.85 374.26 1.6244 1.8781 -3.8906 -57.5247 1.3983 -78.5884 0.0019 0.0070 0.0006 488 nissan_patrol
Car 0.00 0.29 43 52 73 1996 8 7 0 0 128.48 358.29 257.11 385.01 1.7506 2.3538 -4.8416 -40.0994 1.6471 -56.0392 0.0019 0.0070 0.0006 489 nissan_patrol
Car 0.57 0.56 39 43 65 1059 9 4 0 0 0.00 352.72 55.47 382.43 1.9718 2.0005 -4.0595 -40.1113 1.4910 -70.3357 -3.1397 0.0070 0.0006 490 nissan_patrol
Car 0.00 0.49 35 33 57 1226 7 3 0 0 457.43 356.40 511.89 374.37 1.9476 2.0282 4.8347 -63.9481 1.5600 -56.0832 -3.1397 0.0070 0.0006 491 nissan_patrol
Car 0.00 0.38 11 10 19 374 3 2 0 0 434.85 356.15 484.79 374.22 1.9718 2.0005 4.0595 -64.0002 1.5548 -58.9774 -3.1397 0.0070 0.0006 492 nissan_patrol
Car 0.00 0.27 30 21 45 1234 6 6 0 0 226.50 358.85 308.69 379.69 1.6244 1.8781 3.8906 -46.5374 1.5419 -58.9463 0.0019 0.0070 0.0006 493 nissan_patrol
Car 0.00 0.50 4 7 11 139 0 0 0 0 189.57 360.21 278.62 380.17 1.5488 2.0688 3.9961 -46.5311 1.5749 -61.6708 -3.1397 0.0070 0.0006 494 nissan_patrol
Car 0.00 0.23 23 25 40 1442 4 6 0 0 70.30 351.35 183.11 379.06 2.1397 2.1728 4.7017 -46.4909 1.4734 -70.3481 -3.1397 0.0070 0.0006 495 nissan_patrol
Car 0.30 0.41 7 8 20 428 1 1 0 0 0.00 353.06 87.04 378.36 1.9476 2.0282 4.8347 -46.4274 1.4148 -78.5661 -3.1397 0.0070 0.0006 496 nissan_patrol
Car 0.58 1.00 1 0 1 11 0 0 0 0 0.00 358.35 46.68 377.80 1.5100 1.8730 4.1000 -46.4893 1.3863 -81.4640 -3.1397 0.0070 0.0006 497 nissan_patrol
Car 1.00 1.00 0 2 4 9 0 0 0 0 -1000.00 -1000.00 -1000.00 -1000.00 1.5488 2.0688 3.9961 -31.4246 1.5446 -67.4269 0.0019 0.0070 0.0006 498 nissan_patrol
Car 1.00 1.00 0 0 0 6 0 0 0 0 -1000.00 -1000.00 -1000.00 -1000.00 1.5100 1.8730 4.1000 -31.4231 1.4734 -70.3216 0.0019 0.0070 0.0006 499 nissan_patrol
Car 1.00 1.00 5 2 2 12 0 0 0 0 -1000.00 -1000.00 -1000.00 -1000.00 1.9476 2.0282 4.8347 -31.3704 1.4631 -73.0034 -3.1397 0.0070 0.0006 500 nissan_patrol
Car 1.00 1.00 86 101 161 871 13 0 0 0 -1000.00 -1000.00 -1000.00 -1000.00 2.1397 2.1728 -4.7017 -25.0541 1.5868 -56.0088 -3.1397 0.0070 0.0006 501 nissan_patrol
Car 1.00 1.00 23 27 41 265 4 0 0 0 -1000.00 -1000.00 -1000.00 -1000.00 1.9476 2.0282 -4.8347 -24.9818 1.5652 -58.9044 0.0019 0.0070 0.0006 502 nissan_patrol
Car 1.00 1.00 31 28 39 239 8 0 0 0 -1000.00 -1000.00 -1000.00 -1000.00 1.6244 1.8781 -3.8906 -25.0221 1.4378 -75.8876 -3.1397 0.0070 0.0006 503 nissan_patrol
Car 1.00 1.00 9 13 19 92 1 0 0 0 -1000.00 -1000.00 -1000.00 -1000.00 1.7506 2.3538 -4.8416 -25.0414 1.5003 -78.5268 -3.1397 0.0070 0.0006 504 nissan_patrol
Car 1.00 1.00 0 0 0 0 0 0 0 0 -1000.00 -1000.00 -1000.00 -1000.00 1.9476 2.0282 4.8347 20.8041 1.2501 -103.1820 1.5727 0.0070 0.0006 505 nissan_patrol
Car 1.00 1.00 0 0 0 0 0 0 0 0 -1000.00 -1000.00 -1000.00 -1000.00 1.5475 1.9070 4.4025 44.6511 1.2988 -101.4724 1.5727 0.0070 0.0006 506 seat_leon
Car 1.00 1.00 0 0 0 0 0 0 0 0 -1000.00 -1000.00 -1000.00 -1000.00 2.5908 2.7453 5.4640 30.1967 1.3152 -103.0991 1.5727 0.0070 0.0006 507 carlamotors_carlacola
Car 1.00 1.00 0 0 0 0 0 0 0 0 -1000.00 -1000.00 -1000.00 -1000.00 2.5908 2.7453 5.4640 114.4421 1.3236 -112.6972 -1.5689 0.0070 0.0006 508 carlamotors_carlacola
Car 1.00 1.00 0 0 0 0 0 0 0 0 -1000.00 -1000.00 -1000.00 -1000.00 2.5908 2.7453 5.4640 117.9306 1.3259 -112.6906 -1.5689 0.0070 0.0006 509 carlamotors_carlacola
Car 1.00 1.00 0 0 0 0 0 0 0 0 -1000.00 -1000.00 -1000.00 -1000.00 2.5908 2.7453 5.4640 112.7518 1.3968 -84.4615 -3.1397 0.0070 0.0006 510 carlamotors_carlacola
Car 1.00 1.00 1 1 1 0 0 0 0 0 -1000.00 -1000.00 -1000.00 -1000.00 2.5908 2.7453 5.4640 25.8857 1.3124 -103.1073 1.5727 0.0070 0.0006 511 carlamotors_carlacola
Car 1.00 1.00 0 0 0 0 0 0 0 0 -1000.00 -1000.00 -1000.00 -1000.00 2.2031 2.5091 6.5872 53.7907 2.1076 7.1048 1.0491 0.0070 0.0006 512 tesla_cybertruck