Car 0.00 1.00 0 0 0 0 0 0 0 0 600.44 361.08 614.79 364.46 1.5542 2.3421 5.1370 -258.1082 2.0570 -165.6657 -1.5330 0.0002 -0.0001 0 lincoln2020_mkz2020
Car 1.00 1.00 6607 237928 379852 0 0 0 0 0 -1000.00 -1000.00 -1000.00 -1000.00 2.1397 2.1728 4.7045 -0.0005 2.0932 -2.2389 1.5708 0.0000 0.0000 1 volkswagen_t2
Motorcycle 1.00 1.00 0 0 0 0 0 0 0 0 -1000.00 -1000.00 -1000.00 -1000.00 1.6960 1.0692 2.4735 -89.1864 2.0302 -208.0038 -1.5826 0.0059 0.0000 2 harley_davidson_low_rider
Motorcycle 0.00 1.00 0 0 0 0 0 0 0 0 652.53 360.76 659.04 364.37 1.6960 1.0692 2.4735 -262.0870 2.0553 -145.5222 -1.5466 -0.0006 0.0001 3 harley_davidson_low_rider
Car 1.00 1.00 0 0 0 0 0 0 0 0 -1000.00 -1000.00 -1000.00 -1000.00 1.6320 2.1403 5.2230 154.8109 2.1218 -62.6622 -3.1212 0.0002 -0.0002 4 dodge_charger_police
Car 1.00 1.00 0 0 0 0 0 0 0 0 -1000.00 -1000.00 -1000.00 -1000.00 1.5542 2.3421 5.1370 -67.3451 2.0117 -266.2114 -3.1211 -0.0034 0.0000 5 lincoln2020_mkz2020
Car 0.00 1.00 0 0 0 0 0 0 0 0 1133.98 361.66 1145.72 365.16 1.4546 2.0938 4.3903 -237.2205 2.1732 74.3935 1.0229 0.0001 -0.0029 6 audi_tt
Car 1.00 1.00 0 0 0 0 0 0 0 0 -1000.00 -1000.00 -1000.00 -1000.00 1.4477 1.5550 2.3177 -28.9933 2.0683 -163.4353 0.0081 -0.0079 -0.0000 7 bmw_isetta
Car 0.00 1.00 0 0 0 3 0 0 0 0 1608.19 362.53 1655.30 372.33 1.7173 2.2591 5.2781 -103.3133 2.2060 121.6136 0.0095 -0.0082 -0.0002 8 mercedes_benz_coupe
Car 0.00 0.02 271 311 488 18715 0 41 41 0 1398.00 379.47 1590.05 424.11 1.4812 2.1349 5.6254 -20.5370 2.1506 16.0697 0.0197 0.0005 0.0000 9 chevrolet_impala
Car 1.00 1.00 0 0 0 0 0 0 0 0 -1000.00 -1000.00 -1000.00 -1000.00 1.6115 2.2019 5.2564 52.8519 2.1171 77.0367 0.0089 -0.0020 0.0005 10 charger2020_charger2020
Car 1.00 1.00 0 0 0 0 0 0 0 0 -1000.00 -1000.00 -1000.00 -1000.00 2.2031 2.5091 6.5872 132.4738 2.0346 -142.0796 -1.5550 0.0004 0.0000 11 tesla_cybertruck
Car 0.00 1.00 0 0 0 0 0 0 0 0 270.62 363.93 320.86 374.73 1.5140 2.1024 4.9073 -80.9270 2.0902 -97.9463 1.5237 0.0006 0.0000 12 mercedesccc_mercedesccc
Car 1.00 1.00 0 0 0 0 0 0 0 0 -1000.00 -1000.00 -1000.00 -1000.00 1.6980 1.9434 4.1871 175.6676 2.0785 -154.0247 -3.1186 0.0004 -0.0002 13 citroen_c3
Car 1.00 1.00 0 0 0 0 0 0 0 0 -1000.00 -1000.00 -1000.00 -1000.00 1.4812 2.1349 5.6254 112.7590 2.1179 -63.4654 -3.1241 -0.0017 0.0000 14 chevrolet_impala
Car 1.00 1.00 0 0 0 0 0 0 0 0 -1000.00 -1000.00 -1000.00 -1000.00 1.6320 2.1403 5.2230 131.9193 2.0506 -97.5629 -1.5800 -0.0004 -0.0002 15 dodge_charger_police
Car 1.00 1.00 0 0 0 2 0 0 0 0 -1000.00 -1000.00 -1000.00 -1000.00 1.5863 2.2347 5.1468 -19.6939 2.0622 -166.8853 0.0141 0.0005 0.0000 16 lincoln_mkz2017
Car 0.00 1.00 0 0 0 0 0 0 0 0 999.32 360.95 1011.20 364.88 1.7318 2.1344 5.0985 -247.1270 2.1564 17.8444 1.5718 0.0002 0.0000 17 audi_etron
Car 1.00 1.00 0 0 0 0 0 0 0 0 -1000.00 -1000.00 -1000.00 -1000.00 1.7506 2.3538 4.8416 -26.1652 2.0575 -166.9798 0.0138 0.0004 0.0000 18 bmw_grandtourer
Car 1.00 1.00 0 0 0 0 0 0 0 0 -1000.00 -1000.00 -1000.00 -1000.00 1.5765 1.9374 3.8150 28.2421 2.1004 72.9476 0.1862 0.0022 -0.0014 19 nissan_micra
Motorcycle 1.00 1.00 2 0 1 7 0 0 0 0 -1000.00 -1000.00 -1000.00 -1000.00 1.6960 1.0692 2.4735 -26.1160 2.0901 -76.4232 0.0176 0.0036 0.0000 20 harley_davidson_low_rider
Car 1.00 1.00 0 0 0 0 0 0 0 0 -1000.00 -1000.00 -1000.00 -1000.00 1.5765 1.9374 3.8150 -78.5052 2.0382 -186.6845 1.5595 0.0005 0.0000 21 nissan_micra
Car 1.00 1.00 0 0 0 0 0 0 0 0 -1000.00 -1000.00 -1000.00 -1000.00 1.7203 2.2019 5.4994 122.8568 2.1098 -70.1898 0.0227 -0.0017 0.0005 22 chargercop2020_chargercop2020
Car 1.00 1.00 29 30 40 174 6 0 0 0 -1000.00 -1000.00 -1000.00 -1000.00 1.5475 1.9070 4.4025 -23.4605 2.1033 -72.8532 0.0172 0.0005 0.0000 23 seat_leon
Car 1.00 1.00 0 0 0 0 0 0 0 0 -1000.00 -1000.00 -1000.00 -1000.00 1.3660 1.9896 4.9534 -80.7733 2.0599 -164.4832 -2.5195 0.0008 0.0000 24 mustang_mustang
Cyclist 0.00 1.00 0 0 0 0 0 0 0 0 1438.32 361.14 1453.25 373.99 1.9709 0.6705 1.7250 -86.9690 2.1552 73.0662 -1.5552 0.0075 0.0000 25 diamondback_century
Cyclist 0.00 0.75 5 3 5 16 0 1 0 0 1158.10 363.23 1169.75 377.58 1.7065 0.8593 1.4873 -68.0620 2.1022 22.4123 -3.1400 0.0004 0.0000 26 bh_crossbike
Car 0.00 1.00 0 0 0 0 0 0 0 0 362.60 359.80 423.59 379.35 2.1397 2.1728 4.7045 -64.0843 2.1186 -66.5984 -3.1230 0.0005 0.0000 27 volkswagen_t2
Car 0.00 1.00 0 0 0 0 0 0 0 0 1152.56 360.47 1164.28 365.42 1.9718 2.0005 4.0595 -226.1700 2.1728 78.3491 0.9218 -0.0006 -0.0047 28 jeep_wrangler_rubicon
Car 1.00 1.00 26 28 38 345 0 0 0 4 -1000.00 -1000.00 -1000.00 -1000.00 1.5627 2.2716 5.0314 45.1267 2.1481 13.4894 0.0148 -0.0000 0.0000 29 tesla_model3
Car 1.00 1.00 0 0 0 0 0 0 0 0 -1000.00 -1000.00 -1000.00 -1000.00 1.4546 2.0938 4.3903 76.4102 2.0620 -182.3463 1.5792 0.0005 0.0000 30 audi_tt
Car 1.00 1.00 0 0 0 0 0 0 0 0 -1000.00 -1000.00 -1000.00 -1000.00 1.5488 2.0688 3.9961 138.7057 2.0410 -92.3433 1.5869 0.0005 0.0000 31 mini_cooperst
Car 1.00 1.00 0 0 0 0 0 0 0 0 -1000.00 -1000.00 -1000.00 -1000.00 1.6011 2.1072 4.7392 73.3979 2.1367 -3.6641 1.5950 0.0004 0.0000 32 toyota_prius
Car 0.00 1.00 0 0 0 0 0 0 0 0 986.82 359.87 1006.23 368.92 2.1397 2.1728 4.7045 -140.1279 2.1520 6.8943 -2.4366 -0.0027 0.0203 33 volkswagen_t2
Car 0.00 1.00 0 0 1 0 0 0 0 0 1566.19 363.81 1613.67 374.78 1.6011 2.1072 4.7392 -83.7460 2.1774 91.7194 1.5857 0.0004 0.0000 34 toyota_prius
Car 1.00 1.00 0 0 0 0 0 0 0 0 -1000.00 -1000.00 -1000.00 -1000.00 1.3660 1.9896 4.9534 77.3422 2.1190 -37.9452 1.5830 0.0004 -0.0000 35 mustang_mustang
Car 1.00 1.00 0 0 0 0 0 0 0 0 -1000.00 -1000.00 -1000.00 -1000.00 1.6011 2.1072 4.7392 207.4738 2.1093 -68.7990 0.0179 -0.0004 0.0001 36 toyota_prius
Car 1.00 1.00 15 19 31 122 34 0 0 0 -1000.00 -1000.00 -1000.00 -1000.00 1.7506 2.3538 4.8416 -1.8145 2.0362 -91.7179 1.5920 0.0004 0.0000 37 bmw_grandtourer
Car 1.00 1.00 0 0 0 0 0 0 0 0 -1000.00 -1000.00 -1000.00 -1000.00 2.2031 2.5091 6.5872 139.1995 2.0587 -158.0210 3.1091 0.0002 0.0030 38 tesla_cybertruck
Motorcycle 1.00 1.00 0 0 0 0 0 0 0 0 -1000.00 -1000.00 -1000.00 -1000.00 1.6387 1.2138 2.3199 137.3065 2.0920 -2.0671 1.5857 -0.0008 0.0000 39 yamaha_yzf
Car 0.00 1.00 0 0 0 0 0 0 0 0 277.93 360.73 330.34 375.52 1.9476 2.0282 4.8347 -77.3473 2.0785 -92.5086 1.5593 0.0124 0.0000 40 nissan_patrol
Car 1.00 1.00 1 3 5 21 6 0 0 0 -1000.00 -1000.00 -1000.00 -1000.00 1.6115 2.2019 5.2564 -1.5392 2.0375 -98.1077 1.6386 0.0003 0.0006 41 charger2020_charger2020
Car 1.00 1.00 0 0 0 0 0 0 0 0 -1000.00 -1000.00 -1000.00 -1000.00 1.6115 2.2019 5.2564 72.2940 2.0736 -143.4131 -1.5210 -0.0019 0.0006 42 charger2020_charger2020
Motorcycle 1.00 1.00 0 0 0 0 0 0 0 0 -1000.00 -1000.00 -1000.00 -1000.00 1.6649 1.0692 2.4735 137.2389 2.0719 2.4391 1.5863 0.0035 0.0000 43 harley_davidson_low_rider
Car 0.00 1.00 0 0 0 0 0 0 0 0 461.69 361.04 478.70 364.69 1.5542 2.3421 5.1370 -244.2665 2.0343 -217.1658 -1.1182 -0.0012 0.0114 44 lincoln2020_mkz2020
Motorcycle 1.00 1.00 0 0 0 0 0 0 0 0 -1000.00 -1000.00 -1000.00 -1000.00 1.6960 1.0692 2.4735 77.1277 2.1194 -14.5479 1.5887 0.0041 0.0000 45 harley_davidson_low_rider
Cyclist 1.00 1.00 0 0 0 0 0 0 0 0 -1000.00 -1000.00 -1000.00 -1000.00 1.9310 0.5921 1.9272 52.5835 2.0424 -162.4060 0.0139 -0.0036 0.0000 46 gazelle_omafiets
Car 1.00 1.00 2850 3163 5019 208045 0 0 1671 0 -1000.00 -1000.00 -1000.00 -1000.00 1.7318 2.1344 5.0985 0.0226 2.0984 4.2208 1.5672 0.0004 0.0000 47 audi_etron
Car 1.00 1.00 0 0 0 0 0 0 0 0 -1000.00 -1000.00 -1000.00 -1000.00 1.9476 2.0282 4.8347 116.0887 2.1329 14.5327 0.0144 0.0001 0.0000 48 nissan_patrol
Car 0.00 0.02 227 234 358 11360 0 36 30 0 1295.00 369.84 1401.19 407.00 1.7203 2.2019 5.4994 -27.1115 2.1465 15.8703 0.0608 0.0003 0.0007 49 chargercop2020_chargercop2020
Car 0.00 1.00 0 0 0 0 0 0 0 0 619.51 361.68 637.77 367.68 1.6244 1.8781 3.8906 -152.9984 2.0914 -93.0754 1.5524 -0.0024 -0.0010 50 audi_a2
Car 0.62 1.00 0 0 0 0 0 0 0 0 0.00 363.15 22.84 373.85 1.5863 2.2347 5.1468 -84.9788 2.0698 -148.6154 -1.5783 -0.0001 0.0000 51 lincoln_mkz2017
Cyclist 0.00 1.00 0 0 0 0 0 0 0 0 1212.18 361.01 1224.96 373.43 1.9709 0.6705 1.7250 -89.9733 2.1400 39.2401 -1.5573 0.0075 0.0000 52 diamondback_century
Cyclist 1.00 1.00 4 6 10 46 2 0 0 0 -1000.00 -1000.00 -1000.00 -1000.00 1.9311 0.5921 1.9272 -28.6040 2.0816 -72.9688 0.0173 -0.0036 0.0000 53 gazelle_omafiets
Car 1.00 1.00 0 0 0 0 0 0 0 0 -1000.00 -1000.00 -1000.00 -1000.00 1.7173 2.2591 5.2781 142.0839 2.0606 -84.5898 1.5864 -0.0066 -0.0002 54 mercedes_benz_coupe
Car 1.00 1.00 0 0 0 0 0 0 0 0 -1000.00 -1000.00 -1000.00 -1000.00 1.5542 2.3421 5.1370 60.8342 1.9852 -212.7509 0.1076 0.0007 -0.0004 55 lincoln2020_mkz2020
Car 1.00 1.00 0 0 0 0 0 0 0 0 -1000.00 -1000.00 -1000.00 -1000.00 1.7506 2.3538 4.8416 23.6780 2.0616 -159.3435 3.1226 0.0004 0.0000 56 bmw_grandtourer
Car 1.00 1.00 0 0 0 0 0 0 0 0 -1000.00 -1000.00 -1000.00 -1000.00 1.4546 2.0938 4.3903 75.6671 2.1021 -93.3885 1.5790 0.0005 0.0000 57 audi_tt
Car 0.00 1.00 0 0 0 0 0 0 0 0 312.14 362.57 366.18 374.98 1.7173 2.2591 5.2781 -80.8491 2.1098 -91.5835 1.5609 -0.0066 -0.0002 58 mercedes_benz_coupe
Car 1.00 1.00 0 0 0 0 0 0 0 0 -1000.00 -1000.00 -1000.00 -1000.00 1.5542 2.3421 5.1370 48.4509 2.1021 -75.1193 0.0178 0.0005 0.0000 59 lincoln2020_mkz2020
Car 1.00 1.00 0 0 0 0 0 0 0 0 -1000.00 -1000.00 -1000.00 -1000.00 2.1397 2.1728 4.7045 75.3483 2.1778 60.6804 1.5952 0.0005 0.0000 60 volkswagen_t2
Car 1.00 1.00 0 4 6 22 0 0 0 0 -1000.00 -1000.00 -1000.00 -1000.00 1.7506 2.3538 4.8416 134.5554 2.0932 30.7022 -1.4850 0.0005 0.0001 61 bmw_grandtourer
Car 1.00 1.00 0 0 0 0 0 0 0 0 -1000.00 -1000.00 -1000.00 -1000.00 1.6320 2.1403 5.2230 118.8817 2.0774 -164.9928 0.0131 -0.0039 0.0000 62 dodge_charger_police
Car 1.00 1.00 2 2 2 2 2 0 0 0 -1000.00 -1000.00 -1000.00 -1000.00 1.6980 1.9434 4.1871 2.0354 2.0411 -108.4360 1.5915 0.0009 0.0000 63 citroen_c3
Car 1.00 1.00 0 0 0 0 0 0 0 0 -1000.00 -1000.00 -1000.00 -1000.00 1.4812 2.1349 5.6254 47.6964 2.0712 -162.4688 0.0137 0.0005 0.0000 64 chevrolet_impala
Car 0.00 0.35 90 82 141 579 0 11 0 0 1133.51 366.91 1193.93 391.96 1.6115 2.2019 5.2564 -40.8606 2.1418 12.2590 0.0471 -0.0015 0.0005 65 charger2020_charger2020
Car 1.00 1.00 1 1 1 116 0 0 0 1 -1000.00 -1000.00 -1000.00 -1000.00 1.3660 1.9896 4.9534 68.8105 2.1549 41.3189 -1.5465 0.0001 0.0000 66 mustang_mustang
Motorcycle 1.00 1.00 0 0 0 0 0 0 0 0 -1000.00 -1000.00 -1000.00 -1000.00 1.5852 1.1236 2.1350 77.0046 2.0983 -8.0058 1.5944 -0.0005 0.0000 67 kawasaki_ninja
Car 0.00 1.00 0 0 0 0 0 0 0 0 1220.26 362.13 1237.13 368.07 1.5488 2.0688 3.9961 -149.2695 2.1265 69.5943 -2.9459 0.0003 0.0000 68 mini_cooperst
Car 0.00 1.00 0 0 0 0 0 0 0 0 877.92 361.85 898.18 367.84 1.5542 2.3421 5.1370 -155.9844 2.1233 -22.3539 -1.7314 -0.0011 0.0189 69 lincoln2020_mkz2020
Car 1.00 1.00 45 43 80 350 41 0 0 0 -1000.00 -1000.00 -1000.00 -1000.00 1.9718 2.0005 4.0595 4.1338 2.0890 -65.3739 -3.1259 0.0012 0.0001 70 jeep_wrangler_rubicon
Car 1.00 1.00 0 0 0 0 0 0 0 0 -1000.00 -1000.00 -1000.00 -1000.00 1.7506 2.3538 4.8416 -78.3713 2.0505 -180.8023 1.5593 0.0005 0.0000 71 bmw_grandtourer
Car 1.00 1.00 0 0 0 0 0 0 0 0 -1000.00 -1000.00 -1000.00 -1000.00 2.2031 2.5091 6.5872 135.9558 2.0351 -140.9156 -1.5553 0.0007 0.0000 72 tesla_cybertruck
Car 0.00 1.00 0 0 0 0 0 0 0 0 952.65 363.56 980.74 375.38 1.6244 1.8781 3.8906 -78.8546 2.1325 -1.3240 1.5864 -0.0000 -0.0011 73 audi_a2
Car 1.00 1.00 0 0 0 0 0 0 0 0 -1000.00 -1000.00 -1000.00 -1000.00 1.7203 2.2019 5.4994 79.3483 2.1096 -69.3924 -2.7035 0.0003 0.0007 74 chargercop2020_chargercop2020
Car 0.00 1.00 0 0 0 0 0 0 0 0 923.92 363.40 960.07 374.91 1.6320 2.1403 5.2230 -82.2950 2.1467 -4.8569 1.5860 -0.0039 0.0000 75 dodge_charger_police
Car 0.00 0.43 7 9 17 77 0 2 0 0 1177.48 364.05 1215.18 374.17 1.5140 2.1024 4.9073 -86.3943 2.1497 34.1228 -1.5552 -0.0019 0.0000 76 mercedesccc_mercedesccc
Car 1.00 1.00 0 3 5 9 3 0 0 0 -1000.00 -1000.00 -1000.00 -1000.00 1.6244 1.8781 3.8906 -5.4945 2.0339 -104.3458 -1.5397 -0.0045 -0.0003 77 audi_a2
Car 1.00 1.00 43 57 87 350 17 0 0 0 -1000.00 -1000.00 -1000.00 -1000.00 1.6244 1.8781 3.8906 -10.0129 2.0582 -53.1099 -1.5556 -0.0068 -0.0010 78 audi_a2
Car 1.00 1.00 0 0 0 0 0 0 0 0 -1000.00 -1000.00 -1000.00 -1000.00 1.7203 2.2019 5.4994 16.8085 2.0683 -159.2380 -3.0876 -0.0007 0.0006 79 chargercop2020_chargercop2020
Car 0.00 0.34 25 27 44 185 0 5 0 0 1158.97 359.98 1193.82 373.90 2.1397 2.1728 4.7045 -89.8794 2.1688 32.4281 -1.5596 -0.0134 -0.0002 80 volkswagen_t2
Car 1.00 1.00 0 0 0 0 0 0 0 0 -1000.00 -1000.00 -1000.00 -1000.00 1.3660 1.9896 4.9534 53.5377 2.0612 -165.8874 0.0137 0.0005 0.0000 81 mustang_mustang
Car 1.00 1.00 2 1 4 30 5 0 0 0 -1000.00 -1000.00 -1000.00 -1000.00 1.7203 2.2019 5.4994 1.9210 2.0416 -95.0059 1.6250 0.0003 0.0007 82 chargercop2020_chargercop2020
Car 0.00 0.95 0 0 0 10 0 0 0 0 1583.72 363.78 1625.96 375.40 1.6244 1.8781 3.8906 -80.2292 2.1735 89.8617 1.5860 -0.0000 -0.0011 83 audi_a2
Car 1.00 1.00 0 0 0 0 0 0 0 0 -1000.00 -1000.00 -1000.00 -1000.00 1.6244 1.8781 3.8906 79.1068 2.0964 -86.5746 1.5799 -0.0000 -0.0011 84 audi_a2
Car 1.00 1.00 0 0 0 0 0 0 0 0 -1000.00 -1000.00 -1000.00 -1000.00 1.3660 1.9896 4.9534 212.2434 2.0864 -114.7326 -1.5619 0.0003 0.0000 85 mustang_mustang
Car 1.00 1.00 0 0 0 0 0 0 0 0 -1000.00 -1000.00 -1000.00 -1000.00 1.6244 1.8781 3.8906 -85.6286 2.0414 -203.6466 -1.5823 -0.0000 -0.0011 86 audi_a2
Car 0.00 1.00 0 0 0 0 0 0 0 0 437.53 360.09 454.58 365.67 1.9718 2.0005 4.0595 -199.1434 2.0143 -185.9175 2.0312 0.0045 -0.0005 87 jeep_wrangler_rubicon
Car 1.00 1.00 0 0 0 0 0 0 0 0 -1000.00 -1000.00 -1000.00 -1000.00 1.9718 2.0005 4.0595 -85.7017 2.0450 -209.3666 -1.5808 0.0007 -0.0001 88 jeep_wrangler_rubicon
Car 1.00 1.00 0 0 0 0 0 0 0 0 -1000.00 -1000.00 -1000.00 -1000.00 1.3660 1.9896 4.9534 -67.0156 2.0178 -259.2026 -3.1207 0.0000 -0.0000 89 mustang_mustang
Motorcycle 1.00 1.00 0 0 0 0 0 0 0 0 -1000.00 -1000.00 -1000.00 -1000.00 1.6649 1.0692 2.4735 140.7331 2.0722 2.8689 1.5863 0.0035 0.0000 90 harley_davidson_low_rider
Car 0.00 1.00 0 0 0 0 0 0 0 0 1607.69 364.17 1652.25 374.76 1.5475 1.9070 4.4025 -83.8369 2.1792 97.8119 1.5857 0.0005 0.0000 91 seat_leon
Motorcycle 1.00 1.00 0 0 0 0 0 0 0 0 -1000.00 -1000.00 -1000.00 -1000.00 1.6387 1.2138 2.3199 129.3393 2.0932 -69.2031 0.2940 0.0010 -0.0013 92 yamaha_yzf
Cyclist 0.00 1.00 0 0 0 0 0 0 0 0 1466.74 361.34 1482.34 373.34 1.9311 0.5921 1.9272 -90.7184 2.1501 81.0142 -1.6091 -0.0020 0.0001 93 gazelle_omafiets
Car 0.00 1.00 0 0 0 0 0 0 0 0 670.51 362.32 688.81 368.62 1.5140 2.1024 4.9073 -138.6626 2.1013 -71.8102 -3.1307 -0.0017 0.0000 94 mercedesccc_mercedesccc
Car 1.00 1.00 0 0 0 0 0 0 0 0 -1000.00 -1000.00 -1000.00 -1000.00 1.4546 2.0938 4.3903 69.4947 2.0574 -192.5355 -1.5640 0.0005 0.0000 95 audi_tt
Car 0.00 1.00 0 0 0 0 0 0 0 0 45.97 359.46 102.84 375.44 2.1397 2.1728 4.7045 -77.9619 2.0882 -125.1155 1.5164 0.0093 0.0002 96 volkswagen_t2
Car 0.00 1.00 0 0 0 0 0 0 0 0 1460.82 364.17 1504.99 374.15 1.5140 2.1024 4.9073 -87.0639 2.1697 78.8819 -1.5567 0.0003 0.0000 97 mercedesccc_mercedesccc
Car 1.00 1.00 0 0 0 0 0 0 0 0 -1000.00 -1000.00 -1000.00 -1000.00 1.4812 2.1349 5.6254 140.8234 2.0890 -2.6696 1.5863 0.0005 0.0000 98 chevrolet_impala
Car 1.00 1.00 0 0 0 0 0 0 0 0 -1000.00 -1000.00 -1000.00 -1000.00 1.5765 1.9374 3.8150 75.4139 2.1491 55.0013 1.5949 0.0005 0.0000 99 nissan_micra
Motorcycle 1.00 1.00 0 0 0 0 0 0 0 0 -1000.00 -1000.00 -1000.00 -1000.00 1.5853 1.1236 2.1350 75.6267 2.0620 -88.5606 1.5794 0.0004 0.0000 100 kawasaki_ninja
Car 0.00 1.00 0 0 0 0 0 0 0 0 1250.21 360.51 1265.85 365.86 1.9476 2.0282 4.8347 -211.7876 2.1722 111.0516 -2.5560 -0.0017 0.0123 101 nissan_patrol
Car 0.00 1.00 0 0 0 0 0 0 0 0 906.72 360.02 941.10 375.52 2.1397 2.1728 4.7045 -78.7859 2.1448 -7.2691 1.5840 0.0011 0.0000 102 volkswagen_t2
Car 0.00 1.00 0 0 0 0 0 0 0 0 1013.76 361.98 1027.63 365.76 1.3660 1.9896 4.9534 -205.1186 2.1027 20.1158 1.3955 0.0003 -0.0014 103 mustang_mustang
Car 1.00 1.00 7 5 8 38 0 0 0 2 -1000.00 -1000.00 -1000.00 -1000.00 1.5627 2.2716 5.0314 49.6395 2.1496 17.0748 0.0141 0.0005 0.0000 104 tesla_model3
Car 1.00 1.00 0 0 0 0 0 0 0 0 -1000.00 -1000.00 -1000.00 -1000.00 1.5542 2.3421 5.1370 154.8657 2.1085 -66.1688 -3.1198 -0.0037 0.0000 105 lincoln2020_mkz2020
Car 1.00 1.00 0 0 0 0 0 0 0 0 -1000.00 -1000.00 -1000.00 -1000.00 1.5627 2.2716 5.0314 89.9030 2.1121 -67.3728 -3.1241 0.0007 0.0000 106 tesla_model3
Car 0.00 1.00 0 0 0 0 0 0 0 0 675.52 363.28 705.54 373.42 1.5765 1.9374 3.8150 -88.8027 2.1018 -44.8844 -1.5481 0.0005 0.0000 107 nissan_micra
Cyclist 0.00 1.00 0 0 0 0 0 0 0 0 341.89 361.32 365.86 378.91 1.9311 0.5921 1.9272 -63.0797 2.0824 -70.0675 -3.1239 -0.0036 0.0000 108 gazelle_omafiets
Cyclist 1.00 1.00 0 0 0 0 0 0 0 0 -1000.00 -1000.00 -1000.00 -1000.00 1.9311 0.5921 1.9272 -60.5939 1.9782 -280.0909 0.0195 -0.0038 0.0000 109 gazelle_omafiets
Car 1.00 1.00 293 324 551 5866 0 0 93 0 -1000.00 -1000.00 -1000.00 -1000.00 1.4546 2.0938 4.3903 5.9791 2.1370 19.3903 -3.0459 -0.0103 -0.0002 110 audi_tt
Car 0.00 1.00 0 0 0 0 0 0 0 0 267.58 361.34 341.87 381.08 1.9476 2.0282 4.8347 -58.4819 2.0924 -69.9944 -3.1240 0.0001 0.0000 111 nissan_patrol
Car 1.00 1.00 0 2 4 4 5 0 0 0 -1000.00 -1000.00 -1000.00 -1000.00 1.4546 2.0938 4.3903 -1.2922 2.0374 -110.8845 1.6982 0.0012 -0.0002 112 audi_tt
Car 1.00 1.00 0 3 6 22 13 0 0 0 -1000.00 -1000.00 -1000.00 -1000.00 1.7506 2.3538 4.8416 2.3238 1.9881 -198.8045 -0.9330 0.0001 0.0025 113 bmw_grandtourer
Car 1.00 1.00 30 36 57 207 6 0 0 0 -1000.00 -1000.00 -1000.00 -1000.00 1.9718 2.0005 4.0595 -19.5603 2.1060 -76.3113 0.0180 0.0001 -0.0001 114 jeep_wrangler_rubicon
Motorcycle 1.00 1.00 0 0 0 0 0 0 0 0 -1000.00 -1000.00 -1000.00 -1000.00 1.6387 1.2138 2.3199 138.6305 2.0535 -87.6027 1.5864 0.0004 0.0000 115 yamaha_yzf
Car 1.00 1.00 32 29 45 200 24 0 0 0 -1000.00 -1000.00 -1000.00 -1000.00 1.7203 2.2019 5.4994 -4.4341 2.0730 -77.5930 -1.9872 -0.0014 0.0066 116 chargercop2020_chargercop2020
Car 1.00 1.00 0 0 0 0 0 0 0 0 -1000.00 -1000.00 -1000.00 -1000.00 1.6980 1.9434 4.1871 131.0582 2.0692 -50.4256 -1.5553 0.0004 0.0000 117 citroen_c3
Car 1.00 1.00 0 0 0 0 0 0 0 0 -1000.00 -1000.00 -1000.00 -1000.00 1.5542 2.3421 5.1370 37.0611 -5.6939 120.0551 0.0178 -0.0463 -0.0001 118 lincoln2020_mkz2020
Car 1.00 1.00 52 68 103 3601 0 0 0 4 -1000.00 -1000.00 -1000.00 -1000.00 2.5908 2.7453 5.4640 65.3812 2.1836 38.4209 -1.5469 -0.0057 0.0000 119 carlamotors_carlacola
Car 1.00 1.00 0 0 0 0 0 0 0 0 -1000.00 -1000.00 -1000.00 -1000.00 1.5765 1.9374 3.8150 75.6399 2.0797 -99.1714 1.5789 0.0005 0.0000 120 nissan_micra
Car 1.00 1.00 0 0 0 0 0 0 0 0 -1000.00 -1000.00 -1000.00 -1000.00 1.4477 1.5550 2.3177 55.3399 -6.0440 116.8700 0.0169 -0.0191 -0.0000 121 bmw_isetta
Car 1.00 1.00 0 0 0 0 0 0 0 0 -1000.00 -1000.00 -1000.00 -1000.00 1.7173 2.2591 5.2781 183.7253 2.1253 -65.1654 -3.1140 -0.0069 0.0002 122 mercedes_benz_coupe
Car 1.00 1.00 421 463 737 6361 0 0 217 0 -1000.00 -1000.00 -1000.00 -1000.00 1.7173 2.2591 5.2781 -2.7330 2.1308 23.1812 -3.1252 -0.0046 0.0004 123 mercedes_benz_coupe
Car 1.00 1.00 0 0 0 0 0 0 0 0 -1000.00 -1000.00 -1000.00 -1000.00 1.5765 1.9374 3.8150 136.5737 2.0500 -151.2412 -1.4151 0.0001 0.0022 124 nissan_micra
Car 1.00 1.00 61 82 127 622 0 0 0 16 -1000.00 -1000.00 -1000.00 -1000.00 1.6115 2.2019 5.2564 43.2562 2.1453 16.8620 0.0600 0.0003 0.0006 125 charger2020_charger2020
Car 1.00 1.00 0 0 0 0 0 0 0 0 -1000.00 -1000.00 -1000.00 -1000.00 1.9476 2.0282 4.8347 68.8271 2.1472 47.8434 -1.5248 0.0001 0.0000 126 nissan_patrol
Car 1.00 1.00 0 0 0 0 0 0 0 0 -1000.00 -1000.00 -1000.00 -1000.00 1.5140 2.1024 4.9073 -89.6256 2.0232 -246.6297 -1.5818 0.0005 0.0000 127 mercedesccc_mercedesccc
Car 0.00 1.00 0 0 0 0 0 0 0 0 6.41 362.30 65.39 374.09 1.7173 2.2591 5.2781 -84.8979 2.0871 -142.0010 -1.5907 -0.0066 -0.0002 128 mercedes_benz_coupe
Car 1.00 1.00 54 64 103 401 25 0 0 0 -1000.00 -1000.00 -1000.00 -1000.00 1.4812 2.1349 5.6254 -6.5685 2.0685 -48.9972 -1.5612 -0.0036 0.0000 129 chevrolet_impala
Car 0.00 1.00 0 0 0 0 0 0 0 0 54.30 359.59 87.24 366.89 2.1397 2.1728 4.7045 -166.0439 2.0270 -266.9159 3.0091 0.0002 -0.0030 130 volkswagen_t2
Car 1.00 1.00 0 0 0 0 0 0 0 0 -1000.00 -1000.00 -1000.00 -1000.00 1.6244 1.8781 3.8906 54.2206 2.1012 -74.9997 0.0181 -0.0000 -0.0011 131 audi_a2
Car 0.97 0.02 298 309 520 7558 0 3 54 0 1890.78 385.97 1918.96 423.00 1.9476 2.0282 4.8347 -15.2877 2.0518 26.2846 -2.3470 0.0208 -0.1516 132 nissan_patrol
Car 1.00 1.00 0 0 0 0 0 0 0 0 -1000.00 -1000.00 -1000.00 -1000.00 1.9476 2.0282 4.8347 -33.4310 2.0885 -73.0483 0.0185 0.0106 0.0000 133 nissan_patrol
Car 1.00 1.00 0 0 0 0 0 0 0 0 -1000.00 -1000.00 -1000.00 -1000.00 1.9476 2.0282 4.8347 14.7365 -5.6146 -271.9790 0.0117 -0.1293 0.0003 134 nissan_patrol
Car 0.70 0.00 8026 21836 34915 254822 0 2316 0 0 0.00 431.95 1115.57 719.00 1.7506 2.3538 4.8416 -3.4684 2.0757 -3.9269 1.5734 0.0004 0.0000 135 bmw_grandtourer
Car 1.00 1.00 0 0 0 0 0 0 0 0 -1000.00 -1000.00 -1000.00 -1000.00 1.9476 2.0282 4.8347 15.5705 2.0548 -155.8710 -3.1280 0.0001 0.0000 136 nissan_patrol
Car 1.00 1.00 0 0 0 0 0 0 0 0 -1000.00 -1000.00 -1000.00 -1000.00 1.7203 2.2019 5.4994 51.7868 2.1082 -71.6989 0.0260 0.0003 0.0007 137 chargercop2020_chargercop2020
Car 1.00 1.00 14 28 38 292 4 0 0 0 -1000.00 -1000.00 -1000.00 -1000.00 2.5908 2.7453 5.4640 17.4114 2.1299 -68.6430 -3.1239 0.0003 0.0000 138 carlamotors_carlacola
Car 1.00 1.00 0 0 0 0 0 0 0 0 -1000.00 -1000.00 -1000.00 -1000.00 1.5863 2.2347 5.1468 116.5288 2.1473 18.0221 0.0141 0.0005 0.0000 139 lincoln_mkz2017
Car 1.00 1.00 0 0 0 0 0 0 0 0 -1000.00 -1000.00 -1000.00 -1000.00 1.9718 2.0005 4.0595 197.3922 2.1123 -68.9839 0.0202 -0.0001 -0.0001 140 jeep_wrangler_rubicon
Car 1.00 1.00 0 0 0 0 0 0 0 0 -1000.00 -1000.00 -1000.00 -1000.00 1.6011 2.1072 4.7392 72.9906 2.0520 -191.9885 -1.5626 0.0004 0.0000 141 toyota_prius
Car 1.00 1.00 0 0 0 0 0 0 0 0 -1000.00 -1000.00 -1000.00 -1000.00 1.7318 2.1344 5.0985 134.4608 2.0784 -44.3582 -1.5554 0.0004 0.0000 142 audi_etron
Car 0.00 1.00 0 0 0 0 0 0 0 0 633.62 359.50 686.06 374.24 2.2031 2.5091 6.5872 -85.1872 2.1295 -47.7518 -1.5558 0.0005 0.0000 143 tesla_cybertruck
Car 1.00 1.00 0 0 0 0 0 0 0 0 -1000.00 -1000.00 -1000.00 -1000.00 1.5765 1.9374 3.8150 72.6076 2.0624 -137.6183 -1.5628 0.0005 0.0000 144 nissan_micra
Car 1.00 1.00 1 0 0 0 0 0 0 0 -1000.00 -1000.00 -1000.00 -1000.00 1.4546 2.0938 4.3903 1.8963 2.0418 -101.8725 1.5909 0.0005 0.0000 145 audi_tt
Car 0.00 1.00 0 0 0 0 0 0 0 0 611.62 361.50 630.29 365.52 1.4812 2.1349 5.6254 -207.3768 2.0443 -128.4444 -1.5544 0.0003 0.0000 146 chevrolet_impala
Car 0.00 0.62 0 0 1 63 0 0 0 0 1617.14 359.93 1684.46 375.59 2.2031 2.5091 6.5872 -80.3162 2.1945 96.4991 1.5856 0.0004 0.0000 147 tesla_cybertruck
Car 0.00 1.00 0 0 0 0 0 0 0 0 300.33 361.23 364.46 381.37 1.9718 2.0005 4.0595 -57.8726 2.1081 -66.4873 -3.1240 0.0059 -0.0001 148 jeep_wrangler_rubicon
Car 0.00 1.00 0 0 0 0 0 0 0 0 595.21 364.65 634.53 373.51 1.3660 1.9896 4.9534 -88.5456 2.1085 -56.6965 -1.5559 0.0003 0.0000 149 mustang_mustang
Car 1.00 1.00 0 0 0 0 0 0 0 0 -1000.00 -1000.00 -1000.00 -1000.00 1.3660 1.9896 4.9534 68.9250 2.0825 -118.9355 -1.5726 0.0006 0.0000 150 mustang_mustang
Car 0.00 1.00 0 0 0 0 0 0 0 0 877.49 356.96 917.18 374.97 2.5908 2.7453 5.4640 -82.2796 2.1541 -11.3789 1.5503 0.0005 0.0000 151 carlamotors_carlacola
Car 1.00 1.00 0 0 0 0 0 0 0 0 -1000.00 -1000.00 -1000.00 -1000.00 1.5863 2.2347 5.1468 102.6859 2.1170 73.8708 -0.0193 -0.0003 -0.0013 152 lincoln_mkz2017
Car 0.00 1.00 0 0 0 0 0 0 0 0 556.51 360.63 570.80 364.45 1.7506 2.3538 4.8416 -257.1581 2.0459 -185.3756 -1.4696 0.0003 0.0016 153 bmw_grandtourer
Cyclist 1.00 1.00 0 0 0 0 0 0 0 0 -1000.00 -1000.00 -1000.00 -1000.00 1.9709 0.6705 1.7250 79.8701 2.0447 -177.5383 1.5791 0.0055 0.0000 154 diamondback_century
Cyclist 0.00 1.00 0 0 0 0 0 0 0 0 714.99 360.42 719.66 366.79 1.9311 0.5921 1.9272 -170.2419 2.0613 -76.3189 0.0110 -0.0036 0.0000 155 gazelle_omafiets
Motorcycle 1.00 1.00 0 0 0 0 0 0 0 0 -1000.00 -1000.00 -1000.00 -1000.00 1.6960 1.0692 2.4735 120.4014 2.0538 -161.4708 0.0143 0.0035 0.0000 156 harley_davidson_low_rider
Car 0.00 1.00 0 0 0 0 0 0 0 0 1524.77 360.30 1571.49 374.86 2.1397 2.1728 4.7045 -83.6724 2.1867 85.4032 1.5870 0.0005 0.0000 157 volkswagen_t2
Car 1.00 1.00 0 0 0 0 0 0 0 0 -1000.00 -1000.00 -1000.00 -1000.00 1.5488 2.0688 3.9961 -64.3635 2.0105 -262.6527 -3.1222 0.0010 0.0000 158 mini_cooperst
Cyclist 1.00 1.00 0 0 0 0 0 0 0 0 -1000.00 -1000.00 -1000.00 -1000.00 1.9311 0.5921 1.9272 36.2745 2.0422 -162.5164 -0.0080 -0.0027 0.0000 159 gazelle_omafiets
Car 1.00 1.00 121 134 229 995 27 0 0 0 -1000.00 -1000.00 -1000.00 -1000.00 1.4812 2.1349 5.6254 -10.1849 2.0714 -36.4444 -1.5623 0.0006 0.0000 160 chevrolet_impala
Car 1.00 1.00 0 0 0 0 0 0 0 0 -1000.00 -1000.00 -1000.00 -1000.00 1.7173 2.2591 5.2781 22.6929 -6.5540 -275.2685 0.0225 -0.1168 -0.0013 161 mercedes_benz_coupe
Car 0.00 1.00 0 0 0 0 0 0 0 0 369.16 360.35 393.18 368.32 1.9718 2.0005 4.0595 -140.3749 2.0723 -147.7217 2.3219 -0.0009 -0.0067 162 jeep_wrangler_rubicon
Car 1.00 1.00 0 0 0 0 0 0 0 0 -1000.00 -1000.00 -1000.00 -1000.00 1.7506 2.3538 4.8416 71.8938 2.1603 58.5637 1.5949 0.0005 0.0000 163 bmw_grandtourer
Car 1.00 1.00 0 0 0 0 0 0 0 0 -1000.00 -1000.00 -1000.00 -1000.00 1.6115 2.2019 5.2564 137.4066 2.0799 -8.1160 1.6247 -0.0018 0.0005 164 charger2020_charger2020
Car 1.00 1.00 0 0 0 0 0 0 0 0 -1000.00 -1000.00 -1000.00 -1000.00 1.6244 1.8781 3.8906 73.5182 2.1309 -9.5580 1.5915 -0.0000 -0.0011 165 audi_a2
Car 1.00 1.00 0 0 0 0 0 0 0 0 -1000.00 -1000.00 -1000.00 -1000.00 1.5475 1.9070 4.4025 55.9773 -6.0545 123.8671 0.0174 -0.0108 -0.0000 166 seat_leon
Car 0.00 1.00 0 0 0 0 0 0 0 0 555.53 361.01 567.39 364.63 1.5765 1.9374 3.8150 -247.3691 2.0391 -179.3624 1.6675 0.0001 -0.0066 167 nissan_micra
Car 0.00 1.00 0 0 0 11 0 0 0 0 1568.17 363.16 1611.89 372.10 1.5863 2.2347 5.1468 -103.9171 2.1884 114.6077 0.0112 -0.0009 0.0000 168 lincoln_mkz2017
Car 1.00 1.00 0 0 0 0 0 0 0 0 -1000.00 -1000.00 -1000.00 -1000.00 1.7506 2.3538 4.8416 -21.7045 2.0591 -163.4167 0.0138 0.0004 0.0000 169 bmw_grandtourer
Car 1.00 1.00 0 0 0 0 0 0 0 0 -1000.00 -1000.00 -1000.00 -1000.00 1.4812 2.1349 5.6254 44.8763 2.1120 -71.6692 0.0177 0.0005 0.0000 170 chevrolet_impala
Car 1.00 1.00 0 0 0 0 0 0 0 0 -1000.00 -1000.00 -1000.00 -1000.00 1.4812 2.1349 5.6254 193.9861 2.0771 -154.4350 -2.8031 0.0003 -0.0316 171 chevrolet_impala
Car 1.00 1.00 0 0 0 0 0 0 0 0 -1000.00 -1000.00 -1000.00 -1000.00 1.6011 2.1072 4.7392 134.5542 2.0611 -50.3361 -1.5552 0.0005 0.0000 172 toyota_prius
Car 1.00 1.00 0 7 12 45 7 0 0 0 -1000.00 -1000.00 -1000.00 -1000.00 1.6115 2.2019 5.2564 8.3944 2.0554 -159.6097 -3.0037 -0.0088 0.0039 173 charger2020_charger2020
Car 0.00 1.00 0 0 0 0 0 0 0 0 637.37 363.53 671.92 373.51 1.5475 1.9070 4.4025 -88.6471 2.1124 -50.4781 -1.5556 0.0005 0.0000 174 seat_leon
Car 1.00 1.00 0 0 0 0 0 0 0 0 -1000.00 -1000.00 -1000.00 -1000.00 2.5908 2.7453 5.4640 -78.6916 2.0652 -209.3524 1.5590 0.0003 0.0000 175 carlamotors_carlacola
Car 1.00 1.00 0 0 0 0 0 0 0 0 -1000.00 -1000.00 -1000.00 -1000.00 1.4812 2.1349 5.6254 109.3730 2.0714 -162.7932 0.3634 0.0013 -0.0012 176 chevrolet_impala
Car 1.00 1.00 0 0 0 0 0 0 0 0 -1000.00 -1000.00 -1000.00 -1000.00 1.9718 2.0005 4.0595 -26.0593 -0.4340 -275.9509 0.0158 -0.1282 -0.0004 177 jeep_wrangler_rubicon
Car 0.00 1.00 0 0 0 0 0 0 0 0 73.43 362.52 120.07 374.00 1.6980 1.9434 4.1871 -84.6420 2.0847 -132.4207 -1.6089 0.0005 0.0000 178 citroen_c3
Car 1.00 1.00 13 17 23 94 21 0 0 0 -1000.00 -1000.00 -1000.00 -1000.00 1.5488 2.0688 3.9961 1.6287 2.0406 -88.9906 1.5917 0.0005 0.0000 179 mini_cooperst
Motorcycle 1.00 1.00 0 0 0 0 0 0 0 0 -1000.00 -1000.00 -1000.00 -1000.00 1.6960 1.0692 2.4735 79.2620 2.0787 -104.4665 1.5788 0.0009 0.0000 180 harley_davidson_low_rider
Car 1.00 1.00 0 0 0 0 0 0 0 0 -1000.00 -1000.00 -1000.00 -1000.00 1.4477 1.5550 2.3177 138.8042 2.1169 18.3234 0.0139 0.0123 0.0028 181 bmw_isetta
Cyclist 1.00 1.00 0 0 0 0 0 0 0 0 -1000.00 -1000.00 -1000.00 -1000.00 1.7065 0.8593 1.4873 79.2171 2.0529 -91.3102 1.5897 -0.0034 -0.0003 182 bh_crossbike
Car 1.00 1.00 0 0 0 0 0 0 0 0 -1000.00 -1000.00 -1000.00 -1000.00 1.6011 2.1072 4.7392 51.6102 -8.0136 -274.9915 0.0123 0.0014 0.0000 183 toyota_prius
Car 1.00 1.00 0 0 0 0 0 0 0 0 -1000.00 -1000.00 -1000.00 -1000.00 1.5488 2.0688 3.9961 -81.8476 2.0544 -178.8002 1.5591 0.0004 0.0000 184 mini_cooperst
Car 0.00 1.00 0 0 0 0 0 0 0 0 22.80 362.37 69.57 373.29 1.6980 1.9434 4.1871 -88.7027 2.0783 -146.7401 -1.5697 0.0004 0.0000 185 citroen_c3
Car 1.00 1.00 0 0 0 0 0 0 0 0 -1000.00 -1000.00 -1000.00 -1000.00 1.5765 1.9374 3.8150 143.9445 1.9922 -172.4518 1.5222 0.0005 -0.0000 186 nissan_micra
Car 1.00 1.00 0 0 0 0 0 0 0 0 -1000.00 -1000.00 -1000.00 -1000.00 1.7506 2.3538 4.8416 79.1944 2.0909 -96.7229 1.5789 -0.0003 0.0000 187 bmw_grandtourer
Car 1.00 1.00 0 0 0 0 0 0 0 0 -1000.00 -1000.00 -1000.00 -1000.00 1.5488 2.0688 3.9961 47.6486 2.0620 -165.9682 0.0139 0.0005 0.0000 188 mini_cooperst
Car 0.00 1.00 0 0 0 0 0 0 0 0 595.76 363.66 630.69 374.09 1.5488 2.0688 3.9961 -85.0745 2.1103 -54.7870 -1.5559 0.0001 0.0000 189 mini_cooperst
Car 1.00 1.00 0 0 0 0 0 0 0 0 -1000.00 -1000.00 -1000.00 -1000.00 1.6011 2.1072 4.7392 199.8677 2.1075 -72.4257 0.0178 0.0005 0.0000 190 toyota_prius
Car 1.00 1.00 0 0 0 0 0 0 0 0 -1000.00 -1000.00 -1000.00 -1000.00 1.3660 1.9896 4.9534 76.8685 2.1351 -2.4005 1.5950 0.0005 0.0000 191 mustang_mustang
Car 0.00 1.00 0 0 0 0 0 0 0 0 607.30 360.19 620.34 364.39 1.9476 2.0282 4.8347 -261.6370 2.0455 -164.9993 -1.5438 0.0042 0.0000 192 nissan_patrol
Pedestrian 0.00 1.00 0 0 0 0 0 0 0 0 648.00 359.93 650.11 363.87 1.9158 0.4880 0.7507 -270.2786 1.8797 -153.2878 1.5618 0.0005 0.0000 193 pedestrian_0019
Pedestrian 0.00 1.00 0 0 0 0 0 0 0 0 524.28 362.23 526.72 365.23 1.1330 0.4333 0.6667 -210.5727 1.9756 -166.5029 -1.9048 0.0005 0.0000 194 pedestrian_0010
Pedestrian 1.00 1.00 0 0 0 0 0 0 0 0 -1000.00 -1000.00 -1000.00 -1000.00 1.9158 0.4880 0.4153 122.4163 1.8768 -168.8408 0.7560 0.0005 0.0000 195 pedestrian_0005
Pedestrian 1.00 1.00 0 0 0 0 0 0 0 0 -1000.00 -1000.00 -1000.00 -1000.00 1.9158 0.4880 0.5747 128.7521 1.8355 -137.5445 -1.7726 0.0005 0.0000 196 pedestrian_0003
Pedestrian 1.00 1.00 0 0 0 0 0 0 0 0 -1000.00 -1000.00 -1000.00 -1000.00 1.9158 0.4880 0.7507 165.8629 -8.0968 -110.9038 1.5938 0.0005 0.0000 197 pedestrian_0021
Pedestrian 0.00 1.00 0 0 0 0 0 0 0 0 1174.80 360.17 1176.85 364.45 1.9158 0.4880 0.7507 -249.5469 1.9902 94.5301 0.9159 0.0005 0.0000 198 pedestrian_0003
Pedestrian 0.00 1.00 0 0 0 0 0 0 0 0 383.71 359.82 385.33 364.27 1.9158 0.4880 0.4808 -239.7004 1.8372 -250.0443 -0.7735 0.0005 0.0000 199 pedestrian_0004
Pedestrian 1.00 1.00 0 0 0 0 0 0 0 0 -1000.00 -1000.00 -1000.00 -1000.00 1.9158 0.4880 0.4173 126.7746 1.9092 -58.8417 1.5689 0.0005 0.0000 200 pedestrian_0022
Pedestrian 1.00 1.00 0 0 0 0 0 0 0 0 -1000.00 -1000.00 -1000.00 -1000.00 1.3390 0.3253 0.3712 -94.1083 1.8683 -174.1412 -0.8281 0.0005 0.0000 201 pedestrian_0014
Pedestrian 1.00 1.00 0 0 0 0 0 0 0 0 -1000.00 -1000.00 -1000.00 -1000.00 1.9158 0.4880 0.4653 44.1390 1.9378 1.6511 -0.1121 0.0005 0.0000 202 pedestrian_0022
Pedestrian 1.00 1.00 0 0 0 0 0 0 0 0 -1000.00 -1000.00 -1000.00 -1000.00 1.9158 0.4880 0.5726 21.0464 1.8876 -55.5932 3.0930 0.0005 0.0000 203 pedestrian_0023
Pedestrian 1.00 1.00 0 0 0 2 0 0 0 0 -1000.00 -1000.00 -1000.00 -1000.00 1.3390 0.3253 0.2502 4.9346 1.8494 -84.2509 1.7828 0.0005 0.0000 204 pedestrian_0012
Pedestrian 1.00 1.00 0 0 0 7 0 0 0 0 -1000.00 -1000.00 -1000.00 -1000.00 1.9158 0.4880 0.7507 -12.5735 2.0323 -157.8738 1.7249 0.0005 0.0000 205 pedestrian_0019
Pedestrian 1.00 1.00 0 2 2 103 0 0 1 0 -1000.00 -1000.00 -1000.00 -1000.00 1.9158 0.4880 0.7338 -2.6045 2.0615 30.0731 -3.0630 0.0005 0.0000 206 pedestrian_0005
Pedestrian 1.00 1.00 0 0 0 0 0 0 0 0 -1000.00 -1000.00 -1000.00 -1000.00 1.9158 0.4880 0.6724 125.9584 2.0758 -65.3188 -1.0894 0.0005 0.0000 207 pedestrian_0026
Pedestrian 0.00 1.00 0 0 0 0 0 0 0 0 41.98 359.84 54.04 374.52 1.9158 0.4880 0.7507 -73.6380 1.8953 -121.7011 -1.5357 0.0005 0.0000 208 pedestrian_0015
Pedestrian 0.00 1.00 0 0 0 0 0 0 0 0 1844.32 364.03 1849.57 372.18 1.3390 0.3253 0.3368 -92.5258 2.0063 144.1665 -0.0092 0.0005 0.0000 209 pedestrian_0014
Pedestrian 0.00 1.00 0 0 0 0 0 0 0 0 1722.44 360.51 1730.47 370.62 1.9158 0.4880 0.7507 -106.5348 2.0142 143.6472 0.0621 0.0005 0.0000 210 pedestrian_0016
Pedestrian 1.00 1.00 0 0 0 0 0 0 0 0 -1000.00 -1000.00 -1000.00 -1000.00 1.3390 0.3253 0.4692 53.3175 1.9561 28.1461 -3.1135 0.0005 0.0000 211 pedestrian_0012
Pedestrian 1.00 1.00 0 0 0 0 0 0 0 0 -1000.00 -1000.00 -1000.00 -1000.00 1.1330 0.4333 0.6492 63.0913 1.8934 -104.8678 1.5711 0.0005 0.0000 212 pedestrian_0009
Pedestrian 1.00 1.00 0 0 0 0 0 0 0 0 -1000.00 -1000.00 -1000.00 -1000.00 1.1330 0.4333 0.6667 144.4009 1.8747 -30.7416 1.5635 0.0005 0.0000 213 pedestrian_0010
Pedestrian 0.00 1.00 0 0 0 0 0 0 0 0 861.10 360.02 862.79 363.94 1.9158 0.4880 0.7507 -271.9383 1.9247 -50.1654 -1.5361 0.0005 0.0000 214 pedestrian_0021
Pedestrian 0.00 0.92 0 0 0 5 0 1 0 0 1256.36 360.32 1262.34 371.61 1.9158 0.4880 0.7507 -95.3641 1.9702 48.7048 -1.5276 0.0005 0.0000 215 pedestrian_0018
Pedestrian 0.00 1.00 0 0 0 0 0 0 0 0 576.22 359.90 577.78 363.88 1.9158 0.4880 0.4396 -267.6046 1.8659 -186.4440 -1.4375 0.0005 0.0000 216 pedestrian_0020
Pedestrian 1.00 1.00 0 0 0 0 0 0 0 0 -1000.00 -1000.00 -1000.00 -1000.00 1.9158 0.4880 0.7507 128.5418 1.8433 -120.2481 1.6052 0.0005 0.0000 217 pedestrian_0017
Pedestrian 1.00 1.00 0 0 0 0 0 0 0 0 -1000.00 -1000.00 -1000.00 -1000.00 1.9158 0.4880 0.7507 -47.8654 1.8734 -171.2388 -3.1397 0.0005 0.0000 218 pedestrian_0007
Pedestrian 0.00 1.00 0 0 0 0 0 0 0 0 729.76 363.51 732.31 367.82 1.1330 0.4333 0.4478 -147.5057 2.0618 -62.7484 -0.3528 0.0005 0.0000 219 pedestrian_0010
Pedestrian 1.00 1.00 2 3 8 27 0 0 0 0 -1000.00 -1000.00 -1000.00 -1000.00 1.9158 0.4880 0.5333 68.3526 2.1182 30.5794 -2.8783 0.0005 0.0000 220 pedestrian_0023
Pedestrian 1.00 1.00 0 0 0 0 0 0 0 0 -1000.00 -1000.00 -1000.00 -1000.00 1.9158 0.4880 0.5122 83.7360 1.7981 -219.2137 -3.0656 0.0005 0.0000 221 pedestrian_0024
Pedestrian 0.00 1.00 0 0 0 0 0 0 0 0 571.72 362.00 573.65 365.22 1.1330 0.4333 0.3774 -196.8013 1.8411 -139.0432 -1.5690 0.0005 0.0000 222 pedestrian_0011
Pedestrian 0.00 1.00 0 0 0 0 0 0 0 0 713.24 359.96 715.21 363.91 1.9158 0.4880 0.7507 -270.1240 1.8953 -121.5634 -1.5172 0.0005 0.0000 223 pedestrian_0016
Pedestrian 1.00 1.00 0 0 0 0 0 0 0 0 -1000.00 -1000.00 -1000.00 -1000.00 1.9158 0.4880 0.7032 109.7261 -8.1917 -282.9483 0.1668 0.0005 0.0000 224 pedestrian_0017
Pedestrian 1.00 1.00 0 0 0 0 0 0 0 0 -1000.00 -1000.00 -1000.00 -1000.00 1.9158 0.4880 0.4082 165.9768 -8.1010 -120.7793 0.2577 0.0005 0.0000 225 pedestrian_0001
Pedestrian 0.00 1.00 0 0 0 0 0 0 0 0 774.31 359.97 775.93 365.39 1.9158 0.4880 0.5003 -197.1990 1.9043 -67.6750 -2.7038 0.0005 0.0000 226 pedestrian_0003
Pedestrian 0.00 1.00 0 0 0 0 0 0 0 0 679.07 360.55 682.34 367.58 1.9158 0.4880 0.6944 -152.5087 2.0660 -78.5699 -0.8398 0.0005 0.0000 227 pedestrian_0007
Pedestrian 1.00 1.00 0 0 0 0 0 0 0 0 -1000.00 -1000.00 -1000.00 -1000.00 1.1330 0.4333 0.6667 116.8896 1.9146 -59.4107 -0.0747 0.0005 0.0000 228 pedestrian_0010
Pedestrian 0.00 1.00 0 0 0 0 0 0 0 0 566.27 366.03 572.95 374.88 1.1330 0.4333 0.5847 -72.6419 1.9149 -52.6757 1.2958 0.0005 0.0000 229 pedestrian_0010
Pedestrian 1.00 1.00 33 44 60 2838 7 0 0 11 -1000.00 -1000.00 -1000.00 -1000.00 1.3390 0.3253 0.4527 9.5857 1.8861 -14.5193 -0.8235 0.0005 0.0000 230 pedestrian_0013
Pedestrian 1.00 1.00 0 0 0 0 0 0 0 0 -1000.00 -1000.00 -1000.00 -1000.00 1.3390 0.3253 0.4293 196.2167 1.9130 -76.5187 -3.0931 0.0005 0.0000 231 pedestrian_0013
Pedestrian 1.00 1.00 0 0 0 0 0 0 0 0 -1000.00 -1000.00 -1000.00 -1000.00 1.9158 0.4880 0.6612 62.7982 1.8895 -143.3015 -1.5771 0.0005 0.0000 232 pedestrian_0020
Pedestrian 1.00 1.00 0 0 0 0 0 0 0 0 -1000.00 -1000.00 -1000.00 -1000.00 1.9158 0.4880 0.4227 104.7011 1.9364 87.3206 -0.0060 0.0005 0.0000 233 pedestrian_0021
Pedestrian 0.00 1.00 0 0 0 0 0 0 0 0 862.66 362.09 864.16 365.25 1.1330 0.4333 0.4562 -200.2788 1.8844 -36.9623 -1.5986 0.0005 0.0000 234 pedestrian_0009
Pedestrian 1.00 1.00 0 0 0 0 0 0 0 0 -1000.00 -1000.00 -1000.00 -1000.00 1.9158 0.4880 0.5026 224.3446 1.9488 -12.0225 -1.5444 0.0005 0.0000 235 pedestrian_0006
Pedestrian 0.00 1.00 0 0 0 0 0 0 0 0 468.34 366.25 475.31 375.47 1.1330 0.4333 0.4889 -69.7400 1.9106 -62.7528 -3.1340 0.0005 0.0000 236 pedestrian_0009
Pedestrian 0.00 1.00 0 0 0 0 0 0 0 0 390.44 361.03 398.55 374.40 1.9158 0.4880 0.7507 -80.9356 2.0646 -83.7605 0.2207 0.0005 0.0000 237 pedestrian_0026
Pedestrian 1.00 1.00 5 6 8 129 0 0 4 0 -1000.00 -1000.00 -1000.00 -1000.00 1.9158 0.4880 0.5547 8.9883 1.9186 50.8567 -2.0188 0.0005 0.0000 238 pedestrian_0021
Pedestrian 1.00 1.00 0 0 0 0 0 0 0 0 -1000.00 -1000.00 -1000.00 -1000.00 1.3390 0.3253 0.5005 59.8781 2.0668 -64.6691 1.7465 0.0005 0.0000 239 pedestrian_0012
Pedestrian 1.00 1.00 0 0 0 0 0 0 0 0 -1000.00 -1000.00 -1000.00 -1000.00 1.9158 0.4880 0.7507 -125.2439 1.8199 -288.2930 0.0131 0.0005 0.0000 240 pedestrian_0020
Pedestrian 1.00 1.00 0 0 0 0 0 0 0 0 -1000.00 -1000.00 -1000.00 -1000.00 1.1330 0.4333 0.6667 200.8309 -8.0701 -31.7707 -1.5606 0.0005 0.0000 241 pedestrian_0011
Pedestrian 1.00 1.00 0 0 0 0 0 0 0 0 -1000.00 -1000.00 -1000.00 -1000.00 1.9158 0.4880 0.6251 43.2880 1.8748 -170.7147 -3.0952 0.0005 0.0000 242 pedestrian_0002
Pedestrian 1.00 1.00 0 0 0 0 0 0 0 0 -1000.00 -1000.00 -1000.00 -1000.00 1.3390 0.3253 0.3583 126.3944 1.8478 -91.4000 1.6207 0.0005 0.0000 243 pedestrian_0014
Pedestrian 1.00 1.00 0 0 0 0 0 0 0 0 -1000.00 -1000.00 -1000.00 -1000.00 1.9158 0.4880 0.7288 56.2366 1.9496 -5.0303 -1.9814 0.0005 0.0000 244 pedestrian_0006
Pedestrian 1.00 1.00 0 0 0 0 0 0 0 0 -1000.00 -1000.00 -1000.00 -1000.00 1.9158 0.4880 0.6637 200.8070 -8.0735 -60.7326 -1.5537 0.0005 0.0000 245 pedestrian_0020
Pedestrian 0.00 1.00 0 0 0 0 0 0 0 0 149.85 359.98 165.98 379.77 1.9158 0.4880 0.7507 -55.0722 1.9141 -80.4347 0.0316 0.0005 0.0000 246 pedestrian_0022
Pedestrian 1.00 1.00 0 0 0 0 0 0 0 0 -1000.00 -1000.00 -1000.00 -1000.00 1.9158 0.4880 0.7389 -74.4716 1.8620 -195.5939 1.5464 0.0005 0.0000 247 pedestrian_0002
Pedestrian 1.00 1.00 0 0 0 0 0 0 0 0 -1000.00 -1000.00 -1000.00 -1000.00 1.9158 0.4880 0.7274 145.6493 1.8551 -93.7768 1.5421 0.0005 0.0000 248 pedestrian_0022
Pedestrian 0.00 1.00 0 0 0 0 0 0 0 0 780.04 360.09 788.63 378.81 1.9158 0.4880 0.7507 -58.0351 1.9254 -20.3040 1.6509 0.0005 0.0000 249 pedestrian_0006
Pedestrian 1.00 1.00 0 0 0 0 0 0 0 0 -1000.00 -1000.00 -1000.00 -1000.00 1.9158 0.4880 0.4802 82.5628 2.0282 -169.9248 2.9436 0.0005 0.0000 250 pedestrian_0019
Pedestrian 0.00 1.00 0 0 0 0 0 0 0 0 987.80 360.21 992.48 371.85 1.9158 0.4880 0.6637 -92.6264 1.9510 2.7402 -1.9018 0.0005 0.0000 251 pedestrian_0018
Pedestrian 0.00 1.00 0 0 0 0 0 0 0 0 758.61 359.98 760.50 363.92 1.9158 0.4880 0.7507 -270.8680 1.9050 -99.8250 -1.5307 0.0005 0.0000 252 pedestrian_0007
Pedestrian 1.00 1.00 0 0 0 0 0 0 0 0 -1000.00 -1000.00 -1000.00 -1000.00 1.9158 0.4880 0.6610 61.9811 1.8883 -141.4432 1.6449 0.0005 0.0000 253 pedestrian_0008
Pedestrian 0.00 1.00 0 0 0 0 0 0 0 0 1156.72 360.16 1158.03 364.36 1.9158 0.4880 0.4443 -253.6890 1.9870 87.7314 -2.2015 0.0005 0.0000 254 pedestrian_0022
Pedestrian 0.00 1.00 0 0 0 0 0 0 0 0 1450.97 360.33 1454.19 366.85 1.9158 0.4880 0.5224 -164.1168 2.0130 142.6932 -0.0661 0.0005 0.0000 255 pedestrian_0024
Pedestrian 1.00 1.00 0 0 0 0 0 0 0 0 -1000.00 -1000.00 -1000.00 -1000.00 1.1330 0.4333 0.4023 208.8211 1.9215 -48.6059 -1.5403 0.0005 0.0000 256 pedestrian_0011
Pedestrian 0.00 1.00 0 0 0 0 0 0 0 0 592.56 359.96 596.67 367.32 1.9158 0.4880 0.7507 -145.4769 1.9052 -97.4619 -1.4949 0.0005 0.0000 257 pedestrian_0006
Pedestrian 1.00 1.00 0 0 0 0 0 0 0 0 -1000.00 -1000.00 -1000.00 -1000.00 1.9158 0.4880 0.7507 159.9923 1.8856 -150.4964 -3.1077 0.0005 0.0000 258 pedestrian_0005
Pedestrian 1.00 1.00 0 0 0 0 0 0 0 0 -1000.00 -1000.00 -1000.00 -1000.00 1.9158 0.4880 0.7250 55.6152 1.9483 -7.8847 -1.8517 0.0005 0.0000 259 pedestrian_0003
Pedestrian 1.00 1.00 0 0 0 0 0 0 0 0 -1000.00 -1000.00 -1000.00 -1000.00 1.9158 0.4880 0.7415 166.1767 -8.0989 -115.9058 1.5814 0.0005 0.0000 260 pedestrian_0001
Pedestrian 1.00 1.00 0 0 0 0 0 0 0 0 -1000.00 -1000.00 -1000.00 -1000.00 1.3390 0.3253 0.5005 63.0728 1.8786 -144.3483 -1.5400 0.0005 0.0000 261 pedestrian_0014
Pedestrian 1.00 1.00 0 0 0 0 0 0 0 0 -1000.00 -1000.00 -1000.00 -1000.00 1.9158 0.4880 0.7507 -26.7469 1.9207 -61.9931 -3.0972 0.0005 0.0000 262 pedestrian_0020
Pedestrian 0.00 1.00 0 0 0 0 0 0 0 0 1000.59 360.01 1002.21 364.96 1.9158 0.4880 0.6221 -215.8898 1.9184 13.8084 -1.6354 0.0005 0.0000 263 pedestrian_0025
Pedestrian 1.00 1.00 5 5 4 33 0 0 0 0 -1000.00 -1000.00 -1000.00 -1000.00 1.9158 0.4880 0.4423 57.7139 2.1098 12.2438 -1.5871 0.0005 0.0000 264 pedestrian_0026
Pedestrian 1.00 1.00 0 0 0 0 0 0 0 0 -1000.00 -1000.00 -1000.00 -1000.00 1.9158 0.4880 0.7507 -148.1103 1.8192 -288.5561 -3.1153 0.0005 0.0000 265 pedestrian_0025
Pedestrian 1.00 1.00 0 0 0 0 0 0 0 0 -1000.00 -1000.00 -1000.00 -1000.00 1.3390 0.3253 0.4233 66.1187 2.0003 -201.0001 3.0808 0.0005 0.0000 266 pedestrian_0013
Pedestrian 1.00 1.00 0 0 0 0 0 0 0 0 -1000.00 -1000.00 -1000.00 -1000.00 1.9158 0.4880 0.3870 87.0404 1.8740 -173.9749 1.3086 0.0005 0.0000 267 pedestrian_0015
Pedestrian 1.00 1.00 0 0 0 0 0 0 0 0 -1000.00 -1000.00 -1000.00 -1000.00 1.9158 0.4880 0.3850 126.3731 1.8320 -145.1962 2.8535 0.0005 0.0000 268 pedestrian_0021
Pedestrian 1.00 1.00 0 0 0 0 0 0 0 0 -1000.00 -1000.00 -1000.00 -1000.00 1.1330 0.4333 0.4077 -59.9062 2.0015 144.2280 3.1413 0.0005 0.0000 269 pedestrian_0010
Pedestrian 1.00 1.00 19 14 24 164 1 0 0 0 -1000.00 -1000.00 -1000.00 -1000.00 1.9158 0.4880 0.4648 -14.5604 1.8837 -33.9893 1.6602 0.0005 0.0000 270 pedestrian_0023
Pedestrian 1.00 1.00 2 4 4 23 0 0 2 0 -1000.00 -1000.00 -1000.00 -1000.00 1.3390 0.3253 0.4682 11.3339 1.9117 54.0554 -1.8279 0.0005 0.0000 271 pedestrian_0013
Pedestrian 0.00 1.00 0 0 0 0 0 0 0 0 171.03 359.74 174.45 365.18 1.9158 0.4880 0.5933 -196.4008 1.8237 -279.7351 -0.3722 0.0005 0.0000 272 pedestrian_0016
Pedestrian 0.00 1.00 0 0 0 7 0 0 0 0 1315.37 362.65 1317.69 368.57 1.3390 0.3253 0.3012 -126.7074 1.9408 78.5992 0.0671 0.0005 0.0000 273 pedestrian_0014
Pedestrian 0.00 1.00 0 0 0 0 0 0 0 0 165.69 359.82 172.43 369.99 1.9158 0.4880 0.6001 -105.7766 1.8813 -151.7098 -0.2633 0.0005 0.0000 274 pedestrian_0019
Pedestrian 1.00 1.00 0 0 0 0 0 0 0 0 -1000.00 -1000.00 -1000.00 -1000.00 1.3390 0.3253 0.4854 11.3002 1.8657 -171.3265 3.1185 0.0005 0.0000 275 pedestrian_0013
Pedestrian 1.00 1.00 0 0 0 0 0 0 0 0 -1000.00 -1000.00 -1000.00 -1000.00 1.9158 0.4880 0.7507 18.4593 1.8744 -171.0545 -3.1316 0.0005 0.0000 276 pedestrian_0023
Pedestrian 1.00 1.00 0 0 0 0 0 0 0 0 -1000.00 -1000.00 -1000.00 -1000.00 1.1330 0.4333 0.5698 125.2064 2.0654 -63.2346 -1.2823 0.0005 0.0000 277 pedestrian_0011
Pedestrian 1.00 1.00 0 0 0 0 0 0 0 0 -1000.00 -1000.00 -1000.00 -1000.00 1.3390 0.3253 0.5005 121.1457 1.8680 -169.6307 -0.0467 0.0005 0.0000 278 pedestrian_0012
Pedestrian 1.00 1.00 0 0 0 0 0 0 0 0 -1000.00 -1000.00 -1000.00 -1000.00 1.9158 0.4880 0.4978 -1.9416 -3.7022 -250.1700 -3.1125 0.0005 0.0000 279 pedestrian_0015
Pedestrian 1.00 1.00 0 0 0 0 0 0 0 0 -1000.00 -1000.00 -1000.00 -1000.00 1.9158 0.4880 0.7507 123.2277 1.9206 51.7121 -1.3655 0.0005 0.0000 280 pedestrian_0017
Pedestrian 1.00 1.00 0 0 0 0 0 0 0 0 -1000.00 -1000.00 -1000.00 -1000.00 1.9158 0.4880 0.7507 199.9614 -7.9307 32.3270 -1.5420 0.0005 0.0000 281 pedestrian_0005
Pedestrian 1.00 1.00 0 0 0 0 0 0 0 0 -1000.00 -1000.00 -1000.00 -1000.00 1.1330 0.4333 0.3522 84.0413 2.0041 -198.1730 -2.8683 0.0005 0.0000 282 pedestrian_0009
Pedestrian 1.00 1.00 0 0 0 0 0 0 0 0 -1000.00 -1000.00 -1000.00 -1000.00 1.1330 0.4333 0.6667 -93.6238 1.9632 -221.0603 1.5964 0.0005 0.0000 283 pedestrian_0009
Pedestrian 1.00 1.00 0 0 0 0 0 0 0 0 -1000.00 -1000.00 -1000.00 -1000.00 1.1330 0.4333 0.3762 208.4469 1.8882 -120.8889 1.5955 0.0005 0.0000 284 pedestrian_0009
Pedestrian 0.00 1.00 0 0 0 0 0 0 0 0 457.60 359.76 460.70 365.21 1.9158 0.4880 0.7507 -196.1894 1.8321 -178.5898 2.1708 0.0005 0.0000 285 pedestrian_0024
Pedestrian 1.00 1.00 0 0 0 0 0 0 0 0 -1000.00 -1000.00 -1000.00 -1000.00 1.9158 0.4880 0.7507 128.1341 1.8590 -89.4427 -1.5209 0.0005 0.0000 286 pedestrian_0023
Pedestrian 0.00 1.00 0 0 0 0 0 0 0 0 803.28 360.13 808.60 371.62 1.9158 0.4880 0.7507 -93.7259 1.9372 -28.0040 1.5643 0.0005 0.0000 287 pedestrian_0015
Pedestrian 1.00 1.00 0 0 0 0 0 0 0 0 -1000.00 -1000.00 -1000.00 -1000.00 1.9158 0.4880 0.6461 -0.7995 -3.8458 -250.8234 -0.0723 0.0005 0.0000 288 pedestrian_0025
Pedestrian 1.00 1.00 0 0 0 0 0 0 0 0 -1000.00 -1000.00 -1000.00 -1000.00 1.1330 0.4333 0.4867 165.3576 -7.3611 114.5194 2.3055 0.0005 0.0000 289 pedestrian_0009
Pedestrian 0.00 1.00 0 0 0 0 0 0 0 0 639.09 359.98 642.50 367.32 1.9158 0.4880 0.6678 -146.1067 1.9104 -85.7895 -0.7868 0.0005 0.0000 290 pedestrian_0019
Pedestrian 0.00 1.00 0 0 0 0 0 0 0 0 1097.41 360.04 1099.90 365.30 1.9158 0.4880 0.7507 -203.5547 1.9318 48.4221 0.9248 0.0005 0.0000 291 pedestrian_0007
Pedestrian 0.00 1.00 0 0 0 0 0 0 0 0 949.14 360.06 950.70 363.97 1.9158 0.4880 0.7507 -272.7775 1.9441 -7.1826 -1.5873 0.0005 0.0000 292 pedestrian_0021
Pedestrian 1.00 1.00 0 0 0 0 0 0 0 0 -1000.00 -1000.00 -1000.00 -1000.00 1.3390 0.3253 0.3161 105.8569 1.9480 8.6724 3.0770 0.0005 0.0000 293 pedestrian_0014
Pedestrian 1.00 1.00 0 0 0 0 0 0 0 0 -1000.00 -1000.00 -1000.00 -1000.00 1.9158 0.4880 0.7475 17.9970 -4.3331 144.3191 0.0205 0.0005 0.0000 294 pedestrian_0002
Pedestrian 0.00 0.00 141 150 227 14271 0 35 28 0 1811.20 384.25 1916.80 554.75 1.9158 0.4880 0.7507 -6.9562 2.0513 7.4993 0.0658 0.0005 0.0000 295 pedestrian_0026
Pedestrian 1.00 1.00 357 414 634 9707 0 0 0 71 -1000.00 -1000.00 -1000.00 -1000.00 1.9158 0.4880 0.7145 5.6609 1.8913 -7.0752 -1.5585 0.0005 0.0000 296 pedestrian_0020
Pedestrian 1.00 1.00 0 0 0 0 0 0 0 0 -1000.00 -1000.00 -1000.00 -1000.00 1.9158 0.4880 0.7085 39.7381 1.9238 -60.6418 0.0174 0.0005 0.0000 297 pedestrian_0016
Pedestrian 0.00 1.00 0 0 0 0 0 0 0 0 599.27 360.03 604.91 371.07 1.9158 0.4880 0.7507 -97.6050 1.9216 -64.5992 -0.0232 0.0005 0.0000 298 pedestrian_0024
Pedestrian 1.00 1.00 0 0 0 0 0 0 0 0 -1000.00 -1000.00 -1000.00 -1000.00 1.9158 0.4880 0.6736 82.5486 -6.5217 109.0040 -0.0177 0.0005 0.0000 299 pedestrian_0001
Pedestrian 1.00 1.00 0 0 0 2 0 0 0 0 -1000.00 -1000.00 -1000.00 -1000.00 1.9158 0.4880 0.7507 8.7280 1.8174 -176.8898 2.0170 0.0005 0.0000 300 pedestrian_0025
Pedestrian 1.00 1.00 0 1 1 9 0 0 0 0 -1000.00 -1000.00 -1000.00 -1000.00 1.9158 0.4880 0.5993 -23.3488 1.8470 -126.3750 2.1248 0.0005 0.0000 301 pedestrian_0016
Pedestrian 1.00 1.00 0 0 0 0 0 0 0 0 -1000.00 -1000.00 -1000.00 -1000.00 1.9158 0.4880 0.4259 9.4702 1.9242 -59.9460 -2.9632 0.0005 0.0000 302 pedestrian_0006
Pedestrian 1.00 1.00 0 0 0 0 0 0 0 0 -1000.00 -1000.00 -1000.00 -1000.00 1.3390 0.3253 0.3357 55.0066 1.9564 28.7935 -3.0547 0.0005 0.0000 303 pedestrian_0012
Pedestrian 0.00 1.00 0 0 0 0 0 0 0 0 255.17 359.77 258.60 364.78 1.9158 0.4880 0.7507 -213.3334 1.8264 -271.5579 -0.5250 0.0005 0.0000 304 pedestrian_0024
Pedestrian 1.00 1.00 0 0 0 0 0 0 0 0 -1000.00 -1000.00 -1000.00 -1000.00 1.3390 0.3253 0.3189 -53.5054 2.0066 143.6896 -3.1218 0.0005 0.0000 305 pedestrian_0013
Pedestrian 0.00 1.00 0 0 0 0 0 0 0 0 1101.44 361.75 1102.77 364.13 1.1330 0.4333 0.5500 -264.9110 1.9654 65.4141 -1.9793 0.0005 0.0000 306 pedestrian_0011
Pedestrian 0.00 1.00 0 0 0 0 0 0 0 0 14.65 360.73 25.25 372.72 1.9158 0.4880 0.7344 -90.0025 2.0333 -153.1318 2.9945 0.0005 0.0000 307 pedestrian_0024
Pedestrian 0.00 1.00 0 0 0 0 0 0 0 0 975.45 360.07 976.41 363.98 1.9158 0.4880 0.4062 -273.1436 1.9498 5.5789 -1.7395 0.0005 0.0000 308 pedestrian_0004
Pedestrian 1.00 1.00 0 0 0 7 0 0 0 0 -1000.00 -1000.00 -1000.00 -1000.00 1.9158 0.4880 0.6926 37.0103 1.9552 8.0228 -3.0707 0.0005 0.0000 309 pedestrian_0019
Pedestrian 1.00 1.00 0 0 0 0 0 0 0 0 -1000.00 -1000.00 -1000.00 -1000.00 1.3390 0.3253 0.2630 148.2389 1.9168 -58.4438 -0.0882 0.0005 0.0000 310 pedestrian_0012
Pedestrian 1.00 1.00 0 0 0 0 0 0 0 0 -1000.00 -1000.00 -1000.00 -1000.00 1.9158 0.4880 0.4664 122.2768 1.8764 -169.6152 -2.5643 0.0005 0.0000 311 pedestrian_0022
Pedestrian 1.00 1.00 0 0 0 0 0 0 0 0 -1000.00 -1000.00 -1000.00 -1000.00 1.9158 0.4880 0.7507 88.8477 1.8630 -198.4445 -1.4302 0.0005 0.0000 312 pedestrian_0018
Pedestrian 0.00 1.00 0 0 0 0 0 0 0 0 949.90 360.14 953.49 368.34 1.9158 0.4880 0.6921 -130.9352 1.9487 -4.1875 0.8631 0.0005 0.0000 313 pedestrian_0022
Pedestrian 1.00 1.00 0 0 0 0 0 0 0 0 -1000.00 -1000.00 -1000.00 -1000.00 1.9158 0.4880 0.3891 37.0585 1.8833 -151.6499 2.9376 0.0005 0.0000 314 pedestrian_0005
Pedestrian 0.00 0.00 126 139 230 13666 0 29 39 0 1557.00 371.79 1641.00 508.20 1.9158 0.4880 0.7507 -8.8478 2.0510 6.8149 -0.0323 0.0005 0.0000 315 pedestrian_0018
Pedestrian 0.00 1.00 0 0 0 0 0 0 0 0 1074.94 360.11 1076.48 364.10 1.9158 0.4880 0.7104 -268.1175 1.9714 53.5187 -1.8091 0.0005 0.0000 316 pedestrian_0024
Pedestrian 1.00 1.00 0 0 0 0 0 0 0 0 -1000.00 -1000.00 -1000.00 -1000.00 1.9158 0.4880 0.6423 -37.1929 1.9144 -81.3235 -3.1238 0.0005 0.0000 317 pedestrian_0002
Pedestrian 1.00 1.00 0 0 0 0 0 0 0 0 -1000.00 -1000.00 -1000.00 -1000.00 1.3390 0.3253 0.3414 -94.6729 1.9538 -225.5741 1.5589 0.0005 0.0000 318 pedestrian_0013
Pedestrian 1.00 1.00 0 0 0 0 0 0 0 0 -1000.00 -1000.00 -1000.00 -1000.00 1.9158 0.4880 0.4548 -55.2985 1.8807 -124.4825 -1.9891 0.0005 0.0000 319 pedestrian_0018
Pedestrian 0.00 1.00 0 0 0 0 0 0 0 0 401.94 359.88 405.35 367.71 1.9158 0.4880 0.5609 -137.0096 1.8867 -138.7298 -0.8466 0.0005 0.0000 320 pedestrian_0006
Pedestrian 1.00 1.00 0 0 0 0 0 0 0 0 -1000.00 -1000.00 -1000.00 -1000.00 1.9158 0.4880 0.6820 -96.7273 1.8206 -287.7064 0.0175 0.0005 0.0000 321 pedestrian_0021
Pedestrian 0.00 1.00 0 0 0 0 0 0 0 0 442.07 365.80 448.14 373.02 1.1330 0.4333 0.5707 -88.6947 2.0532 -83.6737 0.0183 0.0005 0.0000 322 pedestrian_0010
Pedestrian 1.00 1.00 0 0 0 0 0 0 0 0 -1000.00 -1000.00 -1000.00 -1000.00 1.9158 0.4880 0.6909 59.6575 2.0765 -61.8096 -2.0967 0.0005 0.0000 323 pedestrian_0022
Pedestrian 0.00 1.00 0 0 0 0 0 0 0 0 394.03 360.05 405.57 377.89 1.9158 0.4880 0.7507 -60.9194 1.9211 -62.7640 -3.1385 0.0005 0.0000 324 pedestrian_0015
Pedestrian 0.00 0.57 3 4 5 30 0 0 0 0 1063.72 360.39 1069.73 380.07 1.9158 0.4880 0.6511 -55.3467 1.9540 8.2154 3.0982 0.0005 0.0000 325 pedestrian_0005
Pedestrian 1.00 1.00 0 0 0 0 0 0 0 0 -1000.00 -1000.00 -1000.00 -1000.00 1.9158 0.4880 0.6192 198.5400 -7.8537 50.1296 -1.3620 0.0005 0.0000 326 pedestrian_0006
Pedestrian 1.00 1.00 0 0 0 0 0 0 0 0 -1000.00 -1000.00 -1000.00 -1000.00 1.9158 0.4880 0.7507 190.0946 1.9275 -58.1738 -3.1193 0.0005 0.0000 327 pedestrian_0002
Pedestrian 1.00 1.00 0 0 0 0 0 0 0 0 -1000.00 -1000.00 -1000.00 -1000.00 1.9158 0.4880 0.6650 60.2621 1.9545 4.6368 -2.0998 0.0005 0.0000 328 pedestrian_0015
Pedestrian 0.00 1.00 0 0 0 0 0 0 0 0 1461.88 360.34 1465.77 367.03 1.9158 0.4880 0.6880 -160.1962 2.0130 142.4373 -3.1313 0.0005 0.0000 329 pedestrian_0005
Pedestrian 1.00 1.00 0 0 0 0 0 0 0 0 -1000.00 -1000.00 -1000.00 -1000.00 1.1330 0.4333 0.6667 -135.2179 1.8087 -288.8266 0.1458 0.0005 0.0000 330 pedestrian_0010
Pedestrian 1.00 1.00 0 0 0 0 0 0 0 0 -1000.00 -1000.00 -1000.00 -1000.00 1.9158 0.4880 0.6419 57.0344 1.9704 41.2226 1.5491 0.0005 0.0000 331 pedestrian_0001
Pedestrian 0.00 1.00 0 0 0 0 0 0 0 0 966.38 360.20 970.02 371.67 1.9158 0.4880 0.3792 -93.8722 1.9494 -0.8665 -0.5018 0.0005 0.0000 332 pedestrian_0017
Pedestrian 0.00 1.00 0 0 0 0 0 0 0 0 272.68 360.01 283.20 376.55 1.9158 0.4880 0.5971 -65.5325 1.9173 -81.6079 0.0358 0.0005 0.0000 333 pedestrian_0023
Pedestrian 0.00 1.00 0 0 0 0 0 0 0 0 1278.64 363.69 1282.10 371.64 1.3390 0.3253 0.3902 -94.7162 1.9639 51.9090 -1.4978 0.0005 0.0000 334 pedestrian_0013
Pedestrian 1.00 1.00 0 0 0 0 0 0 0 0 -1000.00 -1000.00 -1000.00 -1000.00 1.9158 0.4880 0.6295 -94.4012 1.8087 -227.6230 0.7071 0.0005 0.0000 335 pedestrian_0019
Pedestrian 1.00 1.00 134 135 253 4423 0 0 29 0 -1000.00 -1000.00 -1000.00 -1000.00 1.9158 0.4880 0.4600 3.5543 1.8991 7.5782 -0.2904 0.0005 0.0000 336 pedestrian_0017
Pedestrian 1.00 1.00 0 0 0 0 0 0 0 0 -1000.00 -1000.00 -1000.00 -1000.00 1.9158 0.4880 0.7507 -128.5129 1.8201 -288.2540 0.0311 0.0005 0.0000 337 pedestrian_0025
Pedestrian 1.00 1.00 0 0 0 0 0 0 0 0 -1000.00 -1000.00 -1000.00 -1000.00 1.9158 0.4880 0.7507 123.1880 -8.1858 -279.3557 -2.8013 0.0005 0.0000 338 pedestrian_0006
Pedestrian 1.00 1.00 0 0 0 0 0 0 0 0 -1000.00 -1000.00 -1000.00 -1000.00 1.1330 0.4333 0.6097 81.7953 -8.1911 -248.8301 -3.1267 0.0005 0.0000 339 pedestrian_0011
Pedestrian 1.00 1.00 0 0 0 0 0 0 0 0 -1000.00 -1000.00 -1000.00 -1000.00 1.1330 0.4333 0.5550 124.5244 2.0852 14.5580 -1.4503 0.0005 0.0000 340 pedestrian_0011
Pedestrian 1.00 1.00 0 0 0 0 0 0 0 0 -1000.00 -1000.00 -1000.00 -1000.00 1.3390 0.3253 0.2990 208.1678 1.9005 -104.3184 -1.5605 0.0005 0.0000 341 pedestrian_0013
Pedestrian 0.00 1.00 0 0 0 0 0 0 0 0 209.93 360.00 224.05 378.21 1.9158 0.4880 0.7507 -59.7063 1.9157 -80.8884 0.0048 0.0005 0.0000 342 pedestrian_0007
Pedestrian 1.00 1.00 0 0 0 0 0 0 0 0 -1000.00 -1000.00 -1000.00 -1000.00 1.9158 0.4880 0.7413 41.5653 1.9241 -61.2281 -3.0361 0.0005 0.0000 343 pedestrian_0021
Pedestrian 1.00 1.00 0 0 0 0 0 0 0 0 -1000.00 -1000.00 -1000.00 -1000.00 1.1330 0.4333 0.6148 200.5584 -8.0793 -49.8531 -1.5671 0.0005 0.0000 344 pedestrian_0010
Pedestrian 1.00 1.00 67 73 114 1480 0 0 10 0 -1000.00 -1000.00 -1000.00 -1000.00 1.9158 0.4880 0.5373 4.4306 2.0570 13.2839 -0.8422 0.0005 0.0000 345 pedestrian_0021
Pedestrian 1.00 1.00 0 0 0 0 0 0 0 0 -1000.00 -1000.00 -1000.00 -1000.00 1.3390 0.3253 0.3147 92.7204 1.9508 65.4690 -2.0408 0.0005 0.0000 346 pedestrian_0014
Pedestrian 0.00 1.00 0 0 0 0 0 0 0 0 412.86 361.19 420.90 376.09 1.9158 0.4880 0.5698 -72.6302 2.0699 -72.3963 -1.6621 0.0005 0.0000 347 pedestrian_0023
Pedestrian 1.00 1.00 0 0 0 0 0 0 0 0 -1000.00 -1000.00 -1000.00 -1000.00 1.9158 0.4880 0.7507 66.2948 2.0776 -59.4666 -3.0800 0.0005 0.0000 348 pedestrian_0008
Pedestrian 0.00 1.00 0 0 0 0 0 0 0 0 1018.03 360.09 1019.57 364.00 1.9158 0.4880 0.7507 -272.5598 1.9593 26.5646 1.4713 0.0005 0.0000 349 pedestrian_0006
Pedestrian 1.00 1.00 0 0 0 0 0 0 0 0 -1000.00 -1000.00 -1000.00 -1000.00 1.9158 0.4880 0.6833 127.6108 1.8338 -141.2705 -1.7110 0.0005 0.0000 350 pedestrian_0022
Pedestrian 1.00 1.00 0 0 0 0 0 0 0 0 -1000.00 -1000.00 -1000.00 -1000.00 1.9158 0.4880 0.7021 82.1895 2.0276 -171.1691 -0.1443 0.0005 0.0000 351 pedestrian_0023
Pedestrian 1.00 1.00 0 0 0 0 0 0 0 0 -1000.00 -1000.00 -1000.00 -1000.00 1.9158 0.4880 0.7338 96.1968 1.8753 -171.6090 3.0921 0.0005 0.0000 352 pedestrian_0006
Pedestrian 1.00 1.00 0 0 0 0 0 0 0 0 -1000.00 -1000.00 -1000.00 -1000.00 1.9158 0.4880 0.7507 61.6729 1.8976 -120.6950 1.6030 0.0005 0.0000 353 pedestrian_0024
Pedestrian 0.00 1.00 0 0 0 0 0 0 0 0 1446.96 362.93 1449.60 366.77 1.1330 0.4333 0.4182 -165.1300 2.0014 142.3223 0.2783 0.0005 0.0000 354 pedestrian_0011
Pedestrian 1.00 1.00 0 0 0 0 0 0 0 0 -1000.00 -1000.00 -1000.00 -1000.00 1.9158 0.4880 0.6401 102.6393 1.9585 9.7219 3.0247 0.0005 0.0000 355 pedestrian_0017
Pedestrian 1.00 1.00 0 0 0 0 0 0 0 0 -1000.00 -1000.00 -1000.00 -1000.00 1.3390 0.3253 0.3308 164.8791 -8.0682 -29.1930 -1.6497 0.0005 0.0000 356 pedestrian_0012
Pedestrian 0.00 1.00 0 0 0 0 0 0 0 0 55.88 359.69 59.84 365.78 1.9158 0.4880 0.4540 -175.8362 1.8198 -286.7566 -3.0792 0.0005 0.0000 357 pedestrian_0020
Pedestrian 1.00 1.00 0 0 0 2 0 0 0 0 -1000.00 -1000.00 -1000.00 -1000.00 1.9158 0.4880 0.7507 14.4049 1.9152 -79.7741 -0.0137 0.0005 0.0000 358 pedestrian_0017
Pedestrian 0.00 0.47 1 3 2 129 0 1 0 0 1238.36 360.61 1252.71 413.09 1.9158 0.4880 0.4862 -21.9135 1.9541 8.4776 -3.0105 0.0005 0.0000 359 pedestrian_0025
Pedestrian 0.00 1.00 0 0 0 0 0 0 0 0 573.46 361.08 574.48 363.87 1.3390 0.3253 0.3522 -267.4739 1.8580 -187.8097 -0.7997 0.0005 0.0000 360 pedestrian_0013
Pedestrian 0.00 1.00 0 0 0 0 0 0 0 0 58.95 361.50 61.71 365.76 1.3390 0.3253 0.3467 -175.8127 1.8137 -285.9402 -0.0880 0.0005 0.0000 361 pedestrian_0013
Pedestrian 1.00 1.00 0 0 0 0 0 0 0 0 -1000.00 -1000.00 -1000.00 -1000.00 1.3390 0.3253 0.4309 86.2658 2.1070 23.7474 -1.6765 0.0005 0.0000 362 pedestrian_0013
Pedestrian 1.00 1.00 0 0 0 2 2 0 0 0 -1000.00 -1000.00 -1000.00 -1000.00 1.1330 0.4333 0.6667 6.5917 1.8306 -122.9523 1.6250 0.0005 0.0000 363 pedestrian_0011
Pedestrian 1.00 1.00 0 0 0 3 1 0 0 0 -1000.00 -1000.00 -1000.00 -1000.00 1.3390 0.3253 0.2944 5.6684 1.9637 -173.4191 0.1830 0.0005 0.0000 364 pedestrian_0012
Pedestrian 1.00 1.00 0 0 0 0 0 0 0 0 -1000.00 -1000.00 -1000.00 -1000.00 1.9158 0.4880 0.5325 125.2915 2.0710 20.5357 -1.4669 0.0005 0.0000 365 pedestrian_0023
Pedestrian 0.00 1.00 0 0 0 0 0 0 0 0 1206.46 360.11 1209.04 366.55 1.9158 0.4880 0.5063 -166.1152 1.9473 71.5480 0.3034 0.0005 0.0000 366 pedestrian_0005
Pedestrian 0.00 1.00 0 0 0 0 0 0 0 0 439.47 359.76 442.06 365.29 1.9158 0.4880 0.5052 -193.3418 1.8329 -182.3958 1.9307 0.0005 0.0000 367 pedestrian_0021
Pedestrian 0.00 1.00 0 0 0 0 0 0 0 0 755.70 362.44 757.64 366.07 1.1330 0.4333 0.4255 -174.3940 1.8962 -65.8367 -0.0637 0.0005 0.0000 368 pedestrian_0010
Pedestrian 1.00 1.00 0 0 0 0 0 0 0 0 -1000.00 -1000.00 -1000.00 -1000.00 1.9158 0.4880 0.7507 -61.5495 1.8877 -123.8680 -0.0109 0.0005 0.0000 369 pedestrian_0020
Pedestrian 1.00 1.00 0 0 0 3 0 0 0 0 -1000.00 -1000.00 -1000.00 -1000.00 1.3390 0.3253 0.4356 24.2629 1.9064 -79.5407 0.0063 0.0005 0.0000 370 pedestrian_0012
Pedestrian 1.00 1.00 2 3 5 15 0 0 0 0 -1000.00 -1000.00 -1000.00 -1000.00 1.9158 0.4880 0.6662 74.7208 2.1189 31.8868 -3.0133 0.0005 0.0000 371 pedestrian_0015
Pedestrian 1.00 1.00 0 0 0 0 0 0 0 0 -1000.00 -1000.00 -1000.00 -1000.00 1.9158 0.4880 0.7507 61.1611 1.9076 -98.4035 1.5816 0.0005 0.0000 372 pedestrian_0007
Pedestrian 0.00 1.00 0 0 0 0 0 0 0 0 787.62 359.99 789.31 363.91 1.9158 0.4880 0.6574 -271.9871 1.9107 -86.0962 1.5191 0.0005 0.0000 373 pedestrian_0008
Pedestrian 1.00 1.00 0 0 0 0 0 0 0 0 -1000.00 -1000.00 -1000.00 -1000.00 1.9158 0.4880 0.6220 140.4589 2.0249 -55.7535 -2.9370 0.0005 0.0000 374 pedestrian_0020
Pedestrian 1.00 1.00 0 0 0 0 0 0 0 0 -1000.00 -1000.00 -1000.00 -1000.00 1.9158 0.4880 0.5436 -80.8014 2.0249 -171.9740 0.0148 0.0005 0.0000 375 pedestrian_0015
Pedestrian 0.00 1.00 0 0 0 0 0 0 0 0 455.06 364.47 458.87 372.86 1.3390 0.3253 0.3235 -89.8773 2.0565 -82.8725 0.1279 0.0005 0.0000 376 pedestrian_0012
Pedestrian 1.00 1.00 0 0 0 0 0 0 0 0 -1000.00 -1000.00 -1000.00 -1000.00 1.9158 0.4880 0.4386 91.3596 1.8723 -172.5618 0.7577 0.0005 0.0000 377 pedestrian_0017
Pedestrian 1.00 1.00 0 0 0 0 0 0 0 0 -1000.00 -1000.00 -1000.00 -1000.00 1.9158 0.4880 0.7507 91.5816 1.9251 -60.6116 0.0427 0.0005 0.0000 378 pedestrian_0025
Pedestrian 1.00 1.00 1 1 2 21 0 0 0 0 -1000.00 -1000.00 -1000.00 -1000.00 1.1330 0.4333 0.6667 53.5634 1.9540 30.2834 -3.0138 0.0005 0.0000 379 pedestrian_0009
Pedestrian 1.00 1.00 0 0 0 0 0 0 0 0 -1000.00 -1000.00 -1000.00 -1000.00 1.9158 0.4880 0.6283 65.0439 2.0276 -170.5999 -3.0504 0.0005 0.0000 380 pedestrian_0002
Pedestrian 1.00 1.00 0 0 0 0 0 0 0 0 -1000.00 -1000.00 -1000.00 -1000.00 1.3390 0.3253 0.4015 -138.5751 1.8110 -288.8205 0.1067 0.0005 0.0000 381 pedestrian_0013
Pedestrian 1.00 1.00 0 0 0 0 0 0 0 0 -1000.00 -1000.00 -1000.00 -1000.00 1.3390 0.3253 0.5005 121.0893 1.7987 -195.6190 -2.0776 0.0005 0.0000 382 pedestrian_0012
Pedestrian 1.00 1.00 0 0 0 0 0 0 0 0 -1000.00 -1000.00 -1000.00 -1000.00 1.1330 0.4333 0.6035 42.2987 1.9384 63.3698 -2.9941 0.0005 0.0000 383 pedestrian_0010
Pedestrian 0.00 1.00 0 0 0 0 0 0 0 0 454.81 361.10 456.51 364.05 1.3390 0.3253 0.5005 -252.8720 1.8374 -231.3952 -1.1115 0.0005 0.0000 384 pedestrian_0013
Pedestrian 1.00 1.00 1 0 0 22 0 0 0 0 -1000.00 -1000.00 -1000.00 -1000.00 1.9158 0.4880 0.7507 39.0250 1.9559 9.5168 -3.1131 0.0005 0.0000 385 pedestrian_0015
Pedestrian 0.00 1.00 0 0 0 0 0 0 0 0 1009.57 360.22 1013.63 370.89 1.9158 0.4880 0.7507 -101.0253 1.9558 7.0675 -2.8591 0.0005 0.0000 386 pedestrian_0018
Pedestrian 1.00 1.00 0 0 0 0 0 0 0 0 -1000.00 -1000.00 -1000.00 -1000.00 1.3390 0.3253 0.4837 -96.2604 1.8116 -289.3622 0.0254 0.0005 0.0000 387 pedestrian_0013
Pedestrian 1.00 1.00 0 0 0 0 0 0 0 0 -1000.00 -1000.00 -1000.00 -1000.00 1.9158 0.4880 0.5850 185.9399 1.8866 -148.9485 0.0065 0.0005 0.0000 388 pedestrian_0022
Pedestrian 0.00 1.00 0 0 0 0 0 0 0 0 836.80 360.01 838.63 363.93 1.9158 0.4880 0.7507 -271.9318 1.9194 -62.0083 -1.7056 0.0005 0.0000 389 pedestrian_0003
Pedestrian 1.00 1.00 0 0 0 0 0 0 0 0 -1000.00 -1000.00 -1000.00 -1000.00 1.9158 0.4880 0.7507 -94.8582 1.8206 -288.1339 -0.0917 0.0005 0.0000 390 pedestrian_0021
Pedestrian 0.00 0.60 3 3 6 43 0 1 0 0 1215.78 360.42 1223.57 378.12 1.9158 0.4880 0.7507 -61.4296 1.9619 26.0528 -3.1255 0.0005 0.0000 391 pedestrian_0016
Pedestrian 0.00 1.00 0 0 0 0 0 0 0 0 8.15 359.68 14.01 366.06 1.9158 0.4880 0.7507 -167.8012 1.8185 -287.7545 -0.0725 0.0005 0.0000 392 pedestrian_0005
Pedestrian 1.00 1.00 0 0 0 0 0 0 0 0 -1000.00 -1000.00 -1000.00 -1000.00 1.9158 0.4880 0.4774 155.3805 -8.1435 -211.7538 -2.1231 0.0005 0.0000 393 pedestrian_0026
Pedestrian 1.00 1.00 0 0 0 0 0 0 0 0 -1000.00 -1000.00 -1000.00 -1000.00 1.9158 0.4880 0.7507 127.5802 1.8554 -93.3094 1.6438 0.0005 0.0000 394 pedestrian_0022
Pedestrian 1.00 1.00 0 0 0 0 0 0 0 0 -1000.00 -1000.00 -1000.00 -1000.00 1.1330 0.4333 0.3427 166.2176 -8.1149 -121.7325 1.6481 0.0005 0.0000 395 pedestrian_0010
Pedestrian 1.00 1.00 0 0 0 0 0 0 0 0 -1000.00 -1000.00 -1000.00 -1000.00 1.9158 0.4880 0.4359 135.3523 1.9295 71.1917 -0.9285 0.0005 0.0000 396 pedestrian_0006
Pedestrian 0.00 1.00 0 0 0 0 0 0 0 0 732.80 364.49 737.52 374.80 1.3390 0.3253 0.5005 -73.3739 1.9270 -31.5848 -1.4652 0.0005 0.0000 397 pedestrian_0012
Pedestrian 1.00 1.00 0 0 0 0 0 0 0 0 -1000.00 -1000.00 -1000.00 -1000.00 1.1330 0.4333 0.3784 128.0776 1.8245 -136.7516 -1.6595 0.0005 0.0000 398 pedestrian_0010
Pedestrian 0.00 0.88 1 4 6 13 0 0 0 0 1147.06 361.48 1154.15 375.97 1.9158 0.4880 0.7507 -74.6299 2.1128 23.0674 1.6985 0.0005 0.0000 399 pedestrian_0007
Pedestrian 1.00 1.00 0 0 0 0 0 0 0 0 -1000.00 -1000.00 -1000.00 -1000.00 1.9158 0.4880 0.6437 189.6313 -7.6803 79.5425 2.0391 0.0005 0.0000 400 pedestrian_0001
Pedestrian 1.00 1.00 0 0 0 0 0 0 0 0 -1000.00 -1000.00 -1000.00 -1000.00 1.9158 0.4880 0.6369 114.6569 1.9262 -58.6571 -3.0635 0.0005 0.0000 401 pedestrian_0016
Pedestrian 0.00 1.00 0 0 0 0 0 0 0 0 833.19 360.01 834.95 363.94 1.9158 0.4880 0.7507 -271.4135 1.9187 -63.6714 1.5855 0.0005 0.0000 402 pedestrian_0021
Pedestrian 1.00 1.00 5 3 3 43 4 0 0 0 -1000.00 -1000.00 -1000.00 -1000.00 1.9158 0.4880 0.6325 -2.0916 2.0284 -59.7223 -0.0483 0.0005 0.0000 403 pedestrian_0006
Pedestrian 0.00 1.00 0 0 0 0 0 0 0 0 286.47 359.76 300.30 383.63 1.9158 0.4880 0.5247 -45.8018 1.8970 -56.0799 3.0988 0.0005 0.0000 404 pedestrian_0023
Pedestrian 1.00 1.00 0 0 0 0 0 0 0 0 -1000.00 -1000.00 -1000.00 -1000.00 1.1330 0.4333 0.6103 60.6079 1.9321 -18.6800 -1.5521 0.0005 0.0000 405 pedestrian_0011
Pedestrian 1.00 1.00 15 13 23 769 0 0 5 3 -1000.00 -1000.00 -1000.00 -1000.00 1.9158 0.4880 0.4530 20.4093 1.9639 27.8401 -3.0965 0.0005 0.0000 406 pedestrian_0004
Pedestrian 1.00 1.00 0 0 0 0 0 0 0 0 -1000.00 -1000.00 -1000.00 -1000.00 1.9158 0.4880 0.4296 81.3913 2.0273 -171.8862 -3.0803 0.0005 0.0000 407 pedestrian_0026
Pedestrian 1.00 1.00 0 0 0 0 0 0 0 0 -1000.00 -1000.00 -1000.00 -1000.00 1.3390 0.3253 0.3680 145.9975 2.1062 21.2349 -1.3823 0.0005 0.0000 408 pedestrian_0013
Pedestrian 0.00 1.00 0 0 0 0 0 0 0 0 148.64 363.91 155.33 370.00 1.1330 0.4333 0.5819 -104.9736 1.8690 -153.7644 -0.1740 0.0005 0.0000 409 pedestrian_0010
Pedestrian 1.00 1.00 0 0 0 0 0 0 0 0 -1000.00 -1000.00 -1000.00 -1000.00 1.9158 0.4880 0.5411 127.8095 1.9338 78.5679 -0.7226 0.0005 0.0000 410 pedestrian_0020
Pedestrian 0.00 1.00 0 0 0 0 0 0 0 0 354.69 361.10 363.33 375.37 1.9158 0.4880 0.7094 -75.9187 2.0649 -83.4352 -2.8769 0.0005 0.0000 411 pedestrian_0025
Pedestrian 1.00 1.00 0 0 0 0 0 0 0 0 -1000.00 -1000.00 -1000.00 -1000.00 1.1330 0.4333 0.6639 77.1890 2.0952 4.5837 0.1385 0.0005 0.0000 412 pedestrian_0010
Pedestrian 1.00 1.00 0 0 0 0 0 0 0 0 -1000.00 -1000.00 -1000.00 -1000.00 1.9158 0.4880 0.7507 63.0231 1.8887 -140.5769 -1.5942 0.0005 0.0000 413 pedestrian_0015
Pedestrian 1.00 1.00 0 0 0 0 0 0 0 0 -1000.00 -1000.00 -1000.00 -1000.00 1.1330 0.4333 0.6667 62.4064 1.8861 -121.0424 -1.5733 0.0005 0.0000 414 pedestrian_0011
Pedestrian 1.00 1.00 0 0 0 0 0 0 0 0 -1000.00 -1000.00 -1000.00 -1000.00 1.9158 0.4880 0.6250 50.7627 1.9156 -80.5174 -3.0610 0.0005 0.0000 415 pedestrian_0025
Pedestrian 1.00 1.00 0 0 0 0 0 0 0 0 -1000.00 -1000.00 -1000.00 -1000.00 1.1330 0.4333 0.5088 166.1268 -8.1155 -125.9255 1.6342 0.0005 0.0000 416 pedestrian_0009
Pedestrian 1.00 1.00 0 0 0 0 0 0 0 0 -1000.00 -1000.00 -1000.00 -1000.00 1.9158 0.4880 0.7507 98.3455 -6.7265 108.3526 2.9131 0.0005 0.0000 417 pedestrian_0026
Pedestrian 0.00 1.00 0 0 0 0 0 0 0 0 814.99 360.00 816.16 363.93 1.9158 0.4880 0.4495 -271.2765 1.9162 -72.6591 1.5888 0.0005 0.0000 418 pedestrian_0019
Pedestrian 0.00 1.00 0 0 0 0 0 0 0 0 609.89 360.05 613.49 371.76 1.9158 0.4880 0.3754 -92.0199 1.9247 -59.4170 -1.3006 0.0005 0.0000 419 pedestrian_0018
Pedestrian 0.00 1.00 0 0 0 0 0 0 0 0 52.53 359.69 56.61 365.81 1.9158 0.4880 0.4981 -174.8371 1.8201 -286.1617 -0.0713 0.0005 0.0000 420 pedestrian_0026
Pedestrian 1.00 1.00 0 0 0 0 0 0 0 0 -1000.00 -1000.00 -1000.00 -1000.00 1.9158 0.4880 0.7507 146.5046 1.8479 -110.5440 1.5773 0.0005 0.0000 421 pedestrian_0005
Pedestrian 1.00 1.00 1 0 0 0 0 0 0 0 -1000.00 -1000.00 -1000.00 -1000.00 1.9158 0.4880 0.4183 57.3428 1.9554 7.9440 -1.4674 0.0005 0.0000 422 pedestrian_0021
Pedestrian 1.00 1.00 0 0 0 0 0 0 0 0 -1000.00 -1000.00 -1000.00 -1000.00 1.9158 0.4880 0.6038 80.7942 2.0270 -172.3815 0.0561 0.0005 0.0000 423 pedestrian_0025
Pedestrian 1.00 1.00 0 0 0 0 0 0 0 0 -1000.00 -1000.00 -1000.00 -1000.00 1.9158 0.4880 0.4712 126.5560 1.8468 -112.4949 1.5438 0.0005 0.0000 424 pedestrian_0008
Pedestrian 1.00 1.00 10 13 21 322 0 0 3 0 -1000.00 -1000.00 -1000.00 -1000.00 1.9158 0.4880 0.4456 18.2570 1.9629 30.2497 -0.0994 0.0005 0.0000 425 pedestrian_0018
Pedestrian 1.00 1.00 0 0 0 0 0 0 0 0 -1000.00 -1000.00 -1000.00 -1000.00 1.9158 0.4880 0.4426 -54.7367 1.8801 -123.9033 2.8960 0.0005 0.0000 426 pedestrian_0020
Pedestrian 1.00 1.00 0 0 0 0 0 0 0 0 -1000.00 -1000.00 -1000.00 -1000.00 1.3390 0.3253 0.5005 40.2767 1.8663 -171.0258 -3.0547 0.0005 0.0000 427 pedestrian_0012
Pedestrian 1.00 1.00 0 0 0 0 0 0 0 0 -1000.00 -1000.00 -1000.00 -1000.00 1.1330 0.4333 0.4335 127.0397 1.8506 -84.0845 -1.5771 0.0005 0.0000 428 pedestrian_0011
Pedestrian 1.00 1.00 0 0 0 0 0 0 0 0 -1000.00 -1000.00 -1000.00 -1000.00 1.9158 0.4880 0.5688 -94.2905 1.8542 -208.2677 1.6370 0.0005 0.0000 429 pedestrian_0006
Pedestrian 1.00 1.00 0 0 0 0 0 0 0 0 -1000.00 -1000.00 -1000.00 -1000.00 1.9158 0.4880 0.4457 86.9773 2.1103 12.5347 -1.7831 0.0005 0.0000 430 pedestrian_0021
Pedestrian 1.00 1.00 586 663 1067 8371 0 0 0 115 -1000.00 -1000.00 -1000.00 -1000.00 1.9158 0.4880 0.7507 5.2485 1.8937 -4.3480 -1.4305 0.0005 0.0000 431 pedestrian_0026
Pedestrian 1.00 1.00 0 0 0 0 0 0 0 0 -1000.00 -1000.00 -1000.00 -1000.00 1.9158 0.4880 0.7507 144.0497 -7.4324 84.0786 2.3446 0.0005 0.0000 432 pedestrian_0026
Pedestrian 0.00 1.00 0 0 0 0 0 0 0 0 368.11 361.15 375.81 375.90 1.9158 0.4880 0.4855 -73.3326 2.0669 -78.9433 -1.5691 0.0005 0.0000 433 pedestrian_0002
Pedestrian 1.00 1.00 0 0 0 0 0 0 0 0 -1000.00 -1000.00 -1000.00 -1000.00 1.9158 0.4880 0.7507 140.4603 1.9714 -174.4970 -0.3760 0.0005 0.0000 434 pedestrian_0001
Pedestrian 1.00 1.00 0 0 0 0 0 0 0 0 -1000.00 -1000.00 -1000.00 -1000.00 1.9158 0.4880 0.7507 70.0408 -8.1987 -285.5811 0.0257 0.0005 0.0000 435 pedestrian_0022
Pedestrian 1.00 1.00 0 0 0 0 0 0 0 0 -1000.00 -1000.00 -1000.00 -1000.00 1.9158 0.4880 0.4984 56.8607 1.9764 46.1699 -1.5498 0.0005 0.0000 436 pedestrian_0005
Pedestrian 1.00 1.00 0 0 0 0 0 0 0 0 -1000.00 -1000.00 -1000.00 -1000.00 1.3390 0.3253 0.5005 165.0095 1.9186 -58.6411 -3.1347 0.0005 0.0000 437 pedestrian_0013
Pedestrian 1.00 1.00 0 0 0 0 0 0 0 0 -1000.00 -1000.00 -1000.00 -1000.00 1.1330 0.4333 0.6667 -152.2037 1.8077 -288.4860 3.1280 0.0005 0.0000 438 pedestrian_0011
Pedestrian 1.00 1.00 0 0 0 0 0 0 0 0 -1000.00 -1000.00 -1000.00 -1000.00 1.9158 0.4880 0.5950 26.3675 1.9276 67.2978 -2.2442 0.0005 0.0000 439 pedestrian_0006
Pedestrian 1.00 1.00 0 0 0 0 0 0 0 0 -1000.00 -1000.00 -1000.00 -1000.00 1.3390 0.3253 0.4934 122.7675 -6.8999 139.8421 2.8554 0.0005 0.0000 440 pedestrian_0014
Pedestrian 0.00 1.00 0 0 0 0 0 0 0 0 1337.78 360.36 1342.46 371.75 1.9158 0.4880 0.4881 -94.6049 1.9773 61.9310 -1.7241 0.0005 0.0000 441 pedestrian_0025
Pedestrian 0.00 1.00 0 0 0 0 0 0 0 0 1264.69 360.21 1266.50 365.00 1.9158 0.4880 0.4931 -223.3009 2.0021 120.3079 0.6962 0.0005 0.0000 442 pedestrian_0003
Pedestrian 1.00 1.00 0 0 0 0 0 0 0 0 -1000.00 -1000.00 -1000.00 -1000.00 1.9158 0.4880 0.4738 62.0173 1.9158 -79.7238 -0.3139 0.0005 0.0000 443 pedestrian_0024
Pedestrian 1.00 1.00 0 0 0 1 1 0 0 0 -1000.00 -1000.00 -1000.00 -1000.00 1.9158 0.4880 0.5081 6.8412 2.0318 -153.0623 0.8258 0.0005 0.0000 444 pedestrian_0007
Pedestrian 0.00 1.00 0 0 0 0 0 0 0 0 671.95 360.04 675.18 369.12 1.9158 0.4880 0.4108 -118.2126 1.9238 -62.7961 0.0951 0.0005 0.0000 445 pedestrian_0023
Pedestrian 0.00 1.00 0 0 0 0 0 0 0 0 954.35 360.06 955.65 363.98 1.9158 0.4880 0.6189 -272.0449 1.9452 -4.6860 1.5504 0.0005 0.0000 446 pedestrian_0026
Pedestrian 1.00 1.00 0 0 0 0 0 0 0 0 -1000.00 -1000.00 -1000.00 -1000.00 1.1330 0.4333 0.5424 164.9835 -8.0670 -25.2758 -1.5651 0.0005 0.0000 447 pedestrian_0009
Pedestrian 1.00 1.00 0 0 0 0 0 0 0 0 -1000.00 -1000.00 -1000.00 -1000.00 1.9158 0.4880 0.3754 -5.6266 -3.2332 -250.7029 3.0683 0.0005 0.0000 448 pedestrian_0015
Pedestrian 1.00 1.00 0 0 0 0 0 0 0 0 -1000.00 -1000.00 -1000.00 -1000.00 1.9158 0.4880 0.3940 156.8873 1.9186 -76.9865 3.0432 0.0005 0.0000 449 pedestrian_0017
Pedestrian 1.00 1.00 0 0 0 2 0 0 0 0 -1000.00 -1000.00 -1000.00 -1000.00 1.9158 0.4880 0.5153 8.5459 1.8185 -171.7072 0.1656 0.0005 0.0000 450 pedestrian_0023
Pedestrian 1.00 1.00 0 0 0 9 0 0 0 0 -1000.00 -1000.00 -1000.00 -1000.00 1.9158 0.4880 0.7507 -26.1522 1.9150 -80.8115 -0.0276 0.0005 0.0000 451 pedestrian_0001
Pedestrian 0.00 1.00 0 0 0 0 0 0 0 0 1349.80 361.16 1356.04 372.42 1.9158 0.4880 0.7193 -95.6295 2.1148 64.8173 -1.5675 0.0005 0.0000 452 pedestrian_0017
Pedestrian 1.00 1.00 0 0 0 0 0 0 0 0 -1000.00 -1000.00 -1000.00 -1000.00 1.1330 0.4333 0.6198 93.0266 1.9143 -59.1983 -3.1349 0.0005 0.0000 453 pedestrian_0011
Pedestrian 0.00 1.00 0 0 0 0 0 0 0 0 628.02 359.92 630.08 363.88 1.9158 0.4880 0.7123 -269.3708 1.8768 -162.4642 1.6376 0.0005 0.0000 454 pedestrian_0018
Pedestrian 1.00 1.00 0 0 0 0 0 0 0 0 -1000.00 -1000.00 -1000.00 -1000.00 1.9158 0.4880 0.6955 91.0503 1.9521 -216.0185 -1.4016 0.0005 0.0000 455 pedestrian_0021
Pedestrian 1.00 1.00 0 0 0 0 0 0 0 0 -1000.00 -1000.00 -1000.00 -1000.00 1.9158 0.4880 0.5028 207.6005 1.9463 -17.4958 -1.5330 0.0005 0.0000 456 pedestrian_0007
Pedestrian 1.00 1.00 1 3 6 27 0 0 0 0 -1000.00 -1000.00 -1000.00 -1000.00 1.9158 0.4880 0.7507 57.2004 2.1153 24.5850 -1.5502 0.0005 0.0000 457 pedestrian_0021
Pedestrian 1.00 1.00 0 0 0 1 0 0 0 0 -1000.00 -1000.00 -1000.00 -1000.00 1.9158 0.4880 0.7507 163.9268 -7.9466 28.9319 1.5443 0.0005 0.0000 458 pedestrian_0019
Pedestrian 0.00 1.00 0 0 0 0 0 0 0 0 1357.25 362.49 1359.70 365.77 1.1330 0.4333 0.5415 -193.3807 1.9982 136.0436 -2.7986 0.0005 0.0000 459 pedestrian_0009
Pedestrian 0.00 1.00 0 0 0 0 0 0 0 0 1446.76 360.33 1449.47 366.83 1.9158 0.4880 0.4113 -164.6737 2.0126 141.8689 -1.7732 0.0005 0.0000 460 pedestrian_0004
Pedestrian 0.00 1.00 0 0 0 0 0 0 0 0 313.63 363.34 318.58 371.47 1.3390 0.3253 0.4371 -92.6298 1.8925 -108.6486 1.5766 0.0005 0.0000 461 pedestrian_0012
Pedestrian 0.00 1.00 0 0 0 0 0 0 0 0 577.55 359.94 580.21 366.46 1.9158 0.4880 0.4730 -164.0146 1.8974 -114.3097 1.6997 0.0005 0.0000 462 pedestrian_0006
Pedestrian 1.00 1.00 0 0 0 0 0 0 0 0 -1000.00 -1000.00 -1000.00 -1000.00 1.1330 0.4333 0.6667 37.2617 1.9046 -79.1806 -3.1400 0.0005 0.0000 463 pedestrian_0009
Pedestrian 0.00 1.00 0 0 0 0 0 0 0 0 627.39 362.14 630.03 367.27 1.3390 0.3253 0.5005 -146.0969 1.9006 -88.9461 -1.4790 0.0005 0.0000 464 pedestrian_0014
Pedestrian 0.00 1.00 0 0 0 0 0 0 0 0 956.89 364.83 961.01 371.68 1.1330 0.4333 0.6667 -93.1563 1.9373 -2.4154 -1.5266 0.0005 0.0000 465 pedestrian_0010
Pedestrian 0.00 1.00 0 0 0 0 0 0 0 0 414.12 359.97 421.51 371.64 1.9158 0.4880 0.7446 -92.3386 1.9117 -91.5548 1.5472 0.0005 0.0000 466 pedestrian_0017
Pedestrian 1.00 1.00 146 146 246 6209 0 0 26 0 -1000.00 -1000.00 -1000.00 -1000.00 1.9158 0.4880 0.5019 6.2073 1.8978 7.4987 3.0320 0.0005 0.0000 467 pedestrian_0004
Pedestrian 1.00 1.00 1 2 0 17 0 0 0 0 -1000.00 -1000.00 -1000.00 -1000.00 1.9158 0.4880 0.5951 102.3928 1.9656 29.9924 3.1149 0.0005 0.0000 468 pedestrian_0021
Pedestrian 1.00 1.00 5 6 11 52 2 0 0 0 -1000.00 -1000.00 -1000.00 -1000.00 1.3390 0.3253 0.4505 5.8836 1.8673 -44.3887 1.4266 0.0005 0.0000 469 pedestrian_0013
Pedestrian 1.00 1.00 0 0 0 0 0 0 0 0 -1000.00 -1000.00 -1000.00 -1000.00 1.9158 0.4880 0.5437 89.6234 1.8529 -182.0403 -1.7069 0.0005 0.0000 470 pedestrian_0001
Pedestrian 1.00 1.00 0 0 0 0 0 0 0 0 -1000.00 -1000.00 -1000.00 -1000.00 1.9158 0.4880 0.7507 20.0991 1.9243 -60.1734 0.0077 0.0005 0.0000 471 pedestrian_0015
Pedestrian 0.00 1.00 0 0 0 0 0 0 0 0 1391.68 360.29 1395.12 366.17 1.9158 0.4880 0.7507 -182.1021 2.0113 139.3434 0.1662 0.0005 0.0000 472 pedestrian_0024
Pedestrian 1.00 1.00 0 0 0 0 0 0 0 0 -1000.00 -1000.00 -1000.00 -1000.00 1.3390 0.3253 0.3471 -75.1024 1.8427 -223.9321 1.4827 0.0005 0.0000 473 pedestrian_0013
Pedestrian 1.00 1.00 0 0 0 0 0 0 0 0 -1000.00 -1000.00 -1000.00 -1000.00 1.9158 0.4880 0.6726 -86.1455 1.8199 -289.2356 0.0736 0.0005 0.0000 474 pedestrian_0018
Pedestrian 1.00 1.00 0 0 0 0 0 0 0 0 -1000.00 -1000.00 -1000.00 -1000.00 1.3390 0.3253 0.3808 81.0590 2.0184 -172.8803 -2.6742 0.0005 0.0000 475 pedestrian_0012
Pedestrian 0.00 1.00 0 0 0 0 0 0 0 0 1526.25 360.46 1533.22 371.89 1.9158 0.4880 0.6680 -94.2034 1.9927 93.5287 -1.5809 0.0005 0.0000 476 pedestrian_0026
Pedestrian 1.00 1.00 0 0 0 0 0 0 0 0 -1000.00 -1000.00 -1000.00 -1000.00 1.9158 0.4880 0.5389 -93.6629 1.8204 -287.6770 0.0560 0.0005 0.0000 477 pedestrian_0016
Pedestrian 1.00 1.00 0 0 0 0 0 0 0 0 -1000.00 -1000.00 -1000.00 -1000.00 1.9158 0.4880 0.7507 62.3250 1.9058 -102.6487 -1.5869 0.0005 0.0000 478 pedestrian_0006
Pedestrian 1.00 1.00 0 0 0 0 0 0 0 0 -1000.00 -1000.00 -1000.00 -1000.00 1.9158 0.4880 0.5909 -103.4034 1.8197 -288.7892 3.1393 0.0005 0.0000 479 pedestrian_0001
Pedestrian 1.00 1.00 0 0 0 0 0 0 0 0 -1000.00 -1000.00 -1000.00 -1000.00 1.9158 0.4880 0.7507 82.4532 1.9719 43.7940 1.6458 0.0005 0.0000 480 pedestrian_0021
Car 1.00 1.00 0 0 0 0 0 0 0 0 -1000.00 -1000.00 -1000.00 -1000.00 1.6980 1.9434 4.1871 17.8163 1.9249 -136.4912 -1.5556 0.0005 0.0000 481 citroen_c3
Car 1.00 1.00 0 0 0 0 0 0 0 0 -1000.00 -1000.00 -1000.00 -1000.00 1.9718 2.0005 4.0595 18.4247 1.8954 -125.4398 -1.5556 0.0005 0.0000 482 jeep_wrangler_rubicon
Car 1.00 1.00 0 0 0 0 0 0 0 0 -1000.00 -1000.00 -1000.00 -1000.00 1.9718 2.0005 4.0595 48.9311 1.9263 -135.4215 1.5860 0.0005 0.0000 483 jeep_wrangler_rubicon
Car 1.00 1.00 0 0 0 0 0 0 0 0 -1000.00 -1000.00 -1000.00 -1000.00 1.9718 2.0005 4.0595 15.4839 1.8953 -125.4846 -1.5556 0.0005 0.0000 484 jeep_wrangler_rubicon
Car 1.00 1.00 0 0 0 0 0 0 0 0 0.00 359.72 0.31 378.03 1.9718 2.0005 4.0595 -62.7673 1.9418 -113.6405 0.0152 0.0005 0.0000 485 nissan_patrol
Car 1.00 1.00 0 0 0 0 0 0 0 0 -1000.00 -1000.00 -1000.00 -1000.00 1.5488 2.0688 3.9961 -62.7374 1.9683 -116.5357 -3.1264 0.0005 0.0000 486 nissan_patrol
Car 0.37 1.00 0 0 0 0 0 0 0 0 0.00 364.30 73.72 380.37 1.4855 2.1349 -5.6254 -56.6026 1.9392 -96.6443 -3.1264 0.0005 0.0000 487 nissan_patrol
Car 1.00 1.00 0 0 0 0 0 0 0 0 -1000.00 -1000.00 -1000.00 -1000.00 1.6244 1.8781 -3.8906 -56.3451 1.9178 -113.5417 0.0152 0.0005 0.0000 488 nissan_patrol
Car 1.00 1.00 0 0 0 20 0 0 0 0 -1000.00 -1000.00 -1000.00 -1000.00 1.7506 2.3538 -4.8416 -39.2216 2.0091 -90.7618 0.0152 0.0005 0.0000 489 nissan_patrol
Car 1.00 1.00 14 22 26 124 3 0 0 0 -1000.00 -1000.00 -1000.00 -1000.00 1.9718 2.0005 -4.0595 -39.0432 1.9460 -105.0586 -3.1264 0.0005 0.0000 490 nissan_patrol
Car 0.00 1.00 0 0 0 0 0 0 0 0 124.33 359.90 204.21 378.01 1.9476 2.0282 4.8347 -63.0677 1.9370 -91.1246 -3.1264 0.0005 0.0000 491 nissan_patrol
Car 0.00 1.00 0 0 0 0 0 0 0 0 103.25 359.80 174.69 378.01 1.9718 2.0005 4.0595 -63.0813 1.9507 -94.0193 -3.1264 0.0005 0.0000 492 nissan_patrol
Car 1.00 1.00 0 0 0 0 0 0 0 0 -1000.00 -1000.00 -1000.00 -1000.00 1.6244 1.8781 3.8906 -45.6203 1.9268 -93.7546 0.0152 0.0005 0.0000 493 nissan_patrol
Car 1.00 1.00 0 0 0 0 0 0 0 0 -1000.00 -1000.00 -1000.00 -1000.00 1.5488 2.0688 3.9961 -45.5777 1.9776 -96.4782 -3.1264 0.0005 0.0000 494 nissan_patrol
Car 1.00 1.00 0 0 0 4 0 0 0 0 -1000.00 -1000.00 -1000.00 -1000.00 2.1397 2.1728 4.7017 -45.4222 1.9325 -105.1567 -3.1264 0.0005 0.0000 495 nissan_patrol
Car 1.00 1.00 8 7 12 65 2 0 0 0 -1000.00 -1000.00 -1000.00 -1000.00 1.9476 2.0282 4.8347 -45.2491 1.9272 -113.3726 -3.1264 0.0005 0.0000 496 nissan_patrol
Car 1.00 1.00 0 0 1 6 0 0 0 0 -1000.00 -1000.00 -1000.00 -1000.00 1.5100 1.8730 4.1000 -45.2724 1.9176 -116.2698 -3.1264 0.0005 0.0000 497 nissan_patrol
Car 1.00 1.00 7 12 14 68 4 0 0 0 -1000.00 -1000.00 -1000.00 -1000.00 1.5488 2.0688 3.9961 -30.3959 1.9753 -102.0327 0.0152 0.0005 0.0000 498 nissan_patrol
Car 1.00 1.00 0 0 0 3 0 0 0 0 -1000.00 -1000.00 -1000.00 -1000.00 1.5100 1.8730 4.1000 -30.3558 1.9230 -104.9275 0.0152 0.0005 0.0000 499 nissan_patrol
Car 1.00 1.00 0 0 0 0 0 0 0 0 -1000.00 -1000.00 -1000.00 -1000.00 1.9476 2.0282 4.8347 -30.2676 1.9300 -107.6098 -3.1264 0.0005 0.0000 500 nissan_patrol
Car 1.00 1.00 14 18 28 127 3 0 0 0 -1000.00 -1000.00 -1000.00 -1000.00 2.1397 2.1728 -4.7017 -24.1782 1.9394 -90.5327 -3.1264 0.0005 0.0000 501 nissan_patrol
Car 1.00 1.00 6 6 7 34 1 0 0 0 -1000.00 -1000.00 -1000.00 -1000.00 1.9476 2.0282 -4.8347 -24.0673 1.9365 -93.4266 0.0152 0.0005 0.0000 502 nissan_patrol
Car 1.00 1.00 15 13 20 95 3 0 0 0 -1000.00 -1000.00 -1000.00 -1000.00 1.6244 1.8781 -3.8906 -23.8814 1.9196 -110.4082 -3.1264 0.0005 0.0000 503 nissan_patrol
Car 1.00 1.00 2 3 9 18 0 0 0 0 -1000.00 -1000.00 -1000.00 -1000.00 1.7506 2.3538 -4.8416 -23.8655 1.9992 -113.0473 -3.1264 0.0005 0.0000 504 nissan_patrol
Car 1.00 1.00 0 0 0 0 0 0 0 0 -1000.00 -1000.00 -1000.00 -1000.00 1.9476 2.0282 4.8347 22.3042 1.8811 -137.0916 1.5860 0.0005 0.0000 505 nissan_patrol
Car 1.00 1.00 0 0 0 0 0 0 0 0 -1000.00 -1000.00 -1000.00 -1000.00 1.5475 1.9070 4.4025 46.1264 1.9039 -135.0631 1.5860 0.0005 0.0000 506 seat_leon
Car 1.00 1.00 0 0 0 0 0 0 0 0 -1000.00 -1000.00 -1000.00 -1000.00 2.5908 2.7453 5.4640 31.6946 1.9398 -136.8854 1.5860 0.0005 0.0000 507 carlamotors_carlacola
Car 1.00 1.00 0 0 0 0 0 0 0 0 -1000.00 -1000.00 -1000.00 -1000.00 2.5908 2.7453 5.4640 116.0604 1.9586 -145.3606 -1.5556 0.0005 0.0000 508 carlamotors_carlacola
Car 1.00 1.00 0 0 0 0 0 0 0 0 -1000.00 -1000.00 -1000.00 -1000.00 2.5908 2.7453 5.4640 119.5486 1.9586 -145.3075 -1.5556 0.0005 0.0000 509 carlamotors_carlacola
Car 1.00 1.00 0 0 0 0 0 0 0 0 -1000.00 -1000.00 -1000.00 -1000.00 2.5908 2.7453 5.4640 113.9942 1.8491 -117.1499 -3.1264 0.0005 0.0000 510 carlamotors_carlacola
Car 1.00 1.00 0 0 0 0 0 0 0 0 -1000.00 -1000.00 -1000.00 -1000.00 2.5908 2.7453 5.4640 27.3842 1.9397 -136.9510 1.5860 0.0005 0.0000 511 carlamotors_carlacola
Car 1.00 1.00 0 0 0 0 0 0 0 0 -1000.00 -1000.00 -1000.00 -1000.00 2.2031 2.5091 6.5872 53.8192 2.0009 -26.3730 1.0624 0.0005 0.0000 512 tesla_cybertruck