Car 0.00 1.00 0 0 0 0 0 0 0 0 563.65 361.19 578.62 364.69 1.5542 2.3421 5.1370 -256.9878 2.1344 -181.8029 -1.3797 -0.0011 0.0119 0 lincoln2020_mkz2020
Car 1.00 1.00 6631 237244 380523 0 0 0 0 0 -1000.00 -1000.00 -1000.00 -1000.00 2.1397 2.1728 4.7045 -0.0005 2.0932 -2.2389 1.5708 0.0000 0.0000 1 volkswagen_t2
Motorcycle 1.00 1.00 0 0 0 0 0 0 0 0 -1000.00 -1000.00 -1000.00 -1000.00 1.6960 1.0692 2.4735 -89.2038 2.1233 -209.4662 -1.5827 -0.0003 0.0000 2 harley_davidson_low_rider
Motorcycle 0.00 1.00 0 0 0 0 0 0 0 0 634.89 360.90 641.50 364.53 1.6960 1.0692 2.4735 -261.9040 2.1239 -153.7034 -1.5484 0.0038 -0.0000 3 harley_davidson_low_rider
Car 1.00 1.00 0 0 0 0 0 0 0 0 -1000.00 -1000.00 -1000.00 -1000.00 1.6320 2.1403 5.2230 148.1256 2.1399 -62.8052 -3.1203 -0.0076 -0.0000 4 dodge_charger_police
Car 1.00 1.00 0 0 0 0 0 0 0 0 -1000.00 -1000.00 -1000.00 -1000.00 1.5542 2.3421 5.1370 -72.5262 2.1349 -266.3174 -3.1211 -0.0040 0.0000 5 lincoln2020_mkz2020
Car 0.00 1.00 0 0 0 0 0 0 0 0 1219.65 361.75 1233.68 365.65 1.4546 2.0938 4.3903 -214.3760 2.1426 100.3853 0.6559 -0.0003 -0.0033 6 audi_tt
Car 1.00 1.00 0 0 0 0 0 0 0 0 -1000.00 -1000.00 -1000.00 -1000.00 1.4477 1.5550 2.3177 -28.1101 2.1406 -163.4310 0.0059 -0.0119 -0.0000 7 bmw_isetta
Car 0.00 1.00 0 0 0 6 0 0 0 0 1647.84 362.38 1700.19 372.80 1.7173 2.2591 5.2781 -97.3119 2.1518 121.6705 0.0095 -0.0083 -0.0002 8 mercedes_benz_coupe
Car 0.00 0.01 302 358 552 22325 0 45 68 0 1398.00 379.00 1590.07 424.00 1.4812 2.1349 5.6254 -20.5370 2.1429 16.0696 0.0197 0.0000 -0.0000 9 chevrolet_impala
Car 1.00 1.00 0 0 0 0 0 0 0 0 -1000.00 -1000.00 -1000.00 -1000.00 1.6115 2.2019 5.2564 58.3783 2.0814 76.9356 0.0053 -0.0003 0.0007 10 charger2020_charger2020
Car 1.00 1.00 0 0 0 0 0 0 0 0 -1000.00 -1000.00 -1000.00 -1000.00 2.2031 2.5091 6.5872 132.4738 2.0955 -142.0799 -1.5550 -0.0000 0.0000 11 tesla_cybertruck
Car 0.00 1.00 0 0 0 0 0 0 0 0 270.63 364.24 320.87 375.03 1.5140 2.1024 4.9073 -80.9269 2.1345 -97.9451 1.5237 0.0000 -0.0000 12 mercedesccc_mercedesccc
Car 1.00 1.00 0 0 0 0 0 0 0 0 -1000.00 -1000.00 -1000.00 -1000.00 1.6980 1.9434 4.1871 164.6074 2.1442 -154.0663 3.1401 -0.0001 0.0000 13 citroen_c3
Car 1.00 1.00 0 0 0 0 0 0 0 0 -1000.00 -1000.00 -1000.00 -1000.00 1.4812 2.1349 5.6254 111.6299 2.1439 -63.4851 -3.1238 -0.0022 -0.0000 14 chevrolet_impala
Car 1.00 1.00 0 0 0 0 0 0 0 0 -1000.00 -1000.00 -1000.00 -1000.00 1.6320 2.1403 5.2230 131.8695 2.0942 -103.2438 -1.5783 -0.0062 -0.0003 15 dodge_charger_police
Car 1.00 1.00 0 0 2 1 0 0 0 0 -1000.00 -1000.00 -1000.00 -1000.00 1.5863 2.2347 5.1468 -19.6939 2.1365 -166.8854 0.0141 0.0000 -0.0000 16 lincoln_mkz2017
Car 0.00 1.00 0 0 0 0 0 0 0 0 1038.78 360.92 1050.73 364.90 1.7318 2.1344 5.0985 -246.6863 2.1513 35.3074 1.4868 -0.0002 -0.0039 17 audi_etron
Car 1.00 1.00 0 0 0 0 0 0 0 0 -1000.00 -1000.00 -1000.00 -1000.00 1.7506 2.3538 4.8416 -26.1635 2.1318 -166.9800 0.0138 0.0000 -0.0000 18 bmw_grandtourer
Car 1.00 1.00 0 0 0 0 0 0 0 0 -1000.00 -1000.00 -1000.00 -1000.00 1.5765 1.9374 3.8150 37.4893 2.0671 73.5690 0.0281 -0.0004 -0.0005 19 nissan_micra
Motorcycle 1.00 1.00 0 2 1 11 0 0 0 0 -1000.00 -1000.00 -1000.00 -1000.00 1.6960 1.0692 2.4735 -24.7693 2.1236 -76.3998 0.0175 0.0004 -0.0000 20 harley_davidson_low_rider
Car 1.00 1.00 0 0 0 0 0 0 0 0 -1000.00 -1000.00 -1000.00 -1000.00 1.5765 1.9374 3.8150 -78.5052 2.1222 -186.6842 1.5595 0.0000 -0.0000 21 nissan_micra
Car 1.00 1.00 0 0 0 0 0 0 0 0 -1000.00 -1000.00 -1000.00 -1000.00 1.7203 2.2019 5.4994 123.1792 2.1386 -70.1907 0.0222 -0.0001 0.0006 22 chargercop2020_chargercop2020
Car 1.00 1.00 22 24 46 220 3 0 0 0 -1000.00 -1000.00 -1000.00 -1000.00 1.5475 1.9070 4.4025 -23.4591 2.1355 -72.8533 0.0173 0.0000 -0.0000 23 seat_leon
Car 1.00 1.00 0 0 0 0 0 0 0 0 -1000.00 -1000.00 -1000.00 -1000.00 1.3660 1.9896 4.9534 -80.8424 2.1341 -164.5466 -2.5116 0.0000 -0.0000 24 mustang_mustang
Cyclist 0.00 1.00 0 0 0 0 0 0 0 0 1417.56 360.94 1432.33 373.79 1.9709 0.6705 1.7250 -86.9177 2.1229 69.7934 -1.5552 0.0067 0.0000 25 diamondback_century
Cyclist 0.00 0.53 3 6 12 50 0 0 0 0 1158.08 363.15 1169.73 377.49 1.7065 0.8593 1.4873 -68.0662 2.0923 22.4121 -3.1400 -0.0001 0.0000 26 bh_crossbike
Car 0.00 1.00 0 0 0 0 0 0 0 0 362.60 360.07 423.58 379.63 2.1397 2.1728 4.7045 -64.0844 2.1485 -66.5987 -3.1230 0.0000 0.0000 27 volkswagen_t2
Car 0.00 1.00 0 0 0 0 0 0 0 0 1227.47 360.43 1241.18 365.91 1.9718 2.0005 4.0595 -204.9458 2.1402 98.6661 0.5885 -0.0009 -0.0050 28 jeep_wrangler_rubicon
Car 1.00 1.00 27 23 42 247 0 0 0 4 -1000.00 -1000.00 -1000.00 -1000.00 1.5627 2.2716 5.0314 49.0898 2.1401 13.5489 0.0150 0.0011 -0.0000 29 tesla_model3
Car 1.00 1.00 0 0 0 0 0 0 0 0 -1000.00 -1000.00 -1000.00 -1000.00 1.4546 2.0938 4.3903 76.4102 2.1418 -182.3449 1.5792 0.0000 -0.0000 30 audi_tt
Car 1.00 1.00 0 0 0 0 0 0 0 0 -1000.00 -1000.00 -1000.00 -1000.00 1.5488 2.0688 3.9961 138.7057 2.0795 -92.3421 1.5869 0.0000 -0.0000 31 mini_cooperst
Car 1.00 1.00 0 0 0 0 0 0 0 0 -1000.00 -1000.00 -1000.00 -1000.00 1.6011 2.1072 4.7392 73.3979 2.1364 -3.6643 1.5950 -0.0000 -0.0000 32 toyota_prius
Car 0.00 1.00 0 0 0 0 0 0 0 0 917.45 359.84 936.54 368.14 2.1397 2.1728 4.7045 -152.9777 2.1496 -11.3084 -1.9499 -0.0016 0.0240 33 volkswagen_t2
Car 0.00 1.00 0 0 1 0 0 0 0 0 1566.19 363.54 1613.66 374.51 1.6011 2.1072 4.7392 -83.7460 2.1368 91.7195 1.5857 -0.0000 -0.0000 34 toyota_prius
Car 1.00 1.00 0 0 0 0 0 0 0 0 -1000.00 -1000.00 -1000.00 -1000.00 1.3660 1.9896 4.9534 77.2584 2.1340 -24.7859 1.5751 0.0008 -0.0000 35 mustang_mustang
Car 1.00 1.00 0 0 0 0 0 0 0 0 -1000.00 -1000.00 -1000.00 -1000.00 1.6011 2.1072 4.7392 217.0772 2.1362 -62.0695 1.1045 -0.0004 0.0040 36 toyota_prius
Car 1.00 1.00 14 20 36 112 36 0 0 0 -1000.00 -1000.00 -1000.00 -1000.00 1.7506 2.3538 4.8416 -1.8145 2.0765 -91.7182 1.5920 0.0000 -0.0000 37 bmw_grandtourer
Car 1.00 1.00 0 0 0 0 0 0 0 0 -1000.00 -1000.00 -1000.00 -1000.00 2.2031 2.5091 6.5872 139.1991 2.1265 -158.0213 3.1091 0.0002 0.0030 38 tesla_cybertruck
Motorcycle 1.00 1.00 0 0 0 0 0 0 0 0 -1000.00 -1000.00 -1000.00 -1000.00 1.6387 1.2138 2.3199 137.3055 2.0900 -2.0014 1.5856 -0.0000 0.0000 39 yamaha_yzf
Car 0.00 1.00 0 0 0 0 0 0 0 0 280.51 361.26 332.69 375.64 1.9476 2.0282 4.8347 -77.3439 2.1238 -92.1525 1.5597 -0.0004 0.0000 40 nissan_patrol
Car 1.00 1.00 1 3 6 23 6 0 0 0 -1000.00 -1000.00 -1000.00 -1000.00 1.6115 2.2019 5.2564 -1.5392 2.0807 -98.1079 1.6386 -0.0001 0.0006 41 charger2020_charger2020
Car 1.00 1.00 0 0 0 0 0 0 0 0 -1000.00 -1000.00 -1000.00 -1000.00 1.6115 2.2019 5.2564 72.5951 2.1360 -148.4388 -1.4571 -0.0001 0.0022 42 charger2020_charger2020
Motorcycle 1.00 1.00 0 0 0 0 0 0 0 0 -1000.00 -1000.00 -1000.00 -1000.00 1.6649 1.0692 2.4735 137.2389 2.0680 2.4389 1.5863 0.0030 0.0000 43 harley_davidson_low_rider
Car 0.00 1.00 0 0 0 0 0 0 0 0 369.19 361.35 387.97 365.25 1.5542 2.3421 5.1370 -228.4316 2.1342 -240.7500 -0.8376 -0.0009 0.0120 44 lincoln2020_mkz2020
Motorcycle 1.00 1.00 0 0 0 0 0 0 0 0 -1000.00 -1000.00 -1000.00 -1000.00 1.6960 1.0692 2.4735 77.1100 2.1239 -13.5512 1.5881 0.0032 -0.0000 45 harley_davidson_low_rider
Cyclist 1.00 1.00 0 0 0 0 0 0 0 0 -1000.00 -1000.00 -1000.00 -1000.00 1.9310 0.5921 1.9272 52.5835 2.1136 -162.4063 0.0139 -0.0041 -0.0000 46 gazelle_omafiets
Car 1.00 1.00 2875 3152 5028 208364 0 0 1672 0 -1000.00 -1000.00 -1000.00 -1000.00 1.7318 2.1344 5.0985 0.0226 2.0957 4.2206 1.5672 -0.0000 -0.0000 47 audi_etron
Car 1.00 1.00 0 0 0 0 0 0 0 0 -1000.00 -1000.00 -1000.00 -1000.00 1.9476 2.0282 4.8347 116.0887 2.1238 14.5324 0.0144 -0.0004 -0.0000 48 nissan_patrol
Car 0.00 0.02 219 235 376 11356 0 32 22 0 1295.00 369.68 1401.19 406.18 1.7203 2.2019 5.4994 -27.1115 2.1390 15.8702 0.0608 -0.0001 0.0007 49 chargercop2020_chargercop2020
Car 0.00 1.00 0 0 0 0 0 0 0 0 621.40 361.84 639.64 367.84 1.6244 1.8781 3.8906 -152.9883 2.1334 -92.5553 1.5519 -0.0005 -0.0011 50 audi_a2
Car 1.00 1.00 0 0 0 0 0 0 0 0 -1000.00 -1000.00 -1000.00 -1000.00 1.5863 2.2347 5.1468 -84.6900 2.1369 -152.5881 -1.4491 -0.0008 0.0017 51 lincoln_mkz2017
Cyclist 0.00 1.00 1 0 1 2 0 0 0 0 1200.01 360.88 1212.76 373.34 1.9709 0.6705 1.7250 -89.9468 2.1220 37.2918 -1.5571 -0.0121 0.0001 52 diamondback_century
Cyclist 1.00 1.00 6 10 10 47 2 0 0 0 -1000.00 -1000.00 -1000.00 -1000.00 1.9311 0.5921 1.9272 -28.6040 2.1139 -72.9691 0.0173 -0.0040 0.0000 53 gazelle_omafiets
Car 1.00 1.00 0 0 0 0 0 0 0 0 -1000.00 -1000.00 -1000.00 -1000.00 1.7173 2.2591 5.2781 142.0839 2.0956 -84.5900 1.5864 -0.0071 -0.0002 54 mercedes_benz_coupe
Car 1.00 1.00 0 0 0 0 0 0 0 0 -1000.00 -1000.00 -1000.00 -1000.00 1.5542 2.3421 5.1370 60.8342 2.0788 -212.7511 0.1076 0.0003 -0.0005 55 lincoln2020_mkz2020
Car 1.00 1.00 0 0 0 0 0 0 0 0 -1000.00 -1000.00 -1000.00 -1000.00 1.7506 2.3538 4.8416 22.1461 2.1323 -159.3182 3.1244 -0.0010 0.0000 56 bmw_grandtourer
Car 1.00 1.00 0 0 0 0 0 0 0 0 -1000.00 -1000.00 -1000.00 -1000.00 1.4546 2.0938 4.3903 75.6671 2.1420 -93.3887 1.5790 0.0000 -0.0000 57 audi_tt
Car 0.00 1.00 0 0 0 0 0 0 0 0 312.13 362.85 366.18 375.28 1.7173 2.2591 5.2781 -80.8491 2.1513 -91.5836 1.5609 -0.0071 -0.0002 58 mercedes_benz_coupe
Car 1.00 1.00 0 0 0 0 0 0 0 0 -1000.00 -1000.00 -1000.00 -1000.00 1.5542 2.3421 5.1370 48.4509 2.1342 -75.1195 0.0178 0.0000 -0.0000 59 lincoln2020_mkz2020
Car 1.00 1.00 0 0 0 0 0 0 0 0 -1000.00 -1000.00 -1000.00 -1000.00 2.1397 2.1728 4.7045 75.3483 2.1486 60.6820 1.5952 0.0000 -0.0000 60 volkswagen_t2
Car 1.00 1.00 0 4 6 31 0 0 0 0 -1000.00 -1000.00 -1000.00 -1000.00 1.7506 2.3538 4.8416 134.5554 2.0767 30.7020 -1.4850 0.0000 0.0001 61 bmw_grandtourer
Car 1.00 1.00 0 0 0 0 0 0 0 0 -1000.00 -1000.00 -1000.00 -1000.00 1.6320 2.1403 5.2230 118.8817 2.1488 -164.9930 0.0131 -0.0043 0.0000 62 dodge_charger_police
Car 1.00 1.00 4 2 2 2 4 0 0 0 -1000.00 -1000.00 -1000.00 -1000.00 1.6980 1.9434 4.1871 2.0172 2.0891 -107.5599 1.5916 -0.0000 0.0000 63 citroen_c3
Car 1.00 1.00 0 0 0 0 0 0 0 0 -1000.00 -1000.00 -1000.00 -1000.00 1.4812 2.1349 5.6254 47.6967 2.1425 -162.4690 0.0137 0.0000 -0.0000 64 chevrolet_impala
Car 0.00 0.28 140 161 257 1209 0 28 0 0 1212.87 370.79 1293.67 403.00 1.6115 2.2019 5.2564 -29.1092 2.1362 12.4603 0.0359 -0.0006 0.0005 65 charger2020_charger2020
Car 1.00 1.00 2 0 0 41 0 0 0 0 -1000.00 -1000.00 -1000.00 -1000.00 1.3660 1.9896 4.9534 68.8826 2.1342 38.3584 -1.5471 0.0003 -0.0000 66 mustang_mustang
Motorcycle 1.00 1.00 0 0 0 0 0 0 0 0 -1000.00 -1000.00 -1000.00 -1000.00 1.5852 1.1236 2.1350 77.0046 2.0998 -8.0056 1.5944 -0.0000 -0.0000 67 kawasaki_ninja
Car 0.00 1.00 0 0 0 0 0 0 0 0 1192.97 361.88 1208.62 367.40 1.5488 2.0688 3.9961 -160.2529 2.0968 66.9086 -2.8696 -0.0001 0.0001 68 mini_cooperst
Car 0.00 1.00 0 0 0 0 0 0 0 0 778.71 362.02 799.48 367.65 1.5542 2.3421 5.1370 -157.3873 2.1344 -50.4315 -1.5625 -0.0005 0.0032 69 lincoln2020_mkz2020
Car 1.00 1.00 41 45 80 310 47 0 0 0 -1000.00 -1000.00 -1000.00 -1000.00 1.9718 2.0005 4.0595 3.8830 2.1157 -65.3781 -3.1269 -0.0062 0.0001 70 jeep_wrangler_rubicon
Car 1.00 1.00 0 0 0 0 0 0 0 0 -1000.00 -1000.00 -1000.00 -1000.00 1.7506 2.3538 4.8416 -78.3713 2.1319 -180.8009 1.5593 0.0000 -0.0000 71 bmw_grandtourer
Car 1.00 1.00 0 0 0 0 0 0 0 0 -1000.00 -1000.00 -1000.00 -1000.00 2.2031 2.5091 6.5872 135.9614 2.0955 -141.2865 -1.5552 0.0000 -0.0000 72 tesla_cybertruck
Car 0.00 1.00 0 0 0 0 0 0 0 0 952.65 363.58 980.73 375.38 1.6244 1.8781 3.8906 -78.8546 2.1335 -1.3241 1.5864 -0.0005 -0.0011 73 audi_a2
Car 1.00 1.00 0 0 0 0 0 0 0 0 -1000.00 -1000.00 -1000.00 -1000.00 1.7203 2.2019 5.4994 78.3911 2.1388 -69.9768 -2.6331 0.0031 0.0001 74 chargercop2020_chargercop2020
Car 0.00 1.00 0 0 0 0 0 0 0 0 923.92 363.41 960.09 374.94 1.6320 2.1403 5.2230 -82.2946 2.1492 -4.8553 1.5861 -0.0043 0.0000 75 dodge_charger_police
Car 0.00 0.36 11 19 37 149 0 3 0 0 1145.12 363.98 1182.10 374.06 1.5140 2.1024 4.9073 -86.2715 2.1347 29.0399 -1.5296 -0.0001 0.0008 76 mercedesccc_mercedesccc
Car 1.00 1.00 0 6 12 36 13 0 0 0 -1000.00 -1000.00 -1000.00 -1000.00 1.6244 1.8781 3.8906 -4.5882 2.0785 -129.0490 -1.5316 -0.0024 -0.0011 77 audi_a2
Car 1.00 1.00 20 31 47 215 11 0 0 0 -1000.00 -1000.00 -1000.00 -1000.00 1.6244 1.8781 3.8906 -10.9740 2.0913 -60.4980 -1.9845 0.0079 -0.0358 78 audi_a2
Car 1.00 1.00 0 0 0 0 0 0 0 0 -1000.00 -1000.00 -1000.00 -1000.00 1.7203 2.2019 5.4994 13.6451 2.1386 -159.3397 -3.0869 -0.0004 0.0006 79 chargercop2020_chargercop2020
Car 0.00 0.27 29 35 61 245 0 7 0 0 1122.08 359.54 1154.50 373.81 2.1397 2.1728 4.7045 -90.9464 2.1519 26.7227 -2.0032 -0.0068 -0.0302 80 volkswagen_t2
Car 1.00 1.00 0 0 0 0 0 0 0 0 -1000.00 -1000.00 -1000.00 -1000.00 1.3660 1.9896 4.9534 53.5377 2.1340 -165.8875 0.0137 0.0000 -0.0000 81 mustang_mustang
Car 1.00 1.00 1 1 3 24 7 0 0 0 -1000.00 -1000.00 -1000.00 -1000.00 1.7203 2.2019 5.4994 1.9210 2.0833 -95.0061 1.6250 -0.0001 0.0007 82 chargercop2020_chargercop2020
Car 0.00 1.00 0 0 0 4 0 0 0 0 1583.71 363.52 1625.96 375.11 1.6244 1.8781 3.8906 -80.2292 2.1336 89.8615 1.5860 -0.0005 -0.0011 83 audi_a2
Car 1.00 1.00 0 0 0 0 0 0 0 0 -1000.00 -1000.00 -1000.00 -1000.00 1.6244 1.8781 3.8906 79.1068 2.1332 -86.5748 1.5799 -0.0005 -0.0011 84 audi_a2
Car 1.00 1.00 0 0 0 0 0 0 0 0 -1000.00 -1000.00 -1000.00 -1000.00 1.3660 1.9896 4.9534 210.9984 2.1336 -132.5840 -1.7865 0.0003 -0.0007 85 mustang_mustang
Car 1.00 1.00 0 0 0 0 0 0 0 0 -1000.00 -1000.00 -1000.00 -1000.00 1.6244 1.8781 3.8906 -85.6286 2.1331 -203.6468 -1.5823 -0.0005 -0.0011 86 audi_a2
Car 0.00 1.00 0 0 0 0 0 0 0 0 446.13 360.35 463.05 365.91 1.9718 2.0005 4.0595 -200.1044 2.1018 -183.7373 1.9805 -0.0029 -0.0003 87 jeep_wrangler_rubicon
Car 1.00 1.00 0 0 0 0 0 0 0 0 -1000.00 -1000.00 -1000.00 -1000.00 1.9718 2.0005 4.0595 -85.7053 2.1408 -209.7273 -1.5795 -0.0047 -0.0001 88 jeep_wrangler_rubicon
Car 1.00 1.00 0 0 0 0 0 0 0 0 -1000.00 -1000.00 -1000.00 -1000.00 1.3660 1.9896 4.9534 -73.1227 2.1337 -259.3305 -3.1207 -0.0003 -0.0000 89 mustang_mustang
Motorcycle 1.00 1.00 0 0 0 0 0 0 0 0 -1000.00 -1000.00 -1000.00 -1000.00 1.6649 1.0692 2.4735 140.6839 2.0682 6.1001 1.5860 0.0051 0.0000 90 harley_davidson_low_rider
Car 0.00 1.00 0 0 0 0 0 0 1 0 1607.70 363.89 1652.26 374.47 1.5475 1.9070 4.4025 -83.8369 2.1358 97.8132 1.5857 0.0000 -0.0000 91 seat_leon
Motorcycle 1.00 1.00 0 0 0 0 0 0 0 0 -1000.00 -1000.00 -1000.00 -1000.00 1.6387 1.2138 2.3199 131.9470 2.1207 -67.8350 0.5373 -0.0012 -0.0055 92 yamaha_yzf
Cyclist 0.00 1.00 0 0 0 3 0 0 0 0 1453.17 361.12 1468.90 373.09 1.9311 0.5921 1.9272 -90.8570 2.1136 78.9535 -1.6517 -0.0034 0.0023 93 gazelle_omafiets
Car 0.00 1.00 0 0 0 0 0 0 0 0 682.11 362.36 699.29 368.40 1.5140 2.1024 4.9073 -144.4260 2.1345 -71.8734 -3.1306 0.0005 -0.0000 94 mercedesccc_mercedesccc
Car 1.00 1.00 0 0 0 0 0 0 0 0 -1000.00 -1000.00 -1000.00 -1000.00 1.4546 2.0938 4.3903 69.4947 2.1418 -192.5357 -1.5640 0.0000 -0.0000 95 audi_tt
Car 0.00 1.00 0 0 0 0 0 0 0 0 49.53 359.86 106.29 375.98 2.1397 2.1728 4.7045 -77.9288 2.1549 -124.5516 1.5134 -0.0146 -0.0002 96 volkswagen_t2
Car 0.00 1.00 0 0 0 13 0 0 0 0 1442.64 363.95 1486.39 373.94 1.5140 2.1024 4.9073 -87.0233 2.1348 75.9911 -1.5568 -0.0001 -0.0000 97 mercedesccc_mercedesccc
Car 1.00 1.00 0 0 0 0 0 0 0 0 -1000.00 -1000.00 -1000.00 -1000.00 1.4812 2.1349 5.6254 140.8121 2.0885 -1.9321 1.5863 -0.0021 -0.0000 98 chevrolet_impala
Car 1.00 1.00 0 0 0 0 0 0 0 0 -1000.00 -1000.00 -1000.00 -1000.00 1.5765 1.9374 3.8150 75.4138 2.1225 55.0028 1.5949 0.0000 -0.0000 99 nissan_micra
Motorcycle 1.00 1.00 0 0 0 0 0 0 0 0 -1000.00 -1000.00 -1000.00 -1000.00 1.5853 1.1236 2.1350 75.6267 2.0997 -88.5597 1.5794 -0.0000 -0.0000 100 kawasaki_ninja
Car 0.00 1.00 0 0 0 0 0 0 0 0 1187.97 360.36 1201.75 365.25 1.9476 2.0282 4.8347 -230.5982 2.1248 95.0136 -2.3198 -0.0023 0.0129 101 nissan_patrol
Car 0.00 1.00 0 0 0 0 0 0 0 0 907.62 360.06 941.96 375.54 2.1397 2.1728 4.7045 -78.7875 2.1487 -7.1448 1.5841 0.0000 -0.0000 102 volkswagen_t2
Car 0.00 1.00 0 0 0 0 0 0 0 0 1093.70 362.08 1109.49 366.19 1.3660 1.9896 4.9534 -191.5937 2.0959 46.4259 0.7643 -0.0001 -0.0021 103 mustang_mustang
Car 1.00 1.00 7 7 9 47 0 0 0 0 -1000.00 -1000.00 -1000.00 -1000.00 1.5627 2.2716 5.0314 49.6395 2.1404 17.0747 0.0141 0.0000 -0.0000 104 tesla_model3
Car 1.00 1.00 0 0 0 0 0 0 0 0 -1000.00 -1000.00 -1000.00 -1000.00 1.5542 2.3421 5.1370 149.7576 2.1326 -66.2843 -3.1191 -0.0057 0.0002 105 lincoln2020_mkz2020
Car 1.00 1.00 0 0 0 0 0 0 0 0 -1000.00 -1000.00 -1000.00 -1000.00 1.5627 2.2716 5.0314 86.7145 2.1402 -67.4501 -3.1131 -0.0001 0.0001 106 tesla_model3
Car 0.00 1.00 0 0 0 0 0 0 0 0 674.17 363.39 704.23 373.59 1.5765 1.9374 3.8150 -88.7967 2.1232 -45.0903 -1.5470 -0.0019 0.0001 107 nissan_micra
Cyclist 0.00 1.00 0 0 0 0 0 0 0 0 341.90 361.60 365.88 379.19 1.9311 0.5921 1.9272 -63.0819 2.1139 -70.0678 -3.1240 -0.0040 -0.0000 108 gazelle_omafiets
Cyclist 1.00 1.00 0 0 0 0 0 0 0 0 -1000.00 -1000.00 -1000.00 -1000.00 1.9311 0.5921 1.9272 -48.9737 1.8407 -279.8658 0.0191 -0.0512 -0.0002 109 gazelle_omafiets
Car 1.00 1.00 310 377 596 5734 0 0 77 0 -1000.00 -1000.00 -1000.00 -1000.00 1.4546 2.0938 4.3903 5.4020 2.1151 19.3248 -3.0398 -0.0169 -0.0014 110 audi_tt
Car 0.00 1.00 0 0 0 0 0 0 0 0 267.57 361.63 341.87 381.40 1.9476 2.0282 4.8347 -58.4819 2.1238 -69.9946 -3.1240 -0.0004 0.0000 111 nissan_patrol
Car 1.00 1.00 0 0 0 0 0 0 0 0 -1000.00 -1000.00 -1000.00 -1000.00 1.4546 2.0938 4.3903 -1.6344 2.0866 -106.1229 1.6262 -0.0000 -0.0001 112 audi_tt
Car 1.00 1.00 0 3 5 8 2 0 0 0 -1000.00 -1000.00 -1000.00 -1000.00 1.7506 2.3538 4.8416 11.6089 2.0762 -207.7932 -0.6535 -0.0001 0.0028 113 bmw_grandtourer
Car 1.00 1.00 22 34 52 166 4 0 0 0 -1000.00 -1000.00 -1000.00 -1000.00 1.9718 2.0005 4.0595 -19.5603 2.1397 -76.3115 0.0180 -0.0004 -0.0001 114 jeep_wrangler_rubicon
Motorcycle 1.00 1.00 0 0 0 0 0 0 0 0 -1000.00 -1000.00 -1000.00 -1000.00 1.6387 1.2138 2.3199 138.6305 2.0899 -87.6029 1.5864 -0.0000 0.0000 115 yamaha_yzf
Car 1.00 1.00 15 18 27 110 20 0 0 0 -1000.00 -1000.00 -1000.00 -1000.00 1.7203 2.2019 5.4994 -5.9011 2.0831 -89.2895 -1.5726 -0.0013 0.0021 116 chargercop2020_chargercop2020
Car 1.00 1.00 0 0 0 0 0 0 0 0 -1000.00 -1000.00 -1000.00 -1000.00 1.6980 1.9434 4.1871 131.0582 2.0891 -50.4265 -1.5553 0.0000 -0.0000 117 citroen_c3
Car 1.00 1.00 0 0 0 0 0 0 0 0 -1000.00 -1000.00 -1000.00 -1000.00 1.5542 2.3421 5.1370 57.5210 -6.1283 120.4114 0.0173 -0.0123 -0.0000 118 lincoln2020_mkz2020
Car 1.00 1.00 38 53 85 2873 0 0 0 2 -1000.00 -1000.00 -1000.00 -1000.00 2.5908 2.7453 5.4640 65.4132 2.1587 37.0936 -1.5474 0.0012 0.0000 119 carlamotors_carlacola
Car 1.00 1.00 0 0 0 0 0 0 0 0 -1000.00 -1000.00 -1000.00 -1000.00 1.5765 1.9374 3.8150 75.6399 2.1222 -99.1715 1.5789 0.0000 -0.0000 120 nissan_micra
Car 1.00 1.00 0 0 0 0 0 0 0 0 -1000.00 -1000.00 -1000.00 -1000.00 1.4477 1.5550 2.3177 81.2083 -6.3692 117.2900 0.0143 -0.0070 -0.0002 121 bmw_isetta
Car 1.00 1.00 0 0 0 0 0 0 0 0 -1000.00 -1000.00 -1000.00 -1000.00 1.7173 2.2591 5.2781 168.0364 2.1506 -64.5417 3.0423 -0.0061 -0.0009 122 mercedes_benz_coupe
Car 0.79 0.01 278 338 543 12403 0 21 67 0 1787.00 383.82 1919.00 433.18 1.7173 2.2591 5.2781 -14.9827 2.1465 23.0425 -3.1316 -0.0042 0.0011 123 mercedes_benz_coupe
Car 1.00 1.00 0 0 0 0 0 0 0 0 -1000.00 -1000.00 -1000.00 -1000.00 1.5765 1.9374 3.8150 137.0712 2.1133 -152.8488 -1.3001 -0.0029 -0.0008 124 nissan_micra
Car 1.00 1.00 65 81 132 609 0 0 0 20 -1000.00 -1000.00 -1000.00 -1000.00 1.6115 2.2019 5.2564 43.2563 2.1363 16.8619 0.0600 -0.0001 0.0006 125 charger2020_charger2020
Car 1.00 1.00 0 0 0 0 0 0 0 0 -1000.00 -1000.00 -1000.00 -1000.00 1.9476 2.0282 4.8347 68.8545 2.1251 46.6335 -1.5388 -0.0045 -0.0003 126 nissan_patrol
Car 1.00 1.00 0 0 0 0 0 0 0 0 -1000.00 -1000.00 -1000.00 -1000.00 1.5140 2.1024 4.9073 -89.6256 2.1342 -246.6299 -1.5818 0.0000 -0.0000 127 mercedesccc_mercedesccc
Car 0.04 1.00 0 0 0 0 0 0 0 0 0.00 362.69 56.93 374.55 1.7173 2.2591 5.2781 -84.9253 2.1515 -143.3395 -1.5914 -0.0080 -0.0002 128 mercedes_benz_coupe
Car 1.00 1.00 43 49 87 305 19 0 0 0 -1000.00 -1000.00 -1000.00 -1000.00 1.4812 2.1349 5.6254 -6.4858 2.0883 -54.9950 -1.5544 -0.0017 0.0002 129 chevrolet_impala
Car 0.00 1.00 0 0 0 0 0 0 0 0 118.01 360.01 147.25 366.85 2.1397 2.1728 4.7045 -176.8587 2.1482 -264.6556 2.8869 -0.0003 -0.0027 130 volkswagen_t2
Car 1.00 1.00 0 0 0 0 0 0 0 0 -1000.00 -1000.00 -1000.00 -1000.00 1.6244 1.8781 3.8906 54.2206 2.1332 -74.9999 0.0181 -0.0005 -0.0011 131 audi_a2
Car 0.00 0.43 92 110 175 7244 0 18 12 0 1393.00 364.00 1508.41 402.13 1.9476 2.0282 4.8347 -29.3012 2.1244 22.6245 -3.0407 -0.0021 0.0083 132 nissan_patrol
Car 1.00 1.00 0 0 0 0 0 0 0 0 -1000.00 -1000.00 -1000.00 -1000.00 1.9476 2.0282 4.8347 -33.4359 2.1238 -73.0487 0.0185 -0.0003 0.0000 133 nissan_patrol
Car 1.00 1.00 0 0 0 0 0 0 0 0 -1000.00 -1000.00 -1000.00 -1000.00 1.9476 2.0282 4.8347 25.5135 -6.7586 -271.8533 0.0123 -0.1010 0.0002 134 nissan_patrol
Car 0.70 0.00 8094 21883 35030 254544 0 2298 0 0 0.00 432.23 1115.57 718.90 1.7506 2.3538 4.8416 -3.4684 2.0767 -3.9271 1.5734 0.0000 -0.0000 135 bmw_grandtourer
Car 1.00 1.00 0 0 0 0 0 0 0 0 -1000.00 -1000.00 -1000.00 -1000.00 1.9476 2.0282 4.8347 15.5698 2.1236 -155.8713 -3.1280 -0.0003 -0.0000 136 nissan_patrol
Car 1.00 1.00 0 0 0 0 0 0 0 0 -1000.00 -1000.00 -1000.00 -1000.00 1.7203 2.2019 5.4994 51.7868 2.1387 -71.6991 0.0260 -0.0001 0.0007 137 chargercop2020_chargercop2020
Car 1.00 1.00 22 23 35 281 9 0 0 0 -1000.00 -1000.00 -1000.00 -1000.00 2.5908 2.7453 5.4640 17.4113 2.1595 -68.6434 -3.1239 -0.0000 -0.0000 138 carlamotors_carlacola
Car 1.00 1.00 0 0 0 0 0 0 0 0 -1000.00 -1000.00 -1000.00 -1000.00 1.5863 2.2347 5.1468 116.5288 2.1367 18.0220 0.0141 0.0000 -0.0000 139 lincoln_mkz2017
Car 1.00 1.00 0 0 0 0 0 0 0 0 -1000.00 -1000.00 -1000.00 -1000.00 1.9718 2.0005 4.0595 198.5584 2.1395 -68.9606 0.0203 -0.0004 -0.0001 140 jeep_wrangler_rubicon
Car 1.00 1.00 0 0 0 0 0 0 0 0 -1000.00 -1000.00 -1000.00 -1000.00 1.6011 2.1072 4.7392 72.9907 2.1361 -191.9897 -1.5626 -0.0000 -0.0000 141 toyota_prius
Car 1.00 1.00 0 0 0 0 0 0 0 0 -1000.00 -1000.00 -1000.00 -1000.00 1.7318 2.1344 5.0985 134.4608 2.0954 -44.3584 -1.5554 -0.0000 -0.0000 142 audi_etron
Car 0.00 1.00 0 0 0 0 0 0 0 0 620.35 359.64 673.21 374.42 2.2031 2.5091 6.5872 -85.1587 2.1516 -49.7168 -1.5565 -0.0008 -0.0000 143 tesla_cybertruck
Car 1.00 1.00 0 0 0 0 0 0 0 0 -1000.00 -1000.00 -1000.00 -1000.00 1.5765 1.9374 3.8150 72.6167 2.1232 -138.7884 -1.5631 -0.0027 -0.0000 144 nissan_micra
Car 1.00 1.00 0 0 0 1 0 0 0 0 -1000.00 -1000.00 -1000.00 -1000.00 1.4546 2.0938 4.3903 1.8963 2.0866 -101.8727 1.5909 0.0000 -0.0000 145 audi_tt
Car 0.00 1.00 0 0 0 0 0 0 0 0 576.25 361.67 595.33 365.69 1.4812 2.1349 5.6254 -207.1602 2.1041 -141.3889 -1.5539 -0.0001 0.0000 146 chevrolet_impala
Car 0.00 0.62 0 0 1 42 0 0 0 0 1617.14 359.63 1684.45 375.29 2.2031 2.5091 6.5872 -80.3162 2.1516 96.4989 1.5856 -0.0000 -0.0000 147 tesla_cybertruck
Car 0.00 1.00 0 0 0 0 0 0 0 0 300.29 361.58 364.32 381.65 1.9718 2.0005 4.0595 -57.8696 2.1397 -66.4875 -3.1240 -0.0004 -0.0001 148 jeep_wrangler_rubicon
Car 0.00 1.00 0 0 0 0 0 0 0 0 563.28 364.81 603.39 373.70 1.3660 1.9896 4.9534 -88.4679 2.1344 -61.6217 -1.5546 -0.0003 0.0000 149 mustang_mustang
Car 1.00 1.00 0 0 0 0 0 0 0 0 -1000.00 -1000.00 -1000.00 -1000.00 1.3660 1.9896 4.9534 68.9151 2.1342 -122.8181 -1.5734 -0.0002 0.0000 150 mustang_mustang
Car 0.00 1.00 0 0 0 0 0 0 0 0 877.49 357.01 917.17 375.00 2.5908 2.7453 5.4640 -82.2796 2.1597 -11.3793 1.5503 0.0000 -0.0000 151 carlamotors_carlacola
Car 1.00 1.00 0 0 0 0 0 0 0 0 -1000.00 -1000.00 -1000.00 -1000.00 1.5863 2.2347 5.1468 116.0206 2.0815 70.2504 -0.4927 -0.0005 -0.0043 152 lincoln_mkz2017
Car 0.00 1.00 0 0 0 0 0 0 0 0 519.39 360.82 534.33 364.69 1.7506 2.3538 4.8416 -254.3500 2.1319 -200.1794 -1.3168 -0.0001 0.0017 153 bmw_grandtourer
Cyclist 1.00 1.00 0 0 0 0 0 0 0 0 -1000.00 -1000.00 -1000.00 -1000.00 1.9709 0.6705 1.7250 79.8701 2.1222 -177.5356 1.5790 0.0050 0.0000 154 diamondback_century
Cyclist 0.00 1.00 0 0 0 0 0 0 0 0 714.99 360.54 719.65 366.91 1.9311 0.5921 1.9272 -170.2419 2.0972 -76.3192 0.0110 -0.0041 -0.0000 155 gazelle_omafiets
Motorcycle 1.00 1.00 0 0 0 0 0 0 0 0 -1000.00 -1000.00 -1000.00 -1000.00 1.6960 1.0692 2.4735 120.4014 2.1236 -161.4710 0.0143 0.0030 -0.0000 156 harley_davidson_low_rider
Car 0.00 1.00 0 0 0 0 0 0 0 0 1524.78 360.06 1571.48 374.61 2.1397 2.1728 4.7045 -83.6724 2.1488 85.4042 1.5870 0.0000 -0.0000 157 volkswagen_t2
Car 1.00 1.00 0 0 0 0 0 0 0 0 -1000.00 -1000.00 -1000.00 -1000.00 1.5488 2.0688 3.9961 -70.5008 2.1347 -262.7714 -3.1223 -0.0004 -0.0001 158 mini_cooperst
Cyclist 1.00 1.00 0 0 0 0 0 0 0 0 -1000.00 -1000.00 -1000.00 -1000.00 1.9311 0.5921 1.9272 38.7855 2.1137 -162.5375 -0.0079 -0.0029 -0.0000 159 gazelle_omafiets
Car 1.00 1.00 68 73 120 487 23 0 0 0 -1000.00 -1000.00 -1000.00 -1000.00 1.4812 2.1349 5.6254 -10.0870 2.0877 -47.7374 -1.5615 -0.0009 0.0001 160 chevrolet_impala
Car 1.00 1.00 0 0 0 0 0 0 0 0 -1000.00 -1000.00 -1000.00 -1000.00 1.7173 2.2591 5.2781 41.7876 -7.7693 -274.9358 0.0141 -0.0369 -0.0003 161 mercedes_benz_coupe
Car 0.00 1.00 0 0 0 0 0 0 0 0 488.29 360.53 509.99 368.09 1.9718 2.0005 4.0595 -149.9828 2.1383 -126.0783 1.6431 0.0037 -0.0079 162 jeep_wrangler_rubicon
Car 1.00 1.00 0 0 0 0 0 0 0 0 -1000.00 -1000.00 -1000.00 -1000.00 1.7506 2.3538 4.8416 71.8938 2.1322 58.5648 1.5949 0.0000 -0.0000 163 bmw_grandtourer
Car 1.00 1.00 0 0 0 0 0 0 0 0 -1000.00 -1000.00 -1000.00 -1000.00 1.6115 2.2019 5.2564 137.3930 2.0807 -7.6141 1.6234 -0.0001 0.0006 164 charger2020_charger2020
Car 1.00 1.00 0 0 0 0 0 0 0 0 -1000.00 -1000.00 -1000.00 -1000.00 1.6244 1.8781 3.8906 73.5182 2.1333 -9.5582 1.5915 -0.0005 -0.0011 165 audi_a2
Car 1.00 1.00 0 0 0 0 0 0 0 0 -1000.00 -1000.00 -1000.00 -1000.00 1.5475 1.9070 4.4025 83.4579 -6.4016 124.2872 0.0001 -0.0112 -0.0015 166 seat_leon
Car 0.00 1.00 0 0 0 0 0 0 0 0 632.93 361.21 643.98 364.77 1.5765 1.9374 3.8150 -248.8580 2.1224 -146.0024 1.5864 -0.0003 -0.0008 167 nissan_micra
Car 0.00 1.00 0 0 0 0 0 0 0 0 1602.88 363.03 1648.11 372.59 1.5863 2.2347 5.1468 -98.1200 2.1371 114.2175 -0.1586 0.0000 -0.0022 168 lincoln_mkz2017
Car 1.00 1.00 0 0 0 0 0 0 0 0 -1000.00 -1000.00 -1000.00 -1000.00 1.7506 2.3538 4.8416 -21.7045 2.1319 -163.4169 0.0138 -0.0000 -0.0000 169 bmw_grandtourer
Car 1.00 1.00 0 0 0 0 0 0 0 0 -1000.00 -1000.00 -1000.00 -1000.00 1.4812 2.1349 5.6254 44.8763 2.1427 -71.6694 0.0177 0.0000 -0.0000 170 chevrolet_impala
Car 1.00 1.00 0 0 0 0 0 0 0 0 -1000.00 -1000.00 -1000.00 -1000.00 1.4812 2.1349 5.6254 169.6191 2.1405 -157.7850 -3.1116 0.0028 -0.0048 171 chevrolet_impala
Car 1.00 1.00 0 0 0 0 0 0 0 0 -1000.00 -1000.00 -1000.00 -1000.00 1.6011 2.1072 4.7392 134.5542 2.0808 -50.3371 -1.5552 -0.0000 -0.0000 172 toyota_prius
Car 1.00 1.00 0 8 12 51 8 0 0 0 -1000.00 -1000.00 -1000.00 -1000.00 1.6115 2.2019 5.2564 6.3718 2.1169 -160.0905 -2.9022 -0.0020 0.0023 173 charger2020_charger2020
Car 0.00 1.00 0 0 0 0 0 0 0 0 626.28 363.66 661.10 373.69 1.5475 1.9070 4.4025 -88.6211 2.1356 -52.1933 -1.5557 -0.0012 -0.0000 174 seat_leon
Car 1.00 1.00 0 0 0 0 0 0 0 0 -1000.00 -1000.00 -1000.00 -1000.00 2.5908 2.7453 5.4640 -80.2272 2.1637 -199.7080 1.8024 -0.0055 0.0018 175 carlamotors_carlacola
Car 1.00 1.00 0 0 0 0 0 0 0 0 -1000.00 -1000.00 -1000.00 -1000.00 1.4812 2.1349 5.6254 114.2879 2.1420 -161.5381 0.1782 0.0008 -0.0012 176 chevrolet_impala
Car 1.00 1.00 0 0 0 0 0 0 0 0 -1000.00 -1000.00 -1000.00 -1000.00 1.9718 2.0005 4.0595 -4.5827 -3.0267 -276.5984 -0.0935 -0.1270 0.0126 177 jeep_wrangler_rubicon
Car 0.00 1.00 0 0 0 0 0 0 0 0 51.19 362.91 98.21 374.38 1.6980 1.9434 4.1871 -84.7803 2.1443 -135.9682 -1.6092 0.0004 -0.0000 178 citroen_c3
Car 1.00 1.00 14 18 19 97 22 0 0 0 -1000.00 -1000.00 -1000.00 -1000.00 1.5488 2.0688 3.9961 1.6287 2.0796 -88.9907 1.5917 0.0000 -0.0000 179 mini_cooperst
Motorcycle 1.00 1.00 0 0 0 0 0 0 0 0 -1000.00 -1000.00 -1000.00 -1000.00 1.6960 1.0692 2.4735 79.2527 2.1239 -103.2568 1.5778 0.0041 0.0000 180 harley_davidson_low_rider
Car 1.00 1.00 0 0 0 0 0 0 0 0 -1000.00 -1000.00 -1000.00 -1000.00 1.4477 1.5550 2.3177 139.4588 2.1053 18.3321 0.0139 -0.0030 0.0028 181 bmw_isetta
Cyclist 1.00 1.00 0 0 0 0 0 0 0 0 -1000.00 -1000.00 -1000.00 -1000.00 1.7065 0.8593 1.4873 79.2174 2.0920 -91.3081 1.5897 0.0000 -0.0000 182 bh_crossbike
Car 1.00 1.00 0 0 0 0 0 0 0 0 -1000.00 -1000.00 -1000.00 -1000.00 1.6011 2.1072 4.7392 71.9578 -7.8860 -274.7365 0.0132 0.0001 0.0000 183 toyota_prius
Car 1.00 1.00 0 0 0 0 0 0 0 0 -1000.00 -1000.00 -1000.00 -1000.00 1.5488 2.0688 3.9961 -81.8476 2.1350 -178.8000 1.5591 -0.0000 -0.0000 184 mini_cooperst
Car 0.00 1.00 0 0 0 0 0 0 0 0 9.58 362.79 57.01 373.73 1.6980 1.9434 4.1871 -88.6709 2.1448 -148.7230 -1.5584 -0.0006 0.0000 185 citroen_c3
Car 1.00 1.00 0 0 0 0 0 0 0 0 -1000.00 -1000.00 -1000.00 -1000.00 1.5765 1.9374 3.8150 143.9445 2.0665 -172.4520 1.5222 0.0000 -0.0000 186 nissan_micra
Car 1.00 1.00 0 0 0 0 0 0 0 0 -1000.00 -1000.00 -1000.00 -1000.00 1.7506 2.3538 4.8416 79.1928 2.1319 -96.5108 1.5790 -0.0000 -0.0000 187 bmw_grandtourer
Car 1.00 1.00 0 0 0 0 0 0 0 0 -1000.00 -1000.00 -1000.00 -1000.00 1.5488 2.0688 3.9961 47.6486 2.1349 -165.9683 0.0139 0.0000 -0.0000 188 mini_cooperst
Car 0.00 1.00 0 0 0 0 0 0 0 0 554.04 363.82 590.07 374.28 1.5488 2.0688 3.9961 -84.9788 2.1350 -60.9611 -1.5548 -0.0003 0.0000 189 mini_cooperst
Car 1.00 1.00 0 0 0 0 0 0 0 0 -1000.00 -1000.00 -1000.00 -1000.00 1.6011 2.1072 4.7392 199.8677 2.1362 -72.4258 0.0178 0.0000 -0.0000 190 toyota_prius
Car 1.00 1.00 0 0 0 0 0 0 0 0 -1000.00 -1000.00 -1000.00 -1000.00 1.3660 1.9896 4.9534 76.8685 2.1343 -2.4006 1.5950 0.0000 -0.0000 191 mustang_mustang
Car 0.00 1.00 0 0 0 0 0 0 0 0 577.89 360.36 591.24 364.55 1.9476 2.0282 4.8347 -261.2164 2.1236 -178.4683 -1.5250 0.0000 0.0026 192 nissan_patrol
Pedestrian 0.00 1.00 0 0 0 0 0 0 0 0 673.84 360.07 675.91 364.02 1.9158 0.4880 0.7507 -270.2834 1.9516 -140.7483 1.5441 0.0000 -0.0000 193 pedestrian_0019
Pedestrian 0.00 1.00 0 0 0 0 0 0 0 0 504.19 362.02 506.88 365.00 1.1330 0.4333 0.6667 -211.9421 1.9023 -175.1740 -1.5089 0.0000 -0.0000 194 pedestrian_0010
Pedestrian 1.00 1.00 0 0 0 0 0 0 0 0 -1000.00 -1000.00 -1000.00 -1000.00 1.9158 0.4880 0.7507 126.4618 2.1022 -162.5614 1.4099 0.0000 -0.0000 195 pedestrian_0005
Pedestrian 1.00 1.00 0 0 0 0 0 0 0 0 -1000.00 -1000.00 -1000.00 -1000.00 1.9158 0.4880 0.5997 127.9784 1.8944 -142.5793 -1.5971 0.0000 -0.0000 196 pedestrian_0003
Pedestrian 1.00 1.00 0 0 0 0 0 0 0 0 -1000.00 -1000.00 -1000.00 -1000.00 1.9158 0.4880 0.7507 165.6221 -8.0503 -94.1588 1.5853 0.0000 -0.0000 197 pedestrian_0021
Pedestrian 0.00 1.00 0 0 0 0 0 0 0 0 1210.72 360.08 1212.92 364.55 1.9158 0.4880 0.7507 -239.3214 1.9507 106.0214 0.8467 0.0000 -0.0000 198 pedestrian_0003
Pedestrian 0.00 1.00 0 0 0 0 0 0 0 0 375.16 360.08 376.82 364.57 1.9158 0.4880 0.4808 -237.8907 1.9519 -251.8116 -0.7735 0.0000 -0.0000 199 pedestrian_0004
Pedestrian 1.00 1.00 0 0 0 0 0 0 0 0 -1000.00 -1000.00 -1000.00 -1000.00 1.9158 0.4880 0.4764 126.9621 1.8946 -40.9258 1.5158 0.0000 -0.0000 200 pedestrian_0022
Pedestrian 1.00 1.00 0 0 0 0 0 0 0 0 -1000.00 -1000.00 -1000.00 -1000.00 1.3390 0.3253 0.4511 -86.0870 2.0940 -174.1722 0.0458 0.0000 -0.0000 201 pedestrian_0014
Pedestrian 1.00 1.00 0 0 0 0 0 0 0 0 -1000.00 -1000.00 -1000.00 -1000.00 1.9158 0.4880 0.4678 46.1663 1.9381 0.7922 -0.4632 0.0000 -0.0000 202 pedestrian_0022
Pedestrian 1.00 1.00 1 2 3 0 0 0 0 0 -1000.00 -1000.00 -1000.00 -1000.00 1.9158 0.4880 0.5871 16.0948 1.9061 -55.5873 -3.0764 0.0000 -0.0000 203 pedestrian_0023
Pedestrian 1.00 1.00 0 0 0 2 0 0 0 0 -1000.00 -1000.00 -1000.00 -1000.00 1.3390 0.3253 0.2502 4.9345 1.8862 -84.2511 1.7828 0.0000 -0.0000 204 pedestrian_0012
Pedestrian 1.00 1.00 0 0 0 1 0 0 0 0 -1000.00 -1000.00 -1000.00 -1000.00 1.9158 0.4880 0.7507 -14.4170 1.8955 -147.5143 1.7762 0.0000 -0.0000 205 pedestrian_0019
Pedestrian 1.00 1.00 17 19 31 347 0 0 2 0 -1000.00 -1000.00 -1000.00 -1000.00 1.9158 0.4880 0.6995 -10.7969 2.0473 28.9540 -2.9397 0.0000 -0.0000 206 pedestrian_0005
Pedestrian 1.00 1.00 0 0 0 0 0 0 0 0 -1000.00 -1000.00 -1000.00 -1000.00 1.9158 0.4880 0.7507 127.5116 2.0805 -73.3090 -1.5945 0.0000 -0.0000 207 pedestrian_0026
Pedestrian 1.00 1.00 0 0 0 0 0 0 0 0 -1000.00 -1000.00 -1000.00 -1000.00 1.9158 0.4880 0.7507 -66.5593 1.9476 -123.3824 -0.0224 0.0000 -0.0000 208 pedestrian_0015
Pedestrian 0.00 1.00 0 0 0 0 0 0 0 0 1874.21 363.77 1879.66 372.19 1.3390 0.3253 0.3276 -89.5076 1.9422 144.1242 -0.0183 0.0000 -0.0000 209 pedestrian_0014
Pedestrian 0.00 1.00 0 0 0 0 0 0 0 0 1809.12 360.20 1818.28 371.40 1.9158 0.4880 0.7084 -96.2070 1.9506 144.3476 0.0636 0.0000 -0.0000 210 pedestrian_0016
Pedestrian 1.00 1.00 2 3 5 70 0 0 0 0 -1000.00 -1000.00 -1000.00 -1000.00 1.3390 0.3253 0.5005 40.2561 1.9419 27.7259 -3.1180 0.0000 -0.0000 211 pedestrian_0012
Pedestrian 1.00 1.00 0 0 0 0 0 0 0 0 -1000.00 -1000.00 -1000.00 -1000.00 1.1330 0.4333 0.6667 62.8665 1.9387 -95.8974 1.6063 0.0000 -0.0000 212 pedestrian_0009
Pedestrian 1.00 1.00 0 0 0 0 0 0 0 0 -1000.00 -1000.00 -1000.00 -1000.00 1.1330 0.4333 0.6667 144.4744 1.8856 -20.7113 1.5635 0.0000 -0.0000 213 pedestrian_0010
Pedestrian 0.00 1.00 0 0 0 0 0 0 0 0 839.33 360.07 841.04 363.99 1.9158 0.4880 0.7507 -272.1144 1.9504 -60.8397 -1.5142 0.0000 -0.0000 214 pedestrian_0021
Pedestrian 0.00 0.98 0 2 2 2 0 0 0 0 1181.37 360.20 1187.03 371.57 1.9158 0.4880 0.7507 -94.6577 1.9490 35.6300 -1.5243 0.0000 -0.0000 215 pedestrian_0018
Pedestrian 0.00 1.00 0 0 0 0 0 0 0 0 571.13 360.08 572.80 364.07 1.9158 0.4880 0.4928 -267.3243 1.9526 -188.6695 -1.4185 0.0000 -0.0000 216 pedestrian_0020
Pedestrian 1.00 1.00 0 0 0 0 0 0 0 0 -1000.00 -1000.00 -1000.00 -1000.00 1.9158 0.4880 0.7507 128.3968 1.8945 -109.7466 1.6168 0.0000 -0.0000 217 pedestrian_0017
Pedestrian 1.00 1.00 0 0 0 0 0 0 0 0 -1000.00 -1000.00 -1000.00 -1000.00 1.9158 0.4880 0.7507 -57.1513 1.9500 -171.3909 -3.1249 0.0000 -0.0000 218 pedestrian_0007
Pedestrian 0.00 1.00 0 0 0 0 0 0 0 0 745.18 363.07 747.88 367.40 1.1330 0.4333 0.5347 -146.4069 1.9389 -58.2293 1.5475 0.0000 -0.0000 219 pedestrian_0010
Pedestrian 1.00 1.00 0 1 3 33 0 0 0 0 -1000.00 -1000.00 -1000.00 -1000.00 1.9158 0.4880 0.5223 64.8276 2.1027 29.7689 -2.9869 0.0000 -0.0000 220 pedestrian_0023
Pedestrian 1.00 1.00 0 0 0 0 0 0 0 0 -1000.00 -1000.00 -1000.00 -1000.00 1.9158 0.4880 0.5235 80.3565 1.8943 -219.3116 -3.1358 0.0000 -0.0000 221 pedestrian_0024
Pedestrian 0.00 1.00 0 0 0 0 0 0 0 0 568.34 362.18 570.27 365.40 1.1330 0.4333 0.3774 -196.7991 1.9055 -140.2342 -1.5690 0.0000 -0.0000 222 pedestrian_0011
Pedestrian 0.00 1.00 0 0 0 0 0 0 0 0 700.69 360.08 701.93 364.03 1.9158 0.4880 0.3899 -269.7959 1.9529 -127.6795 -1.5172 0.0000 -0.0000 223 pedestrian_0016
Pedestrian 1.00 1.00 0 0 0 0 0 0 0 0 -1000.00 -1000.00 -1000.00 -1000.00 1.9158 0.4880 0.4591 113.6604 -8.0674 -282.3044 0.1665 0.0000 -0.0000 224 pedestrian_0017
Pedestrian 1.00 1.00 0 0 0 0 0 0 0 0 -1000.00 -1000.00 -1000.00 -1000.00 1.9158 0.4880 0.7507 165.8806 -8.0501 -113.1224 1.5733 0.0000 -0.0000 225 pedestrian_0001
Pedestrian 0.00 1.00 0 0 0 0 0 0 0 0 734.49 360.05 737.17 365.44 1.9158 0.4880 0.7507 -198.2069 1.9333 -81.9861 -1.6194 0.0000 -0.0000 226 pedestrian_0003
Pedestrian 0.00 1.00 0 0 0 0 0 0 0 0 640.29 360.13 643.01 367.46 1.9158 0.4880 0.6123 -146.2327 1.9502 -85.6391 -1.0375 0.0000 -0.0000 227 pedestrian_0007
Pedestrian 1.00 1.00 0 0 0 0 0 0 0 0 -1000.00 -1000.00 -1000.00 -1000.00 1.1330 0.4333 0.6415 126.9007 1.8832 -55.6056 1.4821 0.0000 -0.0000 228 pedestrian_0010
Pedestrian 0.00 1.00 0 0 0 0 0 0 0 0 607.21 366.37 613.81 375.46 1.1330 0.4333 0.5702 -70.8375 1.9388 -46.2542 1.2963 0.0000 -0.0000 229 pedestrian_0010
Pedestrian 1.00 1.00 13 17 30 1155 5 0 0 2 -1000.00 -1000.00 -1000.00 -1000.00 1.3390 0.3253 0.2914 13.7300 1.8968 -19.0174 -0.8355 0.0000 -0.0000 230 pedestrian_0013
Pedestrian 1.00 1.00 0 0 0 0 0 0 0 0 -1000.00 -1000.00 -1000.00 -1000.00 1.3390 0.3253 0.4591 189.3631 1.9436 -76.6461 3.1352 0.0000 -0.0000 231 pedestrian_0013
Pedestrian 1.00 1.00 0 0 0 0 0 0 0 0 -1000.00 -1000.00 -1000.00 -1000.00 1.9158 0.4880 0.7507 62.6514 2.1023 -157.1740 -1.5557 0.0000 -0.0000 232 pedestrian_0020
Pedestrian 1.00 1.00 0 0 0 0 0 0 0 0 -1000.00 -1000.00 -1000.00 -1000.00 1.9158 0.4880 0.6896 113.1325 1.8949 86.1353 -0.3057 0.0000 -0.0000 233 pedestrian_0021
Pedestrian 0.00 1.00 0 0 0 0 0 0 0 0 853.47 362.14 854.99 365.30 1.1330 0.4333 0.4562 -200.3709 1.9031 -40.2795 -1.5986 0.0000 -0.0000 234 pedestrian_0009
Pedestrian 1.00 1.00 0 0 0 0 0 0 0 0 -1000.00 -1000.00 -1000.00 -1000.00 1.9158 0.4880 0.5026 224.4251 1.9500 -15.0731 -1.5444 0.0000 -0.0000 235 pedestrian_0006
Pedestrian 0.00 1.00 0 0 0 0 0 0 0 0 507.30 367.15 513.85 375.71 1.1330 0.4333 0.5435 -75.0890 2.0912 -62.2862 3.1350 0.0000 -0.0000 236 pedestrian_0009
Pedestrian 0.00 1.00 0 0 0 0 0 0 0 0 350.60 360.71 357.86 375.28 1.9158 0.4880 0.4456 -74.1902 2.0094 -82.1931 0.2973 0.0000 -0.0000 237 pedestrian_0026
Pedestrian 1.00 1.00 7 11 18 131 0 0 1 0 -1000.00 -1000.00 -1000.00 -1000.00 1.9158 0.4880 0.5561 7.1296 1.8949 47.1279 -1.9422 0.0000 -0.0000 238 pedestrian_0021
Pedestrian 1.00 1.00 0 0 0 0 0 0 0 0 -1000.00 -1000.00 -1000.00 -1000.00 1.3390 0.3253 0.5005 58.6629 1.9417 -51.4247 1.5883 0.0000 -0.0000 239 pedestrian_0012
Pedestrian 1.00 1.00 0 0 0 0 0 0 0 0 -1000.00 -1000.00 -1000.00 -1000.00 1.9158 0.4880 0.7507 -114.2374 1.9501 -288.1028 0.0227 0.0000 -0.0000 240 pedestrian_0020
Pedestrian 1.00 1.00 0 0 0 0 0 0 0 0 -1000.00 -1000.00 -1000.00 -1000.00 1.1330 0.4333 0.6667 200.9371 -8.0597 -42.2401 -1.5606 0.0000 -0.0000 241 pedestrian_0011
Pedestrian 1.00 1.00 0 0 0 0 0 0 0 0 -1000.00 -1000.00 -1000.00 -1000.00 1.9158 0.4880 0.6335 29.4080 1.9499 -171.5438 3.1274 0.0000 -0.0000 242 pedestrian_0002
Pedestrian 1.00 1.00 0 0 0 0 0 0 0 0 -1000.00 -1000.00 -1000.00 -1000.00 1.3390 0.3253 0.3707 126.5628 1.8861 -86.6995 1.5123 0.0000 -0.0000 243 pedestrian_0014
Pedestrian 1.00 1.00 0 0 0 0 0 0 0 0 -1000.00 -1000.00 -1000.00 -1000.00 1.9158 0.4880 0.7471 52.1453 1.9451 -15.9926 -2.5280 0.0000 -0.0000 244 pedestrian_0006
Pedestrian 1.00 1.00 0 0 0 0 0 0 0 0 -1000.00 -1000.00 -1000.00 -1000.00 1.9158 0.4880 0.6637 200.9248 -8.0501 -67.6502 -1.5537 0.0000 -0.0000 245 pedestrian_0020
Pedestrian 1.00 1.00 0 0 0 0 0 0 0 0 -1000.00 -1000.00 -1000.00 -1000.00 1.9158 0.4880 0.7507 -39.0487 1.9501 -79.8343 0.0449 0.0000 -0.0000 246 pedestrian_0022
Pedestrian 1.00 1.00 0 0 0 0 0 0 0 0 -1000.00 -1000.00 -1000.00 -1000.00 1.9158 0.4880 0.6884 -74.3345 1.9500 -188.0541 1.5619 0.0000 -0.0000 247 pedestrian_0002
Pedestrian 1.00 1.00 0 0 0 0 0 0 0 0 -1000.00 -1000.00 -1000.00 -1000.00 1.9158 0.4880 0.7058 145.9352 1.8941 -85.5427 1.5587 0.0000 -0.0000 248 pedestrian_0022
Pedestrian 0.00 1.00 0 0 0 0 0 0 0 0 913.28 360.19 921.16 377.68 1.9158 0.4880 0.7507 -62.1142 1.9371 -6.9552 1.9649 0.0000 -0.0000 249 pedestrian_0006
Pedestrian 1.00 1.00 0 0 0 0 0 0 0 0 -1000.00 -1000.00 -1000.00 -1000.00 1.9158 0.4880 0.4890 79.8909 2.1023 -169.6153 3.0949 0.0000 -0.0000 250 pedestrian_0019
Pedestrian 0.00 1.00 0 0 0 0 0 0 0 0 927.41 360.21 932.16 371.85 1.9158 0.4880 0.7507 -92.4857 1.9503 -7.2241 -1.5863 0.0000 -0.0000 251 pedestrian_0018
Pedestrian 0.00 1.00 0 0 0 0 0 0 0 0 733.99 360.08 735.94 364.02 1.9158 0.4880 0.7507 -270.4353 1.9529 -111.6184 -1.5558 0.0000 -0.0000 252 pedestrian_0007
Pedestrian 1.00 1.00 0 0 0 0 0 0 0 0 -1000.00 -1000.00 -1000.00 -1000.00 1.9158 0.4880 0.6311 61.8630 1.9499 -135.0487 1.5994 0.0000 -0.0000 253 pedestrian_0008
Pedestrian 0.00 1.00 0 0 0 0 0 0 0 0 1148.64 360.08 1150.00 364.26 1.9158 0.4880 0.5207 -255.4506 1.9507 84.6627 -2.0626 0.0000 -0.0000 254 pedestrian_0022
Pedestrian 0.00 1.00 0 0 0 0 0 0 0 0 1460.07 360.12 1463.21 366.79 1.9158 0.4880 0.4595 -160.5180 1.9507 142.1022 0.0257 0.0000 -0.0000 255 pedestrian_0024
Pedestrian 1.00 1.00 0 0 0 0 0 0 0 0 -1000.00 -1000.00 -1000.00 -1000.00 1.1330 0.4333 0.3651 207.5680 1.9394 -54.3368 -1.9217 0.0000 -0.0000 256 pedestrian_0011
Pedestrian 0.00 1.00 0 0 0 0 0 0 0 0 548.48 360.13 552.76 367.51 1.9158 0.4880 0.7507 -145.1797 1.9502 -108.7066 -1.5279 0.0000 -0.0000 257 pedestrian_0006
Pedestrian 1.00 1.00 0 0 0 0 0 0 0 0 -1000.00 -1000.00 -1000.00 -1000.00 1.9158 0.4880 0.4332 150.3127 1.9498 -150.8247 -3.1077 0.0000 -0.0000 258 pedestrian_0005
Pedestrian 1.00 1.00 0 0 0 0 0 0 0 0 -1000.00 -1000.00 -1000.00 -1000.00 1.9158 0.4880 0.7507 50.0627 1.9448 -16.8735 -2.6632 0.0000 -0.0000 259 pedestrian_0003
Pedestrian 1.00 1.00 0 0 0 0 0 0 0 0 -1000.00 -1000.00 -1000.00 -1000.00 1.9158 0.4880 0.7251 166.0780 -8.0502 -107.1555 1.5718 0.0000 -0.0000 260 pedestrian_0001
Pedestrian 1.00 1.00 0 0 0 0 0 0 0 0 -1000.00 -1000.00 -1000.00 -1000.00 1.3390 0.3253 0.5005 62.5001 2.0939 -152.3535 -1.6698 0.0000 -0.0000 261 pedestrian_0014
Pedestrian 0.00 1.00 0 0 0 0 0 0 0 0 143.71 360.43 164.72 386.20 1.9158 0.4880 0.7507 -42.6265 1.9481 -62.6997 -3.0994 0.0000 -0.0000 262 pedestrian_0020
Pedestrian 0.00 1.00 0 0 0 0 0 0 0 0 986.15 360.00 987.84 364.94 1.9158 0.4880 0.6221 -216.0071 1.9146 8.2295 -1.5555 0.0000 -0.0000 263 pedestrian_0025
Pedestrian 1.00 1.00 0 0 0 0 0 0 0 0 -1000.00 -1000.00 -1000.00 -1000.00 1.9158 0.4880 0.7507 57.9039 1.9502 -0.8895 -1.5383 0.0000 -0.0000 264 pedestrian_0026
Pedestrian 1.00 1.00 0 0 0 0 0 0 0 0 -1000.00 -1000.00 -1000.00 -1000.00 1.9158 0.4880 0.7507 -159.5145 1.9499 -288.5140 3.0441 0.0000 -0.0000 265 pedestrian_0025
Pedestrian 1.00 1.00 0 0 0 0 0 0 0 0 -1000.00 -1000.00 -1000.00 -1000.00 1.3390 0.3253 0.4014 60.7272 1.8873 -200.6877 3.1174 0.0000 -0.0000 266 pedestrian_0013
Pedestrian 1.00 1.00 0 0 0 0 0 0 0 0 -1000.00 -1000.00 -1000.00 -1000.00 1.9158 0.4880 0.3779 87.1560 1.9499 -173.8844 1.0604 0.0000 -0.0000 267 pedestrian_0015
Pedestrian 1.00 1.00 0 0 0 0 0 0 0 0 -1000.00 -1000.00 -1000.00 -1000.00 1.9158 0.4880 0.3906 126.0480 1.8944 -145.1874 2.9702 0.0000 -0.0000 268 pedestrian_0021
Pedestrian 1.00 1.00 0 0 0 0 0 0 0 0 -1000.00 -1000.00 -1000.00 -1000.00 1.1330 0.4333 0.4001 -61.8108 1.9370 144.2442 3.1095 0.0000 -0.0000 269 pedestrian_0010
Pedestrian 1.00 1.00 10 15 29 202 3 0 0 0 -1000.00 -1000.00 -1000.00 -1000.00 1.9158 0.4880 0.4992 -14.5636 1.8983 -31.5092 1.5400 0.0000 -0.0000 270 pedestrian_0023
Pedestrian 1.00 1.00 5 5 8 96 0 0 3 0 -1000.00 -1000.00 -1000.00 -1000.00 1.3390 0.3253 0.5005 8.5881 1.9065 41.7709 -1.8178 0.0000 -0.0000 271 pedestrian_0013
Pedestrian 0.00 1.00 0 0 0 0 0 0 0 0 147.77 360.10 150.84 365.67 1.9158 0.4880 0.5000 -191.9544 1.9511 -281.4926 -0.3698 0.0000 -0.0000 272 pedestrian_0016
Pedestrian 0.00 1.00 0 0 0 0 0 0 0 0 1360.05 362.81 1363.43 369.48 1.3390 0.3253 0.5005 -112.7513 1.9067 78.7345 -0.0213 0.0000 -0.0000 273 pedestrian_0014
Pedestrian 0.00 1.00 0 0 0 0 0 0 0 0 122.77 360.19 130.50 370.86 1.9158 0.4880 0.6018 -100.8985 1.9501 -152.3909 0.0070 0.0000 -0.0000 274 pedestrian_0019
Pedestrian 1.00 1.00 0 0 0 0 0 0 0 0 -1000.00 -1000.00 -1000.00 -1000.00 1.3390 0.3253 0.4984 3.2035 2.0442 -171.5672 -3.1375 0.0000 -0.0000 275 pedestrian_0013
Pedestrian 1.00 1.00 0 0 0 1 0 0 0 0 -1000.00 -1000.00 -1000.00 -1000.00 1.9158 0.4880 0.5757 8.4991 1.8945 -171.6801 -3.0810 0.0000 -0.0000 276 pedestrian_0023
Pedestrian 1.00 1.00 0 0 0 0 0 0 0 0 -1000.00 -1000.00 -1000.00 -1000.00 1.1330 0.4333 0.6667 127.7175 2.0670 -72.0493 -1.5044 0.0000 -0.0000 277 pedestrian_0011
Pedestrian 1.00 1.00 0 0 0 0 0 0 0 0 -1000.00 -1000.00 -1000.00 -1000.00 1.3390 0.3253 0.5005 126.0147 2.0938 -164.9020 1.4817 0.0000 -0.0000 278 pedestrian_0012
Pedestrian 1.00 1.00 0 0 0 0 0 0 0 0 -1000.00 -1000.00 -1000.00 -1000.00 1.9158 0.4880 0.3956 -5.2901 -3.1673 -250.2361 -3.1394 0.0000 -0.0000 279 pedestrian_0015
Pedestrian 1.00 1.00 0 0 0 0 0 0 0 0 -1000.00 -1000.00 -1000.00 -1000.00 1.9158 0.4880 0.7507 126.2576 1.8948 36.0751 -1.3777 0.0000 -0.0000 280 pedestrian_0017
Pedestrian 1.00 1.00 0 0 0 0 0 0 0 0 -1000.00 -1000.00 -1000.00 -1000.00 1.9158 0.4880 0.7104 200.2489 -7.9847 22.5855 -1.5533 0.0000 -0.0000 281 pedestrian_0005
Pedestrian 1.00 1.00 0 0 0 0 0 0 0 0 -1000.00 -1000.00 -1000.00 -1000.00 1.1330 0.4333 0.3593 83.4263 2.0908 -198.2331 -2.9151 0.0000 -0.0000 282 pedestrian_0009
Pedestrian 1.00 1.00 0 0 0 0 0 0 0 0 -1000.00 -1000.00 -1000.00 -1000.00 1.1330 0.4333 0.6667 -94.1068 1.9385 -206.9551 1.5555 0.0000 -0.0000 283 pedestrian_0009
Pedestrian 1.00 1.00 0 0 0 0 0 0 0 0 -1000.00 -1000.00 -1000.00 -1000.00 1.1330 0.4333 0.4160 208.4138 1.9384 -119.4705 1.5682 0.0000 -0.0000 284 pedestrian_0009
Pedestrian 0.00 1.00 0 0 0 0 0 0 0 0 491.94 360.00 495.19 365.42 1.9158 0.4880 0.7507 -197.0855 1.9142 -167.2266 1.5107 0.0000 -0.0000 285 pedestrian_0024
Pedestrian 1.00 1.00 0 0 0 0 0 0 0 0 -1000.00 -1000.00 -1000.00 -1000.00 1.9158 0.4880 0.7507 127.6876 1.8964 -100.3489 -1.6970 0.0000 -0.0000 286 pedestrian_0023
Pedestrian 0.00 1.00 0 0 0 0 0 0 0 0 870.25 360.21 875.15 371.69 1.9158 0.4880 0.7507 -93.7907 1.9503 -16.8488 1.5930 0.0000 -0.0000 287 pedestrian_0015
Pedestrian 1.00 1.00 0 0 0 0 0 0 0 0 -1000.00 -1000.00 -1000.00 -1000.00 1.9158 0.4880 0.7507 9.4448 -5.0299 -250.6569 0.0598 0.0000 -0.0000 288 pedestrian_0025
Pedestrian 1.00 1.00 0 0 0 0 0 0 0 0 -1000.00 -1000.00 -1000.00 -1000.00 1.1330 0.4333 0.4457 162.7340 -7.3845 117.4173 2.2975 0.0000 -0.0000 289 pedestrian_0009
Pedestrian 0.00 1.00 0 0 0 0 0 0 0 0 580.90 360.13 585.04 367.48 1.9158 0.4880 0.7507 -145.8537 1.9502 -100.7521 -1.5294 0.0000 -0.0000 290 pedestrian_0019
Pedestrian 0.00 1.00 0 0 0 0 0 0 0 0 1126.15 360.00 1128.80 365.46 1.9158 0.4880 0.7507 -195.9860 1.9148 56.6653 0.7957 0.0000 -0.0000 291 pedestrian_0007
Pedestrian 0.00 1.00 0 0 0 0 0 0 0 0 925.16 360.07 926.73 363.99 1.9158 0.4880 0.7507 -272.5473 1.9505 -18.9226 -1.5411 0.0000 -0.0000 292 pedestrian_0021
Pedestrian 1.00 1.00 0 0 0 0 0 0 0 0 -1000.00 -1000.00 -1000.00 -1000.00 1.3390 0.3253 0.3988 99.2821 1.9418 8.6636 3.0938 0.0000 -0.0000 293 pedestrian_0014
Pedestrian 1.00 1.00 0 0 0 0 0 0 0 0 -1000.00 -1000.00 -1000.00 -1000.00 1.9158 0.4880 0.7475 26.9189 -5.2979 144.4990 0.0205 0.0000 -0.0000 294 pedestrian_0002
Pedestrian 1.00 1.00 184 200 327 4648 0 0 54 0 -1000.00 -1000.00 -1000.00 -1000.00 1.9158 0.4880 0.7507 2.1369 2.0472 8.2449 -0.0700 0.0000 -0.0000 295 pedestrian_0026
Pedestrian 1.00 1.00 106 114 164 1446 18 0 0 0 -1000.00 -1000.00 -1000.00 -1000.00 1.9158 0.4880 0.7224 5.5446 1.8935 -15.1700 -1.5778 0.0000 -0.0000 296 pedestrian_0020
Pedestrian 1.00 1.00 0 0 0 0 0 0 0 0 -1000.00 -1000.00 -1000.00 -1000.00 1.9158 0.4880 0.7256 47.8679 1.9496 -60.6783 0.0081 0.0000 -0.0000 297 pedestrian_0016
Pedestrian 0.00 1.00 0 0 0 0 0 0 0 0 673.34 360.20 679.20 371.44 1.9158 0.4880 0.7507 -95.8058 1.9502 -50.7533 1.5562 0.0000 -0.0000 298 pedestrian_0024
Pedestrian 1.00 1.00 0 0 0 0 0 0 0 0 -1000.00 -1000.00 -1000.00 -1000.00 1.9158 0.4880 0.6353 89.2712 -6.6556 108.8767 -0.0448 0.0000 -0.0000 299 pedestrian_0001
Pedestrian 1.00 1.00 0 1 3 6 3 0 0 0 -1000.00 -1000.00 -1000.00 -1000.00 1.9158 0.4880 0.7507 0.5552 2.0469 -173.0807 3.0602 0.0000 -0.0000 300 pedestrian_0025
Pedestrian 1.00 1.00 0 1 1 0 0 0 0 0 -1000.00 -1000.00 -1000.00 -1000.00 1.9158 0.4880 0.7507 -36.2107 1.9169 -124.0548 3.0327 0.0000 -0.0000 301 pedestrian_0016
Pedestrian 1.00 1.00 0 0 0 1 0 0 0 0 -1000.00 -1000.00 -1000.00 -1000.00 1.9158 0.4880 0.3754 6.2729 1.9336 -60.6726 -2.9625 0.0000 -0.0000 302 pedestrian_0006
Pedestrian 1.00 1.00 2 3 7 306 0 0 0 0 -1000.00 -1000.00 -1000.00 -1000.00 1.3390 0.3253 0.4003 49.5459 1.9419 28.6321 -3.1081 0.0000 -0.0000 303 pedestrian_0012
Pedestrian 0.00 1.00 0 0 0 0 0 0 0 0 190.40 360.10 194.35 365.44 1.9158 0.4880 0.7507 -200.3180 1.9504 -278.2394 -0.4272 0.0000 -0.0000 304 pedestrian_0024
Pedestrian 1.00 1.00 0 0 0 0 0 0 0 0 -1000.00 -1000.00 -1000.00 -1000.00 1.3390 0.3253 0.3691 -58.7225 1.9422 143.5698 -3.1343 0.0000 -0.0000 305 pedestrian_0013
Pedestrian 0.00 1.00 0 0 0 0 0 0 0 0 1089.33 361.68 1090.53 364.05 1.1330 0.4333 0.5550 -266.4500 1.9392 59.9798 -1.8151 0.0000 -0.0000 306 pedestrian_0011
Pedestrian 0.00 1.00 0 0 0 0 0 0 0 0 58.28 360.20 65.24 371.65 1.9158 0.4880 0.3754 -94.1115 1.9500 -153.0810 -1.3881 0.0000 -0.0000 307 pedestrian_0024
Pedestrian 0.00 1.00 0 0 0 0 0 0 0 0 974.72 360.07 975.64 363.98 1.9158 0.4880 0.3821 -273.1769 1.9505 5.2132 -1.7585 0.0000 -0.0000 308 pedestrian_0004
Pedestrian 1.00 1.00 19 22 36 200 0 0 0 7 -1000.00 -1000.00 -1000.00 -1000.00 1.9158 0.4880 0.6972 29.3264 1.9503 7.5002 -3.1216 0.0000 -0.0000 309 pedestrian_0019
Pedestrian 1.00 1.00 0 0 0 0 0 0 0 0 -1000.00 -1000.00 -1000.00 -1000.00 1.3390 0.3253 0.5005 154.0266 1.9399 -59.1669 -0.1774 0.0000 -0.0000 310 pedestrian_0012
Pedestrian 1.00 1.00 0 0 0 0 0 0 0 0 -1000.00 -1000.00 -1000.00 -1000.00 1.9158 0.4880 0.5522 118.8518 1.9498 -170.4133 -3.0443 0.0000 -0.0000 311 pedestrian_0022
Pedestrian 1.00 1.00 0 0 0 0 0 0 0 0 -1000.00 -1000.00 -1000.00 -1000.00 1.9158 0.4880 0.7507 90.4587 2.0467 -211.2837 -1.4726 0.0000 -0.0000 312 pedestrian_0018
Pedestrian 0.00 1.00 0 0 0 0 0 0 0 0 973.23 360.17 976.48 368.66 1.9158 0.4880 0.5533 -126.4600 1.9542 1.1213 0.8942 0.0000 -0.0000 313 pedestrian_0022
Pedestrian 1.00 1.00 0 0 0 0 0 0 0 0 -1000.00 -1000.00 -1000.00 -1000.00 1.9158 0.4880 0.3891 36.7289 1.9499 -151.6702 3.1270 0.0000 -0.0000 314 pedestrian_0005
Pedestrian 1.00 1.00 86 86 145 1499 0 0 39 0 -1000.00 -1000.00 -1000.00 -1000.00 1.9158 0.4880 0.7507 0.2581 2.0472 8.2846 0.1641 0.0000 -0.0000 315 pedestrian_0018
Pedestrian 0.00 1.00 0 0 0 0 0 0 0 0 1058.20 360.07 1059.75 364.02 1.9158 0.4880 0.7027 -270.0703 1.9506 45.8031 -1.8226 0.0000 -0.0000 316 pedestrian_0024
Pedestrian 1.00 1.00 0 0 0 0 0 0 0 0 -1000.00 -1000.00 -1000.00 -1000.00 1.9158 0.4880 0.6397 -43.4012 1.9505 -81.3171 -3.1341 0.0000 -0.0000 317 pedestrian_0002
Pedestrian 1.00 1.00 0 0 0 0 0 0 0 0 -1000.00 -1000.00 -1000.00 -1000.00 1.3390 0.3253 0.3273 -94.8535 2.0554 -222.7600 1.5534 0.0000 -0.0000 318 pedestrian_0013
Pedestrian 1.00 1.00 0 2 4 5 0 0 0 0 -1000.00 -1000.00 -1000.00 -1000.00 1.9158 0.4880 0.7507 -41.2668 1.9256 -124.6753 -0.0034 0.0000 -0.0000 319 pedestrian_0018
Pedestrian 0.00 1.00 0 0 0 0 0 0 0 0 360.98 360.14 363.62 368.27 1.9158 0.4880 0.4181 -132.0388 1.9501 -143.5119 -0.7635 0.0000 -0.0000 320 pedestrian_0006
Pedestrian 1.00 1.00 0 0 0 0 0 0 0 0 -1000.00 -1000.00 -1000.00 -1000.00 1.9158 0.4880 0.6051 -90.2628 1.9501 -287.5628 -0.0034 0.0000 -0.0000 321 pedestrian_0021
Pedestrian 0.00 1.00 0 0 0 0 0 0 0 0 405.05 366.51 411.71 374.30 1.1330 0.4333 0.5617 -82.3770 2.0912 -83.1937 0.0828 0.0000 -0.0000 322 pedestrian_0010
Pedestrian 1.00 1.00 0 0 0 0 0 0 0 0 -1000.00 -1000.00 -1000.00 -1000.00 1.9158 0.4880 0.4267 59.4865 2.1025 -76.4244 -1.7320 0.0000 -0.0000 323 pedestrian_0022
Pedestrian 0.00 1.00 0 0 0 0 0 0 0 0 462.12 361.45 470.34 376.51 1.9158 0.4880 0.7405 -71.9837 2.1026 -65.4457 -1.9101 0.0000 -0.0000 324 pedestrian_0015
Pedestrian 0.00 0.77 2 2 6 17 0 0 0 0 1055.16 360.31 1060.42 377.84 1.9158 0.4880 0.6511 -61.9509 1.9503 8.5059 3.0977 0.0000 -0.0000 325 pedestrian_0005
Pedestrian 1.00 1.00 0 0 0 0 0 0 0 0 -1000.00 -1000.00 -1000.00 -1000.00 1.9158 0.4880 0.6151 199.6336 -7.9028 44.8112 -1.4739 0.0000 -0.0000 326 pedestrian_0006
Pedestrian 1.00 1.00 0 0 0 0 0 0 0 0 -1000.00 -1000.00 -1000.00 -1000.00 1.9158 0.4880 0.7507 179.0709 1.9500 -58.3373 -3.1275 0.0000 -0.0000 327 pedestrian_0002
Pedestrian 1.00 1.00 0 0 0 0 0 0 0 0 -1000.00 -1000.00 -1000.00 -1000.00 1.9158 0.4880 0.6549 58.8306 1.9507 -1.7541 -1.8043 0.0000 -0.0000 328 pedestrian_0015
Pedestrian 0.00 1.00 0 0 0 0 0 0 0 0 1437.35 360.12 1440.72 366.50 1.9158 0.4880 0.5950 -167.7333 1.9507 141.8328 -3.0603 0.0000 -0.0000 329 pedestrian_0005
Pedestrian 1.00 1.00 0 0 0 0 0 0 0 0 -1000.00 -1000.00 -1000.00 -1000.00 1.1330 0.4333 0.6667 -125.0710 1.9393 -288.0468 0.0361 0.0000 -0.0000 330 pedestrian_0010
Pedestrian 1.00 1.00 0 0 0 0 0 0 0 0 -1000.00 -1000.00 -1000.00 -1000.00 1.9158 0.4880 0.6225 56.8035 1.9503 46.0421 1.5948 0.0000 -0.0000 331 pedestrian_0001
Pedestrian 0.00 1.00 0 0 0 0 0 0 0 0 966.87 360.21 970.44 371.67 1.9158 0.4880 0.3799 -93.9452 1.9503 -0.7896 0.3896 0.0000 -0.0000 332 pedestrian_0017
Pedestrian 0.00 1.00 0 0 0 0 0 0 0 0 212.84 360.36 224.92 378.40 1.9158 0.4880 0.5987 -60.2168 1.9540 -81.3722 0.0472 0.0000 -0.0000 333 pedestrian_0023
Pedestrian 0.00 1.00 0 0 0 0 0 0 0 0 1249.52 363.56 1252.92 371.53 1.3390 0.3253 0.4011 -94.5245 1.9413 46.8815 -1.5508 0.0000 -0.0000 334 pedestrian_0013
Pedestrian 1.00 1.00 0 0 0 0 0 0 0 0 -1000.00 -1000.00 -1000.00 -1000.00 1.9158 0.4880 0.7507 -93.0399 2.0885 -215.3132 1.4799 0.0000 -0.0000 335 pedestrian_0019
Pedestrian 1.00 1.00 0 0 2 2238 0 0 1 0 -1000.00 -1000.00 -1000.00 -1000.00 1.9158 0.4880 0.6896 10.0009 1.9503 7.2965 0.0764 0.0000 -0.0000 336 pedestrian_0017
Pedestrian 1.00 1.00 0 0 0 0 0 0 0 0 -1000.00 -1000.00 -1000.00 -1000.00 1.9158 0.4880 0.7507 -118.7201 1.9504 -288.1951 0.0054 0.0000 -0.0000 337 pedestrian_0025
Pedestrian 1.00 1.00 0 0 0 0 0 0 0 0 -1000.00 -1000.00 -1000.00 -1000.00 1.9158 0.4880 0.4787 119.0656 -8.0632 -281.0657 -2.7091 0.0000 -0.0000 338 pedestrian_0006
Pedestrian 1.00 1.00 0 0 0 0 0 0 0 0 -1000.00 -1000.00 -1000.00 -1000.00 1.1330 0.4333 0.6097 74.3348 -8.0816 -248.9458 -3.1267 0.0000 -0.0000 339 pedestrian_0011
Pedestrian 1.00 1.00 0 0 0 0 0 0 0 0 -1000.00 -1000.00 -1000.00 -1000.00 1.1330 0.4333 0.5457 124.7598 1.8853 9.1288 -1.5590 0.0000 -0.0000 340 pedestrian_0011
Pedestrian 1.00 1.00 0 0 0 0 0 0 0 0 -1000.00 -1000.00 -1000.00 -1000.00 1.3390 0.3253 0.3150 208.2026 1.9434 -106.6846 -1.5562 0.0000 -0.0000 341 pedestrian_0013
Pedestrian 0.00 1.00 0 0 0 0 0 0 0 0 4.77 360.43 26.08 383.73 1.9158 0.4880 0.7507 -47.0234 1.9520 -80.6079 0.0787 0.0000 -0.0000 342 pedestrian_0007
Pedestrian 1.00 1.00 0 0 0 0 0 0 0 0 -1000.00 -1000.00 -1000.00 -1000.00 1.9158 0.4880 0.7374 32.7328 1.9501 -61.7551 -3.1036 0.0000 -0.0000 343 pedestrian_0021
Pedestrian 1.00 1.00 0 0 0 0 0 0 0 0 -1000.00 -1000.00 -1000.00 -1000.00 1.1330 0.4333 0.6148 200.5862 -8.0608 -57.4578 -1.5671 0.0000 -0.0000 344 pedestrian_0010
Pedestrian 1.00 1.00 76 95 151 3182 0 0 22 0 -1000.00 -1000.00 -1000.00 -1000.00 1.9158 0.4880 0.5251 6.6575 2.0903 10.2432 -1.2213 0.0000 -0.0000 345 pedestrian_0021
Pedestrian 1.00 1.00 0 0 0 0 0 0 0 0 -1000.00 -1000.00 -1000.00 -1000.00 1.3390 0.3253 0.3129 91.6318 1.9236 63.6256 -2.0032 0.0000 -0.0000 346 pedestrian_0014
Pedestrian 0.00 1.00 0 0 0 0 0 0 0 0 382.05 361.44 390.02 376.28 1.9158 0.4880 0.5471 -72.8996 2.1026 -76.6589 -1.7040 0.0000 -0.0000 347 pedestrian_0023
Pedestrian 1.00 1.00 0 0 0 0 0 0 0 0 -1000.00 -1000.00 -1000.00 -1000.00 1.9158 0.4880 0.7507 53.7686 1.9501 -60.8823 -3.0276 0.0000 -0.0000 348 pedestrian_0008
Pedestrian 0.00 1.00 0 0 0 0 0 0 0 0 1037.26 360.07 1038.81 364.00 1.9158 0.4880 0.7507 -271.5461 1.9506 35.8465 1.4317 0.0000 -0.0000 349 pedestrian_0006
Pedestrian 1.00 1.00 0 0 0 0 0 0 0 0 -1000.00 -1000.00 -1000.00 -1000.00 1.9158 0.4880 0.5377 127.0325 1.9499 -147.8287 -1.6508 0.0000 -0.0000 350 pedestrian_0022
Pedestrian 1.00 1.00 0 0 0 0 0 0 0 0 -1000.00 -1000.00 -1000.00 -1000.00 1.9158 0.4880 0.7364 90.0236 1.9499 -172.0262 0.1909 0.0000 -0.0000 351 pedestrian_0023
Pedestrian 1.00 1.00 0 0 0 0 0 0 0 0 -1000.00 -1000.00 -1000.00 -1000.00 1.9158 0.4880 0.4363 89.7541 1.9500 -171.4700 2.6783 0.0000 -0.0000 352 pedestrian_0006
Pedestrian 1.00 1.00 0 0 0 0 0 0 0 0 -1000.00 -1000.00 -1000.00 -1000.00 1.9158 0.4880 0.7507 61.4289 1.9500 -104.9966 1.5612 0.0000 -0.0000 353 pedestrian_0024
Pedestrian 0.00 1.00 0 0 0 0 0 0 0 0 1477.46 362.88 1481.29 366.96 1.1330 0.4333 0.6667 -155.8715 1.9393 142.8502 0.0480 0.0000 -0.0000 354 pedestrian_0011
Pedestrian 1.00 1.00 0 0 0 0 0 0 0 0 -1000.00 -1000.00 -1000.00 -1000.00 1.9158 0.4880 0.6546 96.2376 1.9518 10.6393 2.9739 0.0000 -0.0000 355 pedestrian_0017
Pedestrian 1.00 1.00 0 0 0 0 0 0 0 0 -1000.00 -1000.00 -1000.00 -1000.00 1.3390 0.3253 0.3324 164.8361 -8.0584 -32.1170 -1.5980 0.0000 -0.0000 356 pedestrian_0012
Pedestrian 0.00 1.00 0 0 0 0 0 0 0 0 64.86 360.11 68.20 366.14 1.9158 0.4880 0.4461 -177.3045 1.9500 -286.3895 2.8602 0.0000 -0.0000 357 pedestrian_0020
Pedestrian 1.00 1.00 0 0 0 0 0 0 0 0 -1000.00 -1000.00 -1000.00 -1000.00 1.9158 0.4880 0.7175 17.9323 1.9499 -80.0745 -3.0960 0.0000 -0.0000 358 pedestrian_0017
Pedestrian 0.00 0.12 25 24 37 254 0 3 0 0 1202.95 360.95 1215.53 406.05 1.9158 0.4880 0.4704 -24.5293 1.9499 8.2708 -3.0898 0.0000 -0.0000 359 pedestrian_0025
Pedestrian 0.00 1.00 0 0 0 0 0 0 0 0 543.59 361.27 545.13 364.09 1.3390 0.3253 0.5005 -265.1308 1.9452 -200.2867 -1.3065 0.0000 -0.0000 360 pedestrian_0013
Pedestrian 1.00 1.00 0 0 0 0 0 0 0 0 -1000.00 -1000.00 -1000.00 -1000.00 1.3390 0.3253 0.4897 -165.1947 1.9436 -288.2561 -0.2373 0.0000 -0.0000 361 pedestrian_0013
Pedestrian 1.00 1.00 0 0 0 0 0 0 0 0 -1000.00 -1000.00 -1000.00 -1000.00 1.3390 0.3253 0.4294 85.5575 2.0942 17.3078 -1.6888 0.0000 -0.0000 362 pedestrian_0013
Pedestrian 1.00 1.00 0 0 0 0 0 0 0 0 -1000.00 -1000.00 -1000.00 -1000.00 1.1330 0.4333 0.6667 6.0680 1.8848 -108.9203 1.5857 0.0000 -0.0000 363 pedestrian_0011
Pedestrian 1.00 1.00 0 0 0 0 0 0 0 0 -1000.00 -1000.00 -1000.00 -1000.00 1.3390 0.3253 0.4130 8.6953 1.8861 -177.2763 -1.1190 0.0000 -0.0000 364 pedestrian_0012
Pedestrian 1.00 1.00 0 0 0 0 0 0 0 0 -1000.00 -1000.00 -1000.00 -1000.00 1.9158 0.4880 0.5400 125.5459 2.0550 16.6711 -1.5300 0.0000 -0.0000 365 pedestrian_0023
Pedestrian 0.00 1.00 0 0 0 0 0 0 0 0 1217.74 360.00 1220.53 366.61 1.9158 0.4880 0.5550 -162.2148 1.9169 73.1175 0.4980 0.0000 -0.0000 366 pedestrian_0005
Pedestrian 0.00 1.00 0 0 0 0 0 0 0 0 457.69 360.00 459.63 365.48 1.9158 0.4880 0.4042 -195.1233 1.9167 -177.7983 2.0836 0.0000 -0.0000 367 pedestrian_0021
Pedestrian 0.00 1.00 0 0 0 0 0 0 0 0 752.22 362.57 754.19 366.26 1.1330 0.4333 0.4255 -171.9119 1.9274 -65.9952 -0.0637 0.0000 -0.0000 368 pedestrian_0010
Pedestrian 1.00 1.00 0 0 0 0 0 0 0 0 -1000.00 -1000.00 -1000.00 -1000.00 1.9158 0.4880 0.7507 -54.4734 1.9378 -123.8895 0.0053 0.0000 -0.0000 369 pedestrian_0020
Pedestrian 1.00 1.00 0 0 0 0 0 0 0 0 -1000.00 -1000.00 -1000.00 -1000.00 1.3390 0.3253 0.4193 30.6665 1.9409 -79.6266 -0.0295 0.0000 -0.0000 370 pedestrian_0012
Pedestrian 1.00 1.00 5 5 8 26 0 0 0 2 -1000.00 -1000.00 -1000.00 -1000.00 1.9158 0.4880 0.6662 68.2164 2.1027 30.4190 -2.8574 0.0000 -0.0000 371 pedestrian_0015
Pedestrian 1.00 1.00 0 0 0 0 0 0 0 0 -1000.00 -1000.00 -1000.00 -1000.00 1.9158 0.4880 0.7507 61.3985 1.9528 -88.3808 1.5422 0.0000 -0.0000 372 pedestrian_0007
Pedestrian 0.00 1.00 0 0 0 0 0 0 0 0 801.19 360.08 802.87 364.00 1.9158 0.4880 0.6559 -271.5914 1.9525 -79.3503 1.4735 0.0000 -0.0000 373 pedestrian_0008
Pedestrian 1.00 1.00 0 0 0 0 0 0 0 0 -1000.00 -1000.00 -1000.00 -1000.00 1.9158 0.4880 0.6116 135.0495 2.0604 -57.3166 -2.8920 0.0000 -0.0000 374 pedestrian_0020
Pedestrian 1.00 1.00 0 0 0 0 0 0 0 0 -1000.00 -1000.00 -1000.00 -1000.00 1.9158 0.4880 0.5402 -76.6644 2.1024 -172.1042 -0.0591 0.0000 -0.0000 375 pedestrian_0015
Pedestrian 0.00 1.00 0 0 0 0 0 0 0 0 440.95 364.85 444.97 373.50 1.3390 0.3253 0.3249 -87.2075 2.0942 -82.6262 0.0824 0.0000 -0.0000 376 pedestrian_0012
Pedestrian 1.00 1.00 0 0 0 0 0 0 0 0 -1000.00 -1000.00 -1000.00 -1000.00 1.9158 0.4880 0.4319 92.5577 1.9475 -171.7828 0.4454 0.0000 -0.0000 377 pedestrian_0017
Pedestrian 1.00 1.00 0 0 0 0 0 0 0 0 -1000.00 -1000.00 -1000.00 -1000.00 1.9158 0.4880 0.7507 104.2940 1.9501 -60.3882 0.0784 0.0000 -0.0000 378 pedestrian_0025
Pedestrian 1.00 1.00 0 0 0 247 0 0 0 2 -1000.00 -1000.00 -1000.00 -1000.00 1.1330 0.4333 0.6667 37.7280 1.9389 29.8002 -3.0802 0.0000 -0.0000 379 pedestrian_0009
Pedestrian 1.00 1.00 0 0 0 0 0 0 0 0 -1000.00 -1000.00 -1000.00 -1000.00 1.9158 0.4880 0.6283 63.9964 2.1023 -166.0366 1.6641 0.0000 -0.0000 380 pedestrian_0002
Pedestrian 1.00 1.00 0 0 0 0 0 0 0 0 -1000.00 -1000.00 -1000.00 -1000.00 1.3390 0.3253 0.3927 -133.6252 1.9417 -288.4556 0.0401 0.0000 -0.0000 381 pedestrian_0013
Pedestrian 1.00 1.00 0 0 0 0 0 0 0 0 -1000.00 -1000.00 -1000.00 -1000.00 1.3390 0.3253 0.5005 113.4623 1.8837 -198.3436 -2.9909 0.0000 -0.0000 382 pedestrian_0012
Pedestrian 1.00 1.00 0 0 0 0 0 0 0 0 -1000.00 -1000.00 -1000.00 -1000.00 1.1330 0.4333 0.6035 35.0839 1.8922 62.2975 -2.9941 0.0000 -0.0000 383 pedestrian_0010
Pedestrian 0.00 1.00 0 0 0 0 0 0 0 0 416.86 361.37 418.63 364.40 1.3390 0.3253 0.5005 -246.3753 1.9440 -242.2676 -1.0101 0.0000 -0.0000 384 pedestrian_0013
Pedestrian 1.00 1.00 6 6 9 56 0 0 0 0 -1000.00 -1000.00 -1000.00 -1000.00 1.9158 0.4880 0.7507 20.4986 1.9503 9.6647 -3.1299 0.0000 -0.0000 385 pedestrian_0015
Pedestrian 0.00 1.00 0 0 0 0 0 0 0 0 983.01 360.19 986.69 369.71 1.9158 0.4880 0.7507 -112.9500 1.9534 2.7763 -2.7849 0.0000 -0.0000 386 pedestrian_0018
Pedestrian 1.00 1.00 0 0 0 0 0 0 0 0 -1000.00 -1000.00 -1000.00 -1000.00 1.3390 0.3253 0.4936 -87.5692 1.9419 -288.8302 0.0795 0.0000 -0.0000 387 pedestrian_0013
Pedestrian 1.00 1.00 0 0 0 0 0 0 0 0 -1000.00 -1000.00 -1000.00 -1000.00 1.9158 0.4880 0.7507 201.6381 2.1022 -148.7273 -1.0384 0.0000 -0.0000 388 pedestrian_0022
Pedestrian 0.00 1.00 0 0 0 0 0 0 0 0 818.72 360.07 820.11 364.00 1.9158 0.4880 0.5535 -271.6838 1.9504 -70.8903 -1.5683 0.0000 -0.0000 389 pedestrian_0003
Pedestrian 1.00 1.00 0 0 0 0 0 0 0 0 -1000.00 -1000.00 -1000.00 -1000.00 1.9158 0.4880 0.7507 -84.9984 1.9503 -287.8101 0.0631 0.0000 -0.0000 390 pedestrian_0021
Pedestrian 0.00 0.85 2 5 7 34 0 0 0 0 1181.33 360.26 1185.44 375.02 1.9158 0.4880 0.5256 -73.3651 1.9504 26.9120 2.7400 0.0000 -0.0000 391 pedestrian_0016
Pedestrian 1.00 1.00 0 0 0 0 0 0 0 0 -1000.00 -1000.00 -1000.00 -1000.00 1.9158 0.4880 0.5226 -156.3267 1.9491 -289.4016 -0.0776 0.0000 -0.0000 392 pedestrian_0005
Pedestrian 1.00 1.00 0 0 0 0 0 0 0 0 -1000.00 -1000.00 -1000.00 -1000.00 1.9158 0.4880 0.4774 153.8579 -8.0517 -213.6479 -2.2606 0.0000 -0.0000 393 pedestrian_0026
Pedestrian 1.00 1.00 0 0 0 0 0 0 0 0 -1000.00 -1000.00 -1000.00 -1000.00 1.9158 0.4880 0.5241 127.3166 1.8945 -81.4634 1.6426 0.0000 -0.0000 394 pedestrian_0022
Pedestrian 1.00 1.00 0 0 0 0 0 0 0 0 -1000.00 -1000.00 -1000.00 -1000.00 1.1330 0.4333 0.6667 166.1425 -8.0636 -115.8927 1.5732 0.0000 -0.0000 395 pedestrian_0010
Pedestrian 1.00 1.00 0 0 0 0 0 0 0 0 -1000.00 -1000.00 -1000.00 -1000.00 1.9158 0.4880 0.7507 140.5181 1.8948 61.5359 -1.1931 0.0000 -0.0000 396 pedestrian_0006
Pedestrian 0.00 1.00 0 0 0 0 0 0 0 0 648.58 364.67 653.82 375.14 1.3390 0.3253 0.5005 -72.3043 1.9414 -41.9470 -1.4746 0.0000 -0.0000 397 pedestrian_0012
Pedestrian 1.00 1.00 0 0 0 0 0 0 0 0 -1000.00 -1000.00 -1000.00 -1000.00 1.1330 0.4333 0.5189 127.4468 1.8830 -140.9390 -1.7010 0.0000 -0.0000 398 pedestrian_0010
Pedestrian 0.00 1.00 0 0 3 0 0 1 0 0 1155.34 361.27 1161.25 374.39 1.9158 0.4880 0.7507 -82.4525 2.1028 26.8870 -2.9092 0.0000 -0.0000 399 pedestrian_0007
Pedestrian 1.00 1.00 0 0 0 0 0 0 0 0 -1000.00 -1000.00 -1000.00 -1000.00 1.9158 0.4880 0.6437 186.7375 -7.6789 85.2755 2.0405 0.0000 -0.0000 400 pedestrian_0001
Pedestrian 1.00 1.00 0 0 0 0 0 0 0 0 -1000.00 -1000.00 -1000.00 -1000.00 1.9158 0.4880 0.7507 102.2677 1.9500 -58.6952 -3.1229 0.0000 -0.0000 401 pedestrian_0016
Pedestrian 0.00 1.00 0 0 0 0 0 0 0 0 863.27 360.07 864.97 364.00 1.9158 0.4880 0.7507 -271.6721 1.9504 -49.0557 1.5806 0.0000 -0.0000 402 pedestrian_0021
Pedestrian 1.00 1.00 7 3 9 36 4 0 0 0 -1000.00 -1000.00 -1000.00 -1000.00 1.9158 0.4880 0.5476 3.2773 2.0483 -59.6050 0.0159 0.0000 -0.0000 403 pedestrian_0006
Pedestrian 0.00 1.00 0 0 0 0 0 0 0 0 485.78 360.14 497.79 380.77 1.9158 0.4880 0.7507 -52.8834 1.9287 -46.0364 1.9843 0.0000 -0.0000 404 pedestrian_0023
Pedestrian 1.00 1.00 0 0 0 0 0 0 0 0 -1000.00 -1000.00 -1000.00 -1000.00 1.1330 0.4333 0.6103 60.7479 1.9388 -26.1564 -1.5521 0.0000 -0.0000 405 pedestrian_0011
Pedestrian 1.00 1.00 16 23 32 340 0 0 1 0 -1000.00 -1000.00 -1000.00 -1000.00 1.9158 0.4880 0.5266 16.7112 1.9503 27.1179 -2.9333 0.0000 -0.0000 406 pedestrian_0004
Pedestrian 1.00 1.00 0 0 0 0 0 0 0 0 -1000.00 -1000.00 -1000.00 -1000.00 1.9158 0.4880 0.4976 78.4256 2.1023 -171.6970 -3.1289 0.0000 -0.0000 407 pedestrian_0026
Pedestrian 1.00 1.00 0 0 0 0 0 0 0 0 -1000.00 -1000.00 -1000.00 -1000.00 1.3390 0.3253 0.3749 146.7498 2.0937 16.8722 -1.4563 0.0000 -0.0000 408 pedestrian_0013
Pedestrian 0.00 1.00 0 0 0 0 0 0 0 0 90.01 364.57 97.69 371.07 1.1330 0.4333 0.5879 -98.3977 1.9387 -154.3899 -0.0340 0.0000 -0.0000 409 pedestrian_0010
Pedestrian 1.00 1.00 0 0 0 0 0 0 0 0 -1000.00 -1000.00 -1000.00 -1000.00 1.9158 0.4880 0.5435 130.8381 1.8980 75.8901 -0.7238 0.0000 -0.0000 410 pedestrian_0020
Pedestrian 0.00 1.00 0 0 0 0 0 0 0 0 409.46 361.24 417.20 374.05 1.9158 0.4880 0.7317 -84.4038 2.1026 -84.4654 -3.0036 0.0000 -0.0000 411 pedestrian_0025
Pedestrian 1.00 1.00 0 0 0 0 0 0 0 0 -1000.00 -1000.00 -1000.00 -1000.00 1.1330 0.4333 0.5179 82.9372 1.9388 7.7667 1.0352 0.0000 -0.0000 412 pedestrian_0010
Pedestrian 1.00 1.00 0 0 0 0 0 0 0 0 -1000.00 -1000.00 -1000.00 -1000.00 1.9158 0.4880 0.5945 63.6242 2.1023 -150.0723 -0.8009 0.0000 -0.0000 413 pedestrian_0015
Pedestrian 1.00 1.00 0 0 0 0 0 0 0 0 -1000.00 -1000.00 -1000.00 -1000.00 1.1330 0.4333 0.6667 62.7084 1.9386 -135.4168 -1.5242 0.0000 -0.0000 414 pedestrian_0011
Pedestrian 1.00 1.00 0 0 0 0 0 0 0 0 -1000.00 -1000.00 -1000.00 -1000.00 1.9158 0.4880 0.6195 44.9070 1.9501 -80.9807 -3.0719 0.0000 -0.0000 415 pedestrian_0025
Pedestrian 1.00 1.00 0 0 0 0 0 0 0 0 -1000.00 -1000.00 -1000.00 -1000.00 1.1330 0.4333 0.6295 166.0742 -8.0623 -120.6210 1.5690 0.0000 -0.0000 416 pedestrian_0009
Pedestrian 1.00 1.00 0 0 0 0 0 0 0 0 -1000.00 -1000.00 -1000.00 -1000.00 1.9158 0.4880 0.7507 87.9925 -6.6385 109.6255 3.0886 0.0000 -0.0000 417 pedestrian_0026
Pedestrian 0.00 1.00 0 0 0 0 0 0 0 0 842.09 360.07 843.75 364.00 1.9158 0.4880 0.7142 -271.5140 1.9520 -59.3747 1.5978 0.0000 -0.0000 418 pedestrian_0019
Pedestrian 0.00 1.00 0 0 0 0 0 0 0 0 609.89 360.22 613.48 371.93 1.9158 0.4880 0.3754 -92.0199 1.9519 -59.4173 -1.3006 0.0000 -0.0000 419 pedestrian_0018
Pedestrian 0.00 1.00 0 0 0 0 0 0 0 0 9.24 360.11 14.46 366.49 1.9158 0.4880 0.6750 -167.9341 1.9501 -287.7497 -0.2155 0.0000 -0.0000 420 pedestrian_0026
Pedestrian 1.00 1.00 0 0 0 0 0 0 0 0 -1000.00 -1000.00 -1000.00 -1000.00 1.9158 0.4880 0.7507 146.4320 1.8945 -99.3847 1.5773 0.0000 -0.0000 421 pedestrian_0005
Pedestrian 1.00 1.00 0 0 0 0 0 0 0 0 -1000.00 -1000.00 -1000.00 -1000.00 1.9158 0.4880 0.7507 57.2527 1.9502 -1.7765 -1.5884 0.0000 -0.0000 422 pedestrian_0021
Pedestrian 1.00 1.00 0 0 0 0 0 0 0 0 -1000.00 -1000.00 -1000.00 -1000.00 1.9158 0.4880 0.6380 86.7725 1.9505 -172.3811 -0.0415 0.0000 -0.0000 423 pedestrian_0025
Pedestrian 1.00 1.00 0 0 0 0 0 0 0 0 -1000.00 -1000.00 -1000.00 -1000.00 1.9158 0.4880 0.4574 126.5816 1.8945 -110.5510 1.5575 0.0000 -0.0000 424 pedestrian_0008
Pedestrian 1.00 1.00 15 14 21 970 0 0 1 2 -1000.00 -1000.00 -1000.00 -1000.00 1.9158 0.4880 0.4598 20.2634 1.9483 30.2301 0.0648 0.0000 -0.0000 425 pedestrian_0018
Pedestrian 1.00 1.00 0 0 0 0 0 0 0 0 -1000.00 -1000.00 -1000.00 -1000.00 1.9158 0.4880 0.7507 -62.9908 1.9439 -124.3911 3.0994 0.0000 -0.0000 426 pedestrian_0020
Pedestrian 1.00 1.00 0 0 0 0 0 0 0 0 -1000.00 -1000.00 -1000.00 -1000.00 1.3390 0.3253 0.4374 31.3926 1.9415 -171.3845 -3.0236 0.0000 -0.0000 427 pedestrian_0012
Pedestrian 1.00 1.00 0 0 0 0 0 0 0 0 -1000.00 -1000.00 -1000.00 -1000.00 1.1330 0.4333 0.4517 127.2253 1.8856 -86.8643 -1.4128 0.0000 -0.0000 428 pedestrian_0011
Pedestrian 1.00 1.00 0 0 0 0 0 0 0 0 -1000.00 -1000.00 -1000.00 -1000.00 1.9158 0.4880 0.5558 -94.0693 1.9481 -203.8583 1.5425 0.0000 -0.0000 429 pedestrian_0006
Pedestrian 1.00 1.00 0 0 0 0 0 0 0 0 -1000.00 -1000.00 -1000.00 -1000.00 1.9158 0.4880 0.6003 91.7155 1.9502 10.6060 -0.1376 0.0000 -0.0000 430 pedestrian_0021
Pedestrian 1.00 1.00 123 141 209 2067 33 0 0 0 -1000.00 -1000.00 -1000.00 -1000.00 1.9158 0.4880 0.5878 5.8255 1.8948 -13.2793 -1.6941 0.0000 -0.0000 431 pedestrian_0026
Pedestrian 1.00 1.00 0 0 0 0 0 0 0 0 -1000.00 -1000.00 -1000.00 -1000.00 1.9158 0.4880 0.5224 136.0073 -7.3328 91.9064 2.4008 0.0000 -0.0000 432 pedestrian_0026
Pedestrian 0.00 1.00 0 0 0 0 0 0 0 0 350.88 360.40 358.06 375.16 1.9158 0.4880 0.4064 -73.2750 1.9684 -81.1615 -1.5117 0.0000 -0.0000 433 pedestrian_0002
Pedestrian 1.00 1.00 0 0 0 0 0 0 0 0 -1000.00 -1000.00 -1000.00 -1000.00 1.9158 0.4880 0.5101 145.9964 2.0467 -175.5088 -0.2975 0.0000 -0.0000 434 pedestrian_0001
Pedestrian 1.00 1.00 0 0 0 0 0 0 0 0 -1000.00 -1000.00 -1000.00 -1000.00 1.9158 0.4880 0.7507 79.1802 -8.0726 -285.3512 0.0257 0.0000 -0.0000 435 pedestrian_0022
Pedestrian 1.00 1.00 0 0 0 0 0 0 0 0 -1000.00 -1000.00 -1000.00 -1000.00 1.9158 0.4880 0.4970 57.5639 1.9515 43.3400 -1.5237 0.0000 -0.0000 436 pedestrian_0005
Pedestrian 1.00 1.00 0 0 0 0 0 0 0 0 -1000.00 -1000.00 -1000.00 -1000.00 1.3390 0.3253 0.5005 156.4671 1.9416 -58.8881 3.1257 0.0000 -0.0000 437 pedestrian_0013
Pedestrian 1.00 1.00 0 0 0 0 0 0 0 0 -1000.00 -1000.00 -1000.00 -1000.00 1.1330 0.4333 0.6667 -162.3684 1.9385 -288.4488 -3.0100 0.0000 -0.0000 438 pedestrian_0011
Pedestrian 1.00 1.00 0 0 0 7 0 0 0 0 -1000.00 -1000.00 -1000.00 -1000.00 1.9158 0.4880 0.7507 15.5406 1.8962 60.1861 -2.5763 0.0000 -0.0000 439 pedestrian_0006
Pedestrian 1.00 1.00 0 0 0 0 0 0 0 0 -1000.00 -1000.00 -1000.00 -1000.00 1.3390 0.3253 0.4566 115.0129 -6.8916 142.0669 2.9107 0.0000 -0.0000 440 pedestrian_0014
Pedestrian 0.00 0.95 0 0 0 35 0 0 0 0 1325.22 360.20 1330.15 371.62 1.9158 0.4880 0.4915 -94.3118 1.9502 59.6372 -1.4473 0.0000 -0.0000 441 pedestrian_0025
Pedestrian 0.00 1.00 0 0 0 0 0 0 0 0 1272.24 360.09 1274.07 364.92 1.9158 0.4880 0.4931 -221.1359 1.9507 122.1173 0.6962 0.0000 -0.0000 442 pedestrian_0003
Pedestrian 1.00 1.00 0 0 0 0 0 0 0 0 -1000.00 -1000.00 -1000.00 -1000.00 1.9158 0.4880 0.7507 74.1224 2.1024 -83.4546 -0.0006 0.0000 -0.0000 443 pedestrian_0024
Pedestrian 1.00 1.00 0 0 0 3 1 0 0 0 -1000.00 -1000.00 -1000.00 -1000.00 1.9158 0.4880 0.4075 8.0543 1.9502 -150.7648 1.6982 0.0000 -0.0000 444 pedestrian_0007
Pedestrian 0.00 1.00 0 0 0 0 0 0 0 0 669.99 360.18 673.30 369.32 1.9158 0.4880 0.4108 -117.3625 1.9529 -62.7598 0.0472 0.0000 -0.0000 445 pedestrian_0023
Pedestrian 0.00 1.00 0 0 0 0 0 0 0 0 965.70 360.07 966.92 363.99 1.9158 0.4880 0.5702 -272.1283 1.9505 0.8460 1.6247 0.0000 -0.0000 446 pedestrian_0026
Pedestrian 1.00 1.00 0 0 0 0 0 0 0 0 -1000.00 -1000.00 -1000.00 -1000.00 1.1330 0.4333 0.5052 164.9785 -8.0589 -29.2698 -1.5747 0.0000 -0.0000 447 pedestrian_0009
Pedestrian 1.00 1.00 0 0 0 0 0 0 0 0 -1000.00 -1000.00 -1000.00 -1000.00 1.9158 0.4880 0.7507 4.9344 -4.4606 -250.9770 0.0146 0.0000 -0.0000 448 pedestrian_0015
Pedestrian 1.00 1.00 0 0 0 0 0 0 0 0 -1000.00 -1000.00 -1000.00 -1000.00 1.9158 0.4880 0.3940 156.4422 1.9500 -76.9427 3.0430 0.0000 -0.0000 449 pedestrian_0017
Pedestrian 1.00 1.00 0 0 0 2 0 0 0 0 -1000.00 -1000.00 -1000.00 -1000.00 1.9158 0.4880 0.5389 9.6318 2.1026 -165.6538 1.4297 0.0000 -0.0000 450 pedestrian_0023
Pedestrian 1.00 1.00 2 1 5 22 2 0 0 0 -1000.00 -1000.00 -1000.00 -1000.00 1.9158 0.4880 0.7507 -7.7917 2.0530 -80.6577 0.0385 0.0000 -0.0000 451 pedestrian_0001
Pedestrian 0.00 1.00 0 0 0 53 0 0 0 0 1315.26 360.01 1320.41 370.69 1.9158 0.4880 0.6660 -100.7230 1.9169 62.1183 -3.1132 0.0000 -0.0000 452 pedestrian_0017
Pedestrian 1.00 1.00 0 0 0 0 0 0 0 0 -1000.00 -1000.00 -1000.00 -1000.00 1.1330 0.4333 0.4799 86.3761 1.9387 -59.4420 3.1409 0.0000 -0.0000 453 pedestrian_0011
Pedestrian 0.00 1.00 0 0 0 0 0 0 0 0 645.06 360.08 647.07 364.03 1.9158 0.4880 0.7100 -269.7188 1.9528 -154.4235 1.6575 0.0000 -0.0000 454 pedestrian_0018
Pedestrian 1.00 1.00 0 0 0 0 0 0 0 0 -1000.00 -1000.00 -1000.00 -1000.00 1.9158 0.4880 0.5385 92.3424 1.8946 -219.0979 -0.2343 0.0000 -0.0000 455 pedestrian_0021
Pedestrian 1.00 1.00 0 0 0 0 0 0 0 0 -1000.00 -1000.00 -1000.00 -1000.00 1.9158 0.4880 0.5028 207.7157 1.9503 -20.5505 -1.5330 0.0000 -0.0000 456 pedestrian_0007
Pedestrian 1.00 1.00 0 0 0 0 0 0 0 0 -1000.00 -1000.00 -1000.00 -1000.00 1.9158 0.4880 0.7507 57.9636 2.1026 14.0879 -1.5326 0.0000 -0.0000 457 pedestrian_0021
Pedestrian 1.00 1.00 0 0 0 0 0 0 0 0 -1000.00 -1000.00 -1000.00 -1000.00 1.9158 0.4880 0.7507 162.8277 -7.8818 44.4740 1.6539 0.0000 -0.0000 458 pedestrian_0019
Pedestrian 0.00 1.00 0 0 0 0 0 0 0 0 1340.25 362.25 1342.63 365.44 1.1330 0.4333 0.5520 -198.9089 1.9393 133.9381 -2.7744 0.0000 -0.0000 459 pedestrian_0009
Pedestrian 0.00 1.00 0 0 0 0 0 0 0 0 1429.45 360.11 1432.85 366.39 1.9158 0.4880 0.6549 -170.4894 1.9507 141.8047 3.1286 0.0000 -0.0000 460 pedestrian_0004
Pedestrian 0.00 1.00 0 0 0 0 0 0 0 0 354.63 363.66 359.42 371.78 1.3390 0.3253 0.4371 -92.6689 1.9449 -101.9279 1.5766 0.0000 -0.0000 461 pedestrian_0012
Pedestrian 0.00 1.00 0 0 0 0 0 0 0 0 596.94 360.12 600.09 366.64 1.9158 0.4880 0.6073 -164.0533 1.9502 -108.5593 1.5712 0.0000 -0.0000 462 pedestrian_0006
Pedestrian 1.00 1.00 0 0 0 0 0 0 0 0 -1000.00 -1000.00 -1000.00 -1000.00 1.1330 0.4333 0.6667 29.6384 1.9387 -78.3488 0.1120 0.0000 -0.0000 463 pedestrian_0009
Pedestrian 0.00 1.00 0 0 0 0 0 0 0 0 581.89 362.32 584.67 367.48 1.3390 0.3253 0.5005 -145.0907 1.9418 -100.1529 -1.4981 0.0000 -0.0000 464 pedestrian_0014
Pedestrian 0.00 1.00 0 0 0 0 0 0 0 0 871.71 364.84 876.10 371.71 1.1330 0.4333 0.6667 -93.0574 1.9389 -16.5331 -1.5569 0.0000 -0.0000 465 pedestrian_0010
Pedestrian 0.00 1.00 0 0 0 0 0 0 0 0 459.24 360.21 464.77 371.88 1.9158 0.4880 0.4698 -92.2679 1.9502 -84.2116 1.5446 0.0000 -0.0000 466 pedestrian_0017
Pedestrian 1.00 1.00 149 172 283 4800 0 0 25 0 -1000.00 -1000.00 -1000.00 -1000.00 1.9158 0.4880 0.4613 3.5853 1.8935 7.4134 -2.6434 0.0000 -0.0000 467 pedestrian_0004
Pedestrian 1.00 1.00 1 3 5 15 0 0 0 2 -1000.00 -1000.00 -1000.00 -1000.00 1.9158 0.4880 0.5951 97.1254 1.9499 30.1329 3.1149 0.0000 -0.0000 468 pedestrian_0021
Pedestrian 1.00 1.00 0 0 0 9 0 0 0 0 -1000.00 -1000.00 -1000.00 -1000.00 1.3390 0.3253 0.4552 10.8162 1.8889 -48.3117 -0.9021 0.0000 -0.0000 469 pedestrian_0013
Pedestrian 1.00 1.00 0 0 0 0 0 0 0 0 -1000.00 -1000.00 -1000.00 -1000.00 1.9158 0.4880 0.6412 88.0599 1.9498 -190.4174 1.6833 0.0000 -0.0000 470 pedestrian_0001
Pedestrian 1.00 1.00 0 0 0 0 0 0 0 0 -1000.00 -1000.00 -1000.00 -1000.00 1.9158 0.4880 0.7507 30.9798 1.9501 -60.1783 0.0244 0.0000 -0.0000 471 pedestrian_0015
Pedestrian 0.00 1.00 0 0 0 0 0 0 0 0 1419.76 360.11 1423.51 366.30 1.9158 0.4880 0.7507 -173.0494 1.9507 141.0283 0.3108 0.0000 -0.0000 472 pedestrian_0024
Pedestrian 1.00 1.00 0 0 0 0 0 0 0 0 -1000.00 -1000.00 -1000.00 -1000.00 1.3390 0.3253 0.3471 -74.7987 1.9433 -220.6586 1.5180 0.0000 -0.0000 473 pedestrian_0013
Pedestrian 1.00 1.00 0 0 0 0 0 0 0 0 -1000.00 -1000.00 -1000.00 -1000.00 1.9158 0.4880 0.6667 -79.1417 1.9499 -289.0009 0.0181 0.0000 -0.0000 474 pedestrian_0018
Pedestrian 1.00 1.00 0 0 0 0 0 0 0 0 -1000.00 -1000.00 -1000.00 -1000.00 1.3390 0.3253 0.4791 72.6613 2.0939 -172.9746 3.1239 0.0000 -0.0000 475 pedestrian_0012
Pedestrian 0.00 1.00 0 0 0 0 0 0 0 0 1484.93 360.21 1491.55 371.63 1.9158 0.4880 0.6458 -94.3065 1.9514 86.6523 -1.5927 0.0000 -0.0000 476 pedestrian_0026
Pedestrian 1.00 1.00 0 0 0 0 0 0 0 0 -1000.00 -1000.00 -1000.00 -1000.00 1.9158 0.4880 0.5356 -89.9916 1.9499 -288.1597 -0.2312 0.0000 -0.0000 477 pedestrian_0016
Pedestrian 1.00 1.00 0 0 0 0 0 0 0 0 -1000.00 -1000.00 -1000.00 -1000.00 1.9158 0.4880 0.7507 62.3227 1.9500 -120.5715 -1.6085 0.0000 -0.0000 478 pedestrian_0006
Pedestrian 1.00 1.00 0 0 0 0 0 0 0 0 -1000.00 -1000.00 -1000.00 -1000.00 1.9158 0.4880 0.5946 -108.8724 1.9498 -288.7191 -3.1251 0.0000 -0.0000 479 pedestrian_0001
Pedestrian 1.00 1.00 0 0 0 0 0 0 0 0 -1000.00 -1000.00 -1000.00 -1000.00 1.9158 0.4880 0.7507 82.0705 1.9503 54.2430 1.5796 0.0000 -0.0000 480 pedestrian_0021
Car 1.00 1.00 0 0 0 0 0 0 0 0 -1000.00 -1000.00 -1000.00 -1000.00 1.6980 1.9434 4.1871 17.8163 1.9850 -136.4914 -1.5556 0.0000 -0.0000 481 citroen_c3
Car 1.00 1.00 0 0 0 0 0 0 0 0 -1000.00 -1000.00 -1000.00 -1000.00 1.9718 2.0005 4.0595 18.4247 1.9505 -125.4402 -1.5556 0.0000 -0.0000 482 jeep_wrangler_rubicon
Car 1.00 1.00 0 0 0 0 0 0 0 0 -1000.00 -1000.00 -1000.00 -1000.00 1.9718 2.0005 4.0595 48.9311 1.9855 -135.4218 1.5860 0.0000 -0.0000 483 jeep_wrangler_rubicon
Car 1.00 1.00 0 0 0 0 0 0 0 0 -1000.00 -1000.00 -1000.00 -1000.00 1.9718 2.0005 4.0595 15.4838 1.9505 -125.4849 -1.5556 0.0000 -0.0000 484 jeep_wrangler_rubicon
Car 1.00 1.00 0 0 0 0 0 0 0 0 0.00 360.18 0.30 378.51 1.9718 2.0005 4.0595 -62.7673 1.9929 -113.6408 0.0152 0.0000 -0.0000 485 nissan_patrol
Car 1.00 1.00 0 0 0 0 0 0 0 0 -1000.00 -1000.00 -1000.00 -1000.00 1.5488 2.0688 3.9961 -62.7374 2.0206 -116.5359 -3.1264 0.0000 -0.0000 486 nissan_patrol
Car 0.37 1.00 0 0 0 0 0 0 0 0 0.00 364.72 73.71 380.84 1.4855 2.1349 -5.6254 -56.6026 1.9826 -96.6445 -3.1264 0.0000 -0.0000 487 nissan_patrol
Car 1.00 1.00 0 0 0 0 0 0 0 0 -1000.00 -1000.00 -1000.00 -1000.00 1.6244 1.8781 -3.8906 -56.3451 1.9687 -113.5420 0.0152 0.0000 -0.0000 488 nissan_patrol
Car 1.00 1.00 0 0 0 19 0 0 0 0 -1000.00 -1000.00 -1000.00 -1000.00 1.7506 2.3538 -4.8416 -39.2216 2.0495 -90.7620 0.0152 0.0000 -0.0000 489 nissan_patrol
Car 1.00 1.00 16 18 27 131 2 0 0 0 -1000.00 -1000.00 -1000.00 -1000.00 1.9718 2.0005 -4.0595 -39.0432 1.9929 -105.0589 -3.1264 0.0000 -0.0000 490 nissan_patrol
Car 0.00 1.00 0 0 0 0 0 0 0 0 124.33 360.26 204.20 378.39 1.9476 2.0282 4.8347 -63.0677 1.9780 -91.1249 -3.1264 0.0000 -0.0000 491 nissan_patrol
Car 0.00 1.00 0 0 0 0 0 0 0 0 103.25 360.18 174.68 378.41 1.9718 2.0005 4.0595 -63.0813 1.9929 -94.0196 -3.1264 0.0000 -0.0000 492 nissan_patrol
Car 1.00 1.00 0 0 0 0 0 0 0 0 -1000.00 -1000.00 -1000.00 -1000.00 1.6244 1.8781 3.8906 -45.6203 1.9687 -93.7548 0.0152 0.0000 -0.0000 493 nissan_patrol
Car 1.00 1.00 0 0 0 0 0 0 0 0 -1000.00 -1000.00 -1000.00 -1000.00 1.5488 2.0688 3.9961 -45.5777 2.0207 -96.4784 -3.1264 0.0000 -0.0000 494 nissan_patrol
Car 1.00 1.00 0 0 0 4 0 0 0 0 -1000.00 -1000.00 -1000.00 -1000.00 2.1397 2.1728 4.7017 -45.4222 1.9794 -105.1570 -3.1264 0.0000 -0.0000 495 nissan_patrol
Car 1.00 1.00 5 5 12 63 1 0 0 0 -1000.00 -1000.00 -1000.00 -1000.00 1.9476 2.0282 4.8347 -45.2492 1.9779 -113.3729 -3.1264 0.0000 -0.0000 496 nissan_patrol
Car 1.00 1.00 0 0 0 6 1 0 0 0 -1000.00 -1000.00 -1000.00 -1000.00 1.5100 1.8730 4.1000 -45.2724 1.9696 -116.2700 -3.1264 0.0000 -0.0000 497 nissan_patrol
Car 1.00 1.00 5 10 14 71 2 0 0 0 -1000.00 -1000.00 -1000.00 -1000.00 1.5488 2.0688 3.9961 -30.3959 2.0206 -102.0329 0.0152 0.0000 -0.0000 498 nissan_patrol
Car 1.00 1.00 0 0 0 3 0 0 0 0 -1000.00 -1000.00 -1000.00 -1000.00 1.5100 1.8730 4.1000 -30.3558 1.9696 -104.9277 0.0152 0.0000 -0.0000 499 nissan_patrol
Car 1.00 1.00 0 0 0 0 0 0 0 0 -1000.00 -1000.00 -1000.00 -1000.00 1.9476 2.0282 4.8347 -30.2676 1.9779 -107.6101 -3.1264 0.0000 -0.0000 500 nissan_patrol
Car 1.00 1.00 22 18 28 142 4 0 0 0 -1000.00 -1000.00 -1000.00 -1000.00 2.1397 2.1728 -4.7017 -24.1782 1.9795 -90.5330 -3.1264 0.0000 -0.0000 501 nissan_patrol
Car 1.00 1.00 4 6 10 33 3 0 0 0 -1000.00 -1000.00 -1000.00 -1000.00 1.9476 2.0282 -4.8347 -24.0673 1.9779 -93.4269 0.0152 0.0000 -0.0000 502 nissan_patrol
Car 1.00 1.00 17 19 23 95 6 0 0 0 -1000.00 -1000.00 -1000.00 -1000.00 1.6244 1.8781 -3.8906 -23.8814 1.9686 -110.4084 -3.1264 0.0000 -0.0000 503 nissan_patrol
Car 1.00 1.00 5 3 6 24 0 0 0 0 -1000.00 -1000.00 -1000.00 -1000.00 1.7506 2.3538 -4.8416 -23.8655 2.0494 -113.0476 -3.1264 0.0000 -0.0000 504 nissan_patrol
Car 1.00 1.00 0 0 0 0 0 0 0 0 -1000.00 -1000.00 -1000.00 -1000.00 1.9476 2.0282 4.8347 22.3042 1.9414 -137.0920 1.5860 0.0000 -0.0000 505 nissan_patrol
Car 1.00 1.00 0 0 0 0 0 0 0 0 -1000.00 -1000.00 -1000.00 -1000.00 1.5475 1.9070 4.4025 46.1264 1.9629 -135.0633 1.5860 0.0000 -0.0000 506 seat_leon
Car 1.00 1.00 0 0 0 0 0 0 0 0 -1000.00 -1000.00 -1000.00 -1000.00 2.5908 2.7453 5.4640 31.6946 1.9999 -136.8858 1.5860 0.0000 -0.0000 507 carlamotors_carlacola
Car 1.00 1.00 0 0 0 0 0 0 0 0 -1000.00 -1000.00 -1000.00 -1000.00 2.5908 2.7453 5.4640 116.0604 2.0212 -145.3610 -1.5556 0.0000 -0.0000 508 carlamotors_carlacola
Car 1.00 1.00 0 0 0 0 0 0 0 0 -1000.00 -1000.00 -1000.00 -1000.00 2.5908 2.7453 5.4640 119.5486 2.0212 -145.3079 -1.5556 0.0000 -0.0000 509 carlamotors_carlacola
Car 1.00 1.00 0 0 0 0 0 0 0 0 -1000.00 -1000.00 -1000.00 -1000.00 2.5908 2.7453 5.4640 113.9942 1.8991 -117.1504 -3.1264 0.0000 -0.0000 510 carlamotors_carlacola
Car 1.00 1.00 0 0 0 0 0 0 0 0 -1000.00 -1000.00 -1000.00 -1000.00 2.5908 2.7453 5.4640 27.3842 1.9999 -136.9514 1.5860 0.0000 -0.0000 511 carlamotors_carlacola
Car 1.00 1.00 0 0 0 0 0 0 0 0 -1000.00 -1000.00 -1000.00 -1000.00 2.2031 2.5091 6.5872 53.8192 2.0111 -26.3733 1.0624 0.0000 -0.0000 512 tesla_cybertruck