Car 0.76 1.00 0 0 0 0 0 0 0 0 0.00 361.99 9.76 367.62 1.5542 2.3421 5.1370 -156.8293 2.1342 -274.9670 -0.0581 -0.0014 0.0107 0 lincoln2020_mkz2020
Car 1.00 1.00 6662 237559 379977 0 0 0 0 0 -1000.00 -1000.00 -1000.00 -1000.00 2.1397 2.1728 4.7045 -0.0005 2.0932 -2.2389 1.5708 0.0000 0.0000 1 volkswagen_t2
Motorcycle 1.00 1.00 0 0 0 0 0 0 0 0 -1000.00 -1000.00 -1000.00 -1000.00 1.6960 1.0692 2.4735 -89.5620 2.1235 -239.6712 -1.5832 0.0017 0.0000 2 harley_davidson_low_rider
Motorcycle 0.00 1.00 0 0 0 0 0 0 0 0 417.63 360.97 426.04 364.93 1.6960 1.0692 2.4735 -241.4264 2.1236 -235.6405 -0.9587 0.0032 -0.0052 3 harley_davidson_low_rider
Car 1.00 1.00 0 0 0 0 0 0 0 0 -1000.00 -1000.00 -1000.00 -1000.00 1.6320 2.1403 5.2230 132.0656 2.1270 -63.1449 -3.1207 -0.0037 0.0006 4 dodge_charger_police
Car 0.00 1.00 0 0 0 0 0 0 0 0 168.08 361.68 196.88 366.41 1.5542 2.3421 5.1370 -185.9945 2.1343 -261.6664 2.7808 -0.0017 -0.0113 5 lincoln2020_mkz2020
Car 1.00 1.00 0 0 0 0 0 0 0 0 -1000.00 -1000.00 -1000.00 -1000.00 1.4546 2.0938 4.3903 -6.4931 -1.3335 122.5980 0.0198 -0.1157 -0.0005 6 audi_tt
Car 1.00 1.00 0 0 0 0 0 0 0 0 -1000.00 -1000.00 -1000.00 -1000.00 1.4477 1.5550 2.3177 -27.1079 2.1415 -163.4268 0.0047 -0.0058 0.0000 7 bmw_isetta
Car 1.00 1.00 0 0 0 0 0 0 0 0 -1000.00 -1000.00 -1000.00 -1000.00 1.7173 2.2591 5.2781 26.1817 -5.0071 123.3288 0.0180 -0.0944 -0.0004 8 mercedes_benz_coupe
Car 0.00 0.40 144 150 235 10319 0 19 31 0 1399.06 379.00 1590.07 424.00 1.4812 2.1349 5.6254 -20.5370 2.1429 16.0696 0.0197 0.0000 -0.0000 9 chevrolet_impala
Car 1.00 1.00 0 0 0 0 0 0 0 0 -1000.00 -1000.00 -1000.00 -1000.00 1.6115 2.2019 5.2564 133.0504 2.0808 44.2761 -1.4454 0.0014 0.0002 10 charger2020_charger2020
Car 1.00 1.00 0 0 0 0 0 0 0 0 -1000.00 -1000.00 -1000.00 -1000.00 2.2031 2.5091 6.5872 132.4738 2.0955 -142.0799 -1.5550 -0.0000 0.0000 11 tesla_cybertruck
Car 0.00 1.00 0 0 0 0 0 0 0 0 270.68 364.24 320.91 375.03 1.5140 2.1024 4.9073 -80.9266 2.1345 -97.9381 1.5237 0.0000 -0.0000 12 mercedesccc_mercedesccc
Car 1.00 1.00 0 0 0 0 0 0 0 0 -1000.00 -1000.00 -1000.00 -1000.00 1.6980 1.9434 4.1871 153.8147 2.1443 -154.0202 3.1371 -0.0000 0.0000 13 citroen_c3
Car 1.00 1.00 0 0 0 0 0 0 0 0 -1000.00 -1000.00 -1000.00 -1000.00 1.4812 2.1349 5.6254 91.8059 2.1426 -63.8432 -3.1242 -0.0000 0.0000 14 chevrolet_impala
Car 1.00 1.00 0 0 0 0 0 0 0 0 -1000.00 -1000.00 -1000.00 -1000.00 1.6320 2.1403 5.2230 132.2740 2.0932 -131.4412 -1.5471 -0.0048 -0.0004 15 dodge_charger_police
Car 1.00 1.00 0 0 1 1 0 0 0 0 -1000.00 -1000.00 -1000.00 -1000.00 1.5863 2.2347 5.1468 -19.6939 2.1365 -166.8854 0.0141 0.0000 -0.0000 16 lincoln_mkz2017
Car 0.00 1.00 0 0 0 0 0 0 0 0 1304.40 361.24 1323.60 366.70 1.7318 2.1344 5.0985 -182.4158 2.1512 113.5661 0.3116 0.0006 -0.0036 17 audi_etron
Car 1.00 1.00 0 0 0 0 0 0 0 0 -1000.00 -1000.00 -1000.00 -1000.00 1.7506 2.3538 4.8416 -26.1572 2.1318 -166.9799 0.0138 0.0000 -0.0000 18 bmw_grandtourer
Car 1.00 1.00 0 0 0 0 0 0 0 0 -1000.00 -1000.00 -1000.00 -1000.00 1.5765 1.9374 3.8150 65.2616 2.1226 59.6381 -1.4995 -0.0006 -0.0014 19 nissan_micra
Motorcycle 1.00 1.00 0 1 2 11 0 0 0 0 -1000.00 -1000.00 -1000.00 -1000.00 1.6960 1.0692 2.4735 -24.7681 2.1239 -76.3998 0.0175 0.0031 -0.0000 20 harley_davidson_low_rider
Car 1.00 1.00 0 0 0 0 0 0 0 0 -1000.00 -1000.00 -1000.00 -1000.00 1.5765 1.9374 3.8150 -78.5049 2.1221 -186.6593 1.5594 0.0001 -0.0000 21 nissan_micra
Car 1.00 1.00 0 0 0 0 0 0 0 0 -1000.00 -1000.00 -1000.00 -1000.00 1.7203 2.2019 5.4994 128.5975 2.1201 -69.5896 0.2154 -0.0040 -0.0020 22 chargercop2020_chargercop2020
Car 1.00 1.00 32 28 45 221 4 0 0 0 -1000.00 -1000.00 -1000.00 -1000.00 1.5475 1.9070 4.4025 -23.4448 2.1355 -72.8531 0.0173 0.0000 -0.0000 23 seat_leon
Car 1.00 1.00 0 0 0 0 0 0 0 0 -1000.00 -1000.00 -1000.00 -1000.00 1.3660 1.9896 4.9534 -84.8811 2.1342 -171.3980 -1.9054 -0.0002 0.0003 24 mustang_mustang
Cyclist 0.00 0.41 1 1 1 8 0 0 0 0 1207.70 360.95 1220.95 373.86 1.9709 0.6705 1.7250 -86.4260 2.1228 36.9333 -1.5561 0.0050 0.0000 25 diamondback_century
Cyclist 0.00 0.53 3 5 8 37 0 0 0 0 1158.05 363.15 1169.69 377.49 1.7065 0.8593 1.4873 -68.0761 2.0923 22.4120 -3.1401 -0.0001 0.0000 26 bh_crossbike
Car 0.00 1.00 0 0 0 0 0 0 0 0 362.60 360.07 423.58 379.63 2.1397 2.1728 4.7045 -64.0844 2.1485 -66.5987 -3.1230 0.0000 0.0000 27 volkswagen_t2
Car 0.00 1.00 0 0 0 0 0 0 0 0 1520.35 361.02 1557.77 373.42 1.9718 2.0005 4.0595 -90.5680 2.1400 91.2697 -1.5267 -0.0004 -0.0001 28 jeep_wrangler_rubicon
Car 1.00 1.00 40 40 68 361 0 0 0 7 -1000.00 -1000.00 -1000.00 -1000.00 1.5627 2.2716 5.0314 49.0937 2.1404 13.5490 0.0150 0.0000 -0.0000 29 tesla_model3
Car 1.00 1.00 0 0 0 0 0 0 0 0 -1000.00 -1000.00 -1000.00 -1000.00 1.4546 2.0938 4.3903 76.4100 2.1418 -182.3316 1.5792 0.0000 -0.0000 30 audi_tt
Car 1.00 1.00 0 0 0 0 0 0 0 0 -1000.00 -1000.00 -1000.00 -1000.00 1.5488 2.0688 3.9961 138.7054 2.0795 -92.3144 1.5876 0.0000 -0.0000 31 mini_cooperst
Car 1.00 1.00 0 0 0 0 0 0 0 0 -1000.00 -1000.00 -1000.00 -1000.00 1.6011 2.1072 4.7392 73.3979 2.1364 -3.6643 1.5950 -0.0000 -0.0000 32 toyota_prius
Car 0.00 1.00 0 0 0 0 0 0 0 0 764.14 360.03 783.37 367.71 2.1397 2.1728 4.7045 -156.7259 2.1487 -54.5363 -1.5227 0.0000 0.0000 33 volkswagen_t2
Car 0.00 1.00 0 0 1 0 0 0 0 0 1566.28 363.54 1613.75 374.51 1.6011 2.1072 4.7392 -83.7462 2.1368 91.7332 1.5858 -0.0000 -0.0000 34 toyota_prius
Car 1.00 1.00 0 0 0 0 0 0 0 0 -1000.00 -1000.00 -1000.00 -1000.00 1.3660 1.9896 4.9534 77.2352 2.1342 -17.5604 1.5744 -0.0000 -0.0000 35 mustang_mustang
Car 1.00 1.00 0 0 0 0 0 0 0 0 -1000.00 -1000.00 -1000.00 -1000.00 1.6011 2.1072 4.7392 186.8473 2.1362 22.5230 3.0670 -0.0000 0.0011 36 toyota_prius
Car 1.00 1.00 6 6 11 40 4 0 0 0 -1000.00 -1000.00 -1000.00 -1000.00 1.7506 2.3538 4.8416 -1.8145 2.0765 -91.7182 1.5920 0.0000 -0.0000 37 bmw_grandtourer
Car 1.00 1.00 0 0 0 0 0 0 0 0 -1000.00 -1000.00 -1000.00 -1000.00 2.2031 2.5091 6.5872 139.1901 2.1265 -158.0208 3.1090 0.0002 0.0030 38 tesla_cybertruck
Motorcycle 1.00 1.00 0 0 0 0 0 0 0 0 -1000.00 -1000.00 -1000.00 -1000.00 1.6387 1.2138 2.3199 137.2365 2.0900 2.7235 1.5854 -0.0000 0.0000 39 yamaha_yzf
Car 0.00 1.00 0 0 0 0 0 0 0 0 280.51 361.26 332.70 375.64 1.9476 2.0282 4.8347 -77.3439 2.1238 -92.1524 1.5597 -0.0004 0.0000 40 nissan_patrol
Car 1.00 1.00 0 0 0 8 0 0 0 0 -1000.00 -1000.00 -1000.00 -1000.00 1.6115 2.2019 5.2564 -1.5392 2.0807 -98.1079 1.6386 -0.0001 0.0006 41 charger2020_charger2020
Car 1.00 1.00 0 0 0 0 0 0 0 0 -1000.00 -1000.00 -1000.00 -1000.00 1.6115 2.2019 5.2564 89.6531 2.1358 -162.0867 -0.0949 -0.0009 0.0036 42 charger2020_charger2020
Motorcycle 1.00 1.00 0 0 0 0 0 0 0 0 -1000.00 -1000.00 -1000.00 -1000.00 1.6649 1.0692 2.4735 136.5766 2.0681 43.9802 1.5911 0.0046 -0.0016 43 harley_davidson_low_rider
Car 1.00 1.00 0 0 0 0 0 0 0 0 -1000.00 -1000.00 -1000.00 -1000.00 1.5542 2.3421 5.1370 -98.3107 2.1340 -274.1236 0.6396 0.0000 0.0000 44 lincoln2020_mkz2020
Motorcycle 1.00 1.00 0 0 0 0 0 0 0 0 -1000.00 -1000.00 -1000.00 -1000.00 1.6960 1.0692 2.4735 77.0889 2.1239 -12.3050 1.5877 0.0030 0.0000 45 harley_davidson_low_rider
Cyclist 1.00 1.00 0 0 0 0 0 0 0 0 -1000.00 -1000.00 -1000.00 -1000.00 1.9310 0.5921 1.9272 52.5835 2.1136 -162.4063 0.0139 -0.0041 -0.0000 46 gazelle_omafiets
Car 1.00 1.00 2877 3136 5026 208364 0 0 1650 0 -1000.00 -1000.00 -1000.00 -1000.00 1.7318 2.1344 5.0985 0.0226 2.0957 4.2206 1.5672 -0.0000 -0.0000 47 audi_etron
Car 1.00 1.00 0 0 0 0 0 0 0 0 -1000.00 -1000.00 -1000.00 -1000.00 1.9476 2.0282 4.8347 119.8848 2.1247 14.5848 0.0136 -0.0032 -0.0000 48 nissan_patrol
Car 0.00 0.70 50 62 99 2349 0 13 6 0 1295.20 369.67 1401.22 406.17 1.7203 2.2019 5.4994 -27.1032 2.1390 15.8705 0.0608 -0.0001 0.0007 49 chargercop2020_chargercop2020
Car 0.00 1.00 0 0 0 0 0 0 0 0 661.09 361.83 678.60 367.81 1.6244 1.8781 3.8906 -153.5747 2.1324 -82.0767 1.7594 0.0012 0.0003 50 audi_a2
Car 1.00 1.00 0 0 0 0 0 0 0 0 -1000.00 -1000.00 -1000.00 -1000.00 1.5863 2.2347 5.1468 -60.4535 2.1365 -164.3405 0.0122 -0.0002 0.0003 51 lincoln_mkz2017
Cyclist 0.00 0.96 1 1 2 4 0 1 0 0 1151.97 360.92 1164.29 373.33 1.9709 0.6705 1.7250 -89.8593 2.1228 29.5031 -1.5880 0.0050 0.0000 52 diamondback_century
Cyclist 1.00 1.00 4 8 11 47 1 0 0 0 -1000.00 -1000.00 -1000.00 -1000.00 1.9311 0.5921 1.9272 -28.6040 2.1139 -72.9691 0.0173 -0.0040 0.0000 53 gazelle_omafiets
Car 1.00 1.00 0 0 0 0 0 0 0 0 -1000.00 -1000.00 -1000.00 -1000.00 1.7173 2.2591 5.2781 142.0839 2.0956 -84.5900 1.5864 -0.0071 -0.0002 54 mercedes_benz_coupe
Car 1.00 1.00 0 0 0 0 0 0 0 0 -1000.00 -1000.00 -1000.00 -1000.00 1.5542 2.3421 5.1370 60.8342 2.0788 -212.7511 0.1076 0.0003 -0.0005 55 lincoln2020_mkz2020
Car 1.00 1.00 0 0 0 0 0 0 0 0 -1000.00 -1000.00 -1000.00 -1000.00 1.7506 2.3538 4.8416 20.3895 2.1318 -159.2990 3.1295 -0.0000 -0.0000 56 bmw_grandtourer
Car 1.00 1.00 0 0 0 0 0 0 0 0 -1000.00 -1000.00 -1000.00 -1000.00 1.4546 2.0938 4.3903 75.6671 2.1420 -93.3887 1.5790 0.0000 -0.0000 57 audi_tt
Car 0.00 1.00 0 0 0 0 0 0 0 0 312.13 362.85 366.18 375.28 1.7173 2.2591 5.2781 -80.8491 2.1513 -91.5836 1.5609 -0.0071 -0.0002 58 mercedes_benz_coupe
Car 1.00 1.00 0 0 0 0 0 0 0 0 -1000.00 -1000.00 -1000.00 -1000.00 1.5542 2.3421 5.1370 48.4509 2.1342 -75.1195 0.0178 0.0000 -0.0000 59 lincoln2020_mkz2020
Car 1.00 1.00 0 0 0 0 0 0 0 0 -1000.00 -1000.00 -1000.00 -1000.00 2.1397 2.1728 4.7045 75.3479 2.1486 60.6966 1.5952 0.0000 -0.0000 60 volkswagen_t2
Car 1.00 1.00 0 0 0 1 0 0 0 0 -1000.00 -1000.00 -1000.00 -1000.00 1.7506 2.3538 4.8416 134.5554 2.0767 30.7020 -1.4850 0.0000 0.0001 61 bmw_grandtourer
Car 1.00 1.00 0 0 0 0 0 0 0 0 -1000.00 -1000.00 -1000.00 -1000.00 1.6320 2.1403 5.2230 120.0860 2.0928 -201.8640 -2.6341 -0.0035 0.0137 62 dodge_charger_police
Car 1.00 1.00 2 2 1 2 1 0 0 0 -1000.00 -1000.00 -1000.00 -1000.00 1.6980 1.9434 4.1871 2.0172 2.0891 -107.5599 1.5916 -0.0000 0.0000 63 citroen_c3
Car 1.00 1.00 0 0 0 0 0 0 0 0 -1000.00 -1000.00 -1000.00 -1000.00 1.4812 2.1349 5.6254 47.7097 2.1425 -162.4688 0.0137 0.0000 -0.0000 64 chevrolet_impala
Car 0.00 0.03 400 443 725 34409 0 55 73 0 1353.68 377.00 1531.00 433.00 1.6115 2.2019 5.2564 -18.3006 2.1342 12.4377 0.0022 -0.0017 0.0031 65 charger2020_charger2020
Car 1.00 1.00 0 1 1 32 0 0 0 0 -1000.00 -1000.00 -1000.00 -1000.00 1.3660 1.9896 4.9534 93.6318 2.1341 17.3501 0.0009 -0.0000 0.0001 66 mustang_mustang
Motorcycle 1.00 1.00 0 0 0 0 0 0 0 0 -1000.00 -1000.00 -1000.00 -1000.00 1.5852 1.1236 2.1350 77.0046 2.0998 -8.0056 1.5944 -0.0000 -0.0000 67 kawasaki_ninja
Car 0.00 1.00 0 0 0 0 0 0 0 0 1020.57 361.45 1031.77 365.63 1.5488 2.0688 3.9961 -208.7444 2.0967 22.5619 -1.7801 -0.0000 0.0002 68 mini_cooperst
Car 0.00 1.00 0 0 0 0 0 0 0 0 703.16 362.04 725.09 367.66 1.5542 2.3421 5.1370 -156.8787 2.1336 -71.3479 -1.5192 -0.0001 -0.0003 69 lincoln2020_mkz2020
Car 1.00 1.00 44 47 86 342 103 0 0 0 -1000.00 -1000.00 -1000.00 -1000.00 1.9718 2.0005 4.0595 -0.9328 2.1086 -65.4532 -3.1259 -0.0004 -0.0006 70 jeep_wrangler_rubicon
Car 1.00 1.00 0 0 0 0 0 0 0 0 -1000.00 -1000.00 -1000.00 -1000.00 1.7506 2.3538 4.8416 -78.3711 2.1318 -180.7774 1.5592 0.0000 -0.0000 71 bmw_grandtourer
Car 1.00 1.00 0 0 0 0 0 0 0 0 -1000.00 -1000.00 -1000.00 -1000.00 2.2031 2.5091 6.5872 135.9616 2.0955 -141.2962 -1.5552 0.0000 -0.0000 72 tesla_cybertruck
Car 0.00 1.00 0 0 0 0 0 0 0 0 952.65 363.58 980.73 375.38 1.6244 1.8781 3.8906 -78.8546 2.1335 -1.3241 1.5864 -0.0005 -0.0011 73 audi_a2
Car 1.00 1.00 0 0 0 0 0 0 0 0 -1000.00 -1000.00 -1000.00 -1000.00 1.7203 2.2019 5.4994 71.7027 2.1385 -96.2620 -1.5313 -0.0009 0.0009 74 chargercop2020_chargercop2020
Car 0.00 1.00 0 0 0 0 0 0 0 0 924.01 363.41 960.17 374.94 1.6320 2.1403 5.2230 -82.2928 2.1492 -4.8431 1.5862 -0.0043 0.0000 75 dodge_charger_police
Car 0.00 0.10 191 204 327 2006 0 23 0 0 1249.82 374.54 1344.90 410.00 1.5140 2.1024 4.9073 -25.4954 2.1346 12.4254 0.0407 0.0001 0.0000 76 mercedesccc_mercedesccc
Car 1.00 1.00 0 0 2 2 0 0 0 0 -1000.00 -1000.00 -1000.00 -1000.00 1.6244 1.8781 3.8906 -3.6994 2.0962 -171.0172 -1.5353 -0.0147 0.0027 77 audi_a2
Car 0.00 1.00 0 0 0 0 0 0 0 0 193.79 365.22 268.10 383.77 1.6244 1.8781 3.8906 -52.6752 2.1312 -70.0371 -3.0915 0.0037 -0.0008 78 audi_a2
Car 1.00 1.00 0 0 0 0 0 0 0 0 -1000.00 -1000.00 -1000.00 -1000.00 1.7203 2.2019 5.4994 13.0056 2.1386 -159.3599 -3.0872 -0.0001 0.0007 79 chargercop2020_chargercop2020
Car 0.00 1.00 0 0 0 0 0 0 0 0 902.96 359.96 921.27 367.71 2.1397 2.1728 4.7045 -158.5498 2.1487 -15.8511 -1.8425 -0.0002 0.0088 80 volkswagen_t2
Car 1.00 1.00 0 0 0 0 0 0 0 0 -1000.00 -1000.00 -1000.00 -1000.00 1.3660 1.9896 4.9534 53.5377 2.1340 -165.8875 0.0137 0.0000 -0.0000 81 mustang_mustang
Car 1.00 1.00 0 1 2 24 4 0 0 0 -1000.00 -1000.00 -1000.00 -1000.00 1.7203 2.2019 5.4994 1.9210 2.0833 -95.0061 1.6250 -0.0001 0.0007 82 chargercop2020_chargercop2020
Car 0.00 1.00 0 0 0 4 0 0 0 0 1583.71 363.52 1625.96 375.11 1.6244 1.8781 3.8906 -80.2292 2.1336 89.8615 1.5860 -0.0005 -0.0011 83 audi_a2
Car 1.00 1.00 0 0 0 0 0 0 0 0 -1000.00 -1000.00 -1000.00 -1000.00 1.6244 1.8781 3.8906 79.1068 2.1332 -86.5748 1.5799 -0.0005 -0.0011 84 audi_a2
Car 1.00 1.00 0 0 0 0 0 0 0 0 -1000.00 -1000.00 -1000.00 -1000.00 1.3660 1.9896 4.9534 159.7709 2.1339 -153.9404 3.1163 0.0000 -0.0000 85 mustang_mustang
Car 1.00 1.00 0 0 0 0 0 0 0 0 -1000.00 -1000.00 -1000.00 -1000.00 1.6244 1.8781 3.8906 -86.0625 2.1330 -241.5098 -1.5823 -0.0005 -0.0011 86 audi_a2
Car 0.00 1.00 0 0 0 0 0 0 0 0 693.96 360.34 707.59 365.77 1.9718 2.0005 4.0595 -204.2046 2.1014 -97.2492 1.5877 -0.0017 -0.0001 87 jeep_wrangler_rubicon
Car 1.00 1.00 0 0 0 0 0 0 0 0 -1000.00 -1000.00 -1000.00 -1000.00 1.9718 2.0005 4.0595 -86.0872 2.1394 -247.2452 -1.5829 -0.0004 -0.0001 88 jeep_wrangler_rubicon
Car 0.00 1.00 0 0 0 0 0 0 0 0 329.25 362.01 349.01 365.68 1.3660 1.9896 4.9534 -211.4072 2.1340 -237.8523 2.3919 -0.0001 -0.0013 89 mustang_mustang
Motorcycle 1.00 1.00 0 0 0 0 0 0 0 0 -1000.00 -1000.00 -1000.00 -1000.00 1.6649 1.0692 2.4735 140.1330 2.0679 42.8092 1.5863 0.0007 -0.0000 90 harley_davidson_low_rider
Car 0.00 1.00 0 0 0 0 0 0 0 0 1607.79 363.89 1652.35 374.47 1.5475 1.9070 4.4025 -83.8371 2.1358 97.8272 1.5857 0.0001 -0.0000 91 seat_leon
Motorcycle 1.00 1.00 0 0 0 0 0 0 0 0 -1000.00 -1000.00 -1000.00 -1000.00 1.6387 1.2138 2.3199 137.8530 2.0898 -28.5472 1.6121 0.0002 -0.0000 92 yamaha_yzf
Cyclist 0.00 1.00 0 0 0 0 0 0 0 0 1432.24 361.10 1448.31 373.03 1.9311 0.5921 1.9272 -91.3434 2.1135 76.0099 -1.7842 -0.0024 -0.0001 93 gazelle_omafiets
Car 0.00 1.00 0 0 0 0 0 0 0 0 695.80 362.24 711.32 367.97 1.5140 2.1024 4.9073 -151.9774 2.1342 -72.0431 -3.1054 -0.0000 -0.0000 94 mercedesccc_mercedesccc
Car 1.00 1.00 0 0 0 0 0 0 0 0 -1000.00 -1000.00 -1000.00 -1000.00 1.4546 2.0938 4.3903 69.4947 2.1418 -192.5357 -1.5640 0.0000 -0.0000 95 audi_tt
Car 0.00 1.00 0 0 0 0 0 0 0 0 233.14 360.06 287.39 375.84 2.1397 2.1728 4.7045 -77.3713 2.1487 -98.5589 1.5771 -0.0005 -0.0000 96 volkswagen_t2
Car 0.00 1.00 2 0 1 0 0 0 0 0 1265.20 363.96 1304.90 374.01 1.5140 2.1024 4.9073 -86.6063 2.1347 47.9076 -1.5556 0.0011 -0.0000 97 mercedesccc_mercedesccc
Car 1.00 1.00 0 0 0 0 0 0 0 0 -1000.00 -1000.00 -1000.00 -1000.00 1.4812 2.1349 5.6254 140.7697 2.0873 0.8577 1.5864 0.0000 -0.0000 98 chevrolet_impala
Car 1.00 1.00 0 0 0 0 0 0 0 0 -1000.00 -1000.00 -1000.00 -1000.00 1.5765 1.9374 3.8150 75.4132 2.1225 55.0282 1.5949 0.0001 -0.0000 99 nissan_micra
Motorcycle 1.00 1.00 0 0 0 0 0 0 0 0 -1000.00 -1000.00 -1000.00 -1000.00 1.5853 1.1236 2.1350 75.6262 2.0997 -88.5139 1.5787 -0.0001 0.0000 100 kawasaki_ninja
Car 0.00 1.00 0 0 0 0 0 0 0 0 789.61 360.37 801.38 364.63 1.9476 2.0282 4.8347 -256.8480 2.1244 -78.1528 -1.5526 -0.0023 0.0003 101 nissan_patrol
Car 0.00 1.00 0 0 0 0 0 0 0 0 907.62 360.06 941.96 375.54 2.1397 2.1728 4.7045 -78.7875 2.1487 -7.1448 1.5841 0.0000 -0.0000 102 volkswagen_t2
Car 0.00 1.00 0 0 0 0 0 0 0 0 1342.47 364.00 1372.44 372.08 1.3660 1.9896 4.9534 -99.7336 2.0961 68.4680 -0.0559 -0.0003 0.0000 103 mustang_mustang
Car 1.00 1.00 10 7 12 47 0 0 0 0 -1000.00 -1000.00 -1000.00 -1000.00 1.5627 2.2716 5.0314 49.6395 2.1404 17.0747 0.0141 0.0000 -0.0000 104 tesla_model3
Car 1.00 1.00 0 0 0 0 0 0 0 0 -1000.00 -1000.00 -1000.00 -1000.00 1.5542 2.3421 5.1370 132.5390 2.1097 -66.6593 -3.1213 0.0007 0.0006 105 lincoln2020_mkz2020
Car 1.00 1.00 0 0 0 0 0 0 0 0 -1000.00 -1000.00 -1000.00 -1000.00 1.5627 2.2716 5.0314 72.4035 2.1401 -80.2262 -1.7904 -0.0002 0.0016 106 tesla_model3
Car 0.00 1.00 0 0 0 0 0 0 0 0 607.65 363.42 639.34 373.61 1.5765 1.9374 3.8150 -88.4902 2.1224 -55.3079 -1.5423 0.0000 -0.0000 107 nissan_micra
Cyclist 0.00 1.00 0 0 0 0 0 0 0 0 342.02 361.60 365.99 379.19 1.9311 0.5921 1.9272 -63.0942 2.1139 -70.0680 -3.1242 -0.0041 -0.0000 108 gazelle_omafiets
Cyclist 1.00 1.00 0 0 0 0 0 0 0 0 -1000.00 -1000.00 -1000.00 -1000.00 1.9311 0.5921 1.9272 9.1743 -4.7945 -275.6069 0.0132 -0.1270 -0.0002 109 gazelle_omafiets
Car 1.00 1.00 508 552 868 7999 0 0 211 0 -1000.00 -1000.00 -1000.00 -1000.00 1.4546 2.0938 4.3903 0.4168 2.1002 17.7153 -2.7361 0.0018 0.0015 110 audi_tt
Car 0.00 1.00 0 0 0 0 0 0 0 0 267.57 361.63 341.87 381.40 1.9476 2.0282 4.8347 -58.4819 2.1238 -69.9946 -3.1240 -0.0004 0.0000 111 nissan_patrol
Car 1.00 1.00 0 0 0 0 0 0 0 0 -1000.00 -1000.00 -1000.00 -1000.00 1.4546 2.0938 4.3903 -1.6907 2.0866 -104.2218 1.6056 0.0000 0.0000 112 audi_tt
Car 1.00 1.00 0 0 0 0 0 0 0 0 -1000.00 -1000.00 -1000.00 -1000.00 1.7506 2.3538 4.8416 53.4072 2.0762 -216.7742 0.0319 0.0000 -0.0000 113 bmw_grandtourer
Car 1.00 1.00 30 32 58 201 5 0 0 0 -1000.00 -1000.00 -1000.00 -1000.00 1.9718 2.0005 4.0595 -19.5513 2.1396 -76.3114 0.0180 -0.0004 -0.0001 114 jeep_wrangler_rubicon
Motorcycle 1.00 1.00 0 0 0 0 0 0 0 0 -1000.00 -1000.00 -1000.00 -1000.00 1.6387 1.2138 2.3199 138.6305 2.0899 -87.6029 1.5864 -0.0000 0.0000 115 yamaha_yzf
Car 1.00 1.00 0 3 6 19 0 0 0 0 -1000.00 -1000.00 -1000.00 -1000.00 1.7203 2.2019 5.4994 -0.9196 2.1306 -157.7963 -0.9755 0.0030 0.0002 116 chargercop2020_chargercop2020
Car 1.00 1.00 0 0 0 0 0 0 0 0 -1000.00 -1000.00 -1000.00 -1000.00 1.6980 1.9434 4.1871 131.0583 2.0891 -50.4308 -1.5553 0.0000 -0.0000 117 citroen_c3
Car 1.00 1.00 0 1 2 5 0 0 0 0 -1000.00 -1000.00 -1000.00 -1000.00 1.5542 2.3421 5.1370 175.6649 -7.7509 36.0327 -1.5039 -0.0061 -0.0118 118 lincoln2020_mkz2020
Car 1.00 1.00 25 35 50 398 0 0 0 3 -1000.00 -1000.00 -1000.00 -1000.00 2.5908 2.7453 5.4640 65.8872 2.1571 17.0499 -1.5468 0.0031 0.0000 119 carlamotors_carlacola
Car 1.00 1.00 0 0 0 0 0 0 0 0 -1000.00 -1000.00 -1000.00 -1000.00 1.5765 1.9374 3.8150 75.6399 2.1222 -99.1715 1.5789 0.0000 -0.0000 120 nissan_micra
Car 1.00 1.00 0 0 0 0 0 0 0 0 -1000.00 -1000.00 -1000.00 -1000.00 1.4477 1.5550 2.3177 153.3062 -7.3380 85.3559 -0.9039 -0.0209 -0.0090 121 bmw_isetta
Car 1.00 1.00 0 0 0 0 0 0 0 0 -1000.00 -1000.00 -1000.00 -1000.00 1.7173 2.2591 5.2781 141.7243 2.0953 -53.2637 1.7973 -0.0079 -0.0034 122 mercedes_benz_coupe
Car 0.00 0.29 46 49 73 331 0 9 0 0 1161.83 363.65 1201.52 380.10 1.7173 2.2591 5.2781 -63.2062 2.1515 22.5373 -3.1255 -0.0071 -0.0002 123 mercedes_benz_coupe
Car 1.00 1.00 0 0 0 0 0 0 0 0 -1000.00 -1000.00 -1000.00 -1000.00 1.5765 1.9374 3.8150 137.0779 2.1132 -152.8630 -1.2988 -0.0029 -0.0009 124 nissan_micra
Car 1.00 1.00 73 75 124 609 0 0 0 13 -1000.00 -1000.00 -1000.00 -1000.00 1.6115 2.2019 5.2564 43.2656 2.1363 16.8623 0.0600 -0.0001 0.0006 125 charger2020_charger2020
Car 1.00 1.00 0 0 0 0 0 0 0 0 -1000.00 -1000.00 -1000.00 -1000.00 1.9476 2.0282 4.8347 77.6094 2.1214 19.8712 -0.5393 0.0088 0.0031 126 nissan_patrol
Car 1.00 1.00 0 0 0 0 0 0 0 0 -1000.00 -1000.00 -1000.00 -1000.00 1.5140 2.1024 4.9073 -89.6256 2.1342 -246.6299 -1.5818 0.0000 -0.0000 127 mercedesccc_mercedesccc
Car 1.00 1.00 0 0 0 0 0 0 0 0 -1000.00 -1000.00 -1000.00 -1000.00 1.7173 2.2591 5.2781 -85.1461 2.1516 -155.6724 -1.5865 -0.0083 -0.0002 128 mercedes_benz_coupe
Car 1.00 1.00 30 32 56 201 17 0 0 0 -1000.00 -1000.00 -1000.00 -1000.00 1.4812 2.1349 5.6254 -6.1038 2.1136 -66.6541 -1.5281 -0.0001 0.0006 129 chevrolet_impala
Car 0.00 1.00 0 0 0 0 0 0 0 0 411.49 360.01 428.32 365.22 2.1397 2.1728 4.7045 -230.8825 2.1484 -226.1855 2.1807 -0.0003 -0.0027 130 volkswagen_t2
Car 1.00 1.00 0 0 0 0 0 0 0 0 -1000.00 -1000.00 -1000.00 -1000.00 1.6244 1.8781 3.8906 54.2206 2.1332 -74.9999 0.0181 -0.0005 -0.0011 131 audi_a2
Car 0.00 0.26 37 43 69 301 0 6 0 0 1122.37 361.43 1152.80 378.64 1.9476 2.0282 4.8347 -66.6298 2.1240 18.7106 -3.1359 -0.0003 -0.0000 132 nissan_patrol
Car 1.00 1.00 0 0 0 0 0 0 0 0 -1000.00 -1000.00 -1000.00 -1000.00 1.9476 2.0282 4.8347 -33.4287 2.1238 -73.0485 0.0185 -0.0003 0.0000 133 nissan_patrol
Car 1.00 1.00 0 0 0 0 0 0 0 0 -1000.00 -1000.00 -1000.00 -1000.00 1.9476 2.0282 4.8347 101.3436 -7.8933 -270.2121 0.1072 -0.0004 0.0040 134 nissan_patrol
Car 0.70 0.00 8036 21828 34876 254544 0 2364 0 0 0.00 432.23 1115.57 718.90 1.7506 2.3538 4.8416 -3.4684 2.0767 -3.9271 1.5734 0.0000 -0.0000 135 bmw_grandtourer
Car 1.00 1.00 0 0 0 0 0 0 0 0 -1000.00 -1000.00 -1000.00 -1000.00 1.9476 2.0282 4.8347 15.5667 2.1236 -155.8713 -3.1280 -0.0003 -0.0000 136 nissan_patrol
Car 1.00 1.00 0 0 0 0 0 0 0 0 -1000.00 -1000.00 -1000.00 -1000.00 1.7203 2.2019 5.4994 51.7868 2.1387 -71.6991 0.0260 -0.0001 0.0007 137 chargercop2020_chargercop2020
Car 1.00 1.00 21 24 38 294 4 0 0 0 -1000.00 -1000.00 -1000.00 -1000.00 2.5908 2.7453 5.4640 17.4067 2.1594 -68.6435 -3.1239 0.0001 -0.0000 138 carlamotors_carlacola
Car 1.00 1.00 0 0 0 0 0 0 0 0 -1000.00 -1000.00 -1000.00 -1000.00 1.5863 2.2347 5.1468 116.5288 2.1367 18.0220 0.0141 0.0000 -0.0000 139 lincoln_mkz2017
Car 1.00 1.00 0 0 0 0 0 0 0 0 -1000.00 -1000.00 -1000.00 -1000.00 1.9718 2.0005 4.0595 218.2800 2.1398 -58.8270 1.3273 -0.0018 0.0052 140 jeep_wrangler_rubicon
Car 1.00 1.00 0 0 0 0 0 0 0 0 -1000.00 -1000.00 -1000.00 -1000.00 1.6011 2.1072 4.7392 72.9908 2.1361 -192.0024 -1.5626 -0.0000 -0.0000 141 toyota_prius
Car 1.00 1.00 0 0 0 0 0 0 0 0 -1000.00 -1000.00 -1000.00 -1000.00 1.7318 2.1344 5.0985 134.4608 2.0954 -44.3584 -1.5554 -0.0000 -0.0000 142 audi_etron
Car 0.00 1.00 0 0 0 0 0 0 0 0 536.21 359.65 591.84 374.43 2.2031 2.5091 6.5872 -84.9455 2.1513 -62.1226 -1.5513 0.0001 0.0000 143 tesla_cybertruck
Car 1.00 1.00 0 0 0 0 0 0 0 0 -1000.00 -1000.00 -1000.00 -1000.00 1.5765 1.9374 3.8150 72.7506 2.1223 -156.7613 -1.5634 -0.0004 -0.0000 144 nissan_micra
Car 1.00 1.00 0 0 0 1 0 0 0 0 -1000.00 -1000.00 -1000.00 -1000.00 1.4546 2.0938 4.3903 1.8963 2.0866 -101.8727 1.5909 0.0000 -0.0000 145 audi_tt
Car 0.00 1.00 0 0 0 0 0 0 0 0 328.98 361.87 355.03 366.39 1.4812 2.1349 5.6254 -185.6273 2.1051 -208.0251 -0.6449 -0.0021 0.0037 146 chevrolet_impala
Car 0.00 0.62 0 0 1 42 0 0 0 0 1617.14 359.63 1684.45 375.29 2.2031 2.5091 6.5872 -80.3162 2.1516 96.4989 1.5856 -0.0000 -0.0000 147 tesla_cybertruck
Car 0.00 1.00 0 0 0 0 0 0 0 0 300.29 361.58 364.32 381.65 1.9718 2.0005 4.0595 -57.8696 2.1397 -66.4875 -3.1240 -0.0004 -0.0001 148 jeep_wrangler_rubicon
Car 0.00 1.00 0 0 0 0 0 0 0 0 499.18 364.82 540.99 373.73 1.3660 1.9896 4.9534 -88.2620 2.1343 -71.4329 -1.5458 -0.0000 0.0000 149 mustang_mustang
Car 1.00 1.00 0 0 0 0 0 0 0 0 -1000.00 -1000.00 -1000.00 -1000.00 1.3660 1.9896 4.9534 69.2079 2.1341 -162.5229 -1.5575 -0.0003 -0.0000 150 mustang_mustang
Car 0.00 1.00 0 0 0 0 0 0 0 0 877.49 357.01 917.17 375.00 2.5908 2.7453 5.4640 -82.2796 2.1597 -11.3793 1.5503 0.0000 -0.0000 151 carlamotors_carlacola
Car 1.00 1.00 0 0 0 12 0 0 0 0 -1000.00 -1000.00 -1000.00 -1000.00 1.5863 2.2347 5.1468 130.0926 2.0813 31.8591 -1.5886 0.0000 -0.0000 152 lincoln_mkz2017
Car 0.00 1.00 0 0 0 0 0 0 0 0 192.43 361.08 217.34 366.12 1.7506 2.3538 4.8416 -196.5809 2.1317 -268.6150 -0.4449 -0.0001 0.0016 153 bmw_grandtourer
Cyclist 1.00 1.00 0 0 0 0 0 0 0 0 -1000.00 -1000.00 -1000.00 -1000.00 1.9709 0.6705 1.7250 79.8700 2.1222 -177.5222 1.5786 0.0048 0.0000 154 diamondback_century
Cyclist 0.00 1.00 0 0 0 0 0 0 0 0 700.57 360.62 705.64 367.39 1.9311 0.5921 1.9272 -160.6233 2.1130 -76.1999 0.0219 -0.0048 0.0001 155 gazelle_omafiets
Motorcycle 1.00 1.00 0 0 0 0 0 0 0 0 -1000.00 -1000.00 -1000.00 -1000.00 1.6960 1.0692 2.4735 144.0168 2.0892 -161.1330 0.0142 0.0033 -0.0027 156 harley_davidson_low_rider
Car 0.00 1.00 0 0 0 0 0 0 0 0 1524.82 360.06 1571.53 374.61 2.1397 2.1728 4.7045 -83.6725 2.1488 85.4106 1.5870 0.0001 -0.0000 157 volkswagen_t2
Car 0.00 1.00 0 0 0 0 0 0 0 0 277.75 361.59 295.63 365.90 1.5488 2.0688 3.9961 -203.6600 2.1348 -248.3728 2.5367 -0.0001 -0.0007 158 mini_cooperst
Cyclist 1.00 1.00 0 0 0 0 0 0 0 0 -1000.00 -1000.00 -1000.00 -1000.00 1.9311 0.5921 1.9272 41.9875 2.1136 -162.5556 -0.0051 -0.0040 -0.0000 159 gazelle_omafiets
Car 1.00 1.00 32 38 54 221 10 0 0 0 -1000.00 -1000.00 -1000.00 -1000.00 1.4812 2.1349 5.6254 -9.6593 2.1157 -65.4535 -1.5329 -0.0001 0.0006 160 chevrolet_impala
Car 1.00 1.00 0 0 0 0 0 0 0 0 -1000.00 -1000.00 -1000.00 -1000.00 1.7173 2.2591 5.2781 128.5408 -7.8613 -270.3977 0.3759 -0.0071 0.0014 161 mercedes_benz_coupe
Car 0.00 1.00 0 0 0 0 0 0 0 0 621.65 360.54 641.38 368.12 1.9718 2.0005 4.0595 -149.1949 2.1366 -90.0397 1.5954 0.0097 0.0000 162 jeep_wrangler_rubicon
Car 1.00 1.00 0 0 0 0 0 0 0 0 -1000.00 -1000.00 -1000.00 -1000.00 1.7506 2.3538 4.8416 71.8936 2.1322 58.5903 1.5956 0.0001 -0.0000 163 bmw_grandtourer
Car 1.00 1.00 0 0 0 0 0 0 0 0 -1000.00 -1000.00 -1000.00 -1000.00 1.6115 2.2019 5.2564 137.2803 2.0807 -2.1841 1.6110 -0.0001 0.0006 164 charger2020_charger2020
Car 1.00 1.00 0 0 0 0 0 0 0 0 -1000.00 -1000.00 -1000.00 -1000.00 1.6244 1.8781 3.8906 73.5182 2.1333 -9.5582 1.5915 -0.0005 -0.0011 165 audi_a2
Car 1.00 1.00 0 0 0 0 0 0 0 0 -1000.00 -1000.00 -1000.00 -1000.00 1.5475 1.9070 4.4025 179.3466 -7.8651 -21.0261 -1.5865 -0.0001 -0.0001 166 seat_leon
Car 0.00 1.00 0 0 0 0 0 0 0 0 1158.90 361.23 1169.80 365.23 1.5765 1.9374 3.8150 -231.4116 2.1231 82.6808 0.9002 -0.0010 -0.0173 167 nissan_micra
Car 0.00 1.00 0 0 0 0 0 0 0 0 1451.65 363.36 1496.79 373.41 1.5863 2.2347 5.1468 -90.5358 2.1369 80.7467 -1.5991 -0.0001 0.0001 168 lincoln_mkz2017
Car 1.00 1.00 0 0 0 0 0 0 0 0 -1000.00 -1000.00 -1000.00 -1000.00 1.7506 2.3538 4.8416 -21.7045 2.1319 -163.4169 0.0138 -0.0000 -0.0000 169 bmw_grandtourer
Car 1.00 1.00 0 0 0 0 0 0 0 0 -1000.00 -1000.00 -1000.00 -1000.00 1.4812 2.1349 5.6254 44.8763 2.1427 -71.6694 0.0177 0.0000 -0.0000 170 chevrolet_impala
Car 1.00 1.00 0 0 0 0 0 0 0 0 -1000.00 -1000.00 -1000.00 -1000.00 1.4812 2.1349 5.6254 154.8997 2.1424 -157.6123 3.0952 0.0000 -0.0000 171 chevrolet_impala
Car 1.00 1.00 0 0 0 0 0 0 0 0 -1000.00 -1000.00 -1000.00 -1000.00 1.6011 2.1072 4.7392 134.5544 2.0808 -50.3501 -1.5553 -0.0000 -0.0000 172 toyota_prius
Car 1.00 1.00 0 3 5 11 3 0 0 0 -1000.00 -1000.00 -1000.00 -1000.00 1.6115 2.2019 5.2564 1.1333 2.1170 -162.8937 -2.5186 -0.0022 0.0047 173 charger2020_charger2020
Car 0.00 1.00 0 0 0 0 0 0 0 0 559.43 363.68 595.83 373.70 1.5475 1.9070 4.4025 -88.4439 2.1356 -62.5089 -1.5511 -0.0004 -0.0000 174 seat_leon
Car 1.00 1.00 0 0 0 0 0 0 0 0 -1000.00 -1000.00 -1000.00 -1000.00 2.5908 2.7453 5.4640 -82.0923 2.1593 -184.8241 1.5728 0.0000 -0.0000 175 carlamotors_carlacola
Car 1.00 1.00 0 0 0 0 0 0 0 0 -1000.00 -1000.00 -1000.00 -1000.00 1.4812 2.1349 5.6254 119.3895 2.1424 -161.2833 0.0289 0.0000 0.0000 176 chevrolet_impala
Car 1.00 1.00 0 0 0 0 0 0 0 0 -1000.00 -1000.00 -1000.00 -1000.00 1.9718 2.0005 4.0595 124.9440 -7.8730 -267.8012 0.3603 -0.0013 0.0025 177 jeep_wrangler_rubicon
Car 0.43 1.00 0 0 0 0 0 0 0 0 0.00 362.89 28.21 374.33 1.6980 1.9434 4.1871 -85.0710 2.1439 -147.2115 -1.5847 0.0013 0.0000 178 citroen_c3
Car 1.00 1.00 8 16 16 63 17 0 0 0 -1000.00 -1000.00 -1000.00 -1000.00 1.5488 2.0688 3.9961 1.6287 2.0796 -88.9907 1.5917 0.0000 -0.0000 179 mini_cooperst
Motorcycle 1.00 1.00 0 0 0 0 0 0 0 0 -1000.00 -1000.00 -1000.00 -1000.00 1.6960 1.0692 2.4735 79.2449 2.1238 -102.1417 1.5775 0.0030 0.0000 180 harley_davidson_low_rider
Car 1.00 1.00 0 0 0 0 0 0 0 0 -1000.00 -1000.00 -1000.00 -1000.00 1.4477 1.5550 2.3177 189.1554 2.1415 18.7780 -0.0654 -0.0061 -0.0047 181 bmw_isetta
Cyclist 1.00 1.00 0 0 0 0 0 0 0 0 -1000.00 -1000.00 -1000.00 -1000.00 1.7065 0.8593 1.4873 79.2174 2.0920 -91.3081 1.5897 0.0000 -0.0000 182 bh_crossbike
Car 1.00 1.00 0 0 0 0 0 0 0 0 -1000.00 -1000.00 -1000.00 -1000.00 1.6011 2.1072 4.7392 178.9919 -7.8672 -221.9502 1.0457 0.0000 0.0011 183 toyota_prius
Car 1.00 1.00 0 0 0 0 0 0 0 0 -1000.00 -1000.00 -1000.00 -1000.00 1.5488 2.0688 3.9961 -81.8476 2.1350 -178.7946 1.5591 -0.0000 -0.0000 184 mini_cooperst
Car 1.00 1.00 0 0 0 0 0 0 0 0 -1000.00 -1000.00 -1000.00 -1000.00 1.6980 1.9434 4.1871 -88.7242 2.1446 -172.8265 -1.5880 -0.0003 0.0000 185 citroen_c3
Car 1.00 1.00 0 0 0 0 0 0 0 0 -1000.00 -1000.00 -1000.00 -1000.00 1.5765 1.9374 3.8150 143.8952 2.0690 -171.5400 1.5701 -0.0020 -0.0027 186 nissan_micra
Car 1.00 1.00 0 0 0 0 0 0 0 0 -1000.00 -1000.00 -1000.00 -1000.00 1.7506 2.3538 4.8416 79.1926 2.1319 -96.4864 1.5792 0.0000 -0.0000 187 bmw_grandtourer
Car 1.00 1.00 0 0 0 0 0 0 0 0 -1000.00 -1000.00 -1000.00 -1000.00 1.5488 2.0688 3.9961 47.6486 2.1349 -165.9683 0.0139 0.0000 -0.0000 188 mini_cooperst
Car 0.00 1.00 0 0 0 0 0 0 0 0 483.47 363.83 521.43 374.32 1.5488 2.0688 3.9961 -84.7560 2.1352 -71.3165 -1.5454 -0.0001 -0.0000 189 mini_cooperst
Car 1.00 1.00 0 0 0 0 0 0 0 0 -1000.00 -1000.00 -1000.00 -1000.00 1.6011 2.1072 4.7392 212.4045 2.1362 -111.1934 -1.5965 -0.0001 0.0000 190 toyota_prius
Car 1.00 1.00 0 0 0 0 0 0 0 0 -1000.00 -1000.00 -1000.00 -1000.00 1.3660 1.9896 4.9534 76.8685 2.1343 -2.4006 1.5950 0.0000 -0.0000 191 mustang_mustang
Car 0.00 1.00 0 0 0 0 0 0 0 0 363.72 360.41 381.11 365.15 1.9476 2.0282 4.8347 -232.0496 2.1247 -247.1076 -0.8291 -0.0044 0.0021 192 nissan_patrol
Pedestrian 0.00 1.00 0 0 0 0 0 0 0 0 559.59 360.07 561.88 364.08 1.9158 0.4880 0.7507 -266.6628 1.9515 -193.5890 -1.4020 0.0000 -0.0000 193 pedestrian_0019
Pedestrian 0.00 1.00 0 0 0 0 0 0 0 0 267.46 362.43 271.32 366.04 1.1330 0.4333 0.6667 -175.9525 1.9022 -220.1887 -0.3885 0.0000 -0.0000 194 pedestrian_0010
Pedestrian 1.00 1.00 0 0 0 0 0 0 0 0 -1000.00 -1000.00 -1000.00 -1000.00 1.9158 0.4880 0.6970 106.6272 1.9498 -169.5320 3.0546 0.0000 -0.0000 195 pedestrian_0005
Pedestrian 1.00 1.00 0 0 0 0 0 0 0 0 -1000.00 -1000.00 -1000.00 -1000.00 1.9158 0.4880 0.5693 128.0274 1.8944 -133.4429 1.6257 0.0000 -0.0000 196 pedestrian_0003
Pedestrian 1.00 1.00 0 0 0 0 0 0 0 0 -1000.00 -1000.00 -1000.00 -1000.00 1.9158 0.4880 0.7507 164.5060 -8.0475 -10.0983 1.5880 0.0000 -0.0000 197 pedestrian_0021
Pedestrian 0.00 1.00 0 0 0 0 0 0 0 0 1148.47 360.08 1150.44 364.25 1.9158 0.4880 0.7507 -255.8470 1.9507 84.8584 -2.1917 0.0000 -0.0000 198 pedestrian_0003
Pedestrian 0.00 1.00 0 0 0 0 0 0 0 0 330.64 360.09 332.22 364.75 1.9158 0.4880 0.3970 -229.2093 1.9519 -261.0070 -0.7938 0.0000 -0.0000 199 pedestrian_0004
Pedestrian 1.00 1.00 0 0 0 0 0 0 0 0 -1000.00 -1000.00 -1000.00 -1000.00 1.9158 0.4880 0.7507 85.8279 2.1026 15.2515 1.8088 0.0000 -0.0000 200 pedestrian_0022
Pedestrian 1.00 1.00 0 0 0 0 0 0 0 0 -1000.00 -1000.00 -1000.00 -1000.00 1.3390 0.3253 0.4616 -75.3340 1.9415 -208.2589 -1.5620 0.0000 -0.0000 201 pedestrian_0014
Pedestrian 1.00 1.00 0 0 0 0 0 0 0 0 -1000.00 -1000.00 -1000.00 -1000.00 1.9158 0.4880 0.4678 54.9763 1.9457 -7.4742 -1.3184 0.0000 -0.0000 202 pedestrian_0022
Pedestrian 1.00 1.00 4 5 8 46 3 0 0 0 -1000.00 -1000.00 -1000.00 -1000.00 1.9158 0.4880 0.4422 -12.1814 2.0483 -59.8345 -2.6378 0.0000 -0.0000 203 pedestrian_0023
Pedestrian 1.00 1.00 0 0 0 4 1 0 0 0 -1000.00 -1000.00 -1000.00 -1000.00 1.3390 0.3253 0.5005 7.6285 1.8861 -138.9888 -1.5454 0.0000 -0.0000 204 pedestrian_0012
Pedestrian 1.00 1.00 0 0 0 0 0 0 0 0 -1000.00 -1000.00 -1000.00 -1000.00 1.9158 0.4880 0.7507 -61.0214 1.9403 -123.4577 3.1317 0.0000 -0.0000 205 pedestrian_0019
Pedestrian 0.00 0.41 4 5 10 40 0 1 0 0 1220.80 360.32 1228.34 378.15 1.9158 0.4880 0.6026 -60.9205 1.9504 26.3442 -3.0182 0.0000 -0.0000 206 pedestrian_0005
Pedestrian 1.00 1.00 0 0 0 0 0 0 0 0 -1000.00 -1000.00 -1000.00 -1000.00 1.9158 0.4880 0.7507 146.4247 1.8945 -91.8265 -1.5566 0.0000 -0.0000 207 pedestrian_0026
Pedestrian 1.00 1.00 0 0 0 7 0 0 0 0 -1000.00 -1000.00 -1000.00 -1000.00 1.9158 0.4880 0.7507 -16.2994 1.9000 -138.0964 -1.3573 0.0000 -0.0000 208 pedestrian_0015
Pedestrian 1.00 1.00 0 0 0 0 0 0 0 0 -1000.00 -1000.00 -1000.00 -1000.00 1.3390 0.3253 0.2581 -74.6974 1.9422 143.1613 -0.2169 0.0000 -0.0000 209 pedestrian_0014
Pedestrian 1.00 1.00 0 0 0 0 0 0 0 0 -1000.00 -1000.00 -1000.00 -1000.00 1.9158 0.4880 0.7507 -55.0724 1.9506 143.9715 -0.0099 0.0000 -0.0000 210 pedestrian_0016
Pedestrian 0.00 0.02 29 37 54 4115 0 6 4 0 1418.86 395.95 1456.50 463.05 1.3390 0.3253 0.4734 -12.4119 2.0388 7.5717 -2.9946 0.0000 -0.0000 211 pedestrian_0012
Pedestrian 1.00 1.00 0 0 0 0 0 0 0 0 -1000.00 -1000.00 -1000.00 -1000.00 1.1330 0.4333 0.6667 61.6321 1.9399 -46.9510 1.5794 0.0000 -0.0000 212 pedestrian_0009
Pedestrian 1.00 1.00 0 0 0 0 0 0 0 0 -1000.00 -1000.00 -1000.00 -1000.00 1.1330 0.4333 0.3411 145.0428 1.8856 -0.8649 1.5584 0.0000 -0.0000 213 pedestrian_0010
Pedestrian 0.00 1.00 0 0 0 0 0 0 0 0 713.18 360.08 715.19 364.02 1.9158 0.4880 0.7507 -270.3654 1.9528 -121.6897 -1.6617 0.0000 -0.0000 214 pedestrian_0021
Pedestrian 0.00 1.00 0 0 0 0 0 0 0 0 842.76 360.20 850.99 378.65 1.9158 0.4880 0.7507 -58.9643 1.9370 -14.0640 -1.1361 0.0000 -0.0000 215 pedestrian_0018
Pedestrian 0.00 1.00 0 0 0 0 0 0 0 0 532.72 360.08 534.39 364.12 1.9158 0.4880 0.4928 -264.1327 1.9525 -204.6676 -1.2690 0.0000 -0.0000 216 pedestrian_0020
Pedestrian 1.00 1.00 0 0 0 0 0 0 0 0 -1000.00 -1000.00 -1000.00 -1000.00 1.9158 0.4880 0.4289 126.3048 2.0997 -60.9477 1.1689 0.0000 -0.0000 217 pedestrian_0017
Pedestrian 1.00 1.00 0 0 0 0 0 0 0 0 -1000.00 -1000.00 -1000.00 -1000.00 1.9158 0.4880 0.7507 -93.1965 1.9500 -192.6770 -1.5796 0.0000 -0.0000 218 pedestrian_0007
Pedestrian 0.00 1.00 0 0 0 0 0 0 0 0 869.72 363.08 871.35 367.44 1.1330 0.4333 0.3586 -145.6805 1.9390 -25.5878 1.5774 0.0000 -0.0000 219 pedestrian_0010
Pedestrian 1.00 1.00 8 12 16 108 0 0 0 4 -1000.00 -1000.00 -1000.00 -1000.00 1.9158 0.4880 0.5348 43.9054 1.9503 28.7771 -3.1010 0.0000 -0.0000 220 pedestrian_0023
Pedestrian 1.00 1.00 0 0 0 0 0 0 0 0 -1000.00 -1000.00 -1000.00 -1000.00 1.9158 0.4880 0.4106 60.6035 1.8943 -219.8757 3.1392 0.0000 -0.0000 221 pedestrian_0024
Pedestrian 0.00 1.00 0 0 0 0 0 0 0 0 551.15 362.19 552.45 365.41 1.1330 0.4333 0.3501 -196.6781 1.9055 -146.3286 -0.8881 0.0000 -0.0000 222 pedestrian_0011
Pedestrian 0.00 1.00 0 0 0 0 0 0 0 0 813.01 360.07 814.80 364.00 1.9158 0.4880 0.7471 -271.2847 1.9504 -73.4744 1.5949 0.0000 -0.0000 223 pedestrian_0016
Pedestrian 1.00 1.00 0 0 0 0 0 0 0 0 -1000.00 -1000.00 -1000.00 -1000.00 1.9158 0.4880 0.4392 121.1295 -8.0649 -280.2695 0.2119 0.0000 -0.0000 224 pedestrian_0017
Pedestrian 1.00 1.00 0 0 0 0 0 0 0 0 -1000.00 -1000.00 -1000.00 -1000.00 1.9158 0.4880 0.3949 165.1080 -8.0500 -72.4108 -1.7724 0.0000 -0.0000 225 pedestrian_0001
Pedestrian 0.00 1.00 0 0 0 0 0 0 0 0 541.21 360.00 543.65 365.40 1.9158 0.4880 0.5553 -198.0233 1.9155 -150.6473 -1.2918 0.0000 -0.0000 226 pedestrian_0003
Pedestrian 0.00 1.00 0 0 0 0 0 0 0 0 380.55 360.14 384.70 368.13 1.9158 0.4880 0.6843 -134.4259 1.9501 -141.1932 -0.7796 0.0000 -0.0000 227 pedestrian_0007
Pedestrian 1.00 1.00 0 0 0 0 0 0 0 0 -1000.00 -1000.00 -1000.00 -1000.00 1.1330 0.4333 0.6667 124.7942 2.0897 -72.6088 -1.3930 0.0000 -0.0000 228 pedestrian_0010
Pedestrian 0.00 1.00 0 0 0 0 0 0 0 0 828.51 367.80 835.34 379.17 1.1330 0.4333 0.5351 -56.9085 1.9232 -15.1507 1.3430 0.0000 -0.0000 229 pedestrian_0010
Pedestrian 1.00 1.00 0 0 0 0 0 0 0 0 -1000.00 -1000.00 -1000.00 -1000.00 1.3390 0.3253 0.3737 51.8273 1.9353 -36.6406 -0.5040 0.0000 -0.0000 230 pedestrian_0013
Pedestrian 1.00 1.00 0 0 0 0 0 0 0 0 -1000.00 -1000.00 -1000.00 -1000.00 1.3390 0.3253 0.4552 149.0300 2.0940 -70.9087 1.7975 0.0000 -0.0000 231 pedestrian_0013
Pedestrian 1.00 1.00 0 0 0 0 0 0 0 0 -1000.00 -1000.00 -1000.00 -1000.00 1.9158 0.4880 0.4711 54.9979 1.8943 -220.0328 -2.7005 0.0000 -0.0000 232 pedestrian_0020
Pedestrian 1.00 1.00 0 0 0 0 0 0 0 0 -1000.00 -1000.00 -1000.00 -1000.00 1.9158 0.4880 0.6007 142.7626 1.8948 52.5272 -1.1846 0.0000 -0.0000 233 pedestrian_0021
Pedestrian 0.00 1.00 0 0 0 0 0 0 0 0 823.50 362.45 824.78 365.48 1.1330 0.4333 0.4562 -208.8670 2.0528 -53.1849 -2.9726 0.0000 -0.0000 234 pedestrian_0009
Pedestrian 1.00 1.00 0 0 0 0 0 0 0 0 -1000.00 -1000.00 -1000.00 -1000.00 1.9158 0.4880 0.5026 225.2482 1.9500 -33.2883 -1.5667 0.0000 -0.0000 235 pedestrian_0006
Pedestrian 0.00 1.00 0 0 0 0 0 0 0 0 643.37 364.15 647.15 370.01 1.1330 0.4333 0.5413 -108.7988 1.9417 -63.4343 -3.1189 0.0000 -0.0000 236 pedestrian_0009
Pedestrian 1.00 1.00 1 0 1 11 0 0 0 0 -1000.00 -1000.00 -1000.00 -1000.00 1.9158 0.4880 0.7507 -21.4730 1.9512 -79.7642 0.0084 0.0000 -0.0000 237 pedestrian_0026
Pedestrian 1.00 1.00 17 21 28 302 0 0 5 0 -1000.00 -1000.00 -1000.00 -1000.00 1.9158 0.4880 0.5775 -7.7970 2.0473 28.8277 -2.9831 0.0000 -0.0000 238 pedestrian_0021
Pedestrian 1.00 1.00 231 435 718 6918 0 0 0 94 -1000.00 -1000.00 -1000.00 -1000.00 1.3390 0.3253 0.5005 4.2512 1.8874 -2.9973 1.6354 0.0000 -0.0000 239 pedestrian_0012
Pedestrian 1.00 1.00 0 0 0 0 0 0 0 0 -1000.00 -1000.00 -1000.00 -1000.00 1.9158 0.4880 0.7507 -90.4506 1.9501 -288.7428 3.1279 0.0000 -0.0000 240 pedestrian_0020
Pedestrian 1.00 1.00 0 0 0 0 0 0 0 0 -1000.00 -1000.00 -1000.00 -1000.00 1.1330 0.4333 0.6522 201.7767 -8.0598 -103.5337 -1.6627 0.0000 -0.0000 241 pedestrian_0011
Pedestrian 1.00 1.00 0 0 0 0 0 0 0 0 -1000.00 -1000.00 -1000.00 -1000.00 1.9158 0.4880 0.7507 -28.2238 1.9500 -171.0513 -3.1239 0.0000 -0.0000 242 pedestrian_0002
Pedestrian 1.00 1.00 0 0 0 0 0 0 0 0 -1000.00 -1000.00 -1000.00 -1000.00 1.3390 0.3253 0.3830 123.7160 2.0927 -62.7985 1.4309 0.0000 -0.0000 243 pedestrian_0014
Pedestrian 1.00 1.00 6 3 3 23 1 0 0 0 -1000.00 -1000.00 -1000.00 -1000.00 1.9158 0.4880 0.7507 6.8256 2.1025 -77.2739 -1.6468 0.0000 -0.0000 244 pedestrian_0006
Pedestrian 1.00 1.00 0 0 0 0 0 0 0 0 -1000.00 -1000.00 -1000.00 -1000.00 1.9158 0.4880 0.6386 201.6229 -8.0501 -108.2691 -1.5449 0.0000 -0.0000 245 pedestrian_0020
Pedestrian 1.00 1.00 1 1 5 13 1 0 0 0 -1000.00 -1000.00 -1000.00 -1000.00 1.9158 0.4880 0.7345 9.6051 1.9500 -79.7881 0.0468 0.0000 -0.0000 246 pedestrian_0022
Pedestrian 1.00 1.00 0 0 0 0 0 0 0 0 -1000.00 -1000.00 -1000.00 -1000.00 1.9158 0.4880 0.7101 -42.2058 1.9566 -169.8928 0.0032 0.0000 -0.0000 247 pedestrian_0002
Pedestrian 1.00 1.00 0 0 0 0 0 0 0 0 -1000.00 -1000.00 -1000.00 -1000.00 1.9158 0.4880 0.3926 145.4152 1.8942 -81.8558 0.1747 0.0000 -0.0000 248 pedestrian_0022
Pedestrian 0.00 1.00 0 0 0 0 0 0 0 0 1250.48 360.20 1256.40 371.62 1.9158 0.4880 0.7507 -94.3275 1.9504 47.1507 1.4826 0.0000 -0.0000 249 pedestrian_0006
Pedestrian 1.00 1.00 0 0 0 0 0 0 0 0 -1000.00 -1000.00 -1000.00 -1000.00 1.9158 0.4880 0.3899 64.9394 2.1023 -170.4941 -2.8723 0.0000 -0.0000 250 pedestrian_0019
Pedestrian 0.00 1.00 0 0 0 0 0 0 0 0 750.55 360.20 756.12 371.65 1.9158 0.4880 0.7507 -94.0987 1.9503 -36.9400 1.5565 0.0000 -0.0000 251 pedestrian_0018
Pedestrian 0.00 1.00 0 0 0 0 0 0 0 0 802.58 360.07 804.39 364.00 1.9158 0.4880 0.7507 -271.3707 1.9504 -78.5798 1.5966 0.0000 -0.0000 252 pedestrian_0007
Pedestrian 1.00 1.00 0 0 0 0 0 0 0 0 -1000.00 -1000.00 -1000.00 -1000.00 1.9158 0.4880 0.6362 61.6874 1.9500 -94.1219 1.5938 0.0000 -0.0000 253 pedestrian_0008
Pedestrian 0.00 1.00 0 0 0 0 0 0 0 0 1105.34 360.07 1106.50 364.11 1.9158 0.4880 0.5207 -264.5497 1.9506 67.1358 -1.8486 0.0000 -0.0000 254 pedestrian_0022
Pedestrian 0.00 1.00 0 0 0 1 0 0 0 0 1585.10 360.15 1590.03 368.39 1.9158 0.4880 0.5821 -130.2474 1.9507 144.0617 0.0316 0.0000 -0.0000 255 pedestrian_0024
Pedestrian 1.00 1.00 0 0 0 0 0 0 0 0 -1000.00 -1000.00 -1000.00 -1000.00 1.1330 0.4333 0.5854 170.4644 1.9394 -58.4857 -3.1289 0.0000 -0.0000 256 pedestrian_0011
Pedestrian 0.00 1.00 0 0 0 0 0 0 0 0 200.18 360.17 207.84 369.90 1.9158 0.4880 0.7507 -110.6311 1.9501 -151.7247 -0.0359 0.0000 -0.0000 257 pedestrian_0006
Pedestrian 1.00 1.00 0 0 0 0 0 0 0 0 -1000.00 -1000.00 -1000.00 -1000.00 1.9158 0.4880 0.3894 147.5669 1.8955 -170.1714 -1.5694 0.0000 -0.0000 258 pedestrian_0005
Pedestrian 1.00 1.00 4 5 7 42 5 0 0 0 -1000.00 -1000.00 -1000.00 -1000.00 1.9158 0.4880 0.6619 6.8384 1.9474 -60.9046 -3.1052 0.0000 -0.0000 259 pedestrian_0003
Pedestrian 1.00 1.00 0 0 0 0 0 0 0 0 -1000.00 -1000.00 -1000.00 -1000.00 1.9158 0.4880 0.6022 165.0923 -8.0501 -61.6096 1.6494 0.0000 -0.0000 260 pedestrian_0001
Pedestrian 1.00 1.00 0 0 0 0 0 0 0 0 -1000.00 -1000.00 -1000.00 -1000.00 1.3390 0.3253 0.5005 88.0117 1.8903 -202.3411 -0.5077 0.0000 -0.0000 261 pedestrian_0014
Pedestrian 0.00 1.00 0 0 0 0 0 0 0 0 211.59 360.29 219.60 375.23 1.9158 0.4880 0.3916 -72.3777 1.9534 -98.0576 1.4269 0.0000 -0.0000 262 pedestrian_0020
Pedestrian 0.00 1.00 0 0 0 0 0 0 0 0 893.63 360.00 895.39 364.95 1.9158 0.4880 0.6221 -215.5127 1.9145 -27.5826 -1.5717 0.0000 -0.0000 263 pedestrian_0025
Pedestrian 1.00 1.00 0 0 0 0 0 0 0 0 -1000.00 -1000.00 -1000.00 -1000.00 1.9158 0.4880 0.7202 35.8862 1.9501 -60.1057 -0.7283 0.0000 -0.0000 264 pedestrian_0026
Pedestrian 0.00 1.00 0 0 0 0 0 0 0 0 226.40 360.09 229.17 365.24 1.9158 0.4880 0.5969 -207.6082 1.9499 -275.1386 2.5472 0.0000 -0.0000 265 pedestrian_0025
Pedestrian 1.00 1.00 0 0 0 0 0 0 0 0 -1000.00 -1000.00 -1000.00 -1000.00 1.3390 0.3253 0.2622 30.0236 1.8873 -201.3267 -0.0334 0.0000 -0.0000 266 pedestrian_0013
Pedestrian 1.00 1.00 0 0 0 0 0 0 0 0 -1000.00 -1000.00 -1000.00 -1000.00 1.9158 0.4880 0.3830 87.4879 1.9499 -173.0633 0.8654 0.0000 -0.0000 267 pedestrian_0015
Pedestrian 1.00 1.00 0 0 0 0 0 0 0 0 -1000.00 -1000.00 -1000.00 -1000.00 1.9158 0.4880 0.3837 125.6539 1.8944 -144.2344 2.7388 0.0000 -0.0000 268 pedestrian_0021
Pedestrian 1.00 1.00 0 0 0 0 0 0 0 0 -1000.00 -1000.00 -1000.00 -1000.00 1.1330 0.4333 0.3374 -74.0145 1.9394 143.4821 3.0408 0.0000 -0.0000 269 pedestrian_0010
Pedestrian 0.00 0.03 42 58 95 4162 22 10 0 0 469.25 359.26 502.30 441.57 1.9158 0.4880 0.4992 -14.0037 1.8958 -13.3686 1.5399 0.0000 -0.0000 270 pedestrian_0023
Pedestrian 0.00 0.44 0 0 0 28 0 0 0 0 1238.24 366.01 1243.96 379.54 1.3390 0.3253 0.5005 -56.3873 1.9420 25.8317 3.1177 0.0000 -0.0000 271 pedestrian_0013
Pedestrian 0.89 1.00 0 0 0 0 0 0 0 0 0.00 360.12 0.53 366.59 1.9158 0.4880 0.5934 -165.5478 1.9511 -287.7726 -0.0808 0.0000 -0.0000 272 pedestrian_0016
Pedestrian 0.00 0.76 2 0 0 6 0 1 0 0 1068.78 364.48 1072.23 372.48 1.3390 0.3253 0.5005 -94.2492 2.0944 16.3435 -1.5016 0.0000 -0.0000 273 pedestrian_0014
Pedestrian 1.00 1.00 0 0 0 0 0 0 0 0 -1000.00 -1000.00 -1000.00 -1000.00 1.9158 0.4880 0.6247 -72.8942 2.1024 -156.4792 -1.4406 0.0000 -0.0000 274 pedestrian_0019
Pedestrian 1.00 1.00 0 0 0 0 0 0 0 0 -1000.00 -1000.00 -1000.00 -1000.00 1.3390 0.3253 0.4928 -41.5780 1.9416 -170.9995 3.1375 0.0000 -0.0000 275 pedestrian_0013
Pedestrian 1.00 1.00 0 0 0 0 0 0 0 0 -1000.00 -1000.00 -1000.00 -1000.00 1.9158 0.4880 0.7456 -40.1840 1.9500 -171.2926 -3.1226 0.0000 -0.0000 276 pedestrian_0023
Pedestrian 1.00 1.00 0 0 0 0 0 0 0 0 -1000.00 -1000.00 -1000.00 -1000.00 1.1330 0.4333 0.3997 145.6104 1.8831 -81.1501 -0.4147 0.0000 -0.0000 277 pedestrian_0011
Pedestrian 1.00 1.00 0 0 0 0 0 0 0 0 -1000.00 -1000.00 -1000.00 -1000.00 1.3390 0.3253 0.5005 127.2339 1.8861 -91.7196 1.5772 0.0000 -0.0000 278 pedestrian_0012
Pedestrian 1.00 1.00 0 0 0 0 0 0 0 0 -1000.00 -1000.00 -1000.00 -1000.00 1.9158 0.4880 0.5529 21.0025 -6.4784 -249.8073 0.0163 0.0000 -0.0000 279 pedestrian_0015
Pedestrian 1.00 1.00 0 0 0 1 0 0 0 0 -1000.00 -1000.00 -1000.00 -1000.00 1.9158 0.4880 0.4980 144.3891 1.8947 30.5106 2.3681 0.0000 -0.0000 280 pedestrian_0017
Pedestrian 1.00 1.00 0 0 0 0 0 0 0 0 -1000.00 -1000.00 -1000.00 -1000.00 1.9158 0.4880 0.7507 201.5751 -8.0484 -51.9834 -1.5530 0.0000 -0.0000 281 pedestrian_0005
Pedestrian 1.00 1.00 0 0 0 0 0 0 0 0 -1000.00 -1000.00 -1000.00 -1000.00 1.1330 0.4333 0.3639 79.0909 2.0883 -199.4904 -2.7887 0.0000 -0.0000 282 pedestrian_0009
Pedestrian 0.00 1.00 0 0 0 0 0 0 0 0 297.84 364.88 305.05 371.81 1.1330 0.4333 0.6667 -92.2636 1.9387 -110.6356 1.5851 0.0000 -0.0000 283 pedestrian_0009
Pedestrian 1.00 1.00 0 0 0 0 0 0 0 0 -1000.00 -1000.00 -1000.00 -1000.00 1.1330 0.4333 0.3956 208.4167 1.9385 -108.7480 1.9151 0.0000 -0.0000 284 pedestrian_0009
Pedestrian 0.00 1.00 0 0 0 0 0 0 0 0 690.48 359.99 692.91 364.95 1.9158 0.4880 0.6990 -215.3458 1.9117 -105.9829 1.5420 0.0000 -0.0000 285 pedestrian_0024
Pedestrian 1.00 1.00 0 0 0 0 0 0 0 0 -1000.00 -1000.00 -1000.00 -1000.00 1.9158 0.4880 0.4386 126.4286 1.8963 -144.2429 -1.9703 0.0000 -0.0000 286 pedestrian_0023
Pedestrian 0.00 0.96 0 0 0 4 0 0 0 0 1259.00 360.21 1264.98 371.64 1.9158 0.4880 0.7507 -94.2098 1.9504 48.5254 1.4869 0.0000 -0.0000 287 pedestrian_0015
Pedestrian 1.00 1.00 0 0 0 0 0 0 0 0 -1000.00 -1000.00 -1000.00 -1000.00 1.9158 0.4880 0.6879 63.5357 -8.0738 -249.2009 -0.0070 0.0000 -0.0000 288 pedestrian_0025
Pedestrian 1.00 1.00 0 0 0 0 0 0 0 0 -1000.00 -1000.00 -1000.00 -1000.00 1.1330 0.4333 0.3799 142.7857 -7.1641 130.9955 -1.0162 0.0000 -0.0000 289 pedestrian_0009
Pedestrian 0.00 1.00 0 0 0 0 0 0 0 0 160.68 360.18 166.59 370.38 1.9158 0.4880 0.4506 -105.4441 1.9501 -152.2565 -0.0733 0.0000 -0.0000 290 pedestrian_0019
Pedestrian 0.00 1.00 0 0 0 12 0 0 0 0 1297.37 360.01 1301.46 368.11 1.9158 0.4880 0.7507 -132.3975 1.9173 78.2025 0.0530 0.0000 -0.0000 291 pedestrian_0007
Pedestrian 0.00 1.00 0 0 0 0 0 0 0 0 915.79 360.07 917.38 363.99 1.9158 0.4880 0.7507 -271.9942 1.9505 -23.4645 1.6047 0.0000 -0.0000 292 pedestrian_0021
Pedestrian 1.00 1.00 0 0 0 0 0 0 0 0 -1000.00 -1000.00 -1000.00 -1000.00 1.3390 0.3253 0.3827 60.8691 1.9418 5.7814 3.0813 0.0000 -0.0000 293 pedestrian_0014
Pedestrian 1.00 1.00 0 0 0 0 0 0 0 0 -1000.00 -1000.00 -1000.00 -1000.00 1.9158 0.4880 0.7475 79.8087 -6.5518 145.9491 -0.0388 0.0000 -0.0000 294 pedestrian_0002
Pedestrian 1.00 1.00 0 0 0 6 0 0 0 0 -1000.00 -1000.00 -1000.00 -1000.00 1.9158 0.4880 0.7413 57.2466 1.9502 8.4649 0.2216 0.0000 -0.0000 295 pedestrian_0026
Pedestrian 1.00 1.00 6 2 4 25 2 0 0 0 -1000.00 -1000.00 -1000.00 -1000.00 1.9158 0.4880 0.7244 7.3821 2.1025 -63.5426 -1.4700 0.0000 -0.0000 296 pedestrian_0020
Pedestrian 1.00 1.00 0 0 0 0 0 0 0 0 -1000.00 -1000.00 -1000.00 -1000.00 1.9158 0.4880 0.7238 62.4468 1.9500 -98.1267 -1.5814 0.0000 -0.0000 297 pedestrian_0016
Pedestrian 0.00 1.00 0 0 0 0 0 0 0 0 1250.31 360.20 1255.63 371.48 1.9158 0.4880 0.6508 -95.5213 1.9504 47.7027 1.8924 0.0000 -0.0000 298 pedestrian_0024
Pedestrian 1.00 1.00 0 0 0 0 0 0 0 0 -1000.00 -1000.00 -1000.00 -1000.00 1.9158 0.4880 0.5342 125.5578 -7.1606 99.2104 -0.4431 0.0000 -0.0000 299 pedestrian_0001
Pedestrian 1.00 1.00 0 0 0 0 0 0 0 0 -1000.00 -1000.00 -1000.00 -1000.00 1.9158 0.4880 0.6418 -57.0036 1.9516 -171.3063 -3.1377 0.0000 -0.0000 300 pedestrian_0025
Pedestrian 0.00 1.00 0 0 0 0 0 0 0 0 226.30 360.28 233.27 375.15 1.9158 0.4880 0.4093 -72.7916 1.9527 -96.7760 2.1628 0.0000 -0.0000 301 pedestrian_0016
Pedestrian 0.00 1.00 0 0 0 0 0 0 0 0 45.57 360.48 71.26 389.57 1.9158 0.4880 0.7507 -37.9310 1.9483 -62.2490 -3.1135 0.0000 -0.0000 302 pedestrian_0006
Pedestrian 1.00 1.00 6 10 15 206 0 0 2 0 -1000.00 -1000.00 -1000.00 -1000.00 1.3390 0.3253 0.4097 15.5552 1.9419 27.8184 3.1295 0.0000 -0.0000 303 pedestrian_0012
Pedestrian 1.00 1.00 0 0 0 0 0 0 0 0 -1000.00 -1000.00 -1000.00 -1000.00 1.9158 0.4880 0.7507 -130.1180 1.9503 -288.1975 0.0200 0.0000 -0.0000 304 pedestrian_0024
Pedestrian 0.00 1.00 0 0 0 0 0 0 0 0 1535.33 362.39 1538.72 367.74 1.3390 0.3253 0.5005 -140.4108 1.9423 142.8614 -3.0959 0.0000 -0.0000 305 pedestrian_0013
Pedestrian 0.00 1.00 0 0 0 0 0 0 0 0 1021.67 361.65 1022.87 363.97 1.1330 0.4333 0.5329 -271.9544 1.9408 28.1974 -1.5529 0.0000 -0.0000 306 pedestrian_0011
Pedestrian 1.00 1.00 0 0 0 0 0 0 0 0 -1000.00 -1000.00 -1000.00 -1000.00 1.9158 0.4880 0.7404 -71.6245 2.1024 -167.6226 -1.4044 0.0000 -0.0000 307 pedestrian_0024
Pedestrian 0.00 1.00 0 0 0 0 0 0 0 0 970.11 360.07 971.15 363.96 1.9158 0.4880 0.3909 -274.1734 1.9505 2.9984 -1.8753 0.0000 -0.0000 308 pedestrian_0004
Pedestrian 1.00 1.00 0 0 0 0 0 0 0 0 -1000.00 -1000.00 -1000.00 -1000.00 1.9158 0.4880 0.4444 58.9545 1.9502 8.1821 -0.2528 0.0000 -0.0000 309 pedestrian_0019
Pedestrian 1.00 1.00 0 0 0 0 0 0 0 0 -1000.00 -1000.00 -1000.00 -1000.00 1.3390 0.3253 0.5005 208.1840 1.9425 -37.5431 1.6395 0.0000 -0.0000 310 pedestrian_0012
Pedestrian 1.00 1.00 0 0 0 0 0 0 0 0 -1000.00 -1000.00 -1000.00 -1000.00 1.9158 0.4880 0.5524 94.2165 1.9499 -169.6423 -3.0621 0.0000 -0.0000 311 pedestrian_0022
Pedestrian 1.00 1.00 0 0 0 0 0 0 0 0 -1000.00 -1000.00 -1000.00 -1000.00 1.9158 0.4880 0.6609 141.1946 1.8943 -201.3064 0.2985 0.0000 -0.0000 312 pedestrian_0018
Pedestrian 0.00 1.00 0 0 0 0 0 0 0 0 1009.88 361.22 1013.63 373.82 1.9158 0.4880 0.6858 -85.7353 2.1027 5.6677 0.0340 0.0000 -0.0000 313 pedestrian_0022
Pedestrian 1.00 1.00 0 0 0 0 0 0 0 0 -1000.00 -1000.00 -1000.00 -1000.00 1.9158 0.4880 0.3891 34.7168 1.9499 -151.7718 -3.0916 0.0000 -0.0000 314 pedestrian_0005
Pedestrian 1.00 1.00 0 0 0 0 0 0 0 0 -1000.00 -1000.00 -1000.00 -1000.00 1.9158 0.4880 0.7507 70.1270 2.1026 7.2356 0.0667 0.0000 -0.0000 315 pedestrian_0018
Pedestrian 0.00 1.00 0 0 0 0 0 0 0 0 972.73 360.07 973.93 363.99 1.9158 0.4880 0.5497 -272.3045 1.9505 4.2841 -1.5112 0.0000 -0.0000 316 pedestrian_0024
Pedestrian 0.00 1.00 0 0 0 0 0 0 0 0 384.95 361.31 393.12 374.90 1.9158 0.4880 0.6536 -79.5724 2.1026 -83.1432 -3.1142 0.0000 -0.0000 317 pedestrian_0002
Pedestrian 1.00 1.00 0 0 0 0 0 0 0 0 -1000.00 -1000.00 -1000.00 -1000.00 1.3390 0.3253 0.3026 -93.9958 1.9411 -203.9026 1.5241 0.0000 -0.0000 318 pedestrian_0013
Pedestrian 1.00 1.00 0 0 0 1 0 0 0 0 -1000.00 -1000.00 -1000.00 -1000.00 1.9158 0.4880 0.7507 -17.7989 1.9500 -153.1247 0.0378 0.0000 -0.0000 319 pedestrian_0018
Pedestrian 0.00 1.00 0 0 0 0 0 0 0 0 25.69 361.16 35.55 373.14 1.9158 0.4880 0.6498 -90.0929 2.1024 -151.5700 0.1687 0.0000 -0.0000 320 pedestrian_0006
Pedestrian 1.00 1.00 0 0 0 0 0 0 0 0 -1000.00 -1000.00 -1000.00 -1000.00 1.9158 0.4880 0.7507 -111.5641 1.9502 -288.4997 3.1092 0.0000 -0.0000 321 pedestrian_0021
Pedestrian 1.00 1.00 0 0 0 0 0 0 0 0 -1000.00 -1000.00 -1000.00 -1000.00 1.1330 0.4333 0.5722 -45.9550 1.9397 -80.8030 0.0020 0.0000 -0.0000 322 pedestrian_0010
Pedestrian 1.00 1.00 0 0 0 0 0 0 0 0 -1000.00 -1000.00 -1000.00 -1000.00 1.9158 0.4880 0.6109 61.9107 1.9501 -79.4782 -0.1145 0.0000 -0.0000 323 pedestrian_0022
Pedestrian 0.00 1.00 0 0 0 0 0 0 0 0 626.98 360.15 630.68 368.08 1.9158 0.4880 0.7507 -135.3945 1.9523 -82.5198 -3.0607 0.0000 -0.0000 324 pedestrian_0015
Pedestrian 0.00 0.91 0 1 4 11 0 0 0 0 1158.30 361.25 1163.31 374.19 1.9158 0.4880 0.6339 -83.4922 2.1028 27.6318 -3.0779 0.0000 -0.0000 325 pedestrian_0005
Pedestrian 1.00 1.00 0 0 0 0 0 0 0 0 -1000.00 -1000.00 -1000.00 -1000.00 1.9158 0.4880 0.6192 200.3777 -8.0194 9.5126 -1.5603 0.0000 -0.0000 326 pedestrian_0006
Pedestrian 1.00 1.00 0 0 0 0 0 0 0 0 -1000.00 -1000.00 -1000.00 -1000.00 1.9158 0.4880 0.7507 121.4919 1.9494 -58.1123 -3.1120 0.0000 -0.0000 327 pedestrian_0002
Pedestrian 1.00 1.00 0 0 0 0 0 0 0 0 -1000.00 -1000.00 -1000.00 -1000.00 1.9158 0.4880 0.5563 32.1532 1.9250 -28.3166 -2.8424 0.0000 -0.0000 328 pedestrian_0015
Pedestrian 0.00 1.00 0 0 0 0 0 0 0 0 1302.19 360.09 1304.96 365.16 1.9158 0.4880 0.7507 -211.1362 1.9507 127.9976 0.4763 0.0000 -0.0000 329 pedestrian_0005
Pedestrian 1.00 1.00 0 0 0 0 0 0 0 0 -1000.00 -1000.00 -1000.00 -1000.00 1.1330 0.4333 0.6667 -79.5189 1.9384 -288.2476 -3.0447 0.0000 -0.0000 330 pedestrian_0010
Pedestrian 1.00 1.00 0 0 0 0 0 0 0 0 -1000.00 -1000.00 -1000.00 -1000.00 1.9158 0.4880 0.6479 53.2676 2.0473 83.1888 1.5909 0.0000 -0.0000 331 pedestrian_0001
Pedestrian 0.00 1.00 0 0 0 0 0 0 0 0 966.64 360.21 970.25 371.68 1.9158 0.4880 0.3816 -93.8690 1.9503 -0.8252 -0.4629 0.0000 -0.0000 332 pedestrian_0017
Pedestrian 1.00 1.00 2 3 5 20 1 0 0 0 -1000.00 -1000.00 -1000.00 -1000.00 1.9158 0.4880 0.5881 -29.9985 1.9515 -80.7576 0.0614 0.0000 -0.0000 333 pedestrian_0023
Pedestrian 0.00 1.00 0 1 2 2 0 1 0 0 1155.00 363.60 1157.52 371.64 1.3390 0.3253 0.2502 -93.6717 1.9412 30.5626 -1.2532 0.0000 -0.0000 334 pedestrian_0013
Pedestrian 0.00 1.00 0 0 0 0 0 0 0 0 50.14 360.21 57.21 371.85 1.9158 0.4880 0.4051 -92.5278 1.9500 -151.8498 1.4297 0.0000 -0.0000 335 pedestrian_0019
Pedestrian 1.00 1.00 157 195 307 4784 0 0 50 0 -1000.00 -1000.00 -1000.00 -1000.00 1.9158 0.4880 0.5766 2.7144 2.0472 7.8605 2.8829 0.0000 -0.0000 336 pedestrian_0017
Pedestrian 1.00 1.00 0 0 0 0 0 0 0 0 -1000.00 -1000.00 -1000.00 -1000.00 1.9158 0.4880 0.7507 -81.5465 1.9503 -288.7261 -3.0994 0.0000 -0.0000 337 pedestrian_0025
Pedestrian 1.00 1.00 0 0 0 0 0 0 0 0 -1000.00 -1000.00 -1000.00 -1000.00 1.9158 0.4880 0.4344 121.8852 -8.0634 -280.0147 0.2696 0.0000 -0.0000 338 pedestrian_0006
Pedestrian 1.00 1.00 0 0 0 0 0 0 0 0 -1000.00 -1000.00 -1000.00 -1000.00 1.1330 0.4333 0.6097 33.2113 -7.5944 -249.7076 -3.1304 0.0000 -0.0000 339 pedestrian_0011
Pedestrian 1.00 1.00 0 0 0 0 0 0 0 0 -1000.00 -1000.00 -1000.00 -1000.00 1.1330 0.4333 0.5612 125.8371 1.8853 -26.8470 -1.5412 0.0000 -0.0000 340 pedestrian_0011
Pedestrian 1.00 1.00 0 0 0 0 0 0 0 0 -1000.00 -1000.00 -1000.00 -1000.00 1.3390 0.3253 0.2966 208.3579 1.9434 -116.9635 -1.5595 0.0000 -0.0000 341 pedestrian_0013
Pedestrian 1.00 1.00 0 0 0 0 0 0 0 0 -1000.00 -1000.00 -1000.00 -1000.00 1.9158 0.4880 0.7507 21.4788 1.9499 -80.0292 0.0144 0.0000 -0.0000 342 pedestrian_0007
Pedestrian 1.00 1.00 0 0 2 17 0 0 0 0 -1000.00 -1000.00 -1000.00 -1000.00 1.9158 0.4880 0.7105 -12.8404 2.0766 -78.8452 -2.5103 0.0000 -0.0000 343 pedestrian_0021
Pedestrian 1.00 1.00 0 0 0 0 0 0 0 0 -1000.00 -1000.00 -1000.00 -1000.00 1.1330 0.4333 0.5923 201.3211 -8.0608 -101.3643 -1.5448 0.0000 -0.0000 344 pedestrian_0010
Pedestrian 1.00 1.00 175 182 302 4177 41 0 0 0 -1000.00 -1000.00 -1000.00 -1000.00 1.9158 0.4880 0.5148 5.7405 1.8952 -11.0030 -1.5315 0.0000 -0.0000 345 pedestrian_0021
Pedestrian 1.00 1.00 2 1 3 46 0 0 0 0 -1000.00 -1000.00 -1000.00 -1000.00 1.3390 0.3253 0.3147 86.3640 1.9386 50.4163 -1.9642 0.0000 -0.0000 346 pedestrian_0014
Pedestrian 0.00 1.00 0 0 0 0 0 0 0 0 233.81 360.28 241.38 375.07 1.9158 0.4880 0.4244 -73.1678 1.9527 -96.2555 -1.8947 0.0000 -0.0000 347 pedestrian_0023
Pedestrian 1.00 1.00 2 2 3 23 1 0 0 0 -1000.00 -1000.00 -1000.00 -1000.00 1.9158 0.4880 0.7507 -23.4795 1.9492 -80.8604 -3.0363 0.0000 -0.0000 348 pedestrian_0008
Pedestrian 0.00 1.00 0 0 0 0 0 0 0 0 1140.94 360.08 1142.81 364.23 1.9158 0.4880 0.7439 -257.0337 1.9507 81.7648 1.0716 0.0000 -0.0000 349 pedestrian_0006
Pedestrian 1.00 1.00 0 0 0 0 0 0 0 0 -1000.00 -1000.00 -1000.00 -1000.00 1.9158 0.4880 0.6629 104.9397 1.9498 -170.9673 -3.1073 0.0000 -0.0000 350 pedestrian_0022
Pedestrian 1.00 1.00 0 0 0 0 0 0 0 0 -1000.00 -1000.00 -1000.00 -1000.00 1.9158 0.4880 0.7507 121.3159 1.9472 -172.8977 2.3848 0.0000 -0.0000 351 pedestrian_0023
Pedestrian 1.00 1.00 0 0 0 0 0 0 0 0 -1000.00 -1000.00 -1000.00 -1000.00 1.9158 0.4880 0.7455 53.7756 1.9377 -189.8251 -3.0716 0.0000 -0.0000 352 pedestrian_0006
Pedestrian 1.00 1.00 0 0 0 0 0 0 0 0 -1000.00 -1000.00 -1000.00 -1000.00 1.9158 0.4880 0.7507 60.0863 1.9502 -22.3132 1.5725 0.0000 -0.0000 353 pedestrian_0024
Pedestrian 1.00 1.00 0 0 0 0 0 0 0 0 -1000.00 -1000.00 -1000.00 -1000.00 1.1330 0.4333 0.4473 -77.8822 1.9392 144.0738 0.0075 0.0000 -0.0000 354 pedestrian_0011
Pedestrian 1.00 1.00 2 2 2 0 0 0 0 0 -1000.00 -1000.00 -1000.00 -1000.00 1.9158 0.4880 0.6410 72.2687 2.1027 31.2498 3.1265 0.0000 -0.0000 355 pedestrian_0017
Pedestrian 1.00 1.00 0 0 0 0 0 0 0 0 -1000.00 -1000.00 -1000.00 -1000.00 1.3390 0.3253 0.3490 164.5333 -8.0584 -50.8712 -1.5501 0.0000 -0.0000 356 pedestrian_0012
Pedestrian 0.00 1.00 0 0 0 0 0 0 0 0 122.73 360.10 125.57 365.81 1.9158 0.4880 0.4546 -187.4897 1.9501 -283.4243 2.7199 0.0000 -0.0000 357 pedestrian_0020
Pedestrian 1.00 1.00 3 1 0 6 0 0 0 0 -1000.00 -1000.00 -1000.00 -1000.00 1.9158 0.4880 0.7507 -11.5407 1.8956 -116.3812 -1.5577 0.0000 -0.0000 358 pedestrian_0017
Pedestrian 0.00 0.33 9 9 12 89 0 1 0 0 1107.44 360.63 1115.55 388.32 1.9158 0.4880 0.4989 -39.3530 1.9499 8.2090 3.1186 0.0000 -0.0000 359 pedestrian_0025
Pedestrian 0.00 1.00 0 0 0 0 0 0 0 0 335.13 361.46 336.39 364.71 1.3390 0.3253 0.3326 -229.6547 1.9426 -259.7280 -0.6878 0.0000 -0.0000 360 pedestrian_0013
Pedestrian 1.00 1.00 0 0 0 0 0 0 0 0 -1000.00 -1000.00 -1000.00 -1000.00 1.3390 0.3253 0.5005 -100.7510 1.9435 -288.4280 -0.0796 0.0000 -0.0000 361 pedestrian_0013
Pedestrian 1.00 1.00 0 0 0 0 0 0 0 0 -1000.00 -1000.00 -1000.00 -1000.00 1.3390 0.3253 0.4166 59.1811 1.9418 1.6947 -1.9498 0.0000 -0.0000 362 pedestrian_0013
Pedestrian 1.00 1.00 0 0 0 0 0 0 0 0 -1000.00 -1000.00 -1000.00 -1000.00 1.1330 0.4333 0.6667 -31.3839 1.8984 -57.9177 2.9838 0.0000 -0.0000 363 pedestrian_0011
Pedestrian 1.00 1.00 0 0 0 0 0 0 0 0 -1000.00 -1000.00 -1000.00 -1000.00 1.3390 0.3253 0.3029 29.6684 1.8860 -201.8667 -0.8043 0.0000 -0.0000 364 pedestrian_0012
Pedestrian 1.00 1.00 0 0 0 0 0 0 0 0 -1000.00 -1000.00 -1000.00 -1000.00 1.9158 0.4880 0.5505 125.3019 1.8947 -3.6549 -1.5315 0.0000 -0.0000 365 pedestrian_0023
Pedestrian 0.00 1.00 0 0 0 0 0 0 0 0 1280.88 360.00 1284.22 367.78 1.9158 0.4880 0.5275 -137.8774 1.9169 77.3943 0.1787 0.0000 -0.0000 366 pedestrian_0005
Pedestrian 0.00 1.00 0 0 0 0 0 0 0 0 553.27 360.00 556.02 365.42 1.9158 0.4880 0.6244 -197.3449 1.9167 -145.8109 1.6488 0.0000 -0.0000 367 pedestrian_0021
Pedestrian 0.00 1.00 0 0 0 0 0 0 0 0 744.51 363.36 746.57 367.36 1.1330 0.4333 0.4159 -158.7034 2.0913 -63.2471 0.0308 0.0000 -0.0000 368 pedestrian_0010
Pedestrian 1.00 1.00 0 2 3 6 0 0 0 0 -1000.00 -1000.00 -1000.00 -1000.00 1.9158 0.4880 0.7507 -12.4284 2.1024 -162.1605 -1.4169 0.0000 -0.0000 369 pedestrian_0020
Pedestrian 1.00 1.00 0 0 0 0 0 0 0 0 -1000.00 -1000.00 -1000.00 -1000.00 1.3390 0.3253 0.4210 62.1440 1.9409 -85.3387 -1.5285 0.0000 -0.0000 370 pedestrian_0012
Pedestrian 1.00 1.00 0 0 0 0 0 0 0 0 -1000.00 -1000.00 -1000.00 -1000.00 1.9158 0.4880 0.6714 60.1858 1.9502 2.2414 -1.5381 0.0000 -0.0000 371 pedestrian_0015
Pedestrian 1.00 1.00 0 0 0 0 0 0 0 0 -1000.00 -1000.00 -1000.00 -1000.00 1.9158 0.4880 0.6428 56.4047 1.9501 -34.3138 -2.9049 0.0000 -0.0000 372 pedestrian_0007
Pedestrian 0.00 1.00 0 0 0 0 0 0 0 0 878.21 360.08 879.68 364.00 1.9158 0.4880 0.6510 -271.7727 1.9526 -41.8335 1.5726 0.0000 -0.0000 373 pedestrian_0008
Pedestrian 1.00 1.00 0 0 0 0 0 0 0 0 -1000.00 -1000.00 -1000.00 -1000.00 1.9158 0.4880 0.6261 100.8661 1.9487 -59.3103 -3.1364 0.0000 -0.0000 374 pedestrian_0020
Pedestrian 1.00 1.00 0 0 0 0 0 0 0 0 -1000.00 -1000.00 -1000.00 -1000.00 1.9158 0.4880 0.5247 -54.8580 1.9501 -170.6431 -0.0116 0.0000 -0.0000 375 pedestrian_0015
Pedestrian 0.00 1.00 0 0 0 0 0 0 0 0 331.85 364.74 337.30 375.36 1.3390 0.3253 0.3226 -71.2944 1.9418 -81.5208 0.0685 0.0000 -0.0000 376 pedestrian_0012
Pedestrian 1.00 1.00 0 0 0 0 0 0 0 0 -1000.00 -1000.00 -1000.00 -1000.00 1.9158 0.4880 0.4370 101.6648 1.9475 -171.6504 -0.1784 0.0000 -0.0000 377 pedestrian_0017
Pedestrian 1.00 1.00 0 0 0 0 0 0 0 0 -1000.00 -1000.00 -1000.00 -1000.00 1.9158 0.4880 0.3904 126.6933 1.9316 -58.5390 1.3458 0.0000 -0.0000 378 pedestrian_0025
Pedestrian 0.00 0.64 1 2 4 19 0 0 0 0 1260.50 368.57 1269.38 380.90 1.1330 0.4333 0.6667 -52.7963 1.9390 26.2354 -3.0703 0.0000 -0.0000 379 pedestrian_0009
Pedestrian 1.00 1.00 0 0 0 0 0 0 0 0 -1000.00 -1000.00 -1000.00 -1000.00 1.9158 0.4880 0.6283 62.2964 1.9500 -130.5358 1.5831 0.0000 -0.0000 380 pedestrian_0002
Pedestrian 1.00 1.00 0 0 0 0 0 0 0 0 -1000.00 -1000.00 -1000.00 -1000.00 1.3390 0.3253 0.3909 -101.4714 1.9417 -287.7236 0.0047 0.0000 -0.0000 381 pedestrian_0013
Pedestrian 1.00 1.00 0 0 0 0 0 0 0 0 -1000.00 -1000.00 -1000.00 -1000.00 1.3390 0.3253 0.5005 83.3075 2.0939 -172.0108 3.0166 0.0000 -0.0000 382 pedestrian_0012
Pedestrian 1.00 1.00 5 5 9 83 0 0 3 0 -1000.00 -1000.00 -1000.00 -1000.00 1.1330 0.4333 0.6035 5.4559 1.8846 40.1472 -1.8516 0.0000 -0.0000 383 pedestrian_0010
Pedestrian 0.00 1.00 0 0 0 0 0 0 0 0 204.93 361.65 207.59 365.33 1.3390 0.3253 0.5005 -203.5897 1.9439 -277.6980 -0.3196 0.0000 -0.0000 384 pedestrian_0013
Pedestrian 1.00 1.00 0 0 0 0 0 0 0 0 -1000.00 -1000.00 -1000.00 -1000.00 1.9158 0.4880 0.4289 55.6940 1.8960 69.1445 1.8264 0.0000 -0.0000 385 pedestrian_0015
Pedestrian 0.00 1.00 0 0 0 0 0 0 0 0 1013.25 361.31 1017.85 374.89 1.9158 0.4880 0.7507 -79.7303 2.1027 5.6452 0.1359 0.0000 -0.0000 386 pedestrian_0018
Pedestrian 1.00 1.00 0 0 0 0 0 0 0 0 -1000.00 -1000.00 -1000.00 -1000.00 1.3390 0.3253 0.4930 -108.6958 1.9414 -288.5636 3.1271 0.0000 -0.0000 387 pedestrian_0013
Pedestrian 1.00 1.00 0 0 0 0 0 0 0 0 -1000.00 -1000.00 -1000.00 -1000.00 1.9158 0.4880 0.7507 209.2267 1.9499 -107.8709 1.4257 0.0000 -0.0000 388 pedestrian_0022
Pedestrian 0.00 1.00 0 0 0 0 0 0 0 0 704.43 360.08 705.67 364.03 1.9158 0.4880 0.4872 -270.0950 1.9529 -126.0038 2.1384 0.0000 -0.0000 389 pedestrian_0003
Pedestrian 1.00 1.00 0 0 0 0 0 0 0 0 -1000.00 -1000.00 -1000.00 -1000.00 1.9158 0.4880 0.7507 -117.1879 1.9503 -288.5433 3.1081 0.0000 -0.0000 390 pedestrian_0021
Pedestrian 0.00 1.00 0 0 0 0 0 0 0 0 1351.26 360.01 1356.19 369.35 1.9158 0.4880 0.7507 -115.1020 1.9169 78.7875 3.1244 0.0000 -0.0000 391 pedestrian_0016
Pedestrian 1.00 1.00 0 0 0 0 0 0 0 0 -1000.00 -1000.00 -1000.00 -1000.00 1.9158 0.4880 0.4050 -79.7546 1.9490 -287.5866 0.4017 0.0000 -0.0000 392 pedestrian_0005
Pedestrian 1.00 1.00 0 0 0 0 0 0 0 0 -1000.00 -1000.00 -1000.00 -1000.00 1.9158 0.4880 0.3904 144.8553 -8.0542 -224.5373 2.3162 0.0000 -0.0000 393 pedestrian_0026
Pedestrian 1.00 1.00 0 0 0 0 0 0 0 0 -1000.00 -1000.00 -1000.00 -1000.00 1.9158 0.4880 0.7401 121.3334 1.9500 -60.0653 3.0567 0.0000 -0.0000 394 pedestrian_0022
Pedestrian 1.00 1.00 0 0 0 0 0 0 0 0 -1000.00 -1000.00 -1000.00 -1000.00 1.1330 0.4333 0.4285 164.5521 -8.0614 -61.3455 1.9052 0.0000 -0.0000 395 pedestrian_0010
Pedestrian 1.00 1.00 0 0 0 0 0 0 0 0 -1000.00 -1000.00 -1000.00 -1000.00 1.9158 0.4880 0.3882 126.5722 1.8948 33.3152 -3.1256 0.0000 -0.0000 396 pedestrian_0006
Pedestrian 0.00 1.00 0 0 0 0 0 0 0 0 441.31 364.71 445.26 373.11 1.3390 0.3253 0.3352 -89.7432 2.0942 -84.9405 2.9475 0.0000 -0.0000 397 pedestrian_0012
Pedestrian 1.00 1.00 0 0 0 0 0 0 0 0 -1000.00 -1000.00 -1000.00 -1000.00 1.1330 0.4333 0.6667 88.7653 1.9384 -183.5595 -1.7937 0.0000 -0.0000 398 pedestrian_0010
Pedestrian 0.00 1.00 0 0 0 0 0 0 0 0 1406.38 360.01 1411.59 370.69 1.9158 0.4880 0.5859 -100.7178 1.9168 78.5087 3.0367 0.0000 -0.0000 399 pedestrian_0007
Pedestrian 1.00 1.00 0 0 0 0 0 0 0 0 -1000.00 -1000.00 -1000.00 -1000.00 1.9158 0.4880 0.6437 196.8889 -7.8401 58.6192 -1.3726 0.0000 -0.0000 400 pedestrian_0001
Pedestrian 1.00 1.00 0 0 0 0 0 0 0 0 -1000.00 -1000.00 -1000.00 -1000.00 1.9158 0.4880 0.6705 50.6336 1.9450 -35.2525 2.5821 0.0000 -0.0000 401 pedestrian_0016
Pedestrian 0.00 1.00 0 0 0 0 0 0 0 0 1034.95 360.07 1036.49 363.98 1.9158 0.4880 0.7134 -272.8070 1.9506 34.8879 1.5006 0.0000 -0.0000 402 pedestrian_0021
Pedestrian 1.00 1.00 0 0 0 0 0 0 0 0 -1000.00 -1000.00 -1000.00 -1000.00 1.9158 0.4880 0.6341 38.7860 1.9496 -60.2569 -0.0102 0.0000 -0.0000 403 pedestrian_0006
Pedestrian 0.00 0.90 3 2 4 6 0 0 0 0 1154.77 361.40 1161.82 375.87 1.9158 0.4880 0.7507 -74.7325 2.1028 24.1248 1.6364 0.0000 -0.0000 404 pedestrian_0023
Pedestrian 1.00 1.00 0 0 0 0 0 0 0 0 -1000.00 -1000.00 -1000.00 -1000.00 1.1330 0.4333 0.6080 60.5620 2.0911 -67.0714 -1.4858 0.0000 -0.0000 405 pedestrian_0011
Pedestrian 1.00 1.00 81 91 129 2473 0 0 10 0 -1000.00 -1000.00 -1000.00 -1000.00 1.9158 0.4880 0.5434 8.1346 2.1027 11.4775 -1.8014 0.0000 -0.0000 406 pedestrian_0004
Pedestrian 1.00 1.00 0 0 0 0 0 0 0 0 -1000.00 -1000.00 -1000.00 -1000.00 1.9158 0.4880 0.4846 61.1759 1.9499 -173.1051 3.1117 0.0000 -0.0000 407 pedestrian_0026
Pedestrian 1.00 1.00 0 0 0 0 0 0 0 0 -1000.00 -1000.00 -1000.00 -1000.00 1.3390 0.3253 0.2639 144.9040 1.8883 0.7875 -1.4721 0.0000 -0.0000 408 pedestrian_0013
Pedestrian 1.00 1.00 0 0 0 0 0 0 0 0 -1000.00 -1000.00 -1000.00 -1000.00 1.1330 0.4333 0.5673 -94.9130 1.9389 -190.5614 -1.6085 0.0000 -0.0000 409 pedestrian_0010
Pedestrian 1.00 1.00 0 0 0 0 0 0 0 0 -1000.00 -1000.00 -1000.00 -1000.00 1.9158 0.4880 0.5147 141.9101 1.8953 57.4396 -1.4003 0.0000 -0.0000 410 pedestrian_0020
Pedestrian 0.00 1.00 0 0 0 0 0 0 0 0 175.81 360.21 184.37 371.96 1.9158 0.4880 0.7333 -91.6461 1.9501 -129.7404 -1.6056 0.0000 -0.0000 411 pedestrian_0025
Pedestrian 1.00 1.00 0 0 0 0 0 0 0 0 -1000.00 -1000.00 -1000.00 -1000.00 1.1330 0.4333 0.5301 110.1994 1.9329 34.1924 1.4687 0.0000 -0.0000 412 pedestrian_0010
Pedestrian 1.00 1.00 0 0 0 0 0 0 0 0 -1000.00 -1000.00 -1000.00 -1000.00 1.9158 0.4880 0.7507 106.1034 1.9485 -170.2465 0.0699 0.0000 -0.0000 413 pedestrian_0015
Pedestrian 1.00 1.00 0 0 0 0 0 0 0 0 -1000.00 -1000.00 -1000.00 -1000.00 1.1330 0.4333 0.6667 65.0933 2.0475 -213.5665 -1.6083 0.0000 -0.0000 414 pedestrian_0011
Pedestrian 1.00 1.00 5 2 7 18 0 0 0 0 -1000.00 -1000.00 -1000.00 -1000.00 1.9158 0.4880 0.6171 10.3932 1.9501 -78.8118 3.0357 0.0000 -0.0000 415 pedestrian_0025
Pedestrian 1.00 1.00 0 0 0 0 0 0 0 0 -1000.00 -1000.00 -1000.00 -1000.00 1.1330 0.4333 0.6667 164.3871 -8.5310 -76.0688 0.9934 0.0000 -0.0000 416 pedestrian_0009
Pedestrian 1.00 1.00 0 0 0 0 0 0 0 0 -1000.00 -1000.00 -1000.00 -1000.00 1.9158 0.4880 0.5747 7.9977 -3.1750 107.7188 -3.1167 0.0000 -0.0000 417 pedestrian_0026
Pedestrian 0.00 1.00 0 0 0 0 0 0 0 0 1001.00 360.07 1002.16 364.00 1.9158 0.4880 0.5366 -272.0998 1.9521 18.0943 1.5603 0.0000 -0.0000 418 pedestrian_0019
Pedestrian 0.00 1.00 0 0 0 0 0 0 0 0 293.06 360.38 308.15 381.59 1.9158 0.4880 0.7507 -51.4992 1.9505 -62.2722 0.0373 0.0000 -0.0000 419 pedestrian_0018
Pedestrian 1.00 1.00 0 0 0 0 0 0 0 0 -1000.00 -1000.00 -1000.00 -1000.00 1.9158 0.4880 0.6702 -126.2444 1.9501 -288.2516 -0.0583 0.0000 -0.0000 420 pedestrian_0026
Pedestrian 1.00 1.00 0 0 0 0 0 0 0 0 -1000.00 -1000.00 -1000.00 -1000.00 1.9158 0.4880 0.3909 146.3998 1.8945 -84.8904 1.5763 0.0000 -0.0000 421 pedestrian_0005
Pedestrian 1.00 1.00 0 0 0 0 0 0 0 0 -1000.00 -1000.00 -1000.00 -1000.00 1.9158 0.4880 0.4043 61.3606 1.9501 -57.1066 -1.4520 0.0000 -0.0000 422 pedestrian_0021
Pedestrian 1.00 1.00 0 0 0 0 0 0 0 0 -1000.00 -1000.00 -1000.00 -1000.00 1.9158 0.4880 0.6487 125.7002 1.9483 -170.0999 0.1389 0.0000 -0.0000 423 pedestrian_0025
Pedestrian 1.00 1.00 0 0 0 0 0 0 0 0 -1000.00 -1000.00 -1000.00 -1000.00 1.9158 0.4880 0.4745 126.4739 1.8945 -98.5166 1.5694 0.0000 -0.0000 424 pedestrian_0008
Pedestrian 1.00 1.00 0 0 0 503 0 0 1 0 -1000.00 -1000.00 -1000.00 -1000.00 1.9158 0.4880 0.4746 33.2178 1.9483 29.5688 -0.1107 0.0000 -0.0000 425 pedestrian_0018
Pedestrian 0.00 1.00 0 0 0 0 0 0 0 0 500.19 360.21 506.34 371.08 1.9158 0.4880 0.6894 -99.0991 1.9535 -83.0487 2.9944 0.0000 -0.0000 426 pedestrian_0020
Pedestrian 1.00 1.00 0 0 0 0 0 0 0 0 -1000.00 -1000.00 -1000.00 -1000.00 1.3390 0.3253 0.4454 -18.6576 1.9437 -170.9654 3.1229 0.0000 -0.0000 427 pedestrian_0012
Pedestrian 1.00 1.00 0 0 0 0 0 0 0 0 -1000.00 -1000.00 -1000.00 -1000.00 1.1330 0.4333 0.4332 128.3671 1.8856 -103.7992 -1.5206 0.0000 -0.0000 428 pedestrian_0011
Pedestrian 1.00 1.00 0 0 0 0 0 0 0 0 -1000.00 -1000.00 -1000.00 -1000.00 1.9158 0.4880 0.5414 -94.6830 1.9481 -178.2418 1.7334 0.0000 -0.0000 429 pedestrian_0006
Pedestrian 1.00 1.00 0 0 0 0 0 0 0 0 -1000.00 -1000.00 -1000.00 -1000.00 1.9158 0.4880 0.6057 124.7231 1.8954 6.4282 -1.3977 0.0000 -0.0000 430 pedestrian_0021
Pedestrian 1.00 1.00 3 3 8 40 2 0 0 0 -1000.00 -1000.00 -1000.00 -1000.00 1.9158 0.4880 0.4207 -13.3728 1.9004 -60.3899 2.4945 0.0000 -0.0000 431 pedestrian_0026
Pedestrian 1.00 1.00 0 0 0 0 0 0 0 0 -1000.00 -1000.00 -1000.00 -1000.00 1.9158 0.4880 0.7507 51.7400 -6.2495 108.5072 -3.1170 0.0000 -0.0000 432 pedestrian_0026
Pedestrian 0.00 1.00 0 0 0 0 0 0 0 0 234.39 360.29 242.74 375.18 1.9158 0.4880 0.4529 -72.5958 1.9533 -95.3848 -1.6449 0.0000 -0.0000 433 pedestrian_0002
Pedestrian 1.00 1.00 0 0 0 0 0 0 0 0 -1000.00 -1000.00 -1000.00 -1000.00 1.9158 0.4880 0.4560 191.7111 1.9498 -147.4367 0.2699 0.0000 -0.0000 434 pedestrian_0001
Pedestrian 1.00 1.00 0 0 0 0 0 0 0 0 -1000.00 -1000.00 -1000.00 -1000.00 1.9158 0.4880 0.4687 119.4798 -8.0651 -280.7602 0.3488 0.0000 -0.0000 435 pedestrian_0022
Pedestrian 1.00 1.00 2 2 3 4 0 0 0 0 -1000.00 -1000.00 -1000.00 -1000.00 1.9158 0.4880 0.5229 57.2047 2.1027 23.9871 -1.5420 0.0000 -0.0000 436 pedestrian_0005
Pedestrian 1.00 1.00 0 0 0 0 0 0 0 0 -1000.00 -1000.00 -1000.00 -1000.00 1.3390 0.3253 0.3886 84.2281 1.9416 -59.0369 2.9966 0.0000 -0.0000 437 pedestrian_0013
Pedestrian 0.00 1.00 0 0 0 0 0 0 0 0 243.44 362.12 246.52 365.13 1.1330 0.4333 0.6667 -211.0477 1.9397 -273.1687 2.6051 0.0000 -0.0000 438 pedestrian_0011
Pedestrian 0.00 0.37 12 7 12 601 0 0 1 0 1422.63 360.59 1439.11 391.68 1.9158 0.4880 0.7507 -35.1806 1.9503 26.7014 -3.1160 0.0000 -0.0000 439 pedestrian_0006
Pedestrian 1.00 1.00 0 0 0 0 0 0 0 0 -1000.00 -1000.00 -1000.00 -1000.00 1.3390 0.3253 0.4934 64.9365 -6.4032 145.2735 -3.1215 0.0000 -0.0000 440 pedestrian_0014
Pedestrian 0.00 0.94 2 0 1 2 0 0 0 0 1222.32 360.20 1226.46 371.45 1.9158 0.4880 0.4781 -95.7109 1.9501 42.9208 -1.5826 0.0000 -0.0000 441 pedestrian_0025
Pedestrian 0.00 1.00 0 0 0 0 0 0 0 0 1245.71 360.08 1247.46 364.75 1.9158 0.4880 0.4931 -229.0197 1.9507 115.6412 -2.4347 0.0000 -0.0000 442 pedestrian_0003
Pedestrian 1.00 1.00 0 0 0 0 0 0 0 0 -1000.00 -1000.00 -1000.00 -1000.00 1.9158 0.4880 0.7333 124.9928 2.1024 -61.9596 -1.3769 0.0000 -0.0000 443 pedestrian_0024
Pedestrian 1.00 1.00 0 1 2 6 2 0 0 0 -1000.00 -1000.00 -1000.00 -1000.00 1.9158 0.4880 0.4947 6.6507 1.8930 -130.9799 1.6355 0.0000 -0.0000 444 pedestrian_0007
Pedestrian 0.00 1.00 0 0 0 0 0 0 0 0 659.16 360.18 662.31 369.73 1.9158 0.4880 0.3849 -112.5727 1.9529 -62.4631 0.2842 0.0000 -0.0000 445 pedestrian_0023
Pedestrian 0.00 1.00 0 0 0 0 0 0 0 0 1034.19 360.07 1035.55 363.99 1.9158 0.4880 0.6239 -272.1308 1.9489 34.3808 1.3648 0.0000 -0.0000 446 pedestrian_0026
Pedestrian 1.00 1.00 0 0 0 0 0 0 0 0 -1000.00 -1000.00 -1000.00 -1000.00 1.1330 0.4333 0.3948 165.4239 -8.0614 -61.1089 0.3846 0.0000 -0.0000 447 pedestrian_0009
Pedestrian 1.00 1.00 0 0 0 0 0 0 0 0 -1000.00 -1000.00 -1000.00 -1000.00 1.9158 0.4880 0.7507 63.1693 -8.0750 -249.8975 0.0347 0.0000 -0.0000 448 pedestrian_0015
Pedestrian 1.00 1.00 0 0 0 0 0 0 0 0 -1000.00 -1000.00 -1000.00 -1000.00 1.9158 0.4880 0.3858 154.8400 1.9500 -77.1155 -1.5764 0.0000 -0.0000 449 pedestrian_0017
Pedestrian 1.00 1.00 0 2 3 0 2 0 0 0 -1000.00 -1000.00 -1000.00 -1000.00 1.9158 0.4880 0.6559 7.9985 2.1004 -152.8585 1.5659 0.0000 -0.0000 450 pedestrian_0023
Pedestrian 1.00 1.00 5 0 6 36 0 0 0 0 -1000.00 -1000.00 -1000.00 -1000.00 1.9158 0.4880 0.5485 -12.9483 2.0634 -61.3308 -2.8859 0.0000 -0.0000 451 pedestrian_0001
Pedestrian 0.00 1.00 0 0 0 0 0 0 0 0 1175.17 360.00 1178.46 367.00 1.9158 0.4880 0.7483 -153.1926 1.9169 57.2802 -2.8651 0.0000 -0.0000 452 pedestrian_0017
Pedestrian 1.00 1.00 0 0 0 0 0 0 0 0 -1000.00 -1000.00 -1000.00 -1000.00 1.1330 0.4333 0.6267 42.0806 1.9387 -60.9714 -3.0775 0.0000 -0.0000 453 pedestrian_0011
Pedestrian 0.00 1.00 0 0 0 0 0 0 0 0 637.08 360.08 639.13 364.04 1.9158 0.4880 0.7130 -269.3348 1.9528 -158.0593 -1.5372 0.0000 -0.0000 454 pedestrian_0018
Pedestrian 1.00 1.00 0 0 0 0 0 0 0 0 -1000.00 -1000.00 -1000.00 -1000.00 1.9158 0.4880 0.6981 132.4765 1.8946 -210.6026 0.6261 0.0000 -0.0000 455 pedestrian_0021
Pedestrian 1.00 1.00 0 0 0 0 0 0 0 0 -1000.00 -1000.00 -1000.00 -1000.00 1.9158 0.4880 0.4835 208.9558 1.9502 -38.7710 -1.2229 0.0000 -0.0000 456 pedestrian_0007
Pedestrian 1.00 1.00 0 0 0 0 0 0 0 0 -1000.00 -1000.00 -1000.00 -1000.00 1.9158 0.4880 0.4860 30.9725 1.9244 -28.6471 -2.3116 0.0000 -0.0000 457 pedestrian_0021
Pedestrian 1.00 1.00 0 0 0 0 0 0 0 0 -1000.00 -1000.00 -1000.00 -1000.00 1.9158 0.4880 0.7507 121.6006 -7.0996 101.7256 2.7084 0.0000 -0.0000 458 pedestrian_0019
Pedestrian 0.00 1.00 0 0 0 0 0 0 0 0 1327.92 362.21 1330.05 365.32 1.1330 0.4333 0.4882 -203.2068 1.9393 132.3514 0.3597 0.0000 -0.0000 459 pedestrian_0009
Pedestrian 0.00 1.00 0 0 0 0 0 0 0 0 1322.26 360.09 1324.90 365.29 1.9158 0.4880 0.6554 -205.7278 1.9507 132.0331 -2.7451 0.0000 -0.0000 460 pedestrian_0004
Pedestrian 0.00 1.00 0 0 0 0 0 0 0 0 586.78 363.61 590.66 371.66 1.3390 0.3253 0.4305 -93.5180 1.9418 -64.1916 1.4735 0.0000 -0.0000 461 pedestrian_0012
Pedestrian 0.00 1.00 0 0 0 0 0 0 0 0 649.43 360.67 652.35 367.58 1.9158 0.4880 0.5681 -155.0061 2.1026 -88.1087 -0.0196 0.0000 -0.0000 462 pedestrian_0006
Pedestrian 1.00 1.00 0 0 0 0 0 0 0 0 -1000.00 -1000.00 -1000.00 -1000.00 1.1330 0.4333 0.6667 25.1507 1.9387 -78.9079 3.1200 0.0000 -0.0000 463 pedestrian_0009
Pedestrian 0.00 1.00 0 0 0 0 0 0 0 0 260.76 362.82 264.42 369.13 1.3390 0.3253 0.3852 -119.0938 1.9417 -150.7917 -0.2462 0.0000 -0.0000 464 pedestrian_0014
Pedestrian 0.00 1.00 0 0 0 0 0 0 0 0 374.26 364.86 381.15 371.73 1.1330 0.4333 0.6667 -93.0189 1.9415 -98.8758 -1.4645 0.0000 -0.0000 465 pedestrian_0010
Pedestrian 0.00 1.00 0 0 0 0 0 0 0 0 563.82 360.26 571.87 375.16 1.9158 0.4880 0.7460 -72.6690 1.9502 -52.9226 1.2985 0.0000 -0.0000 466 pedestrian_0017
Pedestrian 0.00 0.02 66 79 124 979 0 9 0 0 1338.92 360.25 1366.28 442.75 1.9158 0.4880 0.5138 -14.2493 1.8967 7.0986 -2.8744 0.0000 -0.0000 467 pedestrian_0004
Pedestrian 1.00 1.00 1 0 1 35 0 0 0 1 -1000.00 -1000.00 -1000.00 -1000.00 1.9158 0.4880 0.5720 67.3869 2.1027 31.0873 -3.0088 0.0000 -0.0000 468 pedestrian_0021
Pedestrian 1.00 1.00 0 0 0 0 0 0 0 0 -1000.00 -1000.00 -1000.00 -1000.00 1.3390 0.3253 0.4411 49.2550 1.9417 -58.6757 -0.2116 0.0000 -0.0000 469 pedestrian_0013
Pedestrian 1.00 1.00 0 0 0 0 0 0 0 0 -1000.00 -1000.00 -1000.00 -1000.00 1.9158 0.4880 0.7507 127.4175 1.8944 -146.2952 1.4943 0.0000 -0.0000 470 pedestrian_0001
Pedestrian 1.00 1.00 0 0 0 0 0 0 0 0 -1000.00 -1000.00 -1000.00 -1000.00 1.9158 0.4880 0.5406 86.3343 1.9501 -60.1459 -0.2493 0.0000 -0.0000 471 pedestrian_0015
Pedestrian 0.00 1.00 0 0 0 0 0 0 0 0 1641.83 360.16 1648.53 369.22 1.9158 0.4880 0.7507 -118.7171 1.9506 143.2382 0.0457 0.0000 -0.0000 472 pedestrian_0024
Pedestrian 1.00 1.00 0 0 0 0 0 0 0 0 -1000.00 -1000.00 -1000.00 -1000.00 1.3390 0.3253 0.3357 -74.5506 1.9434 -200.8835 1.5378 0.0000 -0.0000 473 pedestrian_0013
Pedestrian 1.00 1.00 0 0 0 0 0 0 0 0 -1000.00 -1000.00 -1000.00 -1000.00 1.9158 0.4880 0.6873 -111.0802 1.9498 -289.1915 3.1371 0.0000 -0.0000 474 pedestrian_0018
Pedestrian 1.00 1.00 0 0 0 0 0 0 0 0 -1000.00 -1000.00 -1000.00 -1000.00 1.3390 0.3253 0.4611 24.3610 1.9415 -171.2488 3.0535 0.0000 -0.0000 475 pedestrian_0012
Pedestrian 0.00 1.00 0 0 1 0 0 0 0 0 1253.50 360.19 1258.77 371.54 1.9158 0.4880 0.6235 -94.9283 1.9488 47.9251 -1.4936 0.0000 -0.0000 476 pedestrian_0026
Pedestrian 1.00 1.00 0 0 0 0 0 0 0 0 -1000.00 -1000.00 -1000.00 -1000.00 1.9158 0.4880 0.4074 -78.5599 1.9499 -287.3771 -3.0754 0.0000 -0.0000 477 pedestrian_0016
Pedestrian 1.00 1.00 0 0 0 0 0 0 0 0 -1000.00 -1000.00 -1000.00 -1000.00 1.9158 0.4880 0.4310 62.7354 1.9499 -148.6176 1.5608 0.0000 -0.0000 478 pedestrian_0006
Pedestrian 1.00 1.00 0 0 0 0 0 0 0 0 -1000.00 -1000.00 -1000.00 -1000.00 1.9158 0.4880 0.5928 -139.4556 1.9498 -289.0890 3.1340 0.0000 -0.0000 479 pedestrian_0001
Pedestrian 1.00 1.00 0 0 0 0 0 0 0 0 -1000.00 -1000.00 -1000.00 -1000.00 1.9158 0.4880 0.5404 52.8619 1.8956 86.7647 2.1598 0.0000 -0.0000 480 pedestrian_0021
Car 1.00 1.00 0 0 0 0 0 0 0 0 -1000.00 -1000.00 -1000.00 -1000.00 1.6980 1.9434 4.1871 17.8163 1.9850 -136.4914 -1.5556 0.0000 -0.0000 481 citroen_c3
Car 1.00 1.00 0 0 0 0 0 0 0 0 -1000.00 -1000.00 -1000.00 -1000.00 1.9718 2.0005 4.0595 18.4247 1.9505 -125.4402 -1.5556 0.0000 -0.0000 482 jeep_wrangler_rubicon
Car 1.00 1.00 0 0 0 0 0 0 0 0 -1000.00 -1000.00 -1000.00 -1000.00 1.9718 2.0005 4.0595 48.9311 1.9855 -135.4218 1.5860 0.0000 -0.0000 483 jeep_wrangler_rubicon
Car 1.00 1.00 0 0 0 0 0 0 0 0 -1000.00 -1000.00 -1000.00 -1000.00 1.9718 2.0005 4.0595 15.4838 1.9505 -125.4849 -1.5556 0.0000 -0.0000 484 jeep_wrangler_rubicon
Car 1.00 1.00 0 0 0 0 0 0 0 0 0.00 360.18 0.30 378.51 1.9718 2.0005 4.0595 -62.7673 1.9929 -113.6408 0.0152 0.0000 -0.0000 485 nissan_patrol
Car 1.00 1.00 0 0 0 0 0 0 0 0 -1000.00 -1000.00 -1000.00 -1000.00 1.5488 2.0688 3.9961 -62.7374 2.0206 -116.5359 -3.1264 0.0000 -0.0000 486 nissan_patrol
Car 0.37 1.00 0 0 0 0 0 0 0 0 0.00 364.72 73.71 380.84 1.4855 2.1349 -5.6254 -56.6026 1.9826 -96.6445 -3.1264 0.0000 -0.0000 487 nissan_patrol
Car 1.00 1.00 0 0 0 0 0 0 0 0 -1000.00 -1000.00 -1000.00 -1000.00 1.6244 1.8781 -3.8906 -56.3451 1.9687 -113.5420 0.0152 0.0000 -0.0000 488 nissan_patrol
Car 1.00 1.00 0 0 0 19 0 0 0 0 -1000.00 -1000.00 -1000.00 -1000.00 1.7506 2.3538 -4.8416 -39.2216 2.0495 -90.7620 0.0152 0.0000 -0.0000 489 nissan_patrol
Car 1.00 1.00 11 18 25 116 2 0 0 0 -1000.00 -1000.00 -1000.00 -1000.00 1.9718 2.0005 -4.0595 -39.0432 1.9929 -105.0589 -3.1264 0.0000 -0.0000 490 nissan_patrol
Car 0.00 1.00 0 0 0 0 0 0 0 0 124.33 360.26 204.20 378.39 1.9476 2.0282 4.8347 -63.0677 1.9780 -91.1249 -3.1264 0.0000 -0.0000 491 nissan_patrol
Car 0.00 1.00 0 0 0 0 0 0 0 0 103.25 360.18 174.68 378.41 1.9718 2.0005 4.0595 -63.0813 1.9929 -94.0196 -3.1264 0.0000 -0.0000 492 nissan_patrol
Car 1.00 1.00 0 0 0 0 0 0 0 0 -1000.00 -1000.00 -1000.00 -1000.00 1.6244 1.8781 3.8906 -45.6203 1.9687 -93.7548 0.0152 0.0000 -0.0000 493 nissan_patrol
Car 1.00 1.00 0 0 0 0 0 0 0 0 -1000.00 -1000.00 -1000.00 -1000.00 1.5488 2.0688 3.9961 -45.5777 2.0207 -96.4784 -3.1264 0.0000 -0.0000 494 nissan_patrol
Car 1.00 1.00 0 0 0 4 0 0 0 0 -1000.00 -1000.00 -1000.00 -1000.00 2.1397 2.1728 4.7017 -45.4222 1.9794 -105.1570 -3.1264 0.0000 -0.0000 495 nissan_patrol
Car 1.00 1.00 6 5 11 63 3 0 0 0 -1000.00 -1000.00 -1000.00 -1000.00 1.9476 2.0282 4.8347 -45.2492 1.9779 -113.3729 -3.1264 0.0000 -0.0000 496 nissan_patrol
Car 1.00 1.00 0 0 0 5 0 0 0 0 -1000.00 -1000.00 -1000.00 -1000.00 1.5100 1.8730 4.1000 -45.2724 1.9696 -116.2700 -3.1264 0.0000 -0.0000 497 nissan_patrol
Car 1.00 1.00 7 9 16 68 1 0 0 0 -1000.00 -1000.00 -1000.00 -1000.00 1.5488 2.0688 3.9961 -30.3959 2.0206 -102.0329 0.0152 0.0000 -0.0000 498 nissan_patrol
Car 1.00 1.00 0 0 0 3 0 0 0 0 -1000.00 -1000.00 -1000.00 -1000.00 1.5100 1.8730 4.1000 -30.3558 1.9696 -104.9277 0.0152 0.0000 -0.0000 499 nissan_patrol
Car 1.00 1.00 0 0 0 0 0 0 0 0 -1000.00 -1000.00 -1000.00 -1000.00 1.9476 2.0282 4.8347 -30.2676 1.9779 -107.6101 -3.1264 0.0000 -0.0000 500 nissan_patrol
Car 1.00 1.00 16 16 22 111 2 0 0 0 -1000.00 -1000.00 -1000.00 -1000.00 2.1397 2.1728 -4.7017 -24.1782 1.9795 -90.5330 -3.1264 0.0000 -0.0000 501 nissan_patrol
Car 1.00 1.00 3 6 10 35 0 0 0 0 -1000.00 -1000.00 -1000.00 -1000.00 1.9476 2.0282 -4.8347 -24.0673 1.9779 -93.4269 0.0152 0.0000 -0.0000 502 nissan_patrol
Car 1.00 1.00 11 15 17 61 1 0 0 0 -1000.00 -1000.00 -1000.00 -1000.00 1.6244 1.8781 -3.8906 -23.8814 1.9686 -110.4084 -3.1264 0.0000 -0.0000 503 nissan_patrol
Car 1.00 1.00 3 4 8 37 3 0 0 0 -1000.00 -1000.00 -1000.00 -1000.00 1.7506 2.3538 -4.8416 -23.8655 2.0494 -113.0476 -3.1264 0.0000 -0.0000 504 nissan_patrol
Car 1.00 1.00 0 0 0 0 0 0 0 0 -1000.00 -1000.00 -1000.00 -1000.00 1.9476 2.0282 4.8347 22.3042 1.9414 -137.0920 1.5860 0.0000 -0.0000 505 nissan_patrol
Car 1.00 1.00 0 0 0 0 0 0 0 0 -1000.00 -1000.00 -1000.00 -1000.00 1.5475 1.9070 4.4025 46.1264 1.9629 -135.0633 1.5860 0.0000 -0.0000 506 seat_leon
Car 1.00 1.00 0 0 0 0 0 0 0 0 -1000.00 -1000.00 -1000.00 -1000.00 2.5908 2.7453 5.4640 31.6946 1.9999 -136.8858 1.5860 0.0000 -0.0000 507 carlamotors_carlacola
Car 1.00 1.00 0 0 0 0 0 0 0 0 -1000.00 -1000.00 -1000.00 -1000.00 2.5908 2.7453 5.4640 116.0604 2.0212 -145.3610 -1.5556 0.0000 -0.0000 508 carlamotors_carlacola
Car 1.00 1.00 0 0 0 0 0 0 0 0 -1000.00 -1000.00 -1000.00 -1000.00 2.5908 2.7453 5.4640 119.5486 2.0212 -145.3079 -1.5556 0.0000 -0.0000 509 carlamotors_carlacola
Car 1.00 1.00 0 0 0 0 0 0 0 0 -1000.00 -1000.00 -1000.00 -1000.00 2.5908 2.7453 5.4640 113.9942 1.8991 -117.1504 -3.1264 0.0000 -0.0000 510 carlamotors_carlacola
Car 1.00 1.00 0 0 0 0 0 0 0 0 -1000.00 -1000.00 -1000.00 -1000.00 2.5908 2.7453 5.4640 27.3842 1.9999 -136.9514 1.5860 0.0000 -0.0000 511 carlamotors_carlacola
Car 1.00 1.00 0 0 0 0 0 0 0 0 -1000.00 -1000.00 -1000.00 -1000.00 2.2031 2.5091 6.5872 53.8192 2.0111 -26.3733 1.0624 0.0000 -0.0000 512 tesla_cybertruck