Car 1.00 1.00 0 0 0 0 0 0 0 0 -1000.00 -1000.00 -1000.00 -1000.00 1.5542 2.3421 5.1370 -106.8724 2.1340 -275.7925 -0.1596 0.0000 0.0000 0 lincoln2020_mkz2020
Car 1.00 1.00 6718 238011 379265 0 0 0 0 0 -1000.00 -1000.00 -1000.00 -1000.00 2.1397 2.1728 4.7045 -0.0005 2.0932 -2.2389 1.5708 0.0000 0.0000 1 volkswagen_t2
Motorcycle 1.00 1.00 0 0 0 0 0 0 0 0 -1000.00 -1000.00 -1000.00 -1000.00 1.6960 1.0692 2.4735 -138.4716 2.1237 -262.3129 -3.0196 0.0051 -0.0037 2 harley_davidson_low_rider
Motorcycle 0.00 1.00 0 0 0 0 0 0 0 0 201.46 361.17 213.86 366.00 1.6960 1.0692 2.4735 -199.2277 2.1236 -271.2499 -0.4532 0.0040 -0.0057 3 harley_davidson_low_rider
Car 1.00 1.00 0 0 0 0 0 0 0 0 -1000.00 -1000.00 -1000.00 -1000.00 1.6320 2.1403 5.2230 124.4913 2.1465 -63.2884 -3.1220 -0.0001 -0.0001 4 dodge_charger_police
Car 0.00 1.00 0 0 0 0 0 0 0 0 767.54 361.29 780.91 364.87 1.5542 2.3421 5.1370 -245.9895 2.1346 -84.3264 1.5950 -0.0014 0.0010 5 lincoln2020_mkz2020
Car 1.00 1.00 0 0 0 3 0 0 0 0 -1000.00 -1000.00 -1000.00 -1000.00 1.4546 2.0938 4.3903 177.0300 -7.6656 51.1476 -1.3778 -0.0061 -0.0033 6 audi_tt
Car 1.00 1.00 0 0 2 1 0 0 0 0 -1000.00 -1000.00 -1000.00 -1000.00 1.4477 1.5550 2.3177 -10.4895 2.1286 -162.6945 0.2247 -0.0198 0.0014 7 bmw_isetta
Car 1.00 1.00 0 0 0 0 0 0 0 0 -1000.00 -1000.00 -1000.00 -1000.00 1.7173 2.2591 5.2781 179.9319 -7.8100 13.0132 -1.5724 -0.0099 -0.0018 8 mercedes_benz_coupe
Car 1.00 1.00 396 425 698 7813 0 0 68 0 -1000.00 -1000.00 -1000.00 -1000.00 1.4812 2.1349 5.6254 -9.1991 2.1200 19.2198 0.5460 0.0015 -0.0027 9 chevrolet_impala
Car 1.00 1.00 0 3 7 33 0 0 0 0 -1000.00 -1000.00 -1000.00 -1000.00 1.6115 2.2019 5.2564 133.2730 2.0808 38.6142 -1.5250 -0.0001 0.0006 10 charger2020_charger2020
Car 1.00 1.00 0 0 0 0 0 0 0 0 -1000.00 -1000.00 -1000.00 -1000.00 2.2031 2.5091 6.5872 130.0664 2.1529 -151.4143 -2.2030 -0.0013 -0.0050 11 tesla_cybertruck
Car 0.00 1.00 0 0 0 0 0 0 0 0 270.79 364.24 321.03 375.03 1.5140 2.1024 4.9073 -80.9258 2.1345 -97.9209 1.5238 0.0001 -0.0000 12 mercedesccc_mercedesccc
Car 1.00 1.00 0 0 0 0 0 0 0 0 -1000.00 -1000.00 -1000.00 -1000.00 1.6980 1.9434 4.1871 153.8147 2.1443 -154.0202 3.1371 -0.0000 0.0000 13 citroen_c3
Car 1.00 1.00 0 0 0 0 0 0 0 0 -1000.00 -1000.00 -1000.00 -1000.00 1.4812 2.1349 5.6254 91.8059 2.1426 -63.8432 -3.1242 -0.0000 0.0000 14 chevrolet_impala
Car 1.00 1.00 0 0 0 0 0 0 0 0 -1000.00 -1000.00 -1000.00 -1000.00 1.6320 2.1403 5.2230 132.4247 2.0920 -137.8442 -1.5486 -0.0013 0.0001 15 dodge_charger_police
Car 1.00 1.00 0 7 9 33 12 0 0 0 -1000.00 -1000.00 -1000.00 -1000.00 1.5863 2.2347 5.1468 -8.0172 2.1221 -166.7283 0.0132 0.0001 -0.0027 16 lincoln_mkz2017
Car 0.00 0.83 0 0 0 22 0 0 0 0 1598.46 362.25 1643.81 372.13 1.7318 2.1344 5.0985 -101.9098 2.1514 117.9833 0.0149 -0.0000 0.0000 17 audi_etron
Car 1.00 1.00 0 2 4 15 0 0 0 0 -1000.00 -1000.00 -1000.00 -1000.00 1.7506 2.3538 4.8416 -14.4033 2.1317 -166.8173 0.0147 0.0004 -0.0000 18 bmw_grandtourer
Car 1.00 1.00 23 22 36 1160 0 0 0 1 -1000.00 -1000.00 -1000.00 -1000.00 1.5765 1.9374 3.8150 65.4803 2.1225 37.7456 -1.5705 0.0000 -0.0000 19 nissan_micra
Motorcycle 1.00 1.00 3 8 9 41 4 0 0 0 -1000.00 -1000.00 -1000.00 -1000.00 1.6960 1.0692 2.4735 -16.6807 2.1233 -76.2735 0.0076 0.0004 0.0011 20 harley_davidson_low_rider
Car 1.00 1.00 0 0 0 0 0 0 0 0 -1000.00 -1000.00 -1000.00 -1000.00 1.5765 1.9374 3.8150 -78.5049 2.1221 -186.6450 1.5591 0.0001 -0.0000 21 nissan_micra
Car 1.00 1.00 0 0 0 0 0 0 0 0 -1000.00 -1000.00 -1000.00 -1000.00 1.7203 2.2019 5.4994 134.6551 2.1136 -65.5372 0.7783 -0.0001 -0.0002 22 chargercop2020_chargercop2020
Car 1.00 1.00 19 33 51 189 7 0 0 0 -1000.00 -1000.00 -1000.00 -1000.00 1.5475 1.9070 4.4025 -8.6409 2.1074 -70.3351 0.4982 -0.0004 -0.0004 23 seat_leon
Car 1.00 1.00 0 0 0 0 0 0 0 0 -1000.00 -1000.00 -1000.00 -1000.00 1.3660 1.9896 4.9534 -85.7546 2.1340 -205.9325 -1.5630 -0.0000 -0.0000 24 mustang_mustang
Cyclist 0.00 0.41 0 1 1 8 0 0 0 0 1207.70 360.95 1220.95 373.86 1.9709 0.6705 1.7250 -86.4260 2.1228 36.9333 -1.5561 0.0050 0.0000 25 diamondback_century
Cyclist 0.00 0.53 5 3 8 37 0 1 0 0 1158.00 363.15 1169.63 377.49 1.7065 0.8593 1.4873 -68.0950 2.0923 22.4120 -3.1401 -0.0000 0.0000 26 bh_crossbike
Car 0.00 1.00 0 0 0 0 0 0 0 0 362.60 360.07 423.58 379.63 2.1397 2.1728 4.7045 -64.0844 2.1485 -66.5987 -3.1230 0.0000 0.0000 27 volkswagen_t2
Car 0.00 1.00 0 0 0 0 0 0 0 0 1459.96 361.02 1496.90 373.40 1.9718 2.0005 4.0595 -90.5864 2.1400 81.4897 -1.5914 -0.0006 -0.0002 28 jeep_wrangler_rubicon
Car 1.00 1.00 11 12 18 166 0 0 0 1 -1000.00 -1000.00 -1000.00 -1000.00 1.5627 2.2716 5.0314 60.8357 2.1404 13.7497 0.0177 0.0001 -0.0000 29 tesla_model3
Car 1.00 1.00 0 0 0 0 0 0 0 0 -1000.00 -1000.00 -1000.00 -1000.00 1.4546 2.0938 4.3903 76.4098 2.1418 -182.3221 1.5792 0.0000 -0.0000 30 audi_tt
Car 1.00 1.00 0 0 0 0 0 0 0 0 -1000.00 -1000.00 -1000.00 -1000.00 1.5488 2.0688 3.9961 138.7051 2.0795 -92.2989 1.5876 0.0000 -0.0000 31 mini_cooperst
Car 1.00 1.00 0 0 0 0 0 0 0 0 -1000.00 -1000.00 -1000.00 -1000.00 1.6011 2.1072 4.7392 73.3979 2.1364 -3.6643 1.5950 -0.0000 -0.0000 32 toyota_prius
Car 0.00 1.00 0 0 0 0 0 0 0 0 726.77 360.03 746.49 367.74 2.1397 2.1728 4.7045 -156.2645 2.1485 -64.7747 -1.4681 -0.0001 -0.0000 33 volkswagen_t2
Car 0.00 1.00 0 0 0 0 0 0 0 0 1524.70 362.26 1554.62 369.41 1.6011 2.1072 4.7392 -129.3580 2.1368 131.8993 3.0913 -0.0003 0.0009 34 toyota_prius
Car 1.00 1.00 0 0 0 0 0 0 0 0 -1000.00 -1000.00 -1000.00 -1000.00 1.3660 1.9896 4.9534 77.2352 2.1342 -17.5375 1.5744 -0.0000 -0.0000 35 mustang_mustang
Car 1.00 1.00 0 0 0 0 0 0 0 0 -1000.00 -1000.00 -1000.00 -1000.00 1.6011 2.1072 4.7392 147.8866 2.1364 21.9820 -3.1088 -0.0000 -0.0000 36 toyota_prius
Car 1.00 1.00 13 18 36 112 26 0 0 0 -1000.00 -1000.00 -1000.00 -1000.00 1.7506 2.3538 4.8416 -1.8145 2.0765 -91.7182 1.5920 0.0000 -0.0000 37 bmw_grandtourer
Car 1.00 1.00 0 0 0 0 0 0 0 0 -1000.00 -1000.00 -1000.00 -1000.00 2.2031 2.5091 6.5872 122.7798 2.1515 -157.7027 3.1397 -0.0013 0.0003 38 tesla_cybertruck
Motorcycle 1.00 1.00 0 0 0 0 0 0 0 0 -1000.00 -1000.00 -1000.00 -1000.00 1.6387 1.2138 2.3199 137.2365 2.0900 2.7235 1.5854 -0.0000 0.0000 39 yamaha_yzf
Car 0.00 1.00 0 0 0 0 0 0 0 0 280.51 361.26 332.70 375.64 1.9476 2.0282 4.8347 -77.3439 2.1238 -92.1524 1.5597 -0.0004 0.0000 40 nissan_patrol
Car 1.00 1.00 1 4 5 23 3 0 0 0 -1000.00 -1000.00 -1000.00 -1000.00 1.6115 2.2019 5.2564 -1.5392 2.0807 -98.1079 1.6386 -0.0001 0.0006 41 charger2020_charger2020
Car 1.00 1.00 0 0 0 0 0 0 0 0 -1000.00 -1000.00 -1000.00 -1000.00 1.6115 2.2019 5.2564 120.4023 2.1357 -165.3448 0.0364 0.0003 0.0006 42 charger2020_charger2020
Motorcycle 1.00 1.00 0 0 0 0 0 0 0 0 -1000.00 -1000.00 -1000.00 -1000.00 1.6649 1.0692 2.4735 91.9415 2.0682 81.4920 3.1220 0.0030 0.0000 43 harley_davidson_low_rider
Car 1.00 1.00 0 0 0 0 0 0 0 0 -1000.00 -1000.00 -1000.00 -1000.00 1.5542 2.3421 5.1370 -98.3107 2.1340 -274.1236 0.6396 0.0000 0.0000 44 lincoln2020_mkz2020
Motorcycle 1.00 1.00 0 0 0 0 0 0 0 0 -1000.00 -1000.00 -1000.00 -1000.00 1.6960 1.0692 2.4735 77.0882 2.1239 -12.2613 1.5872 0.0029 0.0000 45 harley_davidson_low_rider
Cyclist 1.00 1.00 0 0 0 0 0 0 0 0 -1000.00 -1000.00 -1000.00 -1000.00 1.9310 0.5921 1.9272 75.8840 2.1136 -147.3451 1.4363 -0.0030 -0.0109 46 gazelle_omafiets
Car 1.00 1.00 2886 3145 4991 208364 0 0 1696 0 -1000.00 -1000.00 -1000.00 -1000.00 1.7318 2.1344 5.0985 0.0226 2.0957 4.2206 1.5672 -0.0000 -0.0000 47 audi_etron
Car 1.00 1.00 0 0 0 0 0 0 0 0 -1000.00 -1000.00 -1000.00 -1000.00 1.9476 2.0282 4.8347 130.5312 2.0678 -10.8091 -1.5886 0.0014 -0.0000 48 nissan_patrol
Car 0.00 0.04 342 402 619 22786 0 68 60 0 1522.00 376.00 1816.89 445.00 1.7203 2.2019 5.4994 -16.0047 2.1282 16.3069 0.0903 -0.0066 -0.0031 49 chargercop2020_chargercop2020
Car 0.00 1.00 0 0 0 0 0 0 0 0 671.86 361.82 688.26 367.78 1.6244 1.8781 3.8906 -154.4814 2.1330 -79.7195 1.9439 -0.0006 -0.0012 50 audi_a2
Car 1.00 1.00 0 0 0 0 0 0 0 0 -1000.00 -1000.00 -1000.00 -1000.00 1.5863 2.2347 5.1468 -22.8519 2.1357 -167.1208 0.0060 0.0015 -0.0001 51 lincoln_mkz2017
Cyclist 0.00 0.72 1 4 5 16 0 2 0 0 1094.22 360.81 1101.01 372.05 1.9709 0.6705 1.7250 -99.7800 2.1217 22.2908 -3.0936 -0.0190 -0.0003 52 diamondback_century
Cyclist 1.00 1.00 4 6 11 39 2 0 0 0 -1000.00 -1000.00 -1000.00 -1000.00 1.9311 0.5921 1.9272 -15.8137 2.1096 -72.7058 0.0459 -0.0083 -0.0027 53 gazelle_omafiets
Car 1.00 1.00 0 0 0 0 0 0 0 0 -1000.00 -1000.00 -1000.00 -1000.00 1.7173 2.2591 5.2781 142.0839 2.0956 -84.5900 1.5864 -0.0071 -0.0002 54 mercedes_benz_coupe
Car 1.00 1.00 0 0 0 0 0 0 0 0 -1000.00 -1000.00 -1000.00 -1000.00 1.5542 2.3421 5.1370 60.8342 2.0788 -212.7511 0.1076 0.0003 -0.0005 55 lincoln2020_mkz2020
Car 1.00 1.00 0 0 0 0 0 0 0 0 -1000.00 -1000.00 -1000.00 -1000.00 1.7506 2.3538 4.8416 20.3895 2.1318 -159.2990 3.1295 -0.0000 -0.0000 56 bmw_grandtourer
Car 1.00 1.00 0 0 0 0 0 0 0 0 -1000.00 -1000.00 -1000.00 -1000.00 1.4546 2.0938 4.3903 75.6671 2.1420 -93.3887 1.5790 0.0000 -0.0000 57 audi_tt
Car 0.00 1.00 0 0 0 0 0 0 0 0 312.13 362.85 366.18 375.28 1.7173 2.2591 5.2781 -80.8491 2.1513 -91.5836 1.5609 -0.0071 -0.0002 58 mercedes_benz_coupe
Car 1.00 1.00 0 0 0 0 0 0 0 0 -1000.00 -1000.00 -1000.00 -1000.00 1.5542 2.3421 5.1370 52.2218 2.1342 -75.0549 0.0170 0.0000 0.0000 59 lincoln2020_mkz2020
Car 1.00 1.00 0 0 0 0 0 0 0 0 -1000.00 -1000.00 -1000.00 -1000.00 2.1397 2.1728 4.7045 129.1418 2.0935 51.3143 -1.3712 -0.0011 -0.0083 60 volkswagen_t2
Car 1.00 1.00 0 0 0 0 0 0 0 0 -1000.00 -1000.00 -1000.00 -1000.00 1.7506 2.3538 4.8416 151.5658 2.1330 18.3768 -0.0876 -0.0022 0.0032 61 bmw_grandtourer
Car 1.00 1.00 0 0 0 0 0 0 0 0 -1000.00 -1000.00 -1000.00 -1000.00 1.6320 2.1403 5.2230 96.5525 2.0933 -205.9409 -3.1406 -0.0043 0.0000 62 dodge_charger_police
Car 1.00 1.00 2 2 2 2 1 0 0 0 -1000.00 -1000.00 -1000.00 -1000.00 1.6980 1.9434 4.1871 2.0172 2.0891 -107.5599 1.5916 -0.0000 0.0000 63 citroen_c3
Car 1.00 1.00 0 0 0 0 0 0 0 0 -1000.00 -1000.00 -1000.00 -1000.00 1.4812 2.1349 5.6254 69.8384 2.1424 -159.2812 0.5456 0.0001 0.0074 64 chevrolet_impala
Car 0.48 0.01 658 760 1192 26242 142 61 0 0 0.00 391.00 227.19 491.57 1.6115 2.2019 5.2564 -10.2480 2.0807 -17.8223 -1.5641 -0.0003 0.0005 65 charger2020_charger2020
Car 1.00 1.00 0 0 0 0 0 0 0 0 -1000.00 -1000.00 -1000.00 -1000.00 1.3660 1.9896 4.9534 117.1937 2.1343 14.5289 -0.0926 -0.0000 -0.0000 66 mustang_mustang
Motorcycle 1.00 1.00 0 0 0 0 0 0 0 0 -1000.00 -1000.00 -1000.00 -1000.00 1.5852 1.1236 2.1350 77.0046 2.0998 -8.0056 1.5944 -0.0000 -0.0000 67 kawasaki_ninja
Car 0.00 1.00 0 0 0 0 0 0 0 0 808.30 361.46 820.41 365.63 1.5488 2.0688 3.9961 -208.4030 2.0967 -56.7202 -1.5626 0.0000 -0.0000 68 mini_cooperst
Car 0.00 1.00 0 0 0 0 0 0 0 0 703.16 362.04 725.09 367.66 1.5542 2.3421 5.1370 -156.8787 2.1336 -71.3482 -1.5192 -0.0001 -0.0003 69 lincoln2020_mkz2020
Car 1.00 1.00 29 36 58 235 14 0 0 0 -1000.00 -1000.00 -1000.00 -1000.00 1.9718 2.0005 4.0595 -10.6014 2.1131 -65.6027 -3.1251 0.0001 0.0000 70 jeep_wrangler_rubicon
Car 1.00 1.00 0 0 0 0 0 0 0 0 -1000.00 -1000.00 -1000.00 -1000.00 1.7506 2.3538 4.8416 -78.3709 2.1318 -180.7616 1.5592 0.0001 -0.0000 71 bmw_grandtourer
Car 1.00 1.00 0 0 0 0 0 0 0 0 -1000.00 -1000.00 -1000.00 -1000.00 2.2031 2.5091 6.5872 135.9617 2.0955 -141.3033 -1.5552 0.0000 -0.0000 72 tesla_cybertruck
Car 0.00 1.00 0 0 0 0 0 0 0 0 952.65 363.58 980.73 375.38 1.6244 1.8781 3.8906 -78.8546 2.1335 -1.3241 1.5864 -0.0005 -0.0011 73 audi_a2
Car 1.00 1.00 0 0 0 0 0 0 0 0 -1000.00 -1000.00 -1000.00 -1000.00 1.7203 2.2019 5.4994 72.5891 2.1386 -145.5599 -1.5399 -0.0001 0.0007 74 chargercop2020_chargercop2020
Car 0.00 1.00 0 0 0 0 0 0 0 0 924.06 363.41 960.22 374.94 1.6320 2.1403 5.2230 -82.2909 2.1492 -4.8354 1.5861 -0.0043 0.0000 75 dodge_charger_police
Car 0.81 0.00 736 818 1344 34699 0 60 162 0 1723.00 397.86 1918.96 481.00 1.5140 2.1024 4.9073 -9.3432 2.0911 12.8881 0.0188 -0.0000 -0.0033 76 mercedesccc_mercedesccc
Car 1.00 1.00 0 0 0 0 0 0 0 0 -1000.00 -1000.00 -1000.00 -1000.00 1.6244 1.8781 3.8906 54.6265 2.0736 -213.0756 0.0232 0.0074 -0.0012 77 audi_a2
Car 0.00 1.00 0 0 0 0 0 0 0 0 194.72 365.27 268.84 383.76 1.6244 1.8781 3.8906 -52.7378 2.1333 -70.0389 -3.0929 -0.0005 -0.0011 78 audi_a2
Car 1.00 1.00 0 5 10 46 10 0 0 0 -1000.00 -1000.00 -1000.00 -1000.00 1.7203 2.2019 5.4994 5.4716 2.1182 -160.4001 -2.8622 0.0014 0.0051 79 chargercop2020_chargercop2020
Car 0.00 1.00 0 0 0 0 0 0 0 0 760.37 360.03 779.30 367.53 2.1397 2.1728 4.7045 -160.2819 2.1487 -56.8598 -1.5529 0.0000 0.0000 80 volkswagen_t2
Car 1.00 1.00 0 0 0 0 0 0 0 0 -1000.00 -1000.00 -1000.00 -1000.00 1.3660 1.9896 4.9534 66.7386 2.1340 -167.9037 -0.5371 0.0000 0.0000 81 mustang_mustang
Car 1.00 1.00 1 1 2 24 4 0 0 0 -1000.00 -1000.00 -1000.00 -1000.00 1.7203 2.2019 5.4994 1.9210 2.0833 -95.0061 1.6250 -0.0001 0.0007 82 chargercop2020_chargercop2020
Car 1.00 1.00 0 0 0 0 0 0 0 0 -1000.00 -1000.00 -1000.00 -1000.00 1.6244 1.8781 3.8906 -36.7525 1.7245 118.0642 0.1162 -0.0603 -0.0086 83 audi_a2
Car 1.00 1.00 0 0 0 0 0 0 0 0 -1000.00 -1000.00 -1000.00 -1000.00 1.6244 1.8781 3.8906 79.1068 2.1332 -86.5748 1.5799 -0.0005 -0.0011 84 audi_a2
Car 1.00 1.00 0 0 0 0 0 0 0 0 -1000.00 -1000.00 -1000.00 -1000.00 1.3660 1.9896 4.9534 159.7709 2.1339 -153.9404 3.1163 -0.0000 -0.0000 85 mustang_mustang
Car 1.00 1.00 0 0 0 0 0 0 0 0 -1000.00 -1000.00 -1000.00 -1000.00 1.6244 1.8781 3.8906 -43.8302 1.5536 -273.1932 0.0270 -0.0724 -0.0015 86 audi_a2
Car 0.00 1.00 0 0 0 0 0 0 0 0 637.13 360.56 655.34 367.56 1.9718 2.0005 4.0595 -159.4648 2.1402 -91.9070 -1.5356 -0.0023 -0.0008 87 jeep_wrangler_rubicon
Car 1.00 1.00 0 0 0 0 0 0 0 0 -1000.00 -1000.00 -1000.00 -1000.00 1.9718 2.0005 4.0595 -13.2238 -1.9412 -272.2941 0.0282 -0.1276 -0.0020 88 jeep_wrangler_rubicon
Car 0.00 1.00 0 0 0 0 0 0 0 0 1021.23 361.74 1032.86 364.91 1.3660 1.9896 4.9534 -243.5400 2.1345 27.0818 1.5021 -0.0001 -0.0010 89 mustang_mustang
Motorcycle 1.00 1.00 0 0 0 0 0 0 0 0 -1000.00 -1000.00 -1000.00 -1000.00 1.6649 1.0692 2.4735 88.2192 2.0664 85.1986 3.1355 -0.0132 -0.0077 90 harley_davidson_low_rider
Car 0.00 1.00 0 0 0 0 0 0 0 0 1385.28 361.91 1404.24 367.30 1.5475 1.9070 4.4025 -166.3436 2.1359 127.3905 -3.0304 -0.0006 0.0045 91 seat_leon
Motorcycle 1.00 1.00 0 0 0 0 0 0 0 0 -1000.00 -1000.00 -1000.00 -1000.00 1.6387 1.2138 2.3199 137.3389 2.0900 -7.9809 1.5733 -0.0001 0.0000 92 yamaha_yzf
Cyclist 0.00 1.00 0 0 0 0 0 0 0 0 1387.61 360.90 1401.76 372.35 1.9311 0.5921 1.9272 -95.7945 2.0911 72.0784 -2.8965 -0.0099 -0.0030 93 gazelle_omafiets
Car 0.00 1.00 0 0 0 0 0 0 0 0 695.80 362.24 711.32 367.97 1.5140 2.1024 4.9073 -151.9774 2.1342 -72.0431 -3.1054 -0.0000 -0.0000 94 mercedesccc_mercedesccc
Car 1.00 1.00 0 0 0 0 0 0 0 0 -1000.00 -1000.00 -1000.00 -1000.00 1.4546 2.0938 4.3903 44.1279 2.0866 -206.2259 3.1162 -0.0006 -0.0000 95 audi_tt
Car 0.00 1.00 0 0 0 0 0 0 0 0 233.66 360.06 287.89 375.83 2.1397 2.1728 4.7045 -77.3716 2.1485 -98.4897 1.5772 0.0000 -0.0000 96 volkswagen_t2
Car 0.00 1.00 0 0 0 0 0 0 0 0 1226.20 363.97 1265.00 374.02 1.5140 2.1024 4.9073 -86.5125 2.1347 41.7699 -1.5555 0.0000 -0.0000 97 mercedesccc_mercedesccc
Car 1.00 1.00 0 0 0 0 0 0 0 0 -1000.00 -1000.00 -1000.00 -1000.00 1.4812 2.1349 5.6254 140.7693 2.0879 0.8842 1.5863 -0.0010 0.0000 98 chevrolet_impala
Car 1.00 1.00 0 0 0 0 0 0 0 0 -1000.00 -1000.00 -1000.00 -1000.00 1.5765 1.9374 3.8150 125.5939 2.0669 66.3336 -0.8470 0.0000 -0.0109 99 nissan_micra
Motorcycle 1.00 1.00 0 0 0 0 0 0 0 0 -1000.00 -1000.00 -1000.00 -1000.00 1.5853 1.1236 2.1350 75.6260 2.0997 -88.4887 1.5783 -0.0001 -0.0000 100 kawasaki_ninja
Car 0.99 1.00 0 0 0 0 0 0 0 0 0.00 360.44 0.37 367.70 1.9476 2.0282 4.8347 -155.4807 2.1241 -274.9442 -0.0507 -0.0020 0.0223 101 nissan_patrol
Car 0.00 1.00 0 0 0 0 0 0 0 0 907.62 360.06 941.96 375.54 2.1397 2.1728 4.7045 -78.7875 2.1487 -7.1448 1.5841 0.0000 -0.0000 102 volkswagen_t2
Car 0.00 1.00 0 0 0 0 0 0 0 0 1338.13 364.66 1372.17 373.48 1.3660 1.9896 4.9534 -90.5844 2.1345 61.5992 -1.2325 -0.0000 -0.0000 103 mustang_mustang
Car 1.00 1.00 0 0 0 13 0 0 0 0 -1000.00 -1000.00 -1000.00 -1000.00 1.5627 2.2716 5.0314 72.5491 2.1403 38.9534 1.5108 -0.0001 0.0010 104 tesla_model3
Car 1.00 1.00 0 0 0 0 0 0 0 0 -1000.00 -1000.00 -1000.00 -1000.00 1.5542 2.3421 5.1370 98.9394 2.1334 -67.2144 -3.1254 0.0041 0.0000 105 lincoln2020_mkz2020
Car 1.00 1.00 0 0 0 0 0 0 0 0 -1000.00 -1000.00 -1000.00 -1000.00 1.5627 2.2716 5.0314 68.9791 2.1396 -146.0447 -1.5542 0.0016 -0.0000 106 tesla_model3
Car 0.00 1.00 0 0 0 0 0 0 0 0 607.65 363.42 639.34 373.61 1.5765 1.9374 3.8150 -88.4902 2.1224 -55.3079 -1.5423 0.0000 -0.0000 107 nissan_micra
Cyclist 0.00 1.00 0 0 0 0 0 0 0 0 342.18 361.60 366.15 379.18 1.9311 0.5921 1.9272 -63.1107 2.1139 -70.0683 -3.1244 -0.0041 -0.0000 108 gazelle_omafiets
Cyclist 1.00 1.00 0 0 0 0 0 0 0 0 -1000.00 -1000.00 -1000.00 -1000.00 1.9311 0.5921 1.9272 71.4971 -7.9086 -274.6750 0.0130 -0.0029 0.0000 109 gazelle_omafiets
Car 1.00 1.00 74 79 122 489 25 0 0 0 -1000.00 -1000.00 -1000.00 -1000.00 1.4546 2.0938 4.3903 -6.5335 2.0869 -45.6011 -1.5489 -0.0005 -0.0000 110 audi_tt
Car 0.00 1.00 0 0 0 0 0 0 0 0 267.57 361.63 341.87 381.40 1.9476 2.0282 4.8347 -58.4819 2.1238 -69.9946 -3.1240 -0.0004 0.0000 111 nissan_patrol
Car 1.00 1.00 0 0 0 0 0 0 0 0 -1000.00 -1000.00 -1000.00 -1000.00 1.4546 2.0938 4.3903 -1.6907 2.0866 -104.2218 1.6056 0.0000 0.0000 112 audi_tt
Car 1.00 1.00 0 0 0 0 0 0 0 0 -1000.00 -1000.00 -1000.00 -1000.00 1.7506 2.3538 4.8416 53.4072 2.0762 -216.7742 0.0319 0.0000 -0.0000 113 bmw_grandtourer
Car 1.00 1.00 15 16 26 116 3 0 0 0 -1000.00 -1000.00 -1000.00 -1000.00 1.9718 2.0005 4.0595 -8.4653 2.0847 -89.9502 -1.5199 -0.0030 -0.0008 114 jeep_wrangler_rubicon
Motorcycle 1.00 1.00 0 0 0 0 0 0 0 0 -1000.00 -1000.00 -1000.00 -1000.00 1.6387 1.2138 2.3199 138.6305 2.0899 -87.6029 1.5864 -0.0000 0.0000 115 yamaha_yzf
Car 1.00 1.00 0 0 0 0 0 0 0 0 -1000.00 -1000.00 -1000.00 -1000.00 1.7203 2.2019 5.4994 17.0200 2.1385 -163.1888 0.0227 -0.0020 0.0006 116 chargercop2020_chargercop2020
Car 1.00 1.00 0 0 0 0 0 0 0 0 -1000.00 -1000.00 -1000.00 -1000.00 1.6980 1.9434 4.1871 130.1428 2.1183 -59.2306 -1.8857 0.0057 -0.0006 117 citroen_c3
Car 1.00 1.00 0 0 0 0 0 0 0 0 -1000.00 -1000.00 -1000.00 -1000.00 1.5542 2.3421 5.1370 167.6438 -7.8686 -213.0496 -2.0843 -0.0011 -0.0263 118 lincoln2020_mkz2020
Car 1.00 1.00 3 4 7 120 0 0 0 0 -1000.00 -1000.00 -1000.00 -1000.00 2.5908 2.7453 5.4640 66.0422 2.1596 10.5859 -1.5470 0.0000 0.0000 119 carlamotors_carlacola
Car 1.00 1.00 0 0 0 0 0 0 0 0 -1000.00 -1000.00 -1000.00 -1000.00 1.5765 1.9374 3.8150 75.6399 2.1222 -99.1715 1.5789 0.0000 -0.0000 120 nissan_micra
Car 1.00 1.00 0 0 0 0 0 0 0 0 -1000.00 -1000.00 -1000.00 -1000.00 1.4477 1.5550 2.3177 172.0070 -7.8578 -15.1708 -1.5763 -0.0123 0.0000 121 bmw_isetta
Car 1.00 1.00 0 0 0 0 0 0 0 0 -1000.00 -1000.00 -1000.00 -1000.00 1.7173 2.2591 5.2781 141.0295 2.0954 -8.0598 1.5812 -0.0059 -0.0002 122 mercedes_benz_coupe
Car 0.00 0.29 36 37 61 232 0 4 0 0 1161.83 363.65 1201.52 380.10 1.7173 2.2591 5.2781 -63.2062 2.1515 22.5373 -3.1255 -0.0071 -0.0002 123 mercedes_benz_coupe
Car 1.00 1.00 0 0 0 0 0 0 0 0 -1000.00 -1000.00 -1000.00 -1000.00 1.5765 1.9374 3.8150 137.3710 2.1114 -153.5660 -1.2426 -0.0038 -0.0003 124 nissan_micra
Car 1.00 1.00 16 12 18 220 0 0 0 1 -1000.00 -1000.00 -1000.00 -1000.00 1.6115 2.2019 5.2564 65.4788 2.1364 20.3167 0.5297 0.0041 0.0029 125 charger2020_charger2020
Car 1.00 1.00 0 0 0 0 0 0 0 0 -1000.00 -1000.00 -1000.00 -1000.00 1.9476 2.0282 4.8347 119.9670 2.1238 18.0506 0.0292 -0.0004 -0.0000 126 nissan_patrol
Car 0.00 1.00 0 0 0 0 0 0 0 0 164.95 361.89 193.16 366.63 1.5140 2.1024 4.9073 -181.0945 2.1342 -255.9005 2.8048 -0.0009 -0.0055 127 mercedesccc_mercedesccc
Car 1.00 1.00 0 0 0 0 0 0 0 0 -1000.00 -1000.00 -1000.00 -1000.00 1.7173 2.2591 5.2781 -85.6097 2.1511 -199.2969 -1.5791 -0.0071 -0.0002 128 mercedes_benz_coupe
Car 1.00 1.00 10 10 19 73 12 0 0 0 -1000.00 -1000.00 -1000.00 -1000.00 1.4812 2.1349 5.6254 -5.0717 2.0870 -99.6418 -1.5653 0.0000 -0.0000 129 chevrolet_impala
Car 0.00 1.00 0 0 0 0 0 0 0 0 617.88 360.02 631.40 364.84 2.1397 2.1728 4.7045 -248.0292 2.1485 -151.6734 1.5829 -0.0003 -0.0000 130 volkswagen_t2
Car 1.00 1.00 0 0 0 0 0 0 0 0 -1000.00 -1000.00 -1000.00 -1000.00 1.6244 1.8781 3.8906 58.4267 2.1332 -74.9248 0.0163 -0.0005 -0.0011 131 audi_a2
Car 0.00 0.26 39 39 74 301 0 10 0 0 1122.37 361.43 1152.80 378.64 1.9476 2.0282 4.8347 -66.6298 2.1240 18.7106 -3.1359 -0.0003 -0.0000 132 nissan_patrol
Car 1.00 1.00 41 45 72 313 15 0 0 0 -1000.00 -1000.00 -1000.00 -1000.00 1.9476 2.0282 4.8347 -20.9791 2.1207 -72.8131 0.0194 0.0105 0.0000 133 nissan_patrol
Car 1.00 1.00 0 0 0 0 0 0 0 0 -1000.00 -1000.00 -1000.00 -1000.00 1.9476 2.0282 4.8347 174.7009 -7.8800 -222.4405 1.0164 -0.0005 0.0036 134 nissan_patrol
Car 0.70 0.00 7969 21812 34982 254544 0 2208 0 0 0.00 432.23 1115.57 718.90 1.7506 2.3538 4.8416 -3.4684 2.0767 -3.9271 1.5734 0.0000 -0.0000 135 bmw_grandtourer
Car 1.00 1.00 0 0 0 0 0 0 0 0 -1000.00 -1000.00 -1000.00 -1000.00 1.9476 2.0282 4.8347 15.5572 2.1236 -155.8714 -3.1280 -0.0003 -0.0000 136 nissan_patrol
Car 1.00 1.00 0 0 0 0 0 0 0 0 -1000.00 -1000.00 -1000.00 -1000.00 1.7203 2.2019 5.4994 63.4122 2.1387 -70.9117 0.1985 -0.0029 0.0011 137 chargercop2020_chargercop2020
Car 1.00 1.00 19 27 37 295 4 0 0 0 -1000.00 -1000.00 -1000.00 -1000.00 2.5908 2.7453 5.4640 17.4027 2.1595 -68.6435 -3.1239 0.0000 -0.0000 138 carlamotors_carlacola
Car 1.00 1.00 0 0 0 0 0 0 0 0 -1000.00 -1000.00 -1000.00 -1000.00 1.5863 2.2347 5.1468 182.0651 2.1365 18.9162 0.0123 -0.0000 -0.0001 139 lincoln_mkz2017
Car 1.00 1.00 0 0 0 0 0 0 0 0 -1000.00 -1000.00 -1000.00 -1000.00 1.9718 2.0005 4.0595 164.7256 2.1391 22.4733 -3.1072 0.0012 -0.0000 140 jeep_wrangler_rubicon
Car 1.00 1.00 0 0 0 0 0 0 0 0 -1000.00 -1000.00 -1000.00 -1000.00 1.6011 2.1072 4.7392 86.4025 2.0821 -211.7457 -0.2671 -0.0025 0.0017 141 toyota_prius
Car 1.00 1.00 0 0 0 0 0 0 0 0 -1000.00 -1000.00 -1000.00 -1000.00 1.7318 2.1344 5.0985 162.7237 2.1509 -71.1553 -0.1426 -0.0011 -0.0012 142 audi_etron
Car 0.00 1.00 0 0 0 0 0 0 0 0 335.80 359.61 398.07 374.59 2.2031 2.5091 6.5872 -84.3157 2.1517 -91.2769 -1.5528 -0.0018 -0.0001 143 tesla_cybertruck
Car 1.00 1.00 0 0 0 0 0 0 0 0 -1000.00 -1000.00 -1000.00 -1000.00 1.5765 1.9374 3.8150 73.0209 2.1204 -188.0759 -1.5616 0.0039 -0.0000 144 nissan_micra
Car 1.00 1.00 0 0 0 1 0 0 0 0 -1000.00 -1000.00 -1000.00 -1000.00 1.4546 2.0938 4.3903 1.8963 2.0866 -101.8727 1.5909 0.0000 -0.0000 145 audi_tt
Car 1.00 1.00 0 0 0 0 0 0 0 0 -1000.00 -1000.00 -1000.00 -1000.00 1.4812 2.1349 5.6254 -120.6970 2.1051 -222.5658 -0.0519 -0.0020 0.0001 146 chevrolet_impala
Car 1.00 1.00 0 0 0 0 0 0 0 0 -1000.00 -1000.00 -1000.00 -1000.00 2.2031 2.5091 6.5872 6.5916 -2.8320 115.7513 0.0115 -0.1139 0.0009 147 tesla_cybertruck
Car 0.00 1.00 0 0 0 0 0 0 0 0 300.29 361.58 364.32 381.65 1.9718 2.0005 4.0595 -57.8696 2.1397 -66.4875 -3.1240 -0.0004 -0.0001 148 jeep_wrangler_rubicon
Car 0.00 1.00 0 0 0 0 0 0 0 0 331.08 364.85 376.65 373.80 1.3660 1.9896 4.9534 -87.7661 2.1341 -97.0492 -1.5705 -0.0001 -0.0000 149 mustang_mustang
Car 1.00 1.00 0 0 0 0 0 0 0 0 -1000.00 -1000.00 -1000.00 -1000.00 1.3660 1.9896 4.9534 67.1333 2.1256 -202.3513 -2.0938 -0.0029 -0.0012 150 mustang_mustang
Car 0.00 1.00 0 0 0 0 0 0 0 0 877.49 357.01 917.17 375.00 2.5908 2.7453 5.4640 -82.2796 2.1597 -11.3793 1.5503 0.0000 -0.0000 151 carlamotors_carlacola
Car 1.00 1.00 0 4 5 45 0 0 0 1 -1000.00 -1000.00 -1000.00 -1000.00 1.5863 2.2347 5.1468 130.0926 2.0813 31.8591 -1.5886 0.0000 -0.0000 152 lincoln_mkz2017
Car 1.00 1.00 0 0 0 0 0 0 0 0 -1000.00 -1000.00 -1000.00 -1000.00 1.7506 2.3538 4.8416 -106.7020 2.1279 -280.7815 -0.1589 0.0085 -0.0001 153 bmw_grandtourer
Cyclist 1.00 1.00 0 0 0 0 0 0 0 0 -1000.00 -1000.00 -1000.00 -1000.00 1.9709 0.6705 1.7250 79.8698 2.1222 -177.5016 1.5783 0.0046 0.0000 154 diamondback_century
Cyclist 0.00 1.00 0 0 0 0 0 0 0 0 700.58 360.62 705.64 367.39 1.9311 0.5921 1.9272 -160.6229 2.1131 -76.1999 0.0219 -0.0041 0.0001 155 gazelle_omafiets
Motorcycle 1.00 1.00 0 0 0 0 0 0 0 0 -1000.00 -1000.00 -1000.00 -1000.00 1.6960 1.0692 2.4735 219.2862 2.1235 -129.2272 1.4321 0.0032 -0.0174 156 harley_davidson_low_rider
Car 0.00 0.98 0 0 0 12 0 0 0 0 1657.19 359.73 1700.17 372.48 2.1397 2.1728 4.7045 -101.3603 2.1510 127.7271 2.9426 -0.0045 0.0233 157 volkswagen_t2
Car 0.00 1.00 0 0 0 0 0 0 0 0 973.81 361.31 982.98 364.83 1.5488 2.0688 3.9961 -247.2984 2.1353 5.9247 1.5756 -0.0001 -0.0000 158 mini_cooperst
Cyclist 1.00 1.00 0 0 0 0 0 0 0 0 -1000.00 -1000.00 -1000.00 -1000.00 1.9311 0.5921 1.9272 54.0087 2.1136 -162.4216 0.0168 -0.0040 -0.0000 159 gazelle_omafiets
Car 1.00 1.00 0 5 6 33 9 0 0 0 -1000.00 -1000.00 -1000.00 -1000.00 1.4812 2.1349 5.6254 -8.0717 2.0870 -127.3996 -1.5560 -0.0001 0.0000 160 chevrolet_impala
Car 1.00 1.00 0 0 0 0 0 0 0 0 -1000.00 -1000.00 -1000.00 -1000.00 1.7173 2.2591 5.2781 196.1645 -7.8490 -159.4205 1.6292 -0.0074 -0.0005 161 mercedes_benz_coupe
Car 0.00 1.00 0 0 0 0 0 0 0 0 632.37 360.61 651.89 368.08 1.9718 2.0005 4.0595 -149.2848 2.1405 -87.2409 1.6030 -0.0029 -0.0001 162 jeep_wrangler_rubicon
Car 1.00 1.00 0 0 0 0 0 0 0 0 -1000.00 -1000.00 -1000.00 -1000.00 1.7506 2.3538 4.8416 53.0149 2.0784 80.5427 3.0991 -0.0035 0.0003 163 bmw_grandtourer
Car 1.00 1.00 0 0 0 0 0 0 0 0 -1000.00 -1000.00 -1000.00 -1000.00 1.6115 2.2019 5.2564 137.2803 2.0807 -2.1841 1.6110 -0.0001 0.0006 164 charger2020_charger2020
Car 1.00 1.00 0 0 0 0 0 0 0 0 -1000.00 -1000.00 -1000.00 -1000.00 1.6244 1.8781 3.8906 73.5182 2.1333 -9.5582 1.5915 -0.0005 -0.0011 165 audi_a2
Car 1.00 1.00 0 0 0 0 0 0 0 0 -1000.00 -1000.00 -1000.00 -1000.00 1.5475 1.9070 4.4025 144.5349 -7.8729 -245.2340 -2.5081 -0.0003 -0.0094 166 seat_leon
Car 0.00 1.00 0 0 0 4 0 0 0 0 1612.70 362.89 1647.73 371.67 1.5765 1.9374 3.8150 -103.7710 2.1228 121.9283 -0.0359 0.0000 -0.0000 167 nissan_micra
Car 0.00 1.00 0 0 0 0 0 0 0 0 1414.69 363.34 1458.46 373.42 1.5863 2.2347 5.1468 -90.6015 2.1374 74.7304 -1.5719 -0.0012 -0.0003 168 lincoln_mkz2017
Car 1.00 1.00 0 2 9 15 11 0 0 0 -1000.00 -1000.00 -1000.00 -1000.00 1.7506 2.3538 4.8416 -2.0181 2.1205 -155.4584 1.0135 -0.0002 0.0041 169 bmw_grandtourer
Car 1.00 1.00 0 0 0 0 0 0 0 0 -1000.00 -1000.00 -1000.00 -1000.00 1.4812 2.1349 5.6254 55.8236 2.1427 -71.4762 0.0176 0.0000 -0.0000 170 chevrolet_impala
Car 1.00 1.00 0 0 0 0 0 0 0 0 -1000.00 -1000.00 -1000.00 -1000.00 1.4812 2.1349 5.6254 154.8997 2.1424 -157.6123 3.0952 0.0000 -0.0000 171 chevrolet_impala
Car 1.00 1.00 0 0 0 0 0 0 0 0 -1000.00 -1000.00 -1000.00 -1000.00 1.6011 2.1072 4.7392 208.3757 2.1349 -68.6677 0.0280 0.0032 0.0000 172 toyota_prius
Car 1.00 1.00 0 0 1 9 10 0 0 0 -1000.00 -1000.00 -1000.00 -1000.00 1.6115 2.2019 5.2564 -1.7871 2.1129 -166.2986 -2.1922 -0.0013 0.0038 173 charger2020_charger2020
Car 0.00 1.00 0 0 0 0 0 0 0 0 448.12 363.68 487.30 373.79 1.5475 1.9070 4.4025 -88.0315 2.1356 -79.4738 -1.5444 -0.0016 -0.0000 174 seat_leon
Car 1.00 1.00 0 0 0 0 0 0 0 0 -1000.00 -1000.00 -1000.00 -1000.00 2.5908 2.7453 5.4640 -82.0922 2.1593 -184.8185 1.5728 0.0000 -0.0000 175 carlamotors_carlacola
Car 1.00 1.00 0 0 0 0 0 0 0 0 -1000.00 -1000.00 -1000.00 -1000.00 1.4812 2.1349 5.6254 119.4027 2.1424 -161.2832 0.0288 0.0000 0.0000 176 chevrolet_impala
Car 1.00 1.00 0 0 0 0 0 0 0 0 -1000.00 -1000.00 -1000.00 -1000.00 1.9718 2.0005 4.0595 186.5666 -7.8606 -97.3835 1.6134 -0.0010 -0.0011 177 jeep_wrangler_rubicon
Car 0.91 1.00 0 0 0 0 0 0 0 0 0.00 362.91 4.52 374.31 1.6980 1.9434 4.1871 -85.1010 2.1445 -150.9089 -1.5789 0.0000 0.0000 178 citroen_c3
Car 1.00 1.00 15 17 22 97 32 0 0 0 -1000.00 -1000.00 -1000.00 -1000.00 1.5488 2.0688 3.9961 1.6287 2.0796 -88.9907 1.5917 0.0000 -0.0000 179 mini_cooperst
Motorcycle 1.00 1.00 0 0 0 0 0 0 0 0 -1000.00 -1000.00 -1000.00 -1000.00 1.6960 1.0692 2.4735 79.2447 2.1237 -102.1004 1.5772 0.0030 0.0000 180 harley_davidson_low_rider
Car 1.00 1.00 0 0 0 0 0 0 0 0 -1000.00 -1000.00 -1000.00 -1000.00 1.4477 1.5550 2.3177 215.3253 2.1413 -46.7473 -1.5475 -0.0070 0.0000 181 bmw_isetta
Cyclist 1.00 1.00 0 0 0 0 0 0 0 0 -1000.00 -1000.00 -1000.00 -1000.00 1.7065 0.8593 1.4873 79.2174 2.0920 -91.3081 1.5897 0.0000 -0.0000 182 bh_crossbike
Car 1.00 1.00 0 0 0 0 0 0 0 0 -1000.00 -1000.00 -1000.00 -1000.00 1.6011 2.1072 4.7392 189.8093 -7.8639 -79.7228 1.5979 -0.0001 -0.0000 183 toyota_prius
Car 1.00 1.00 0 0 0 0 0 0 0 0 -1000.00 -1000.00 -1000.00 -1000.00 1.5488 2.0688 3.9961 -81.8471 2.1350 -178.7585 1.5589 0.0000 -0.0000 184 mini_cooperst
Car 1.00 1.00 0 0 0 0 0 0 0 0 -1000.00 -1000.00 -1000.00 -1000.00 1.6980 1.9434 4.1871 -89.2098 2.1444 -204.9603 -1.5814 0.0000 0.0000 185 citroen_c3
Car 1.00 1.00 0 0 0 0 0 0 0 0 -1000.00 -1000.00 -1000.00 -1000.00 1.5765 1.9374 3.8150 223.3461 2.1226 -110.6037 1.5526 -0.0018 0.0025 186 nissan_micra
Car 1.00 1.00 0 0 0 0 0 0 0 0 -1000.00 -1000.00 -1000.00 -1000.00 1.7506 2.3538 4.8416 79.1924 2.1319 -96.4702 1.5791 0.0001 -0.0000 187 bmw_grandtourer
Car 1.00 1.00 0 0 0 0 0 0 0 0 -1000.00 -1000.00 -1000.00 -1000.00 1.5488 2.0688 3.9961 60.6491 2.1349 -165.8242 -0.0061 0.0000 0.0000 188 mini_cooperst
Car 0.00 1.00 0 0 0 0 0 0 0 0 110.84 363.83 157.36 374.35 1.5488 2.0688 3.9961 -84.5924 2.1348 -126.7087 -1.5876 0.0005 -0.0000 189 mini_cooperst
Car 1.00 1.00 0 0 0 0 0 0 0 0 -1000.00 -1000.00 -1000.00 -1000.00 1.6011 2.1072 4.7392 172.1961 2.1365 -154.0228 3.1247 -0.0010 -0.0000 190 toyota_prius
Car 1.00 1.00 0 0 0 0 0 0 0 0 -1000.00 -1000.00 -1000.00 -1000.00 1.3660 1.9896 4.9534 76.8685 2.1343 -2.4006 1.5950 0.0000 -0.0000 191 mustang_mustang
Car 0.00 1.00 0 0 0 0 0 0 0 0 104.35 360.48 133.36 366.57 1.9476 2.0282 4.8347 -182.5178 2.1207 -277.6203 -0.2909 0.0100 0.0011 192 nissan_patrol
Pedestrian 0.00 1.00 0 0 0 0 0 0 0 0 383.59 360.08 386.17 364.54 1.9158 0.4880 0.7507 -239.6151 1.9515 -249.8006 -0.8074 0.0000 -0.0000 193 pedestrian_0019
Pedestrian 1.00 1.00 0 0 0 0 0 0 0 0 -1000.00 -1000.00 -1000.00 -1000.00 1.1330 0.4333 0.6667 -105.0351 1.9047 -229.0139 -0.0293 0.0000 -0.0000 194 pedestrian_0010
Pedestrian 1.00 1.00 0 0 0 0 0 0 0 0 -1000.00 -1000.00 -1000.00 -1000.00 1.9158 0.4880 0.7507 50.3070 1.9499 -171.1213 2.8647 0.0000 -0.0000 195 pedestrian_0005
Pedestrian 1.00 1.00 0 0 0 0 0 0 0 0 -1000.00 -1000.00 -1000.00 -1000.00 1.9158 0.4880 0.6073 128.0604 1.8945 -97.2498 1.5382 0.0000 -0.0000 196 pedestrian_0003
Pedestrian 1.00 1.00 0 0 0 0 0 0 0 0 -1000.00 -1000.00 -1000.00 -1000.00 1.9158 0.4880 0.7074 146.1147 -7.5084 81.8574 2.1828 0.0000 -0.0000 197 pedestrian_0021
Pedestrian 0.00 1.00 0 0 0 0 0 0 0 0 942.87 360.07 943.97 363.99 1.9158 0.4880 0.5378 -272.2192 1.9505 -10.3524 -1.5477 0.0000 -0.0000 198 pedestrian_0003
Pedestrian 0.00 1.00 0 0 0 0 0 0 0 0 267.35 360.09 269.71 365.04 1.9158 0.4880 0.4808 -216.2029 1.9519 -270.6762 -0.4571 0.0000 -0.0000 199 pedestrian_0004
Pedestrian 1.00 1.00 12 12 21 333 0 0 3 0 -1000.00 -1000.00 -1000.00 -1000.00 1.9158 0.4880 0.6980 -14.2574 1.9299 27.4129 -2.9450 0.0000 -0.0000 200 pedestrian_0022
Pedestrian 1.00 1.00 0 0 0 0 0 0 0 0 -1000.00 -1000.00 -1000.00 -1000.00 1.3390 0.3253 0.3123 -74.7576 1.9415 -210.3168 1.5574 0.0000 -0.0000 201 pedestrian_0014
Pedestrian 1.00 1.00 0 0 0 0 0 0 0 0 -1000.00 -1000.00 -1000.00 -1000.00 1.9158 0.4880 0.4678 58.1280 1.9481 -21.3796 -1.5306 0.0000 -0.0000 202 pedestrian_0022
Pedestrian 0.00 1.00 0 0 0 0 0 0 0 0 178.87 360.44 195.61 385.15 1.9158 0.4880 0.5871 -44.3052 1.9501 -62.5648 -3.1365 0.0000 -0.0000 203 pedestrian_0023
Pedestrian 1.00 1.00 0 0 0 0 0 0 0 0 -1000.00 -1000.00 -1000.00 -1000.00 1.3390 0.3253 0.3372 60.9610 2.0939 -161.5587 -1.2230 0.0000 -0.0000 204 pedestrian_0012
Pedestrian 0.00 1.00 0 0 0 0 0 0 0 0 527.34 361.33 535.18 375.08 1.9158 0.4880 0.7507 -78.7009 2.1026 -62.3157 3.0509 0.0000 -0.0000 205 pedestrian_0019
Pedestrian 0.00 0.88 0 0 1 6 0 0 0 0 1257.75 360.20 1263.67 371.51 1.9158 0.4880 0.7373 -95.2584 1.9504 48.8792 1.6454 0.0000 -0.0000 206 pedestrian_0005
Pedestrian 1.00 1.00 0 0 0 0 0 0 0 0 -1000.00 -1000.00 -1000.00 -1000.00 1.9158 0.4880 0.6420 155.4214 1.9481 -149.4566 -0.0086 0.0000 -0.0000 207 pedestrian_0026
Pedestrian 1.00 1.00 0 0 0 0 0 0 0 0 -1000.00 -1000.00 -1000.00 -1000.00 1.9158 0.4880 0.7507 40.6699 1.9505 -151.1277 -0.0195 0.0000 -0.0000 208 pedestrian_0015
Pedestrian 1.00 1.00 0 0 0 0 0 0 0 0 -1000.00 -1000.00 -1000.00 -1000.00 1.3390 0.3253 0.3220 -56.8954 1.9422 143.3895 -0.0099 0.0000 -0.0000 209 pedestrian_0014
Pedestrian 1.00 1.00 0 0 0 0 0 0 0 0 -1000.00 -1000.00 -1000.00 -1000.00 1.9158 0.4880 0.7507 -75.4596 1.9490 144.1401 -3.1373 0.0000 -0.0000 210 pedestrian_0016
Pedestrian 1.00 1.00 4 0 0 21 1 0 0 0 -1000.00 -1000.00 -1000.00 -1000.00 1.3390 0.3253 0.5005 -14.1175 2.0821 -68.0692 -1.4865 0.0000 -0.0000 211 pedestrian_0012
Pedestrian 1.00 1.00 0 0 0 0 0 0 0 0 -1000.00 -1000.00 -1000.00 -1000.00 1.1330 0.4333 0.6667 72.9795 2.0912 3.7396 0.1024 0.0000 -0.0000 212 pedestrian_0009
Pedestrian 1.00 1.00 0 0 0 0 0 0 0 0 -1000.00 -1000.00 -1000.00 -1000.00 1.1330 0.4333 0.6667 146.6961 2.0750 -64.3653 -1.5267 0.0000 -0.0000 213 pedestrian_0010
Pedestrian 0.00 1.00 0 0 0 0 0 0 0 0 829.74 360.07 831.37 363.99 1.9158 0.4880 0.7507 -272.0936 1.9504 -65.5458 1.8527 0.0000 -0.0000 214 pedestrian_0021
Pedestrian 1.00 1.00 5 4 6 37 1 0 0 0 -1000.00 -1000.00 -1000.00 -1000.00 1.9158 0.4880 0.7507 -15.3529 2.0948 -68.8003 -1.3197 0.0000 -0.0000 215 pedestrian_0018
Pedestrian 0.00 1.00 0 0 0 0 0 0 0 0 489.05 360.08 490.72 364.21 1.9158 0.4880 0.4830 -258.2602 1.9525 -220.4163 -1.1253 0.0000 -0.0000 216 pedestrian_0020
Pedestrian 1.00 1.00 0 0 0 0 0 0 0 0 -1000.00 -1000.00 -1000.00 -1000.00 1.9158 0.4880 0.4989 124.6288 1.8947 6.2310 1.6235 0.0000 -0.0000 217 pedestrian_0017
Pedestrian 1.00 1.00 0 0 0 0 0 0 0 0 -1000.00 -1000.00 -1000.00 -1000.00 1.9158 0.4880 0.7507 -119.0341 1.9169 -229.3686 3.1077 0.0000 -0.0000 218 pedestrian_0007
Pedestrian 0.00 1.00 0 0 0 0 0 0 0 0 957.00 363.81 959.85 369.20 1.1330 0.4333 0.4478 -118.3434 1.9415 -2.5745 0.5495 0.0000 -0.0000 219 pedestrian_0010
Pedestrian 1.00 1.00 6 6 14 651 0 0 1 1 -1000.00 -1000.00 -1000.00 -1000.00 1.9158 0.4880 0.5348 19.7427 1.9503 27.8380 3.0813 0.0000 -0.0000 220 pedestrian_0023
Pedestrian 1.00 1.00 0 0 0 0 0 0 0 0 -1000.00 -1000.00 -1000.00 -1000.00 1.9158 0.4880 0.5235 38.5927 1.8944 -219.9907 2.9972 0.0000 -0.0000 221 pedestrian_0024
Pedestrian 0.00 1.00 0 0 0 0 0 0 0 0 528.15 362.19 530.16 365.40 1.1330 0.4333 0.3774 -196.6837 1.9055 -154.3250 -1.5387 0.0000 -0.0000 222 pedestrian_0011
Pedestrian 0.00 1.00 0 0 0 0 0 0 0 0 933.01 360.07 934.63 363.99 1.9158 0.4880 0.7395 -272.5998 1.9505 -15.0681 1.7284 0.0000 -0.0000 223 pedestrian_0016
Pedestrian 1.00 1.00 0 0 0 0 0 0 0 0 -1000.00 -1000.00 -1000.00 -1000.00 1.9158 0.4880 0.4988 155.1558 -8.0598 -264.7930 0.6261 0.0000 -0.0000 224 pedestrian_0017
Pedestrian 1.00 1.00 0 0 0 0 0 0 0 0 -1000.00 -1000.00 -1000.00 -1000.00 1.9158 0.4880 0.7507 167.1842 -8.0502 -173.7931 -1.5015 0.0000 -0.0000 225 pedestrian_0001
Pedestrian 0.00 1.00 0 0 0 0 0 0 0 0 372.74 359.99 374.88 365.47 1.9158 0.4880 0.4479 -195.2468 1.9140 -207.6417 -0.9026 0.0000 -0.0000 226 pedestrian_0003
Pedestrian 1.00 1.00 0 0 0 0 0 0 0 0 -1000.00 -1000.00 -1000.00 -1000.00 1.9158 0.4880 0.4839 -74.8412 2.1024 -153.1526 0.1403 0.0000 -0.0000 227 pedestrian_0007
Pedestrian 1.00 1.00 0 0 0 0 0 0 0 0 -1000.00 -1000.00 -1000.00 -1000.00 1.1330 0.4333 0.3424 127.1157 1.9176 -146.9217 -1.6513 0.0000 -0.0000 228 pedestrian_0010
Pedestrian 0.00 0.13 13 15 26 139 0 3 0 0 1163.79 381.62 1178.33 411.91 1.1330 0.4333 0.5747 -21.9759 1.9368 5.7418 0.2550 0.0000 -0.0000 229 pedestrian_0010
Pedestrian 1.00 1.00 0 0 0 0 0 0 0 0 -1000.00 -1000.00 -1000.00 -1000.00 1.3390 0.3253 0.2626 59.4453 2.0941 -67.8860 -1.7504 0.0000 -0.0000 230 pedestrian_0013
Pedestrian 1.00 1.00 0 0 0 0 0 0 0 0 -1000.00 -1000.00 -1000.00 -1000.00 1.3390 0.3253 0.4393 144.1191 1.8861 -22.0025 1.6000 0.0000 -0.0000 231 pedestrian_0013
Pedestrian 1.00 1.00 0 0 0 1 0 0 0 0 -1000.00 -1000.00 -1000.00 -1000.00 1.9158 0.4880 0.7507 -3.7751 2.0469 -173.1641 0.1311 0.0000 -0.0000 232 pedestrian_0020
Pedestrian 1.00 1.00 0 0 0 0 0 0 0 0 -1000.00 -1000.00 -1000.00 -1000.00 1.9158 0.4880 0.7422 179.1136 1.9513 29.3637 -0.0444 0.0000 -0.0000 233 pedestrian_0021
Pedestrian 0.00 1.00 0 0 0 0 0 0 0 0 793.12 362.45 794.85 365.49 1.1330 0.4333 0.4480 -208.5304 2.0527 -64.3894 -0.4246 0.0000 -0.0000 234 pedestrian_0009
Pedestrian 1.00 1.00 0 0 0 0 0 0 0 0 -1000.00 -1000.00 -1000.00 -1000.00 1.9158 0.4880 0.5026 224.2485 2.1024 -52.6724 -3.0007 0.0000 -0.0000 235 pedestrian_0006
Pedestrian 0.00 1.00 0 0 0 0 0 0 0 0 734.17 363.55 736.92 367.79 1.1330 0.4333 0.5596 -150.2267 2.0913 -62.6565 2.8650 0.0000 -0.0000 236 pedestrian_0009
Pedestrian 0.00 1.00 0 0 0 0 0 0 0 0 128.00 360.37 144.66 380.43 1.9158 0.4880 0.7507 -54.3581 1.9512 -81.4773 -3.1189 0.0000 -0.0000 237 pedestrian_0026
Pedestrian 0.00 0.38 8 11 13 859 0 0 2 0 1351.35 360.49 1364.02 387.38 1.9158 0.4880 0.5716 -40.8353 1.9510 26.3140 -3.0802 0.0000 -0.0000 238 pedestrian_0021
Pedestrian 1.00 1.00 115 118 202 2709 28 0 0 0 -1000.00 -1000.00 -1000.00 -1000.00 1.3390 0.3253 0.5005 4.6856 1.8873 -10.5357 -1.5188 0.0000 -0.0000 239 pedestrian_0012
Pedestrian 0.00 1.00 0 0 0 0 0 0 0 0 2.81 360.11 8.04 366.53 1.9158 0.4880 0.6400 -166.8271 1.9502 -287.7772 3.0517 0.0000 -0.0000 240 pedestrian_0020
Pedestrian 1.00 1.00 0 0 0 0 0 0 0 0 -1000.00 -1000.00 -1000.00 -1000.00 1.1330 0.4333 0.6667 203.1412 -8.0599 -164.7001 -1.5291 0.0000 -0.0000 241 pedestrian_0011
Pedestrian 1.00 1.00 0 0 0 0 0 0 0 0 -1000.00 -1000.00 -1000.00 -1000.00 1.9158 0.4880 0.7507 -93.3076 1.9501 -192.9524 -1.5939 0.0000 -0.0000 242 pedestrian_0002
Pedestrian 1.00 1.00 0 0 0 0 0 0 0 0 -1000.00 -1000.00 -1000.00 -1000.00 1.3390 0.3253 0.2967 92.6812 1.9441 -59.0477 -2.9315 0.0000 -0.0000 243 pedestrian_0014
Pedestrian 1.00 1.00 0 0 0 0 0 0 0 0 -1000.00 -1000.00 -1000.00 -1000.00 1.9158 0.4880 0.5680 -15.4145 2.1024 -162.1494 -2.2332 0.0000 -0.0000 244 pedestrian_0006
Pedestrian 1.00 1.00 0 0 0 0 0 0 0 0 -1000.00 -1000.00 -1000.00 -1000.00 1.9158 0.4880 0.6636 202.8375 -8.0502 -154.3981 -1.5796 0.0000 -0.0000 245 pedestrian_0020
Pedestrian 1.00 1.00 0 0 0 0 0 0 0 0 -1000.00 -1000.00 -1000.00 -1000.00 1.9158 0.4880 0.5049 86.0834 2.1025 -61.1460 0.6426 0.0000 -0.0000 246 pedestrian_0022
Pedestrian 1.00 1.00 0 0 1 6 2 0 0 0 -1000.00 -1000.00 -1000.00 -1000.00 1.9158 0.4880 0.6946 1.5034 2.0678 -168.5038 0.7246 0.0000 -0.0000 247 pedestrian_0002
Pedestrian 1.00 1.00 0 0 0 0 0 0 0 0 -1000.00 -1000.00 -1000.00 -1000.00 1.9158 0.4880 0.7370 145.9018 2.0828 -63.4231 1.7238 0.0000 -0.0000 248 pedestrian_0022
Pedestrian 0.00 1.00 0 0 0 0 0 0 0 0 1235.81 360.00 1239.23 366.92 1.9158 0.4880 0.7354 -155.0094 1.9167 74.8550 -2.8933 0.0000 -0.0000 249 pedestrian_0006
Pedestrian 1.00 1.00 0 0 0 0 0 0 0 0 -1000.00 -1000.00 -1000.00 -1000.00 1.9158 0.4880 0.4886 47.0792 1.9499 -170.6791 3.1374 0.0000 -0.0000 250 pedestrian_0019
Pedestrian 0.00 0.91 0 1 3 5 0 0 0 0 1144.72 360.20 1150.15 371.56 1.9158 0.4880 0.7507 -94.8231 1.9504 29.4757 1.5818 0.0000 -0.0000 251 pedestrian_0018
Pedestrian 0.00 1.00 0 0 0 0 0 0 0 0 953.98 360.07 955.59 363.98 1.9158 0.4880 0.7507 -272.7604 1.9505 -4.7971 1.4974 0.0000 -0.0000 252 pedestrian_0007
Pedestrian 1.00 1.00 0 0 0 0 0 0 0 0 -1000.00 -1000.00 -1000.00 -1000.00 1.9158 0.4880 0.4574 64.8500 2.1025 -74.5591 0.3744 0.0000 -0.0000 253 pedestrian_0008
Pedestrian 0.00 1.00 0 0 0 0 0 0 0 0 1061.21 360.07 1062.27 364.02 1.9158 0.4880 0.4959 -270.4504 1.9506 47.2140 -1.7364 0.0000 -0.0000 254 pedestrian_0022
Pedestrian 0.00 1.00 0 0 0 0 0 0 0 0 1834.17 360.21 1842.57 371.74 1.9158 0.4880 0.5756 -93.4324 1.9506 144.1867 -0.0013 0.0000 -0.0000 255 pedestrian_0024
Pedestrian 1.00 1.00 0 0 0 0 0 0 0 0 -1000.00 -1000.00 -1000.00 -1000.00 1.1330 0.4333 0.4713 128.2494 1.8836 -56.0082 -2.9550 0.0000 -0.0000 256 pedestrian_0011
Pedestrian 1.00 1.00 0 0 0 0 0 0 0 0 -1000.00 -1000.00 -1000.00 -1000.00 1.9158 0.4880 0.7507 -54.2090 1.9500 -171.0186 -0.0146 0.0000 -0.0000 257 pedestrian_0006
Pedestrian 1.00 1.00 0 0 0 0 0 0 0 0 -1000.00 -1000.00 -1000.00 -1000.00 1.9158 0.4880 0.5506 117.7032 1.8948 -218.1779 -2.5660 0.0000 -0.0000 258 pedestrian_0005
Pedestrian 1.00 1.00 0 1 1 0 0 0 0 0 -1000.00 -1000.00 -1000.00 -1000.00 1.9158 0.4880 0.6182 -12.1061 1.8948 -119.6294 -1.5423 0.0000 -0.0000 259 pedestrian_0003
Pedestrian 1.00 1.00 0 0 0 0 0 0 0 0 -1000.00 -1000.00 -1000.00 -1000.00 1.9158 0.4880 0.7248 164.2615 -8.0474 -8.3149 1.5967 0.0000 -0.0000 260 pedestrian_0001
Pedestrian 1.00 1.00 0 0 0 0 0 0 0 0 -1000.00 -1000.00 -1000.00 -1000.00 1.3390 0.3253 0.3402 58.2212 1.8860 -201.6445 1.5432 0.0000 -0.0000 261 pedestrian_0014
Pedestrian 0.00 1.00 0 0 0 0 0 0 0 0 668.81 360.19 672.91 369.28 1.9158 0.4880 0.7507 -118.2487 1.9555 -63.3859 -3.1197 0.0000 -0.0000 262 pedestrian_0020
Pedestrian 0.00 1.00 0 0 0 0 0 0 0 0 833.70 359.99 835.71 365.32 1.9158 0.4880 0.6221 -200.3052 1.9118 -47.2861 -1.5470 0.0000 -0.0000 263 pedestrian_0025
Pedestrian 1.00 1.00 0 0 0 0 0 0 0 0 -1000.00 -1000.00 -1000.00 -1000.00 1.9158 0.4880 0.4312 60.3622 1.9502 6.1889 1.2382 0.0000 -0.0000 264 pedestrian_0026
Pedestrian 0.00 1.00 0 0 0 0 0 0 0 0 504.45 360.08 506.84 364.17 1.9158 0.4880 0.7507 -261.0698 1.9514 -215.4052 1.9393 0.0000 -0.0000 265 pedestrian_0025
Pedestrian 1.00 1.00 0 0 0 1 0 0 0 0 -1000.00 -1000.00 -1000.00 -1000.00 1.3390 0.3253 0.4226 2.3465 2.0385 -173.3262 -3.1333 0.0000 -0.0000 266 pedestrian_0013
Pedestrian 1.00 1.00 0 0 0 0 0 0 0 0 -1000.00 -1000.00 -1000.00 -1000.00 1.9158 0.4880 0.3807 87.2590 1.9499 -172.5838 2.2168 0.0000 -0.0000 267 pedestrian_0015
Pedestrian 1.00 1.00 0 0 0 0 0 0 0 0 -1000.00 -1000.00 -1000.00 -1000.00 1.9158 0.4880 0.3842 125.3174 1.9498 -146.2653 -2.2832 0.0000 -0.0000 268 pedestrian_0021
Pedestrian 0.00 1.00 0 0 0 0 0 0 0 0 1882.00 365.13 1888.86 372.39 1.1330 0.4333 0.4049 -88.0022 1.9395 142.9669 -3.0518 0.0000 -0.0000 269 pedestrian_0010
Pedestrian 0.00 0.03 60 67 108 781 0 13 0 0 1238.30 358.20 1258.70 441.80 1.9158 0.4880 0.4867 -14.1356 1.8959 4.4475 1.4160 0.0000 -0.0000 270 pedestrian_0023
Pedestrian 0.00 0.87 2 1 3 3 0 0 0 0 1189.68 363.57 1193.48 371.54 1.3390 0.3253 0.5005 -94.4458 1.9420 36.7880 1.6174 0.0000 -0.0000 271 pedestrian_0013
Pedestrian 1.00 1.00 0 0 0 0 0 0 0 0 -1000.00 -1000.00 -1000.00 -1000.00 1.9158 0.4880 0.5708 -135.0704 1.9511 -288.5767 0.0946 0.0000 -0.0000 272 pedestrian_0016
Pedestrian 0.00 1.00 0 0 0 0 0 0 0 0 520.95 364.60 525.17 374.90 1.3390 0.3253 0.2990 -73.4441 1.9418 -59.3231 -1.5310 0.0000 -0.0000 273 pedestrian_0014
Pedestrian 1.00 1.00 0 0 0 0 0 0 0 0 -1000.00 -1000.00 -1000.00 -1000.00 1.9158 0.4880 0.6192 -47.4029 2.0599 -169.8403 -0.0299 0.0000 -0.0000 274 pedestrian_0019
Pedestrian 1.00 1.00 0 0 0 0 0 0 0 0 -1000.00 -1000.00 -1000.00 -1000.00 1.3390 0.3253 0.3552 -96.3770 1.9416 -173.2746 2.8785 0.0000 -0.0000 275 pedestrian_0013
Pedestrian 1.00 1.00 0 0 0 0 0 0 0 0 -1000.00 -1000.00 -1000.00 -1000.00 1.9158 0.4880 0.7507 -93.8272 1.9500 -195.3281 -1.6625 0.0000 -0.0000 276 pedestrian_0023
Pedestrian 1.00 1.00 0 0 0 0 0 0 0 0 -1000.00 -1000.00 -1000.00 -1000.00 1.1330 0.4333 0.6667 146.4573 1.8831 -117.4273 -1.5749 0.0000 -0.0000 277 pedestrian_0011
Pedestrian 1.00 1.00 0 0 0 0 0 0 0 0 -1000.00 -1000.00 -1000.00 -1000.00 1.3390 0.3253 0.3804 96.2973 1.9417 -59.1402 3.1211 0.0000 -0.0000 278 pedestrian_0012
Pedestrian 1.00 1.00 0 0 0 0 0 0 0 0 -1000.00 -1000.00 -1000.00 -1000.00 1.9158 0.4880 0.5529 49.6587 -8.0738 -249.3289 0.0161 0.0000 -0.0000 279 pedestrian_0015
Pedestrian 1.00 1.00 2 1 3 10 0 0 0 0 -1000.00 -1000.00 -1000.00 -1000.00 1.9158 0.4880 0.7507 88.9893 1.9498 27.6257 -3.0754 0.0000 -0.0000 280 pedestrian_0017
Pedestrian 1.00 1.00 0 0 0 0 0 0 0 0 -1000.00 -1000.00 -1000.00 -1000.00 1.9158 0.4880 0.7507 201.1441 -8.0484 -32.3589 1.6030 0.0000 -0.0000 281 pedestrian_0005
Pedestrian 1.00 1.00 0 0 0 0 0 0 0 0 -1000.00 -1000.00 -1000.00 -1000.00 1.1330 0.4333 0.3570 77.9616 2.0808 -201.9842 2.9876 0.0000 -0.0000 282 pedestrian_0009
Pedestrian 0.00 1.00 0 0 0 0 0 0 0 0 785.72 364.76 790.54 371.51 1.1330 0.4333 0.6667 -94.6197 1.9389 -31.2592 -1.6296 0.0000 -0.0000 283 pedestrian_0009
Pedestrian 1.00 1.00 0 0 0 0 0 0 0 0 -1000.00 -1000.00 -1000.00 -1000.00 1.1330 0.4333 0.4160 208.4199 1.9385 -94.1417 1.5503 0.0000 -0.0000 284 pedestrian_0009
Pedestrian 0.00 1.00 0 0 0 0 0 0 0 0 747.75 360.65 750.05 367.36 1.9158 0.4880 0.7507 -159.9137 2.1027 -62.7537 0.5458 0.0000 -0.0000 285 pedestrian_0024
Pedestrian 1.00 1.00 0 0 0 0 0 0 0 0 -1000.00 -1000.00 -1000.00 -1000.00 1.9158 0.4880 0.3908 88.0221 1.9499 -172.5003 -2.5973 0.0000 -0.0000 286 pedestrian_0023
Pedestrian 0.00 1.00 0 0 0 0 0 0 0 0 1293.30 360.01 1296.53 368.02 1.9158 0.4880 0.4984 -133.7691 1.9173 77.9650 3.0691 0.0000 -0.0000 287 pedestrian_0015
Pedestrian 1.00 1.00 0 0 0 0 0 0 0 0 -1000.00 -1000.00 -1000.00 -1000.00 1.9158 0.4880 0.5572 129.5432 -8.0612 -237.5843 0.4732 0.0000 -0.0000 288 pedestrian_0025
Pedestrian 1.00 1.00 0 0 0 0 0 0 0 0 -1000.00 -1000.00 -1000.00 -1000.00 1.1330 0.4333 0.4903 166.2192 -7.4245 113.5999 -0.8134 0.0000 -0.0000 289 pedestrian_0009
Pedestrian 1.00 1.00 0 0 0 0 0 0 0 0 -1000.00 -1000.00 -1000.00 -1000.00 1.9158 0.4880 0.7507 -34.9570 1.9500 -170.4027 0.0214 0.0000 -0.0000 290 pedestrian_0019
Pedestrian 0.00 1.00 0 0 0 0 0 0 0 0 1421.35 360.02 1426.00 371.16 1.9158 0.4880 0.3754 -96.5544 1.9185 77.6679 -0.0826 0.0000 -0.0000 291 pedestrian_0007
Pedestrian 0.00 1.00 0 0 0 0 0 0 0 0 1067.39 360.07 1069.04 364.04 1.9158 0.4880 0.7505 -269.0504 1.9506 50.0871 1.3072 0.0000 -0.0000 292 pedestrian_0021
Pedestrian 1.00 1.00 0 0 0 0 0 0 0 0 -1000.00 -1000.00 -1000.00 -1000.00 1.3390 0.3253 0.4270 36.0978 1.9207 -25.7559 -2.5678 0.0000 -0.0000 293 pedestrian_0014
Pedestrian 1.00 1.00 0 0 0 0 0 0 0 0 -1000.00 -1000.00 -1000.00 -1000.00 1.9158 0.4880 0.5693 131.7605 -7.0427 136.4364 2.8052 0.0000 -0.0000 294 pedestrian_0002
Pedestrian 1.00 1.00 0 0 0 0 0 0 0 0 -1000.00 -1000.00 -1000.00 -1000.00 1.9158 0.4880 0.7507 115.5296 1.9502 8.4608 -0.0118 0.0000 -0.0000 295 pedestrian_0026
Pedestrian 1.00 1.00 0 0 0 0 0 0 0 0 -1000.00 -1000.00 -1000.00 -1000.00 1.9158 0.4880 0.6937 49.8264 1.9501 -79.9080 -0.1505 0.0000 -0.0000 296 pedestrian_0020
Pedestrian 1.00 1.00 0 0 0 0 0 0 0 0 -1000.00 -1000.00 -1000.00 -1000.00 1.9158 0.4880 0.7222 62.5815 1.9500 -98.8640 1.5221 0.0000 -0.0000 297 pedestrian_0016
Pedestrian 0.00 1.00 0 0 0 0 0 0 0 0 1354.62 360.02 1359.68 369.36 1.9158 0.4880 0.7507 -115.1225 1.9198 79.5073 -3.1014 0.0000 -0.0000 298 pedestrian_0024
Pedestrian 1.00 1.00 0 0 0 0 0 0 0 0 -1000.00 -1000.00 -1000.00 -1000.00 1.9158 0.4880 0.6736 156.8423 -7.7141 64.9035 -1.2161 0.0000 -0.0000 299 pedestrian_0001
Pedestrian 0.00 1.00 0 0 0 0 0 0 0 0 253.28 360.15 258.43 368.29 1.9158 0.4880 0.6028 -131.7045 1.9501 -168.2460 2.8992 0.0000 -0.0000 300 pedestrian_0025
Pedestrian 0.00 1.00 0 0 0 0 0 0 0 0 469.16 360.19 473.79 369.76 1.9158 0.4880 0.5176 -112.3222 1.9549 -100.3291 -1.4013 0.0000 -0.0000 301 pedestrian_0016
Pedestrian 0.00 1.00 0 0 0 0 0 0 0 0 603.91 360.21 609.49 371.31 1.9158 0.4880 0.7507 -97.1462 1.9529 -63.5026 3.1376 0.0000 -0.0000 302 pedestrian_0006
Pedestrian 0.00 0.13 5 8 7 373 0 0 0 0 1782.21 379.34 1803.68 415.84 1.3390 0.3253 0.3978 -20.4463 1.9419 26.9996 -3.0892 0.0000 -0.0000 303 pedestrian_0012
Pedestrian 1.00 1.00 0 0 0 0 0 0 0 0 -1000.00 -1000.00 -1000.00 -1000.00 1.9158 0.4880 0.7507 -103.6994 1.9499 -288.6969 -3.1076 0.0000 -0.0000 304 pedestrian_0024
Pedestrian 0.00 1.00 0 0 0 0 0 0 0 0 1332.79 361.67 1334.68 365.38 1.3390 0.3253 0.4673 -201.5539 1.9423 132.9699 0.3904 0.0000 -0.0000 305 pedestrian_0013
Pedestrian 0.00 1.00 0 0 0 0 0 0 0 0 941.14 361.65 942.29 363.96 1.1330 0.4333 0.5475 -272.4110 1.9391 -11.1926 -1.5813 0.0000 -0.0000 306 pedestrian_0011
Pedestrian 1.00 1.00 0 0 0 0 0 0 0 0 -1000.00 -1000.00 -1000.00 -1000.00 1.9158 0.4880 0.3981 -25.4306 1.9500 -171.1522 -0.0533 0.0000 -0.0000 307 pedestrian_0024
Pedestrian 0.00 1.00 0 0 0 0 0 0 0 0 964.64 360.07 965.45 363.96 1.9158 0.4880 0.3859 -274.3809 1.9505 0.2469 -1.5555 0.0000 -0.0000 308 pedestrian_0004
Pedestrian 1.00 1.00 1 0 0 6 0 0 0 0 -1000.00 -1000.00 -1000.00 -1000.00 1.9158 0.4880 0.6847 94.2011 1.9502 29.1591 0.2480 0.0000 -0.0000 309 pedestrian_0019
Pedestrian 1.00 1.00 0 0 0 0 0 0 0 0 -1000.00 -1000.00 -1000.00 -1000.00 1.3390 0.3253 0.5005 162.3115 1.9425 -58.6284 -3.1321 0.0000 -0.0000 310 pedestrian_0012
Pedestrian 1.00 1.00 0 0 0 0 0 0 0 0 -1000.00 -1000.00 -1000.00 -1000.00 1.9158 0.4880 0.5385 70.9156 2.1023 -171.5518 -3.1250 0.0000 -0.0000 311 pedestrian_0022
Pedestrian 1.00 1.00 0 0 0 0 0 0 0 0 -1000.00 -1000.00 -1000.00 -1000.00 1.9158 0.4880 0.7507 177.6244 1.9498 -149.0195 0.0254 0.0000 -0.0000 312 pedestrian_0018
Pedestrian 0.00 0.43 2 3 10 44 0 0 0 0 1216.65 360.31 1224.03 377.78 1.9158 0.4880 0.6713 -62.1892 1.9504 26.4825 0.0253 0.0000 -0.0000 313 pedestrian_0022
Pedestrian 1.00 1.00 0 0 0 0 0 0 0 0 -1000.00 -1000.00 -1000.00 -1000.00 1.9158 0.4880 0.3881 34.1103 1.9499 -152.0716 -1.3542 0.0000 -0.0000 314 pedestrian_0005
Pedestrian 1.00 1.00 0 0 0 0 0 0 0 0 -1000.00 -1000.00 -1000.00 -1000.00 1.9158 0.4880 0.7507 125.6482 1.8948 -16.1020 -1.5957 0.0000 -0.0000 315 pedestrian_0018
Pedestrian 0.00 1.00 0 0 0 0 0 0 0 0 865.06 360.07 866.65 363.99 1.9158 0.4880 0.7104 -272.0810 1.9504 -48.2795 -1.5328 0.0000 -0.0000 316 pedestrian_0024
Pedestrian 0.00 1.00 0 0 0 0 0 0 0 0 587.93 360.18 592.14 368.95 1.9158 0.4880 0.6544 -122.4206 1.9553 -83.2641 -3.1305 0.0000 -0.0000 317 pedestrian_0002
Pedestrian 1.00 1.00 0 0 0 0 0 0 0 0 -1000.00 -1000.00 -1000.00 -1000.00 1.3390 0.3253 0.2817 -94.8565 1.9412 -184.2687 2.2268 0.0000 -0.0000 318 pedestrian_0013
Pedestrian 1.00 1.00 0 0 0 0 0 0 0 0 -1000.00 -1000.00 -1000.00 -1000.00 1.9158 0.4880 0.4074 59.4547 2.1023 -162.9619 -2.2782 0.0000 -0.0000 319 pedestrian_0018
Pedestrian 1.00 1.00 0 0 0 0 0 0 0 0 -1000.00 -1000.00 -1000.00 -1000.00 1.9158 0.4880 0.7020 -56.2887 1.9501 -170.2177 -0.0031 0.0000 -0.0000 320 pedestrian_0006
Pedestrian 0.00 1.00 0 0 0 0 0 0 0 0 65.73 360.11 70.80 366.13 1.9158 0.4880 0.7507 -177.6678 1.9500 -286.4204 2.8538 0.0000 -0.0000 321 pedestrian_0021
Pedestrian 1.00 1.00 0 0 0 0 0 0 0 0 -1000.00 -1000.00 -1000.00 -1000.00 1.1330 0.4333 0.5563 -11.2340 2.0418 -80.8297 -0.0400 0.0000 -0.0000 322 pedestrian_0010
Pedestrian 1.00 1.00 0 0 0 0 0 0 0 0 -1000.00 -1000.00 -1000.00 -1000.00 1.9158 0.4880 0.4492 123.0490 1.9500 -58.1157 0.0638 0.0000 -0.0000 323 pedestrian_0022
Pedestrian 0.00 1.00 0 0 0 0 0 0 0 0 747.93 360.11 750.07 366.55 1.9158 0.4880 0.5114 -166.3475 1.9497 -65.1721 0.1200 0.0000 -0.0000 324 pedestrian_0015
Pedestrian 0.00 1.00 0 0 0 40 0 0 0 0 1311.12 360.20 1316.13 371.51 1.9158 0.4880 0.5343 -95.2522 1.9504 57.8715 1.8781 0.0000 -0.0000 325 pedestrian_0005
Pedestrian 1.00 1.00 0 0 0 0 0 0 0 0 -1000.00 -1000.00 -1000.00 -1000.00 1.9158 0.4880 0.4997 200.8026 -8.0485 -30.6360 -1.3077 0.0000 -0.0000 326 pedestrian_0006
Pedestrian 1.00 1.00 0 0 0 0 0 0 0 0 -1000.00 -1000.00 -1000.00 -1000.00 1.9158 0.4880 0.5280 59.7444 1.9501 -60.1370 -3.1333 0.0000 -0.0000 327 pedestrian_0002
Pedestrian 1.00 1.00 5 7 13 58 7 0 0 0 -1000.00 -1000.00 -1000.00 -1000.00 1.9158 0.4880 0.5488 4.0574 1.8947 -57.4238 -1.4615 0.0000 -0.0000 328 pedestrian_0015
Pedestrian 0.00 1.00 0 0 0 0 0 0 0 0 1491.99 360.13 1496.50 367.22 1.9158 0.4880 0.7507 -151.1030 1.9507 142.4093 0.0336 0.0000 -0.0000 329 pedestrian_0005
Pedestrian 0.00 1.00 0 0 0 0 0 0 0 0 42.99 362.59 46.76 366.24 1.1330 0.4333 0.4639 -173.5211 1.9387 -287.0281 3.0559 0.0000 -0.0000 330 pedestrian_0010
Pedestrian 1.00 1.00 0 0 0 0 0 0 0 0 -1000.00 -1000.00 -1000.00 -1000.00 1.9158 0.4880 0.6712 48.6653 1.8949 87.0435 0.0803 0.0000 -0.0000 331 pedestrian_0001
Pedestrian 0.00 1.00 0 0 0 0 0 0 0 0 966.09 360.21 969.80 371.69 1.9158 0.4880 0.3843 -93.7955 1.9503 -0.9110 2.4158 0.0000 -0.0000 332 pedestrian_0017
Pedestrian 1.00 1.00 1 0 1 6 0 0 0 0 -1000.00 -1000.00 -1000.00 -1000.00 1.9158 0.4880 0.5755 -13.0543 1.9104 -80.8391 -0.2645 0.0000 -0.0000 333 pedestrian_0023
Pedestrian 0.00 1.00 0 0 0 0 0 0 0 0 1341.93 363.51 1345.55 371.40 1.3390 0.3253 0.3911 -95.3816 1.9369 63.0808 1.5661 0.0000 -0.0000 334 pedestrian_0013
Pedestrian 0.00 1.00 0 0 0 0 0 0 0 0 560.15 361.08 566.55 372.27 1.9158 0.4880 0.7507 -96.2592 2.1026 -70.3856 1.5744 0.0000 -0.0000 335 pedestrian_0019
Pedestrian 0.00 1.00 7 2 3 3 0 0 0 0 1048.70 360.42 1055.84 382.99 1.9158 0.4880 0.7114 -48.4487 1.9517 5.6508 -3.1354 0.0000 -0.0000 336 pedestrian_0017
Pedestrian 1.00 1.00 0 0 0 0 0 0 0 0 -1000.00 -1000.00 -1000.00 -1000.00 1.9158 0.4880 0.4205 -128.3076 1.9504 -288.7142 2.6499 0.0000 -0.0000 337 pedestrian_0025
Pedestrian 1.00 1.00 0 0 0 0 0 0 0 0 -1000.00 -1000.00 -1000.00 -1000.00 1.9158 0.4880 0.7507 73.1941 -8.0714 -285.4841 -3.1169 0.0000 -0.0000 338 pedestrian_0006
Pedestrian 1.00 1.00 0 0 0 1 0 0 0 0 -1000.00 -1000.00 -1000.00 -1000.00 1.1330 0.4333 0.6097 5.9131 -4.5948 -250.0614 0.0164 0.0000 -0.0000 339 pedestrian_0011
Pedestrian 1.00 1.00 0 0 0 0 0 0 0 0 -1000.00 -1000.00 -1000.00 -1000.00 1.1330 0.4333 0.3409 126.7847 1.9067 -57.5289 -1.5896 0.0000 -0.0000 340 pedestrian_0011
Pedestrian 1.00 1.00 0 0 0 0 0 0 0 0 -1000.00 -1000.00 -1000.00 -1000.00 1.3390 0.3253 0.3063 207.9169 1.9433 -130.4691 -1.5168 0.0000 -0.0000 341 pedestrian_0013
Pedestrian 1.00 1.00 0 0 0 0 0 0 0 0 -1000.00 -1000.00 -1000.00 -1000.00 1.9158 0.4880 0.4922 86.3530 2.1025 -62.1485 2.0243 0.0000 -0.0000 342 pedestrian_0007
Pedestrian 1.00 1.00 0 0 0 6 0 0 0 0 -1000.00 -1000.00 -1000.00 -1000.00 1.9158 0.4880 0.7507 -11.2764 1.8949 -142.1130 -1.5854 0.0000 -0.0000 343 pedestrian_0021
Pedestrian 1.00 1.00 0 0 0 0 0 0 0 0 -1000.00 -1000.00 -1000.00 -1000.00 1.1330 0.4333 0.5881 202.4891 -8.0609 -149.6382 -1.5505 0.0000 -0.0000 344 pedestrian_0010
Pedestrian 1.00 1.00 9 18 32 141 7 0 0 0 -1000.00 -1000.00 -1000.00 -1000.00 1.9158 0.4880 0.5388 6.1128 1.8947 -38.4036 -1.5544 0.0000 -0.0000 345 pedestrian_0021
Pedestrian 1.00 1.00 1 2 2 0 0 0 0 0 -1000.00 -1000.00 -1000.00 -1000.00 1.3390 0.3253 0.3082 81.9562 1.9436 35.5888 -1.6874 0.0000 -0.0000 346 pedestrian_0014
Pedestrian 0.00 1.00 0 0 0 0 0 0 0 0 1.51 360.29 13.00 375.42 1.9158 0.4880 0.5720 -71.5132 1.9530 -123.3877 -0.0344 0.0000 -0.0000 347 pedestrian_0023
Pedestrian 1.00 1.00 0 0 0 0 0 0 0 0 -1000.00 -1000.00 -1000.00 -1000.00 1.9158 0.4880 0.7507 -33.5765 1.9517 -80.5365 -3.1125 0.0000 -0.0000 348 pedestrian_0008
Pedestrian 0.00 1.00 0 0 0 0 0 0 0 0 1271.11 360.09 1273.22 364.92 1.9158 0.4880 0.5481 -221.1915 1.9507 121.7556 -2.7345 0.0000 -0.0000 349 pedestrian_0006
Pedestrian 1.00 1.00 0 0 0 0 0 0 0 0 -1000.00 -1000.00 -1000.00 -1000.00 1.9158 0.4880 0.6691 78.0307 2.1022 -198.6212 -3.0990 0.0000 -0.0000 350 pedestrian_0022
Pedestrian 1.00 1.00 0 0 0 0 0 0 0 0 -1000.00 -1000.00 -1000.00 -1000.00 1.9158 0.4880 0.7507 65.8095 2.1023 -171.6516 3.0399 0.0000 -0.0000 351 pedestrian_0023
Pedestrian 1.00 1.00 0 2 2 2 1 0 0 0 -1000.00 -1000.00 -1000.00 -1000.00 1.9158 0.4880 0.4204 9.0607 1.8951 -174.7325 1.9392 0.0000 -0.0000 352 pedestrian_0006
Pedestrian 1.00 1.00 0 0 0 0 0 0 0 0 -1000.00 -1000.00 -1000.00 -1000.00 1.9158 0.4880 0.7507 49.9269 1.9418 63.4827 -2.9971 0.0000 -0.0000 353 pedestrian_0024
Pedestrian 1.00 1.00 0 0 0 0 0 0 0 0 -1000.00 -1000.00 -1000.00 -1000.00 1.1330 0.4333 0.6172 -63.7260 1.9375 144.1385 3.1280 0.0000 -0.0000 354 pedestrian_0011
Pedestrian 1.00 1.00 13 12 26 709 0 0 5 0 -1000.00 -1000.00 -1000.00 -1000.00 1.9158 0.4880 0.6516 28.7604 1.9503 31.3253 -3.0180 0.0000 -0.0000 355 pedestrian_0017
Pedestrian 1.00 1.00 0 0 0 0 0 0 0 0 -1000.00 -1000.00 -1000.00 -1000.00 1.3390 0.3253 0.3490 165.5485 -8.0584 -69.8459 -1.5577 0.0000 -0.0000 356 pedestrian_0012
Pedestrian 0.00 1.00 0 0 0 0 0 0 0 0 173.32 360.10 175.96 365.52 1.9158 0.4880 0.4413 -197.2058 1.9501 -280.2069 2.7547 0.0000 -0.0000 357 pedestrian_0020
Pedestrian 1.00 1.00 0 0 0 0 0 0 0 0 -1000.00 -1000.00 -1000.00 -1000.00 1.9158 0.4880 0.4684 -22.1137 1.9500 -170.9817 -2.9209 0.0000 -0.0000 358 pedestrian_0017
Pedestrian 0.00 0.90 4 1 6 34 0 2 0 0 1062.01 360.32 1067.46 378.43 1.9158 0.4880 0.4989 -59.9396 1.9499 8.8896 3.1349 0.0000 -0.0000 359 pedestrian_0025
Pedestrian 0.00 1.00 0 0 0 0 0 0 0 0 38.02 361.95 40.66 366.28 1.3390 0.3253 0.3453 -172.7316 1.9425 -287.4407 -0.8163 0.0000 -0.0000 360 pedestrian_0013
Pedestrian 1.00 1.00 0 0 0 0 0 0 0 0 -1000.00 -1000.00 -1000.00 -1000.00 1.3390 0.3253 0.5005 -157.7625 1.9415 -288.6534 3.0317 0.0000 -0.0000 361 pedestrian_0013
Pedestrian 1.00 1.00 0 0 0 0 0 0 0 0 -1000.00 -1000.00 -1000.00 -1000.00 1.3390 0.3253 0.4117 34.5377 1.9215 -26.1840 -2.5777 0.0000 -0.0000 362 pedestrian_0013
Pedestrian 0.00 0.65 1 2 4 12 0 0 0 0 1076.62 367.35 1082.68 376.14 1.1330 0.4333 0.6667 -73.0975 2.0914 13.3155 1.6863 0.0000 -0.0000 363 pedestrian_0011
Pedestrian 1.00 1.00 0 0 0 0 0 0 0 0 -1000.00 -1000.00 -1000.00 -1000.00 1.3390 0.3253 0.4118 26.4346 1.8860 -198.5299 2.3384 0.0000 -0.0000 364 pedestrian_0012
Pedestrian 1.00 1.00 0 0 0 0 0 0 0 0 -1000.00 -1000.00 -1000.00 -1000.00 1.9158 0.4880 0.5137 126.3429 1.8946 -29.6413 -1.4874 0.0000 -0.0000 365 pedestrian_0023
Pedestrian 0.00 1.00 0 0 0 0 0 0 0 0 1364.82 360.01 1369.09 369.68 1.9158 0.4880 0.5285 -111.0423 1.9169 78.5297 -0.1244 0.0000 -0.0000 366 pedestrian_0005
Pedestrian 0.00 1.00 0 0 0 0 0 0 0 0 670.08 360.00 672.57 365.35 1.9158 0.4880 0.6294 -199.5123 1.9143 -105.6145 1.5068 0.0000 -0.0000 367 pedestrian_0021
Pedestrian 0.00 1.00 0 0 0 0 0 0 0 0 722.55 363.14 724.83 367.58 1.1330 0.4333 0.4251 -143.0768 1.9390 -62.8000 0.1151 0.0000 -0.0000 368 pedestrian_0010
Pedestrian 1.00 1.00 0 0 0 0 0 0 0 0 -1000.00 -1000.00 -1000.00 -1000.00 1.9158 0.4880 0.7507 47.4593 1.8946 -200.9079 0.0358 0.0000 -0.0000 369 pedestrian_0020
Pedestrian 1.00 1.00 0 0 0 0 0 0 0 0 -1000.00 -1000.00 -1000.00 -1000.00 1.3390 0.3253 0.4351 62.0391 1.9408 -94.2711 1.5797 0.0000 -0.0000 370 pedestrian_0012
Pedestrian 1.00 1.00 0 0 0 0 0 0 0 0 -1000.00 -1000.00 -1000.00 -1000.00 1.9158 0.4880 0.6588 61.7511 1.9515 -46.9966 -1.5752 0.0000 -0.0000 371 pedestrian_0015
Pedestrian 1.00 1.00 0 0 0 0 0 0 0 0 -1000.00 -1000.00 -1000.00 -1000.00 1.9158 0.4880 0.6188 56.7024 1.9499 10.6822 1.7315 0.0000 -0.0000 372 pedestrian_0007
Pedestrian 0.00 1.00 0 0 0 0 0 0 0 0 806.59 360.08 808.19 364.00 1.9158 0.4880 0.6556 -271.9686 1.9525 -76.8391 -1.5366 0.0000 -0.0000 373 pedestrian_0008
Pedestrian 1.00 1.00 0 0 0 0 0 0 0 0 -1000.00 -1000.00 -1000.00 -1000.00 1.9158 0.4880 0.5995 64.6734 2.1025 -59.1432 -2.9983 0.0000 -0.0000 374 pedestrian_0020
Pedestrian 1.00 1.00 0 0 0 0 0 0 0 0 -1000.00 -1000.00 -1000.00 -1000.00 1.9158 0.4880 0.5506 -31.6530 1.9501 -171.2164 -0.0050 0.0000 -0.0000 375 pedestrian_0015
Pedestrian 0.00 1.00 0 0 0 0 0 0 0 0 100.74 366.58 109.86 381.32 1.3390 0.3253 0.3163 -51.7178 1.9427 -80.3956 0.2129 0.0000 -0.0000 376 pedestrian_0012
Pedestrian 1.00 1.00 0 0 0 0 0 0 0 0 -1000.00 -1000.00 -1000.00 -1000.00 1.9158 0.4880 0.4412 111.3305 1.9475 -171.5196 0.0167 0.0000 -0.0000 377 pedestrian_0017
Pedestrian 1.00 1.00 0 0 0 0 0 0 0 0 -1000.00 -1000.00 -1000.00 -1000.00 1.9158 0.4880 0.7507 124.3980 2.0903 21.1547 1.5840 0.0000 -0.0000 378 pedestrian_0025
Pedestrian 0.00 1.00 0 0 0 0 0 0 0 0 1318.43 364.72 1321.78 371.42 1.1330 0.4333 0.3333 -95.3540 1.9391 59.0395 1.4050 0.0000 -0.0000 379 pedestrian_0009
Pedestrian 1.00 1.00 0 0 0 0 0 0 0 0 -1000.00 -1000.00 -1000.00 -1000.00 1.9158 0.4880 0.6058 60.9049 1.9535 -91.3967 1.5346 0.0000 -0.0000 380 pedestrian_0002
Pedestrian 1.00 1.00 0 0 0 0 0 0 0 0 -1000.00 -1000.00 -1000.00 -1000.00 1.3390 0.3253 0.3584 -81.7720 1.9416 -287.4020 3.1195 0.0000 -0.0000 381 pedestrian_0013
Pedestrian 1.00 1.00 0 0 0 0 0 0 0 0 -1000.00 -1000.00 -1000.00 -1000.00 1.3390 0.3253 0.4927 73.3458 2.0939 -172.4105 -0.0398 0.0000 -0.0000 382 pedestrian_0012
Pedestrian 0.00 0.06 12 17 27 1504 0 1 4 0 1408.34 388.23 1428.21 421.85 1.1330 0.4333 0.6007 -20.0668 2.0913 13.5121 -1.3720 0.0000 -0.0000 383 pedestrian_0010
Pedestrian 1.00 1.00 0 0 0 0 0 0 0 0 -1000.00 -1000.00 -1000.00 -1000.00 1.3390 0.3253 0.4353 -131.6080 1.9416 -288.3738 0.0182 0.0000 -0.0000 384 pedestrian_0013
Pedestrian 1.00 1.00 7 10 17 132 0 0 1 0 -1000.00 -1000.00 -1000.00 -1000.00 1.9158 0.4880 0.7507 6.8599 1.8949 45.2443 -1.8646 0.0000 -0.0000 385 pedestrian_0015
Pedestrian 0.00 0.21 3 6 11 70 0 1 0 0 1289.39 360.40 1300.55 382.77 1.9158 0.4880 0.7507 -48.8953 1.9504 26.6815 0.0510 0.0000 -0.0000 386 pedestrian_0018
Pedestrian 1.00 1.00 0 0 0 0 0 0 0 0 -1000.00 -1000.00 -1000.00 -1000.00 1.3390 0.3253 0.4768 -124.6719 1.9414 -288.0613 0.0320 0.0000 -0.0000 387 pedestrian_0013
Pedestrian 1.00 1.00 0 0 0 0 0 0 0 0 -1000.00 -1000.00 -1000.00 -1000.00 1.9158 0.4880 0.7507 155.8224 1.9498 -150.2317 -3.1017 0.0000 -0.0000 388 pedestrian_0022
Pedestrian 0.00 1.00 0 0 0 0 0 0 0 0 846.10 360.07 847.82 363.98 1.9158 0.4880 0.7507 -272.6329 1.9504 -57.6321 1.6010 0.0000 -0.0000 389 pedestrian_0003
Pedestrian 0.00 1.00 0 0 0 0 0 0 0 0 85.70 360.11 90.63 366.02 1.9158 0.4880 0.7507 -180.9071 1.9500 -285.1747 2.8665 0.0000 -0.0000 390 pedestrian_0021
Pedestrian 0.00 1.00 0 0 0 57 0 0 0 0 1315.36 360.01 1318.82 368.47 1.9158 0.4880 0.4571 -126.7274 1.9170 78.7394 0.0099 0.0000 -0.0000 391 pedestrian_0016
Pedestrian 1.00 1.00 0 0 0 0 0 0 0 0 -1000.00 -1000.00 -1000.00 -1000.00 1.9158 0.4880 0.4848 -129.3711 1.9490 -288.2992 2.8084 0.0000 -0.0000 392 pedestrian_0005
Pedestrian 1.00 1.00 0 0 0 0 0 0 0 0 -1000.00 -1000.00 -1000.00 -1000.00 1.9158 0.4880 0.4774 155.5784 -8.0542 -211.2351 1.0916 0.0000 -0.0000 393 pedestrian_0026
Pedestrian 1.00 1.00 0 0 0 0 0 0 0 0 -1000.00 -1000.00 -1000.00 -1000.00 1.9158 0.4880 0.7507 59.7270 1.9501 -36.9525 1.6718 0.0000 -0.0000 394 pedestrian_0022
Pedestrian 1.00 1.00 0 0 0 0 0 0 0 0 -1000.00 -1000.00 -1000.00 -1000.00 1.1330 0.4333 0.6667 163.9990 -8.0128 17.4760 1.5845 0.0000 -0.0000 395 pedestrian_0010
Pedestrian 1.00 1.00 2 2 5 25 0 0 0 0 -1000.00 -1000.00 -1000.00 -1000.00 1.9158 0.4880 0.7507 77.4703 2.1026 30.2530 -3.0683 0.0000 -0.0000 396 pedestrian_0006
Pedestrian 0.00 1.00 0 0 0 0 0 0 0 0 37.85 364.54 43.59 372.64 1.3390 0.3253 0.5005 -93.0601 2.0940 -154.8719 -1.7210 0.0000 -0.0000 397 pedestrian_0012
Pedestrian 1.00 1.00 0 0 0 0 0 0 0 0 -1000.00 -1000.00 -1000.00 -1000.00 1.1330 0.4333 0.6667 24.7090 1.8830 -198.2962 2.4805 0.0000 -0.0000 398 pedestrian_0010
Pedestrian 0.00 1.00 0 0 0 0 0 0 0 0 1151.70 360.00 1154.18 365.70 1.9158 0.4880 0.6251 -187.6985 1.9143 62.7384 -2.6283 0.0000 -0.0000 399 pedestrian_0007
Pedestrian 1.00 1.00 0 0 0 0 0 0 0 0 -1000.00 -1000.00 -1000.00 -1000.00 1.9158 0.4880 0.6437 200.3242 -8.0042 14.8359 -1.5604 0.0000 -0.0000 400 pedestrian_0001
Pedestrian 1.00 1.00 323 345 532 20762 0 0 86 0 -1000.00 -1000.00 -1000.00 -1000.00 1.9158 0.4880 0.3754 4.4086 1.8948 4.5158 1.5959 0.0000 -0.0000 401 pedestrian_0016
Pedestrian 0.00 1.00 0 0 0 0 0 0 0 0 1238.24 360.08 1240.62 364.71 1.9158 0.4880 0.7507 -231.1125 1.9507 113.7550 0.6891 0.0000 -0.0000 402 pedestrian_0021
Pedestrian 1.00 1.00 0 0 0 0 0 0 0 0 -1000.00 -1000.00 -1000.00 -1000.00 1.9158 0.4880 0.6311 77.6709 2.1025 -59.2520 -0.0180 0.0000 -0.0000 403 pedestrian_0006
Pedestrian 0.00 1.00 0 0 0 0 0 0 0 0 1407.34 360.87 1413.49 372.02 1.9158 0.4880 0.7507 -96.6771 2.0663 75.4816 1.0606 0.0000 -0.0000 404 pedestrian_0023
Pedestrian 1.00 1.00 0 0 0 0 0 0 0 0 -1000.00 -1000.00 -1000.00 -1000.00 1.1330 0.4333 0.5896 61.4295 1.9386 -113.3921 -1.5452 0.0000 -0.0000 405 pedestrian_0011
Pedestrian 1.00 1.00 146 150 252 2516 39 0 0 0 -1000.00 -1000.00 -1000.00 -1000.00 1.9158 0.4880 0.5188 5.7798 1.8951 -13.2208 -1.5372 0.0000 -0.0000 406 pedestrian_0004
Pedestrian 1.00 1.00 0 0 0 0 0 0 0 0 -1000.00 -1000.00 -1000.00 -1000.00 1.9158 0.4880 0.4906 42.2219 1.9499 -170.7961 -3.1046 0.0000 -0.0000 407 pedestrian_0026
Pedestrian 1.00 1.00 0 0 0 0 0 0 0 0 -1000.00 -1000.00 -1000.00 -1000.00 1.3390 0.3253 0.3570 145.3050 1.8882 -26.2201 -1.5113 0.0000 -0.0000 408 pedestrian_0013
Pedestrian 1.00 1.00 0 0 0 0 0 0 0 0 -1000.00 -1000.00 -1000.00 -1000.00 1.1330 0.4333 0.5879 -93.7025 1.9373 -235.6731 -1.6237 0.0000 -0.0000 409 pedestrian_0010
Pedestrian 1.00 1.00 0 0 0 0 0 0 0 0 -1000.00 -1000.00 -1000.00 -1000.00 1.9158 0.4880 0.5435 144.6068 1.8953 32.5101 -1.4696 0.0000 -0.0000 410 pedestrian_0020
Pedestrian 1.00 1.00 0 0 0 0 0 0 0 0 -1000.00 -1000.00 -1000.00 -1000.00 1.9158 0.4880 0.6445 -94.0851 1.9500 -184.9411 -1.3690 0.0000 -0.0000 411 pedestrian_0025
Pedestrian 1.00 1.00 0 0 0 0 0 0 0 0 -1000.00 -1000.00 -1000.00 -1000.00 1.1330 0.4333 0.6250 125.7608 1.8834 35.6859 -1.4627 0.0000 -0.0000 412 pedestrian_0010
Pedestrian 1.00 1.00 0 0 0 0 0 0 0 0 -1000.00 -1000.00 -1000.00 -1000.00 1.9158 0.4880 0.6437 128.5992 1.8945 -121.5814 -1.7412 0.0000 -0.0000 413 pedestrian_0015
Pedestrian 1.00 1.00 0 0 0 0 0 0 0 0 -1000.00 -1000.00 -1000.00 -1000.00 1.1330 0.4333 0.6667 78.2575 2.0909 -171.5811 3.0300 0.0000 -0.0000 414 pedestrian_0011
Pedestrian 1.00 1.00 5 5 12 45 5 0 0 0 -1000.00 -1000.00 -1000.00 -1000.00 1.9158 0.4880 0.4070 -11.1474 2.0474 -58.1932 3.0417 0.0000 -0.0000 415 pedestrian_0025
Pedestrian 1.00 1.00 0 0 0 0 0 0 0 0 -1000.00 -1000.00 -1000.00 -1000.00 1.1330 0.4333 0.6527 164.3892 -8.0613 -21.7327 1.5791 0.0000 -0.0000 416 pedestrian_0009
Pedestrian 1.00 1.00 0 0 0 0 0 0 0 0 -1000.00 -1000.00 -1000.00 -1000.00 1.9158 0.4880 0.5946 96.3935 -6.7485 108.7973 -0.0771 0.0000 -0.0000 417 pedestrian_0026
Pedestrian 0.00 1.00 0 0 0 0 0 0 0 0 831.25 360.07 832.98 364.00 1.9158 0.4880 0.7507 -271.6398 1.9520 -64.6760 -1.5136 0.0000 -0.0000 418 pedestrian_0019
Pedestrian 1.00 1.00 0 0 0 8 0 0 0 0 -1000.00 -1000.00 -1000.00 -1000.00 1.9158 0.4880 0.7507 7.4902 2.1014 -71.4522 -1.4248 0.0000 -0.0000 419 pedestrian_0018
Pedestrian 1.00 1.00 0 0 0 0 0 0 0 0 -1000.00 -1000.00 -1000.00 -1000.00 1.9158 0.4880 0.6681 -80.0529 1.9500 -288.0577 -0.0060 0.0000 -0.0000 420 pedestrian_0026
Pedestrian 1.00 1.00 0 0 0 0 0 0 0 0 -1000.00 -1000.00 -1000.00 -1000.00 1.9158 0.4880 0.3754 145.2451 1.8945 -81.7187 1.8886 0.0000 -0.0000 421 pedestrian_0005
Pedestrian 1.00 1.00 0 0 0 0 0 0 0 0 -1000.00 -1000.00 -1000.00 -1000.00 1.9158 0.4880 0.7471 62.9609 1.9500 -119.3844 -1.5888 0.0000 -0.0000 422 pedestrian_0021
Pedestrian 1.00 1.00 0 0 0 0 0 0 0 0 -1000.00 -1000.00 -1000.00 -1000.00 1.9158 0.4880 0.5602 148.6928 1.9500 -150.1506 0.1431 0.0000 -0.0000 423 pedestrian_0025
Pedestrian 1.00 1.00 0 0 0 0 0 0 0 0 -1000.00 -1000.00 -1000.00 -1000.00 1.9158 0.4880 0.4770 126.9031 1.8945 -82.7637 1.4626 0.0000 -0.0000 424 pedestrian_0008
Pedestrian 1.00 1.00 5 6 8 445 0 0 0 1 -1000.00 -1000.00 -1000.00 -1000.00 1.9158 0.4880 0.4746 47.2414 1.9482 28.1738 -0.1306 0.0000 -0.0000 425 pedestrian_0018
Pedestrian 0.00 1.00 0 0 0 0 0 0 0 0 735.39 360.05 737.72 365.47 1.9158 0.4880 0.6040 -197.5464 1.9341 -81.4630 2.4538 0.0000 -0.0000 426 pedestrian_0020
Pedestrian 1.00 1.00 0 0 0 0 0 0 0 0 -1000.00 -1000.00 -1000.00 -1000.00 1.3390 0.3253 0.4377 -71.9657 1.9437 -171.3847 3.1314 0.0000 -0.0000 427 pedestrian_0012
Pedestrian 1.00 1.00 0 0 0 0 0 0 0 0 -1000.00 -1000.00 -1000.00 -1000.00 1.1330 0.4333 0.4313 128.0241 1.8855 -124.2277 -1.6121 0.0000 -0.0000 428 pedestrian_0011
Pedestrian 0.00 1.00 0 0 0 0 0 0 0 0 173.72 360.16 179.52 369.11 1.9158 0.4880 0.5707 -120.0421 1.9502 -170.4430 2.9390 0.0000 -0.0000 429 pedestrian_0006
Pedestrian 1.00 1.00 0 0 0 0 0 0 0 0 -1000.00 -1000.00 -1000.00 -1000.00 1.9158 0.4880 0.6044 126.0661 1.8953 -32.4539 -1.5074 0.0000 -0.0000 430 pedestrian_0021
Pedestrian 0.00 1.00 0 0 0 0 0 0 0 0 513.16 361.36 520.92 375.44 1.9158 0.4880 0.7507 -76.8801 2.1026 -62.8531 -3.0745 0.0000 -0.0000 431 pedestrian_0026
Pedestrian 1.00 1.00 0 0 0 0 0 0 0 0 -1000.00 -1000.00 -1000.00 -1000.00 1.9158 0.4880 0.7507 58.5309 -6.3212 109.0293 0.0016 0.0000 -0.0000 432 pedestrian_0026
Pedestrian 0.00 1.00 0 0 0 0 0 0 0 0 107.92 360.26 117.39 374.92 1.9158 0.4880 0.4919 -73.7484 1.9501 -113.4026 -1.5545 0.0000 -0.0000 433 pedestrian_0002
Pedestrian 1.00 1.00 0 0 0 0 0 0 0 0 -1000.00 -1000.00 -1000.00 -1000.00 1.9158 0.4880 0.7507 199.8731 1.9498 -144.0664 -2.3963 0.0000 -0.0000 434 pedestrian_0001
Pedestrian 1.00 1.00 0 0 0 0 0 0 0 0 -1000.00 -1000.00 -1000.00 -1000.00 1.9158 0.4880 0.4430 153.8724 -8.0601 -264.9577 0.4923 0.0000 -0.0000 435 pedestrian_0022
Pedestrian 1.00 1.00 0 0 0 0 0 0 0 0 -1000.00 -1000.00 -1000.00 -1000.00 1.9158 0.4880 0.4987 60.2923 1.9502 3.6561 -1.5884 0.0000 -0.0000 436 pedestrian_0005
Pedestrian 1.00 1.00 2 1 2 5 1 0 0 0 -1000.00 -1000.00 -1000.00 -1000.00 1.3390 0.3253 0.5005 -9.9623 2.0558 -60.9631 -3.0389 0.0000 -0.0000 437 pedestrian_0013
Pedestrian 0.00 1.00 0 0 0 0 0 0 0 0 481.75 361.74 483.24 364.20 1.1330 0.4333 0.4382 -257.5692 1.9403 -223.2513 2.0567 0.0000 -0.0000 438 pedestrian_0011
Pedestrian 0.00 1.00 0 0 0 0 0 0 0 0 1263.91 360.20 1269.97 371.59 1.9158 0.4880 0.7507 -94.5404 1.9504 49.5405 1.6118 0.0000 -0.0000 439 pedestrian_0006
Pedestrian 1.00 1.00 0 0 0 0 0 0 0 0 -1000.00 -1000.00 -1000.00 -1000.00 1.3390 0.3253 0.3570 5.9510 -3.0104 144.1377 3.0751 0.0000 -0.0000 440 pedestrian_0014
Pedestrian 0.00 0.48 3 0 1 19 0 1 0 0 1115.11 361.10 1119.15 372.44 1.9158 0.4880 0.4923 -95.0313 2.1028 24.4074 -1.3806 0.0000 -0.0000 441 pedestrian_0025
Pedestrian 0.00 1.00 0 0 0 0 0 0 0 0 1205.19 360.08 1206.70 364.50 1.9158 0.4880 0.4930 -241.6531 1.9507 104.5312 -2.2410 0.0000 -0.0000 442 pedestrian_0003
Pedestrian 1.00 1.00 0 0 0 0 0 0 0 0 -1000.00 -1000.00 -1000.00 -1000.00 1.9158 0.4880 0.4113 128.9406 2.0811 -64.6695 1.5572 0.0000 -0.0000 443 pedestrian_0024
Pedestrian 1.00 1.00 1 2 5 6 0 0 0 0 -1000.00 -1000.00 -1000.00 -1000.00 1.9158 0.4880 0.4911 6.0514 1.8930 -108.9369 1.4589 0.0000 -0.0000 444 pedestrian_0007
Pedestrian 0.00 1.00 0 0 0 0 0 0 0 0 648.75 360.21 652.30 370.14 1.9158 0.4880 0.4022 -108.1127 1.9555 -62.0285 0.1476 0.0000 -0.0000 445 pedestrian_0023
Pedestrian 0.00 1.00 0 0 0 0 0 0 0 0 1121.41 360.07 1123.01 364.16 1.9158 0.4880 0.6431 -261.2676 1.9490 73.9214 1.1089 0.0000 -0.0000 446 pedestrian_0026
Pedestrian 1.00 1.00 0 0 0 0 0 0 0 0 -1000.00 -1000.00 -1000.00 -1000.00 1.1330 0.4333 0.6304 166.2650 -8.0590 -113.7635 -1.5536 0.0000 -0.0000 447 pedestrian_0009
Pedestrian 1.00 1.00 0 0 0 0 0 0 0 0 -1000.00 -1000.00 -1000.00 -1000.00 1.9158 0.4880 0.5232 141.6358 -8.0573 -228.5493 0.6353 0.0000 -0.0000 448 pedestrian_0015
Pedestrian 1.00 1.00 0 0 0 0 0 0 0 0 -1000.00 -1000.00 -1000.00 -1000.00 1.9158 0.4880 0.3874 152.5655 1.9500 -77.1713 -3.0057 0.0000 -0.0000 449 pedestrian_0017
Pedestrian 1.00 1.00 2 1 2 3 0 0 0 0 -1000.00 -1000.00 -1000.00 -1000.00 1.9158 0.4880 0.6552 7.7040 1.8949 -107.3968 1.5610 0.0000 -0.0000 450 pedestrian_0023
Pedestrian 0.00 0.51 0 0 0 25 0 1 0 0 1151.42 361.41 1158.60 375.97 1.9158 0.4880 0.7507 -74.3134 2.1028 23.5410 1.7671 0.0000 -0.0000 451 pedestrian_0001
Pedestrian 0.00 1.00 0 0 0 0 0 0 0 0 1033.71 360.00 1035.18 365.42 1.9158 0.4880 0.4097 -197.2080 1.9169 24.1092 -1.9529 0.0000 -0.0000 452 pedestrian_0017
Pedestrian 1.00 1.00 1 5 3 20 1 0 0 0 -1000.00 -1000.00 -1000.00 -1000.00 1.1330 0.4333 0.5506 -11.3096 2.0512 -60.6550 -3.0340 0.0000 -0.0000 453 pedestrian_0011
Pedestrian 0.00 1.00 0 0 0 0 0 0 0 0 513.45 360.08 515.68 364.16 1.9158 0.4880 0.7070 -261.7466 1.9527 -211.7625 -1.1810 0.0000 -0.0000 454 pedestrian_0018
Pedestrian 1.00 1.00 0 0 0 0 0 0 0 0 -1000.00 -1000.00 -1000.00 -1000.00 1.9158 0.4880 0.6981 146.7332 2.0552 -164.6489 1.5682 0.0000 -0.0000 455 pedestrian_0021
Pedestrian 1.00 1.00 0 0 0 0 0 0 0 0 -1000.00 -1000.00 -1000.00 -1000.00 1.9158 0.4880 0.4265 205.8976 1.9502 -56.8160 -2.4463 0.0000 -0.0000 456 pedestrian_0007
Pedestrian 1.00 1.00 0 3 3 21 2 0 0 0 -1000.00 -1000.00 -1000.00 -1000.00 1.9158 0.4880 0.6140 6.8594 1.8946 -82.9134 -1.5283 0.0000 -0.0000 457 pedestrian_0021
Pedestrian 1.00 1.00 0 0 0 0 0 0 0 0 -1000.00 -1000.00 -1000.00 -1000.00 1.9158 0.4880 0.7507 18.6451 -4.4110 107.6942 -3.1171 0.0000 -0.0000 458 pedestrian_0019
Pedestrian 0.00 1.00 0 0 0 0 0 0 0 0 1436.15 362.67 1439.13 366.45 1.1330 0.4333 0.5228 -168.0141 1.9393 141.6569 0.1214 0.0000 -0.0000 459 pedestrian_0009
Pedestrian 0.00 1.00 0 0 0 0 0 0 0 0 1376.57 360.10 1379.64 365.83 1.9158 0.4880 0.6605 -186.7649 1.9507 137.8658 0.2656 0.0000 -0.0000 460 pedestrian_0004
Pedestrian 0.00 1.00 0 0 0 0 0 0 0 0 855.16 363.54 858.00 371.46 1.3390 0.3253 0.4274 -95.1558 1.9419 -19.8023 1.5982 0.0000 -0.0000 461 pedestrian_0012
Pedestrian 0.00 1.00 0 0 0 0 0 0 0 0 707.66 360.14 710.53 367.82 1.9158 0.4880 0.5925 -139.6952 1.9509 -65.0091 0.0976 0.0000 -0.0000 462 pedestrian_0006
Pedestrian 1.00 1.00 0 0 0 0 0 0 0 0 -1000.00 -1000.00 -1000.00 -1000.00 1.1330 0.4333 0.6667 -27.6915 1.9375 -62.0760 -3.0984 0.0000 -0.0000 463 pedestrian_0009
Pedestrian 1.00 1.00 0 0 0 0 0 0 0 0 -1000.00 -1000.00 -1000.00 -1000.00 1.3390 0.3253 0.5005 -63.9730 1.9416 -170.4853 -0.0080 0.0000 -0.0000 464 pedestrian_0014
Pedestrian 1.00 1.00 0 0 0 0 0 0 0 0 -1000.00 -1000.00 -1000.00 -1000.00 1.1330 0.4333 0.6667 -93.7153 1.9386 -187.2234 -1.5697 0.0000 -0.0000 465 pedestrian_0010
Pedestrian 0.00 1.00 0 0 0 0 0 0 0 0 938.76 360.27 948.31 381.37 1.9158 0.4880 0.7375 -51.7323 1.9403 -3.7455 1.1783 0.0000 -0.0000 466 pedestrian_0017
Pedestrian 0.00 0.20 20 18 29 168 0 0 0 0 1169.76 361.01 1182.85 399.76 1.9158 0.4880 0.5124 -28.8616 1.9506 8.6076 3.0644 0.0000 -0.0000 467 pedestrian_0004
Pedestrian 1.00 1.00 0 0 0 448 0 0 1 0 -1000.00 -1000.00 -1000.00 -1000.00 1.9158 0.4880 0.5786 34.2309 1.9506 27.3830 -3.1233 0.0000 -0.0000 468 pedestrian_0021
Pedestrian 1.00 1.00 0 0 0 0 0 0 0 0 -1000.00 -1000.00 -1000.00 -1000.00 1.3390 0.3253 0.4329 91.9760 1.9418 -59.3354 0.0436 0.0000 -0.0000 469 pedestrian_0013
Pedestrian 1.00 1.00 0 0 0 0 0 0 0 0 -1000.00 -1000.00 -1000.00 -1000.00 1.9158 0.4880 0.7507 145.8951 2.0776 -66.9830 1.5628 0.0000 -0.0000 470 pedestrian_0001
Pedestrian 1.00 1.00 0 0 0 0 0 0 0 0 -1000.00 -1000.00 -1000.00 -1000.00 1.9158 0.4880 0.4644 123.9748 1.9500 -58.7186 0.2429 0.0000 -0.0000 471 pedestrian_0015
Pedestrian 1.00 1.00 0 0 0 0 0 0 0 0 -1000.00 -1000.00 -1000.00 -1000.00 1.9158 0.4880 0.4977 -61.2822 1.9506 143.4780 -0.1379 0.0000 -0.0000 472 pedestrian_0024
Pedestrian 1.00 1.00 0 0 0 0 0 0 0 0 -1000.00 -1000.00 -1000.00 -1000.00 1.3390 0.3253 0.3268 -74.1798 1.9434 -181.4631 1.5537 0.0000 -0.0000 473 pedestrian_0013
Pedestrian 1.00 1.00 0 0 0 0 0 0 0 0 -1000.00 -1000.00 -1000.00 -1000.00 1.9158 0.4880 0.6780 -158.8524 1.9499 -288.7215 -3.1401 0.0000 -0.0000 474 pedestrian_0018
Pedestrian 1.00 1.00 0 0 0 0 0 0 0 0 -1000.00 -1000.00 -1000.00 -1000.00 1.3390 0.3253 0.3746 -16.8043 1.9416 -170.9705 -3.1280 0.0000 -0.0000 475 pedestrian_0012
Pedestrian 0.00 0.93 1 1 3 12 0 0 0 0 1169.81 361.35 1175.05 375.27 1.9158 0.4880 0.6614 -77.6964 2.1028 27.1402 -0.0325 0.0000 -0.0000 476 pedestrian_0026
Pedestrian 1.00 1.00 0 0 0 0 0 0 0 0 -1000.00 -1000.00 -1000.00 -1000.00 1.9158 0.4880 0.5236 -102.0053 1.9499 -287.6595 -3.1259 0.0000 -0.0000 477 pedestrian_0016
Pedestrian 1.00 1.00 0 0 0 0 0 0 0 0 -1000.00 -1000.00 -1000.00 -1000.00 1.9158 0.4880 0.6259 87.7663 1.9501 -60.1185 -0.2162 0.0000 -0.0000 478 pedestrian_0006
Pedestrian 0.00 1.00 0 0 0 0 0 0 0 0 46.51 360.11 50.73 366.27 1.9158 0.4880 0.5798 -173.7775 1.9499 -286.2846 2.8470 0.0000 -0.0000 479 pedestrian_0001
Pedestrian 1.00 1.00 0 0 0 0 0 0 0 0 -1000.00 -1000.00 -1000.00 -1000.00 1.9158 0.4880 0.4241 55.5460 1.8949 69.1482 -1.1532 0.0000 -0.0000 480 pedestrian_0021
Car 1.00 1.00 0 0 0 0 0 0 0 0 -1000.00 -1000.00 -1000.00 -1000.00 1.6980 1.9434 4.1871 17.8163 1.9850 -136.4914 -1.5556 0.0000 -0.0000 481 citroen_c3
Car 1.00 1.00 0 0 0 0 0 0 0 0 -1000.00 -1000.00 -1000.00 -1000.00 1.9718 2.0005 4.0595 18.4247 1.9505 -125.4402 -1.5556 0.0000 -0.0000 482 jeep_wrangler_rubicon
Car 1.00 1.00 0 0 0 0 0 0 0 0 -1000.00 -1000.00 -1000.00 -1000.00 1.9718 2.0005 4.0595 48.9311 1.9855 -135.4218 1.5860 0.0000 -0.0000 483 jeep_wrangler_rubicon
Car 1.00 1.00 0 0 0 0 0 0 0 0 -1000.00 -1000.00 -1000.00 -1000.00 1.9718 2.0005 4.0595 15.4838 1.9505 -125.4849 -1.5556 0.0000 -0.0000 484 jeep_wrangler_rubicon
Car 1.00 1.00 0 0 0 0 0 0 0 0 0.00 360.18 0.30 378.51 1.9718 2.0005 4.0595 -62.7673 1.9929 -113.6408 0.0152 0.0000 -0.0000 485 nissan_patrol
Car 1.00 1.00 0 0 0 0 0 0 0 0 -1000.00 -1000.00 -1000.00 -1000.00 1.5488 2.0688 3.9961 -62.7374 2.0206 -116.5359 -3.1264 0.0000 -0.0000 486 nissan_patrol
Car 0.37 1.00 0 0 0 0 0 0 0 0 0.00 364.72 73.71 380.84 1.4855 2.1349 -5.6254 -56.6026 1.9826 -96.6445 -3.1264 0.0000 -0.0000 487 nissan_patrol
Car 1.00 1.00 0 0 0 0 0 0 0 0 -1000.00 -1000.00 -1000.00 -1000.00 1.6244 1.8781 -3.8906 -56.3451 1.9687 -113.5420 0.0152 0.0000 -0.0000 488 nissan_patrol
Car 1.00 1.00 0 0 0 20 1 0 0 0 -1000.00 -1000.00 -1000.00 -1000.00 1.7506 2.3538 -4.8416 -39.2216 2.0495 -90.7620 0.0152 0.0000 -0.0000 489 nissan_patrol
Car 1.00 1.00 14 19 28 138 1 0 0 0 -1000.00 -1000.00 -1000.00 -1000.00 1.9718 2.0005 -4.0595 -39.0432 1.9929 -105.0589 -3.1264 0.0000 -0.0000 490 nissan_patrol
Car 0.00 1.00 0 0 0 0 0 0 0 0 124.33 360.26 204.20 378.39 1.9476 2.0282 4.8347 -63.0677 1.9780 -91.1249 -3.1264 0.0000 -0.0000 491 nissan_patrol
Car 0.00 1.00 0 0 0 0 0 0 0 0 103.25 360.18 174.68 378.41 1.9718 2.0005 4.0595 -63.0813 1.9929 -94.0196 -3.1264 0.0000 -0.0000 492 nissan_patrol
Car 1.00 1.00 0 0 0 0 0 0 0 0 -1000.00 -1000.00 -1000.00 -1000.00 1.6244 1.8781 3.8906 -45.6203 1.9687 -93.7548 0.0152 0.0000 -0.0000 493 nissan_patrol
Car 1.00 1.00 0 0 0 0 0 0 0 0 -1000.00 -1000.00 -1000.00 -1000.00 1.5488 2.0688 3.9961 -45.5777 2.0207 -96.4784 -3.1264 0.0000 -0.0000 494 nissan_patrol
Car 1.00 1.00 0 0 0 4 0 0 0 0 -1000.00 -1000.00 -1000.00 -1000.00 2.1397 2.1728 4.7017 -45.4222 1.9794 -105.1570 -3.1264 0.0000 -0.0000 495 nissan_patrol
Car 1.00 1.00 10 7 12 79 0 0 0 0 -1000.00 -1000.00 -1000.00 -1000.00 1.9476 2.0282 4.8347 -45.2492 1.9779 -113.3729 -3.1264 0.0000 -0.0000 496 nissan_patrol
Car 1.00 1.00 0 0 3 6 0 0 0 0 -1000.00 -1000.00 -1000.00 -1000.00 1.5100 1.8730 4.1000 -45.2724 1.9696 -116.2700 -3.1264 0.0000 -0.0000 497 nissan_patrol
Car 1.00 1.00 0 0 0 12 0 0 0 0 -1000.00 -1000.00 -1000.00 -1000.00 1.5488 2.0688 3.9961 -30.3959 2.0206 -102.0329 0.0152 0.0000 -0.0000 498 nissan_patrol
Car 1.00 1.00 0 0 0 1 0 0 0 0 -1000.00 -1000.00 -1000.00 -1000.00 1.5100 1.8730 4.1000 -30.3558 1.9696 -104.9277 0.0152 0.0000 -0.0000 499 nissan_patrol
Car 1.00 1.00 0 0 0 0 0 0 0 0 -1000.00 -1000.00 -1000.00 -1000.00 1.9476 2.0282 4.8347 -30.2676 1.9779 -107.6101 -3.1264 0.0000 -0.0000 500 nissan_patrol
Car 1.00 1.00 20 26 36 161 4 0 0 0 -1000.00 -1000.00 -1000.00 -1000.00 2.1397 2.1728 -4.7017 -24.1782 1.9795 -90.5330 -3.1264 0.0000 -0.0000 501 nissan_patrol
Car 1.00 1.00 9 7 12 55 3 0 0 0 -1000.00 -1000.00 -1000.00 -1000.00 1.9476 2.0282 -4.8347 -24.0673 1.9779 -93.4269 0.0152 0.0000 -0.0000 502 nissan_patrol
Car 1.00 1.00 15 13 18 73 6 0 0 0 -1000.00 -1000.00 -1000.00 -1000.00 1.6244 1.8781 -3.8906 -23.8814 1.9686 -110.4084 -3.1264 0.0000 -0.0000 503 nissan_patrol
Car 1.00 1.00 2 2 5 25 1 0 0 0 -1000.00 -1000.00 -1000.00 -1000.00 1.7506 2.3538 -4.8416 -23.8655 2.0494 -113.0476 -3.1264 0.0000 -0.0000 504 nissan_patrol
Car 1.00 1.00 0 0 0 0 0 0 0 0 -1000.00 -1000.00 -1000.00 -1000.00 1.9476 2.0282 4.8347 22.3042 1.9414 -137.0920 1.5860 0.0000 -0.0000 505 nissan_patrol
Car 1.00 1.00 0 0 0 0 0 0 0 0 -1000.00 -1000.00 -1000.00 -1000.00 1.5475 1.9070 4.4025 46.1264 1.9629 -135.0633 1.5860 0.0000 -0.0000 506 seat_leon
Car 1.00 1.00 0 0 0 0 0 0 0 0 -1000.00 -1000.00 -1000.00 -1000.00 2.5908 2.7453 5.4640 31.6946 1.9999 -136.8858 1.5860 0.0000 -0.0000 507 carlamotors_carlacola
Car 1.00 1.00 0 0 0 0 0 0 0 0 -1000.00 -1000.00 -1000.00 -1000.00 2.5908 2.7453 5.4640 116.0604 2.0212 -145.3610 -1.5556 0.0000 -0.0000 508 carlamotors_carlacola
Car 1.00 1.00 0 0 0 0 0 0 0 0 -1000.00 -1000.00 -1000.00 -1000.00 2.5908 2.7453 5.4640 119.5486 2.0212 -145.3079 -1.5556 0.0000 -0.0000 509 carlamotors_carlacola
Car 1.00 1.00 0 0 0 0 0 0 0 0 -1000.00 -1000.00 -1000.00 -1000.00 2.5908 2.7453 5.4640 113.9942 1.8991 -117.1504 -3.1264 0.0000 -0.0000 510 carlamotors_carlacola
Car 1.00 1.00 0 0 0 0 0 0 0 0 -1000.00 -1000.00 -1000.00 -1000.00 2.5908 2.7453 5.4640 27.3842 1.9999 -136.9514 1.5860 0.0000 -0.0000 511 carlamotors_carlacola
Car 1.00 1.00 0 0 0 0 0 0 0 0 -1000.00 -1000.00 -1000.00 -1000.00 2.2031 2.5091 6.5872 53.8192 2.0111 -26.3733 1.0624 0.0000 -0.0000 512 tesla_cybertruck