Car 1.00 1.00 0 0 0 0 0 0 0 0 -1000.00 -1000.00 -1000.00 -1000.00 1.5542 2.3421 5.1370 -106.8702 2.1326 -275.7928 -0.1596 0.0062 0.0002 0 lincoln2020_mkz2020
Car 1.00 1.00 6655 237332 380746 0 0 0 0 0 -1000.00 -1000.00 -1000.00 -1000.00 2.1397 2.1728 4.7045 -0.0005 2.0932 -2.2389 1.5708 0.0000 0.0000 1 volkswagen_t2
Motorcycle 1.00 1.00 0 0 0 0 0 0 0 0 -1000.00 -1000.00 -1000.00 -1000.00 1.6960 1.0692 2.4735 -89.6358 2.1236 -246.3722 -1.5831 0.0034 0.0000 2 harley_davidson_low_rider
Motorcycle 0.00 1.00 0 0 0 0 0 0 0 0 344.44 361.04 353.51 365.23 1.6960 1.0692 2.4735 -227.3590 2.1235 -251.7330 -0.7503 0.0004 -0.0006 3 harley_davidson_low_rider
Car 1.00 1.00 0 0 0 0 0 0 0 0 -1000.00 -1000.00 -1000.00 -1000.00 1.6320 2.1403 5.2230 125.1621 2.1461 -63.2766 -3.1232 -0.0030 0.0001 4 dodge_charger_police
Car 0.00 1.00 0 0 0 0 0 0 0 0 483.45 361.32 500.67 365.01 1.5542 2.3421 5.1370 -239.1526 2.1344 -203.2506 1.8663 -0.0015 -0.0072 5 lincoln2020_mkz2020
Car 1.00 1.00 0 0 0 0 0 0 0 0 -1000.00 -1000.00 -1000.00 -1000.00 1.4546 2.0938 4.3903 82.6724 -6.3866 124.1401 0.0035 -0.0107 -0.0003 6 audi_tt
Car 1.00 1.00 0 0 0 0 0 0 0 0 -1000.00 -1000.00 -1000.00 -1000.00 1.4477 1.5550 2.3177 -22.4940 2.1412 -163.4108 0.0035 -0.0080 0.0000 7 bmw_isetta
Car 1.00 1.00 0 0 0 0 0 0 0 0 -1000.00 -1000.00 -1000.00 -1000.00 1.7173 2.2591 5.2781 112.7672 -6.7150 120.7414 -0.2812 -0.0185 -0.0063 8 mercedes_benz_coupe
Car 0.99 0.02 404 442 727 8605 0 2 69 0 1899.80 412.52 1918.74 448.00 1.4812 2.1349 5.6254 -10.1686 2.1172 18.5642 0.4636 0.0025 -0.0012 9 chevrolet_impala
Car 1.00 1.00 0 0 0 0 0 0 0 0 -1000.00 -1000.00 -1000.00 -1000.00 1.6115 2.2019 5.2564 133.2730 2.0808 38.6142 -1.5250 -0.0001 0.0006 10 charger2020_charger2020
Car 1.00 1.00 0 0 0 0 0 0 0 0 -1000.00 -1000.00 -1000.00 -1000.00 2.2031 2.5091 6.5872 132.4983 2.0938 -143.6790 -1.5555 0.0042 0.0000 11 tesla_cybertruck
Car 0.00 1.00 0 0 0 0 0 0 0 0 270.74 364.24 320.97 375.03 1.5140 2.1024 4.9073 -80.9261 2.1345 -97.9284 1.5237 0.0001 -0.0000 12 mercedesccc_mercedesccc
Car 1.00 1.00 0 0 0 0 0 0 0 0 -1000.00 -1000.00 -1000.00 -1000.00 1.6980 1.9434 4.1871 153.8147 2.1443 -154.0202 3.1371 -0.0000 0.0000 13 citroen_c3
Car 1.00 1.00 0 0 0 0 0 0 0 0 -1000.00 -1000.00 -1000.00 -1000.00 1.4812 2.1349 5.6254 91.8059 2.1426 -63.8432 -3.1242 -0.0000 0.0000 14 chevrolet_impala
Car 1.00 1.00 0 0 0 0 0 0 0 0 -1000.00 -1000.00 -1000.00 -1000.00 1.6320 2.1403 5.2230 132.3660 2.0931 -135.2681 -1.5472 -0.0034 0.0002 15 dodge_charger_police
Car 1.00 1.00 0 6 7 33 7 0 0 0 -1000.00 -1000.00 -1000.00 -1000.00 1.5863 2.2347 5.1468 -10.6019 2.1295 -166.7650 0.0132 -0.0049 0.0005 16 lincoln_mkz2017
Car 0.00 1.00 0 0 0 0 0 0 0 0 1458.24 361.75 1487.37 369.35 1.7318 2.1344 5.0985 -131.0999 2.1513 118.0314 -0.0050 -0.0000 -0.0001 17 audi_etron
Car 1.00 1.00 0 0 0 1 0 0 0 0 -1000.00 -1000.00 -1000.00 -1000.00 1.7506 2.3538 4.8416 -20.5427 2.1322 -166.9032 0.0137 -0.0007 -0.0000 18 bmw_grandtourer
Car 1.00 1.00 23 19 29 1104 0 0 0 2 -1000.00 -1000.00 -1000.00 -1000.00 1.5765 1.9374 3.8150 65.4803 2.1224 37.7456 -1.5705 0.0001 -0.0000 19 nissan_micra
Motorcycle 1.00 1.00 7 16 25 75 3 0 0 0 -1000.00 -1000.00 -1000.00 -1000.00 1.6960 1.0692 2.4735 -23.3456 2.1242 -76.3749 0.0172 0.0059 -0.0000 20 harley_davidson_low_rider
Car 1.00 1.00 0 0 0 0 0 0 0 0 -1000.00 -1000.00 -1000.00 -1000.00 1.5765 1.9374 3.8150 -78.5048 2.1221 -186.6504 1.5594 0.0001 -0.0000 21 nissan_micra
Car 1.00 1.00 0 0 0 0 0 0 0 0 -1000.00 -1000.00 -1000.00 -1000.00 1.7203 2.2019 5.4994 128.5975 2.1201 -69.5895 0.2154 -0.0040 -0.0020 22 chargercop2020_chargercop2020
Car 1.00 1.00 40 37 66 289 7 0 0 0 -1000.00 -1000.00 -1000.00 -1000.00 1.5475 1.9070 4.4025 -14.5967 2.1221 -72.5687 0.0709 -0.0048 -0.0013 23 seat_leon
Car 1.00 1.00 0 0 0 0 0 0 0 0 -1000.00 -1000.00 -1000.00 -1000.00 1.3660 1.9896 4.9534 -85.7546 2.1335 -205.9329 -1.5630 0.0013 -0.0000 24 mustang_mustang
Cyclist 0.00 0.41 0 1 1 8 0 0 0 0 1207.70 360.95 1220.95 373.86 1.9709 0.6705 1.7250 -86.4260 2.1228 36.9333 -1.5561 0.0050 0.0000 25 diamondback_century
Cyclist 0.00 0.53 6 5 9 37 0 0 0 0 1158.02 363.15 1169.66 377.49 1.7065 0.8593 1.4873 -68.0863 2.0923 22.4120 -3.1401 -0.0000 0.0000 26 bh_crossbike
Car 0.00 1.00 0 0 0 0 0 0 0 0 362.60 360.07 423.58 379.63 2.1397 2.1728 4.7045 -64.0844 2.1485 -66.5987 -3.1230 0.0000 0.0000 27 volkswagen_t2
Car 0.00 1.00 0 0 0 0 0 0 0 0 1492.04 361.02 1529.48 373.41 1.9718 2.0005 4.0595 -90.5356 2.1400 86.6627 -1.5700 -0.0004 -0.0001 28 jeep_wrangler_rubicon
Car 1.00 1.00 17 12 23 140 0 0 0 2 -1000.00 -1000.00 -1000.00 -1000.00 1.5627 2.2716 5.0314 54.2396 2.1404 13.6319 0.0162 0.0000 -0.0000 29 tesla_model3
Car 1.00 1.00 0 0 0 0 0 0 0 0 -1000.00 -1000.00 -1000.00 -1000.00 1.4546 2.0938 4.3903 76.4099 2.1418 -182.3253 1.5792 0.0000 -0.0000 30 audi_tt
Car 1.00 1.00 0 0 0 0 0 0 0 0 -1000.00 -1000.00 -1000.00 -1000.00 1.5488 2.0688 3.9961 138.7052 2.0795 -92.3010 1.5876 0.0000 -0.0000 31 mini_cooperst
Car 1.00 1.00 0 0 0 0 0 0 0 0 -1000.00 -1000.00 -1000.00 -1000.00 1.6011 2.1072 4.7392 73.3979 2.1364 -3.6643 1.5950 -0.0000 -0.0000 32 toyota_prius
Car 0.00 1.00 0 0 0 0 0 0 0 0 764.14 360.03 783.37 367.71 2.1397 2.1728 4.7045 -156.7259 2.1487 -54.5363 -1.5227 0.0000 0.0000 33 volkswagen_t2
Car 0.00 1.00 0 0 0 0 0 0 0 0 1611.72 363.53 1660.27 374.50 1.6011 2.1072 4.7392 -83.8512 2.1370 98.7228 1.5858 -0.0006 -0.0000 34 toyota_prius
Car 1.00 1.00 0 0 0 0 0 0 0 0 -1000.00 -1000.00 -1000.00 -1000.00 1.3660 1.9896 4.9534 77.2352 2.1342 -17.5478 1.5744 -0.0000 -0.0000 35 mustang_mustang
Car 1.00 1.00 0 0 0 0 0 0 0 0 -1000.00 -1000.00 -1000.00 -1000.00 1.6011 2.1072 4.7392 147.8866 2.1364 21.9820 -3.1088 -0.0000 -0.0000 36 toyota_prius
Car 1.00 1.00 9 8 11 47 12 0 0 0 -1000.00 -1000.00 -1000.00 -1000.00 1.7506 2.3538 4.8416 -1.8145 2.0765 -91.7182 1.5920 0.0000 -0.0000 37 bmw_grandtourer
Car 1.00 1.00 0 0 0 0 0 0 0 0 -1000.00 -1000.00 -1000.00 -1000.00 2.2031 2.5091 6.5872 139.1838 2.1265 -158.0205 3.1090 0.0002 0.0030 38 tesla_cybertruck
Motorcycle 1.00 1.00 0 0 0 0 0 0 0 0 -1000.00 -1000.00 -1000.00 -1000.00 1.6387 1.2138 2.3199 137.2365 2.0900 2.7235 1.5854 -0.0000 0.0000 39 yamaha_yzf
Car 0.00 1.00 0 0 0 0 0 0 0 0 280.51 361.26 332.70 375.64 1.9476 2.0282 4.8347 -77.3439 2.1238 -92.1524 1.5597 -0.0004 0.0000 40 nissan_patrol
Car 1.00 1.00 0 4 6 21 4 0 0 0 -1000.00 -1000.00 -1000.00 -1000.00 1.6115 2.2019 5.2564 -1.5392 2.0807 -98.1079 1.6386 -0.0001 0.0006 41 charger2020_charger2020
Car 1.00 1.00 0 0 0 0 0 0 0 0 -1000.00 -1000.00 -1000.00 -1000.00 1.6115 2.2019 5.2564 99.9113 2.1359 -164.0554 -0.2207 -0.0017 0.0004 42 charger2020_charger2020
Motorcycle 1.00 1.00 0 0 0 0 0 0 0 0 -1000.00 -1000.00 -1000.00 -1000.00 1.6649 1.0692 2.4735 97.1451 2.0681 81.3835 3.1088 0.0033 -0.0160 43 harley_davidson_low_rider
Car 1.00 1.00 0 0 0 0 0 0 0 0 -1000.00 -1000.00 -1000.00 -1000.00 1.5542 2.3421 5.1370 -98.3107 2.1340 -274.1236 0.6396 0.0000 0.0000 44 lincoln2020_mkz2020
Motorcycle 1.00 1.00 0 0 0 0 0 0 0 0 -1000.00 -1000.00 -1000.00 -1000.00 1.6960 1.0692 2.4735 77.0885 2.1239 -12.2824 1.5874 0.0029 0.0000 45 harley_davidson_low_rider
Cyclist 1.00 1.00 0 0 0 0 0 0 0 0 -1000.00 -1000.00 -1000.00 -1000.00 1.9310 0.5921 1.9272 56.6880 2.1137 -162.3494 0.0139 -0.0030 -0.0000 46 gazelle_omafiets
Car 1.00 1.00 2890 3142 5045 208364 0 0 1648 0 -1000.00 -1000.00 -1000.00 -1000.00 1.7318 2.1344 5.0985 0.0226 2.0957 4.2206 1.5672 -0.0000 -0.0000 47 audi_etron
Car 1.00 1.00 0 0 0 0 0 0 0 0 -1000.00 -1000.00 -1000.00 -1000.00 1.9476 2.0282 4.8347 130.4145 2.0684 3.5510 -1.4582 -0.0002 -0.0037 48 nissan_patrol
Car 0.00 0.69 55 60 97 5269 0 5 10 0 1372.20 371.99 1526.44 418.58 1.7203 2.2019 5.4994 -22.0551 2.1390 16.0482 0.0559 -0.0005 0.0006 49 chargercop2020_chargercop2020
Car 0.00 1.00 0 0 0 0 0 0 0 0 671.42 361.82 687.88 367.78 1.6244 1.8781 3.8906 -154.4352 2.1330 -79.8094 1.9351 -0.0006 -0.0011 50 audi_a2
Car 1.00 1.00 0 0 0 0 0 0 0 0 -1000.00 -1000.00 -1000.00 -1000.00 1.5863 2.2347 5.1468 -36.0228 2.1365 -165.1729 -0.2782 -0.0000 -0.0000 51 lincoln_mkz2017
Cyclist 0.00 0.39 3 2 2 34 0 0 0 0 1146.39 360.90 1158.63 373.34 1.9709 0.6705 1.7250 -89.9321 2.1229 28.6230 -1.6517 0.0072 0.0016 52 diamondback_century
Cyclist 1.00 1.00 6 7 6 33 0 0 0 0 -1000.00 -1000.00 -1000.00 -1000.00 1.9311 0.5921 1.9272 -25.5015 2.1140 -72.9127 0.0182 -0.0025 0.0000 53 gazelle_omafiets
Car 1.00 1.00 0 0 0 0 0 0 0 0 -1000.00 -1000.00 -1000.00 -1000.00 1.7173 2.2591 5.2781 142.0839 2.0956 -84.5900 1.5864 -0.0071 -0.0002 54 mercedes_benz_coupe
Car 1.00 1.00 0 0 0 0 0 0 0 0 -1000.00 -1000.00 -1000.00 -1000.00 1.5542 2.3421 5.1370 60.8342 2.0788 -212.7511 0.1076 0.0003 -0.0005 55 lincoln2020_mkz2020
Car 1.00 1.00 0 0 0 0 0 0 0 0 -1000.00 -1000.00 -1000.00 -1000.00 1.7506 2.3538 4.8416 20.3895 2.1318 -159.2990 3.1295 -0.0000 -0.0000 56 bmw_grandtourer
Car 1.00 1.00 0 0 0 0 0 0 0 0 -1000.00 -1000.00 -1000.00 -1000.00 1.4546 2.0938 4.3903 75.6671 2.1420 -93.3887 1.5790 0.0000 -0.0000 57 audi_tt
Car 0.00 1.00 0 0 0 0 0 0 0 0 312.13 362.85 366.18 375.28 1.7173 2.2591 5.2781 -80.8491 2.1513 -91.5836 1.5609 -0.0071 -0.0002 58 mercedes_benz_coupe
Car 1.00 1.00 0 0 0 0 0 0 0 0 -1000.00 -1000.00 -1000.00 -1000.00 1.5542 2.3421 5.1370 50.1633 2.1351 -75.0898 0.0168 -0.0043 -0.0000 59 lincoln2020_mkz2020
Car 1.00 1.00 0 0 0 0 0 0 0 0 -1000.00 -1000.00 -1000.00 -1000.00 2.1397 2.1728 4.7045 82.5697 2.0998 72.5007 0.3752 -0.0137 -0.0243 60 volkswagen_t2
Car 1.00 1.00 0 0 0 1 0 0 0 0 -1000.00 -1000.00 -1000.00 -1000.00 1.7506 2.3538 4.8416 134.5554 2.0767 30.7020 -1.4850 0.0000 0.0001 61 bmw_grandtourer
Car 1.00 1.00 0 0 0 0 0 0 0 0 -1000.00 -1000.00 -1000.00 -1000.00 1.6320 2.1403 5.2230 96.5525 2.0933 -205.9409 -3.1406 -0.0043 0.0000 62 dodge_charger_police
Car 1.00 1.00 4 2 2 2 0 0 0 0 -1000.00 -1000.00 -1000.00 -1000.00 1.6980 1.9434 4.1871 2.0172 2.0891 -107.5599 1.5916 -0.0000 0.0000 63 citroen_c3
Car 1.00 1.00 0 0 0 0 0 0 0 0 -1000.00 -1000.00 -1000.00 -1000.00 1.4812 2.1349 5.6254 49.9119 2.1428 -162.4376 0.0144 -0.0006 -0.0000 64 chevrolet_impala
Car 0.00 0.00 439 497 788 38316 0 65 87 0 1365.00 378.00 1551.50 436.00 1.6115 2.2019 5.2564 -17.7284 2.1329 12.4066 -0.0092 -0.0036 0.0032 65 charger2020_charger2020
Car 1.00 1.00 0 0 0 0 0 0 0 0 -1000.00 -1000.00 -1000.00 -1000.00 1.3660 1.9896 4.9534 117.1937 2.1343 14.5289 -0.0926 -0.0000 -0.0000 66 mustang_mustang
Motorcycle 1.00 1.00 0 0 0 0 0 0 0 0 -1000.00 -1000.00 -1000.00 -1000.00 1.5852 1.1236 2.1350 77.0046 2.0998 -8.0056 1.5944 -0.0000 -0.0000 67 kawasaki_ninja
Car 0.00 1.00 0 0 0 0 0 0 0 0 914.49 361.45 925.37 365.61 1.5488 2.0688 3.9961 -209.1764 2.0966 -17.2774 -1.5390 -0.0000 -0.0000 68 mini_cooperst
Car 0.00 1.00 0 0 0 0 0 0 0 0 703.16 362.04 725.09 367.66 1.5542 2.3421 5.1370 -156.8787 2.1336 -71.3482 -1.5192 -0.0001 -0.0003 69 lincoln2020_mkz2020
Car 1.00 1.00 42 51 88 344 64 0 0 0 -1000.00 -1000.00 -1000.00 -1000.00 1.9718 2.0005 4.0595 -2.6778 2.1090 -65.4781 -3.1275 -0.0006 0.0000 70 jeep_wrangler_rubicon
Car 1.00 1.00 0 0 0 0 0 0 0 0 -1000.00 -1000.00 -1000.00 -1000.00 1.7506 2.3538 4.8416 -78.3709 2.1318 -180.7635 1.5592 0.0001 -0.0000 71 bmw_grandtourer
Car 1.00 1.00 0 0 0 0 0 0 0 0 -1000.00 -1000.00 -1000.00 -1000.00 2.2031 2.5091 6.5872 135.9617 2.0955 -141.3017 -1.5552 0.0000 -0.0000 72 tesla_cybertruck
Car 0.00 1.00 0 0 0 0 0 0 0 0 952.65 363.58 980.73 375.38 1.6244 1.8781 3.8906 -78.8546 2.1335 -1.3241 1.5864 -0.0005 -0.0011 73 audi_a2
Car 1.00 1.00 0 0 0 0 0 0 0 0 -1000.00 -1000.00 -1000.00 -1000.00 1.7203 2.2019 5.4994 72.5838 2.1389 -144.8563 -1.5393 0.0065 0.0010 74 chargercop2020_chargercop2020
Car 0.00 1.00 0 0 0 0 0 0 0 0 924.05 363.41 960.21 374.94 1.6320 2.1403 5.2230 -82.2920 2.1492 -4.8372 1.5861 -0.0043 0.0000 75 dodge_charger_police
Car 0.00 0.35 134 147 256 1607 0 22 0 0 1257.65 374.94 1356.88 411.00 1.5140 2.1024 4.9073 -24.8604 2.1346 12.4512 0.0407 0.0000 -0.0000 76 mercedesccc_mercedesccc
Car 1.00 1.00 0 0 0 0 0 0 0 0 -1000.00 -1000.00 -1000.00 -1000.00 1.6244 1.8781 3.8906 36.6890 2.0742 -212.7440 -0.0962 0.0059 0.0104 77 audi_a2
Car 0.00 1.00 0 0 0 0 0 0 0 0 193.82 365.28 268.07 383.79 1.6244 1.8781 3.8906 -52.6777 2.1333 -70.0375 -3.0918 -0.0005 -0.0011 78 audi_a2
Car 1.00 1.00 0 2 3 14 2 0 0 0 -1000.00 -1000.00 -1000.00 -1000.00 1.7203 2.2019 5.4994 9.8172 2.1330 -159.4905 -3.0721 -0.0038 0.0013 79 chargercop2020_chargercop2020
Car 0.00 1.00 0 0 0 0 0 0 0 0 760.30 359.75 779.45 367.74 2.1397 2.1728 4.7045 -160.2813 2.1385 -56.8797 -1.5529 0.0304 -0.0003 80 volkswagen_t2
Car 1.00 1.00 0 0 0 0 0 0 0 0 -1000.00 -1000.00 -1000.00 -1000.00 1.3660 1.9896 4.9534 62.7311 2.1339 -166.0613 -0.1084 0.0001 -0.0001 81 mustang_mustang
Car 1.00 1.00 1 0 4 24 1 0 0 0 -1000.00 -1000.00 -1000.00 -1000.00 1.7203 2.2019 5.4994 1.9210 2.0833 -95.0061 1.6250 -0.0001 0.0007 82 chargercop2020_chargercop2020
Car 0.00 0.96 0 0 1 10 0 0 0 0 1644.12 363.50 1687.71 375.12 1.6244 1.8781 3.8906 -80.3620 2.1344 98.7587 1.5857 -0.0025 -0.0011 83 audi_a2
Car 1.00 1.00 0 0 0 0 0 0 0 0 -1000.00 -1000.00 -1000.00 -1000.00 1.6244 1.8781 3.8906 79.1068 2.1332 -86.5748 1.5799 -0.0005 -0.0011 84 audi_a2
Car 1.00 1.00 0 0 0 0 0 0 0 0 -1000.00 -1000.00 -1000.00 -1000.00 1.3660 1.9896 4.9534 159.7709 2.1339 -153.9404 3.1163 -0.0000 -0.0000 85 mustang_mustang
Car 1.00 1.00 0 0 0 0 0 0 0 0 -1000.00 -1000.00 -1000.00 -1000.00 1.6244 1.8781 3.8906 -86.1492 2.1334 -249.4529 -1.5788 -0.0013 -0.0005 86 audi_a2
Car 0.00 1.00 0 0 0 0 0 0 0 0 719.75 360.46 731.67 366.83 1.9718 2.0005 4.0595 -175.5868 2.1220 -76.0061 -0.0103 0.0024 -0.0003 87 jeep_wrangler_rubicon
Car 1.00 1.00 0 0 0 0 0 0 0 0 -1000.00 -1000.00 -1000.00 -1000.00 1.9718 2.0005 4.0595 -84.5309 2.1393 -260.8070 -1.2688 -0.0005 0.0022 88 jeep_wrangler_rubicon
Car 0.00 1.00 0 0 0 0 0 0 0 0 649.32 361.76 663.24 364.93 1.3660 1.9896 4.9534 -242.1196 2.1342 -134.3365 1.5822 -0.0001 -0.0001 89 mustang_mustang
Motorcycle 1.00 1.00 0 0 0 0 0 0 0 0 -1000.00 -1000.00 -1000.00 -1000.00 1.6649 1.0692 2.4735 140.0309 2.0681 48.4802 1.5943 0.0033 -0.0009 90 harley_davidson_low_rider
Car 0.00 1.00 0 0 0 0 0 0 0 0 1707.88 363.72 1746.55 374.41 1.5475 1.9070 4.4025 -85.1487 2.1358 114.1816 1.8077 -0.0011 0.0053 91 seat_leon
Motorcycle 1.00 1.00 0 0 0 0 0 0 0 0 -1000.00 -1000.00 -1000.00 -1000.00 1.6387 1.2138 2.3199 137.3473 2.0900 -10.9533 1.5765 0.0018 0.0000 92 yamaha_yzf
Cyclist 0.00 1.00 0 0 0 0 0 0 0 0 1428.58 361.09 1444.75 373.00 1.9311 0.5921 1.9272 -91.4830 2.1134 75.5428 -1.8356 -0.0041 -0.0006 93 gazelle_omafiets
Car 0.00 1.00 0 0 0 0 0 0 0 0 695.80 362.24 711.32 367.97 1.5140 2.1024 4.9073 -151.9774 2.1342 -72.0431 -3.1054 -0.0000 -0.0000 94 mercedesccc_mercedesccc
Car 1.00 1.00 0 0 0 0 0 0 0 0 -1000.00 -1000.00 -1000.00 -1000.00 1.4546 2.0938 4.3903 63.0076 2.1025 -204.5780 -2.6297 -0.0064 -0.0007 95 audi_tt
Car 0.00 1.00 0 0 0 0 0 0 0 0 233.66 360.06 287.89 375.83 2.1397 2.1728 4.7045 -77.3716 2.1485 -98.4897 1.5772 0.0000 -0.0000 96 volkswagen_t2
Car 0.00 1.00 0 0 0 0 0 0 0 0 1226.20 363.97 1265.00 374.02 1.5140 2.1024 4.9073 -86.5125 2.1347 41.7699 -1.5555 0.0000 -0.0000 97 mercedesccc_mercedesccc
Car 1.00 1.00 0 0 0 0 0 0 0 0 -1000.00 -1000.00 -1000.00 -1000.00 1.4812 2.1349 5.6254 140.7697 2.0873 0.8577 1.5864 0.0000 -0.0000 98 chevrolet_impala
Car 1.00 1.00 0 0 0 0 0 0 0 0 -1000.00 -1000.00 -1000.00 -1000.00 1.5765 1.9374 3.8150 75.2502 2.1233 61.8753 1.5946 -0.0021 -0.0000 99 nissan_micra
Motorcycle 1.00 1.00 0 0 0 0 0 0 0 0 -1000.00 -1000.00 -1000.00 -1000.00 1.5853 1.1236 2.1350 75.6261 2.0997 -88.4987 1.5786 -0.0000 -0.0000 100 kawasaki_ninja
Car 0.00 1.00 0 0 0 0 0 0 0 0 557.86 360.30 571.98 364.76 1.9476 2.0282 4.8347 -253.6728 2.1243 -182.3246 -1.4601 -0.0022 0.0187 101 nissan_patrol
Car 0.00 1.00 0 0 0 0 0 0 0 0 907.62 360.06 941.96 375.54 2.1397 2.1728 4.7045 -78.7875 2.1487 -7.1448 1.5841 0.0000 -0.0000 102 volkswagen_t2
Car 0.00 1.00 0 0 0 0 0 0 0 0 1347.29 364.04 1378.02 372.32 1.3660 1.9896 4.9534 -98.3655 2.1005 68.3955 -0.0536 0.0029 -0.0018 103 mustang_mustang
Car 1.00 1.00 1 0 0 100 0 0 0 1 -1000.00 -1000.00 -1000.00 -1000.00 1.5627 2.2716 5.0314 51.8288 2.1406 17.1039 0.0135 -0.0006 -0.0000 104 tesla_model3
Car 1.00 1.00 0 0 0 0 0 0 0 0 -1000.00 -1000.00 -1000.00 -1000.00 1.5542 2.3421 5.1370 129.4477 2.1119 -66.7149 -3.1231 -0.0004 0.0006 105 lincoln2020_mkz2020
Car 1.00 1.00 0 0 0 0 0 0 0 0 -1000.00 -1000.00 -1000.00 -1000.00 1.5627 2.2716 5.0314 70.0852 2.1400 -112.2587 -1.7800 -0.0004 0.0000 106 tesla_model3
Car 0.00 1.00 0 0 0 0 0 0 0 0 607.65 363.42 639.34 373.61 1.5765 1.9374 3.8150 -88.4902 2.1224 -55.3079 -1.5423 0.0000 -0.0000 107 nissan_micra
Cyclist 0.00 1.00 0 0 0 0 0 0 0 0 342.12 361.60 366.09 379.19 1.9311 0.5921 1.9272 -63.1042 2.1139 -70.0682 -3.1244 -0.0041 -0.0000 108 gazelle_omafiets
Cyclist 1.00 1.00 0 0 0 0 0 0 0 0 -1000.00 -1000.00 -1000.00 -1000.00 1.9311 0.5921 1.9272 33.1602 -7.3937 -275.2165 0.0167 -0.0683 -0.0001 109 gazelle_omafiets
Car 1.00 1.00 850 970 1546 17882 0 0 202 0 -1000.00 -1000.00 -1000.00 -1000.00 1.4546 2.0938 4.3903 -4.8480 2.0977 12.3966 -2.1615 -0.0029 0.0031 110 audi_tt
Car 0.00 1.00 0 0 0 0 0 0 0 0 267.57 361.63 341.87 381.40 1.9476 2.0282 4.8347 -58.4819 2.1238 -69.9946 -3.1240 -0.0004 0.0000 111 nissan_patrol
Car 1.00 1.00 0 0 0 0 0 0 0 0 -1000.00 -1000.00 -1000.00 -1000.00 1.4546 2.0938 4.3903 -1.6907 2.0866 -104.2218 1.6056 0.0000 0.0000 112 audi_tt
Car 1.00 1.00 0 0 0 0 0 0 0 0 -1000.00 -1000.00 -1000.00 -1000.00 1.7506 2.3538 4.8416 53.4072 2.0762 -216.7742 0.0319 0.0000 -0.0000 113 bmw_grandtourer
Car 1.00 1.00 12 18 37 130 10 0 0 0 -1000.00 -1000.00 -1000.00 -1000.00 1.9718 2.0005 4.0595 -13.8621 2.1246 -76.6666 -0.1971 -0.0099 0.0017 114 jeep_wrangler_rubicon
Motorcycle 1.00 1.00 0 0 0 0 0 0 0 0 -1000.00 -1000.00 -1000.00 -1000.00 1.6387 1.2138 2.3199 138.6305 2.0899 -87.6029 1.5864 -0.0000 0.0000 115 yamaha_yzf
Car 1.00 1.00 0 7 10 42 25 0 0 0 -1000.00 -1000.00 -1000.00 -1000.00 1.7203 2.2019 5.4994 1.1360 2.1279 -159.8232 -0.7624 -0.0055 0.0011 116 chargercop2020_chargercop2020
Car 1.00 1.00 0 0 0 0 0 0 0 0 -1000.00 -1000.00 -1000.00 -1000.00 1.6980 1.9434 4.1871 130.7305 2.1069 -57.7109 -1.7252 0.0105 -0.0021 117 citroen_c3
Car 1.00 1.00 0 0 0 0 0 0 0 0 -1000.00 -1000.00 -1000.00 -1000.00 1.5542 2.3421 5.1370 175.3290 -7.8658 -65.8674 -1.5621 -0.0013 0.0021 118 lincoln2020_mkz2020
Car 1.00 1.00 27 27 49 369 0 0 0 10 -1000.00 -1000.00 -1000.00 -1000.00 2.5908 2.7453 5.4640 65.9072 2.1716 16.2224 -1.5469 -0.0145 -0.0000 119 carlamotors_carlacola
Car 1.00 1.00 0 0 0 0 0 0 0 0 -1000.00 -1000.00 -1000.00 -1000.00 1.5765 1.9374 3.8150 75.6399 2.1222 -99.1715 1.5789 0.0000 -0.0000 120 nissan_micra
Car 1.00 1.00 0 0 0 0 0 0 0 0 -1000.00 -1000.00 -1000.00 -1000.00 1.4477 1.5550 2.3177 172.1646 -7.7968 21.7357 -1.5643 -0.0140 -0.0013 121 bmw_isetta
Car 1.00 1.00 0 0 0 0 0 0 0 0 -1000.00 -1000.00 -1000.00 -1000.00 1.7173 2.2591 5.2781 140.9253 2.0957 -20.0019 1.5464 -0.0069 -0.0002 122 mercedes_benz_coupe
Car 0.00 0.29 46 47 73 331 0 12 0 0 1161.83 363.65 1201.52 380.10 1.7173 2.2591 5.2781 -63.2062 2.1515 22.5373 -3.1255 -0.0071 -0.0002 123 mercedes_benz_coupe
Car 1.00 1.00 0 0 0 0 0 0 0 0 -1000.00 -1000.00 -1000.00 -1000.00 1.5765 1.9374 3.8150 137.0785 2.1132 -152.8648 -1.2985 -0.0029 -0.0008 124 nissan_micra
Car 1.00 1.00 63 67 117 505 0 0 0 10 -1000.00 -1000.00 -1000.00 -1000.00 1.6115 2.2019 5.2564 44.5595 2.1363 16.9111 0.0600 0.0008 0.0007 125 charger2020_charger2020
Car 1.00 1.00 1 1 3 61 0 0 0 1 -1000.00 -1000.00 -1000.00 -1000.00 1.9476 2.0282 4.8347 89.1064 2.1239 17.3713 -0.0372 -0.0004 0.0022 126 nissan_patrol
Car 1.00 1.00 0 0 0 0 0 0 0 0 -1000.00 -1000.00 -1000.00 -1000.00 1.5140 2.1024 4.9073 -96.0964 2.1341 -258.4005 -2.6819 -0.0007 -0.0075 127 mercedesccc_mercedesccc
Car 1.00 1.00 0 0 0 0 0 0 0 0 -1000.00 -1000.00 -1000.00 -1000.00 1.7173 2.2591 5.2781 -85.5544 2.1500 -192.8257 -1.5803 -0.0034 -0.0002 128 mercedes_benz_coupe
Car 1.00 1.00 35 28 43 170 21 0 0 0 -1000.00 -1000.00 -1000.00 -1000.00 1.4812 2.1349 5.6254 -5.9858 2.1133 -69.3267 -1.5266 -0.0001 0.0006 129 chevrolet_impala
Car 0.00 1.00 0 0 0 0 0 0 0 0 513.17 360.01 528.22 364.91 2.1397 2.1728 4.7045 -244.7220 2.1484 -195.3691 1.8267 -0.0003 -0.0027 130 volkswagen_t2
Car 1.00 1.00 0 0 0 0 0 0 0 0 -1000.00 -1000.00 -1000.00 -1000.00 1.6244 1.8781 3.8906 57.2001 2.1330 -74.9467 0.0178 -0.0001 -0.0011 131 audi_a2
Car 0.00 0.26 37 47 68 301 0 7 0 0 1122.37 361.43 1152.80 378.64 1.9476 2.0282 4.8347 -66.6298 2.1240 18.7106 -3.1359 -0.0003 -0.0000 132 nissan_patrol
Car 1.00 1.00 3 4 6 45 1 0 0 0 -1000.00 -1000.00 -1000.00 -1000.00 1.9476 2.0282 4.8347 -31.1568 2.1241 -73.0049 0.0193 -0.0014 -0.0000 133 nissan_patrol
Car 1.00 1.00 0 0 0 0 0 0 0 0 -1000.00 -1000.00 -1000.00 -1000.00 1.9476 2.0282 4.8347 138.5540 -7.8864 -257.7322 0.5118 -0.0004 0.0036 134 nissan_patrol
Car 0.70 0.00 8116 21841 34896 254544 0 2289 0 0 0.00 432.23 1115.57 718.90 1.7506 2.3538 4.8416 -3.4684 2.0767 -3.9271 1.5734 0.0000 -0.0000 135 bmw_grandtourer
Car 1.00 1.00 0 0 0 0 0 0 0 0 -1000.00 -1000.00 -1000.00 -1000.00 1.9476 2.0282 4.8347 15.5612 2.1236 -155.8714 -3.1280 -0.0003 -0.0000 136 nissan_patrol
Car 1.00 1.00 0 0 0 0 0 0 0 0 -1000.00 -1000.00 -1000.00 -1000.00 1.7203 2.2019 5.4994 58.7575 2.1387 -71.5546 0.0557 -0.0002 0.0016 137 chargercop2020_chargercop2020
Car 1.00 1.00 22 27 35 294 10 0 0 0 -1000.00 -1000.00 -1000.00 -1000.00 2.5908 2.7453 5.4640 17.4049 2.1595 -68.6435 -3.1239 -0.0000 -0.0000 138 carlamotors_carlacola
Car 1.00 1.00 0 0 0 0 0 0 0 0 -1000.00 -1000.00 -1000.00 -1000.00 1.5863 2.2347 5.1468 126.1210 2.1054 18.1532 0.0136 -0.0125 -0.0000 139 lincoln_mkz2017
Car 1.00 1.00 0 0 0 0 0 0 0 0 -1000.00 -1000.00 -1000.00 -1000.00 1.9718 2.0005 4.0595 217.7406 2.1395 -5.1203 1.6112 -0.0006 0.0000 140 jeep_wrangler_rubicon
Car 1.00 1.00 0 0 0 0 0 0 0 0 -1000.00 -1000.00 -1000.00 -1000.00 1.6011 2.1072 4.7392 73.0158 2.1361 -194.9992 -1.5625 -0.0001 -0.0000 141 toyota_prius
Car 1.00 1.00 0 0 0 0 0 0 0 0 -1000.00 -1000.00 -1000.00 -1000.00 1.7318 2.1344 5.0985 134.5775 2.0958 -51.6458 -1.5548 -0.0016 -0.0000 142 audi_etron
Car 0.00 1.00 0 0 0 0 0 0 0 0 497.79 359.65 554.69 374.46 2.2031 2.5091 6.5872 -84.8273 2.1513 -67.7481 -1.5505 0.0000 -0.0000 143 tesla_cybertruck
Car 1.00 1.00 0 0 0 0 0 0 0 0 -1000.00 -1000.00 -1000.00 -1000.00 1.5765 1.9374 3.8150 72.8388 2.1210 -168.2102 -1.5629 0.0028 -0.0000 144 nissan_micra
Car 1.00 1.00 0 0 0 1 0 0 0 0 -1000.00 -1000.00 -1000.00 -1000.00 1.4546 2.0938 4.3903 1.8963 2.0866 -101.8727 1.5909 0.0000 -0.0000 145 audi_tt
Car 0.00 1.00 0 0 0 0 0 0 0 0 184.34 362.15 219.99 367.52 1.4812 2.1349 5.6254 -158.9523 2.1043 -218.0793 -0.1847 -0.0007 0.0005 146 chevrolet_impala
Car 0.00 0.98 0 0 0 18 0 0 0 0 1755.21 359.25 1848.14 376.95 2.2031 2.5091 6.5872 -76.4125 2.1516 111.9196 0.7511 0.0001 -0.0161 147 tesla_cybertruck
Car 0.00 1.00 0 0 0 0 0 0 0 0 300.29 361.58 364.32 381.65 1.9718 2.0005 4.0595 -57.8696 2.1397 -66.4875 -3.1240 -0.0004 -0.0001 148 jeep_wrangler_rubicon
Car 0.00 1.00 0 0 0 0 0 0 0 0 481.06 364.82 523.35 373.75 1.3660 1.9896 4.9534 -88.1871 2.1344 -74.1845 -1.5452 -0.0004 0.0000 149 mustang_mustang
Car 1.00 1.00 0 0 0 0 0 0 0 0 -1000.00 -1000.00 -1000.00 -1000.00 1.3660 1.9896 4.9534 69.3033 2.1340 -169.6470 -1.5574 0.0000 -0.0000 150 mustang_mustang
Car 0.00 1.00 0 0 0 0 0 0 0 0 877.49 357.01 917.17 375.00 2.5908 2.7453 5.4640 -82.2796 2.1597 -11.3793 1.5503 0.0000 -0.0000 151 carlamotors_carlacola
Car 1.00 1.00 0 0 0 0 0 0 0 0 -1000.00 -1000.00 -1000.00 -1000.00 1.5863 2.2347 5.1468 130.0926 2.0813 31.8591 -1.5886 0.0000 -0.0000 152 lincoln_mkz2017
Car 1.00 1.00 0 0 0 0 0 0 0 0 -1000.00 -1000.00 -1000.00 -1000.00 1.7506 2.3538 4.8416 -144.9400 2.1318 -278.6206 0.0063 -0.0004 0.0012 153 bmw_grandtourer
Cyclist 1.00 1.00 0 0 0 0 0 0 0 0 -1000.00 -1000.00 -1000.00 -1000.00 1.9709 0.6705 1.7250 79.8699 2.1222 -177.5111 1.5784 0.0047 0.0000 154 diamondback_century
Cyclist 0.00 1.00 0 0 0 0 0 0 0 0 700.58 360.62 705.64 367.39 1.9311 0.5921 1.9272 -160.6229 2.1131 -76.1999 0.0219 -0.0041 0.0001 155 gazelle_omafiets
Motorcycle 1.00 1.00 0 0 0 0 0 0 0 0 -1000.00 -1000.00 -1000.00 -1000.00 1.6960 1.0692 2.4735 184.3020 2.1234 -160.5047 0.0459 0.0032 -0.0076 156 harley_davidson_low_rider
Car 0.00 1.00 0 0 0 1 0 0 0 0 1541.26 359.92 1588.51 374.81 2.1397 2.1728 4.7045 -83.7145 2.1538 87.9590 1.5874 -0.0113 -0.0002 157 volkswagen_t2
Car 0.00 1.00 0 0 0 0 0 0 0 0 601.91 361.33 614.00 364.87 1.5488 2.0688 3.9961 -245.0793 2.1350 -157.2363 1.6001 -0.0001 -0.0002 158 mini_cooperst
Cyclist 1.00 1.00 0 0 0 0 0 0 0 0 -1000.00 -1000.00 -1000.00 -1000.00 1.9311 0.5921 1.9272 42.4594 2.1137 -162.5565 -0.0022 -0.0028 -0.0000 159 gazelle_omafiets
Car 1.00 1.00 18 12 20 69 2 0 0 0 -1000.00 -1000.00 -1000.00 -1000.00 1.4812 2.1349 5.6254 -8.8609 2.0878 -85.7906 -1.5373 -0.0013 -0.0002 160 chevrolet_impala
Car 1.00 1.00 0 0 0 0 0 0 0 0 -1000.00 -1000.00 -1000.00 -1000.00 1.7173 2.2591 5.2781 177.5363 -7.8531 -230.9307 0.9673 -0.0071 0.0022 161 mercedes_benz_coupe
Car 0.00 1.00 0 0 0 0 0 0 0 0 626.61 360.62 646.20 368.06 1.9718 2.0005 4.0595 -149.2341 2.1398 -88.7457 1.6007 -0.0004 -0.0001 162 jeep_wrangler_rubicon
Car 1.00 1.00 0 0 0 0 0 0 0 0 -1000.00 -1000.00 -1000.00 -1000.00 1.7506 2.3538 4.8416 69.4730 2.1107 72.7505 1.9864 0.0055 -0.0042 163 bmw_grandtourer
Car 1.00 1.00 0 0 0 0 0 0 0 0 -1000.00 -1000.00 -1000.00 -1000.00 1.6115 2.2019 5.2564 137.2803 2.0807 -2.1841 1.6110 -0.0001 0.0006 164 charger2020_charger2020
Car 1.00 1.00 0 0 0 0 0 0 0 0 -1000.00 -1000.00 -1000.00 -1000.00 1.6244 1.8781 3.8906 73.5182 2.1333 -9.5582 1.5915 -0.0005 -0.0011 165 audi_a2
Car 1.00 1.00 0 0 0 0 0 0 0 0 -1000.00 -1000.00 -1000.00 -1000.00 1.5475 1.9070 4.4025 180.5095 -7.8650 -124.2132 -1.5347 -0.0002 0.0000 166 seat_leon
Car 0.00 1.00 0 0 0 0 0 0 0 0 1563.23 362.62 1593.82 370.76 1.5765 1.9374 3.8150 -112.5961 2.1205 122.1986 -0.0284 0.0055 -0.0015 167 nissan_micra
Car 0.00 1.00 0 0 0 0 0 0 0 0 1451.63 363.36 1496.76 373.41 1.5863 2.2347 5.1468 -90.5359 2.1369 80.7435 -1.5991 -0.0001 0.0001 168 lincoln_mkz2017
Car 1.00 1.00 0 5 8 28 5 0 0 0 -1000.00 -1000.00 -1000.00 -1000.00 1.7506 2.3538 4.8416 -12.7991 2.1285 -163.1195 0.0677 -0.0035 -0.0007 169 bmw_grandtourer
Car 1.00 1.00 0 0 0 0 0 0 0 0 -1000.00 -1000.00 -1000.00 -1000.00 1.4812 2.1349 5.6254 50.1560 2.1436 -71.5762 0.0176 -0.0016 -0.0000 170 chevrolet_impala
Car 1.00 1.00 0 0 0 0 0 0 0 0 -1000.00 -1000.00 -1000.00 -1000.00 1.4812 2.1349 5.6254 154.8997 2.1424 -157.6123 3.0952 0.0000 -0.0000 171 chevrolet_impala
Car 1.00 1.00 0 0 0 0 0 0 0 0 -1000.00 -1000.00 -1000.00 -1000.00 1.6011 2.1072 4.7392 139.0824 2.1089 -64.8234 -0.8299 -0.0013 0.0034 172 toyota_prius
Car 1.00 1.00 0 2 2 7 11 0 0 0 -1000.00 -1000.00 -1000.00 -1000.00 1.6115 2.2019 5.2564 -1.6891 2.1132 -166.1353 -2.2069 0.0006 0.0042 173 charger2020_charger2020
Car 0.00 1.00 0 0 0 0 0 0 0 0 526.57 363.69 563.78 373.72 1.5475 1.9070 4.4025 -88.3328 2.1355 -67.5436 -1.5481 0.0000 -0.0000 174 seat_leon
Car 1.00 1.00 0 0 0 0 0 0 0 0 -1000.00 -1000.00 -1000.00 -1000.00 2.5908 2.7453 5.4640 -82.0923 2.1593 -184.8229 1.5728 0.0000 0.0000 175 carlamotors_carlacola
Car 1.00 1.00 0 0 0 0 0 0 0 0 -1000.00 -1000.00 -1000.00 -1000.00 1.4812 2.1349 5.6254 119.3961 2.1424 -161.2833 0.0289 0.0000 0.0000 176 chevrolet_impala
Car 1.00 1.00 0 0 0 0 0 0 0 0 -1000.00 -1000.00 -1000.00 -1000.00 1.9718 2.0005 4.0595 183.8739 -7.8629 -212.1626 1.1635 -0.0009 0.0040 177 jeep_wrangler_rubicon
Car 0.50 1.00 0 0 0 0 0 0 0 0 0.00 362.91 24.91 374.31 1.6980 1.9434 4.1871 -85.0761 2.1445 -147.7278 -1.5834 0.0000 0.0000 178 citroen_c3
Car 1.00 1.00 14 17 20 97 26 0 0 0 -1000.00 -1000.00 -1000.00 -1000.00 1.5488 2.0688 3.9961 1.6287 2.0796 -88.9907 1.5917 0.0000 -0.0000 179 mini_cooperst
Motorcycle 1.00 1.00 0 0 0 0 0 0 0 0 -1000.00 -1000.00 -1000.00 -1000.00 1.6960 1.0692 2.4735 79.2447 2.1238 -102.1153 1.5772 0.0030 0.0000 180 harley_davidson_low_rider
Car 1.00 1.00 0 0 0 0 0 0 0 0 -1000.00 -1000.00 -1000.00 -1000.00 1.4477 1.5550 2.3177 214.3350 2.1414 -4.4559 -1.4887 -0.0061 -0.0035 181 bmw_isetta
Cyclist 1.00 1.00 0 0 0 0 0 0 0 0 -1000.00 -1000.00 -1000.00 -1000.00 1.7065 0.8593 1.4873 79.2174 2.0920 -91.3081 1.5897 0.0000 -0.0000 182 bh_crossbike
Car 1.00 1.00 0 0 0 0 0 0 0 0 -1000.00 -1000.00 -1000.00 -1000.00 1.6011 2.1072 4.7392 192.8155 -7.8642 -161.2224 1.5896 -0.0000 0.0004 183 toyota_prius
Car 1.00 1.00 0 0 0 0 0 0 0 0 -1000.00 -1000.00 -1000.00 -1000.00 1.5488 2.0688 3.9961 -81.8472 2.1350 -178.7688 1.5591 -0.0000 -0.0000 184 mini_cooperst
Car 1.00 1.00 0 0 0 0 0 0 0 0 -1000.00 -1000.00 -1000.00 -1000.00 1.6980 1.9434 4.1871 -89.1404 2.1446 -198.9658 -1.5837 -0.0005 0.0000 185 citroen_c3
Car 1.00 1.00 0 0 0 0 0 0 0 0 -1000.00 -1000.00 -1000.00 -1000.00 1.5765 1.9374 3.8150 168.8661 2.1228 -163.7898 0.0003 -0.0026 -0.0004 186 nissan_micra
Car 1.00 1.00 0 0 0 0 0 0 0 0 -1000.00 -1000.00 -1000.00 -1000.00 1.7506 2.3538 4.8416 79.1924 2.1319 -96.4741 1.5791 0.0000 -0.0000 187 bmw_grandtourer
Car 1.00 1.00 0 0 0 0 0 0 0 0 -1000.00 -1000.00 -1000.00 -1000.00 1.5488 2.0688 3.9961 53.1835 2.1349 -165.8913 0.0139 -0.0000 -0.0000 188 mini_cooperst
Car 0.00 1.00 0 0 0 0 0 0 0 0 464.38 363.84 502.87 374.33 1.5488 2.0688 3.9961 -84.6808 2.1352 -74.0949 -1.5432 -0.0000 -0.0000 189 mini_cooperst
Car 1.00 1.00 0 0 0 0 0 0 0 0 -1000.00 -1000.00 -1000.00 -1000.00 1.6011 2.1072 4.7392 207.2679 2.1359 -141.0238 -2.1414 -0.0000 -0.0021 190 toyota_prius
Car 1.00 1.00 0 0 0 0 0 0 0 0 -1000.00 -1000.00 -1000.00 -1000.00 1.3660 1.9896 4.9534 76.8685 2.1343 -2.4006 1.5950 0.0000 -0.0000 191 mustang_mustang
Car 0.00 1.00 0 0 0 0 0 0 0 0 299.22 360.44 318.47 365.45 1.9476 2.0282 4.8347 -219.3268 2.1235 -258.6746 -0.6637 0.0001 0.0003 192 nissan_patrol
Pedestrian 0.00 1.00 0 0 0 0 0 0 0 0 511.09 360.08 513.36 364.16 1.9158 0.4880 0.7316 -261.3350 1.9514 -212.5317 -1.1405 0.0000 -0.0000 193 pedestrian_0019
Pedestrian 0.00 1.00 0 0 0 0 0 0 0 0 100.58 362.94 104.29 367.28 1.1330 0.4333 0.3849 -145.9960 1.9022 -226.5291 -0.1591 0.0000 -0.0000 194 pedestrian_0010
Pedestrian 1.00 1.00 0 0 0 0 0 0 0 0 -1000.00 -1000.00 -1000.00 -1000.00 1.9158 0.4880 0.7507 79.4486 2.1023 -172.3564 -3.1255 0.0000 -0.0000 195 pedestrian_0005
Pedestrian 1.00 1.00 0 0 0 0 0 0 0 0 -1000.00 -1000.00 -1000.00 -1000.00 1.9158 0.4880 0.5863 127.4357 1.8945 -118.1680 1.5200 0.0000 -0.0000 196 pedestrian_0003
Pedestrian 1.00 1.00 0 1 1 1 0 0 0 0 -1000.00 -1000.00 -1000.00 -1000.00 1.9158 0.4880 0.7507 163.2194 -7.9113 39.6964 1.6614 0.0000 -0.0000 197 pedestrian_0021
Pedestrian 0.00 1.00 0 0 0 0 0 0 0 0 1055.24 360.07 1056.62 364.02 1.9158 0.4880 0.6508 -270.4870 1.9506 44.3966 -1.7220 0.0000 -0.0000 198 pedestrian_0003
Pedestrian 0.00 1.00 0 0 0 0 0 0 0 0 304.69 360.09 306.59 364.86 1.9158 0.4880 0.4806 -224.1977 1.9519 -265.7086 -0.7289 0.0000 -0.0000 199 pedestrian_0004
Pedestrian 1.00 1.00 3 1 4 0 0 0 0 0 -1000.00 -1000.00 -1000.00 -1000.00 1.9158 0.4880 0.7507 54.0524 1.9503 29.9052 -2.7881 0.0000 -0.0000 200 pedestrian_0022
Pedestrian 1.00 1.00 0 0 0 0 0 0 0 0 -1000.00 -1000.00 -1000.00 -1000.00 1.3390 0.3253 0.4771 -75.4383 1.9415 -231.5466 -1.5953 0.0000 -0.0000 201 pedestrian_0014
Pedestrian 1.00 1.00 0 0 0 0 0 0 0 0 -1000.00 -1000.00 -1000.00 -1000.00 1.9158 0.4880 0.4671 56.4070 1.9482 -13.4444 -1.1214 0.0000 -0.0000 202 pedestrian_0022
Pedestrian 1.00 1.00 0 0 0 3 0 0 0 0 -1000.00 -1000.00 -1000.00 -1000.00 1.9158 0.4880 0.5608 -24.9807 1.9501 -61.9536 -3.1011 0.0000 -0.0000 203 pedestrian_0023
Pedestrian 1.00 1.00 0 0 0 0 0 0 0 0 -1000.00 -1000.00 -1000.00 -1000.00 1.3390 0.3253 0.5005 29.0249 1.9416 -151.3325 -0.0979 0.0000 -0.0000 204 pedestrian_0012
Pedestrian 0.00 1.00 0 0 0 0 0 0 0 0 195.04 360.28 205.68 374.99 1.9158 0.4880 0.7507 -73.4960 1.9530 -101.5505 1.5213 0.0000 -0.0000 205 pedestrian_0019
Pedestrian 0.00 1.00 1 1 2 2 0 0 0 0 1155.49 361.24 1160.88 374.09 1.9158 0.4880 0.6917 -84.1058 2.1028 27.4621 -2.9833 0.0000 -0.0000 206 pedestrian_0005
Pedestrian 1.00 1.00 0 0 0 0 0 0 0 0 -1000.00 -1000.00 -1000.00 -1000.00 1.9158 0.4880 0.7507 146.8986 1.8945 -122.0796 -1.5548 0.0000 -0.0000 207 pedestrian_0026
Pedestrian 1.00 1.00 0 0 0 0 0 0 0 0 -1000.00 -1000.00 -1000.00 -1000.00 1.9158 0.4880 0.7507 3.6693 2.0574 -150.5499 0.0001 0.0000 -0.0000 208 pedestrian_0015
Pedestrian 1.00 1.00 0 0 0 0 0 0 0 0 -1000.00 -1000.00 -1000.00 -1000.00 1.3390 0.3253 0.3368 -68.0389 1.9422 143.1825 0.0146 0.0000 -0.0000 209 pedestrian_0014
Pedestrian 1.00 1.00 0 0 0 0 0 0 0 0 -1000.00 -1000.00 -1000.00 -1000.00 1.9158 0.4880 0.6772 -39.1965 1.6430 144.3555 3.0470 0.0000 -0.0000 210 pedestrian_0016
Pedestrian 0.00 0.03 10 18 23 1041 4 2 0 0 128.70 384.55 168.30 438.45 1.3390 0.3253 0.5005 -14.5848 1.8867 -22.0435 -1.5541 0.0000 -0.0000 211 pedestrian_0012
Pedestrian 1.00 1.00 0 0 0 0 0 0 0 0 -1000.00 -1000.00 -1000.00 -1000.00 1.1330 0.4333 0.6498 61.0700 1.9400 -19.3815 1.6675 0.0000 -0.0000 212 pedestrian_0009
Pedestrian 1.00 1.00 0 0 0 0 0 0 0 0 -1000.00 -1000.00 -1000.00 -1000.00 1.1330 0.4333 0.6644 145.4057 1.8856 -28.2199 -1.5281 0.0000 -0.0000 213 pedestrian_0010
Pedestrian 0.00 1.00 0 0 0 0 0 0 0 0 747.35 360.08 749.26 364.02 1.9158 0.4880 0.7507 -270.4995 1.9528 -105.1604 1.5916 0.0000 -0.0000 214 pedestrian_0021
Pedestrian 0.00 1.00 0 0 0 0 0 0 0 0 412.43 360.15 426.27 381.70 1.9158 0.4880 0.7507 -50.6566 1.9293 -50.6397 -1.2394 0.0000 -0.0000 215 pedestrian_0018
Pedestrian 0.00 1.00 0 0 0 0 0 0 0 0 515.43 360.08 517.22 364.14 1.9158 0.4880 0.4786 -262.6085 1.9525 -211.6253 -1.4150 0.0000 -0.0000 216 pedestrian_0020
Pedestrian 1.00 1.00 0 0 0 0 0 0 0 0 -1000.00 -1000.00 -1000.00 -1000.00 1.9158 0.4880 0.7507 125.7250 1.8946 -30.5779 1.5771 0.0000 -0.0000 217 pedestrian_0017
Pedestrian 1.00 1.00 0 0 0 0 0 0 0 0 -1000.00 -1000.00 -1000.00 -1000.00 1.9158 0.4880 0.7507 -94.5289 2.0675 -216.5330 -1.6175 0.0000 -0.0000 218 pedestrian_0007
Pedestrian 0.00 1.00 0 0 0 0 0 0 0 0 911.46 363.31 914.06 367.99 1.1330 0.4333 0.5346 -136.0768 1.9415 -13.7499 0.5614 0.0000 -0.0000 219 pedestrian_0010
Pedestrian 1.00 1.00 0 0 0 475 0 0 0 0 -1000.00 -1000.00 -1000.00 -1000.00 1.9158 0.4880 0.5100 33.7673 1.9503 27.7080 -3.0856 0.0000 -0.0000 220 pedestrian_0023
Pedestrian 1.00 1.00 0 0 0 0 0 0 0 0 -1000.00 -1000.00 -1000.00 -1000.00 1.9158 0.4880 0.4786 50.8363 1.8943 -220.7464 -3.1255 0.0000 -0.0000 221 pedestrian_0024
Pedestrian 0.00 1.00 0 0 0 0 0 0 0 0 541.65 362.18 543.66 365.40 1.1330 0.4333 0.3774 -196.7784 1.9055 -149.6311 -1.6122 0.0000 -0.0000 222 pedestrian_0011
Pedestrian 0.00 1.00 0 0 0 0 0 0 0 0 861.38 360.07 862.79 364.00 1.9158 0.4880 0.5702 -271.7115 1.9504 -50.0566 1.4845 0.0000 -0.0000 223 pedestrian_0016
Pedestrian 1.00 1.00 0 0 0 0 0 0 0 0 -1000.00 -1000.00 -1000.00 -1000.00 1.9158 0.4880 0.6760 130.8817 -8.0623 -276.7041 0.2983 0.0000 -0.0000 224 pedestrian_0017
Pedestrian 1.00 1.00 0 0 0 0 0 0 0 0 -1000.00 -1000.00 -1000.00 -1000.00 1.9158 0.4880 0.7507 165.8773 -8.0501 -112.4859 -1.5629 0.0000 -0.0000 225 pedestrian_0001
Pedestrian 0.00 1.00 0 0 0 0 0 0 0 0 528.31 359.99 530.85 365.02 1.9158 0.4880 0.7507 -212.6833 1.9115 -166.6000 2.2029 0.0000 -0.0000 226 pedestrian_0003
Pedestrian 0.00 1.00 0 0 0 0 0 0 0 0 183.04 360.18 190.97 370.11 1.9158 0.4880 0.7507 -108.3877 1.9501 -151.9575 -0.0778 0.0000 -0.0000 227 pedestrian_0007
Pedestrian 1.00 1.00 0 0 0 0 0 0 0 0 -1000.00 -1000.00 -1000.00 -1000.00 1.1330 0.4333 0.6667 126.9633 1.8836 -114.7314 -1.6562 0.0000 -0.0000 228 pedestrian_0010
Pedestrian 0.00 1.00 0 0 0 0 0 0 0 0 1003.48 369.43 1010.99 383.07 1.1330 0.4333 0.4617 -47.8294 1.9343 1.7475 0.7893 0.0000 -0.0000 229 pedestrian_0010
Pedestrian 1.00 1.00 0 0 0 0 0 0 0 0 -1000.00 -1000.00 -1000.00 -1000.00 1.3390 0.3253 0.4364 59.9458 1.9404 -53.5922 -1.2251 0.0000 -0.0000 230 pedestrian_0013
Pedestrian 1.00 1.00 0 0 0 0 0 0 0 0 -1000.00 -1000.00 -1000.00 -1000.00 1.3390 0.3253 0.4582 145.4995 1.8861 -50.0257 1.5975 0.0000 -0.0000 231 pedestrian_0013
Pedestrian 1.00 1.00 0 1 0 0 0 0 0 0 -1000.00 -1000.00 -1000.00 -1000.00 1.9158 0.4880 0.7507 12.3241 1.8944 -211.7411 2.6353 0.0000 -0.0000 232 pedestrian_0020
Pedestrian 1.00 1.00 0 0 0 0 0 0 0 0 -1000.00 -1000.00 -1000.00 -1000.00 1.9158 0.4880 0.5731 145.3623 1.9304 29.2004 -0.8224 0.0000 -0.0000 233 pedestrian_0021
Pedestrian 0.00 1.00 0 0 0 0 0 0 0 0 815.76 361.98 817.39 364.92 1.1330 0.4333 0.4562 -215.2392 1.9004 -57.6700 -1.8091 0.0000 -0.0000 234 pedestrian_0009
Pedestrian 1.00 1.00 0 0 0 0 0 0 0 0 -1000.00 -1000.00 -1000.00 -1000.00 1.9158 0.4880 0.5026 225.5845 1.9500 -42.2531 -1.6140 0.0000 -0.0000 235 pedestrian_0006
Pedestrian 0.00 1.00 0 0 0 0 0 0 0 0 686.67 363.55 689.84 368.57 1.1330 0.4333 0.5656 -126.8910 1.9417 -63.9451 3.1145 0.0000 -0.0000 236 pedestrian_0009
Pedestrian 1.00 1.00 1 2 2 5 0 0 0 0 -1000.00 -1000.00 -1000.00 -1000.00 1.9158 0.4880 0.3754 -17.6977 1.9512 -79.5718 0.0670 0.0000 -0.0000 237 pedestrian_0026
Pedestrian 0.00 0.06 10 14 17 961 0 1 1 0 1727.35 361.67 1759.12 412.85 1.9158 0.4880 0.5775 -21.7436 1.9510 27.0191 -3.1053 0.0000 -0.0000 238 pedestrian_0021
Pedestrian 1.00 1.00 144 149 275 13164 0 0 36 0 -1000.00 -1000.00 -1000.00 -1000.00 1.3390 0.3253 0.2502 3.8257 1.8874 4.0942 1.6553 0.0000 -0.0000 239 pedestrian_0012
Pedestrian 1.00 1.00 0 0 0 0 0 0 0 0 -1000.00 -1000.00 -1000.00 -1000.00 1.9158 0.4880 0.7507 -124.9209 1.9501 -288.6313 3.0829 0.0000 -0.0000 240 pedestrian_0020
Pedestrian 1.00 1.00 0 0 0 0 0 0 0 0 -1000.00 -1000.00 -1000.00 -1000.00 1.1330 0.4333 0.5063 201.8042 -8.0598 -126.8460 -1.5705 0.0000 -0.0000 241 pedestrian_0011
Pedestrian 1.00 1.00 0 0 0 0 0 0 0 0 -1000.00 -1000.00 -1000.00 -1000.00 1.9158 0.4880 0.7102 -65.8974 1.9500 -171.2439 -3.0781 0.0000 -0.0000 242 pedestrian_0002
Pedestrian 1.00 1.00 0 0 0 0 0 0 0 0 -1000.00 -1000.00 -1000.00 -1000.00 1.3390 0.3253 0.3810 110.1874 2.0819 -60.9640 3.0323 0.0000 -0.0000 243 pedestrian_0014
Pedestrian 1.00 1.00 0 1 1 5 1 0 0 0 -1000.00 -1000.00 -1000.00 -1000.00 1.9158 0.4880 0.7507 7.2900 1.8972 -125.1085 -1.5852 0.0000 -0.0000 244 pedestrian_0006
Pedestrian 1.00 1.00 0 0 0 0 0 0 0 0 -1000.00 -1000.00 -1000.00 -1000.00 1.9158 0.4880 0.6421 202.7147 -8.0502 -127.5850 -1.5008 0.0000 -0.0000 245 pedestrian_0020
Pedestrian 1.00 1.00 0 0 0 0 0 0 0 0 -1000.00 -1000.00 -1000.00 -1000.00 1.9158 0.4880 0.7507 58.2170 1.9500 -79.1881 0.1749 0.0000 -0.0000 246 pedestrian_0022
Pedestrian 1.00 1.00 0 0 0 0 1 0 0 0 -1000.00 -1000.00 -1000.00 -1000.00 1.9158 0.4880 0.7179 -20.7220 1.9500 -170.9180 -0.0510 0.0000 -0.0000 247 pedestrian_0002
Pedestrian 1.00 1.00 0 0 0 0 0 0 0 0 -1000.00 -1000.00 -1000.00 -1000.00 1.9158 0.4880 0.5522 145.8429 1.8941 -85.8296 -1.7512 0.0000 -0.0000 248 pedestrian_0022
Pedestrian 0.00 1.00 0 0 0 0 0 0 0 0 1403.34 360.00 1408.95 370.61 1.9158 0.4880 0.6819 -101.5487 1.9167 78.6656 3.0807 0.0000 -0.0000 249 pedestrian_0006
Pedestrian 1.00 1.00 0 0 0 0 0 0 0 0 -1000.00 -1000.00 -1000.00 -1000.00 1.9158 0.4880 0.4878 57.2971 1.9499 -171.2087 -3.0418 0.0000 -0.0000 250 pedestrian_0019
Pedestrian 0.00 1.00 0 0 0 0 0 0 0 0 932.38 360.21 937.15 371.72 1.9158 0.4880 0.7507 -93.5031 1.9503 -6.4493 1.5217 0.0000 -0.0000 251 pedestrian_0018
Pedestrian 0.00 1.00 0 0 0 0 0 0 0 0 870.55 360.07 872.23 363.98 1.9158 0.4880 0.7507 -272.8337 1.9504 -45.6922 1.5753 0.0000 -0.0000 252 pedestrian_0007
Pedestrian 1.00 1.00 0 0 0 0 0 0 0 0 -1000.00 -1000.00 -1000.00 -1000.00 1.9158 0.4880 0.6573 61.6787 2.1025 -76.2010 1.5091 0.0000 -0.0000 253 pedestrian_0008
Pedestrian 0.00 1.00 0 0 0 0 0 0 0 0 1085.04 360.07 1086.26 364.07 1.9158 0.4880 0.4992 -267.1687 1.9506 58.0917 -1.9492 0.0000 -0.0000 254 pedestrian_0022
Pedestrian 0.00 1.00 0 0 0 0 0 0 0 0 1675.35 360.17 1681.55 369.60 1.9158 0.4880 0.5976 -113.9595 1.9506 144.1356 0.0046 0.0000 -0.0000 255 pedestrian_0024
Pedestrian 1.00 1.00 0 0 0 0 0 0 0 0 -1000.00 -1000.00 -1000.00 -1000.00 1.1330 0.4333 0.5136 150.2048 1.9394 -58.7896 3.1298 0.0000 -0.0000 256 pedestrian_0011
Pedestrian 1.00 1.00 0 0 0 0 0 0 0 0 -1000.00 -1000.00 -1000.00 -1000.00 1.9158 0.4880 0.7507 -77.9123 2.1024 -152.3706 0.1547 0.0000 -0.0000 257 pedestrian_0006
Pedestrian 1.00 1.00 0 0 0 0 0 0 0 0 -1000.00 -1000.00 -1000.00 -1000.00 1.9158 0.4880 0.7017 144.6483 1.8943 -193.8154 -1.8226 0.0000 -0.0000 258 pedestrian_0005
Pedestrian 1.00 1.00 1 4 9 31 2 0 0 0 -1000.00 -1000.00 -1000.00 -1000.00 1.9158 0.4880 0.7507 -10.4292 2.0708 -78.0424 -2.3941 0.0000 -0.0000 259 pedestrian_0003
Pedestrian 1.00 1.00 0 0 0 0 0 0 0 0 -1000.00 -1000.00 -1000.00 -1000.00 1.9158 0.4880 0.7455 164.7560 -8.0500 -42.4553 1.5542 0.0000 -0.0000 260 pedestrian_0001
Pedestrian 1.00 1.00 0 0 0 0 0 0 0 0 -1000.00 -1000.00 -1000.00 -1000.00 1.3390 0.3253 0.5005 73.5883 1.8859 -219.3601 -3.1379 0.0000 -0.0000 261 pedestrian_0014
Pedestrian 0.00 1.00 0 0 0 0 0 0 0 0 398.17 361.49 407.72 376.95 1.9158 0.4880 0.7507 -70.0774 2.1026 -71.6301 1.4245 0.0000 -0.0000 262 pedestrian_0020
Pedestrian 0.00 1.00 0 0 0 0 0 0 0 0 882.86 360.40 884.78 365.61 1.9158 0.4880 0.6221 -205.5366 2.0642 -30.3479 0.5689 0.0000 -0.0000 263 pedestrian_0025
Pedestrian 1.00 1.00 0 0 0 0 0 0 0 0 -1000.00 -1000.00 -1000.00 -1000.00 1.9158 0.4880 0.7507 58.5611 1.9501 -37.5891 1.5382 0.0000 -0.0000 264 pedestrian_0026
Pedestrian 0.00 1.00 0 0 0 0 0 0 0 0 362.37 360.08 364.68 364.61 1.9158 0.4880 0.6465 -235.8465 1.9500 -254.9364 2.4339 0.0000 -0.0000 265 pedestrian_0025
Pedestrian 1.00 1.00 0 0 0 0 0 0 0 0 -1000.00 -1000.00 -1000.00 -1000.00 1.3390 0.3253 0.3114 15.8532 1.8874 -190.3116 2.4491 0.0000 -0.0000 266 pedestrian_0013
Pedestrian 1.00 1.00 0 0 0 0 0 0 0 0 -1000.00 -1000.00 -1000.00 -1000.00 1.9158 0.4880 0.3829 87.1606 1.9499 -172.9487 -1.9633 0.0000 -0.0000 267 pedestrian_0015
Pedestrian 1.00 1.00 0 0 0 0 0 0 0 0 -1000.00 -1000.00 -1000.00 -1000.00 1.9158 0.4880 0.3772 125.6745 1.8944 -144.9917 -1.8656 0.0000 -0.0000 268 pedestrian_0021
Pedestrian 1.00 1.00 0 0 0 0 0 0 0 0 -1000.00 -1000.00 -1000.00 -1000.00 1.1330 0.4333 0.4206 -79.6763 1.9394 143.6356 -2.9569 0.0000 -0.0000 269 pedestrian_0010
Pedestrian 0.00 0.04 92 104 163 849 0 25 0 0 826.64 358.98 854.98 445.95 1.9158 0.4880 0.4992 -13.5421 1.8959 -4.9229 1.5600 0.0000 -0.0000 270 pedestrian_0023
Pedestrian 0.00 1.00 0 0 0 1 0 0 0 0 1177.14 364.76 1180.58 375.39 1.3390 0.3253 0.2502 -71.1227 1.9420 25.4354 -3.0308 0.0000 -0.0000 271 pedestrian_0013
Pedestrian 1.00 1.00 0 0 0 0 0 0 0 0 -1000.00 -1000.00 -1000.00 -1000.00 1.9158 0.4880 0.5711 -151.5436 1.9511 -288.5534 -0.0959 0.0000 -0.0000 272 pedestrian_0016
Pedestrian 0.00 1.00 0 0 0 0 0 0 0 0 923.77 364.50 927.55 374.57 1.3390 0.3253 0.5005 -75.0965 1.9419 -6.8277 -1.5198 0.0000 -0.0000 273 pedestrian_0014
Pedestrian 1.00 1.00 0 0 0 0 0 0 0 0 -1000.00 -1000.00 -1000.00 -1000.00 1.9158 0.4880 0.5488 -69.9937 1.9665 -170.2374 0.2822 0.0000 -0.0000 274 pedestrian_0019
Pedestrian 1.00 1.00 0 0 0 0 0 0 0 0 -1000.00 -1000.00 -1000.00 -1000.00 1.3390 0.3253 0.4641 -66.6772 1.9416 -170.3902 -2.9550 0.0000 -0.0000 275 pedestrian_0013
Pedestrian 1.00 1.00 0 0 0 0 0 0 0 0 -1000.00 -1000.00 -1000.00 -1000.00 1.9158 0.4880 0.7507 -70.3147 1.9500 -171.0704 -3.1136 0.0000 -0.0000 276 pedestrian_0023
Pedestrian 1.00 1.00 0 0 0 0 0 0 0 0 -1000.00 -1000.00 -1000.00 -1000.00 1.1330 0.4333 0.3792 146.3228 1.8831 -83.3416 -1.5402 0.0000 -0.0000 277 pedestrian_0011
Pedestrian 1.00 1.00 0 0 0 0 0 0 0 0 -1000.00 -1000.00 -1000.00 -1000.00 1.3390 0.3253 0.2720 122.5341 2.0936 -65.3044 2.5702 0.0000 -0.0000 278 pedestrian_0012
Pedestrian 1.00 1.00 0 0 0 0 0 0 0 0 -1000.00 -1000.00 -1000.00 -1000.00 1.9158 0.4880 0.5529 32.8718 -7.5596 -249.5985 0.0161 0.0000 -0.0000 279 pedestrian_0015
Pedestrian 1.00 1.00 0 0 0 0 0 0 0 0 -1000.00 -1000.00 -1000.00 -1000.00 1.9158 0.4880 0.3867 126.4621 1.8948 33.3869 -0.7084 0.0000 -0.0000 280 pedestrian_0017
Pedestrian 1.00 1.00 0 0 0 0 0 0 0 0 -1000.00 -1000.00 -1000.00 -1000.00 1.9158 0.4880 0.7507 201.9401 -8.0484 -77.5982 1.5931 0.0000 -0.0000 281 pedestrian_0005
Pedestrian 1.00 1.00 0 0 0 0 0 0 0 0 -1000.00 -1000.00 -1000.00 -1000.00 1.1330 0.4333 0.3613 77.8880 2.0858 -201.1170 -1.9462 0.0000 -0.0000 282 pedestrian_0009
Pedestrian 0.00 1.00 0 0 0 0 0 0 0 0 600.12 364.84 604.94 371.70 1.1330 0.4333 0.5170 -93.1555 1.9389 -61.6533 1.4969 0.0000 -0.0000 283 pedestrian_0009
Pedestrian 1.00 1.00 0 0 0 0 0 0 0 0 -1000.00 -1000.00 -1000.00 -1000.00 1.1330 0.4333 0.4160 208.2397 1.9385 -102.9473 1.5503 0.0000 -0.0000 284 pedestrian_0009
Pedestrian 0.00 1.00 0 0 0 0 0 0 0 0 776.97 360.40 778.95 365.60 1.9158 0.4880 0.7507 -205.8278 2.0641 -69.5031 0.6328 0.0000 -0.0000 285 pedestrian_0024
Pedestrian 1.00 1.00 0 0 0 0 0 0 0 0 -1000.00 -1000.00 -1000.00 -1000.00 1.9158 0.4880 0.4096 125.8363 1.9735 -168.3581 -1.6435 0.0000 -0.0000 286 pedestrian_0023
Pedestrian 0.00 1.00 0 0 0 0 0 0 0 0 1420.92 360.01 1424.69 371.19 1.9158 0.4880 0.7278 -96.4281 1.9176 77.4133 2.4324 0.0000 -0.0000 287 pedestrian_0015
Pedestrian 1.00 1.00 0 0 0 0 0 0 0 0 -1000.00 -1000.00 -1000.00 -1000.00 1.9158 0.4880 0.7507 93.1489 -8.0687 -248.4565 0.0747 0.0000 -0.0000 288 pedestrian_0025
Pedestrian 1.00 1.00 0 0 0 0 0 0 0 0 -1000.00 -1000.00 -1000.00 -1000.00 1.1330 0.4333 0.4903 153.6108 -7.2798 124.0525 -0.6264 0.0000 -0.0000 289 pedestrian_0009
Pedestrian 1.00 1.00 0 0 0 0 0 0 0 0 -1000.00 -1000.00 -1000.00 -1000.00 1.9158 0.4880 0.6119 -73.1287 2.1019 -156.5989 -1.5247 0.0000 -0.0000 290 pedestrian_0019
Pedestrian 0.00 1.00 0 0 0 0 0 0 0 0 1406.61 360.01 1410.37 370.74 1.9158 0.4880 0.4438 -100.3170 1.9169 78.0969 -2.4295 0.0000 -0.0000 291 pedestrian_0007
Pedestrian 0.00 1.00 0 0 0 0 0 0 0 0 981.69 360.07 983.32 363.98 1.9158 0.4880 0.7507 -272.7967 1.9505 8.7946 1.6321 0.0000 -0.0000 292 pedestrian_0021
Pedestrian 1.00 1.00 0 0 0 0 0 0 0 0 -1000.00 -1000.00 -1000.00 -1000.00 1.3390 0.3253 0.3881 54.2309 1.9392 -12.8051 -1.7356 0.0000 -0.0000 293 pedestrian_0014
Pedestrian 1.00 1.00 0 0 0 0 0 0 0 0 -1000.00 -1000.00 -1000.00 -1000.00 1.9158 0.4880 0.7475 105.5946 -6.7921 143.9791 -0.2059 0.0000 -0.0000 294 pedestrian_0002
Pedestrian 1.00 1.00 0 0 0 0 0 0 0 0 -1000.00 -1000.00 -1000.00 -1000.00 1.9158 0.4880 0.6146 81.5360 2.1026 7.5859 -0.2383 0.0000 -0.0000 295 pedestrian_0026
Pedestrian 1.00 1.00 0 0 0 0 0 0 0 0 -1000.00 -1000.00 -1000.00 -1000.00 1.9158 0.4880 0.7301 17.2556 1.9501 -78.8860 -0.0098 0.0000 -0.0000 296 pedestrian_0020
Pedestrian 1.00 1.00 0 0 0 0 0 0 0 0 -1000.00 -1000.00 -1000.00 -1000.00 1.9158 0.4880 0.7291 62.5621 1.9500 -123.6734 -1.5885 0.0000 -0.0000 297 pedestrian_0016
Pedestrian 0.00 1.00 0 0 0 0 0 0 0 0 1558.42 360.20 1566.17 371.64 1.9158 0.4880 0.7507 -94.1569 1.9497 98.9510 1.4912 0.0000 -0.0000 298 pedestrian_0024
Pedestrian 1.00 1.00 0 0 0 0 0 0 0 0 -1000.00 -1000.00 -1000.00 -1000.00 1.9158 0.4880 0.6736 142.1681 -7.4419 85.8387 -0.7703 0.0000 -0.0000 299 pedestrian_0001
Pedestrian 1.00 1.00 0 0 0 0 0 0 0 0 -1000.00 -1000.00 -1000.00 -1000.00 1.9158 0.4880 0.7275 -91.5204 1.9976 -174.0421 -2.7929 0.0000 -0.0000 300 pedestrian_0025
Pedestrian 0.00 1.00 0 0 0 0 0 0 0 0 469.43 360.22 474.84 371.57 1.9158 0.4880 0.4919 -94.8902 1.9528 -84.8519 2.9473 0.0000 -0.0000 301 pedestrian_0016
Pedestrian 0.00 1.00 0 0 0 0 0 0 0 0 412.00 360.31 421.00 377.61 1.9158 0.4880 0.5235 -62.6846 1.9508 -62.6915 -3.1322 0.0000 -0.0000 302 pedestrian_0006
Pedestrian 1.00 1.00 10 10 12 173 0 0 9 0 -1000.00 -1000.00 -1000.00 -1000.00 1.3390 0.3253 0.4000 0.5456 2.0389 28.1485 -3.1363 0.0000 -0.0000 303 pedestrian_0012
Pedestrian 1.00 1.00 0 0 0 0 0 0 0 0 -1000.00 -1000.00 -1000.00 -1000.00 1.9158 0.4880 0.7507 -92.3739 1.9499 -287.7853 -0.0183 0.0000 -0.0000 304 pedestrian_0024
Pedestrian 0.00 1.00 0 0 0 0 0 0 0 0 1375.24 361.78 1376.76 365.76 1.3390 0.3253 0.3507 -188.2046 1.9423 138.2418 2.7817 0.0000 -0.0000 305 pedestrian_0013
Pedestrian 0.00 1.00 0 0 0 0 0 0 0 0 985.41 361.65 986.55 363.97 1.1330 0.4333 0.5387 -272.1341 1.9408 10.4676 -1.5662 0.0000 -0.0000 306 pedestrian_0011
Pedestrian 1.00 1.00 0 0 0 0 0 0 0 0 -1000.00 -1000.00 -1000.00 -1000.00 1.9158 0.4880 0.6959 -50.7113 1.9500 -170.3083 0.0289 0.0000 -0.0000 307 pedestrian_0024
Pedestrian 0.00 1.00 0 0 0 0 0 0 0 0 967.94 360.07 968.92 363.96 1.9158 0.4880 0.3957 -274.4135 1.9505 1.9191 -1.7857 0.0000 -0.0000 308 pedestrian_0004
Pedestrian 1.00 1.00 0 0 0 0 0 0 0 0 -1000.00 -1000.00 -1000.00 -1000.00 1.9158 0.4880 0.5159 81.6044 2.1026 8.2919 -0.2410 0.0000 -0.0000 309 pedestrian_0019
Pedestrian 1.00 1.00 0 0 0 0 0 0 0 0 -1000.00 -1000.00 -1000.00 -1000.00 1.3390 0.3253 0.5005 208.1758 1.9425 -53.0298 -1.8935 0.0000 -0.0000 310 pedestrian_0012
Pedestrian 1.00 1.00 0 0 0 0 0 0 0 0 -1000.00 -1000.00 -1000.00 -1000.00 1.9158 0.4880 0.5522 83.0728 2.1023 -170.3130 3.0663 0.0000 -0.0000 311 pedestrian_0022
Pedestrian 1.00 1.00 0 0 0 0 0 0 0 0 -1000.00 -1000.00 -1000.00 -1000.00 1.9158 0.4880 0.7507 147.6560 2.0748 -166.3651 1.4934 0.0000 -0.0000 312 pedestrian_0018
Pedestrian 0.00 0.50 5 3 6 22 0 1 0 0 1097.77 361.42 1103.69 376.08 1.9158 0.4880 0.6680 -73.7886 2.1028 16.2311 1.5293 0.0000 -0.0000 313 pedestrian_0022
Pedestrian 1.00 1.00 0 0 0 0 0 0 0 0 -1000.00 -1000.00 -1000.00 -1000.00 1.9158 0.4880 0.3809 33.8410 1.9499 -151.8257 -2.7525 0.0000 -0.0000 314 pedestrian_0005
Pedestrian 1.00 1.00 0 0 0 0 0 0 0 0 -1000.00 -1000.00 -1000.00 -1000.00 1.9158 0.4880 0.7507 103.9715 1.9502 8.7368 -0.0251 0.0000 -0.0000 315 pedestrian_0018
Pedestrian 0.00 1.00 0 0 0 0 0 0 0 0 924.83 360.07 926.23 363.99 1.9158 0.4880 0.6621 -272.0301 1.9505 -19.0920 -1.5547 0.0000 -0.0000 316 pedestrian_0024
Pedestrian 0.00 1.00 0 0 0 0 0 0 0 0 487.45 360.23 491.73 371.36 1.9158 0.4880 0.4812 -96.8054 1.9553 -83.5223 2.4633 0.0000 -0.0000 317 pedestrian_0002
Pedestrian 1.00 1.00 0 0 0 0 0 0 0 0 -1000.00 -1000.00 -1000.00 -1000.00 1.3390 0.3253 0.3346 -94.6239 1.9412 -195.2267 1.8332 0.0000 -0.0000 318 pedestrian_0013
Pedestrian 1.00 1.00 0 0 0 0 0 0 0 0 -1000.00 -1000.00 -1000.00 -1000.00 1.9158 0.4880 0.7507 23.3778 1.9500 -150.8183 -0.0652 0.0000 -0.0000 319 pedestrian_0018
Pedestrian 1.00 1.00 0 0 0 0 0 0 0 0 -1000.00 -1000.00 -1000.00 -1000.00 1.9158 0.4880 0.6919 -72.4028 2.1024 -156.8642 -1.2943 0.0000 -0.0000 320 pedestrian_0006
Pedestrian 1.00 1.00 0 0 0 0 0 0 0 0 -1000.00 -1000.00 -1000.00 -1000.00 1.9158 0.4880 0.7507 -143.2493 1.9502 -288.4960 -3.0738 0.0000 -0.0000 321 pedestrian_0021
Pedestrian 1.00 1.00 2 0 0 6 0 0 0 0 -1000.00 -1000.00 -1000.00 -1000.00 1.1330 0.4333 0.5591 -27.9722 1.9397 -80.9115 -0.0759 0.0000 -0.0000 322 pedestrian_0010
Pedestrian 1.00 1.00 0 0 0 0 0 0 0 0 -1000.00 -1000.00 -1000.00 -1000.00 1.9158 0.4880 0.4552 86.2767 1.9501 -60.5189 1.1614 0.0000 -0.0000 323 pedestrian_0022
Pedestrian 0.00 1.00 0 0 0 0 0 0 0 0 723.61 360.59 726.72 367.06 1.9158 0.4880 0.7507 -165.4684 2.0907 -71.9085 1.7102 0.0000 -0.0000 324 pedestrian_0015
Pedestrian 0.00 1.00 0 2 3 6 0 0 0 0 1172.34 360.20 1177.31 371.59 1.9158 0.4880 0.6279 -94.5632 1.9504 34.0098 1.6870 0.0000 -0.0000 325 pedestrian_0005
Pedestrian 1.00 1.00 0 0 0 0 0 0 0 0 -1000.00 -1000.00 -1000.00 -1000.00 1.9158 0.4880 0.6192 200.5644 -8.0434 -8.3513 -1.5603 0.0000 -0.0000 326 pedestrian_0006
Pedestrian 1.00 1.00 0 0 0 0 0 0 0 0 -1000.00 -1000.00 -1000.00 -1000.00 1.9158 0.4880 0.7507 90.7260 1.9494 -59.4633 -2.9903 0.0000 -0.0000 327 pedestrian_0002
Pedestrian 1.00 1.00 13 19 29 192 2 0 0 0 -1000.00 -1000.00 -1000.00 -1000.00 1.9158 0.4880 0.6805 13.5884 1.9071 -33.7600 -2.3535 0.0000 -0.0000 328 pedestrian_0015
Pedestrian 0.00 1.00 0 0 0 0 0 0 0 0 1370.54 360.10 1373.82 365.77 1.9158 0.4880 0.7507 -188.9168 1.9507 137.4807 0.2569 0.0000 -0.0000 329 pedestrian_0005
Pedestrian 1.00 1.00 0 0 0 0 0 0 0 0 -1000.00 -1000.00 -1000.00 -1000.00 1.1330 0.4333 0.6667 -123.6180 1.9384 -288.4733 -3.1104 0.0000 -0.0000 330 pedestrian_0010
Pedestrian 1.00 1.00 0 0 0 0 0 0 0 0 -1000.00 -1000.00 -1000.00 -1000.00 1.9158 0.4880 0.6673 35.3259 1.8949 87.1625 3.0528 0.0000 -0.0000 331 pedestrian_0001
Pedestrian 0.00 1.00 0 0 0 0 0 0 0 0 964.44 360.21 967.51 371.68 1.9158 0.4880 0.3810 -93.9071 1.9503 -1.2391 -1.8988 0.0000 -0.0000 332 pedestrian_0017
Pedestrian 1.00 1.00 2 1 4 8 0 0 0 0 -1000.00 -1000.00 -1000.00 -1000.00 1.9158 0.4880 0.3754 -17.3573 1.9515 -80.1663 0.0854 0.0000 -0.0000 333 pedestrian_0023
Pedestrian 0.00 1.00 0 0 0 0 0 0 0 0 1235.50 363.54 1238.85 371.46 1.3390 0.3253 0.3991 -95.1084 1.9413 44.8040 1.6244 0.0000 -0.0000 334 pedestrian_0013
Pedestrian 0.00 1.00 0 0 0 0 0 0 0 0 270.74 360.21 278.95 371.86 1.9158 0.4880 0.7507 -92.4374 1.9501 -115.2275 1.5701 0.0000 -0.0000 335 pedestrian_0019
Pedestrian 0.00 0.03 33 42 80 558 0 6 0 0 1266.30 361.00 1286.70 427.00 1.9158 0.4880 0.5079 -17.4152 1.9314 7.1086 -2.7568 0.0000 -0.0000 336 pedestrian_0017
Pedestrian 1.00 1.00 0 0 0 0 0 0 0 0 -1000.00 -1000.00 -1000.00 -1000.00 1.9158 0.4880 0.7507 -110.8875 1.9504 -288.7099 -3.1305 0.0000 -0.0000 337 pedestrian_0025
Pedestrian 1.00 1.00 0 0 0 0 0 0 0 0 -1000.00 -1000.00 -1000.00 -1000.00 1.9158 0.4880 0.7507 116.7314 -8.0638 -281.8224 -2.8367 0.0000 -0.0000 338 pedestrian_0006
Pedestrian 1.00 1.00 0 0 0 0 0 0 0 0 -1000.00 -1000.00 -1000.00 -1000.00 1.1330 0.4333 0.6097 11.6456 -5.3217 -250.4790 3.1246 0.0000 -0.0000 339 pedestrian_0011
Pedestrian 1.00 1.00 0 0 0 0 0 0 0 0 -1000.00 -1000.00 -1000.00 -1000.00 1.1330 0.4333 0.5612 126.5565 1.8852 -45.1801 -1.5566 0.0000 -0.0000 340 pedestrian_0011
Pedestrian 1.00 1.00 0 0 0 0 0 0 0 0 -1000.00 -1000.00 -1000.00 -1000.00 1.3390 0.3253 0.2982 208.4831 1.9434 -121.4597 -1.5190 0.0000 -0.0000 341 pedestrian_0013
Pedestrian 1.00 1.00 0 0 0 0 0 0 0 0 -1000.00 -1000.00 -1000.00 -1000.00 1.9158 0.4880 0.4407 59.0647 1.9499 -79.3007 0.0943 0.0000 -0.0000 342 pedestrian_0007
Pedestrian 1.00 1.00 0 2 3 6 2 0 0 0 -1000.00 -1000.00 -1000.00 -1000.00 1.9158 0.4880 0.7507 -11.7646 1.8950 -105.7892 -1.5544 0.0000 -0.0000 343 pedestrian_0021
Pedestrian 1.00 1.00 0 0 0 0 0 0 0 0 -1000.00 -1000.00 -1000.00 -1000.00 1.1330 0.4333 0.5923 201.9065 -8.0609 -122.1683 -1.5358 0.0000 -0.0000 344 pedestrian_0010
Pedestrian 1.00 1.00 39 46 76 460 11 0 0 0 -1000.00 -1000.00 -1000.00 -1000.00 1.9158 0.4880 0.5388 5.8808 1.8952 -22.9524 -1.5551 0.0000 -0.0000 345 pedestrian_0021
Pedestrian 1.00 1.00 0 0 0 0 0 0 0 0 -1000.00 -1000.00 -1000.00 -1000.00 1.3390 0.3253 0.3147 84.2138 1.9437 44.0669 -1.8304 0.0000 -0.0000 346 pedestrian_0014
Pedestrian 0.00 1.00 0 0 0 0 0 0 0 0 143.93 360.26 153.40 374.95 1.9158 0.4880 0.5504 -73.6027 1.9501 -108.4651 -1.6417 0.0000 -0.0000 347 pedestrian_0023
Pedestrian 1.00 1.00 1 0 0 1 1 0 0 0 -1000.00 -1000.00 -1000.00 -1000.00 1.9158 0.4880 0.4861 -17.9043 1.9517 -80.0831 0.2273 0.0000 -0.0000 348 pedestrian_0008
Pedestrian 0.00 1.00 0 0 0 0 0 0 0 0 1205.44 360.08 1207.27 364.52 1.9158 0.4880 0.5965 -240.8120 1.9507 104.3361 0.8221 0.0000 -0.0000 349 pedestrian_0006
Pedestrian 1.00 1.00 0 0 0 0 0 0 0 0 -1000.00 -1000.00 -1000.00 -1000.00 1.9158 0.4880 0.6819 90.0465 1.9396 -178.4609 -1.7844 0.0000 -0.0000 350 pedestrian_0022
Pedestrian 1.00 1.00 0 0 0 0 0 0 0 0 -1000.00 -1000.00 -1000.00 -1000.00 1.9158 0.4880 0.7507 95.3512 1.9498 -170.6413 3.0927 0.0000 -0.0000 351 pedestrian_0023
Pedestrian 1.00 1.00 0 0 0 0 0 0 0 0 -1000.00 -1000.00 -1000.00 -1000.00 1.9158 0.4880 0.7455 28.0455 1.9069 -193.1921 -2.7691 0.0000 -0.0000 352 pedestrian_0006
Pedestrian 1.00 1.00 0 0 0 0 0 0 0 0 -1000.00 -1000.00 -1000.00 -1000.00 1.9158 0.4880 0.6453 58.2405 2.1026 15.1373 1.5970 0.0000 -0.0000 353 pedestrian_0024
Pedestrian 1.00 1.00 0 0 0 0 0 0 0 0 -1000.00 -1000.00 -1000.00 -1000.00 1.1330 0.4333 0.6667 -38.7992 1.6133 143.6839 0.0049 0.0000 -0.0000 354 pedestrian_0011
Pedestrian 1.00 1.00 5 4 10 405 0 0 0 0 -1000.00 -1000.00 -1000.00 -1000.00 1.9158 0.4880 0.6323 53.9248 1.9503 30.9813 -3.1288 0.0000 -0.0000 355 pedestrian_0017
Pedestrian 1.00 1.00 0 0 0 0 0 0 0 0 -1000.00 -1000.00 -1000.00 -1000.00 1.3390 0.3253 0.3312 165.3117 -8.0584 -56.2360 -1.4792 0.0000 -0.0000 356 pedestrian_0012
Pedestrian 0.00 1.00 0 0 0 0 0 0 0 0 146.55 360.10 149.37 365.68 1.9158 0.4880 0.4546 -191.7432 1.9501 -281.6458 2.7546 0.0000 -0.0000 357 pedestrian_0020
Pedestrian 1.00 1.00 0 1 3 6 0 0 0 0 -1000.00 -1000.00 -1000.00 -1000.00 1.9158 0.4880 0.7202 -11.6294 1.8956 -150.3715 -1.8286 0.0000 -0.0000 358 pedestrian_0017
Pedestrian 0.00 0.13 7 8 16 61 0 3 0 0 1083.63 360.40 1089.87 382.97 1.9158 0.4880 0.4982 -48.3775 1.9499 8.5847 2.9829 0.0000 -0.0000 359 pedestrian_0025
Pedestrian 0.00 1.00 0 0 0 0 0 0 0 0 198.35 361.66 200.97 365.37 1.3390 0.3253 0.5005 -201.7297 1.9425 -277.5562 -0.4126 0.0000 -0.0000 360 pedestrian_0013
Pedestrian 1.00 1.00 0 0 0 0 0 0 0 0 -1000.00 -1000.00 -1000.00 -1000.00 1.3390 0.3253 0.5005 -117.1788 1.9414 -288.8576 -3.1380 0.0000 -0.0000 361 pedestrian_0013
Pedestrian 1.00 1.00 0 0 0 0 0 0 0 0 -1000.00 -1000.00 -1000.00 -1000.00 1.3390 0.3253 0.3879 53.5483 1.9393 -15.1790 -2.1488 0.0000 -0.0000 362 pedestrian_0013
Pedestrian 0.00 1.00 0 0 0 0 0 0 0 0 649.88 367.80 658.80 379.16 1.1330 0.4333 0.6667 -56.8808 1.9227 -33.0364 1.6421 0.0000 -0.0000 363 pedestrian_0011
Pedestrian 1.00 1.00 0 0 0 0 0 0 0 0 -1000.00 -1000.00 -1000.00 -1000.00 1.3390 0.3253 0.2728 48.0242 1.8860 -202.7004 -0.0231 0.0000 -0.0000 364 pedestrian_0012
Pedestrian 1.00 1.00 0 0 0 0 0 0 0 0 -1000.00 -1000.00 -1000.00 -1000.00 1.9158 0.4880 0.4736 125.9451 1.8947 -15.4813 -1.3069 0.0000 -0.0000 365 pedestrian_0023
Pedestrian 0.00 1.00 0 0 0 39 0 0 0 0 1315.33 360.00 1318.92 368.49 1.9158 0.4880 0.4777 -126.4956 1.9169 78.5980 0.2235 0.0000 -0.0000 366 pedestrian_0005
Pedestrian 0.00 1.00 0 0 0 0 0 0 0 0 604.00 360.00 606.66 365.42 1.9158 0.4880 0.6294 -197.4182 1.9168 -127.9065 1.5843 0.0000 -0.0000 367 pedestrian_0021
Pedestrian 0.00 1.00 0 0 0 0 0 0 0 0 735.61 363.52 737.79 367.71 1.1330 0.4333 0.4157 -151.5330 2.0913 -62.8734 0.0303 0.0000 -0.0000 368 pedestrian_0010
Pedestrian 1.00 1.00 0 0 0 0 0 0 0 0 -1000.00 -1000.00 -1000.00 -1000.00 1.9158 0.4880 0.7507 11.2963 1.8947 -183.4776 -1.0169 0.0000 -0.0000 369 pedestrian_0020
Pedestrian 1.00 1.00 0 0 0 0 0 0 0 0 -1000.00 -1000.00 -1000.00 -1000.00 1.3390 0.3253 0.4352 61.8520 1.9408 -104.9467 -1.5782 0.0000 -0.0000 370 pedestrian_0012
Pedestrian 1.00 1.00 0 0 0 0 0 0 0 0 -1000.00 -1000.00 -1000.00 -1000.00 1.9158 0.4880 0.6671 61.7168 2.0718 -19.3610 -1.4979 0.0000 -0.0000 371 pedestrian_0015
Pedestrian 1.00 1.00 0 0 0 0 0 0 0 0 -1000.00 -1000.00 -1000.00 -1000.00 1.9158 0.4880 0.7223 52.2236 1.9448 -15.9060 0.3524 0.0000 -0.0000 372 pedestrian_0007
Pedestrian 0.00 1.00 0 0 0 0 0 0 0 0 855.64 360.07 857.02 363.99 1.9158 0.4880 0.5912 -272.3031 1.9525 -52.9789 -1.5571 0.0000 -0.0000 373 pedestrian_0008
Pedestrian 1.00 1.00 0 0 0 0 0 0 0 0 -1000.00 -1000.00 -1000.00 -1000.00 1.9158 0.4880 0.5534 86.3674 1.9487 -59.4304 3.1017 0.0000 -0.0000 374 pedestrian_0020
Pedestrian 1.00 1.00 0 0 0 0 0 0 0 0 -1000.00 -1000.00 -1000.00 -1000.00 1.9158 0.4880 0.5392 -45.8662 1.9501 -171.1800 0.0125 0.0000 -0.0000 375 pedestrian_0015
Pedestrian 0.00 1.00 0 0 0 0 0 0 0 0 247.42 365.44 254.18 377.54 1.3390 0.3253 0.3315 -62.6630 1.9452 -81.0960 0.0360 0.0000 -0.0000 376 pedestrian_0012
Pedestrian 1.00 1.00 0 0 0 0 0 0 0 0 -1000.00 -1000.00 -1000.00 -1000.00 1.9158 0.4880 0.4393 106.0148 1.9475 -171.7650 -0.0480 0.0000 -0.0000 377 pedestrian_0017
Pedestrian 1.00 1.00 0 0 0 0 0 0 0 0 -1000.00 -1000.00 -1000.00 -1000.00 1.9158 0.4880 0.6747 125.3898 1.8947 -19.9350 1.6525 0.0000 -0.0000 378 pedestrian_0025
Pedestrian 0.00 1.00 0 0 0 0 0 0 0 0 1177.67 366.07 1181.73 374.72 1.1330 0.4333 0.4507 -74.3070 1.9390 26.8032 2.9231 0.0000 -0.0000 379 pedestrian_0009
Pedestrian 1.00 1.00 0 0 0 0 0 0 0 0 -1000.00 -1000.00 -1000.00 -1000.00 1.9158 0.4880 0.6222 61.4664 1.9500 -113.2048 1.6423 0.0000 -0.0000 380 pedestrian_0002
Pedestrian 1.00 1.00 0 0 0 0 0 0 0 0 -1000.00 -1000.00 -1000.00 -1000.00 1.3390 0.3253 0.3904 -86.1267 1.9416 -288.1041 0.0407 0.0000 -0.0000 381 pedestrian_0013
Pedestrian 1.00 1.00 0 0 0 0 0 0 0 0 -1000.00 -1000.00 -1000.00 -1000.00 1.3390 0.3253 0.5005 64.3637 2.0939 -171.9125 2.5925 0.0000 -0.0000 382 pedestrian_0012
Pedestrian 1.00 1.00 9 10 18 156 0 0 6 0 -1000.00 -1000.00 -1000.00 -1000.00 1.1330 0.4333 0.5888 -7.9580 2.0359 28.8139 -2.9698 0.0000 -0.0000 383 pedestrian_0010
Pedestrian 0.00 1.00 0 0 0 0 0 0 0 0 26.10 361.98 29.80 366.37 1.3390 0.3253 0.5005 -170.3882 1.9439 -287.0283 -0.2176 0.0000 -0.0000 384 pedestrian_0013
Pedestrian 1.00 1.00 0 0 0 0 0 0 0 0 -1000.00 -1000.00 -1000.00 -1000.00 1.9158 0.4880 0.7507 53.4579 2.0473 75.7881 -1.7015 0.0000 -0.0000 385 pedestrian_0015
Pedestrian 0.00 0.93 1 2 3 5 0 0 0 0 1176.48 360.27 1181.68 375.29 1.9158 0.4880 0.4378 -72.0695 1.9504 25.8376 0.6852 0.0000 -0.0000 386 pedestrian_0018
Pedestrian 1.00 1.00 0 0 0 0 0 0 0 0 -1000.00 -1000.00 -1000.00 -1000.00 1.3390 0.3253 0.4890 -133.8011 1.9414 -288.2652 -3.1170 0.0000 -0.0000 387 pedestrian_0013
Pedestrian 1.00 1.00 0 0 0 0 0 0 0 0 -1000.00 -1000.00 -1000.00 -1000.00 1.9158 0.4880 0.5764 207.9024 1.9498 -131.4266 -1.6660 0.0000 -0.0000 388 pedestrian_0022
Pedestrian 0.00 1.00 0 0 0 0 0 0 0 0 768.18 360.08 770.06 364.02 1.9158 0.4880 0.7507 -270.7353 1.9530 -95.1228 1.5904 0.0000 -0.0000 389 pedestrian_0003
Pedestrian 1.00 1.00 0 0 0 0 0 0 0 0 -1000.00 -1000.00 -1000.00 -1000.00 1.9158 0.4880 0.7507 -145.6191 1.9504 -288.7170 -3.1021 0.0000 -0.0000 390 pedestrian_0021
Pedestrian 0.00 1.00 0 0 0 0 0 0 0 0 1228.13 360.00 1231.45 366.78 1.9158 0.4880 0.7507 -158.1836 1.9170 74.2537 -2.9323 0.0000 -0.0000 391 pedestrian_0016
Pedestrian 1.00 1.00 0 0 0 0 0 0 0 0 -1000.00 -1000.00 -1000.00 -1000.00 1.9158 0.4880 0.7507 -103.1597 1.9490 -288.5301 3.1331 0.0000 -0.0000 392 pedestrian_0005
Pedestrian 1.00 1.00 0 0 0 0 0 0 0 0 -1000.00 -1000.00 -1000.00 -1000.00 1.9158 0.4880 0.4774 149.6959 -8.0542 -218.6695 0.8830 0.0000 -0.0000 393 pedestrian_0026
Pedestrian 1.00 1.00 0 0 0 0 0 0 0 0 -1000.00 -1000.00 -1000.00 -1000.00 1.9158 0.4880 0.4097 87.5269 1.9501 -60.0781 2.9976 0.0000 -0.0000 394 pedestrian_0022
Pedestrian 1.00 1.00 0 0 0 0 0 0 0 0 -1000.00 -1000.00 -1000.00 -1000.00 1.1330 0.4333 0.6667 164.3366 -8.0636 -29.7855 1.5757 0.0000 -0.0000 395 pedestrian_0010
Pedestrian 1.00 1.00 0 0 0 0 0 0 0 0 -1000.00 -1000.00 -1000.00 -1000.00 1.9158 0.4880 0.7507 118.9095 1.9502 30.9507 -2.8675 0.0000 -0.0000 396 pedestrian_0006
Pedestrian 0.00 1.00 0 0 0 0 0 0 0 0 257.95 363.70 263.56 371.95 1.3390 0.3253 0.5005 -91.2588 1.9417 -116.0660 -1.5622 0.0000 -0.0000 397 pedestrian_0012
Pedestrian 1.00 1.00 0 0 0 0 0 0 0 0 -1000.00 -1000.00 -1000.00 -1000.00 1.1330 0.4333 0.6667 65.7641 2.0882 -200.0637 -3.1142 0.0000 -0.0000 398 pedestrian_0010
Pedestrian 0.00 1.00 0 0 0 0 0 0 0 0 1274.00 360.00 1277.87 367.64 1.9158 0.4880 0.7507 -140.4605 1.9168 77.2325 -3.0004 0.0000 -0.0000 399 pedestrian_0007
Pedestrian 1.00 1.00 0 0 0 0 0 0 0 0 -1000.00 -1000.00 -1000.00 -1000.00 1.9158 0.4880 0.6437 199.7439 -7.9242 39.7216 -1.5417 0.0000 -0.0000 400 pedestrian_0001
Pedestrian 1.00 1.00 0 0 0 0 0 0 0 0 -1000.00 -1000.00 -1000.00 -1000.00 1.9158 0.4880 0.7507 18.4206 1.9106 -20.7323 2.9155 0.0000 -0.0000 401 pedestrian_0016
Pedestrian 0.00 1.00 0 0 0 0 0 0 0 0 1120.10 360.07 1121.72 364.16 1.9158 0.4880 0.6528 -261.5086 1.9506 73.3816 1.1038 0.0000 -0.0000 402 pedestrian_0021
Pedestrian 1.00 1.00 0 0 0 0 0 0 0 0 -1000.00 -1000.00 -1000.00 -1000.00 1.9158 0.4880 0.6345 56.6120 1.9496 -60.0651 -0.0432 0.0000 -0.0000 403 pedestrian_0006
Pedestrian 0.00 0.68 1 2 3 10 0 0 0 0 1169.98 360.21 1174.33 371.64 1.9158 0.4880 0.5666 -94.2087 1.9509 33.4230 1.4956 0.0000 -0.0000 404 pedestrian_0023
Pedestrian 1.00 1.00 0 0 0 0 0 0 0 0 -1000.00 -1000.00 -1000.00 -1000.00 1.1330 0.4333 0.5959 61.6605 1.9386 -87.2122 -1.6006 0.0000 -0.0000 405 pedestrian_0011
Pedestrian 1.00 1.00 341 381 617 5989 0 0 0 72 -1000.00 -1000.00 -1000.00 -1000.00 1.9158 0.4880 0.5363 6.1663 1.8952 1.2040 -1.6192 0.0000 -0.0000 406 pedestrian_0004
Pedestrian 1.00 1.00 0 0 0 0 0 0 0 0 -1000.00 -1000.00 -1000.00 -1000.00 1.9158 0.4880 0.5011 52.4493 1.9499 -172.1929 3.0055 0.0000 -0.0000 407 pedestrian_0026
Pedestrian 1.00 1.00 0 0 0 0 0 0 0 0 -1000.00 -1000.00 -1000.00 -1000.00 1.3390 0.3253 0.3702 145.0395 1.8882 -11.4724 -1.5126 0.0000 -0.0000 408 pedestrian_0013
Pedestrian 1.00 1.00 0 0 0 0 0 0 0 0 -1000.00 -1000.00 -1000.00 -1000.00 1.1330 0.4333 0.4770 -94.2777 1.9389 -209.7397 -1.5428 0.0000 -0.0000 409 pedestrian_0010
Pedestrian 1.00 1.00 0 0 0 0 0 0 0 0 -1000.00 -1000.00 -1000.00 -1000.00 1.9158 0.4880 0.5222 143.9365 1.8953 47.6319 -1.4956 0.0000 -0.0000 410 pedestrian_0020
Pedestrian 0.00 1.00 0 0 0 0 0 0 0 0 42.78 360.82 50.86 372.42 1.9158 0.4880 0.6474 -92.8983 2.0520 -153.5914 -1.7333 0.0000 -0.0000 411 pedestrian_0025
Pedestrian 1.00 1.00 0 0 0 0 0 0 0 0 -1000.00 -1000.00 -1000.00 -1000.00 1.1330 0.4333 0.6667 122.4795 1.8835 50.8029 1.6046 0.0000 -0.0000 412 pedestrian_0010
Pedestrian 1.00 1.00 0 0 0 0 0 0 0 0 -1000.00 -1000.00 -1000.00 -1000.00 1.9158 0.4880 0.7507 127.0443 1.8944 -145.0318 1.4484 0.0000 -0.0000 413 pedestrian_0015
Pedestrian 1.00 1.00 0 0 0 0 0 0 0 0 -1000.00 -1000.00 -1000.00 -1000.00 1.1330 0.4333 0.3814 87.4439 1.8829 -219.3713 0.2306 0.0000 -0.0000 414 pedestrian_0011
Pedestrian 1.00 1.00 5 4 8 31 5 0 0 0 -1000.00 -1000.00 -1000.00 -1000.00 1.9158 0.4880 0.6239 6.4724 2.1025 -63.5617 1.6954 0.0000 -0.0000 415 pedestrian_0025
Pedestrian 1.00 1.00 0 0 0 0 0 0 0 0 -1000.00 -1000.00 -1000.00 -1000.00 1.1330 0.4333 0.4551 164.6211 -8.0614 -55.5846 1.6265 0.0000 -0.0000 416 pedestrian_0009
Pedestrian 1.00 1.00 0 0 0 0 0 0 0 0 -1000.00 -1000.00 -1000.00 -1000.00 1.9158 0.4880 0.7507 46.9646 -6.1992 108.8172 0.0081 0.0000 -0.0000 417 pedestrian_0026
Pedestrian 0.00 1.00 0 0 0 0 0 0 0 0 941.66 360.07 943.11 363.99 1.9158 0.4880 0.6903 -272.4185 1.9521 -10.8643 -1.5870 0.0000 -0.0000 418 pedestrian_0019
Pedestrian 1.00 1.00 3 4 6 44 0 0 0 0 -1000.00 -1000.00 -1000.00 -1000.00 1.9158 0.4880 0.7507 -19.8253 1.9505 -62.3712 0.0720 0.0000 -0.0000 419 pedestrian_0018
Pedestrian 1.00 1.00 0 0 0 0 0 0 0 0 -1000.00 -1000.00 -1000.00 -1000.00 1.9158 0.4880 0.6352 -107.2903 1.9501 -287.7920 0.0257 0.0000 -0.0000 420 pedestrian_0026
Pedestrian 1.00 1.00 0 0 0 0 0 0 0 0 -1000.00 -1000.00 -1000.00 -1000.00 1.9158 0.4880 0.4163 146.4412 1.8945 -85.9298 -1.1649 0.0000 -0.0000 421 pedestrian_0005
Pedestrian 1.00 1.00 0 0 0 0 0 0 0 0 -1000.00 -1000.00 -1000.00 -1000.00 1.9158 0.4880 0.7495 62.2818 1.9501 -82.9314 -1.6066 0.0000 -0.0000 422 pedestrian_0021
Pedestrian 1.00 1.00 0 0 0 0 0 0 0 0 -1000.00 -1000.00 -1000.00 -1000.00 1.9158 0.4880 0.6492 125.0671 2.1023 -151.8861 1.1487 0.0000 -0.0000 423 pedestrian_0025
Pedestrian 1.00 1.00 0 0 0 0 0 0 0 0 -1000.00 -1000.00 -1000.00 -1000.00 1.9158 0.4880 0.4770 126.5467 1.8945 -91.7122 1.5197 0.0000 -0.0000 424 pedestrian_0008
Pedestrian 1.00 1.00 1 6 7 151 0 0 0 2 -1000.00 -1000.00 -1000.00 -1000.00 1.9158 0.4880 0.4561 39.0218 1.9483 29.5086 -0.0282 0.0000 -0.0000 425 pedestrian_0018
Pedestrian 0.00 1.00 0 0 0 0 0 0 0 0 644.01 360.13 647.45 367.55 1.9158 0.4880 0.7181 -144.5596 1.9502 -83.6194 -3.1296 0.0000 -0.0000 426 pedestrian_0020
Pedestrian 1.00 1.00 0 0 0 0 0 0 0 0 -1000.00 -1000.00 -1000.00 -1000.00 1.3390 0.3253 0.4932 -38.9183 1.9437 -171.2683 -3.1050 0.0000 -0.0000 427 pedestrian_0012
Pedestrian 1.00 1.00 0 0 0 0 0 0 0 0 -1000.00 -1000.00 -1000.00 -1000.00 1.1330 0.4333 0.4513 128.0993 1.8856 -113.0874 -1.4880 0.0000 -0.0000 428 pedestrian_0011
Pedestrian 0.00 1.00 0 0 0 0 0 0 0 0 32.65 360.19 39.60 370.58 1.9158 0.4880 0.4870 -103.4318 1.9502 -172.9221 3.0945 0.0000 -0.0000 429 pedestrian_0006
Pedestrian 1.00 1.00 0 0 0 0 0 0 0 0 -1000.00 -1000.00 -1000.00 -1000.00 1.9158 0.4880 0.6227 126.0354 1.8954 -11.1269 -1.4401 0.0000 -0.0000 430 pedestrian_0021
Pedestrian 0.00 1.00 0 0 0 0 0 0 0 0 208.25 360.40 226.54 384.05 1.9158 0.4880 0.7507 -46.3231 1.9487 -62.9123 3.1324 0.0000 -0.0000 431 pedestrian_0026
Pedestrian 1.00 1.00 0 0 0 0 0 0 0 0 -1000.00 -1000.00 -1000.00 -1000.00 1.9158 0.4880 0.6211 8.3840 -3.2173 107.6839 -3.1395 0.0000 -0.0000 432 pedestrian_0026
Pedestrian 0.00 1.00 0 0 0 0 0 0 0 0 172.10 360.29 181.16 375.23 1.9158 0.4880 0.4917 -72.3801 1.9529 -103.0761 -1.6324 0.0000 -0.0000 433 pedestrian_0002
Pedestrian 1.00 1.00 0 0 0 0 0 0 0 0 -1000.00 -1000.00 -1000.00 -1000.00 1.9158 0.4880 0.7071 223.3755 1.9498 -140.2319 1.1080 0.0000 -0.0000 434 pedestrian_0001
Pedestrian 1.00 1.00 0 0 0 0 0 0 0 0 -1000.00 -1000.00 -1000.00 -1000.00 1.9158 0.4880 0.6702 129.6327 -8.0626 -277.0046 0.3247 0.0000 -0.0000 435 pedestrian_0022
Pedestrian 1.00 1.00 0 0 0 0 0 0 0 0 -1000.00 -1000.00 -1000.00 -1000.00 1.9158 0.4880 0.4234 58.8025 2.1026 15.1648 -0.1847 0.0000 -0.0000 436 pedestrian_0005
Pedestrian 1.00 1.00 0 0 0 0 0 0 0 0 -1000.00 -1000.00 -1000.00 -1000.00 1.3390 0.3253 0.5005 45.4481 1.9417 -60.8564 3.1379 0.0000 -0.0000 437 pedestrian_0013
Pedestrian 0.00 1.00 0 0 0 0 0 0 0 0 365.23 361.90 367.58 364.58 1.1330 0.4333 0.6588 -235.9879 1.9402 -253.8687 2.3439 0.0000 -0.0000 438 pedestrian_0011
Pedestrian 0.00 0.96 0 1 1 6 0 0 0 0 1182.15 360.28 1187.90 375.88 1.9158 0.4880 0.4544 -69.3584 1.9504 25.4981 -2.9443 0.0000 -0.0000 439 pedestrian_0006
Pedestrian 1.00 1.00 0 0 0 0 0 0 0 0 -1000.00 -1000.00 -1000.00 -1000.00 1.3390 0.3253 0.4934 38.7442 -6.0246 144.7546 -3.1185 0.0000 -0.0000 440 pedestrian_0014
Pedestrian 0.00 0.97 1 0 0 5 0 0 0 0 1173.31 360.20 1177.37 371.45 1.9158 0.4880 0.4855 -95.6901 1.9501 34.5348 -1.5036 0.0000 -0.0000 441 pedestrian_0025
Pedestrian 0.00 1.00 0 0 0 0 0 0 0 0 1224.99 360.08 1226.71 364.62 1.9158 0.4880 0.4875 -235.4613 1.9507 110.2043 -2.4894 0.0000 -0.0000 442 pedestrian_0003
Pedestrian 1.00 1.00 0 0 0 0 0 0 0 0 -1000.00 -1000.00 -1000.00 -1000.00 1.9158 0.4880 0.7507 112.5548 1.9500 -77.6412 0.0855 0.0000 -0.0000 443 pedestrian_0024
Pedestrian 1.00 1.00 0 0 0 8 3 0 0 0 -1000.00 -1000.00 -1000.00 -1000.00 1.9158 0.4880 0.4913 5.9656 1.8930 -121.0793 1.7503 0.0000 -0.0000 444 pedestrian_0007
Pedestrian 0.00 1.00 0 0 0 0 0 0 0 0 656.22 360.20 659.85 369.88 1.9158 0.4880 0.4108 -110.9216 1.9555 -62.1076 -0.0750 0.0000 -0.0000 445 pedestrian_0023
Pedestrian 0.00 1.00 0 0 0 0 0 0 0 0 1072.02 360.07 1073.31 364.04 1.9158 0.4880 0.6058 -268.4709 1.9489 52.1221 1.3766 0.0000 -0.0000 446 pedestrian_0026
Pedestrian 1.00 1.00 0 0 0 0 0 0 0 0 -1000.00 -1000.00 -1000.00 -1000.00 1.1330 0.4333 0.6304 165.7473 -8.0590 -82.1336 -1.5542 0.0000 -0.0000 447 pedestrian_0009
Pedestrian 1.00 1.00 0 0 0 0 0 0 0 0 -1000.00 -1000.00 -1000.00 -1000.00 1.9158 0.4880 0.7507 102.7600 -8.0674 -247.3794 0.2116 0.0000 -0.0000 448 pedestrian_0015
Pedestrian 1.00 1.00 0 0 0 0 0 0 0 0 -1000.00 -1000.00 -1000.00 -1000.00 1.9158 0.4880 0.3912 153.6359 1.9500 -77.0265 3.0220 0.0000 -0.0000 449 pedestrian_0017
Pedestrian 1.00 1.00 0 0 0 9 3 0 0 0 -1000.00 -1000.00 -1000.00 -1000.00 1.9158 0.4880 0.6716 7.4376 1.8948 -133.4260 1.5833 0.0000 -0.0000 450 pedestrian_0023
Pedestrian 0.00 1.00 0 0 0 0 0 0 0 0 549.55 360.17 560.17 379.96 1.9158 0.4880 0.7507 -55.0650 1.9320 -41.7308 1.9921 0.0000 -0.0000 451 pedestrian_0001
Pedestrian 0.00 1.00 0 0 0 0 0 0 0 0 1117.33 360.00 1120.15 366.03 1.9158 0.4880 0.7398 -177.7595 1.9169 48.3737 -2.6517 0.0000 -0.0000 452 pedestrian_0017
Pedestrian 1.00 1.00 0 0 0 0 0 0 0 0 -1000.00 -1000.00 -1000.00 -1000.00 1.1330 0.4333 0.6345 17.8593 1.9387 -60.3146 3.0670 0.0000 -0.0000 453 pedestrian_0011
Pedestrian 0.00 1.00 0 0 0 0 0 0 0 0 585.36 360.08 587.50 364.06 1.9158 0.4880 0.7130 -268.1065 1.9527 -182.2472 -1.4489 0.0000 -0.0000 454 pedestrian_0018
Pedestrian 1.00 1.00 0 0 0 0 0 0 0 0 -1000.00 -1000.00 -1000.00 -1000.00 1.9158 0.4880 0.5727 144.1303 2.0111 -193.2461 1.7163 0.0000 -0.0000 455 pedestrian_0021
Pedestrian 1.00 1.00 0 0 0 0 0 0 0 0 -1000.00 -1000.00 -1000.00 -1000.00 1.9158 0.4880 0.4752 209.0673 1.9502 -46.8001 -1.6555 0.0000 -0.0000 456 pedestrian_0007
Pedestrian 1.00 1.00 0 0 0 0 0 0 0 0 -1000.00 -1000.00 -1000.00 -1000.00 1.9158 0.4880 0.7507 12.4457 1.9007 -45.4116 -1.6724 0.0000 -0.0000 457 pedestrian_0021
Pedestrian 1.00 1.00 0 0 0 0 0 0 0 0 -1000.00 -1000.00 -1000.00 -1000.00 1.9158 0.4880 0.3954 78.3332 -6.5299 109.2494 3.1309 0.0000 -0.0000 458 pedestrian_0019
Pedestrian 0.00 1.00 0 0 0 0 0 0 0 0 1373.08 362.38 1375.09 365.74 1.1330 0.4333 0.3453 -188.6343 1.9393 137.9156 0.2222 0.0000 -0.0000 459 pedestrian_0009
Pedestrian 0.00 1.00 0 0 0 0 0 0 0 0 1307.52 360.09 1310.09 365.18 1.9158 0.4880 0.6605 -210.0406 1.9507 129.2922 0.4108 0.0000 -0.0000 460 pedestrian_0004
Pedestrian 0.00 1.00 0 0 0 0 0 0 0 0 705.46 363.56 708.95 371.50 1.3390 0.3253 0.4371 -94.8328 1.9419 -45.0209 1.5108 0.0000 -0.0000 461 pedestrian_0012
Pedestrian 0.00 1.00 0 0 0 0 0 0 0 0 654.26 360.72 657.61 368.10 1.9158 0.4880 0.5887 -145.2367 2.1026 -81.3491 1.4090 0.0000 -0.0000 462 pedestrian_0006
Pedestrian 1.00 1.00 6 5 8 36 0 0 0 0 -1000.00 -1000.00 -1000.00 -1000.00 1.1330 0.4333 0.6667 6.1749 1.8833 -45.6347 1.6028 0.0000 -0.0000 463 pedestrian_0009
Pedestrian 1.00 1.00 0 0 0 0 0 0 0 0 -1000.00 -1000.00 -1000.00 -1000.00 1.3390 0.3253 0.5005 -86.6963 2.0940 -152.3384 -0.0450 0.0000 -0.0000 464 pedestrian_0014
Pedestrian 0.00 1.00 0 0 0 0 0 0 0 0 138.91 364.89 146.80 371.82 1.1330 0.4333 0.6667 -92.2053 1.9389 -136.6522 -1.5834 0.0000 -0.0000 465 pedestrian_0010
Pedestrian 0.00 1.00 0 0 0 0 0 0 0 0 618.84 360.21 628.03 379.00 1.9158 0.4880 0.6504 -57.8535 1.9374 -36.7415 1.3295 0.0000 -0.0000 466 pedestrian_0017
Pedestrian 0.00 0.02 57 56 80 717 0 11 0 0 1294.85 360.05 1317.92 424.95 1.9158 0.4880 0.3890 -18.0429 1.9506 8.3791 2.4051 0.0000 -0.0000 467 pedestrian_0004
Pedestrian 1.00 1.00 0 0 0 0 0 0 0 0 -1000.00 -1000.00 -1000.00 -1000.00 1.9158 0.4880 0.5748 53.9440 1.9506 28.9669 -2.9745 0.0000 -0.0000 468 pedestrian_0021
Pedestrian 1.00 1.00 0 0 0 0 0 0 0 0 -1000.00 -1000.00 -1000.00 -1000.00 1.3390 0.3253 0.4552 69.2148 2.0941 -59.1321 -0.0008 0.0000 -0.0000 469 pedestrian_0013
Pedestrian 1.00 1.00 0 0 0 0 0 0 0 0 -1000.00 -1000.00 -1000.00 -1000.00 1.9158 0.4880 0.7507 128.7694 1.8945 -105.2583 1.5673 0.0000 -0.0000 470 pedestrian_0001
Pedestrian 1.00 1.00 0 0 0 0 0 0 0 0 -1000.00 -1000.00 -1000.00 -1000.00 1.9158 0.4880 0.7507 118.9683 1.9500 -59.7845 0.0738 0.0000 -0.0000 471 pedestrian_0015
Pedestrian 0.00 1.00 0 0 0 0 0 0 0 0 1887.04 360.22 1897.05 372.48 1.9158 0.4880 0.6402 -88.0252 1.9506 144.0418 -0.0450 0.0000 -0.0000 472 pedestrian_0024
Pedestrian 1.00 1.00 0 0 0 0 0 0 0 0 -1000.00 -1000.00 -1000.00 -1000.00 1.3390 0.3253 0.3119 -74.3514 1.9434 -191.7687 1.5503 0.0000 -0.0000 473 pedestrian_0013
Pedestrian 1.00 1.00 0 0 0 0 0 0 0 0 -1000.00 -1000.00 -1000.00 -1000.00 1.9158 0.4880 0.6154 -131.1641 1.9498 -288.3077 3.0458 0.0000 -0.0000 474 pedestrian_0018
Pedestrian 1.00 1.00 0 0 0 0 0 0 0 0 -1000.00 -1000.00 -1000.00 -1000.00 1.3390 0.3253 0.4787 0.3550 2.0421 -171.9085 -3.0231 0.0000 -0.0000 475 pedestrian_0012
Pedestrian 0.00 1.00 2 2 3 1 0 0 0 0 1157.24 360.20 1161.08 371.74 1.9158 0.4880 0.3754 -93.3679 1.9487 30.9366 -1.2102 0.0000 -0.0000 476 pedestrian_0026
Pedestrian 1.00 1.00 0 0 0 0 0 0 0 0 -1000.00 -1000.00 -1000.00 -1000.00 1.9158 0.4880 0.5354 -89.1429 1.9499 -287.6346 -2.9476 0.0000 -0.0000 477 pedestrian_0016
Pedestrian 1.00 1.00 0 0 0 0 0 0 0 0 -1000.00 -1000.00 -1000.00 -1000.00 1.9158 0.4880 0.7507 63.2478 1.9500 -92.9947 1.5710 0.0000 -0.0000 478 pedestrian_0006
Pedestrian 1.00 1.00 0 0 0 0 0 0 0 0 -1000.00 -1000.00 -1000.00 -1000.00 1.9158 0.4880 0.4935 -155.0642 1.9499 -288.9688 3.0756 0.0000 -0.0000 479 pedestrian_0001
Pedestrian 1.00 1.00 0 0 0 0 0 0 0 0 -1000.00 -1000.00 -1000.00 -1000.00 1.9158 0.4880 0.7507 32.0595 1.8949 86.5888 -0.0415 0.0000 -0.0000 480 pedestrian_0021
Car 1.00 1.00 0 0 0 0 0 0 0 0 -1000.00 -1000.00 -1000.00 -1000.00 1.6980 1.9434 4.1871 17.8163 1.9850 -136.4914 -1.5556 0.0000 -0.0000 481 citroen_c3
Car 1.00 1.00 0 0 0 0 0 0 0 0 -1000.00 -1000.00 -1000.00 -1000.00 1.9718 2.0005 4.0595 18.4247 1.9505 -125.4402 -1.5556 0.0000 -0.0000 482 jeep_wrangler_rubicon
Car 1.00 1.00 0 0 0 0 0 0 0 0 -1000.00 -1000.00 -1000.00 -1000.00 1.9718 2.0005 4.0595 48.9311 1.9855 -135.4218 1.5860 0.0000 -0.0000 483 jeep_wrangler_rubicon
Car 1.00 1.00 0 0 0 0 0 0 0 0 -1000.00 -1000.00 -1000.00 -1000.00 1.9718 2.0005 4.0595 15.4838 1.9505 -125.4849 -1.5556 0.0000 -0.0000 484 jeep_wrangler_rubicon
Car 1.00 1.00 0 0 0 0 0 0 0 0 0.00 360.18 0.30 378.51 1.9718 2.0005 4.0595 -62.7673 1.9929 -113.6408 0.0152 0.0000 -0.0000 485 nissan_patrol
Car 1.00 1.00 0 0 0 0 0 0 0 0 -1000.00 -1000.00 -1000.00 -1000.00 1.5488 2.0688 3.9961 -62.7374 2.0206 -116.5359 -3.1264 0.0000 -0.0000 486 nissan_patrol
Car 0.37 1.00 0 0 0 0 0 0 0 0 0.00 364.72 73.71 380.84 1.4855 2.1349 -5.6254 -56.6026 1.9826 -96.6445 -3.1264 0.0000 -0.0000 487 nissan_patrol
Car 1.00 1.00 0 0 0 0 0 0 0 0 -1000.00 -1000.00 -1000.00 -1000.00 1.6244 1.8781 -3.8906 -56.3451 1.9687 -113.5420 0.0152 0.0000 -0.0000 488 nissan_patrol
Car 1.00 1.00 0 0 0 8 0 0 0 0 -1000.00 -1000.00 -1000.00 -1000.00 1.7506 2.3538 -4.8416 -39.2216 2.0495 -90.7620 0.0152 0.0000 -0.0000 489 nissan_patrol
Car 1.00 1.00 12 19 26 123 4 0 0 0 -1000.00 -1000.00 -1000.00 -1000.00 1.9718 2.0005 -4.0595 -39.0432 1.9929 -105.0589 -3.1264 0.0000 -0.0000 490 nissan_patrol
Car 0.00 1.00 0 0 0 0 0 0 0 0 124.33 360.26 204.20 378.39 1.9476 2.0282 4.8347 -63.0677 1.9780 -91.1249 -3.1264 0.0000 -0.0000 491 nissan_patrol
Car 0.00 1.00 0 0 0 0 0 0 0 0 103.25 360.18 174.68 378.41 1.9718 2.0005 4.0595 -63.0813 1.9929 -94.0196 -3.1264 0.0000 -0.0000 492 nissan_patrol
Car 1.00 1.00 0 0 0 0 0 0 0 0 -1000.00 -1000.00 -1000.00 -1000.00 1.6244 1.8781 3.8906 -45.6203 1.9687 -93.7548 0.0152 0.0000 -0.0000 493 nissan_patrol
Car 1.00 1.00 0 0 0 0 0 0 0 0 -1000.00 -1000.00 -1000.00 -1000.00 1.5488 2.0688 3.9961 -45.5777 2.0207 -96.4784 -3.1264 0.0000 -0.0000 494 nissan_patrol
Car 1.00 1.00 0 0 0 4 0 0 0 0 -1000.00 -1000.00 -1000.00 -1000.00 2.1397 2.1728 4.7017 -45.4222 1.9794 -105.1570 -3.1264 0.0000 -0.0000 495 nissan_patrol
Car 1.00 1.00 9 8 13 73 2 0 0 0 -1000.00 -1000.00 -1000.00 -1000.00 1.9476 2.0282 4.8347 -45.2492 1.9779 -113.3729 -3.1264 0.0000 -0.0000 496 nissan_patrol
Car 1.00 1.00 0 0 2 5 0 0 0 0 -1000.00 -1000.00 -1000.00 -1000.00 1.5100 1.8730 4.1000 -45.2724 1.9696 -116.2700 -3.1264 0.0000 -0.0000 497 nissan_patrol
Car 1.00 1.00 5 9 14 60 0 0 0 0 -1000.00 -1000.00 -1000.00 -1000.00 1.5488 2.0688 3.9961 -30.3959 2.0206 -102.0329 0.0152 0.0000 -0.0000 498 nissan_patrol
Car 1.00 1.00 0 0 0 5 0 0 0 0 -1000.00 -1000.00 -1000.00 -1000.00 1.5100 1.8730 4.1000 -30.3558 1.9696 -104.9277 0.0152 0.0000 -0.0000 499 nissan_patrol
Car 1.00 1.00 0 0 0 0 0 0 0 0 -1000.00 -1000.00 -1000.00 -1000.00 1.9476 2.0282 4.8347 -30.2676 1.9779 -107.6101 -3.1264 0.0000 -0.0000 500 nissan_patrol
Car 1.00 1.00 31 37 60 246 5 0 0 0 -1000.00 -1000.00 -1000.00 -1000.00 2.1397 2.1728 -4.7017 -24.1782 1.9795 -90.5330 -3.1264 0.0000 -0.0000 501 nissan_patrol
Car 1.00 1.00 5 12 11 60 3 0 0 0 -1000.00 -1000.00 -1000.00 -1000.00 1.9476 2.0282 -4.8347 -24.0673 1.9779 -93.4269 0.0152 0.0000 -0.0000 502 nissan_patrol
Car 1.00 1.00 2 6 7 40 1 0 0 0 -1000.00 -1000.00 -1000.00 -1000.00 1.6244 1.8781 -3.8906 -23.8814 1.9686 -110.4084 -3.1264 0.0000 -0.0000 503 nissan_patrol
Car 1.00 1.00 2 1 2 20 1 0 0 0 -1000.00 -1000.00 -1000.00 -1000.00 1.7506 2.3538 -4.8416 -23.8655 2.0494 -113.0476 -3.1264 0.0000 -0.0000 504 nissan_patrol
Car 1.00 1.00 0 0 0 0 0 0 0 0 -1000.00 -1000.00 -1000.00 -1000.00 1.9476 2.0282 4.8347 22.3042 1.9414 -137.0920 1.5860 0.0000 -0.0000 505 nissan_patrol
Car 1.00 1.00 0 0 0 0 0 0 0 0 -1000.00 -1000.00 -1000.00 -1000.00 1.5475 1.9070 4.4025 46.1264 1.9629 -135.0633 1.5860 0.0000 -0.0000 506 seat_leon
Car 1.00 1.00 0 0 0 0 0 0 0 0 -1000.00 -1000.00 -1000.00 -1000.00 2.5908 2.7453 5.4640 31.6946 1.9999 -136.8858 1.5860 0.0000 -0.0000 507 carlamotors_carlacola
Car 1.00 1.00 0 0 0 0 0 0 0 0 -1000.00 -1000.00 -1000.00 -1000.00 2.5908 2.7453 5.4640 116.0604 2.0212 -145.3610 -1.5556 0.0000 -0.0000 508 carlamotors_carlacola
Car 1.00 1.00 0 0 0 0 0 0 0 0 -1000.00 -1000.00 -1000.00 -1000.00 2.5908 2.7453 5.4640 119.5486 2.0212 -145.3079 -1.5556 0.0000 -0.0000 509 carlamotors_carlacola
Car 1.00 1.00 0 0 0 0 0 0 0 0 -1000.00 -1000.00 -1000.00 -1000.00 2.5908 2.7453 5.4640 113.9942 1.8991 -117.1504 -3.1264 0.0000 -0.0000 510 carlamotors_carlacola
Car 1.00 1.00 0 0 0 0 0 0 0 0 -1000.00 -1000.00 -1000.00 -1000.00 2.5908 2.7453 5.4640 27.3842 1.9999 -136.9514 1.5860 0.0000 -0.0000 511 carlamotors_carlacola
Car 1.00 1.00 0 0 0 0 0 0 0 0 -1000.00 -1000.00 -1000.00 -1000.00 2.2031 2.5091 6.5872 53.8192 2.0111 -26.3733 1.0624 0.0000 -0.0000 512 tesla_cybertruck