Car 1.00 1.00 0 0 0 0 0 0 0 0 -1000.00 -1000.00 -1000.00 -1000.00 1.5542 2.3421 5.1370 -106.8724 2.1340 -275.7925 -0.1596 0.0000 0.0000 0 lincoln2020_mkz2020
Car 1.00 1.00 6684 237471 380635 0 0 0 0 0 -1000.00 -1000.00 -1000.00 -1000.00 2.1397 2.1728 4.7045 -0.0005 2.0932 -2.2389 1.5708 0.0000 0.0000 1 volkswagen_t2
Motorcycle 0.00 1.00 0 0 0 0 0 0 0 0 186.80 361.10 200.75 366.59 1.6960 1.0692 2.4735 -186.1879 2.1247 -258.1251 2.7532 0.0044 0.0494 2 harley_davidson_low_rider
Motorcycle 0.00 1.00 0 0 0 0 0 0 0 0 151.15 361.25 164.93 366.29 1.6960 1.0692 2.4735 -189.6927 2.1237 -275.2022 -0.3456 0.0034 -0.0004 3 harley_davidson_low_rider
Car 1.00 1.00 0 0 0 0 0 0 0 0 -1000.00 -1000.00 -1000.00 -1000.00 1.6320 2.1403 5.2230 112.5596 2.1535 -63.5095 -3.1238 -0.0128 0.0005 4 dodge_charger_police
Car 0.00 1.00 0 0 0 0 0 0 0 0 894.75 361.30 906.84 364.83 1.5542 2.3421 5.1370 -247.1531 2.1347 -28.5164 1.5828 -0.0013 -0.0007 5 lincoln2020_mkz2020
Car 1.00 1.00 0 0 0 0 0 0 0 0 -1000.00 -1000.00 -1000.00 -1000.00 1.4546 2.0938 4.3903 179.5863 -7.8539 -8.3698 -1.5851 -0.0007 -0.0001 6 audi_tt
Car 1.00 1.00 0 1 0 1 1 0 0 0 -1000.00 -1000.00 -1000.00 -1000.00 1.4477 1.5550 2.3177 -8.2640 2.1247 -161.8375 0.3975 -0.0072 0.0026 7 bmw_isetta
Car 1.00 1.00 0 0 0 0 0 0 0 0 -1000.00 -1000.00 -1000.00 -1000.00 1.7173 2.2591 5.2781 179.0092 -7.8489 -50.8812 -1.5846 -0.0075 0.0001 8 mercedes_benz_coupe
Car 1.00 1.00 453 514 818 8453 0 0 93 0 -1000.00 -1000.00 -1000.00 -1000.00 1.4812 2.1349 5.6254 -8.1825 2.1198 20.0588 0.6432 -0.0003 -0.0022 9 chevrolet_impala
Car 1.00 1.00 0 2 4 19 0 0 0 0 -1000.00 -1000.00 -1000.00 -1000.00 1.6115 2.2019 5.2564 133.2730 2.0808 38.6142 -1.5250 -0.0001 0.0006 10 charger2020_charger2020
Car 1.00 1.00 0 0 0 0 0 0 0 0 -1000.00 -1000.00 -1000.00 -1000.00 2.2031 2.5091 6.5872 106.6886 2.1513 -155.3389 -3.1284 -0.0013 -0.0008 11 tesla_cybertruck
Car 0.00 1.00 0 0 0 0 0 0 0 0 270.81 364.24 321.04 375.03 1.5140 2.1024 4.9073 -80.9257 2.1345 -97.9183 1.5238 0.0001 -0.0000 12 mercedesccc_mercedesccc
Car 1.00 1.00 0 0 0 0 0 0 0 0 -1000.00 -1000.00 -1000.00 -1000.00 1.6980 1.9434 4.1871 153.8147 2.1443 -154.0202 3.1371 -0.0000 0.0000 13 citroen_c3
Car 1.00 1.00 0 0 0 0 0 0 0 0 -1000.00 -1000.00 -1000.00 -1000.00 1.4812 2.1349 5.6254 91.8059 2.1426 -63.8432 -3.1242 -0.0000 0.0000 14 chevrolet_impala
Car 1.00 1.00 0 0 0 0 0 0 0 0 -1000.00 -1000.00 -1000.00 -1000.00 1.6320 2.1403 5.2230 132.5217 2.0933 -142.4686 -1.5503 -0.0043 0.0000 15 dodge_charger_police
Car 1.00 1.00 0 3 3 9 1 0 0 0 -1000.00 -1000.00 -1000.00 -1000.00 1.5863 2.2347 5.1468 -8.0172 2.1221 -166.7283 0.0132 0.0001 -0.0027 16 lincoln_mkz2017
Car 0.00 0.83 0 0 0 22 0 0 0 0 1598.46 362.25 1643.81 372.13 1.7318 2.1344 5.0985 -101.9098 2.1514 117.9833 0.0149 -0.0000 0.0000 17 audi_etron
Car 1.00 1.00 0 2 3 1 0 0 0 0 -1000.00 -1000.00 -1000.00 -1000.00 1.7506 2.3538 4.8416 -14.4027 2.1318 -166.8173 0.0147 0.0000 -0.0000 18 bmw_grandtourer
Car 1.00 1.00 20 24 37 1419 0 0 0 0 -1000.00 -1000.00 -1000.00 -1000.00 1.5765 1.9374 3.8150 65.4803 2.1225 37.7456 -1.5705 0.0000 -0.0000 19 nissan_micra
Motorcycle 1.00 1.00 12 13 18 80 1 0 0 0 -1000.00 -1000.00 -1000.00 -1000.00 1.6960 1.0692 2.4735 -16.6318 2.1232 -76.2746 0.0078 0.0018 0.0018 20 harley_davidson_low_rider
Car 1.00 1.00 0 0 0 0 0 0 0 0 -1000.00 -1000.00 -1000.00 -1000.00 1.5765 1.9374 3.8150 -78.5025 2.1215 -186.4340 1.5589 0.0017 -0.0000 21 nissan_micra
Car 1.00 1.00 0 0 0 0 0 0 0 0 -1000.00 -1000.00 -1000.00 -1000.00 1.7203 2.2019 5.4994 134.8705 2.1136 -65.2753 0.8030 -0.0000 -0.0003 22 chargercop2020_chargercop2020
Car 1.00 1.00 34 28 50 173 14 0 0 0 -1000.00 -1000.00 -1000.00 -1000.00 1.5475 1.9070 4.4025 -7.7981 2.1070 -69.6972 0.5801 -0.0003 -0.0004 23 seat_leon
Car 1.00 1.00 0 0 0 0 0 0 0 0 -1000.00 -1000.00 -1000.00 -1000.00 1.3660 1.9896 4.9534 -85.7546 2.1340 -205.9325 -1.5630 -0.0000 -0.0000 24 mustang_mustang
Cyclist 0.00 0.41 1 1 1 8 0 0 0 0 1207.70 360.95 1220.95 373.86 1.9709 0.6705 1.7250 -86.4260 2.1228 36.9333 -1.5561 0.0050 0.0000 25 diamondback_century
Cyclist 0.00 0.53 5 4 9 37 0 0 0 0 1157.99 363.15 1169.62 377.49 1.7065 0.8593 1.4873 -68.0979 2.0923 22.4120 -3.1402 -0.0001 0.0000 26 bh_crossbike
Car 0.00 1.00 0 0 0 0 0 0 0 0 362.60 360.07 423.58 379.63 2.1397 2.1728 4.7045 -64.0844 2.1485 -66.5987 -3.1230 0.0000 0.0000 27 volkswagen_t2
Car 0.00 1.00 0 0 0 19 0 0 0 0 1442.57 361.01 1479.55 373.38 1.9718 2.0005 4.0595 -90.7724 2.1395 78.8464 -1.6528 -0.0005 -0.0004 28 jeep_wrangler_rubicon
Car 1.00 1.00 9 13 16 166 0 0 0 3 -1000.00 -1000.00 -1000.00 -1000.00 1.5627 2.2716 5.0314 60.9689 2.1405 13.7517 0.0190 -0.0005 -0.0000 29 tesla_model3
Car 1.00 1.00 0 0 0 0 0 0 0 0 -1000.00 -1000.00 -1000.00 -1000.00 1.4546 2.0938 4.3903 76.4098 2.1418 -182.3173 1.5792 0.0000 -0.0000 30 audi_tt
Car 1.00 1.00 0 0 0 0 0 0 0 0 -1000.00 -1000.00 -1000.00 -1000.00 1.5488 2.0688 3.9961 138.7051 2.0795 -92.2954 1.5876 0.0000 -0.0000 31 mini_cooperst
Car 1.00 1.00 0 0 0 0 0 0 0 0 -1000.00 -1000.00 -1000.00 -1000.00 1.6011 2.1072 4.7392 73.3979 2.1364 -3.6643 1.5950 -0.0000 -0.0000 32 toyota_prius
Car 0.00 1.00 0 0 0 0 0 0 0 0 726.77 360.03 746.49 367.74 2.1397 2.1728 4.7045 -156.2645 2.1485 -64.7747 -1.4681 -0.0001 -0.0000 33 volkswagen_t2
Car 0.00 1.00 0 0 0 0 0 0 0 0 1397.82 361.76 1418.77 367.30 1.6011 2.1072 4.7392 -165.9351 2.1368 131.0917 -3.0334 -0.0002 0.0011 34 toyota_prius
Car 1.00 1.00 0 0 0 0 0 0 0 0 -1000.00 -1000.00 -1000.00 -1000.00 1.3660 1.9896 4.9534 77.2352 2.1342 -17.5369 1.5745 -0.0000 -0.0000 35 mustang_mustang
Car 1.00 1.00 0 0 0 0 0 0 0 0 -1000.00 -1000.00 -1000.00 -1000.00 1.6011 2.1072 4.7392 147.8866 2.1364 21.9820 -3.1088 -0.0000 -0.0000 36 toyota_prius
Car 1.00 1.00 15 18 28 105 31 0 0 0 -1000.00 -1000.00 -1000.00 -1000.00 1.7506 2.3538 4.8416 -1.8145 2.0765 -91.7182 1.5920 0.0000 -0.0000 37 bmw_grandtourer
Car 1.00 1.00 0 0 0 0 0 0 0 0 -1000.00 -1000.00 -1000.00 -1000.00 2.2031 2.5091 6.5872 93.2567 2.1489 -158.1354 -3.1210 0.0048 0.0001 38 tesla_cybertruck
Motorcycle 1.00 1.00 0 0 0 0 0 0 0 0 -1000.00 -1000.00 -1000.00 -1000.00 1.6387 1.2138 2.3199 137.2365 2.0900 2.7235 1.5854 -0.0000 0.0000 39 yamaha_yzf
Car 0.00 1.00 0 0 0 0 0 0 0 0 280.51 361.26 332.70 375.64 1.9476 2.0282 4.8347 -77.3439 2.1238 -92.1524 1.5597 -0.0004 0.0000 40 nissan_patrol
Car 1.00 1.00 0 4 6 23 8 0 0 0 -1000.00 -1000.00 -1000.00 -1000.00 1.6115 2.2019 5.2564 -1.5392 2.0807 -98.1079 1.6386 -0.0001 0.0006 41 charger2020_charger2020
Car 1.00 1.00 0 0 0 0 0 0 0 0 -1000.00 -1000.00 -1000.00 -1000.00 1.6115 2.2019 5.2564 123.2499 2.1359 -165.2606 0.0578 -0.0001 0.0006 42 charger2020_charger2020
Motorcycle 1.00 1.00 0 0 0 0 0 0 0 0 -1000.00 -1000.00 -1000.00 -1000.00 1.6649 1.0692 2.4735 91.9415 2.0682 81.4920 3.1220 0.0030 0.0000 43 harley_davidson_low_rider
Car 1.00 1.00 0 0 0 0 0 0 0 0 -1000.00 -1000.00 -1000.00 -1000.00 1.5542 2.3421 5.1370 -98.3107 2.1340 -274.1236 0.6396 0.0000 0.0000 44 lincoln2020_mkz2020
Motorcycle 1.00 1.00 0 0 0 0 0 0 0 0 -1000.00 -1000.00 -1000.00 -1000.00 1.6960 1.0692 2.4735 77.0882 2.1239 -12.2596 1.5872 0.0030 0.0001 45 harley_davidson_low_rider
Cyclist 1.00 1.00 0 0 0 0 0 0 0 0 -1000.00 -1000.00 -1000.00 -1000.00 1.9310 0.5921 1.9272 76.1186 2.1136 -130.7851 1.5889 -0.0031 -0.0005 46 gazelle_omafiets
Car 1.00 1.00 2848 3138 5000 208364 0 0 1655 0 -1000.00 -1000.00 -1000.00 -1000.00 1.7318 2.1344 5.0985 0.0226 2.0957 4.2206 1.5672 -0.0000 -0.0000 47 audi_etron
Car 1.00 1.00 0 0 0 0 0 0 0 0 -1000.00 -1000.00 -1000.00 -1000.00 1.9476 2.0282 4.8347 130.4584 2.0698 -17.4222 -1.5760 -0.0056 0.0004 48 nissan_patrol
Car 0.08 0.00 464 514 819 32826 0 97 96 0 1580.00 377.80 1918.84 455.00 1.7203 2.2019 5.4994 -14.5378 2.1196 16.5634 0.1620 -0.0044 -0.0026 49 chargercop2020_chargercop2020
Car 0.00 1.00 0 0 0 0 0 0 0 0 671.87 361.82 688.27 367.78 1.6244 1.8781 3.8906 -154.4824 2.1330 -79.7173 1.9442 -0.0006 -0.0012 50 audi_a2
Car 1.00 1.00 0 0 0 0 0 0 0 0 -1000.00 -1000.00 -1000.00 -1000.00 1.5863 2.2347 5.1468 -20.7923 2.1363 -167.0682 0.0221 0.0003 -0.0000 51 lincoln_mkz2017
Cyclist 0.00 0.84 0 0 0 3 0 0 0 0 1089.90 360.81 1095.99 371.65 1.9709 0.6705 1.7250 -103.0498 2.1229 22.2186 -3.1267 0.0068 0.0001 52 diamondback_century
Cyclist 1.00 1.00 2 9 16 60 2 0 0 0 -1000.00 -1000.00 -1000.00 -1000.00 1.9311 0.5921 1.9272 -15.1176 2.1055 -72.6505 0.0743 -0.0072 -0.0006 53 gazelle_omafiets
Car 1.00 1.00 0 0 0 0 0 0 0 0 -1000.00 -1000.00 -1000.00 -1000.00 1.7173 2.2591 5.2781 142.0839 2.0956 -84.5900 1.5864 -0.0071 -0.0002 54 mercedes_benz_coupe
Car 1.00 1.00 0 0 0 0 0 0 0 0 -1000.00 -1000.00 -1000.00 -1000.00 1.5542 2.3421 5.1370 60.8342 2.0788 -212.7511 0.1076 0.0003 -0.0005 55 lincoln2020_mkz2020
Car 1.00 1.00 0 0 0 0 0 0 0 0 -1000.00 -1000.00 -1000.00 -1000.00 1.7506 2.3538 4.8416 20.3895 2.1318 -159.2990 3.1295 -0.0000 -0.0000 56 bmw_grandtourer
Car 1.00 1.00 0 0 0 0 0 0 0 0 -1000.00 -1000.00 -1000.00 -1000.00 1.4546 2.0938 4.3903 75.6671 2.1420 -93.3887 1.5790 0.0000 -0.0000 57 audi_tt
Car 0.00 1.00 0 0 0 0 0 0 0 0 312.13 362.85 366.18 375.28 1.7173 2.2591 5.2781 -80.8491 2.1513 -91.5836 1.5609 -0.0071 -0.0002 58 mercedes_benz_coupe
Car 1.00 1.00 0 0 0 0 0 0 0 0 -1000.00 -1000.00 -1000.00 -1000.00 1.5542 2.3421 5.1370 53.1070 2.1331 -75.0395 0.0176 0.0049 -0.0000 59 lincoln2020_mkz2020
Car 1.00 1.00 0 3 7 35 0 0 0 1 -1000.00 -1000.00 -1000.00 -1000.00 2.1397 2.1728 4.7045 129.7938 2.0949 41.6955 -1.5599 -0.0041 -0.0002 60 volkswagen_t2
Car 1.00 1.00 0 0 0 0 0 0 0 0 -1000.00 -1000.00 -1000.00 -1000.00 1.7506 2.3538 4.8416 181.0145 2.1321 18.2275 -0.1065 -0.0005 -0.0040 61 bmw_grandtourer
Car 1.00 1.00 0 0 0 0 0 0 0 0 -1000.00 -1000.00 -1000.00 -1000.00 1.6320 2.1403 5.2230 96.5525 2.0933 -205.9409 -3.1406 -0.0043 0.0000 62 dodge_charger_police
Car 1.00 1.00 3 1 2 2 1 0 0 0 -1000.00 -1000.00 -1000.00 -1000.00 1.6980 1.9434 4.1871 2.0172 2.0891 -107.5599 1.5916 -0.0000 0.0000 63 citroen_c3
Car 1.00 1.00 0 0 0 0 0 0 0 0 -1000.00 -1000.00 -1000.00 -1000.00 1.4812 2.1349 5.6254 76.1988 2.1422 -145.4968 1.4636 0.0002 0.0047 64 chevrolet_impala
Car 1.00 1.00 116 133 207 917 31 0 0 0 -1000.00 -1000.00 -1000.00 -1000.00 1.6115 2.2019 5.2564 -10.5148 2.0807 -39.3418 -1.5466 0.0033 0.0012 65 charger2020_charger2020
Car 1.00 1.00 0 0 0 0 0 0 0 0 -1000.00 -1000.00 -1000.00 -1000.00 1.3660 1.9896 4.9534 117.1937 2.1343 14.5289 -0.0926 -0.0000 -0.0000 66 mustang_mustang
Motorcycle 1.00 1.00 0 0 0 0 0 0 0 0 -1000.00 -1000.00 -1000.00 -1000.00 1.5852 1.1236 2.1350 77.0046 2.0998 -8.0056 1.5944 -0.0000 -0.0000 67 kawasaki_ninja
Car 0.00 1.00 0 0 0 0 0 0 0 0 804.62 361.46 816.77 365.63 1.5488 2.0688 3.9961 -208.3948 2.0968 -58.0862 -1.5638 -0.0002 -0.0000 68 mini_cooperst
Car 0.00 1.00 0 0 0 0 0 0 0 0 703.16 362.04 725.09 367.66 1.5542 2.3421 5.1370 -156.8787 2.1336 -71.3482 -1.5192 -0.0001 -0.0003 69 lincoln2020_mkz2020
Car 1.00 1.00 36 41 67 284 16 0 0 0 -1000.00 -1000.00 -1000.00 -1000.00 1.9718 2.0005 4.0595 -10.6014 2.1131 -65.6027 -3.1251 0.0001 0.0000 70 jeep_wrangler_rubicon
Car 1.00 1.00 0 0 0 0 0 0 0 0 -1000.00 -1000.00 -1000.00 -1000.00 1.7506 2.3538 4.8416 -78.3709 2.1318 -180.7588 1.5592 0.0001 -0.0000 71 bmw_grandtourer
Car 1.00 1.00 0 0 0 0 0 0 0 0 -1000.00 -1000.00 -1000.00 -1000.00 2.2031 2.5091 6.5872 135.9981 2.0940 -143.6751 -1.5552 0.0039 -0.0000 72 tesla_cybertruck
Car 0.00 1.00 0 0 0 0 0 0 0 0 952.65 363.58 980.73 375.38 1.6244 1.8781 3.8906 -78.8546 2.1335 -1.3241 1.5864 -0.0005 -0.0011 73 audi_a2
Car 1.00 1.00 0 0 0 0 0 0 0 0 -1000.00 -1000.00 -1000.00 -1000.00 1.7203 2.2019 5.4994 72.5891 2.1386 -145.5599 -1.5399 -0.0001 0.0007 74 chargercop2020_chargercop2020
Car 0.00 1.00 0 0 0 0 0 0 0 0 924.09 363.41 960.25 374.94 1.6320 2.1403 5.2230 -82.2905 2.1492 -4.8309 1.5860 -0.0042 0.0000 75 dodge_charger_police
Car 1.00 1.00 139 168 262 18284 0 0 57 20 -1000.00 -1000.00 -1000.00 -1000.00 1.5140 2.1024 4.9073 15.4139 2.1345 13.1957 0.0098 -0.0006 -0.0000 76 mercedesccc_mercedesccc
Car 1.00 1.00 0 0 0 0 0 0 0 0 -1000.00 -1000.00 -1000.00 -1000.00 1.6244 1.8781 3.8906 54.6231 2.0775 -213.0757 0.0232 -0.0005 -0.0011 77 audi_a2
Car 0.00 1.00 0 0 0 0 0 0 0 0 195.32 365.27 269.35 383.74 1.6244 1.8781 3.8906 -52.7777 2.1332 -70.0397 -3.0935 -0.0002 -0.0011 78 audi_a2
Car 1.00 1.00 0 5 10 19 5 0 0 0 -1000.00 -1000.00 -1000.00 -1000.00 1.7203 2.2019 5.4994 3.1270 2.1199 -161.4955 -2.6944 0.0004 0.0041 79 chargercop2020_chargercop2020
Car 0.00 1.00 0 0 0 0 0 0 0 0 760.37 360.03 779.30 367.53 2.1397 2.1728 4.7045 -160.2819 2.1487 -56.8598 -1.5529 0.0000 0.0000 80 volkswagen_t2
Car 1.00 1.00 0 0 0 0 0 0 0 0 -1000.00 -1000.00 -1000.00 -1000.00 1.3660 1.9896 4.9534 66.7386 2.1340 -167.9037 -0.5371 0.0000 0.0000 81 mustang_mustang
Car 1.00 1.00 1 0 2 24 7 0 0 0 -1000.00 -1000.00 -1000.00 -1000.00 1.7203 2.2019 5.4994 1.9210 2.0833 -95.0061 1.6250 -0.0001 0.0007 82 chargercop2020_chargercop2020
Car 1.00 1.00 0 0 0 0 0 0 0 0 -1000.00 -1000.00 -1000.00 -1000.00 1.6244 1.8781 3.8906 3.3489 -2.4774 119.8863 0.0101 -0.1193 -0.0011 83 audi_a2
Car 1.00 1.00 0 0 0 0 0 0 0 0 -1000.00 -1000.00 -1000.00 -1000.00 1.6244 1.8781 3.8906 79.1068 2.1332 -86.5748 1.5799 -0.0005 -0.0011 84 audi_a2
Car 1.00 1.00 0 0 0 0 0 0 0 0 -1000.00 -1000.00 -1000.00 -1000.00 1.3660 1.9896 4.9534 159.7709 2.1339 -153.9404 3.1163 -0.0000 -0.0000 85 mustang_mustang
Car 1.00 1.00 0 0 0 0 0 0 0 0 -1000.00 -1000.00 -1000.00 -1000.00 1.6244 1.8781 3.8906 -10.2735 -2.3183 -272.1675 0.0248 -0.1298 -0.0030 86 audi_a2
Car 0.00 1.00 0 0 0 0 0 0 0 0 537.28 360.58 556.91 367.54 1.9718 2.0005 4.0595 -159.2834 2.1400 -120.1114 -1.5094 -0.0017 0.0028 87 jeep_wrangler_rubicon
Car 1.00 1.00 0 0 0 0 0 0 0 0 -1000.00 -1000.00 -1000.00 -1000.00 1.9718 2.0005 4.0595 22.3183 -6.4176 -271.6723 0.0111 -0.1139 0.0002 88 jeep_wrangler_rubicon
Car 0.00 1.00 0 0 0 0 0 0 0 0 1184.57 361.94 1199.40 365.55 1.3660 1.9896 4.9534 -217.2810 2.1346 88.2534 0.7550 -0.0001 -0.0020 89 mustang_mustang
Motorcycle 1.00 1.00 0 0 0 0 0 0 0 0 -1000.00 -1000.00 -1000.00 -1000.00 1.6649 1.0692 2.4735 87.1052 2.0682 85.2348 3.1106 0.0030 0.0000 90 harley_davidson_low_rider
Car 0.00 1.00 0 0 0 0 0 0 0 0 1247.49 361.48 1261.71 365.70 1.5475 1.9070 4.4025 -212.8322 2.1359 110.3110 -2.5346 -0.0006 0.0084 91 seat_leon
Motorcycle 1.00 1.00 0 0 0 0 0 0 0 0 -1000.00 -1000.00 -1000.00 -1000.00 1.6387 1.2138 2.3199 137.3388 2.0900 -7.9696 1.5732 -0.0000 0.0000 92 yamaha_yzf
Cyclist 0.00 1.00 0 0 0 0 0 0 0 0 1386.22 360.89 1400.10 372.31 1.9311 0.5921 1.9272 -96.0737 2.0893 72.0351 -2.9317 -0.0097 -0.0020 93 gazelle_omafiets
Car 0.00 1.00 0 0 0 0 0 0 0 0 695.80 362.24 711.32 367.97 1.5140 2.1024 4.9073 -151.9774 2.1342 -72.0431 -3.1054 -0.0000 -0.0000 94 mercedesccc_mercedesccc
Car 1.00 1.00 0 0 0 0 0 0 0 0 -1000.00 -1000.00 -1000.00 -1000.00 1.4546 2.0938 4.3903 31.6245 2.0863 -205.3503 2.9795 -0.0002 -0.0009 95 audi_tt
Car 0.00 1.00 0 0 0 0 0 0 0 0 233.66 360.06 287.89 375.83 2.1397 2.1728 4.7045 -77.3716 2.1485 -98.4897 1.5772 0.0000 -0.0000 96 volkswagen_t2
Car 0.00 1.00 0 0 0 0 0 0 0 0 1226.20 363.97 1265.00 374.02 1.5140 2.1024 4.9073 -86.5125 2.1347 41.7699 -1.5555 0.0000 -0.0000 97 mercedesccc_mercedesccc
Car 1.00 1.00 0 0 0 0 0 0 0 0 -1000.00 -1000.00 -1000.00 -1000.00 1.4812 2.1349 5.6254 143.1113 2.1264 11.4729 0.9093 0.0050 -0.0352 98 chevrolet_impala
Car 1.00 1.00 0 0 0 0 0 0 0 0 -1000.00 -1000.00 -1000.00 -1000.00 1.5765 1.9374 3.8150 132.9747 2.0665 49.6382 -1.3967 0.0014 -0.0009 99 nissan_micra
Motorcycle 1.00 1.00 0 0 0 0 0 0 0 0 -1000.00 -1000.00 -1000.00 -1000.00 1.5853 1.1236 2.1350 75.6254 2.0997 -88.4119 1.5783 -0.0002 -0.0000 100 kawasaki_ninja
Car 1.00 1.00 0 0 0 0 0 0 0 0 -1000.00 -1000.00 -1000.00 -1000.00 1.9476 2.0282 4.8347 -112.0521 2.1183 -274.4241 0.0510 0.0176 0.0004 101 nissan_patrol
Car 0.00 1.00 0 0 0 0 0 0 0 0 907.62 360.06 941.96 375.54 2.1397 2.1728 4.7045 -78.7875 2.1487 -7.1448 1.5841 0.0000 -0.0000 102 volkswagen_t2
Car 0.00 1.00 0 0 0 0 0 0 0 0 1335.83 364.67 1370.55 373.49 1.3660 1.9896 4.9534 -90.5029 2.1347 61.2229 -1.2629 -0.0003 -0.0001 103 mustang_mustang
Car 1.00 1.00 0 0 0 0 0 0 0 0 -1000.00 -1000.00 -1000.00 -1000.00 1.5627 2.2716 5.0314 72.1076 2.1400 60.9797 1.6203 0.0018 0.0001 104 tesla_model3
Car 1.00 1.00 0 0 0 0 0 0 0 0 -1000.00 -1000.00 -1000.00 -1000.00 1.5542 2.3421 5.1370 96.0987 2.1342 -67.2606 -3.1254 0.0000 0.0000 105 lincoln2020_mkz2020
Car 1.00 1.00 0 0 0 0 0 0 0 0 -1000.00 -1000.00 -1000.00 -1000.00 1.5627 2.2716 5.0314 68.9791 2.1401 -146.0488 -1.5541 0.0000 -0.0000 106 tesla_model3
Car 0.00 1.00 0 0 0 0 0 0 0 0 607.65 363.42 639.34 373.61 1.5765 1.9374 3.8150 -88.4902 2.1224 -55.3079 -1.5423 0.0000 -0.0000 107 nissan_micra
Cyclist 0.00 1.00 0 0 0 0 0 0 0 0 342.22 361.60 366.18 379.18 1.9311 0.5921 1.9272 -63.1147 2.1139 -70.0683 -3.1245 -0.0041 -0.0000 108 gazelle_omafiets
Cyclist 1.00 1.00 0 0 0 0 0 0 0 0 -1000.00 -1000.00 -1000.00 -1000.00 1.9311 0.5921 1.9272 90.2466 -7.9053 -274.4097 0.0228 -0.0034 -0.0027 109 gazelle_omafiets
Car 1.00 1.00 63 55 101 391 29 0 0 0 -1000.00 -1000.00 -1000.00 -1000.00 1.4546 2.0938 4.3903 -6.4500 2.0867 -49.7888 -1.5520 0.0000 -0.0000 110 audi_tt
Car 0.00 1.00 0 0 0 0 0 0 0 0 267.57 361.63 341.87 381.40 1.9476 2.0282 4.8347 -58.4819 2.1238 -69.9946 -3.1240 -0.0004 0.0000 111 nissan_patrol
Car 1.00 1.00 0 0 0 0 0 0 0 0 -1000.00 -1000.00 -1000.00 -1000.00 1.4546 2.0938 4.3903 -1.6907 2.0866 -104.2218 1.6056 0.0000 0.0000 112 audi_tt
Car 1.00 1.00 0 0 0 0 0 0 0 0 -1000.00 -1000.00 -1000.00 -1000.00 1.7506 2.3538 4.8416 53.4072 2.0762 -216.7742 0.0319 0.0000 -0.0000 113 bmw_grandtourer
Car 1.00 1.00 10 12 19 65 8 0 0 0 -1000.00 -1000.00 -1000.00 -1000.00 1.9718 2.0005 4.0595 -8.2740 2.0832 -114.2712 -1.5727 0.0022 -0.0001 114 jeep_wrangler_rubicon
Motorcycle 1.00 1.00 0 0 0 0 0 0 0 0 -1000.00 -1000.00 -1000.00 -1000.00 1.6387 1.2138 2.3199 138.6305 2.0899 -87.6029 1.5864 -0.0000 0.0000 115 yamaha_yzf
Car 1.00 1.00 0 0 0 0 0 0 0 0 -1000.00 -1000.00 -1000.00 -1000.00 1.7203 2.2019 5.4994 34.6538 2.1384 -164.9252 -0.1534 -0.0015 0.0011 116 chargercop2020_chargercop2020
Car 1.00 1.00 0 0 0 0 0 0 0 0 -1000.00 -1000.00 -1000.00 -1000.00 1.6980 1.9434 4.1871 129.2626 2.1247 -60.5762 -2.0836 0.0003 -0.0012 117 citroen_c3
Car 1.00 1.00 0 0 0 0 0 0 0 0 -1000.00 -1000.00 -1000.00 -1000.00 1.5542 2.3421 5.1370 120.7886 -7.8780 -254.3241 -2.7951 -0.0012 -0.0265 118 lincoln2020_mkz2020
Car 1.00 1.00 3 1 3 37 0 0 0 1 -1000.00 -1000.00 -1000.00 -1000.00 2.5908 2.7453 5.4640 66.0815 2.1687 8.9523 -1.5467 -0.0111 -0.0000 119 carlamotors_carlacola
Car 1.00 1.00 0 0 0 0 0 0 0 0 -1000.00 -1000.00 -1000.00 -1000.00 1.5765 1.9374 3.8150 75.6399 2.1222 -99.1715 1.5789 0.0000 -0.0000 120 nissan_micra
Car 1.00 1.00 0 0 0 0 0 0 0 0 -1000.00 -1000.00 -1000.00 -1000.00 1.4477 1.5550 2.3177 171.9974 -7.8595 -22.9416 -1.5705 -0.0114 0.0000 121 bmw_isetta
Car 1.00 1.00 0 0 0 0 0 0 0 0 -1000.00 -1000.00 -1000.00 -1000.00 1.7173 2.2591 5.2781 140.8591 2.0957 -0.3890 1.5942 -0.0069 -0.0002 122 mercedes_benz_coupe
Car 0.00 0.94 51 41 76 331 0 4 0 0 1161.83 363.65 1201.52 380.10 1.7173 2.2591 5.2781 -63.2062 2.1515 22.5373 -3.1255 -0.0071 -0.0002 123 mercedes_benz_coupe
Car 1.00 1.00 0 0 0 0 0 0 0 0 -1000.00 -1000.00 -1000.00 -1000.00 1.5765 1.9374 3.8150 137.6395 2.1094 -154.1185 -1.1956 -0.0028 -0.0012 124 nissan_micra
Car 1.00 1.00 5 9 9 185 0 0 0 0 -1000.00 -1000.00 -1000.00 -1000.00 1.6115 2.2019 5.2564 66.8621 2.1363 21.1677 0.5625 -0.0001 0.0006 125 charger2020_charger2020
Car 1.00 1.00 0 0 0 0 0 0 0 0 -1000.00 -1000.00 -1000.00 -1000.00 1.9476 2.0282 4.8347 119.9670 2.1238 18.0506 0.0292 -0.0003 -0.0000 126 nissan_patrol
Car 0.00 1.00 0 0 0 0 0 0 0 0 388.02 361.52 406.52 365.38 1.5140 2.1024 4.9073 -221.9067 2.1343 -226.4572 2.2160 -0.0007 -0.0071 127 mercedesccc_mercedesccc
Car 1.00 1.00 0 0 0 0 0 0 0 0 -1000.00 -1000.00 -1000.00 -1000.00 1.7173 2.2591 5.2781 -85.6097 2.1511 -199.2969 -1.5791 -0.0071 -0.0002 128 mercedes_benz_coupe
Car 1.00 1.00 1 7 11 48 12 0 0 0 -1000.00 -1000.00 -1000.00 -1000.00 1.4812 2.1349 5.6254 -4.9129 2.0875 -116.1027 -1.5548 -0.0008 0.0002 129 chevrolet_impala
Car 0.00 1.00 0 0 0 0 0 0 0 0 658.78 360.02 671.93 364.84 2.1397 2.1728 4.7045 -248.3466 2.1486 -133.6983 1.5951 -0.0003 0.0002 130 volkswagen_t2
Car 1.00 1.00 0 0 0 0 0 0 0 0 -1000.00 -1000.00 -1000.00 -1000.00 1.6244 1.8781 3.8906 60.4278 2.1332 -74.8921 0.0160 -0.0005 -0.0011 131 audi_a2
Car 0.00 0.96 28 33 51 212 0 8 0 0 1122.37 361.43 1152.80 378.64 1.9476 2.0282 4.8347 -66.6298 2.1240 18.7106 -3.1359 -0.0003 -0.0000 132 nissan_patrol
Car 1.00 1.00 30 33 58 192 8 0 0 0 -1000.00 -1000.00 -1000.00 -1000.00 1.9476 2.0282 4.8347 -20.5958 2.1239 -72.8059 0.0189 -0.0008 0.0000 133 nissan_patrol
Car 1.00 1.00 0 0 0 0 0 0 0 0 -1000.00 -1000.00 -1000.00 -1000.00 1.9476 2.0282 4.8347 183.6050 -7.8783 -203.6236 1.2225 -0.0005 0.0036 134 nissan_patrol
Car 0.70 0.00 8031 21767 34780 254544 0 2277 0 0 0.00 432.23 1115.57 718.90 1.7506 2.3538 4.8416 -3.4684 2.0767 -3.9271 1.5734 0.0000 -0.0000 135 bmw_grandtourer
Car 1.00 1.00 0 0 0 0 0 0 0 0 -1000.00 -1000.00 -1000.00 -1000.00 1.9476 2.0282 4.8347 15.5563 2.1236 -155.8714 -3.1280 -0.0003 -0.0000 136 nissan_patrol
Car 1.00 1.00 0 0 0 0 0 0 0 0 -1000.00 -1000.00 -1000.00 -1000.00 1.7203 2.2019 5.4994 72.4399 2.1387 -64.1704 0.9984 -0.0015 0.0089 137 chargercop2020_chargercop2020
Car 1.00 1.00 24 26 34 295 5 0 0 0 -1000.00 -1000.00 -1000.00 -1000.00 2.5908 2.7453 5.4640 17.4020 2.1595 -68.6435 -3.1239 -0.0000 -0.0000 138 carlamotors_carlacola
Car 1.00 1.00 0 0 0 0 0 0 0 0 -1000.00 -1000.00 -1000.00 -1000.00 1.5863 2.2347 5.1468 205.4333 2.1364 14.3349 -0.5191 0.0001 -0.0050 139 lincoln_mkz2017
Car 1.00 1.00 0 0 0 0 0 0 0 0 -1000.00 -1000.00 -1000.00 -1000.00 1.9718 2.0005 4.0595 155.0357 2.1398 22.0765 -3.0990 -0.0008 -0.0001 140 jeep_wrangler_rubicon
Car 1.00 1.00 0 0 0 0 0 0 0 0 -1000.00 -1000.00 -1000.00 -1000.00 1.6011 2.1072 4.7392 115.0099 2.0805 -211.6021 0.2438 -0.0003 0.0028 141 toyota_prius
Car 1.00 1.00 0 0 0 0 0 0 0 0 -1000.00 -1000.00 -1000.00 -1000.00 1.7318 2.1344 5.0985 187.1966 2.1507 -72.9976 0.0049 -0.0005 0.0011 142 audi_etron
Car 0.00 1.00 0 0 0 0 0 0 0 0 178.01 359.62 243.87 374.55 2.2031 2.5091 6.5872 -84.3676 2.1516 -114.7889 -1.5830 -0.0013 -0.0001 143 tesla_cybertruck
Car 1.00 1.00 0 0 0 0 0 0 0 0 -1000.00 -1000.00 -1000.00 -1000.00 1.5765 1.9374 3.8150 73.0375 2.1220 -189.8527 -1.5619 0.0000 -0.0000 144 nissan_micra
Car 1.00 1.00 0 0 0 1 0 0 0 0 -1000.00 -1000.00 -1000.00 -1000.00 1.4546 2.0938 4.3903 1.8963 2.0866 -101.8727 1.5909 0.0000 -0.0000 145 audi_tt
Car 1.00 1.00 0 0 0 0 0 0 0 0 -1000.00 -1000.00 -1000.00 -1000.00 1.4812 2.1349 5.6254 -111.9922 2.1054 -222.8399 -0.0253 -0.0030 0.0003 146 chevrolet_impala
Car 1.00 1.00 0 0 0 0 0 0 0 0 -1000.00 -1000.00 -1000.00 -1000.00 2.2031 2.5091 6.5872 34.2443 -5.5789 116.3852 0.0260 -0.0579 -0.0006 147 tesla_cybertruck
Car 0.00 1.00 0 0 0 0 0 0 0 0 300.29 361.58 364.32 381.65 1.9718 2.0005 4.0595 -57.8696 2.1397 -66.4875 -3.1240 -0.0004 -0.0001 148 jeep_wrangler_rubicon
Car 0.00 1.00 0 0 0 0 0 0 0 0 216.31 364.84 263.85 373.77 1.3660 1.9896 4.9534 -87.9949 2.1340 -115.1512 -1.5883 -0.0000 -0.0000 149 mustang_mustang
Car 1.00 1.00 0 0 0 0 0 0 0 0 -1000.00 -1000.00 -1000.00 -1000.00 1.3660 1.9896 4.9534 62.8025 2.0952 -205.2321 -2.6888 -0.0081 -0.0019 150 mustang_mustang
Car 0.00 1.00 0 0 0 0 0 0 0 0 877.49 357.01 917.17 375.00 2.5908 2.7453 5.4640 -82.2796 2.1597 -11.3793 1.5503 0.0000 -0.0000 151 carlamotors_carlacola
Car 1.00 1.00 0 4 6 39 0 0 0 1 -1000.00 -1000.00 -1000.00 -1000.00 1.5863 2.2347 5.1468 130.0926 2.0813 31.8591 -1.5886 0.0000 -0.0000 152 lincoln_mkz2017
Car 1.00 1.00 0 0 0 0 0 0 0 0 -1000.00 -1000.00 -1000.00 -1000.00 1.7506 2.3538 4.8416 -102.7937 2.1308 -281.0332 -0.0499 0.0020 -0.0002 153 bmw_grandtourer
Cyclist 1.00 1.00 0 0 0 0 0 0 0 0 -1000.00 -1000.00 -1000.00 -1000.00 1.9709 0.6705 1.7250 79.8698 2.1222 -177.4983 1.5782 0.0045 0.0000 154 diamondback_century
Cyclist 0.00 1.00 0 0 0 0 0 0 0 0 700.58 360.62 705.64 367.39 1.9311 0.5921 1.9272 -160.6229 2.1131 -76.1999 0.0219 -0.0041 0.0001 155 gazelle_omafiets
Motorcycle 1.00 1.00 0 0 0 0 0 0 0 0 -1000.00 -1000.00 -1000.00 -1000.00 1.6960 1.0692 2.4735 219.6706 2.1234 -106.8267 1.5959 0.0032 -0.0006 156 harley_davidson_low_rider
Car 0.00 1.00 0 0 0 0 0 0 0 0 1472.92 360.02 1499.89 368.83 2.1397 2.1728 4.7045 -138.8573 2.1511 128.6051 -3.1196 -0.0052 0.0004 157 volkswagen_t2
Car 0.00 1.00 0 0 0 0 0 0 0 0 1143.87 361.39 1155.13 365.19 1.5488 2.0688 3.9961 -231.2353 2.1355 76.4627 0.9487 -0.0001 -0.0016 158 mini_cooperst
Cyclist 1.00 1.00 0 0 0 0 0 0 0 0 -1000.00 -1000.00 -1000.00 -1000.00 1.9311 0.5921 1.9272 56.0435 2.1137 -162.3849 0.0183 -0.0028 -0.0000 159 gazelle_omafiets
Car 1.00 1.00 0 5 8 16 4 0 0 0 -1000.00 -1000.00 -1000.00 -1000.00 1.4812 2.1349 5.6254 -7.8238 2.0883 -141.9889 -1.5517 -0.0024 0.0000 160 chevrolet_impala
Car 1.00 1.00 0 0 0 0 0 0 0 0 -1000.00 -1000.00 -1000.00 -1000.00 1.7173 2.2591 5.2781 195.3603 -7.8492 -146.0106 1.6214 -0.0073 -0.0004 161 mercedes_benz_coupe
Car 0.00 1.00 0 0 0 0 0 0 0 0 665.71 360.62 684.70 368.04 1.9718 2.0005 4.0595 -149.5552 2.1393 -78.5382 1.5985 0.0004 -0.0000 162 jeep_wrangler_rubicon
Car 1.00 1.00 0 0 0 0 0 0 0 0 -1000.00 -1000.00 -1000.00 -1000.00 1.7506 2.3538 4.8416 42.7623 2.0766 80.4456 -3.1264 0.0001 0.0001 163 bmw_grandtourer
Car 1.00 1.00 0 0 0 0 0 0 0 0 -1000.00 -1000.00 -1000.00 -1000.00 1.6115 2.2019 5.2564 137.2803 2.0807 -2.1841 1.6110 -0.0001 0.0006 164 charger2020_charger2020
Car 1.00 1.00 0 0 0 0 0 0 0 0 -1000.00 -1000.00 -1000.00 -1000.00 1.6244 1.8781 3.8906 73.5182 2.1333 -9.5582 1.5915 -0.0005 -0.0011 165 audi_a2
Car 1.00 1.00 0 0 0 0 0 0 0 0 -1000.00 -1000.00 -1000.00 -1000.00 1.5475 1.9070 4.4025 94.4194 -7.8828 -263.8898 -3.0549 -0.0004 -0.0067 166 seat_leon
Car 0.00 1.00 0 0 0 4 0 0 0 0 1612.70 362.89 1647.73 371.67 1.5765 1.9374 3.8150 -103.7710 2.1228 121.9283 -0.0359 0.0000 -0.0000 167 nissan_micra
Car 0.00 1.00 0 0 0 0 0 0 0 0 1399.26 363.35 1442.46 373.43 1.5863 2.2347 5.1468 -90.5695 2.1375 72.1658 -1.5576 -0.0012 -0.0001 168 lincoln_mkz2017
Car 1.00 1.00 0 4 8 33 13 0 0 0 -1000.00 -1000.00 -1000.00 -1000.00 1.7506 2.3538 4.8416 -0.4071 2.0773 -137.0288 1.5911 -0.0023 0.0007 169 bmw_grandtourer
Car 1.00 1.00 0 0 0 0 0 0 0 0 -1000.00 -1000.00 -1000.00 -1000.00 1.4812 2.1349 5.6254 56.3920 2.1419 -71.4665 0.0177 0.0013 0.0000 170 chevrolet_impala
Car 1.00 1.00 0 0 0 0 0 0 0 0 -1000.00 -1000.00 -1000.00 -1000.00 1.4812 2.1349 5.6254 154.8997 2.1424 -157.6123 3.0952 0.0000 -0.0000 171 chevrolet_impala
Car 1.00 1.00 0 0 0 0 0 0 0 0 -1000.00 -1000.00 -1000.00 -1000.00 1.6011 2.1072 4.7392 208.4174 2.1362 -68.6670 0.0279 -0.0000 -0.0000 172 toyota_prius
Car 1.00 1.00 0 1 1 3 1 0 0 0 -1000.00 -1000.00 -1000.00 -1000.00 1.6115 2.2019 5.2564 -1.7871 2.1129 -166.2986 -2.1922 -0.0013 0.0038 173 charger2020_charger2020
Car 0.00 1.00 0 0 0 0 0 0 0 0 347.22 363.70 388.51 373.82 1.5475 1.9070 4.4025 -87.7498 2.1354 -94.8449 -1.5645 -0.0007 -0.0003 174 seat_leon
Car 1.00 1.00 0 0 0 0 0 0 0 0 -1000.00 -1000.00 -1000.00 -1000.00 2.5908 2.7453 5.4640 -82.0922 2.1594 -184.8170 1.5728 -0.0000 -0.0000 175 carlamotors_carlacola
Car 1.00 1.00 0 0 0 0 0 0 0 0 -1000.00 -1000.00 -1000.00 -1000.00 1.4812 2.1349 5.6254 119.4039 2.1424 -161.2832 0.0288 0.0000 0.0000 176 chevrolet_impala
Car 1.00 1.00 0 0 0 0 0 0 0 0 -1000.00 -1000.00 -1000.00 -1000.00 1.9718 2.0005 4.0595 185.7014 -7.8605 -47.9287 1.5701 -0.0009 -0.0003 177 jeep_wrangler_rubicon
Car 1.00 1.00 0 0 0 0 0 0 0 0 -1000.00 -1000.00 -1000.00 -1000.00 1.6980 1.9434 4.1871 -85.1136 2.1444 -153.0549 -1.5771 0.0003 0.0000 178 citroen_c3
Car 1.00 1.00 13 19 19 97 29 0 0 0 -1000.00 -1000.00 -1000.00 -1000.00 1.5488 2.0688 3.9961 1.6287 2.0796 -88.9907 1.5917 0.0000 -0.0000 179 mini_cooperst
Motorcycle 1.00 1.00 0 0 0 0 0 0 0 0 -1000.00 -1000.00 -1000.00 -1000.00 1.6960 1.0692 2.4735 79.2447 2.1238 -102.0970 1.5771 0.0030 0.0001 180 harley_davidson_low_rider
Car 1.00 1.00 0 0 0 0 0 0 0 0 -1000.00 -1000.00 -1000.00 -1000.00 1.4477 1.5550 2.3177 215.3254 2.1415 -46.7478 -1.5475 -0.0058 0.0000 181 bmw_isetta
Cyclist 1.00 1.00 0 0 0 0 0 0 0 0 -1000.00 -1000.00 -1000.00 -1000.00 1.7065 0.8593 1.4873 79.2174 2.0920 -91.3081 1.5897 0.0000 -0.0000 182 bh_crossbike
Car 1.00 1.00 0 0 0 0 0 0 0 0 -1000.00 -1000.00 -1000.00 -1000.00 1.6011 2.1072 4.7392 189.3203 -7.8639 -46.4151 1.5721 -0.0001 -0.0001 183 toyota_prius
Car 1.00 1.00 0 0 0 0 0 0 0 0 -1000.00 -1000.00 -1000.00 -1000.00 1.5488 2.0688 3.9961 -81.8471 2.1350 -178.7581 1.5589 0.0000 -0.0000 184 mini_cooperst
Car 1.00 1.00 0 0 0 0 0 0 0 0 -1000.00 -1000.00 -1000.00 -1000.00 1.6980 1.9434 4.1871 -89.2098 2.1444 -204.9603 -1.5814 0.0000 0.0000 185 citroen_c3
Car 1.00 1.00 0 0 0 0 0 0 0 0 -1000.00 -1000.00 -1000.00 -1000.00 1.5765 1.9374 3.8150 223.0000 2.1207 -76.0434 1.6181 0.0037 -0.0004 186 nissan_micra
Car 1.00 1.00 0 0 0 0 0 0 0 0 -1000.00 -1000.00 -1000.00 -1000.00 1.7506 2.3538 4.8416 79.1921 2.1324 -96.4335 1.5791 -0.0012 -0.0000 187 bmw_grandtourer
Car 1.00 1.00 0 0 0 0 0 0 0 0 -1000.00 -1000.00 -1000.00 -1000.00 1.5488 2.0688 3.9961 60.6491 2.1349 -165.8242 -0.0061 0.0000 0.0000 188 mini_cooperst
Car 0.00 1.00 0 0 0 0 0 0 0 0 28.20 363.83 76.37 374.30 1.5488 2.0688 3.9961 -84.8475 2.1351 -139.4585 -1.5930 -0.0002 -0.0000 189 mini_cooperst
Car 1.00 1.00 0 0 0 0 0 0 0 0 -1000.00 -1000.00 -1000.00 -1000.00 1.6011 2.1072 4.7392 168.7588 2.1361 -153.9358 3.1173 -0.0001 0.0000 190 toyota_prius
Car 1.00 1.00 0 0 0 0 0 0 0 0 -1000.00 -1000.00 -1000.00 -1000.00 1.3660 1.9896 4.9534 76.8685 2.1343 -2.4006 1.5950 0.0000 -0.0000 191 mustang_mustang
Car 0.00 1.00 0 0 0 0 0 0 0 0 92.15 360.53 121.80 366.66 1.9476 2.0282 4.8347 -180.3708 2.1238 -278.1886 -0.2589 -0.0012 0.0001 192 nissan_patrol
Pedestrian 0.00 1.00 0 0 0 0 0 0 0 0 317.86 360.09 320.78 364.81 1.9158 0.4880 0.7507 -226.2566 1.9514 -262.5798 -0.6589 0.0000 -0.0000 193 pedestrian_0019
Pedestrian 1.00 1.00 0 0 0 0 0 0 0 0 -1000.00 -1000.00 -1000.00 -1000.00 1.1330 0.4333 0.6667 -94.0915 2.0566 -222.4630 1.4424 0.0000 -0.0000 194 pedestrian_0010
Pedestrian 1.00 1.00 0 0 0 0 0 0 0 0 -1000.00 -1000.00 -1000.00 -1000.00 1.9158 0.4880 0.5339 44.0454 1.9499 -170.4328 2.8895 0.0000 -0.0000 195 pedestrian_0005
Pedestrian 1.00 1.00 0 0 0 0 0 0 0 0 -1000.00 -1000.00 -1000.00 -1000.00 1.9158 0.4880 0.6054 128.3544 1.8945 -88.3025 1.5361 0.0000 -0.0000 196 pedestrian_0003
Pedestrian 1.00 1.00 0 0 0 0 0 0 0 0 -1000.00 -1000.00 -1000.00 -1000.00 1.9158 0.4880 0.7507 131.2610 -7.2543 95.2656 2.5343 0.0000 -0.0000 197 pedestrian_0021
Pedestrian 0.00 1.00 0 0 0 0 0 0 0 0 903.38 360.07 904.99 363.99 1.9158 0.4880 0.7507 -272.3358 1.9505 -29.5626 -1.5447 0.0000 -0.0000 198 pedestrian_0003
Pedestrian 0.00 1.00 0 0 0 0 0 0 0 0 250.65 360.09 253.08 365.12 1.9158 0.4880 0.4808 -212.5466 1.9519 -272.4744 -0.4571 0.0000 -0.0000 199 pedestrian_0004
Pedestrian 0.00 0.23 8 9 15 966 0 2 2 0 1353.18 360.48 1367.57 387.76 1.9158 0.4880 0.7507 -40.3619 1.9504 26.1635 3.1181 0.0000 -0.0000 200 pedestrian_0022
Pedestrian 1.00 1.00 0 0 0 0 0 0 0 0 -1000.00 -1000.00 -1000.00 -1000.00 1.3390 0.3253 0.4771 -74.5110 1.9415 -197.3435 1.5466 0.0000 -0.0000 201 pedestrian_0014
Pedestrian 1.00 1.00 0 0 0 0 0 0 0 0 -1000.00 -1000.00 -1000.00 -1000.00 1.9158 0.4880 0.4477 58.1304 1.9481 -24.1719 -1.5373 0.0000 -0.0000 202 pedestrian_0022
Pedestrian 0.00 1.00 0 0 0 0 0 0 0 0 302.26 360.37 314.73 381.26 1.9158 0.4880 0.5636 -52.1583 1.9501 -62.3311 3.1310 0.0000 -0.0000 203 pedestrian_0023
Pedestrian 1.00 1.00 0 0 0 0 0 0 0 0 -1000.00 -1000.00 -1000.00 -1000.00 1.3390 0.3253 0.2786 63.0746 2.0939 -163.2245 -0.8220 0.0000 -0.0000 204 pedestrian_0012
Pedestrian 0.00 1.00 0 0 0 0 0 0 0 0 636.07 360.21 642.23 371.84 1.9158 0.4880 0.7507 -92.6139 1.9502 -55.2527 1.6949 0.0000 -0.0000 205 pedestrian_0019
Pedestrian 0.00 0.94 0 0 0 3 0 0 0 0 1309.02 360.20 1313.19 371.42 1.9158 0.4880 0.3872 -96.0440 1.9504 57.9451 2.1588 0.0000 -0.0000 206 pedestrian_0005
Pedestrian 1.00 1.00 0 0 0 0 0 0 0 0 -1000.00 -1000.00 -1000.00 -1000.00 1.9158 0.4880 0.7507 170.1687 1.9480 -149.0833 -0.0062 0.0000 -0.0000 207 pedestrian_0026
Pedestrian 1.00 1.00 0 0 0 0 0 0 0 0 -1000.00 -1000.00 -1000.00 -1000.00 1.9158 0.4880 0.7507 57.4877 1.9505 -152.0541 -0.0579 0.0000 -0.0000 208 pedestrian_0015
Pedestrian 1.00 1.00 0 0 0 0 0 0 0 0 -1000.00 -1000.00 -1000.00 -1000.00 1.3390 0.3253 0.3226 -52.8713 1.9422 143.3667 -0.0145 0.0000 -0.0000 209 pedestrian_0014
Pedestrian 0.00 1.00 0 0 0 0 0 0 0 0 1891.43 360.21 1897.79 372.54 1.9158 0.4880 0.4195 -87.4324 1.9491 143.4461 -2.8003 0.0000 -0.0000 210 pedestrian_0016
Pedestrian 1.00 1.00 0 0 0 3 0 0 0 0 -1000.00 -1000.00 -1000.00 -1000.00 1.3390 0.3253 0.5005 -13.1094 1.8872 -85.2125 -1.5620 0.0000 -0.0000 211 pedestrian_0012
Pedestrian 1.00 1.00 0 0 0 0 0 0 0 0 -1000.00 -1000.00 -1000.00 -1000.00 1.1330 0.4333 0.5867 83.4668 1.9388 8.7045 1.0186 0.0000 -0.0000 212 pedestrian_0009
Pedestrian 1.00 1.00 0 0 0 0 0 0 0 0 -1000.00 -1000.00 -1000.00 -1000.00 1.1330 0.4333 0.6152 146.3231 1.8835 -79.2121 -1.5532 0.0000 -0.0000 213 pedestrian_0010
Pedestrian 0.00 1.00 0 0 0 0 0 0 0 0 865.60 360.07 867.32 363.99 1.9158 0.4880 0.7507 -272.4787 1.9504 -48.0509 1.5547 0.0000 -0.0000 214 pedestrian_0021
Pedestrian 1.00 1.00 1 0 1 12 0 0 0 0 -1000.00 -1000.00 -1000.00 -1000.00 1.9158 0.4880 0.4100 -12.9719 1.8986 -81.5944 -1.6227 0.0000 -0.0000 215 pedestrian_0018
Pedestrian 0.00 1.00 0 0 0 0 0 0 0 0 478.69 360.08 480.48 364.24 1.9158 0.4880 0.4782 -256.8037 1.9525 -223.9349 -1.2332 0.0000 -0.0000 216 pedestrian_0020
Pedestrian 1.00 1.00 0 0 0 0 0 0 0 0 -1000.00 -1000.00 -1000.00 -1000.00 1.9158 0.4880 0.7507 124.3077 2.0936 22.6544 1.6028 0.0000 -0.0000 217 pedestrian_0017
Pedestrian 0.00 1.00 0 0 0 0 0 0 0 0 15.48 360.00 22.73 368.01 1.9158 0.4880 0.7507 -134.0552 1.9169 -228.0513 3.0190 0.0000 -0.0000 218 pedestrian_0007
Pedestrian 0.00 1.00 0 0 0 0 0 0 0 0 979.57 364.07 982.88 369.84 1.1330 0.4333 0.5347 -110.6854 1.9415 1.9578 0.5344 0.0000 -0.0000 219 pedestrian_0010
Pedestrian 1.00 1.00 14 15 28 312 0 0 3 0 -1000.00 -1000.00 -1000.00 -1000.00 1.9158 0.4880 0.5158 14.0997 1.9503 27.0097 -2.9706 0.0000 -0.0000 220 pedestrian_0023
Pedestrian 1.00 1.00 0 0 0 0 0 0 0 0 -1000.00 -1000.00 -1000.00 -1000.00 1.9158 0.4880 0.5235 33.1154 1.8944 -219.2736 3.0161 0.0000 -0.0000 221 pedestrian_0024
Pedestrian 0.00 1.00 0 0 0 0 0 0 0 0 522.58 362.19 524.60 365.41 1.1330 0.4333 0.3774 -196.6222 1.9055 -156.2423 -1.5386 0.0000 -0.0000 222 pedestrian_0011
Pedestrian 0.00 1.00 0 0 0 0 0 0 0 0 962.12 360.07 963.69 363.99 1.9158 0.4880 0.7408 -272.2996 1.9505 -0.8179 1.5151 0.0000 -0.0000 223 pedestrian_0016
Pedestrian 1.00 1.00 0 0 0 0 0 0 0 0 -1000.00 -1000.00 -1000.00 -1000.00 1.9158 0.4880 0.6721 164.1425 -8.0573 -257.1563 0.7660 0.0000 -0.0000 224 pedestrian_0017
Pedestrian 1.00 1.00 0 0 0 0 0 0 0 0 -1000.00 -1000.00 -1000.00 -1000.00 1.9158 0.4880 0.4826 165.0234 -8.0503 -188.4702 0.1871 0.0000 -0.0000 225 pedestrian_0001
Pedestrian 0.00 1.00 0 0 0 0 0 0 0 0 280.89 359.99 285.13 365.99 1.9158 0.4880 0.7507 -178.5980 1.9139 -219.1230 -0.3907 0.0000 -0.0000 226 pedestrian_0003
Pedestrian 1.00 1.00 0 0 0 0 0 0 0 0 -1000.00 -1000.00 -1000.00 -1000.00 1.9158 0.4880 0.7507 -71.5103 2.1024 -167.0335 -1.4416 0.0000 -0.0000 227 pedestrian_0007
Pedestrian 1.00 1.00 0 0 0 0 0 0 0 0 -1000.00 -1000.00 -1000.00 -1000.00 1.1330 0.4333 0.6667 127.0752 2.0908 -163.0727 -1.5327 0.0000 -0.0000 228 pedestrian_0010
Pedestrian 0.00 0.04 20 16 26 252 0 0 0 0 1329.50 387.30 1347.50 424.70 1.1330 0.4333 0.4730 -17.9425 1.9392 9.2671 1.5280 0.0000 -0.0000 229 pedestrian_0010
Pedestrian 1.00 1.00 0 0 0 0 0 0 0 0 -1000.00 -1000.00 -1000.00 -1000.00 1.3390 0.3253 0.4077 63.5815 2.0941 -73.4227 -0.6057 0.0000 -0.0000 230 pedestrian_0013
Pedestrian 1.00 1.00 0 0 0 0 0 0 0 0 -1000.00 -1000.00 -1000.00 -1000.00 1.3390 0.3253 0.4556 144.6209 1.8862 -10.2625 1.4704 0.0000 -0.0000 231 pedestrian_0013
Pedestrian 1.00 1.00 0 0 0 5 1 0 0 0 -1000.00 -1000.00 -1000.00 -1000.00 1.9158 0.4880 0.7507 9.4650 2.1023 -160.4882 1.6514 0.0000 -0.0000 232 pedestrian_0020
Pedestrian 1.00 1.00 0 0 0 0 0 0 0 0 -1000.00 -1000.00 -1000.00 -1000.00 1.9158 0.4880 0.7422 192.7769 1.9513 28.6735 -0.0698 0.0000 -0.0000 233 pedestrian_0021
Pedestrian 0.00 1.00 0 0 0 0 0 0 0 0 786.55 362.51 788.14 365.62 1.1330 0.4333 0.4528 -203.5811 2.0527 -65.3346 -0.0267 0.0000 -0.0000 234 pedestrian_0009
Pedestrian 1.00 1.00 0 0 0 0 0 0 0 0 -1000.00 -1000.00 -1000.00 -1000.00 1.9158 0.4880 0.4898 219.9427 2.1024 -53.9181 -2.7911 0.0000 -0.0000 235 pedestrian_0006
Pedestrian 0.00 1.00 0 0 0 0 0 0 0 0 749.86 363.38 751.98 367.42 1.1330 0.4333 0.5625 -157.6528 2.0913 -61.3201 -3.0320 0.0000 -0.0000 236 pedestrian_0009
Pedestrian 0.00 1.00 0 0 0 0 0 0 0 0 314.19 360.30 325.11 375.86 1.9158 0.4880 0.7507 -69.6942 1.9537 -81.5613 -3.1312 0.0000 -0.0000 237 pedestrian_0026
Pedestrian 0.00 0.34 4 6 10 70 0 0 0 0 1285.44 360.41 1295.45 383.20 1.9158 0.4880 0.5681 -47.9402 1.9510 25.7226 -3.0580 0.0000 -0.0000 238 pedestrian_0021
Pedestrian 1.00 1.00 9 11 19 83 5 0 0 0 -1000.00 -1000.00 -1000.00 -1000.00 1.3390 0.3253 0.5005 5.6058 1.8873 -36.7113 -1.5462 0.0000 -0.0000 239 pedestrian_0012
Pedestrian 0.00 1.00 0 0 0 0 0 0 0 0 90.62 360.11 94.12 366.00 1.9158 0.4880 0.4810 -181.5685 1.9501 -284.8464 2.8994 0.0000 -0.0000 240 pedestrian_0020
Pedestrian 1.00 1.00 0 0 0 0 0 0 0 0 -1000.00 -1000.00 -1000.00 -1000.00 1.1330 0.4333 0.5516 203.0231 -8.0599 -180.4841 -1.6386 0.0000 -0.0000 241 pedestrian_0011
Pedestrian 1.00 1.00 0 0 0 0 0 0 0 0 -1000.00 -1000.00 -1000.00 -1000.00 1.9158 0.4880 0.5778 -93.9205 1.9501 -211.4064 -1.5880 0.0000 -0.0000 242 pedestrian_0002
Pedestrian 1.00 1.00 0 0 0 0 0 0 0 0 -1000.00 -1000.00 -1000.00 -1000.00 1.3390 0.3253 0.3793 88.4971 1.9441 -59.4934 -3.0475 0.0000 -0.0000 243 pedestrian_0014
Pedestrian 1.00 1.00 0 0 0 1 0 0 0 0 -1000.00 -1000.00 -1000.00 -1000.00 1.9158 0.4880 0.3965 -17.3176 2.1024 -163.8825 -2.3716 0.0000 -0.0000 244 pedestrian_0006
Pedestrian 1.00 1.00 0 0 0 0 0 0 0 0 -1000.00 -1000.00 -1000.00 -1000.00 1.9158 0.4880 0.6400 203.1329 -8.0502 -164.4188 -1.5309 0.0000 -0.0000 245 pedestrian_0020
Pedestrian 1.00 1.00 0 0 0 0 0 0 0 0 -1000.00 -1000.00 -1000.00 -1000.00 1.9158 0.4880 0.7507 102.2207 1.9501 -58.9628 0.0647 0.0000 -0.0000 246 pedestrian_0022
Pedestrian 1.00 1.00 0 0 0 7 0 0 0 0 -1000.00 -1000.00 -1000.00 -1000.00 1.9158 0.4880 0.7159 7.8676 2.0882 -159.0782 1.4560 0.0000 -0.0000 247 pedestrian_0002
Pedestrian 1.00 1.00 0 0 0 0 0 0 0 0 -1000.00 -1000.00 -1000.00 -1000.00 1.9158 0.4880 0.7258 139.7127 2.0549 -56.7561 2.9897 0.0000 -0.0000 248 pedestrian_0022
Pedestrian 0.00 1.00 0 0 0 0 0 0 0 0 1247.84 359.99 1251.21 367.18 1.9158 0.4880 0.7507 -149.1163 1.9141 75.1119 0.0392 0.0000 -0.0000 249 pedestrian_0006
Pedestrian 1.00 1.00 0 0 0 0 0 0 0 0 -1000.00 -1000.00 -1000.00 -1000.00 1.9158 0.4880 0.4827 43.0135 1.9499 -170.6814 -3.1153 0.0000 -0.0000 250 pedestrian_0019
Pedestrian 0.00 1.00 0 0 0 3 0 0 0 0 1227.61 360.20 1233.43 371.46 1.9158 0.4880 0.7507 -95.6208 1.9504 43.9235 1.6065 0.0000 -0.0000 251 pedestrian_0018
Pedestrian 0.00 1.00 0 0 0 0 0 0 0 0 990.31 360.07 991.89 363.99 1.9158 0.4880 0.7507 -272.1324 1.9505 12.9723 1.5589 0.0000 -0.0000 252 pedestrian_0007
Pedestrian 1.00 1.00 0 0 0 0 0 0 0 0 -1000.00 -1000.00 -1000.00 -1000.00 1.9158 0.4880 0.6551 63.1912 2.1025 -68.6506 1.8665 0.0000 -0.0000 253 pedestrian_0008
Pedestrian 0.00 1.00 0 0 0 0 0 0 0 0 1050.28 360.07 1051.41 364.01 1.9158 0.4880 0.5207 -270.9258 1.9506 41.9951 -1.6809 0.0000 -0.0000 254 pedestrian_0022
Pedestrian 0.00 1.00 0 0 0 0 0 0 0 0 1894.00 360.22 1900.09 372.54 1.9158 0.4880 0.4397 -87.5726 1.9506 144.0634 0.4380 0.0000 -0.0000 255 pedestrian_0024
Pedestrian 1.00 1.00 0 0 0 0 0 0 0 0 -1000.00 -1000.00 -1000.00 -1000.00 1.1330 0.4333 0.3363 126.9986 1.8889 -56.6199 -1.7206 0.0000 -0.0000 256 pedestrian_0011
Pedestrian 1.00 1.00 0 0 0 0 0 0 0 0 -1000.00 -1000.00 -1000.00 -1000.00 1.9158 0.4880 0.7507 -36.0895 1.9500 -171.2182 0.0215 0.0000 -0.0000 257 pedestrian_0006
Pedestrian 1.00 1.00 0 0 0 0 0 0 0 0 -1000.00 -1000.00 -1000.00 -1000.00 1.9158 0.4880 0.7507 101.0490 1.8948 -219.4366 3.1250 0.0000 -0.0000 258 pedestrian_0005
Pedestrian 1.00 1.00 0 0 0 8 1 0 0 0 -1000.00 -1000.00 -1000.00 -1000.00 1.9158 0.4880 0.7362 -11.2146 1.8948 -133.0880 -1.5413 0.0000 -0.0000 259 pedestrian_0003
Pedestrian 1.00 1.00 0 0 0 0 0 0 0 0 -1000.00 -1000.00 -1000.00 -1000.00 1.9158 0.4880 0.7455 164.3752 -8.0267 6.0120 1.5639 0.0000 -0.0000 260 pedestrian_0001
Pedestrian 1.00 1.00 0 0 0 0 0 0 0 0 -1000.00 -1000.00 -1000.00 -1000.00 1.3390 0.3253 0.2870 56.3119 1.8860 -200.7106 -0.1182 0.0000 -0.0000 261 pedestrian_0014
Pedestrian 0.00 1.00 0 0 0 0 0 0 0 0 716.76 360.15 719.44 367.68 1.9158 0.4880 0.4608 -142.2161 1.9531 -63.8567 -3.1090 0.0000 -0.0000 262 pedestrian_0020
Pedestrian 0.00 1.00 0 0 0 0 0 0 0 0 807.71 359.99 809.74 365.34 1.9158 0.4880 0.6047 -199.8659 1.9117 -56.5072 -1.5413 0.0000 -0.0000 263 pedestrian_0025
Pedestrian 1.00 1.00 0 0 0 0 0 0 0 0 -1000.00 -1000.00 -1000.00 -1000.00 1.9158 0.4880 0.3754 58.4736 1.9502 9.5008 2.2620 0.0000 -0.0000 264 pedestrian_0026
Pedestrian 0.00 1.00 0 0 0 0 0 0 0 0 554.55 360.07 556.73 364.08 1.9158 0.4880 0.7060 -266.2561 1.9514 -195.7326 1.7673 0.0000 -0.0000 265 pedestrian_0025
Pedestrian 1.00 1.00 0 0 0 0 0 0 0 0 -1000.00 -1000.00 -1000.00 -1000.00 1.3390 0.3253 0.4223 -7.6050 2.0385 -173.1192 3.0265 0.0000 -0.0000 266 pedestrian_0013
Pedestrian 1.00 1.00 0 0 0 0 0 0 0 0 -1000.00 -1000.00 -1000.00 -1000.00 1.9158 0.4880 0.3863 86.9133 1.9499 -172.6426 -2.8873 0.0000 -0.0000 267 pedestrian_0015
Pedestrian 1.00 1.00 0 0 0 0 0 0 0 0 -1000.00 -1000.00 -1000.00 -1000.00 1.9158 0.4880 0.3877 125.2534 1.9499 -146.3682 -2.6052 0.0000 -0.0000 268 pedestrian_0021
Pedestrian 0.00 1.00 0 0 0 0 0 0 0 0 1849.10 364.95 1855.80 371.95 1.1330 0.4333 0.4057 -91.1616 1.9395 142.8788 3.1284 0.0000 -0.0000 269 pedestrian_0010
Pedestrian 0.00 0.01 98 115 202 2370 0 32 0 0 1390.00 367.40 1438.05 490.60 1.9158 0.4880 0.4877 -10.0669 2.0472 5.1691 0.0500 0.0000 -0.0000 270 pedestrian_0023
Pedestrian 0.00 1.00 0 0 0 0 0 0 0 0 1294.33 363.53 1297.63 371.42 1.3390 0.3253 0.3547 -95.4679 1.9420 55.0029 1.7968 0.0000 -0.0000 271 pedestrian_0013
Pedestrian 1.00 1.00 0 0 0 0 0 0 0 0 -1000.00 -1000.00 -1000.00 -1000.00 1.9158 0.4880 0.3797 -130.3732 1.9511 -287.9769 -0.2976 0.0000 -0.0000 272 pedestrian_0016
Pedestrian 0.00 1.00 0 0 0 0 0 0 0 0 353.10 365.77 359.66 376.07 1.3390 0.3253 0.5005 -73.4084 2.0942 -81.0590 -1.5643 0.0000 -0.0000 273 pedestrian_0014
Pedestrian 1.00 1.00 0 0 0 0 0 0 0 0 -1000.00 -1000.00 -1000.00 -1000.00 1.9158 0.4880 0.6216 -38.2538 1.9520 -169.8749 -0.0186 0.0000 -0.0000 274 pedestrian_0019
Pedestrian 0.00 1.00 0 0 0 0 0 0 0 0 89.40 363.07 93.26 369.91 1.3390 0.3253 0.2825 -109.7604 1.9416 -172.6422 3.0937 0.0000 -0.0000 275 pedestrian_0013
Pedestrian 1.00 1.00 0 0 0 0 0 0 0 0 -1000.00 -1000.00 -1000.00 -1000.00 1.9158 0.4880 0.7234 -94.4229 1.9343 -212.8300 -1.6434 0.0000 -0.0000 276 pedestrian_0023
Pedestrian 1.00 1.00 0 0 0 0 0 0 0 0 -1000.00 -1000.00 -1000.00 -1000.00 1.1330 0.4333 0.6667 145.8373 1.8831 -108.1078 1.6090 0.0000 -0.0000 277 pedestrian_0011
Pedestrian 1.00 1.00 0 0 0 0 0 0 0 0 -1000.00 -1000.00 -1000.00 -1000.00 1.3390 0.3253 0.3081 90.4812 1.9417 -59.3315 -3.1061 0.0000 -0.0000 278 pedestrian_0012
Pedestrian 1.00 1.00 0 0 0 0 0 0 0 0 -1000.00 -1000.00 -1000.00 -1000.00 1.9158 0.4880 0.5529 56.5153 -8.0738 -249.2187 0.0161 0.0000 -0.0000 279 pedestrian_0015
Pedestrian 1.00 1.00 0 0 0 0 0 0 0 0 -1000.00 -1000.00 -1000.00 -1000.00 1.9158 0.4880 0.4255 85.0105 1.9502 10.8067 -1.3461 0.0000 -0.0000 280 pedestrian_0017
Pedestrian 1.00 1.00 0 0 0 0 0 0 0 0 -1000.00 -1000.00 -1000.00 -1000.00 1.9158 0.4880 0.7507 200.9024 -8.0483 -17.9452 1.5875 0.0000 -0.0000 281 pedestrian_0005
Pedestrian 1.00 1.00 0 0 0 0 0 0 0 0 -1000.00 -1000.00 -1000.00 -1000.00 1.1330 0.4333 0.3664 77.0668 2.0808 -202.3432 3.1416 0.0000 -0.0000 282 pedestrian_0009
Pedestrian 0.00 1.00 0 0 0 0 0 0 0 0 623.23 364.82 628.76 371.65 1.1330 0.4333 0.6667 -93.4952 1.9389 -57.9570 -1.4985 0.0000 -0.0000 283 pedestrian_0009
Pedestrian 1.00 1.00 0 0 0 0 0 0 0 0 -1000.00 -1000.00 -1000.00 -1000.00 1.1330 0.4333 0.4160 208.4935 1.9385 -90.5450 1.5503 0.0000 -0.0000 284 pedestrian_0009
Pedestrian 0.00 1.00 0 0 0 0 0 0 0 0 750.16 360.13 753.74 367.46 1.9158 0.4880 0.7507 -146.1212 1.9503 -56.7009 1.5582 0.0000 -0.0000 285 pedestrian_0024
Pedestrian 1.00 1.00 0 0 0 0 0 0 0 0 -1000.00 -1000.00 -1000.00 -1000.00 1.9158 0.4880 0.5265 85.3809 1.9499 -171.8814 -3.0528 0.0000 -0.0000 286 pedestrian_0023
Pedestrian 0.00 1.00 0 0 0 0 0 0 0 0 1245.82 360.01 1249.31 367.08 1.9158 0.4880 0.7507 -151.4699 1.9173 75.8090 -2.9779 0.0000 -0.0000 287 pedestrian_0015
Pedestrian 1.00 1.00 0 0 0 0 0 0 0 0 -1000.00 -1000.00 -1000.00 -1000.00 1.9158 0.4880 0.6069 140.7280 -8.0586 -228.8778 0.5977 0.0000 -0.0000 288 pedestrian_0025
Pedestrian 1.00 1.00 0 0 0 0 0 0 0 0 -1000.00 -1000.00 -1000.00 -1000.00 1.1330 0.4333 0.4903 170.6839 -7.4810 108.7801 -0.8387 0.0000 -0.0000 289 pedestrian_0009
Pedestrian 1.00 1.00 0 0 0 0 0 0 0 0 -1000.00 -1000.00 -1000.00 -1000.00 1.9158 0.4880 0.5648 -23.9997 1.9905 -169.5670 -0.2444 0.0000 -0.0000 290 pedestrian_0019
Pedestrian 0.00 1.00 0 0 0 0 0 0 0 0 1421.35 360.02 1426.00 371.16 1.9158 0.4880 0.3754 -96.5544 1.9185 77.6679 -0.0826 0.0000 -0.0000 291 pedestrian_0007
Pedestrian 0.00 1.00 0 0 0 0 0 0 0 0 1106.76 360.07 1108.52 364.12 1.9158 0.4880 0.7507 -263.8906 1.9506 67.7775 1.1750 0.0000 -0.0000 292 pedestrian_0021
Pedestrian 1.00 1.00 0 0 0 0 0 0 0 0 -1000.00 -1000.00 -1000.00 -1000.00 1.3390 0.3253 0.4246 27.6154 1.9127 -30.0188 -2.8830 0.0000 -0.0000 293 pedestrian_0014
Pedestrian 1.00 1.00 0 0 0 0 0 0 0 0 -1000.00 -1000.00 -1000.00 -1000.00 1.9158 0.4880 0.7476 118.6198 -6.9176 141.0934 2.8501 0.0000 -0.0000 294 pedestrian_0002
Pedestrian 1.00 1.00 0 0 0 0 0 0 0 0 -1000.00 -1000.00 -1000.00 -1000.00 1.9158 0.4880 0.7507 130.0071 2.0471 8.5770 0.0280 0.0000 -0.0000 295 pedestrian_0026
Pedestrian 1.00 1.00 0 0 0 0 0 0 0 0 -1000.00 -1000.00 -1000.00 -1000.00 1.9158 0.4880 0.3978 61.1516 1.9501 -79.3868 -0.0781 0.0000 -0.0000 296 pedestrian_0020
Pedestrian 1.00 1.00 0 0 0 0 0 0 0 0 -1000.00 -1000.00 -1000.00 -1000.00 1.9158 0.4880 0.7072 63.1541 1.9500 -85.9943 1.5052 0.0000 -0.0000 297 pedestrian_0016
Pedestrian 0.00 1.00 0 0 0 0 0 0 0 0 1269.99 360.01 1273.79 367.57 1.9158 0.4880 0.7507 -141.8489 1.9172 76.9965 -3.0076 0.0000 -0.0000 298 pedestrian_0024
Pedestrian 1.00 1.00 0 0 0 0 0 0 0 0 -1000.00 -1000.00 -1000.00 -1000.00 1.9158 0.4880 0.6736 160.6561 -7.8074 54.5063 -1.2367 0.0000 -0.0000 299 pedestrian_0001
Pedestrian 0.00 1.00 0 0 0 0 0 0 0 0 376.77 360.13 379.58 367.37 1.9158 0.4880 0.4437 -147.9399 1.9501 -156.4523 2.5373 0.0000 -0.0000 300 pedestrian_0025
Pedestrian 0.00 1.00 0 0 0 0 0 0 0 0 322.01 360.20 328.85 370.02 1.9158 0.4880 0.7507 -109.4920 1.9549 -126.4113 -1.4757 0.0000 -0.0000 301 pedestrian_0016
Pedestrian 0.00 1.00 0 0 0 0 0 0 0 0 649.14 360.18 653.53 369.78 1.9158 0.4880 0.7507 -112.0805 1.9529 -64.0800 -3.0887 0.0000 -0.0000 302 pedestrian_0006
Pedestrian 0.00 0.13 5 5 6 452 0 0 1 0 1519.12 373.86 1534.26 398.91 1.3390 0.3253 0.3931 -28.7260 1.9419 26.0735 -3.0634 0.0000 -0.0000 303 pedestrian_0012
Pedestrian 1.00 1.00 0 0 0 0 0 0 0 0 -1000.00 -1000.00 -1000.00 -1000.00 1.9158 0.4880 0.6173 -125.8528 1.9499 -288.7388 -3.0201 0.0000 -0.0000 304 pedestrian_0024
Pedestrian 0.00 1.00 0 0 0 0 0 0 0 0 1401.26 361.87 1403.49 366.04 1.3390 0.3253 0.4581 -179.4101 1.9423 140.1291 0.2776 0.0000 -0.0000 305 pedestrian_0013
Pedestrian 0.00 1.00 0 0 0 0 0 0 0 0 924.18 361.65 925.34 363.97 1.1330 0.4333 0.5433 -272.1155 1.9392 -19.4749 -1.5702 0.0000 -0.0000 306 pedestrian_0011
Pedestrian 1.00 1.00 0 0 0 0 0 0 0 0 -1000.00 -1000.00 -1000.00 -1000.00 1.9158 0.4880 0.4392 -23.6272 1.9500 -170.9966 0.3903 0.0000 -0.0000 307 pedestrian_0024
Pedestrian 0.00 1.00 0 0 0 0 0 0 0 0 963.46 360.07 964.64 363.96 1.9158 0.4880 0.3805 -274.3774 1.9505 -0.2414 -2.1425 0.0000 -0.0000 308 pedestrian_0004
Pedestrian 1.00 1.00 1 0 1 12 0 0 0 0 -1000.00 -1000.00 -1000.00 -1000.00 1.9158 0.4880 0.5165 106.2481 1.9502 31.6460 0.1899 0.0000 -0.0000 309 pedestrian_0019
Pedestrian 1.00 1.00 0 0 0 0 0 0 0 0 -1000.00 -1000.00 -1000.00 -1000.00 1.3390 0.3253 0.2663 146.6492 1.9137 -57.8801 2.9572 0.0000 -0.0000 310 pedestrian_0012
Pedestrian 1.00 1.00 0 0 0 0 0 0 0 0 -1000.00 -1000.00 -1000.00 -1000.00 1.9158 0.4880 0.5211 65.7520 2.1023 -171.9152 -3.1005 0.0000 -0.0000 311 pedestrian_0022
Pedestrian 1.00 1.00 0 0 0 0 0 0 0 0 -1000.00 -1000.00 -1000.00 -1000.00 1.9158 0.4880 0.7507 196.8237 1.9498 -145.8560 0.2909 0.0000 -0.0000 312 pedestrian_0018
Pedestrian 0.00 0.30 5 8 6 73 0 0 0 0 1271.44 360.38 1281.01 381.53 1.9158 0.4880 0.6665 -51.5835 1.9504 26.5972 0.0132 0.0000 -0.0000 313 pedestrian_0022
Pedestrian 1.00 1.00 0 0 0 0 0 0 0 0 -1000.00 -1000.00 -1000.00 -1000.00 1.9158 0.4880 0.3891 34.5191 1.9499 -152.0816 -0.2669 0.0000 -0.0000 314 pedestrian_0005
Pedestrian 1.00 1.00 0 0 0 0 0 0 0 0 -1000.00 -1000.00 -1000.00 -1000.00 1.9158 0.4880 0.7507 126.3746 1.8947 -32.9757 -1.4767 0.0000 -0.0000 315 pedestrian_0018
Pedestrian 0.00 1.00 0 0 0 0 0 0 0 0 839.46 360.07 841.11 364.00 1.9158 0.4880 0.7104 -271.5432 1.9504 -60.6693 -1.5415 0.0000 -0.0000 316 pedestrian_0024
Pedestrian 0.00 1.00 0 0 0 0 0 0 0 0 617.85 360.17 621.57 368.22 1.9158 0.4880 0.6544 -133.2008 1.9553 -83.3833 -3.1305 0.0000 -0.0000 317 pedestrian_0002
Pedestrian 1.00 1.00 0 0 0 0 0 0 0 0 -1000.00 -1000.00 -1000.00 -1000.00 1.3390 0.3253 0.3339 -94.6362 1.9412 -179.2391 1.4213 0.0000 -0.0000 318 pedestrian_0013
Pedestrian 1.00 1.00 0 0 0 0 0 0 0 0 -1000.00 -1000.00 -1000.00 -1000.00 1.9158 0.4880 0.3936 59.4844 2.1023 -163.9522 -2.3699 0.0000 -0.0000 319 pedestrian_0018
Pedestrian 1.00 1.00 0 0 0 0 0 0 0 0 -1000.00 -1000.00 -1000.00 -1000.00 1.9158 0.4880 0.7033 -43.6200 1.9501 -170.3676 0.0262 0.0000 -0.0000 320 pedestrian_0006
Pedestrian 0.00 1.00 0 0 0 0 0 0 0 0 145.46 360.10 149.24 365.68 1.9158 0.4880 0.6426 -191.7287 1.9500 -281.8349 2.7566 0.0000 -0.0000 321 pedestrian_0021
Pedestrian 1.00 1.00 1 2 2 11 3 0 0 0 -1000.00 -1000.00 -1000.00 -1000.00 1.1330 0.4333 0.5681 -1.4652 2.0421 -80.6767 0.0717 0.0000 -0.0000 322 pedestrian_0010
Pedestrian 1.00 1.00 0 0 0 0 0 0 0 0 -1000.00 -1000.00 -1000.00 -1000.00 1.9158 0.4880 0.3797 124.2090 1.9500 -58.2066 0.1372 0.0000 -0.0000 323 pedestrian_0022
Pedestrian 0.00 1.00 0 0 0 0 0 0 0 0 739.18 360.69 742.50 367.80 1.9158 0.4880 0.7507 -150.8133 2.1027 -61.4627 -0.2480 0.0000 -0.0000 324 pedestrian_0015
Pedestrian 0.00 1.00 0 0 0 40 0 0 0 0 1312.04 360.20 1316.33 371.49 1.9158 0.4880 0.3754 -95.3972 1.9504 58.0594 1.9849 0.0000 -0.0000 325 pedestrian_0005
Pedestrian 1.00 1.00 0 0 0 0 0 0 0 0 -1000.00 -1000.00 -1000.00 -1000.00 1.9158 0.4880 0.6192 200.5715 -8.0485 -37.6802 -1.5560 0.0000 -0.0000 326 pedestrian_0006
Pedestrian 1.00 1.00 0 0 0 0 0 0 0 0 -1000.00 -1000.00 -1000.00 -1000.00 1.9158 0.4880 0.7507 41.6555 1.9501 -60.2924 -3.1319 0.0000 -0.0000 327 pedestrian_0002
Pedestrian 1.00 1.00 1 2 4 22 0 0 0 0 -1000.00 -1000.00 -1000.00 -1000.00 1.9158 0.4880 0.6616 -7.2081 2.0555 -59.7798 -2.9918 0.0000 -0.0000 328 pedestrian_0015
Pedestrian 0.00 1.00 0 0 0 0 0 0 0 0 1562.84 360.15 1568.32 368.16 1.9158 0.4880 0.7507 -133.9538 1.9507 142.9854 0.0336 0.0000 -0.0000 329 pedestrian_0005
Pedestrian 0.00 1.00 0 0 0 0 0 0 0 0 135.35 362.36 137.57 365.70 1.1330 0.4333 0.3488 -189.7740 1.9388 -282.6785 2.7322 0.0000 -0.0000 330 pedestrian_0010
Pedestrian 1.00 1.00 0 0 0 0 0 0 0 0 -1000.00 -1000.00 -1000.00 -1000.00 1.9158 0.4880 0.7026 54.4481 2.0473 80.0691 -1.4744 0.0000 -0.0000 331 pedestrian_0001
Pedestrian 0.00 1.00 0 0 0 0 0 0 0 0 964.24 360.21 967.75 371.69 1.9158 0.4880 0.3769 -93.7939 1.9503 -1.2365 -2.1896 0.0000 -0.0000 332 pedestrian_0017
Pedestrian 1.00 1.00 4 6 6 23 3 0 0 0 -1000.00 -1000.00 -1000.00 -1000.00 1.9158 0.4880 0.5968 -4.4351 2.0505 -81.0065 0.0281 0.0000 -0.0000 333 pedestrian_0023
Pedestrian 0.00 1.00 0 0 0 0 0 0 0 0 1372.17 364.13 1375.41 371.86 1.3390 0.3253 0.3254 -97.3866 2.0581 69.6920 1.9111 0.0000 -0.0000 334 pedestrian_0013
Pedestrian 0.00 1.00 0 0 0 0 0 0 0 0 546.77 361.28 553.60 374.52 1.9158 0.4880 0.7507 -81.7098 2.1026 -61.8890 0.1105 0.0000 -0.0000 335 pedestrian_0019
Pedestrian 0.00 1.00 0 0 0 0 0 0 0 0 1020.67 360.33 1026.44 378.08 1.9158 0.4880 0.7037 -61.2227 1.9517 4.6595 -3.0473 0.0000 -0.0000 336 pedestrian_0017
Pedestrian 1.00 1.00 0 0 0 0 0 0 0 0 -1000.00 -1000.00 -1000.00 -1000.00 1.9158 0.4880 0.3889 -128.9847 1.9499 -288.5560 3.0179 0.0000 -0.0000 337 pedestrian_0025
Pedestrian 1.00 1.00 0 0 0 0 0 0 0 0 -1000.00 -1000.00 -1000.00 -1000.00 1.9158 0.4880 0.7507 55.0068 -8.0739 -285.9329 -3.1169 0.0000 -0.0000 338 pedestrian_0006
Pedestrian 1.00 1.00 0 0 0 0 0 0 0 0 -1000.00 -1000.00 -1000.00 -1000.00 1.1330 0.4333 0.6097 17.9324 -6.1155 -249.8638 0.0164 0.0000 -0.0000 339 pedestrian_0011
Pedestrian 1.00 1.00 0 0 0 0 0 0 0 0 -1000.00 -1000.00 -1000.00 -1000.00 1.1330 0.4333 0.3333 126.7849 1.9067 -57.5071 -1.5896 0.0000 -0.0000 340 pedestrian_0011
Pedestrian 1.00 1.00 0 0 0 0 0 0 0 0 -1000.00 -1000.00 -1000.00 -1000.00 1.3390 0.3253 0.3150 206.6876 1.9433 -134.0131 -1.9702 0.0000 -0.0000 341 pedestrian_0013
Pedestrian 1.00 1.00 0 0 0 0 0 0 0 0 -1000.00 -1000.00 -1000.00 -1000.00 1.9158 0.4880 0.4116 90.0851 1.9501 -59.8682 -1.0464 0.0000 -0.0000 342 pedestrian_0007
Pedestrian 1.00 1.00 0 0 0 3 0 0 0 0 -1000.00 -1000.00 -1000.00 -1000.00 1.9158 0.4880 0.7507 -12.5589 2.1024 -156.2697 -1.6879 0.0000 -0.0000 343 pedestrian_0021
Pedestrian 1.00 1.00 0 0 0 0 0 0 0 0 -1000.00 -1000.00 -1000.00 -1000.00 1.1330 0.4333 0.5903 202.9127 -8.0610 -160.5305 -1.5501 0.0000 -0.0000 344 pedestrian_0010
Pedestrian 1.00 1.00 12 13 18 94 5 0 0 0 -1000.00 -1000.00 -1000.00 -1000.00 1.9158 0.4880 0.5309 6.2382 1.8947 -44.6901 -1.4837 0.0000 -0.0000 345 pedestrian_0021
Pedestrian 1.00 1.00 0 0 0 11 0 0 0 0 -1000.00 -1000.00 -1000.00 -1000.00 1.3390 0.3253 0.3147 80.7286 2.0943 32.8360 -2.9763 0.0000 -0.0000 346 pedestrian_0014
Pedestrian 1.00 1.00 0 0 0 0 0 0 0 0 -1000.00 -1000.00 -1000.00 -1000.00 1.9158 0.4880 0.5720 -63.9256 1.9453 -123.6121 -0.0280 0.0000 -0.0000 347 pedestrian_0023
Pedestrian 0.00 1.00 0 0 0 0 0 0 0 0 174.39 360.35 189.53 379.32 1.9158 0.4880 0.7507 -57.4193 1.9517 -81.3850 -3.1192 0.0000 -0.0000 348 pedestrian_0008
Pedestrian 0.00 1.00 0 0 0 0 0 0 0 0 1232.25 360.08 1234.61 364.65 1.9158 0.4880 0.7507 -234.1684 1.9507 112.7713 -2.4840 0.0000 -0.0000 349 pedestrian_0006
Pedestrian 1.00 1.00 0 0 0 0 0 0 0 0 -1000.00 -1000.00 -1000.00 -1000.00 1.9158 0.4880 0.6346 66.6015 2.1022 -199.8466 -3.0906 0.0000 -0.0000 350 pedestrian_0022
Pedestrian 1.00 1.00 0 0 0 0 0 0 0 0 -1000.00 -1000.00 -1000.00 -1000.00 1.9158 0.4880 0.3754 64.3097 2.1023 -171.2938 2.9970 0.0000 -0.0000 351 pedestrian_0023
Pedestrian 1.00 1.00 0 0 0 6 0 0 0 0 -1000.00 -1000.00 -1000.00 -1000.00 1.9158 0.4880 0.7381 8.8498 2.0967 -161.0007 1.5904 0.0000 -0.0000 352 pedestrian_0006
Pedestrian 1.00 1.00 0 0 0 0 0 0 0 0 -1000.00 -1000.00 -1000.00 -1000.00 1.9158 0.4880 0.7507 24.5897 1.9026 60.4432 -3.0228 0.0000 -0.0000 353 pedestrian_0024
Pedestrian 1.00 1.00 0 0 0 0 0 0 0 0 -1000.00 -1000.00 -1000.00 -1000.00 1.1330 0.4333 0.6667 -84.0866 1.9375 143.7872 3.1137 0.0000 -0.0000 354 pedestrian_0011
Pedestrian 1.00 1.00 15 16 26 380 0 0 5 0 -1000.00 -1000.00 -1000.00 -1000.00 1.9158 0.4880 0.6655 18.0393 1.9503 29.5327 -2.9976 0.0000 -0.0000 355 pedestrian_0017
Pedestrian 1.00 1.00 0 0 0 0 0 0 0 0 -1000.00 -1000.00 -1000.00 -1000.00 1.3390 0.3253 0.3490 165.6237 -8.0584 -75.5684 -1.5577 0.0000 -0.0000 356 pedestrian_0012
Pedestrian 0.00 1.00 0 0 0 0 0 0 0 0 185.80 360.10 188.24 365.45 1.9158 0.4880 0.4416 -199.8375 1.9501 -279.4965 2.6703 0.0000 -0.0000 357 pedestrian_0020
Pedestrian 1.00 1.00 0 0 0 0 0 0 0 0 -1000.00 -1000.00 -1000.00 -1000.00 1.9158 0.4880 0.7507 -35.8449 1.9500 -170.3807 3.0188 0.0000 -0.0000 358 pedestrian_0017
Pedestrian 0.00 0.84 3 7 8 34 0 1 0 0 1056.46 360.30 1061.29 377.12 1.9158 0.4880 0.4914 -64.4386 1.9499 9.0694 3.0875 0.0000 -0.0000 359 pedestrian_0025
Pedestrian 1.00 1.00 0 0 0 0 0 0 0 0 -1000.00 -1000.00 -1000.00 -1000.00 1.3390 0.3253 0.5005 -153.3544 1.9425 -288.7643 0.0205 0.0000 -0.0000 360 pedestrian_0013
Pedestrian 0.00 1.00 0 0 0 0 0 0 0 0 54.43 361.91 58.01 366.19 1.3390 0.3253 0.5005 -175.2305 1.9416 -286.2858 3.0033 0.0000 -0.0000 361 pedestrian_0013
Pedestrian 1.00 1.00 0 0 0 48 0 0 0 0 -1000.00 -1000.00 -1000.00 -1000.00 1.3390 0.3253 0.4142 26.5370 1.9112 -30.0237 -2.9799 0.0000 -0.0000 362 pedestrian_0013
Pedestrian 0.00 1.00 0 0 1 1 0 0 0 0 1167.51 366.62 1171.82 374.58 1.1330 0.4333 0.6667 -80.9058 2.0914 27.9721 3.0222 0.0000 -0.0000 363 pedestrian_0011
Pedestrian 1.00 1.00 0 0 0 0 0 0 0 0 -1000.00 -1000.00 -1000.00 -1000.00 1.3390 0.3253 0.4254 18.9926 1.8860 -192.6738 2.4881 0.0000 -0.0000 364 pedestrian_0012
Pedestrian 1.00 1.00 0 0 0 0 0 0 0 0 -1000.00 -1000.00 -1000.00 -1000.00 1.9158 0.4880 0.5430 126.8189 1.8946 -35.8544 -1.5563 0.0000 -0.0000 365 pedestrian_0023
Pedestrian 0.00 1.00 0 0 0 3 0 0 0 0 1390.42 360.01 1395.31 370.32 1.9158 0.4880 0.5431 -104.2919 1.9169 78.4010 -0.0010 0.0000 -0.0000 366 pedestrian_0005
Pedestrian 0.00 1.00 0 0 0 0 0 0 0 0 696.52 360.00 698.96 365.37 1.9158 0.4880 0.6294 -198.8176 1.9143 -95.8247 1.5005 0.0000 -0.0000 367 pedestrian_0021
Pedestrian 0.00 1.00 0 0 0 0 0 0 0 0 717.69 363.24 720.09 367.79 1.1330 0.4333 0.4181 -139.5019 1.9438 -62.4748 0.0585 0.0000 -0.0000 368 pedestrian_0010
Pedestrian 1.00 1.00 0 0 0 0 0 0 0 0 -1000.00 -1000.00 -1000.00 -1000.00 1.9158 0.4880 0.4273 55.5205 1.8946 -200.3580 0.1017 0.0000 -0.0000 369 pedestrian_0020
Pedestrian 1.00 1.00 0 0 0 0 0 0 0 0 -1000.00 -1000.00 -1000.00 -1000.00 1.3390 0.3253 0.3833 61.8657 1.9409 -83.8782 1.5039 0.0000 -0.0000 370 pedestrian_0012
Pedestrian 1.00 1.00 0 0 0 0 0 0 0 0 -1000.00 -1000.00 -1000.00 -1000.00 1.9158 0.4880 0.4009 61.4509 1.9515 -56.9401 -1.5906 0.0000 -0.0000 371 pedestrian_0015
Pedestrian 1.00 1.00 0 0 0 46 0 0 0 1 -1000.00 -1000.00 -1000.00 -1000.00 1.9158 0.4880 0.4297 55.2644 2.1027 25.8172 1.5651 0.0000 -0.0000 372 pedestrian_0007
Pedestrian 0.00 1.00 0 0 0 0 0 0 0 0 785.27 360.08 786.87 364.00 1.9158 0.4880 0.6289 -271.7556 1.9525 -87.1950 -1.5596 0.0000 -0.0000 373 pedestrian_0008
Pedestrian 1.00 1.00 0 0 0 0 0 0 0 0 -1000.00 -1000.00 -1000.00 -1000.00 1.9158 0.4880 0.6073 57.6816 1.9501 -60.4660 -3.0367 0.0000 -0.0000 374 pedestrian_0020
Pedestrian 1.00 1.00 0 0 0 0 0 0 0 0 -1000.00 -1000.00 -1000.00 -1000.00 1.9158 0.4880 0.4978 -26.6424 1.9500 -171.0711 0.1117 0.0000 -0.0000 375 pedestrian_0015
Pedestrian 0.00 1.00 0 0 0 0 0 0 0 0 33.26 367.13 43.59 383.10 1.3390 0.3253 0.3231 -47.8249 1.9427 -80.0382 0.0482 0.0000 -0.0000 376 pedestrian_0012
Pedestrian 1.00 1.00 0 0 0 0 0 0 0 0 -1000.00 -1000.00 -1000.00 -1000.00 1.9158 0.4880 0.4512 114.2050 1.9475 -170.8468 0.2217 0.0000 -0.0000 377 pedestrian_0017
Pedestrian 1.00 1.00 0 0 0 7 0 0 0 0 -1000.00 -1000.00 -1000.00 -1000.00 1.9158 0.4880 0.6841 111.6790 1.9502 28.3442 -3.1060 0.0000 -0.0000 378 pedestrian_0025
Pedestrian 0.00 1.00 0 0 0 0 0 0 0 0 1318.43 364.72 1321.78 371.42 1.1330 0.4333 0.3333 -95.3540 1.9391 59.0395 1.4050 0.0000 -0.0000 379 pedestrian_0009
Pedestrian 1.00 1.00 0 0 0 0 0 0 0 0 -1000.00 -1000.00 -1000.00 -1000.00 1.9158 0.4880 0.4063 61.6775 1.9510 -82.9097 1.3135 0.0000 -0.0000 380 pedestrian_0002
Pedestrian 1.00 1.00 0 0 0 0 0 0 0 0 -1000.00 -1000.00 -1000.00 -1000.00 1.3390 0.3253 0.4038 -90.3799 1.9416 -287.5194 -3.1277 0.0000 -0.0000 381 pedestrian_0013
Pedestrian 1.00 1.00 0 0 0 0 0 0 0 0 -1000.00 -1000.00 -1000.00 -1000.00 1.3390 0.3253 0.5005 82.7595 1.6687 -174.1769 -0.5902 0.0000 -0.0000 382 pedestrian_0012
Pedestrian 0.00 0.20 13 15 30 112 0 1 0 0 1251.42 387.33 1267.85 424.14 1.1330 0.4333 0.4734 -17.9150 1.9325 6.8826 -1.8472 0.0000 -0.0000 383 pedestrian_0010
Pedestrian 1.00 1.00 0 0 0 0 0 0 0 0 -1000.00 -1000.00 -1000.00 -1000.00 1.3390 0.3253 0.4363 -127.1410 1.9416 -288.4591 -0.2035 0.0000 -0.0000 384 pedestrian_0013
Pedestrian 1.00 1.00 8 11 13 217 0 0 1 0 -1000.00 -1000.00 -1000.00 -1000.00 1.9158 0.4880 0.7507 -10.4046 2.0473 28.2885 -2.9498 0.0000 -0.0000 385 pedestrian_0015
Pedestrian 0.00 0.10 20 15 20 790 0 2 2 0 1549.04 361.20 1572.57 400.80 1.9158 0.4880 0.7507 -27.8333 1.9503 26.8641 -0.0284 0.0000 -0.0000 386 pedestrian_0018
Pedestrian 1.00 1.00 0 0 0 0 0 0 0 0 -1000.00 -1000.00 -1000.00 -1000.00 1.3390 0.3253 0.4761 -111.1643 1.9414 -287.8682 0.0138 0.0000 -0.0000 387 pedestrian_0013
Pedestrian 1.00 1.00 0 0 0 0 0 0 0 0 -1000.00 -1000.00 -1000.00 -1000.00 1.9158 0.4880 0.7507 146.1407 2.0468 -169.2819 -2.4512 0.0000 -0.0000 388 pedestrian_0022
Pedestrian 0.00 1.00 0 0 0 0 0 0 0 0 879.38 360.07 881.08 363.99 1.9158 0.4880 0.7507 -272.5114 1.9504 -41.3116 1.5501 0.0000 -0.0000 389 pedestrian_0003
Pedestrian 0.00 1.00 0 0 0 0 0 0 0 0 164.48 360.10 168.68 365.58 1.9158 0.4880 0.7507 -195.2497 1.9501 -280.2599 2.7623 0.0000 -0.0000 390 pedestrian_0021
Pedestrian 0.00 1.00 0 0 0 0 0 0 0 0 1393.33 360.01 1398.20 370.31 1.9158 0.4880 0.5413 -104.4714 1.9169 79.0828 0.3707 0.0000 -0.0000 391 pedestrian_0016
Pedestrian 1.00 1.00 0 0 0 0 0 0 0 0 -1000.00 -1000.00 -1000.00 -1000.00 1.9158 0.4880 0.4311 -130.2030 1.9490 -288.5314 -2.7204 0.0000 -0.0000 392 pedestrian_0005
Pedestrian 1.00 1.00 0 0 0 0 0 0 0 0 -1000.00 -1000.00 -1000.00 -1000.00 1.9158 0.4880 0.4774 157.3931 -8.0542 -207.7378 1.0921 0.0000 -0.0000 393 pedestrian_0026
Pedestrian 1.00 1.00 0 0 0 0 0 0 0 0 -1000.00 -1000.00 -1000.00 -1000.00 1.9158 0.4880 0.4244 57.7629 1.9502 -18.0322 1.8097 0.0000 -0.0000 394 pedestrian_0022
Pedestrian 1.00 1.00 0 0 0 0 0 0 0 0 -1000.00 -1000.00 -1000.00 -1000.00 1.1330 0.4333 0.6667 163.5607 -7.9453 35.9815 1.6593 0.0000 -0.0000 395 pedestrian_0010
Pedestrian 1.00 1.00 0 0 0 21 0 0 0 0 -1000.00 -1000.00 -1000.00 -1000.00 1.9158 0.4880 0.5024 60.7053 2.1027 30.0554 2.9572 0.0000 -0.0000 396 pedestrian_0006
Pedestrian 1.00 1.00 0 0 0 0 0 0 0 0 -1000.00 -1000.00 -1000.00 -1000.00 1.3390 0.3253 0.5005 -94.4872 1.9416 -171.5069 -1.6769 0.0000 -0.0000 397 pedestrian_0012
Pedestrian 1.00 1.00 0 0 0 0 0 0 0 0 -1000.00 -1000.00 -1000.00 -1000.00 1.1330 0.4333 0.6667 11.6294 1.8843 -182.8008 2.0174 0.0000 -0.0000 398 pedestrian_0010
Pedestrian 0.00 1.00 0 0 0 0 0 0 0 0 1101.01 360.00 1103.02 365.27 1.9158 0.4880 0.5387 -202.7926 1.9143 49.4569 -2.3320 0.0000 -0.0000 399 pedestrian_0007
Pedestrian 1.00 1.00 0 0 0 0 0 0 0 0 -1000.00 -1000.00 -1000.00 -1000.00 1.9158 0.4880 0.6437 200.4325 -8.0278 4.4700 -1.5604 0.0000 -0.0000 400 pedestrian_0001
Pedestrian 1.00 1.00 286 315 532 19486 0 0 95 0 -1000.00 -1000.00 -1000.00 -1000.00 1.9158 0.4880 0.3754 4.4086 1.8948 4.5158 1.5959 0.0000 -0.0000 401 pedestrian_0016
Pedestrian 0.00 1.00 0 0 0 0 0 0 0 0 1275.59 360.09 1277.66 364.95 1.9158 0.4880 0.5587 -219.9457 1.9507 122.8164 0.6305 0.0000 -0.0000 402 pedestrian_0021
Pedestrian 1.00 1.00 0 0 0 0 0 0 0 0 -1000.00 -1000.00 -1000.00 -1000.00 1.9158 0.4880 0.4438 84.8210 1.9501 -59.3606 -0.5388 0.0000 -0.0000 403 pedestrian_0006
Pedestrian 0.00 1.00 0 0 0 0 0 0 0 0 1369.30 360.01 1374.59 369.75 1.9158 0.4880 0.7507 -110.3928 1.9174 79.0375 3.1391 0.0000 -0.0000 404 pedestrian_0023
Pedestrian 1.00 1.00 0 0 0 0 0 0 0 0 -1000.00 -1000.00 -1000.00 -1000.00 1.1330 0.4333 0.6074 61.8115 1.9386 -124.7697 -1.5484 0.0000 -0.0000 405 pedestrian_0011
Pedestrian 1.00 1.00 44 54 84 632 10 0 0 0 -1000.00 -1000.00 -1000.00 -1000.00 1.9158 0.4880 0.5457 5.8116 1.8951 -19.2890 -1.5547 0.0000 -0.0000 406 pedestrian_0004
Pedestrian 1.00 1.00 0 0 0 0 0 0 0 0 -1000.00 -1000.00 -1000.00 -1000.00 1.9158 0.4880 0.4971 37.8936 1.9499 -170.9445 -2.9981 0.0000 -0.0000 407 pedestrian_0026
Pedestrian 1.00 1.00 0 0 0 0 0 0 0 0 -1000.00 -1000.00 -1000.00 -1000.00 1.3390 0.3253 0.3767 145.3041 1.8882 -33.3285 -1.5741 0.0000 -0.0000 408 pedestrian_0013
Pedestrian 1.00 1.00 0 0 0 0 0 0 0 0 -1000.00 -1000.00 -1000.00 -1000.00 1.1330 0.4333 0.5879 -94.2890 1.9398 -246.7331 -1.6238 0.0000 -0.0000 409 pedestrian_0010
Pedestrian 1.00 1.00 0 0 0 0 0 0 0 0 -1000.00 -1000.00 -1000.00 -1000.00 1.9158 0.4880 0.5010 145.5898 2.1020 28.1793 -1.5824 0.0000 -0.0000 410 pedestrian_0020
Pedestrian 1.00 1.00 0 0 0 0 0 0 0 0 -1000.00 -1000.00 -1000.00 -1000.00 1.9158 0.4880 0.7258 -94.4513 1.9500 -198.5613 -1.5853 0.0000 -0.0000 411 pedestrian_0025
Pedestrian 1.00 1.00 0 0 0 0 0 0 0 0 -1000.00 -1000.00 -1000.00 -1000.00 1.1330 0.4333 0.3333 125.9031 1.8834 34.3659 -1.4541 0.0000 -0.0000 412 pedestrian_0010
Pedestrian 1.00 1.00 0 0 0 0 0 0 0 0 -1000.00 -1000.00 -1000.00 -1000.00 1.9158 0.4880 0.7507 128.5663 1.8944 -146.9306 -1.5587 0.0000 -0.0000 413 pedestrian_0015
Pedestrian 1.00 1.00 0 0 0 0 0 0 0 0 -1000.00 -1000.00 -1000.00 -1000.00 1.1330 0.4333 0.3787 62.7271 1.9385 -172.8220 3.0592 0.0000 -0.0000 414 pedestrian_0011
Pedestrian 1.00 1.00 3 3 8 33 2 0 0 0 -1000.00 -1000.00 -1000.00 -1000.00 1.9158 0.4880 0.6222 -13.7257 1.8947 -51.1743 1.7690 0.0000 -0.0000 415 pedestrian_0025
Pedestrian 1.00 1.00 0 0 0 0 0 0 0 0 -1000.00 -1000.00 -1000.00 -1000.00 1.1330 0.4333 0.6527 164.1245 -8.0587 -8.0877 1.5713 0.0000 -0.0000 416 pedestrian_0009
Pedestrian 1.00 1.00 0 0 0 0 0 0 0 0 -1000.00 -1000.00 -1000.00 -1000.00 1.9158 0.4880 0.5690 114.4355 -6.9955 104.6619 -0.2684 0.0000 -0.0000 417 pedestrian_0026
Pedestrian 0.00 1.00 0 0 0 0 0 0 0 0 787.10 360.07 788.93 364.01 1.9158 0.4880 0.7507 -270.8707 1.9519 -85.9692 -1.5276 0.0000 -0.0000 418 pedestrian_0019
Pedestrian 1.00 1.00 0 0 0 0 0 0 0 0 -1000.00 -1000.00 -1000.00 -1000.00 1.9158 0.4880 0.7507 17.4379 1.9501 -78.7364 -0.0134 0.0000 -0.0000 419 pedestrian_0018
Pedestrian 1.00 1.00 0 0 0 0 0 0 0 0 -1000.00 -1000.00 -1000.00 -1000.00 1.9158 0.4880 0.5059 -76.0255 1.9500 -287.4051 2.9596 0.0000 -0.0000 420 pedestrian_0026
Pedestrian 1.00 1.00 0 0 0 0 0 0 0 0 -1000.00 -1000.00 -1000.00 -1000.00 1.9158 0.4880 0.3754 145.2451 1.8945 -81.7187 1.8886 0.0000 -0.0000 421 pedestrian_0005
Pedestrian 1.00 1.00 0 0 0 0 0 0 0 0 -1000.00 -1000.00 -1000.00 -1000.00 1.9158 0.4880 0.7507 62.6776 1.9500 -134.0472 -1.5796 0.0000 -0.0000 422 pedestrian_0021
Pedestrian 1.00 1.00 0 0 0 0 0 0 0 0 -1000.00 -1000.00 -1000.00 -1000.00 1.9158 0.4880 0.6514 159.2410 1.9500 -149.3126 0.0424 0.0000 -0.0000 423 pedestrian_0025
Pedestrian 1.00 1.00 0 0 0 0 0 0 0 0 -1000.00 -1000.00 -1000.00 -1000.00 1.9158 0.4880 0.4175 127.0765 1.8993 -79.3419 1.5628 0.0000 -0.0000 424 pedestrian_0008
Pedestrian 1.00 1.00 1 1 2 0 0 0 0 0 -1000.00 -1000.00 -1000.00 -1000.00 1.9158 0.4880 0.4490 50.8275 1.9482 27.8255 -0.0230 0.0000 -0.0000 425 pedestrian_0018
Pedestrian 0.00 1.00 0 0 0 0 0 0 0 0 804.36 360.00 806.85 365.41 1.9158 0.4880 0.7507 -197.7496 1.9171 -57.0373 1.5828 0.0000 -0.0000 426 pedestrian_0020
Pedestrian 1.00 1.00 0 0 0 0 0 0 0 0 -1000.00 -1000.00 -1000.00 -1000.00 1.3390 0.3253 0.5005 -86.4271 2.0940 -172.8980 -3.0673 0.0000 -0.0000 427 pedestrian_0012
Pedestrian 1.00 1.00 0 0 0 0 0 0 0 0 -1000.00 -1000.00 -1000.00 -1000.00 1.1330 0.4333 0.4530 127.8218 1.8855 -128.9122 -1.5526 0.0000 -0.0000 428 pedestrian_0011
Pedestrian 0.00 1.00 0 0 0 0 0 0 0 0 226.45 360.15 231.72 368.57 1.9158 0.4880 0.5707 -127.4333 1.9502 -168.9253 2.9391 0.0000 -0.0000 429 pedestrian_0006
Pedestrian 1.00 1.00 0 0 0 0 0 0 0 0 -1000.00 -1000.00 -1000.00 -1000.00 1.9158 0.4880 0.6148 126.7588 1.8953 -41.3987 -1.4964 0.0000 -0.0000 430 pedestrian_0021
Pedestrian 0.00 1.00 0 0 0 0 0 0 0 0 592.49 360.21 597.58 371.66 1.9158 0.4880 0.5780 -94.1161 1.9510 -63.5311 -3.0900 0.0000 -0.0000 431 pedestrian_0026
Pedestrian 1.00 1.00 0 0 0 0 0 0 0 0 -1000.00 -1000.00 -1000.00 -1000.00 1.9158 0.4880 0.7507 80.5321 -6.5534 109.1241 -0.0235 0.0000 -0.0000 432 pedestrian_0026
Pedestrian 0.00 1.00 0 0 0 0 0 0 0 0 72.80 360.26 82.52 374.93 1.9158 0.4880 0.4919 -73.6845 1.9501 -117.8921 -1.5527 0.0000 -0.0000 433 pedestrian_0002
Pedestrian 1.00 1.00 0 0 0 0 0 0 0 0 -1000.00 -1000.00 -1000.00 -1000.00 1.9158 0.4880 0.7507 179.8307 1.9498 -149.4457 -3.0950 0.0000 -0.0000 434 pedestrian_0001
Pedestrian 1.00 1.00 0 0 0 0 0 0 0 0 -1000.00 -1000.00 -1000.00 -1000.00 1.9158 0.4880 0.6548 162.7352 -8.0576 -257.8338 0.6184 0.0000 -0.0000 435 pedestrian_0022
Pedestrian 1.00 1.00 0 0 0 0 0 0 0 0 -1000.00 -1000.00 -1000.00 -1000.00 1.9158 0.4880 0.5229 60.3231 1.9502 -1.5279 -1.5528 0.0000 -0.0000 436 pedestrian_0005
Pedestrian 1.00 1.00 0 0 0 0 0 0 0 0 -1000.00 -1000.00 -1000.00 -1000.00 1.3390 0.3253 0.5005 -30.9038 1.9403 -62.3408 -3.1023 0.0000 -0.0000 437 pedestrian_0013
Pedestrian 0.00 1.00 0 0 0 0 0 0 0 0 528.53 361.70 530.62 364.10 1.1330 0.4333 0.6667 -263.5386 1.9403 -206.0937 1.8365 0.0000 -0.0000 438 pedestrian_0011
Pedestrian 0.00 1.00 0 1 1 62 0 0 0 0 1318.54 360.20 1322.88 371.57 1.9158 0.4880 0.3754 -94.7328 1.9504 58.7372 1.9528 0.0000 -0.0000 439 pedestrian_0006
Pedestrian 1.00 1.00 0 0 0 0 0 0 0 0 -1000.00 -1000.00 -1000.00 -1000.00 1.3390 0.3253 0.4934 17.9502 -4.4018 144.3756 0.0184 0.0000 -0.0000 440 pedestrian_0014
Pedestrian 0.00 0.53 3 2 3 17 0 0 0 0 1090.44 361.11 1094.37 372.58 1.9158 0.4880 0.4925 -93.9933 2.1028 19.9663 -1.4159 0.0000 -0.0000 441 pedestrian_0025
Pedestrian 0.00 1.00 0 0 0 0 0 0 0 0 1194.23 360.08 1195.72 364.45 1.9158 0.4880 0.4930 -244.4691 1.9507 100.9620 -2.2389 0.0000 -0.0000 442 pedestrian_0003
Pedestrian 1.00 1.00 0 0 0 0 0 0 0 0 -1000.00 -1000.00 -1000.00 -1000.00 1.9158 0.4880 0.4090 126.1703 2.0979 -60.4123 2.2324 0.0000 -0.0000 443 pedestrian_0024
Pedestrian 1.00 1.00 2 0 0 11 1 0 0 0 -1000.00 -1000.00 -1000.00 -1000.00 1.9158 0.4880 0.5052 6.6897 1.8955 -104.2361 1.5204 0.0000 -0.0000 444 pedestrian_0007
Pedestrian 0.00 1.00 0 0 0 0 0 0 0 0 648.05 360.20 651.00 370.21 1.9158 0.4880 0.3946 -107.4061 1.9543 -61.8259 0.5235 0.0000 -0.0000 445 pedestrian_0023
Pedestrian 0.00 1.00 0 0 0 0 0 0 0 0 1144.27 360.07 1145.91 364.24 1.9158 0.4880 0.6431 -256.3438 1.9490 83.0169 1.0763 0.0000 -0.0000 446 pedestrian_0026
Pedestrian 1.00 1.00 0 0 0 0 0 0 0 0 -1000.00 -1000.00 -1000.00 -1000.00 1.1330 0.4333 0.6304 166.4760 -8.0591 -126.6528 -1.5519 0.0000 -0.0000 447 pedestrian_0009
Pedestrian 1.00 1.00 0 0 0 0 0 0 0 0 -1000.00 -1000.00 -1000.00 -1000.00 1.9158 0.4880 0.6212 129.6316 -8.0573 -237.5222 -2.6263 0.0000 -0.0000 448 pedestrian_0015
Pedestrian 1.00 1.00 0 0 0 0 0 0 0 0 -1000.00 -1000.00 -1000.00 -1000.00 1.9158 0.4880 0.3808 152.2746 1.9500 -77.0840 2.9899 0.0000 -0.0000 449 pedestrian_0017
Pedestrian 1.00 1.00 2 2 5 12 2 0 0 0 -1000.00 -1000.00 -1000.00 -1000.00 1.9158 0.4880 0.4464 7.1857 1.8974 -98.7458 2.4308 0.0000 -0.0000 450 pedestrian_0023
Pedestrian 0.00 0.89 0 1 1 6 0 0 0 0 1161.58 360.22 1165.69 371.68 1.9158 0.4880 0.4249 -93.9696 1.9524 31.9039 2.0207 0.0000 -0.0000 451 pedestrian_0001
Pedestrian 0.00 1.00 0 0 0 0 0 0 0 0 993.23 360.00 995.33 365.39 1.9158 0.4880 0.7398 -198.3457 1.9169 9.9630 -1.6182 0.0000 -0.0000 452 pedestrian_0017
Pedestrian 1.00 1.00 1 0 0 7 0 0 0 0 -1000.00 -1000.00 -1000.00 -1000.00 1.1330 0.4333 0.6328 -21.2930 1.9375 -61.7610 -3.0745 0.0000 -0.0000 453 pedestrian_0011
Pedestrian 0.00 1.00 0 0 0 0 0 0 0 0 485.40 360.08 487.22 364.22 1.9158 0.4880 0.5310 -257.8131 1.9527 -221.6935 -1.1298 0.0000 -0.0000 454 pedestrian_0018
Pedestrian 1.00 1.00 0 0 0 0 0 0 0 0 -1000.00 -1000.00 -1000.00 -1000.00 1.9158 0.4880 0.6949 146.5326 2.0952 -152.6251 1.5055 0.0000 -0.0000 455 pedestrian_0021
Pedestrian 1.00 1.00 0 0 0 0 0 0 0 0 -1000.00 -1000.00 -1000.00 -1000.00 1.9158 0.4880 0.5028 201.6359 1.9502 -57.9706 -3.1266 0.0000 -0.0000 456 pedestrian_0007
Pedestrian 1.00 1.00 1 2 2 11 3 0 0 0 -1000.00 -1000.00 -1000.00 -1000.00 1.9158 0.4880 0.5349 7.3004 1.8972 -97.7796 -1.5448 0.0000 -0.0000 457 pedestrian_0021
Pedestrian 1.00 1.00 0 0 0 0 0 0 0 0 -1000.00 -1000.00 -1000.00 -1000.00 1.9158 0.4880 0.7507 15.0106 -3.9880 107.7424 0.0050 0.0000 -0.0000 458 pedestrian_0019
Pedestrian 0.00 1.00 0 0 0 0 0 0 0 0 1465.27 362.83 1468.59 366.82 1.1330 0.4333 0.5520 -158.8483 1.9393 142.0976 0.0346 0.0000 -0.0000 459 pedestrian_0009
Pedestrian 0.00 1.00 0 0 0 0 0 0 0 0 1407.25 360.11 1410.49 366.16 1.9158 0.4880 0.6346 -176.9900 1.9507 140.2585 0.1663 0.0000 -0.0000 460 pedestrian_0004
Pedestrian 0.00 1.00 0 0 0 0 0 0 0 0 919.00 363.54 921.68 371.45 1.3390 0.3253 0.4339 -95.1934 1.9419 -8.9770 1.5793 0.0000 -0.0000 461 pedestrian_0012
Pedestrian 0.00 1.00 0 0 0 0 0 0 0 0 696.52 360.15 699.48 368.31 1.9158 0.4880 0.5925 -131.4155 1.9509 -63.8712 0.1706 0.0000 -0.0000 462 pedestrian_0006
Pedestrian 0.00 1.00 0 0 0 0 0 0 0 0 338.93 368.10 350.83 379.76 1.1330 0.4333 0.6667 -55.7202 1.9375 -62.9272 3.1328 0.0000 -0.0000 463 pedestrian_0009
Pedestrian 1.00 1.00 0 0 0 0 0 0 0 0 -1000.00 -1000.00 -1000.00 -1000.00 1.3390 0.3253 0.5005 -46.4291 1.9416 -171.0672 -0.0783 0.0000 -0.0000 464 pedestrian_0014
Pedestrian 1.00 1.00 0 0 0 0 0 0 0 0 -1000.00 -1000.00 -1000.00 -1000.00 1.1330 0.4333 0.6667 -94.2068 1.9385 -209.1602 -1.6206 0.0000 -0.0000 465 pedestrian_0010
Pedestrian 0.00 1.00 0 0 0 0 0 0 0 0 1024.45 360.41 1033.82 386.80 1.9158 0.4880 0.7460 -41.6949 1.9460 2.8291 0.1679 0.0000 -0.0000 466 pedestrian_0017
Pedestrian 0.00 0.30 13 19 29 100 0 5 0 0 1135.07 361.33 1145.31 387.06 1.9158 0.4880 0.5285 -34.7035 1.9506 8.6842 3.1340 0.0000 -0.0000 467 pedestrian_0004
Pedestrian 1.00 1.00 9 12 20 432 0 0 0 0 -1000.00 -1000.00 -1000.00 -1000.00 1.9158 0.4880 0.5815 26.3555 1.9506 27.5318 3.1005 0.0000 -0.0000 468 pedestrian_0021
Pedestrian 1.00 1.00 0 0 0 0 0 0 0 0 -1000.00 -1000.00 -1000.00 -1000.00 1.3390 0.3253 0.4430 102.3504 1.9418 -59.6233 -0.0325 0.0000 -0.0000 469 pedestrian_0013
Pedestrian 1.00 1.00 0 0 0 0 0 0 0 0 -1000.00 -1000.00 -1000.00 -1000.00 1.9158 0.4880 0.6095 145.4898 1.8946 -51.0776 1.6405 0.0000 -0.0000 470 pedestrian_0001
Pedestrian 1.00 1.00 0 0 0 0 0 0 0 0 -1000.00 -1000.00 -1000.00 -1000.00 1.9158 0.4880 0.4035 125.5945 1.9457 -58.8166 0.6729 0.0000 -0.0000 471 pedestrian_0015
Pedestrian 1.00 1.00 0 0 0 0 0 0 0 0 -1000.00 -1000.00 -1000.00 -1000.00 1.9158 0.4880 0.7507 -45.4643 1.8730 144.2901 -0.0069 0.0000 -0.0000 472 pedestrian_0024
Pedestrian 1.00 1.00 0 0 0 0 0 0 0 0 -1000.00 -1000.00 -1000.00 -1000.00 1.3390 0.3253 0.3222 -74.0618 1.9434 -177.1357 1.5584 0.0000 -0.0000 473 pedestrian_0013
Pedestrian 0.00 1.00 0 0 0 0 0 0 0 0 20.08 360.11 25.10 366.42 1.9158 0.4880 0.6603 -169.6301 1.9499 -287.3838 2.9183 0.0000 -0.0000 474 pedestrian_0018
Pedestrian 1.00 1.00 0 0 0 0 0 0 0 0 -1000.00 -1000.00 -1000.00 -1000.00 1.3390 0.3253 0.4346 -23.2525 1.9416 -170.8274 3.0144 0.0000 -0.0000 475 pedestrian_0012
Pedestrian 0.00 0.99 0 0 0 4 0 0 0 0 1133.70 361.42 1139.96 376.04 1.9158 0.4880 0.6658 -73.9618 2.1028 21.0248 -1.5644 0.0000 -0.0000 476 pedestrian_0026
Pedestrian 1.00 1.00 0 0 0 0 0 0 0 0 -1000.00 -1000.00 -1000.00 -1000.00 1.9158 0.4880 0.5380 -107.8967 1.9499 -288.5706 -3.0462 0.0000 -0.0000 477 pedestrian_0016
Pedestrian 1.00 1.00 0 0 0 0 0 0 0 0 -1000.00 -1000.00 -1000.00 -1000.00 1.9158 0.4880 0.7507 111.8436 1.9500 -58.9103 0.0975 0.0000 -0.0000 478 pedestrian_0006
Pedestrian 0.00 1.00 0 0 0 0 0 0 0 0 94.71 360.10 98.81 365.97 1.9158 0.4880 0.6061 -182.4631 1.9501 -284.8096 2.8775 0.0000 -0.0000 479 pedestrian_0001
Pedestrian 1.00 1.00 0 0 0 0 0 0 0 0 -1000.00 -1000.00 -1000.00 -1000.00 1.9158 0.4880 0.7507 57.9905 1.9515 51.8414 -1.4552 0.0000 -0.0000 480 pedestrian_0021
Car 1.00 1.00 0 0 0 0 0 0 0 0 -1000.00 -1000.00 -1000.00 -1000.00 1.6980 1.9434 4.1871 17.8163 1.9850 -136.4914 -1.5556 0.0000 -0.0000 481 citroen_c3
Car 1.00 1.00 0 0 0 0 0 0 0 0 -1000.00 -1000.00 -1000.00 -1000.00 1.9718 2.0005 4.0595 18.4247 1.9505 -125.4402 -1.5556 0.0000 -0.0000 482 jeep_wrangler_rubicon
Car 1.00 1.00 0 0 0 0 0 0 0 0 -1000.00 -1000.00 -1000.00 -1000.00 1.9718 2.0005 4.0595 48.9311 1.9855 -135.4218 1.5860 0.0000 -0.0000 483 jeep_wrangler_rubicon
Car 1.00 1.00 0 0 0 0 0 0 0 0 -1000.00 -1000.00 -1000.00 -1000.00 1.9718 2.0005 4.0595 15.4838 1.9505 -125.4849 -1.5556 0.0000 -0.0000 484 jeep_wrangler_rubicon
Car 1.00 1.00 0 0 0 0 0 0 0 0 0.00 360.18 0.30 378.51 1.9718 2.0005 4.0595 -62.7673 1.9929 -113.6408 0.0152 0.0000 -0.0000 485 nissan_patrol
Car 1.00 1.00 0 0 0 0 0 0 0 0 -1000.00 -1000.00 -1000.00 -1000.00 1.5488 2.0688 3.9961 -62.7374 2.0206 -116.5359 -3.1264 0.0000 -0.0000 486 nissan_patrol
Car 0.37 1.00 0 0 0 0 0 0 0 0 0.00 364.72 73.71 380.84 1.4855 2.1349 -5.6254 -56.6026 1.9826 -96.6445 -3.1264 0.0000 -0.0000 487 nissan_patrol
Car 1.00 1.00 0 0 0 0 0 0 0 0 -1000.00 -1000.00 -1000.00 -1000.00 1.6244 1.8781 -3.8906 -56.3451 1.9687 -113.5420 0.0152 0.0000 -0.0000 488 nissan_patrol
Car 1.00 1.00 0 0 0 20 0 0 0 0 -1000.00 -1000.00 -1000.00 -1000.00 1.7506 2.3538 -4.8416 -39.2216 2.0495 -90.7620 0.0152 0.0000 -0.0000 489 nissan_patrol
Car 1.00 1.00 13 20 28 137 2 0 0 0 -1000.00 -1000.00 -1000.00 -1000.00 1.9718 2.0005 -4.0595 -39.0432 1.9929 -105.0589 -3.1264 0.0000 -0.0000 490 nissan_patrol
Car 0.00 1.00 0 0 0 0 0 0 0 0 124.33 360.26 204.20 378.39 1.9476 2.0282 4.8347 -63.0677 1.9780 -91.1249 -3.1264 0.0000 -0.0000 491 nissan_patrol
Car 0.00 1.00 0 0 0 0 0 0 0 0 103.25 360.18 174.68 378.41 1.9718 2.0005 4.0595 -63.0813 1.9929 -94.0196 -3.1264 0.0000 -0.0000 492 nissan_patrol
Car 1.00 1.00 0 0 0 0 0 0 0 0 -1000.00 -1000.00 -1000.00 -1000.00 1.6244 1.8781 3.8906 -45.6203 1.9687 -93.7548 0.0152 0.0000 -0.0000 493 nissan_patrol
Car 1.00 1.00 0 0 0 0 0 0 0 0 -1000.00 -1000.00 -1000.00 -1000.00 1.5488 2.0688 3.9961 -45.5777 2.0207 -96.4784 -3.1264 0.0000 -0.0000 494 nissan_patrol
Car 1.00 1.00 0 0 0 4 0 0 0 0 -1000.00 -1000.00 -1000.00 -1000.00 2.1397 2.1728 4.7017 -45.4222 1.9794 -105.1570 -3.1264 0.0000 -0.0000 495 nissan_patrol
Car 1.00 1.00 12 7 12 79 2 0 0 0 -1000.00 -1000.00 -1000.00 -1000.00 1.9476 2.0282 4.8347 -45.2492 1.9779 -113.3729 -3.1264 0.0000 -0.0000 496 nissan_patrol
Car 1.00 1.00 0 0 2 6 0 0 0 0 -1000.00 -1000.00 -1000.00 -1000.00 1.5100 1.8730 4.1000 -45.2724 1.9696 -116.2700 -3.1264 0.0000 -0.0000 497 nissan_patrol
Car 1.00 1.00 1 3 2 15 0 0 0 0 -1000.00 -1000.00 -1000.00 -1000.00 1.5488 2.0688 3.9961 -30.3959 2.0206 -102.0329 0.0152 0.0000 -0.0000 498 nissan_patrol
Car 1.00 1.00 0 0 0 2 0 0 0 0 -1000.00 -1000.00 -1000.00 -1000.00 1.5100 1.8730 4.1000 -30.3558 1.9696 -104.9277 0.0152 0.0000 -0.0000 499 nissan_patrol
Car 1.00 1.00 0 0 0 0 0 0 0 0 -1000.00 -1000.00 -1000.00 -1000.00 1.9476 2.0282 4.8347 -30.2676 1.9779 -107.6101 -3.1264 0.0000 -0.0000 500 nissan_patrol
Car 1.00 1.00 14 22 31 123 6 0 0 0 -1000.00 -1000.00 -1000.00 -1000.00 2.1397 2.1728 -4.7017 -24.1782 1.9795 -90.5330 -3.1264 0.0000 -0.0000 501 nissan_patrol
Car 1.00 1.00 8 7 12 57 2 0 0 0 -1000.00 -1000.00 -1000.00 -1000.00 1.9476 2.0282 -4.8347 -24.0673 1.9779 -93.4269 0.0152 0.0000 -0.0000 502 nissan_patrol
Car 1.00 1.00 8 10 20 86 6 0 0 0 -1000.00 -1000.00 -1000.00 -1000.00 1.6244 1.8781 -3.8906 -23.8814 1.9686 -110.4084 -3.1264 0.0000 -0.0000 503 nissan_patrol
Car 1.00 1.00 4 4 8 35 1 0 0 0 -1000.00 -1000.00 -1000.00 -1000.00 1.7506 2.3538 -4.8416 -23.8655 2.0494 -113.0476 -3.1264 0.0000 -0.0000 504 nissan_patrol
Car 1.00 1.00 0 0 0 0 0 0 0 0 -1000.00 -1000.00 -1000.00 -1000.00 1.9476 2.0282 4.8347 22.3042 1.9414 -137.0920 1.5860 0.0000 -0.0000 505 nissan_patrol
Car 1.00 1.00 0 0 0 0 0 0 0 0 -1000.00 -1000.00 -1000.00 -1000.00 1.5475 1.9070 4.4025 46.1264 1.9629 -135.0633 1.5860 0.0000 -0.0000 506 seat_leon
Car 1.00 1.00 0 0 0 0 0 0 0 0 -1000.00 -1000.00 -1000.00 -1000.00 2.5908 2.7453 5.4640 31.6946 1.9999 -136.8858 1.5860 0.0000 -0.0000 507 carlamotors_carlacola
Car 1.00 1.00 0 0 0 0 0 0 0 0 -1000.00 -1000.00 -1000.00 -1000.00 2.5908 2.7453 5.4640 116.0604 2.0212 -145.3610 -1.5556 0.0000 -0.0000 508 carlamotors_carlacola
Car 1.00 1.00 0 0 0 0 0 0 0 0 -1000.00 -1000.00 -1000.00 -1000.00 2.5908 2.7453 5.4640 119.5486 2.0212 -145.3079 -1.5556 0.0000 -0.0000 509 carlamotors_carlacola
Car 1.00 1.00 0 0 0 0 0 0 0 0 -1000.00 -1000.00 -1000.00 -1000.00 2.5908 2.7453 5.4640 113.9942 1.8991 -117.1504 -3.1264 0.0000 -0.0000 510 carlamotors_carlacola
Car 1.00 1.00 0 0 0 0 0 0 0 0 -1000.00 -1000.00 -1000.00 -1000.00 2.5908 2.7453 5.4640 27.3842 1.9999 -136.9514 1.5860 0.0000 -0.0000 511 carlamotors_carlacola
Car 1.00 1.00 0 0 0 0 0 0 0 0 -1000.00 -1000.00 -1000.00 -1000.00 2.2031 2.5091 6.5872 53.8192 2.0111 -26.3733 1.0624 0.0000 -0.0000 512 tesla_cybertruck