Car 1.00 1.00 0 0 0 0 0 0 0 0 -1000.00 -1000.00 -1000.00 -1000.00 1.5542 2.3421 5.1370 -99.1292 3.3648 -280.1606 -0.1439 -0.0054 0.0023 0 lincoln2020_mkz2020
Car 1.00 1.00 6680 237286 380700 0 0 0 0 0 -1000.00 -1000.00 -1000.00 -1000.00 2.1397 2.1728 4.7045 -0.0005 2.0932 -2.2389 1.5708 0.0000 0.0000 1 volkswagen_t2
Motorcycle 0.00 1.00 0 0 0 0 0 0 0 0 504.66 362.84 512.93 367.13 1.6960 1.0692 2.4735 -241.2187 3.0036 -197.7006 1.7942 -0.0003 0.0603 2 harley_davidson_low_rider
Motorcycle 0.00 1.00 0 0 0 0 0 0 0 0 111.35 365.00 126.07 370.25 1.6960 1.0692 2.4735 -184.1086 3.3599 -280.1061 -0.3051 -0.0029 -0.0000 3 harley_davidson_low_rider
Car 1.00 1.00 0 0 0 0 0 0 0 0 -1000.00 -1000.00 -1000.00 -1000.00 1.6320 2.1403 5.2230 111.8362 2.4216 -66.1068 -3.1237 -0.0047 -0.0003 4 dodge_charger_police
Car 0.00 1.00 0 0 0 0 0 0 0 0 1088.15 360.67 1101.14 364.54 1.5542 2.3421 5.1370 -240.7026 1.8980 55.9679 1.1809 -0.0055 -0.0237 5 lincoln2020_mkz2020
Car 1.00 1.00 0 0 0 0 0 0 0 0 -1000.00 -1000.00 -1000.00 -1000.00 1.4546 2.0938 4.3903 179.9112 -7.4085 -107.0102 -1.5352 -0.0046 0.0001 6 audi_tt
Car 1.00 1.00 0 0 0 4 0 0 0 0 -1000.00 -1000.00 -1000.00 -1000.00 1.4477 1.5550 2.3177 -1.4679 2.8129 -157.4132 1.1253 -0.0166 0.0080 7 bmw_isetta
Car 1.00 1.00 0 0 0 0 0 0 0 0 -1000.00 -1000.00 -1000.00 -1000.00 1.7173 2.2591 5.2781 181.6367 -7.1943 -153.6943 -1.5329 -0.0118 -0.0004 8 mercedes_benz_coupe
Car 1.00 1.00 294 324 530 4486 0 0 101 0 -1000.00 -1000.00 -1000.00 -1000.00 1.4812 2.1349 5.6254 -4.4008 1.9930 23.8205 1.2207 -0.0137 0.0018 9 chevrolet_impala
Car 1.00 1.00 0 0 0 1 0 0 0 0 -1000.00 -1000.00 -1000.00 -1000.00 1.6115 2.2019 5.2564 133.1787 1.9049 36.0800 -1.5226 -0.0045 0.0006 10 charger2020_charger2020
Car 1.00 1.00 0 0 0 0 0 0 0 0 -1000.00 -1000.00 -1000.00 -1000.00 2.2031 2.5091 6.5872 86.7878 2.8276 -157.1110 3.0266 -0.0044 -0.0001 11 tesla_cybertruck
Car 0.00 1.00 0 0 0 0 0 0 0 0 253.50 367.18 304.47 378.22 1.5140 2.1024 4.9073 -80.6663 2.5721 -100.0361 1.5276 -0.0060 -0.0000 12 mercedesccc_mercedesccc
Car 1.00 1.00 0 0 0 0 0 0 0 0 -1000.00 -1000.00 -1000.00 -1000.00 1.6980 1.9434 4.1871 153.9828 2.8138 -156.5040 3.1394 -0.0051 -0.0001 13 citroen_c3
Car 1.00 1.00 0 0 0 0 0 0 0 0 -1000.00 -1000.00 -1000.00 -1000.00 1.4812 2.1349 5.6254 91.9494 2.4204 -66.4718 -3.1219 -0.0044 -0.0001 14 chevrolet_impala
Car 1.00 1.00 0 0 0 0 0 0 0 0 -1000.00 -1000.00 -1000.00 -1000.00 1.6320 2.1403 5.2230 132.8476 2.7135 -145.0066 -1.5481 -0.0087 -0.0001 15 dodge_charger_police
Car 1.00 1.00 0 4 5 19 2 0 0 0 -1000.00 -1000.00 -1000.00 -1000.00 1.5863 2.2347 5.1468 -7.6347 2.8602 -169.5876 0.0156 -0.0043 -0.0027 16 lincoln_mkz2017
Car 0.00 0.81 0 0 0 23 0 0 0 0 1580.23 359.49 1624.58 369.28 1.7318 2.1344 5.0985 -102.1877 1.6456 114.9025 0.0172 -0.0044 -0.0001 17 audi_etron
Car 1.00 1.00 0 1 2 8 1 0 0 0 -1000.00 -1000.00 -1000.00 -1000.00 1.7506 2.3538 4.8416 -14.0089 2.8708 -169.6915 0.0171 -0.0044 -0.0001 18 bmw_grandtourer
Car 1.00 1.00 0 0 0 161 0 0 0 1 -1000.00 -1000.00 -1000.00 -1000.00 1.5765 1.9374 3.8150 65.3882 1.9558 35.0543 -1.5682 -0.0044 -0.0001 19 nissan_micra
Motorcycle 1.00 1.00 6 7 11 32 1 0 0 0 -1000.00 -1000.00 -1000.00 -1000.00 1.6960 1.0692 2.4735 -9.0023 2.4424 -87.0383 -1.3468 -0.0009 0.0321 20 harley_davidson_low_rider
Car 1.00 1.00 0 0 0 0 0 0 0 0 -1000.00 -1000.00 -1000.00 -1000.00 1.5765 1.9374 3.8150 -78.0643 2.9473 -188.4741 1.5623 -0.0020 -0.0001 21 nissan_micra
Car 1.00 1.00 0 0 0 0 0 0 0 0 -1000.00 -1000.00 -1000.00 -1000.00 1.7203 2.2019 5.4994 135.4666 2.3916 -67.2190 0.8576 -0.0069 0.0006 22 chargercop2020_chargercop2020
Car 1.00 1.00 30 39 60 242 35 0 0 0 -1000.00 -1000.00 -1000.00 -1000.00 1.5475 1.9070 4.4025 -3.5556 2.3899 -66.4799 1.1384 -0.0038 -0.0007 23 seat_leon
Car 1.00 1.00 0 0 0 0 0 0 0 0 -1000.00 -1000.00 -1000.00 -1000.00 1.3660 1.9896 4.9534 -85.2124 3.0836 -216.4338 -1.5639 -0.0045 -0.0001 24 mustang_mustang
Cyclist 0.00 1.00 0 1 0 2 0 0 0 0 1187.78 360.00 1200.80 372.84 1.9709 0.6705 1.7250 -86.5159 1.9720 33.8887 -1.5537 0.0006 -0.0001 25 diamondback_century
Cyclist 0.00 0.41 0 1 1 28 0 1 0 0 1133.23 362.41 1144.38 376.75 1.7065 0.8593 1.4873 -68.1583 2.0038 19.4106 -3.1379 -0.0046 -0.0001 26 bh_crossbike
Car 0.00 1.00 0 0 0 0 0 0 0 0 333.66 362.61 396.92 382.48 2.1397 2.1728 4.7045 -63.9340 2.4510 -69.5904 -3.1207 -0.0044 -0.0001 27 volkswagen_t2
Car 0.00 1.00 0 0 0 31 0 0 0 0 1390.11 359.03 1425.04 371.25 1.9718 2.0005 4.0595 -92.1344 1.8243 71.2772 -1.9659 -0.0049 -0.0009 28 jeep_wrangler_rubicon
Car 1.00 1.00 1 2 0 118 0 0 0 1 -1000.00 -1000.00 -1000.00 -1000.00 1.5627 2.2716 5.0314 64.2532 2.0790 11.1179 0.0198 -0.0043 -0.0001 29 tesla_model3
Car 1.00 1.00 0 0 0 0 0 0 0 0 -1000.00 -1000.00 -1000.00 -1000.00 1.4546 2.0938 4.3903 76.6757 2.9036 -176.3091 1.6085 -0.0044 0.0005 30 audi_tt
Car 1.00 1.00 0 0 0 0 0 0 0 0 -1000.00 -1000.00 -1000.00 -1000.00 1.5488 2.0688 3.9961 138.8297 2.4594 -90.4451 1.5902 -0.0045 -0.0001 31 mini_cooperst
Car 1.00 1.00 0 1 7 7 0 0 0 0 -1000.00 -1000.00 -1000.00 -1000.00 1.6011 2.1072 4.7392 73.2574 2.1276 -0.8813 1.5973 -0.0052 -0.0001 32 toyota_prius
Car 0.00 1.00 0 0 0 0 0 0 0 0 714.96 361.06 734.93 368.87 2.1397 2.1728 4.7045 -156.1182 2.4504 -67.9803 -1.4658 -0.0045 -0.0001 33 volkswagen_t2
Car 0.00 1.00 0 0 0 0 0 0 0 0 1228.78 360.17 1243.48 364.30 1.6011 2.1072 4.7392 -219.5288 1.6758 106.5994 -2.4908 -0.0045 0.0015 34 toyota_prius
Car 1.00 1.00 0 0 0 0 0 0 0 0 -1000.00 -1000.00 -1000.00 -1000.00 1.3660 1.9896 4.9534 77.2557 2.2017 -18.3996 1.5789 -0.0044 -0.0001 35 mustang_mustang
Car 1.00 1.00 0 0 0 1 0 0 0 0 -1000.00 -1000.00 -1000.00 -1000.00 1.6011 2.1072 4.7392 147.8308 2.0324 19.4822 -3.1065 -0.0044 -0.0001 36 toyota_prius
Car 1.00 1.00 23 23 38 138 38 0 0 0 -1000.00 -1000.00 -1000.00 -1000.00 1.7506 2.3538 4.8416 -1.9793 2.4440 -85.5346 1.6668 -0.0021 0.0027 37 bmw_grandtourer
Car 1.00 1.00 0 0 0 0 0 0 0 0 -1000.00 -1000.00 -1000.00 -1000.00 2.2031 2.5091 6.5872 88.5611 2.8441 -160.8963 -3.1125 -0.0044 -0.0001 38 tesla_cybertruck
Motorcycle 1.00 1.00 0 0 0 0 0 0 0 0 -1000.00 -1000.00 -1000.00 -1000.00 1.6387 1.2138 2.3199 137.2254 2.0715 0.1988 1.5877 -0.0044 -0.0001 39 yamaha_yzf
Car 0.00 1.00 0 0 0 0 0 0 0 0 282.35 364.07 334.88 378.70 1.9476 2.0282 4.8347 -77.1162 2.5237 -91.6026 1.5665 -0.0039 0.0001 40 nissan_patrol
Car 1.00 1.00 4 5 7 26 11 0 0 0 -1000.00 -1000.00 -1000.00 -1000.00 1.6115 2.2019 5.2564 -1.5016 2.4993 -97.0101 1.6391 -0.0063 0.0004 41 charger2020_charger2020
Car 1.00 1.00 0 0 0 0 0 0 0 0 -1000.00 -1000.00 -1000.00 -1000.00 1.6115 2.2019 5.2564 123.6286 2.8570 -167.8153 0.0601 -0.0045 0.0006 42 charger2020_charger2020
Motorcycle 1.00 1.00 0 0 0 0 0 0 0 0 -1000.00 -1000.00 -1000.00 -1000.00 1.6649 1.0692 2.4735 81.0816 1.7132 77.6630 -2.9551 -0.0002 -0.0237 43 harley_davidson_low_rider
Car 1.00 1.00 0 0 0 0 0 0 0 0 -1000.00 -1000.00 -1000.00 -1000.00 1.5542 2.3421 5.1370 -90.3709 3.3370 -273.9148 0.5357 -0.0078 0.0074 44 lincoln2020_mkz2020
Motorcycle 1.00 1.00 0 0 0 0 0 0 0 0 -1000.00 -1000.00 -1000.00 -1000.00 1.6960 1.0692 2.4735 77.0358 2.1580 -10.8910 1.5900 -0.0052 -0.0000 45 harley_davidson_low_rider
Cyclist 1.00 1.00 0 0 0 0 0 0 0 0 -1000.00 -1000.00 -1000.00 -1000.00 1.9310 0.5921 1.9272 75.9787 2.5873 -111.1059 1.5812 -0.0414 -0.0000 46 gazelle_omafiets
Car 1.00 1.00 2014 2262 3580 50276 0 0 473 0 -1000.00 -1000.00 -1000.00 -1000.00 1.7318 2.1344 5.0985 4.0771 2.0566 8.3303 0.6390 -0.0035 -0.0107 47 audi_etron
Car 1.00 1.00 0 0 0 0 0 0 0 0 -1000.00 -1000.00 -1000.00 -1000.00 1.9476 2.0282 4.8347 130.8028 2.2140 -37.0725 -1.5397 -0.0046 -0.0001 48 nissan_patrol
Car 0.91 0.03 674 745 1194 22795 0 23 129 0 1792.00 396.00 1919.00 472.17 1.7203 2.2019 5.4994 -9.8742 2.0376 15.7491 0.5132 -0.0032 -0.0012 49 chargercop2020_chargercop2020
Car 0.00 1.00 0 0 0 0 0 0 0 0 659.83 363.12 676.49 369.16 1.6244 1.8781 3.8906 -154.3019 2.5004 -82.9163 1.9466 -0.0050 -0.0012 50 audi_a2
Car 1.00 1.00 0 0 0 0 0 0 0 0 -1000.00 -1000.00 -1000.00 -1000.00 1.5863 2.2347 5.1468 -20.4091 2.8771 -169.9571 0.0245 -0.0044 -0.0001 51 lincoln_mkz2017
Cyclist 0.00 0.80 2 2 3 15 0 1 0 0 1059.01 360.32 1064.57 369.96 1.9709 0.6705 1.7250 -115.2713 2.0407 18.7349 -3.0407 0.0020 -0.0045 52 diamondback_century
Cyclist 1.00 1.00 13 4 13 46 5 0 0 0 -1000.00 -1000.00 -1000.00 -1000.00 1.9311 0.5921 1.9272 -10.8036 2.4069 -74.4670 0.3669 -0.0107 -0.0012 53 gazelle_omafiets
Car 1.00 1.00 0 0 0 0 0 0 0 0 -1000.00 -1000.00 -1000.00 -1000.00 1.7173 2.2591 5.2781 142.1884 2.4451 -82.2600 1.5889 -0.0083 -0.0005 54 mercedes_benz_coupe
Car 1.00 1.00 0 0 0 0 0 0 0 0 -1000.00 -1000.00 -1000.00 -1000.00 1.5542 2.3421 5.1370 68.6860 3.0188 -213.3010 0.3972 -0.0009 0.0009 55 lincoln2020_mkz2020
Car 1.00 1.00 0 0 0 0 0 0 0 0 -1000.00 -1000.00 -1000.00 -1000.00 1.7506 2.3538 4.8416 20.7547 2.8350 -162.0928 3.1319 -0.0044 -0.0001 56 bmw_grandtourer
Car 1.00 1.00 0 0 0 0 0 0 0 0 -1000.00 -1000.00 -1000.00 -1000.00 1.4546 2.0938 4.3903 75.8441 2.5372 -92.8305 1.5817 -0.0054 -0.0001 57 audi_tt
Car 0.00 1.00 0 0 0 0 0 0 0 0 303.46 365.57 358.04 378.24 1.7173 2.2591 5.2781 -80.6303 2.5556 -92.5415 1.5647 -0.0108 -0.0003 58 mercedes_benz_coupe
Car 1.00 1.00 0 0 0 0 0 0 0 0 -1000.00 -1000.00 -1000.00 -1000.00 1.5542 2.3421 5.1370 53.2749 2.4643 -77.7580 0.0199 -0.0044 -0.0001 59 lincoln2020_mkz2020
Car 1.00 1.00 0 4 6 56 0 0 0 4 -1000.00 -1000.00 -1000.00 -1000.00 2.1397 2.1728 4.7045 129.6938 1.9181 35.9045 -1.5702 -0.0044 -0.0001 60 volkswagen_t2
Car 1.00 1.00 0 0 0 0 0 0 0 0 -1000.00 -1000.00 -1000.00 -1000.00 1.7506 2.3538 4.8416 211.5257 2.1834 -16.9042 -1.5041 -0.0049 -0.0027 61 bmw_grandtourer
Car 1.00 1.00 0 0 0 0 0 0 0 0 -1000.00 -1000.00 -1000.00 -1000.00 1.6320 2.1403 5.2230 97.0257 2.9953 -208.5573 -3.1382 -0.0087 -0.0001 62 dodge_charger_police
Car 1.00 1.00 0 3 2 0 1 0 0 0 -1000.00 -1000.00 -1000.00 -1000.00 1.6980 1.9434 4.1871 2.2580 2.5659 -110.2074 1.5939 -0.0053 -0.0001 63 citroen_c3
Car 1.00 1.00 0 0 0 0 0 0 0 0 -1000.00 -1000.00 -1000.00 -1000.00 1.4812 2.1349 5.6254 76.2746 2.6743 -124.3072 1.6028 -0.0019 -0.0000 64 chevrolet_impala
Car 1.00 1.00 56 57 97 412 20 0 0 0 -1000.00 -1000.00 -1000.00 -1000.00 1.6115 2.2019 5.2564 -9.9863 2.3107 -53.9552 -1.5066 -0.0056 0.0005 65 charger2020_charger2020
Car 1.00 1.00 0 0 0 0 0 0 0 0 -1000.00 -1000.00 -1000.00 -1000.00 1.3660 1.9896 4.9534 117.1553 2.0655 11.9585 -0.0903 -0.0044 -0.0001 66 mustang_mustang
Motorcycle 1.00 1.00 0 0 0 0 0 0 0 0 -1000.00 -1000.00 -1000.00 -1000.00 1.5852 1.1236 2.1350 76.8676 2.1104 -4.8418 1.5967 -0.0236 -0.0001 67 kawasaki_ninja
Car 0.00 1.00 0 0 0 0 0 0 0 0 791.92 362.19 804.22 366.42 1.5488 2.0688 3.9961 -208.2528 2.3794 -62.7655 -1.5621 -0.0044 -0.0001 68 mini_cooperst
Car 0.00 1.00 0 0 0 0 0 0 0 0 691.36 363.17 713.53 368.89 1.5542 2.3421 5.1370 -156.7171 2.4645 -74.5540 -1.5169 -0.0045 -0.0003 69 lincoln2020_mkz2020
Car 1.00 1.00 22 24 36 194 4 0 0 0 -1000.00 -1000.00 -1000.00 -1000.00 1.9718 2.0005 4.0595 -23.4234 2.4353 -68.7324 -3.1206 -0.0045 -0.0001 70 jeep_wrangler_rubicon
Car 1.00 1.00 0 0 0 0 0 0 0 0 -1000.00 -1000.00 -1000.00 -1000.00 1.7506 2.3538 4.8416 -77.4249 2.9033 -176.2697 1.3691 -0.0023 -0.0011 71 bmw_grandtourer
Car 1.00 1.00 0 0 0 0 0 0 0 0 -1000.00 -1000.00 -1000.00 -1000.00 2.2031 2.5091 6.5872 136.5306 2.7712 -152.1406 -1.5149 0.0071 0.0017 72 tesla_cybertruck
Car 0.00 0.94 5 4 8 23 0 3 0 0 959.35 363.52 987.63 375.42 1.6244 1.8781 3.8906 -78.9269 2.1327 -0.3645 1.5890 -0.0049 -0.0012 73 audi_a2
Car 1.00 1.00 0 0 0 0 0 0 0 0 -1000.00 -1000.00 -1000.00 -1000.00 1.7203 2.2019 5.4994 72.9223 2.7771 -148.2326 -1.5376 -0.0045 0.0006 74 chargercop2020_chargercop2020
Car 0.00 0.43 29 17 39 165 0 17 0 0 977.64 363.24 1014.42 374.84 1.6320 2.1403 5.2230 -82.4715 2.1329 3.0259 1.5882 -0.0070 0.0000 75 dodge_charger_police
Car 1.00 1.00 9 21 31 160 0 0 0 2 -1000.00 -1000.00 -1000.00 -1000.00 1.5140 2.1024 4.9073 49.8697 2.0754 10.8109 0.0135 0.0014 -0.0001 76 mercedesccc_mercedesccc
Car 1.00 1.00 0 0 0 0 0 0 0 0 -1000.00 -1000.00 -1000.00 -1000.00 1.6244 1.8781 3.8906 59.2544 3.0140 -215.6605 0.0368 -0.0060 -0.0007 77 audi_a2
Car 0.00 1.00 0 0 0 0 0 0 0 0 159.76 368.52 236.64 387.40 1.6244 1.8781 3.8906 -52.6220 2.4500 -73.0042 -3.0912 -0.0049 -0.0012 78 audi_a2
Car 1.00 1.00 0 5 9 31 9 0 0 0 -1000.00 -1000.00 -1000.00 -1000.00 1.7203 2.2019 5.4994 0.8142 2.8426 -166.3412 -2.4629 -0.0000 0.0032 79 chargercop2020_chargercop2020
Car 0.00 1.00 0 0 0 0 0 0 0 0 733.57 360.92 753.01 368.68 2.1397 2.1728 4.7045 -160.0580 2.4389 -64.3821 -1.5527 -0.0131 -0.0018 80 volkswagen_t2
Car 1.00 1.00 0 0 0 0 0 0 0 0 -1000.00 -1000.00 -1000.00 -1000.00 1.3660 1.9896 4.9534 67.1697 2.8714 -170.6264 -0.5440 -0.0044 -0.0000 81 mustang_mustang
Car 1.00 1.00 8 2 6 31 4 0 0 0 -1000.00 -1000.00 -1000.00 -1000.00 1.7203 2.2019 5.4994 2.0530 2.4955 -95.5988 1.6304 -0.0019 0.0008 82 chargercop2020_chargercop2020
Car 1.00 1.00 0 0 0 0 0 0 0 0 -1000.00 -1000.00 -1000.00 -1000.00 1.6244 1.8781 3.8906 75.6813 -6.8530 117.6206 0.0120 -0.0185 -0.0014 83 audi_a2
Car 1.00 1.00 0 0 0 0 0 0 0 0 -1000.00 -1000.00 -1000.00 -1000.00 1.6244 1.8781 3.8906 79.1645 2.4757 -81.0549 1.5944 -0.0043 -0.0011 84 audi_a2
Car 1.00 1.00 0 0 0 0 0 0 0 0 -1000.00 -1000.00 -1000.00 -1000.00 1.3660 1.9896 4.9534 160.1233 2.8022 -156.4100 3.1186 -0.0044 -0.0001 85 mustang_mustang
Car 1.00 1.00 0 0 0 0 0 0 0 0 -1000.00 -1000.00 -1000.00 -1000.00 1.6244 1.8781 3.8906 45.8371 -6.6771 -274.1762 0.0151 -0.0231 -0.0010 86 audi_a2
Car 0.00 1.00 0 0 0 0 0 0 0 0 370.45 363.17 393.85 370.88 1.9718 2.0005 4.0595 -147.0458 2.8214 -154.4186 -0.8790 -0.0069 0.0014 87 jeep_wrangler_rubicon
Car 1.00 1.00 0 0 0 0 0 0 0 0 -1000.00 -1000.00 -1000.00 -1000.00 1.9718 2.0005 4.0595 80.9063 -6.6918 -273.6362 0.0182 -0.0055 -0.0001 88 jeep_wrangler_rubicon
Car 0.00 1.00 0 0 0 0 0 0 0 0 1458.37 361.19 1487.86 367.54 1.3660 1.9896 4.9534 -124.6348 1.6424 112.1220 -0.0013 -0.0042 -0.0003 89 mustang_mustang
Motorcycle 1.00 1.00 0 0 0 0 0 0 0 0 -1000.00 -1000.00 -1000.00 -1000.00 1.6649 1.0692 2.4735 77.1483 1.6965 81.4759 -3.0658 -0.0009 0.0042 90 harley_davidson_low_rider
Car 0.00 1.00 0 0 0 0 0 0 0 0 1034.01 360.94 1043.78 364.37 1.5475 1.9070 4.4025 -257.0838 1.9957 34.1923 -1.6814 -0.0049 0.0104 91 seat_leon
Motorcycle 1.00 1.00 0 0 0 0 0 0 0 0 -1000.00 -1000.00 -1000.00 -1000.00 1.6387 1.2138 2.3199 137.3524 2.1184 -10.4742 1.5755 -0.0046 -0.0001 92 yamaha_yzf
Cyclist 0.00 1.00 0 0 0 0 0 0 0 0 1367.55 359.09 1381.09 370.49 1.9311 0.5921 1.9272 -96.2797 1.7847 68.9626 -2.9344 -0.0145 -0.0023 93 gazelle_omafiets
Car 0.00 1.00 0 0 0 0 0 0 0 0 683.56 363.43 699.49 369.24 1.5140 2.1024 4.9073 -151.8142 2.4677 -75.2374 -3.1031 -0.0044 -0.0001 94 mercedesccc_mercedesccc
Car 1.00 1.00 0 1 2 7 0 0 0 0 -1000.00 -1000.00 -1000.00 -1000.00 1.4546 2.0938 4.3903 12.5742 2.9436 -197.0252 2.3363 -0.0042 -0.0004 95 audi_tt
Car 0.00 1.00 0 0 0 0 0 0 0 0 224.76 362.97 279.63 379.36 2.1397 2.1728 4.7045 -77.1654 2.5873 -99.3919 1.5781 -0.0145 -0.0003 96 volkswagen_t2
Car 0.00 1.00 0 0 0 0 0 0 0 0 1206.37 362.80 1244.68 372.95 1.5140 2.1024 4.9073 -86.6135 1.9627 38.7261 -1.5532 -0.0043 -0.0001 97 mercedesccc_mercedesccc
Car 1.00 1.00 0 0 0 0 0 0 0 0 -1000.00 -1000.00 -1000.00 -1000.00 1.4812 2.1349 5.6254 181.5346 2.0492 16.7414 0.0259 -0.0060 -0.0094 98 chevrolet_impala
Car 1.00 1.00 0 0 0 0 0 0 0 0 -1000.00 -1000.00 -1000.00 -1000.00 1.5765 1.9374 3.8150 133.1896 1.8642 42.1761 -1.5253 -0.0043 -0.0001 99 nissan_micra
Motorcycle 1.00 1.00 0 0 0 0 0 0 0 0 -1000.00 -1000.00 -1000.00 -1000.00 1.5853 1.1236 2.1350 75.6798 2.4440 -81.3750 1.5964 -0.0032 -0.0005 100 kawasaki_ninja
Car 1.00 1.00 0 0 0 0 0 0 0 0 -1000.00 -1000.00 -1000.00 -1000.00 1.9476 2.0282 4.8347 -110.2653 3.3441 -277.3637 0.0082 -0.0096 0.0003 101 nissan_patrol
Car 0.00 1.00 0 0 0 0 0 0 0 0 909.61 360.14 943.97 375.88 2.1397 2.1728 4.7045 -78.8244 2.1780 -6.8581 1.5856 -0.0081 -0.0001 102 volkswagen_t2
Car 0.00 1.00 0 0 0 0 0 0 0 0 1311.54 363.07 1347.23 371.92 1.3660 1.9896 4.9534 -90.5067 1.8807 57.3805 -1.3193 -0.0044 -0.0001 103 mustang_mustang
Car 1.00 1.00 0 0 0 0 0 0 0 0 -1000.00 -1000.00 -1000.00 -1000.00 1.5627 2.2716 5.0314 71.9337 1.8695 58.6775 1.6276 -0.0044 -0.0001 104 tesla_model3
Car 1.00 1.00 0 0 0 0 0 0 0 0 -1000.00 -1000.00 -1000.00 -1000.00 1.5542 2.3421 5.1370 96.2501 2.4266 -69.8794 -3.1231 -0.0044 -0.0001 105 lincoln2020_mkz2020
Car 1.00 1.00 0 0 0 0 0 0 0 0 -1000.00 -1000.00 -1000.00 -1000.00 1.5627 2.2716 5.0314 69.3134 2.7811 -148.7305 -1.5518 -0.0044 -0.0001 106 tesla_model3
Car 0.00 1.00 0 0 0 0 0 0 0 0 587.52 364.97 619.77 375.32 1.5765 1.9374 3.8150 -88.3660 2.3772 -58.3553 -1.5400 -0.0044 -0.0001 107 nissan_micra
Cyclist 0.00 1.00 0 0 0 0 0 0 0 0 313.40 364.39 338.36 382.13 1.9311 0.5921 1.9272 -62.9590 2.4316 -73.0575 -3.1223 -0.0085 -0.0001 108 gazelle_omafiets
Cyclist 1.00 1.00 0 0 0 0 0 0 0 0 -1000.00 -1000.00 -1000.00 -1000.00 1.9311 0.5921 1.9272 118.6258 -6.7177 -272.7780 0.2883 -0.0078 -0.0067 109 gazelle_omafiets
Car 1.00 1.00 50 53 87 344 25 0 0 0 -1000.00 -1000.00 -1000.00 -1000.00 1.4546 2.0938 4.3903 -6.3388 2.3106 -52.6458 -1.5497 -0.0044 -0.0001 110 audi_tt
Car 0.00 1.00 0 0 0 0 0 0 0 0 235.43 364.54 312.57 384.71 1.9476 2.0282 4.8347 -58.3237 2.4408 -72.9729 -3.1217 -0.0047 -0.0001 111 nissan_patrol
Car 1.00 1.00 0 0 0 2 0 0 0 0 -1000.00 -1000.00 -1000.00 -1000.00 1.4546 2.0938 4.3903 -1.4765 2.5452 -106.0385 1.5993 -0.0051 -0.0001 112 audi_tt
Car 1.00 1.00 0 0 0 0 0 0 0 0 -1000.00 -1000.00 -1000.00 -1000.00 1.7506 2.3538 4.8416 61.3271 3.0258 -219.1640 0.0415 -0.0008 -0.0001 113 bmw_grandtourer
Car 1.00 1.00 0 8 13 36 1 0 0 0 -1000.00 -1000.00 -1000.00 -1000.00 1.9718 2.0005 4.0595 -7.7001 2.6821 -137.7480 -1.5368 -0.0044 -0.0001 114 jeep_wrangler_rubicon
Motorcycle 1.00 1.00 0 0 0 0 0 0 0 0 -1000.00 -1000.00 -1000.00 -1000.00 1.6387 1.2138 2.3199 138.6186 2.4388 -78.4249 1.5887 -0.0044 -0.0007 115 yamaha_yzf
Car 1.00 1.00 0 0 0 0 0 0 0 0 -1000.00 -1000.00 -1000.00 -1000.00 1.7203 2.2019 5.4994 51.9594 2.8696 -168.9233 0.0495 -0.0039 0.0009 116 chargercop2020_chargercop2020
Car 1.00 1.00 0 0 0 0 0 0 0 0 -1000.00 -1000.00 -1000.00 -1000.00 1.6980 1.9434 4.1871 123.7487 2.4174 -65.7719 -2.8975 -0.0053 -0.0006 117 citroen_c3
Car 1.00 1.00 0 0 0 0 0 0 0 0 -1000.00 -1000.00 -1000.00 -1000.00 1.5542 2.3421 5.1370 25.0666 -5.5474 -264.3962 3.1367 0.0963 -0.0028 118 lincoln2020_mkz2020
Car 1.00 1.00 75 75 122 561 0 0 0 90 -1000.00 -1000.00 -1000.00 -1000.00 2.5908 2.7453 5.4640 66.2375 2.1551 -0.6474 -1.5451 -0.0109 -0.0001 119 carlamotors_carlacola
Car 1.00 1.00 0 0 0 0 0 0 0 0 -1000.00 -1000.00 -1000.00 -1000.00 1.5765 1.9374 3.8150 75.8404 2.5460 -99.4076 1.5811 -0.0047 -0.0001 120 nissan_micra
Car 1.00 1.00 0 0 0 0 0 0 0 0 -1000.00 -1000.00 -1000.00 -1000.00 1.4477 1.5550 2.3177 172.2369 -7.5851 -66.9664 -1.5611 -0.0146 0.0006 121 bmw_isetta
Car 1.00 1.00 0 0 0 0 0 0 0 0 -1000.00 -1000.00 -1000.00 -1000.00 1.7173 2.2591 5.2781 140.7946 2.0806 -0.6263 1.5973 -0.0114 -0.0003 122 mercedes_benz_coupe
Car 0.00 0.35 43 34 63 179 0 4 0 0 1135.99 362.85 1173.53 379.30 1.7173 2.2591 5.2781 -63.2627 2.0621 19.5475 -3.1232 -0.0115 -0.0003 123 mercedes_benz_coupe
Car 1.00 1.00 0 0 0 0 0 0 0 0 -1000.00 -1000.00 -1000.00 -1000.00 1.5765 1.9374 3.8150 142.8036 2.7870 -161.4366 -0.5753 -0.0078 0.0074 124 nissan_micra
Car 1.00 1.00 7 6 14 276 0 0 0 2 -1000.00 -1000.00 -1000.00 -1000.00 1.6115 2.2019 5.2564 72.7841 1.9728 34.1855 1.5485 -0.0055 0.0026 125 charger2020_charger2020
Car 1.00 1.00 0 0 0 2 0 0 0 0 -1000.00 -1000.00 -1000.00 -1000.00 1.9476 2.0282 4.8347 119.9215 2.0393 15.4852 0.0315 -0.0047 -0.0001 126 nissan_patrol
Car 0.00 1.00 0 0 0 0 0 0 0 0 616.39 362.92 630.69 366.49 1.5140 2.1024 4.9073 -241.5672 2.7952 -148.2382 1.5873 -0.0050 -0.0009 127 mercedesccc_mercedesccc
Car 1.00 1.00 0 0 0 0 0 0 0 0 -1000.00 -1000.00 -1000.00 -1000.00 1.7173 2.2591 5.2781 -85.1764 3.0551 -206.1043 -1.5775 -0.0112 -0.0003 128 mercedes_benz_coupe
Car 1.00 1.00 0 2 3 6 2 0 0 0 -1000.00 -1000.00 -1000.00 -1000.00 1.4812 2.1349 5.6254 -4.0343 2.7068 -142.9601 -1.5429 -0.0024 -0.0001 129 chevrolet_impala
Car 0.00 1.00 0 0 0 0 0 0 0 0 711.67 361.10 724.32 365.96 2.1397 2.1728 4.7045 -248.8794 2.6437 -110.4404 1.6026 -0.0047 -0.0001 130 volkswagen_t2
Car 1.00 1.00 0 0 0 0 0 0 0 0 -1000.00 -1000.00 -1000.00 -1000.00 1.6244 1.8781 3.8906 65.9795 2.4598 -77.4962 0.0182 -0.0019 -0.0012 131 audi_a2
Car 0.00 0.33 23 40 63 243 0 7 0 0 1097.72 360.81 1126.42 378.03 1.9476 2.0282 4.8347 -66.6775 2.0517 15.7123 -3.1336 -0.0047 -0.0001 132 nissan_patrol
Car 1.00 1.00 36 28 51 193 12 0 0 0 -1000.00 -1000.00 -1000.00 -1000.00 1.9476 2.0282 4.8347 -16.2487 2.4455 -75.6099 0.0196 -0.0098 -0.0001 133 nissan_patrol
Car 1.00 1.00 0 0 0 0 0 0 0 0 -1000.00 -1000.00 -1000.00 -1000.00 1.9476 2.0282 4.8347 189.7005 -7.1255 -175.8015 1.5305 -0.0049 0.0036 134 nissan_patrol
Car 0.62 0.00 8088 25849 41409 271896 0 3465 0 0 160.00 433.13 1516.00 718.91 1.7506 2.3538 4.8416 -3.4859 2.0797 -2.4240 1.5763 -0.0045 -0.0001 135 bmw_grandtourer
Car 1.00 1.00 0 0 0 0 0 0 0 0 -1000.00 -1000.00 -1000.00 -1000.00 1.9476 2.0282 4.8347 15.9124 2.8121 -158.6770 -3.1257 -0.0047 -0.0001 136 nissan_patrol
Car 1.00 1.00 0 0 0 0 0 0 0 0 -1000.00 -1000.00 -1000.00 -1000.00 1.7203 2.2019 5.4994 74.5642 2.2602 -30.6306 1.6353 -0.0019 0.0009 137 chargercop2020_chargercop2020
Car 1.00 1.00 10 23 30 346 6 0 0 0 -1000.00 -1000.00 -1000.00 -1000.00 2.5908 2.7453 5.4640 17.5415 2.4642 -71.4475 -3.1216 -0.0042 -0.0001 138 carlamotors_carlacola
Car 1.00 1.00 0 0 0 0 0 0 0 0 -1000.00 -1000.00 -1000.00 -1000.00 1.5863 2.2347 5.1468 215.1223 2.2047 -20.7905 -1.5528 -0.0044 -0.0003 139 lincoln_mkz2017
Car 1.00 1.00 0 0 0 0 0 0 0 0 -1000.00 -1000.00 -1000.00 -1000.00 1.9718 2.0005 4.0595 153.5080 2.0350 19.5308 -3.0992 -0.0048 -0.0002 140 jeep_wrangler_rubicon
Car 1.00 1.00 0 0 0 0 0 0 0 0 -1000.00 -1000.00 -1000.00 -1000.00 1.6011 2.1072 4.7392 140.5422 2.8366 -176.3953 1.5363 -0.0010 0.0005 141 toyota_prius
Car 1.00 1.00 0 0 0 0 0 0 0 0 -1000.00 -1000.00 -1000.00 -1000.00 1.7318 2.1344 5.0985 205.1173 2.4577 -74.9119 0.0446 -0.0044 -0.0001 142 audi_etron
Car 0.00 1.00 0 0 0 0 0 0 0 0 23.74 363.54 93.26 378.63 2.2031 2.5091 6.5872 -84.4712 2.7548 -137.8733 -1.5960 -0.0032 -0.0001 143 tesla_cybertruck
Car 1.00 1.00 0 0 0 0 0 0 0 0 -1000.00 -1000.00 -1000.00 -1000.00 1.5765 1.9374 3.8150 73.4735 2.9552 -192.5252 -1.5596 -0.0043 -0.0001 144 nissan_micra
Car 1.00 1.00 0 0 1 0 0 0 0 0 -1000.00 -1000.00 -1000.00 -1000.00 1.4546 2.0938 4.3903 2.0885 2.5313 -102.9886 1.5941 -0.0046 -0.0001 145 audi_tt
Car 1.00 1.00 0 0 0 0 0 0 0 0 -1000.00 -1000.00 -1000.00 -1000.00 1.4812 2.1349 5.6254 -104.8207 3.0969 -225.9989 0.0021 -0.0044 -0.0001 146 chevrolet_impala
Car 1.00 1.00 0 0 0 0 0 0 0 0 -1000.00 -1000.00 -1000.00 -1000.00 2.2031 2.5091 6.5872 88.0534 -6.9575 114.6912 -0.0203 -0.0169 -0.0028 147 tesla_cybertruck
Car 0.00 1.00 0 0 0 0 0 0 0 0 268.21 364.39 334.68 384.81 1.9718 2.0005 4.0595 -57.7196 2.4412 -69.4645 -3.1216 -0.0048 -0.0002 148 jeep_wrangler_rubicon
Car 0.00 1.00 0 0 0 0 0 0 0 0 40.28 368.70 91.71 377.83 1.3660 1.9896 4.9534 -88.1138 2.7593 -142.6494 -1.5854 -0.0043 -0.0001 149 mustang_mustang
Car 1.00 1.00 0 0 0 0 0 0 0 0 -1000.00 -1000.00 -1000.00 -1000.00 1.3660 1.9896 4.9534 54.5061 2.9855 -208.9848 -3.1002 -0.0047 -0.0001 150 mustang_mustang
Car 0.00 1.00 0 0 0 0 0 0 0 0 881.81 357.14 921.44 375.56 2.5908 2.7453 5.4640 -82.2100 2.2102 -10.7265 1.5603 -0.0112 0.0002 151 carlamotors_carlacola
Car 1.00 1.00 0 0 1 35 0 0 0 0 -1000.00 -1000.00 -1000.00 -1000.00 1.5863 2.2347 5.1468 129.8989 1.9537 25.3389 -1.5974 -0.0013 0.0000 152 lincoln_mkz2017
Car 1.00 1.00 0 0 0 0 0 0 0 0 -1000.00 -1000.00 -1000.00 -1000.00 1.7506 2.3538 4.8416 -98.3325 3.3759 -284.0715 0.0124 0.0037 -0.0003 153 bmw_grandtourer
Cyclist 1.00 1.00 0 0 0 0 0 0 0 0 -1000.00 -1000.00 -1000.00 -1000.00 1.9709 0.6705 1.7250 80.2477 2.8872 -177.0875 1.5804 0.0018 -0.0001 154 diamondback_century
Cyclist 0.00 1.00 0 0 0 0 0 0 0 0 689.02 361.84 694.24 368.63 1.9311 0.5921 1.9272 -160.4500 2.4656 -79.4152 0.0242 -0.0085 0.0000 155 gazelle_omafiets
Motorcycle 1.00 1.00 0 0 0 0 0 0 0 0 -1000.00 -1000.00 -1000.00 -1000.00 1.6960 1.0692 2.4735 219.3030 2.4855 -87.6386 1.5956 -0.0014 -0.0001 156 harley_davidson_low_rider
Car 0.00 1.00 0 0 0 0 0 0 0 0 1247.63 358.65 1263.26 364.65 2.1397 2.1728 4.7045 -209.8673 1.6785 109.0419 -2.5675 -0.0086 0.0241 157 volkswagen_t2
Car 0.00 1.00 0 0 0 0 0 0 0 0 1431.78 360.31 1454.67 366.80 1.5488 2.0688 3.9961 -136.1036 1.6293 115.4803 0.0102 -0.0034 -0.0004 158 mini_cooperst
Cyclist 1.00 1.00 0 0 0 0 0 0 0 0 -1000.00 -1000.00 -1000.00 -1000.00 1.9311 0.5921 1.9272 59.7452 2.8267 -165.0281 0.0218 -0.0132 -0.0001 159 gazelle_omafiets
Car 1.00 1.00 0 3 4 12 4 0 0 0 -1000.00 -1000.00 -1000.00 -1000.00 1.4812 2.1349 5.6254 -7.4431 2.7272 -147.2840 -1.5477 -0.0044 -0.0001 160 chevrolet_impala
Car 1.00 1.00 0 0 0 0 0 0 0 0 -1000.00 -1000.00 -1000.00 -1000.00 1.7173 2.2591 5.2781 194.3156 -7.4073 -105.4584 1.5973 -0.0117 -0.0003 161 mercedes_benz_coupe
Car 0.00 1.00 0 0 0 0 0 0 0 0 661.63 361.89 680.72 369.41 1.9718 2.0005 4.0595 -149.4317 2.4918 -79.5476 1.5956 -0.0048 -0.0001 162 jeep_wrangler_rubicon
Car 1.00 1.00 42 60 94 704 0 0 53 0 -1000.00 -1000.00 -1000.00 -1000.00 1.7506 2.3538 4.8416 4.8329 1.7816 65.3716 -2.3657 -0.0057 0.0084 163 bmw_grandtourer
Car 1.00 1.00 0 0 0 0 0 0 0 0 -1000.00 -1000.00 -1000.00 -1000.00 1.6115 2.2019 5.2564 137.2806 2.0838 -4.7085 1.6133 -0.0045 0.0006 164 charger2020_charger2020
Car 1.00 1.00 0 0 0 0 0 0 0 0 -1000.00 -1000.00 -1000.00 -1000.00 1.6244 1.8781 3.8906 73.4565 2.1596 -8.7713 1.5937 -0.0065 -0.0012 165 audi_a2
Car 1.00 1.00 0 0 0 0 0 0 0 0 -1000.00 -1000.00 -1000.00 -1000.00 1.5475 1.9070 4.4025 21.2852 -5.0733 -267.6836 3.1399 0.1138 -0.0020 166 seat_leon
Car 0.00 1.00 0 0 0 0 0 0 0 0 1594.57 360.10 1628.87 368.79 1.5765 1.9374 3.8150 -104.0581 1.5997 118.8433 -0.0336 -0.0044 -0.0001 167 nissan_micra
Car 0.00 1.00 0 0 0 0 0 0 0 0 1351.80 361.55 1393.72 371.68 1.5863 2.2347 5.1468 -90.6285 1.8521 64.4452 -1.5457 -0.0044 -0.0001 168 lincoln_mkz2017
Car 1.00 1.00 5 6 7 23 4 0 0 0 -1000.00 -1000.00 -1000.00 -1000.00 1.7506 2.3538 4.8416 -1.0396 2.5841 -117.2303 1.6233 -0.0047 -0.0001 169 bmw_grandtourer
Car 1.00 1.00 0 0 0 0 0 0 0 0 -1000.00 -1000.00 -1000.00 -1000.00 1.4812 2.1349 5.6254 62.7130 2.4544 -73.7060 0.1349 -0.0046 -0.0000 170 chevrolet_impala
Car 1.00 1.00 0 0 0 0 0 0 0 0 -1000.00 -1000.00 -1000.00 -1000.00 1.4812 2.1349 5.6254 155.2606 2.8273 -160.0934 3.0975 -0.0044 -0.0001 171 chevrolet_impala
Car 1.00 1.00 0 0 0 0 0 0 0 0 -1000.00 -1000.00 -1000.00 -1000.00 1.6011 2.1072 4.7392 217.9956 2.3999 -65.3137 1.0944 -0.0050 0.0024 172 toyota_prius
Car 1.00 1.00 0 2 4 0 0 0 0 0 -1000.00 -1000.00 -1000.00 -1000.00 1.6115 2.2019 5.2564 -2.7384 2.8556 -172.2799 -1.9255 -0.0068 0.0039 173 charger2020_charger2020
Car 0.00 1.00 0 0 0 0 0 0 0 0 131.74 367.28 183.76 378.07 1.5475 1.9070 4.4025 -84.7936 2.6760 -123.4090 -1.3885 -0.0042 -0.0011 174 seat_leon
Car 1.00 1.00 0 0 0 0 0 0 0 0 -1000.00 -1000.00 -1000.00 -1000.00 2.5908 2.7453 5.4640 -81.6281 2.9766 -185.4863 1.5554 -0.0093 -0.0001 175 carlamotors_carlacola
Car 1.00 1.00 0 0 0 0 0 0 0 0 -1000.00 -1000.00 -1000.00 -1000.00 1.4812 2.1349 5.6254 119.8259 2.8462 -163.8460 0.0303 -0.0042 -0.0000 176 chevrolet_impala
Car 1.00 1.00 0 0 0 0 0 0 0 0 -1000.00 -1000.00 -1000.00 -1000.00 1.9718 2.0005 4.0595 185.7831 -7.9104 25.7629 1.5817 -0.0016 0.0006 177 jeep_wrangler_rubicon
Car 1.00 1.00 0 0 0 0 0 0 0 0 -1000.00 -1000.00 -1000.00 -1000.00 1.6980 1.9434 4.1871 -84.8127 2.8960 -171.3727 -1.5747 -0.0050 -0.0001 178 citroen_c3
Car 1.00 1.00 14 18 25 94 15 0 0 0 -1000.00 -1000.00 -1000.00 -1000.00 1.5488 2.0688 3.9961 1.7729 2.4643 -89.3395 1.5940 -0.0045 -0.0001 179 mini_cooperst
Motorcycle 1.00 1.00 0 0 0 0 0 0 0 0 -1000.00 -1000.00 -1000.00 -1000.00 1.6960 1.0692 2.4735 79.4654 2.5642 -103.2678 1.5785 -0.0007 -0.0000 180 harley_davidson_low_rider
Car 1.00 1.00 0 0 0 0 0 0 0 0 -1000.00 -1000.00 -1000.00 -1000.00 1.4477 1.5550 2.3177 215.4289 2.3342 -49.0900 -1.5452 -0.0102 -0.0001 181 bmw_isetta
Cyclist 1.00 1.00 0 0 0 0 0 0 0 0 -1000.00 -1000.00 -1000.00 -1000.00 1.7065 0.8593 1.4873 79.3908 2.4837 -91.8260 1.5806 0.0183 0.0002 182 bh_crossbike
Car 1.00 1.00 0 0 0 0 0 0 0 0 -1000.00 -1000.00 -1000.00 -1000.00 1.6011 2.1072 4.7392 189.4280 -7.8689 0.5383 1.5720 -0.0030 -0.0001 183 toyota_prius
Car 1.00 1.00 0 0 0 0 0 0 0 0 -1000.00 -1000.00 -1000.00 -1000.00 1.5488 2.0688 3.9961 -81.4519 2.9130 -177.4848 1.5879 -0.0044 -0.0001 184 mini_cooperst
Car 1.00 1.00 0 0 0 0 0 0 0 0 -1000.00 -1000.00 -1000.00 -1000.00 1.6980 1.9434 4.1871 -88.7473 3.0636 -209.3699 -1.5782 -0.0053 -0.0001 185 citroen_c3
Car 1.00 1.00 0 0 0 0 0 0 0 0 -1000.00 -1000.00 -1000.00 -1000.00 1.5765 1.9374 3.8150 223.1717 2.4429 -78.3693 1.6205 -0.0044 -0.0001 186 nissan_micra
Car 1.00 1.00 0 0 0 0 0 0 0 0 -1000.00 -1000.00 -1000.00 -1000.00 1.7506 2.3538 4.8416 79.3895 2.5452 -97.0612 1.5815 -0.0049 -0.0001 187 bmw_grandtourer
Car 1.00 1.00 0 0 0 0 0 0 0 0 -1000.00 -1000.00 -1000.00 -1000.00 1.5488 2.0688 3.9961 61.0294 2.8635 -168.5241 -0.0038 -0.0044 -0.0001 188 mini_cooperst
Car 0.23 1.00 0 0 0 0 0 0 0 0 0.00 367.95 38.08 378.66 1.5488 2.0688 3.9961 -84.5750 2.7699 -144.8693 -1.5905 -0.0044 -0.0001 189 mini_cooperst
Car 1.00 1.00 0 0 0 0 0 0 0 0 -1000.00 -1000.00 -1000.00 -1000.00 1.6011 2.1072 4.7392 166.9415 2.8039 -156.3383 3.1210 -0.0051 -0.0001 190 toyota_prius
Car 1.00 1.00 6 15 18 60 0 0 0 9 -1000.00 -1000.00 -1000.00 -1000.00 1.3660 1.9896 4.9534 76.6261 2.1013 4.4007 1.5965 -0.0035 -0.0001 191 mustang_mustang
Car 0.00 1.00 0 0 0 0 0 0 0 0 51.13 364.44 82.78 370.91 1.9476 2.0282 4.8347 -175.0434 3.3711 -282.5431 -0.2223 -0.0083 0.0003 192 nissan_patrol
Pedestrian 0.00 1.00 0 0 0 0 0 0 0 0 221.71 363.37 224.13 368.52 1.9158 0.4880 0.5246 -208.2689 3.1795 -277.8274 -0.6746 -0.0044 -0.0001 193 pedestrian_0019
Pedestrian 1.00 1.00 0 0 0 0 0 0 0 0 -1000.00 -1000.00 -1000.00 -1000.00 1.1330 0.4333 0.6667 -93.5214 2.8299 -203.3428 1.6129 -0.0044 -0.0001 194 pedestrian_0010
Pedestrian 1.00 1.00 0 0 0 0 0 0 0 0 -1000.00 -1000.00 -1000.00 -1000.00 1.9158 0.4880 0.4173 24.9713 2.7055 -174.0806 3.0734 -0.0044 -0.0001 195 pedestrian_0005
Pedestrian 1.00 1.00 0 0 0 0 0 0 0 0 -1000.00 -1000.00 -1000.00 -1000.00 1.9158 0.4880 0.5681 133.1726 2.3949 -83.0960 0.1800 -0.0044 -0.0001 196 pedestrian_0003
Pedestrian 1.00 1.00 0 0 0 0 0 0 0 0 -1000.00 -1000.00 -1000.00 -1000.00 1.9158 0.4880 0.7507 111.0741 -7.4226 103.4281 2.8045 -0.0044 -0.0001 197 pedestrian_0021
Pedestrian 0.00 1.00 0 0 0 0 0 0 0 0 820.81 360.72 822.62 364.66 1.9158 0.4880 0.7507 -271.3072 2.2679 -69.6664 -1.5683 -0.0044 -0.0001 198 pedestrian_0003
Pedestrian 0.00 1.00 0 0 0 0 0 0 0 0 218.29 363.39 220.55 368.55 1.9158 0.4880 0.4689 -207.4557 3.1809 -278.0493 -0.5798 -0.0044 -0.0001 199 pedestrian_0004
Pedestrian 0.00 0.96 0 0 0 3 0 1 0 0 1152.61 359.60 1157.31 373.85 1.9158 0.4880 0.7507 -75.9787 1.8629 24.1238 2.9471 -0.0044 -0.0001 200 pedestrian_0022
Pedestrian 1.00 1.00 0 0 0 0 0 0 0 0 -1000.00 -1000.00 -1000.00 -1000.00 1.3390 0.3253 0.4381 -73.7713 2.7460 -183.6020 1.5766 -0.0044 -0.0001 201 pedestrian_0014
Pedestrian 1.00 1.00 0 0 0 0 0 0 0 0 -1000.00 -1000.00 -1000.00 -1000.00 1.9158 0.4880 0.4678 58.4840 2.0772 -32.1065 -1.5130 -0.0044 -0.0001 202 pedestrian_0022
Pedestrian 0.00 1.00 0 0 0 0 0 0 0 0 383.94 362.85 393.66 380.23 1.9158 0.4880 0.5655 -62.5962 2.2353 -65.6772 -3.1388 -0.0044 -0.0001 203 pedestrian_0023
Pedestrian 1.00 1.00 0 0 0 0 0 0 0 0 -1000.00 -1000.00 -1000.00 -1000.00 1.3390 0.3253 0.2561 64.5621 2.8136 -166.5699 -1.7560 -0.0044 -0.0001 204 pedestrian_0012
Pedestrian 0.00 1.00 0 0 0 0 0 0 0 0 796.65 360.95 801.74 372.25 1.9158 0.4880 0.7507 -95.4385 2.0793 -29.6233 1.6760 -0.0044 -0.0001 205 pedestrian_0019
Pedestrian 0.00 1.00 0 0 0 0 0 0 0 0 1355.41 359.21 1359.30 370.30 1.9158 0.4880 0.5444 -97.2268 1.7801 66.7257 2.4136 -0.0044 -0.0001 206 pedestrian_0005
Pedestrian 1.00 1.00 0 0 0 0 0 0 0 0 -1000.00 -1000.00 -1000.00 -1000.00 1.9158 0.4880 0.4291 191.9699 2.5850 -149.7861 0.2826 -0.0044 -0.0001 207 pedestrian_0026
Pedestrian 1.00 1.00 0 0 0 0 0 0 0 0 -1000.00 -1000.00 -1000.00 -1000.00 1.9158 0.4880 0.4129 63.9706 2.8134 -164.5872 -1.7336 -0.0044 -0.0001 208 pedestrian_0015
Pedestrian 1.00 1.00 0 0 0 0 0 0 0 0 -1000.00 -1000.00 -1000.00 -1000.00 1.3390 0.3253 0.3368 -45.8630 1.2430 140.5236 0.0193 -0.0044 -0.0001 209 pedestrian_0014
Pedestrian 0.00 1.00 0 0 0 0 0 0 0 0 1661.82 357.10 1669.01 366.60 1.9158 0.4880 0.7507 -113.2633 1.3310 140.5982 -3.0936 -0.0044 -0.0001 210 pedestrian_0016
Pedestrian 1.00 1.00 0 0 0 4 2 0 0 0 -1000.00 -1000.00 -1000.00 -1000.00 1.3390 0.3253 0.5005 -11.4810 2.3936 -116.8414 -1.5060 -0.0044 -0.0001 211 pedestrian_0012
Pedestrian 1.00 1.00 0 0 0 7 0 0 0 0 -1000.00 -1000.00 -1000.00 -1000.00 1.1330 0.4333 0.4750 84.8369 1.8139 25.2571 1.4926 -0.0044 -0.0001 212 pedestrian_0009
Pedestrian 1.00 1.00 0 0 0 0 0 0 0 0 -1000.00 -1000.00 -1000.00 -1000.00 1.1330 0.4333 0.6667 146.6769 2.3107 -101.3684 -1.5507 -0.0044 -0.0001 213 pedestrian_0010
Pedestrian 0.00 1.00 0 0 0 0 0 0 0 0 908.76 360.33 910.43 364.26 1.9158 0.4880 0.7385 -272.4162 2.0801 -26.9158 1.5104 -0.0044 -0.0001 214 pedestrian_0021
Pedestrian 1.00 1.00 1 1 1 7 0 0 0 0 -1000.00 -1000.00 -1000.00 -1000.00 1.9158 0.4880 0.7507 -11.3255 2.3865 -113.5149 -1.5323 -0.0044 -0.0001 215 pedestrian_0018
Pedestrian 0.00 1.00 0 0 0 0 0 0 0 0 455.66 362.33 457.40 366.54 1.9158 0.4880 0.4665 -254.2583 2.9835 -232.2574 -1.1074 -0.0044 -0.0001 216 pedestrian_0020
Pedestrian 1.00 1.00 0 0 0 0 0 0 0 0 -1000.00 -1000.00 -1000.00 -1000.00 1.9158 0.4880 0.7507 104.4825 1.8239 25.2400 -3.1255 -0.0044 -0.0001 217 pedestrian_0017
Pedestrian 0.00 1.00 0 0 0 0 0 0 0 0 148.10 363.59 153.73 370.49 1.9158 0.4880 0.7507 -155.9104 2.9237 -228.3179 2.9604 -0.0044 -0.0001 218 pedestrian_0007
Pedestrian 0.00 1.00 0 0 0 0 0 0 0 0 983.33 364.45 986.51 370.85 1.1330 0.4333 0.5205 -99.9754 1.9309 2.2099 0.2410 -0.0044 -0.0001 219 pedestrian_0010
Pedestrian 1.00 1.00 17 18 36 395 0 0 4 0 -1000.00 -1000.00 -1000.00 -1000.00 1.9158 0.4880 0.5234 8.4372 2.0010 21.1858 -1.6881 -0.0044 -0.0001 220 pedestrian_0023
Pedestrian 1.00 1.00 0 0 0 0 0 0 0 0 -1000.00 -1000.00 -1000.00 -1000.00 1.9158 0.4880 0.5235 25.5514 2.8528 -220.2450 2.8850 -0.0044 -0.0001 221 pedestrian_0024
Pedestrian 0.00 1.00 0 0 0 0 0 0 0 0 504.08 364.23 506.16 367.47 1.1330 0.4333 0.3774 -196.1656 2.6252 -162.3819 -1.5363 -0.0044 -0.0001 222 pedestrian_0011
Pedestrian 0.00 1.00 0 0 0 0 0 0 0 0 998.54 359.94 1000.16 363.87 1.9158 0.4880 0.7507 -272.0719 1.8871 17.0048 1.5631 -0.0044 -0.0001 223 pedestrian_0016
Pedestrian 1.00 1.00 0 0 0 0 0 0 0 0 -1000.00 -1000.00 -1000.00 -1000.00 1.9158 0.4880 0.5447 175.9601 -6.9876 -247.9861 0.8236 -0.0044 -0.0001 224 pedestrian_0017
Pedestrian 1.00 1.00 0 0 0 0 0 0 0 0 -1000.00 -1000.00 -1000.00 -1000.00 1.9158 0.4880 0.7507 166.9715 -7.3935 -153.8977 1.5976 -0.0044 -0.0001 225 pedestrian_0001
Pedestrian 0.00 1.00 0 0 0 0 0 0 0 0 101.76 363.79 107.89 371.05 1.9158 0.4880 0.7507 -148.0080 2.9231 -229.0034 -0.1869 -0.0044 -0.0001 226 pedestrian_0003
Pedestrian 1.00 1.00 0 0 0 0 0 0 0 0 -1000.00 -1000.00 -1000.00 -1000.00 1.9158 0.4880 0.7507 -54.7865 2.7090 -173.5740 -0.0091 -0.0044 -0.0001 227 pedestrian_0007
Pedestrian 1.00 1.00 0 0 0 0 0 0 0 0 -1000.00 -1000.00 -1000.00 -1000.00 1.1330 0.4333 0.6667 99.0310 2.6879 -173.8918 -3.0671 -0.0044 -0.0001 228 pedestrian_0010
Pedestrian 0.00 0.02 9 8 14 514 0 0 0 0 1721.06 390.79 1754.81 428.72 1.1330 0.4333 0.5841 -17.4414 1.9929 20.8728 1.1370 -0.0044 -0.0001 229 pedestrian_0010
Pedestrian 1.00 1.00 0 0 0 0 0 0 0 0 -1000.00 -1000.00 -1000.00 -1000.00 1.3390 0.3253 0.2681 61.7142 2.2873 -81.3824 2.9279 -0.0044 -0.0001 230 pedestrian_0013
Pedestrian 1.00 1.00 0 0 0 0 0 0 0 0 -1000.00 -1000.00 -1000.00 -1000.00 1.3390 0.3253 0.4411 144.6481 1.8588 2.0924 1.6268 -0.0044 -0.0001 231 pedestrian_0013
Pedestrian 1.00 1.00 0 0 0 6 0 0 0 0 -1000.00 -1000.00 -1000.00 -1000.00 1.9158 0.4880 0.7507 7.3763 2.4429 -126.6577 1.6943 -0.0044 -0.0001 232 pedestrian_0020
Pedestrian 1.00 1.00 0 0 0 0 0 0 0 0 -1000.00 -1000.00 -1000.00 -1000.00 1.9158 0.4880 0.7422 183.3695 1.8146 26.3570 -3.1240 -0.0044 -0.0001 233 pedestrian_0021
Pedestrian 0.00 1.00 0 0 0 0 0 0 0 0 770.65 363.08 772.23 366.30 1.1330 0.4333 0.4340 -197.0405 2.2248 -68.9195 0.0816 -0.0044 -0.0001 234 pedestrian_0009
Pedestrian 1.00 1.00 0 0 0 0 0 0 0 0 -1000.00 -1000.00 -1000.00 -1000.00 1.9158 0.4880 0.4928 213.2735 2.3329 -57.6748 3.0397 -0.0044 -0.0001 235 pedestrian_0006
Pedestrian 0.00 1.00 0 0 0 0 0 0 0 0 736.74 363.72 739.17 367.54 1.1330 0.4333 0.5160 -166.1422 2.2435 -68.3827 -2.0192 -0.0044 -0.0001 236 pedestrian_0009
Pedestrian 0.00 1.00 0 0 0 0 0 0 0 0 416.21 363.59 421.87 375.71 1.9158 0.4880 0.4275 -89.1119 2.4886 -88.1988 -2.9093 -0.0044 -0.0001 237 pedestrian_0026
Pedestrian 0.00 0.05 7 7 7 54 0 2 0 0 1199.59 359.32 1205.77 378.07 1.9158 0.4880 0.5094 -57.9607 1.8468 22.6869 2.9146 -0.0044 -0.0001 238 pedestrian_0021
Pedestrian 1.00 1.00 1 0 0 6 0 0 0 0 -1000.00 -1000.00 -1000.00 -1000.00 1.3390 0.3253 0.5005 7.9693 2.4147 -74.8708 -1.5308 -0.0044 -0.0001 239 pedestrian_0012
Pedestrian 0.00 1.00 0 0 0 0 0 0 0 0 185.41 363.53 189.35 368.86 1.9158 0.4880 0.7319 -201.0558 3.1920 -281.0591 2.7510 -0.0044 -0.0001 240 pedestrian_0020
Pedestrian 1.00 1.00 0 0 0 0 0 0 0 0 -1000.00 -1000.00 -1000.00 -1000.00 1.1330 0.4333 0.6667 198.9517 -7.1758 -206.7199 -1.8160 -0.0044 -0.0001 241 pedestrian_0011
Pedestrian 1.00 1.00 0 0 0 0 0 0 0 0 -1000.00 -1000.00 -1000.00 -1000.00 1.9158 0.4880 0.7507 -108.4454 2.9389 -232.5047 -3.1379 -0.0044 -0.0001 242 pedestrian_0002
Pedestrian 1.00 1.00 0 0 0 0 0 0 0 0 -1000.00 -1000.00 -1000.00 -1000.00 1.3390 0.3253 0.3821 81.5319 2.3517 -61.7258 -3.1415 -0.0044 -0.0001 243 pedestrian_0014
Pedestrian 1.00 1.00 0 1 0 0 0 0 0 0 -1000.00 -1000.00 -1000.00 -1000.00 1.9158 0.4880 0.4118 -15.9186 2.8267 -166.3104 -3.0407 -0.0044 -0.0001 244 pedestrian_0006
Pedestrian 1.00 1.00 0 0 0 0 0 0 0 0 -1000.00 -1000.00 -1000.00 -1000.00 1.9158 0.4880 0.4486 203.5068 -7.2756 -181.3279 -1.5734 -0.0044 -0.0001 245 pedestrian_0020
Pedestrian 1.00 1.00 0 0 0 0 0 0 0 0 -1000.00 -1000.00 -1000.00 -1000.00 1.9158 0.4880 0.5099 124.8783 2.2019 -61.0999 -0.6107 -0.0044 -0.0001 246 pedestrian_0022
Pedestrian 1.00 1.00 0 0 0 0 0 0 0 0 -1000.00 -1000.00 -1000.00 -1000.00 1.9158 0.4880 0.7360 19.0429 2.6139 -153.1447 0.0441 -0.0044 -0.0001 247 pedestrian_0002
Pedestrian 1.00 1.00 0 0 0 0 0 0 0 0 -1000.00 -1000.00 -1000.00 -1000.00 1.9158 0.4880 0.7360 128.6965 2.2521 -50.5257 1.6437 -0.0044 -0.0001 248 pedestrian_0022
Pedestrian 0.00 1.00 0 0 0 0 0 0 0 0 1326.21 358.42 1330.94 367.52 1.9158 0.4880 0.7507 -118.2041 1.5843 75.6786 0.0133 -0.0044 -0.0001 249 pedestrian_0006
Pedestrian 1.00 1.00 0 0 0 0 0 0 0 0 -1000.00 -1000.00 -1000.00 -1000.00 1.9158 0.4880 0.4645 37.8350 2.7051 -174.2050 3.1007 -0.0044 -0.0001 250 pedestrian_0019
Pedestrian 0.00 1.00 0 0 0 0 0 0 0 0 1331.04 359.44 1337.42 370.73 1.9158 0.4880 0.7507 -95.4171 1.8215 61.4891 1.4992 -0.0044 -0.0001 251 pedestrian_0018
Pedestrian 0.00 1.00 0 0 0 0 0 0 0 0 1036.71 359.77 1038.33 363.70 1.9158 0.4880 0.7507 -271.8361 1.8052 35.6386 1.3806 -0.0044 -0.0001 252 pedestrian_0007
Pedestrian 1.00 1.00 0 0 0 0 0 0 0 0 -1000.00 -1000.00 -1000.00 -1000.00 1.9158 0.4880 0.6618 60.9219 2.1910 -57.5889 1.5752 -0.0044 -0.0001 253 pedestrian_0008
Pedestrian 0.00 1.00 0 0 0 0 0 0 0 0 1028.61 359.81 1029.48 363.74 1.9158 0.4880 0.4070 -271.8264 1.8234 31.4984 -1.6789 -0.0044 -0.0001 254 pedestrian_0022
Pedestrian 1.00 1.00 0 0 0 0 0 0 0 0 -1000.00 -1000.00 -1000.00 -1000.00 1.9158 0.4880 0.5976 -76.5354 1.3283 140.9853 -0.0038 -0.0044 -0.0001 255 pedestrian_0024
Pedestrian 1.00 1.00 0 0 0 0 0 0 0 0 -1000.00 -1000.00 -1000.00 -1000.00 1.1330 0.4333 0.3613 126.2923 2.1870 -61.8419 -2.8786 -0.0044 -0.0001 256 pedestrian_0011
Pedestrian 1.00 1.00 0 0 0 3 0 0 0 0 -1000.00 -1000.00 -1000.00 -1000.00 1.9158 0.4880 0.6296 -19.7341 2.7071 -173.7153 0.0861 -0.0044 -0.0001 257 pedestrian_0006
Pedestrian 1.00 1.00 0 0 0 0 0 0 0 0 -1000.00 -1000.00 -1000.00 -1000.00 1.9158 0.4880 0.7507 77.7975 2.8611 -222.8757 -3.0753 -0.0044 -0.0001 258 pedestrian_0005
Pedestrian 1.00 1.00 0 3 2 9 0 0 0 0 -1000.00 -1000.00 -1000.00 -1000.00 1.9158 0.4880 0.4392 -10.9145 2.5174 -143.2615 -1.6377 -0.0044 -0.0001 259 pedestrian_0003
Pedestrian 1.00 1.00 0 0 0 0 0 0 0 0 -1000.00 -1000.00 -1000.00 -1000.00 1.9158 0.4880 0.7455 164.1597 -8.0973 24.2053 1.6398 -0.0044 -0.0001 260 pedestrian_0001
Pedestrian 1.00 1.00 0 0 0 0 0 0 0 0 -1000.00 -1000.00 -1000.00 -1000.00 1.3390 0.3253 0.3371 32.1643 2.7747 -204.4810 -3.0759 -0.0044 -0.0001 261 pedestrian_0014
Pedestrian 0.00 1.00 0 0 0 0 0 0 0 0 737.91 361.68 739.89 368.58 1.9158 0.4880 0.4237 -155.5239 2.3865 -63.8641 2.1322 -0.0044 -0.0001 262 pedestrian_0020
Pedestrian 0.00 1.00 0 0 0 0 0 0 0 0 762.48 361.37 764.34 366.76 1.9158 0.4880 0.6031 -198.7297 2.4055 -72.3561 -1.2589 -0.0044 -0.0001 263 pedestrian_0025
Pedestrian 1.00 1.00 0 0 0 30 0 0 0 0 -1000.00 -1000.00 -1000.00 -1000.00 1.9158 0.4880 0.7507 56.7496 1.8038 30.5901 1.5126 -0.0044 -0.0001 264 pedestrian_0026
Pedestrian 0.00 1.00 0 0 0 0 0 0 0 0 615.97 361.62 618.16 365.60 1.9158 0.4880 0.7507 -268.6786 2.7003 -167.8346 1.6010 -0.0044 -0.0001 265 pedestrian_0025
Pedestrian 1.00 1.00 0 0 2 0 0 0 0 0 -1000.00 -1000.00 -1000.00 -1000.00 1.3390 0.3253 0.2502 -11.6823 2.6953 -175.0760 2.9291 -0.0044 -0.0001 266 pedestrian_0013
Pedestrian 1.00 1.00 0 0 0 0 0 0 0 0 -1000.00 -1000.00 -1000.00 -1000.00 1.9158 0.4880 0.3811 87.5470 2.7079 -175.6494 -1.2724 -0.0044 -0.0001 267 pedestrian_0015
Pedestrian 1.00 1.00 0 0 0 0 0 0 0 0 -1000.00 -1000.00 -1000.00 -1000.00 1.9158 0.4880 0.3845 125.1639 2.5894 -149.2891 -2.4486 -0.0044 -0.0001 268 pedestrian_0021
Pedestrian 0.00 1.00 0 0 0 0 0 0 0 0 1821.71 361.15 1828.37 368.09 1.1330 0.4333 0.4221 -92.0269 1.3235 139.7746 0.0170 -0.0044 -0.0001 269 pedestrian_0010
Pedestrian 0.47 0.00 287 337 534 39681 0 17 108 0 1832.16 386.75 1926.26 678.25 1.9158 0.4880 0.4789 -4.4676 2.0234 3.6942 0.2838 -0.0044 -0.0001 270 pedestrian_0023
Pedestrian 0.00 1.00 0 0 0 0 0 0 0 0 1363.22 362.47 1365.76 370.23 1.3390 0.3253 0.2571 -96.9795 1.7681 67.7824 2.6160 -0.0044 -0.0001 271 pedestrian_0013
Pedestrian 1.00 1.00 0 0 0 0 0 0 0 0 -1000.00 -1000.00 -1000.00 -1000.00 1.9158 0.4880 0.4985 -120.5282 3.2311 -291.0547 0.0382 -0.0044 -0.0001 272 pedestrian_0016
Pedestrian 0.00 1.00 0 0 0 0 0 0 0 0 356.50 366.40 361.81 374.73 1.3390 0.3253 0.5005 -90.6574 2.3771 -99.3925 -1.5730 -0.0044 -0.0001 273 pedestrian_0014
Pedestrian 1.00 1.00 0 0 0 0 0 0 0 0 -1000.00 -1000.00 -1000.00 -1000.00 1.9158 0.4880 0.5846 -24.8463 2.7072 -173.1675 -0.1856 -0.0044 -0.0001 274 pedestrian_0019
Pedestrian 0.00 1.00 0 0 0 0 0 0 0 0 230.03 365.84 232.85 371.62 1.3390 0.3253 0.2819 -129.8335 2.6970 -171.5411 2.9297 -0.0044 -0.0001 275 pedestrian_0013
Pedestrian 1.00 1.00 0 0 0 0 0 0 0 0 -1000.00 -1000.00 -1000.00 -1000.00 1.9158 0.4880 0.7507 -104.9100 2.9390 -232.5016 -3.1137 -0.0044 -0.0001 276 pedestrian_0023
Pedestrian 1.00 1.00 0 0 0 0 0 0 0 0 -1000.00 -1000.00 -1000.00 -1000.00 1.1330 0.4333 0.3333 146.1280 2.2371 -84.6841 1.6042 -0.0044 -0.0001 277 pedestrian_0011
Pedestrian 1.00 1.00 0 0 0 0 0 0 0 0 -1000.00 -1000.00 -1000.00 -1000.00 1.3390 0.3253 0.5005 68.8033 2.3538 -61.9854 -3.1130 -0.0044 -0.0001 278 pedestrian_0012
Pedestrian 1.00 1.00 0 0 0 0 0 0 0 0 -1000.00 -1000.00 -1000.00 -1000.00 1.9158 0.4880 0.5529 67.2546 -6.9798 -251.7859 0.0184 -0.0044 -0.0001 279 pedestrian_0015
Pedestrian 1.00 1.00 0 0 1 14 0 0 0 0 -1000.00 -1000.00 -1000.00 -1000.00 1.9158 0.4880 0.7507 62.0636 2.0745 3.5988 -2.7406 -0.0044 -0.0001 280 pedestrian_0017
Pedestrian 1.00 1.00 0 0 0 0 0 0 0 0 -1000.00 -1000.00 -1000.00 -1000.00 1.9158 0.4880 0.3926 200.9270 -8.0275 -9.1915 1.4069 -0.0044 -0.0001 281 pedestrian_0005
Pedestrian 1.00 1.00 0 0 0 0 0 0 0 0 -1000.00 -1000.00 -1000.00 -1000.00 1.1330 0.4333 0.3664 75.4255 2.9673 -204.6842 2.9951 -0.0044 -0.0001 282 pedestrian_0009
Pedestrian 0.00 1.00 0 0 0 0 0 0 0 0 381.22 367.41 388.05 374.29 1.1330 0.4333 0.6667 -93.2865 2.3708 -98.0021 -1.5006 -0.0044 -0.0001 283 pedestrian_0009
Pedestrian 1.00 1.00 0 0 0 0 0 0 0 0 -1000.00 -1000.00 -1000.00 -1000.00 1.1330 0.4333 0.4160 208.7954 2.3008 -87.5696 1.5526 -0.0044 -0.0001 284 pedestrian_0009
Pedestrian 0.00 1.00 0 0 0 0 0 0 0 0 858.65 360.62 860.77 367.98 1.9158 0.4880 0.4481 -145.6841 2.0776 -28.4098 1.5517 -0.0044 -0.0001 285 pedestrian_0024
Pedestrian 1.00 1.00 0 0 0 0 0 0 0 0 -1000.00 -1000.00 -1000.00 -1000.00 1.9158 0.4880 0.7090 59.8025 2.7093 -175.5122 3.0271 -0.0044 -0.0001 286 pedestrian_0023
Pedestrian 0.00 1.00 0 0 0 0 0 0 0 0 1175.04 359.09 1178.06 365.23 1.9158 0.4880 0.7507 -174.5263 1.6335 65.5469 -2.7431 -0.0044 -0.0001 287 pedestrian_0015
Pedestrian 1.00 1.00 0 0 0 0 0 0 0 0 -1000.00 -1000.00 -1000.00 -1000.00 1.9158 0.4880 0.6999 124.0575 -7.0052 -243.4382 -2.6164 -0.0044 -0.0001 288 pedestrian_0025
Pedestrian 1.00 1.00 0 0 0 0 0 0 0 0 -1000.00 -1000.00 -1000.00 -1000.00 1.1330 0.4333 0.4903 176.8466 -8.0134 98.8351 -0.9210 -0.0044 -0.0001 289 pedestrian_0009
Pedestrian 1.00 1.00 0 0 0 0 0 0 0 0 -1000.00 -1000.00 -1000.00 -1000.00 1.9158 0.4880 0.4556 -12.3972 2.7108 -174.2372 -0.2277 -0.0044 -0.0001 290 pedestrian_0019
Pedestrian 0.00 1.00 0 0 0 0 0 0 0 0 1404.24 358.12 1408.39 369.27 1.9158 0.4880 0.3754 -96.6115 1.5931 74.7274 0.4423 -0.0044 -0.0001 291 pedestrian_0007
Pedestrian 0.00 1.00 0 0 0 0 0 0 0 0 1158.27 359.24 1160.25 363.48 1.9158 0.4880 0.7507 -251.8459 1.5740 87.9322 1.0075 -0.0044 -0.0001 292 pedestrian_0021
Pedestrian 1.00 1.00 0 0 0 0 0 0 0 0 -1000.00 -1000.00 -1000.00 -1000.00 1.3390 0.3253 0.3329 15.1120 2.0463 -35.3331 -2.9716 -0.0044 -0.0001 293 pedestrian_0014
Pedestrian 1.00 1.00 0 0 0 0 0 0 0 0 -1000.00 -1000.00 -1000.00 -1000.00 1.9158 0.4880 0.6080 132.8689 -7.6589 133.2627 -0.3989 -0.0044 -0.0001 294 pedestrian_0002
Pedestrian 1.00 1.00 0 0 0 0 0 0 0 0 -1000.00 -1000.00 -1000.00 -1000.00 1.9158 0.4880 0.7507 150.4109 1.8932 8.5857 0.1170 -0.0044 -0.0001 295 pedestrian_0026
Pedestrian 1.00 1.00 0 0 0 0 0 0 0 0 -1000.00 -1000.00 -1000.00 -1000.00 1.9158 0.4880 0.3762 61.2682 2.2986 -82.0833 -0.1979 -0.0044 -0.0001 296 pedestrian_0020
Pedestrian 1.00 1.00 0 0 0 0 0 0 0 0 -1000.00 -1000.00 -1000.00 -1000.00 1.9158 0.4880 0.7288 79.2454 2.4726 -87.2934 0.1864 -0.0044 -0.0001 297 pedestrian_0016
Pedestrian 0.00 1.00 0 0 0 0 0 0 0 0 1168.49 359.12 1171.38 365.13 1.9158 0.4880 0.7507 -178.4140 1.6364 64.9490 -2.7997 -0.0044 -0.0001 298 pedestrian_0024
Pedestrian 1.00 1.00 0 0 0 0 0 0 0 0 -1000.00 -1000.00 -1000.00 -1000.00 1.9158 0.4880 0.6736 163.3706 -8.0901 38.5221 -1.5274 -0.0044 -0.0001 299 pedestrian_0001
Pedestrian 0.00 1.00 0 0 0 0 0 0 0 0 501.25 362.16 505.27 368.79 1.9158 0.4880 0.7507 -161.9442 2.5464 -134.8336 1.6945 -0.0044 -0.0001 300 pedestrian_0025
Pedestrian 0.00 1.00 0 0 0 0 0 0 0 0 49.18 364.23 57.25 375.67 1.9158 0.4880 0.5094 -94.5199 2.6332 -155.1791 -1.3015 -0.0044 -0.0001 301 pedestrian_0016
Pedestrian 0.00 1.00 0 0 0 0 0 0 0 0 685.72 361.39 689.25 369.41 1.9158 0.4880 0.7487 -134.1764 2.2520 -67.6969 -3.1086 -0.0044 -0.0001 302 pedestrian_0006
Pedestrian 0.00 0.31 6 4 5 48 0 0 0 0 1288.03 368.77 1295.90 387.09 1.3390 0.3253 0.4095 -42.0013 1.9913 22.2979 -3.1159 -0.0044 -0.0001 303 pedestrian_0012
Pedestrian 1.00 1.00 0 0 0 0 0 0 0 0 -1000.00 -1000.00 -1000.00 -1000.00 1.9158 0.4880 0.7507 -138.3431 3.2363 -292.2105 -3.0575 -0.0044 -0.0001 304 pedestrian_0024
Pedestrian 0.00 1.00 0 0 0 0 0 0 0 0 1531.99 359.96 1535.45 365.40 1.3390 0.3253 0.5005 -138.0308 1.3305 139.5688 0.0339 -0.0044 -0.0001 305 pedestrian_0013
Pedestrian 0.00 1.00 0 0 0 0 0 0 0 0 889.77 362.00 891.00 364.32 1.1330 0.4333 0.5405 -271.8321 2.1098 -36.2489 -1.5651 -0.0044 -0.0001 306 pedestrian_0011
Pedestrian 1.00 1.00 0 0 0 1 1 0 0 0 -1000.00 -1000.00 -1000.00 -1000.00 1.9158 0.4880 0.6457 -8.8963 2.8114 -175.5744 -0.3190 -0.0044 -0.0001 307 pedestrian_0024
Pedestrian 0.00 1.00 0 0 0 0 0 0 0 0 953.78 360.14 954.65 364.03 1.9158 0.4880 0.4062 -274.3390 1.9843 -5.0877 -1.5271 -0.0044 -0.0001 308 pedestrian_0004
Pedestrian 1.00 1.00 0 0 0 0 0 0 0 0 -1000.00 -1000.00 -1000.00 -1000.00 1.9158 0.4880 0.7124 115.4415 1.7649 34.4329 0.2631 -0.0044 -0.0001 309 pedestrian_0019
Pedestrian 1.00 1.00 0 0 0 0 0 0 0 0 -1000.00 -1000.00 -1000.00 -1000.00 1.3390 0.3253 0.2616 127.4577 2.1608 -60.4646 -2.2213 -0.0044 -0.0001 310 pedestrian_0012
Pedestrian 1.00 1.00 0 0 0 0 0 0 0 0 -1000.00 -1000.00 -1000.00 -1000.00 1.9158 0.4880 0.5422 57.6081 2.7021 -173.8421 -3.1376 -0.0044 -0.0001 311 pedestrian_0022
Pedestrian 1.00 1.00 0 0 0 0 0 0 0 0 -1000.00 -1000.00 -1000.00 -1000.00 1.9158 0.4880 0.4497 215.6430 2.7544 -153.6407 -0.8910 -0.0044 -0.0001 312 pedestrian_0018
Pedestrian 0.00 0.21 12 10 13 1082 0 2 2 0 1359.00 360.55 1371.03 389.14 1.9158 0.4880 0.6713 -36.7709 1.8379 23.8746 0.0268 -0.0044 -0.0001 313 pedestrian_0022
Pedestrian 1.00 1.00 0 0 0 0 0 0 0 0 -1000.00 -1000.00 -1000.00 -1000.00 1.9158 0.4880 0.3891 35.6557 2.6202 -154.8417 -0.0132 -0.0044 -0.0001 314 pedestrian_0005
Pedestrian 1.00 1.00 0 0 0 0 0 0 0 0 -1000.00 -1000.00 -1000.00 -1000.00 1.9158 0.4880 0.7507 132.1010 2.2855 -58.1966 -0.1388 -0.0044 -0.0001 315 pedestrian_0018
Pedestrian 0.00 1.00 0 0 0 0 0 0 0 0 793.49 360.84 795.25 364.79 1.9158 0.4880 0.7104 -270.7338 2.3257 -82.8305 -1.5277 -0.0044 -0.0001 316 pedestrian_0024
Pedestrian 0.00 1.00 0 0 0 0 0 0 0 0 637.79 362.15 640.83 369.40 1.9158 0.4880 0.6324 -148.1274 2.4891 -87.3420 -3.0014 -0.0044 -0.0001 317 pedestrian_0002
Pedestrian 1.00 1.00 0 0 0 0 0 0 0 0 -1000.00 -1000.00 -1000.00 -1000.00 1.3390 0.3253 0.3398 -94.0547 2.7179 -175.6645 1.5169 -0.0044 -0.0001 318 pedestrian_0013
Pedestrian 1.00 1.00 0 0 0 0 0 0 0 0 -1000.00 -1000.00 -1000.00 -1000.00 1.9158 0.4880 0.4028 60.7531 2.8228 -166.6765 -0.1051 -0.0044 -0.0001 319 pedestrian_0018
Pedestrian 1.00 1.00 0 0 0 0 0 0 0 0 -1000.00 -1000.00 -1000.00 -1000.00 1.9158 0.4880 0.6059 -26.2783 2.7082 -173.8336 -0.0827 -0.0044 -0.0001 320 pedestrian_0006
Pedestrian 0.00 1.00 0 0 0 0 0 0 0 0 240.66 363.28 244.19 368.33 1.9158 0.4880 0.7507 -212.4902 3.1705 -275.9994 2.6408 -0.0044 -0.0001 321 pedestrian_0021
Pedestrian 1.00 1.00 0 1 1 5 0 0 0 0 -1000.00 -1000.00 -1000.00 -1000.00 1.1330 0.4333 0.5551 12.2202 2.2926 -82.5582 0.0659 -0.0044 -0.0001 322 pedestrian_0010
Pedestrian 1.00 1.00 0 0 0 0 0 0 0 0 -1000.00 -1000.00 -1000.00 -1000.00 1.9158 0.4880 0.4438 127.8001 2.3331 -61.4828 -0.4720 -0.0044 -0.0001 323 pedestrian_0022
Pedestrian 0.00 1.00 0 0 0 0 0 0 0 0 656.27 361.55 660.47 370.69 1.9158 0.4880 0.7507 -117.8447 2.2440 -65.8030 0.0404 -0.0044 -0.0001 324 pedestrian_0015
Pedestrian 0.00 1.00 0 0 0 0 0 0 0 0 1256.07 358.93 1261.50 370.23 1.9158 0.4880 0.6493 -95.4118 1.7354 48.6390 -1.5524 -0.0044 -0.0001 325 pedestrian_0005
Pedestrian 1.00 1.00 0 0 0 0 0 0 0 0 -1000.00 -1000.00 -1000.00 -1000.00 1.9158 0.4880 0.6192 200.8924 -7.8331 -54.0675 -1.5537 -0.0044 -0.0001 326 pedestrian_0006
Pedestrian 1.00 1.00 0 0 0 2 0 0 0 0 -1000.00 -1000.00 -1000.00 -1000.00 1.9158 0.4880 0.7507 15.5273 2.2180 -62.9959 3.1224 -0.0044 -0.0001 327 pedestrian_0002
Pedestrian 1.00 1.00 6 2 4 27 1 0 0 0 -1000.00 -1000.00 -1000.00 -1000.00 1.9158 0.4880 0.5523 -17.4524 2.2239 -64.1206 -3.1203 -0.0044 -0.0001 328 pedestrian_0015
Pedestrian 0.00 1.00 0 0 0 0 0 0 0 0 1684.37 357.01 1691.96 366.86 1.9158 0.4880 0.7507 -109.3521 1.3347 140.0659 0.0037 -0.0044 -0.0001 329 pedestrian_0005
Pedestrian 0.00 1.00 0 0 0 0 0 0 0 0 234.78 365.34 237.78 368.36 1.1330 0.4333 0.6667 -211.1368 3.1612 -276.5771 2.5384 -0.0044 -0.0001 330 pedestrian_0010
Pedestrian 1.00 1.00 0 0 0 0 0 0 0 0 -1000.00 -1000.00 -1000.00 -1000.00 1.9158 0.4880 0.6098 56.3426 1.6745 60.8938 -1.5287 -0.0044 -0.0001 331 pedestrian_0001
Pedestrian 0.00 1.00 0 0 0 0 0 0 0 0 946.04 360.30 949.80 371.81 1.9158 0.4880 0.3838 -93.6767 1.9677 -4.2555 -2.3851 -0.0044 -0.0001 332 pedestrian_0017
Pedestrian 1.00 1.00 1 3 2 15 0 0 0 0 -1000.00 -1000.00 -1000.00 -1000.00 1.9158 0.4880 0.4883 6.1992 2.2814 -83.3887 -0.1309 -0.0044 -0.0001 333 pedestrian_0023
Pedestrian 0.00 1.00 0 0 0 0 0 0 0 0 1401.26 361.32 1404.94 369.01 1.3390 0.3253 0.3888 -97.9516 1.5717 75.2424 1.7776 -0.0044 -0.0001 334 pedestrian_0013
Pedestrian 0.00 1.00 0 0 0 0 0 0 0 0 593.63 361.90 599.02 377.81 1.9158 0.4880 0.7507 -68.3526 2.1486 -46.4044 0.5084 -0.0044 -0.0001 335 pedestrian_0019
Pedestrian 0.00 0.51 4 4 5 23 0 1 0 0 1061.33 361.02 1067.85 375.81 1.9158 0.4880 0.7080 -73.2300 2.0499 11.3864 1.7092 -0.0044 -0.0001 336 pedestrian_0017
Pedestrian 1.00 1.00 0 0 0 0 0 0 0 0 -1000.00 -1000.00 -1000.00 -1000.00 1.9158 0.4880 0.7507 -138.7089 3.2333 -291.5187 -3.1377 -0.0044 -0.0001 337 pedestrian_0025
Pedestrian 1.00 1.00 0 0 0 0 0 0 0 0 -1000.00 -1000.00 -1000.00 -1000.00 1.9158 0.4880 0.7507 30.2093 -6.0139 -289.2863 3.1358 -0.0044 -0.0001 338 pedestrian_0006
Pedestrian 1.00 1.00 0 0 0 0 0 0 0 0 -1000.00 -1000.00 -1000.00 -1000.00 1.1330 0.4333 0.6097 36.3280 -6.6462 -252.3700 0.0187 -0.0044 -0.0001 339 pedestrian_0011
Pedestrian 1.00 1.00 0 0 0 0 0 0 0 0 -1000.00 -1000.00 -1000.00 -1000.00 1.1330 0.4333 0.3333 126.8810 2.1651 -60.5764 -1.6174 -0.0044 -0.0001 340 pedestrian_0011
Pedestrian 1.00 1.00 0 0 0 0 0 0 0 0 -1000.00 -1000.00 -1000.00 -1000.00 1.3390 0.3253 0.3150 205.3082 2.5400 -140.8345 -1.8103 -0.0044 -0.0001 341 pedestrian_0013
Pedestrian 1.00 1.00 0 0 0 0 0 0 0 0 -1000.00 -1000.00 -1000.00 -1000.00 1.9158 0.4880 0.7507 116.4249 2.2019 -60.9745 -0.0091 -0.0044 -0.0001 342 pedestrian_0007
Pedestrian 1.00 1.00 0 2 3 4 1 0 0 0 -1000.00 -1000.00 -1000.00 -1000.00 1.9158 0.4880 0.4060 -12.0209 2.8237 -165.7100 -1.3310 -0.0044 -0.0001 343 pedestrian_0021
Pedestrian 1.00 1.00 0 0 0 0 0 0 0 0 -1000.00 -1000.00 -1000.00 -1000.00 1.1330 0.4333 0.5132 203.5597 -7.2961 -179.0933 -1.4729 -0.0044 -0.0001 344 pedestrian_0010
Pedestrian 1.00 1.00 6 6 10 53 3 0 0 0 -1000.00 -1000.00 -1000.00 -1000.00 1.9158 0.4880 0.5388 6.6664 2.1316 -55.8071 -1.4844 -0.0044 -0.0001 345 pedestrian_0021
Pedestrian 1.00 1.00 1 0 4 8 0 0 0 0 -1000.00 -1000.00 -1000.00 -1000.00 1.3390 0.3253 0.2962 76.5846 1.9497 29.8473 -2.6963 -0.0044 -0.0001 346 pedestrian_0014
Pedestrian 1.00 1.00 0 0 0 0 0 0 0 0 -1000.00 -1000.00 -1000.00 -1000.00 1.9158 0.4880 0.5720 -52.3842 2.4888 -126.8925 -0.0257 -0.0044 -0.0001 347 pedestrian_0023
Pedestrian 0.00 1.00 0 0 0 0 0 0 0 0 417.40 363.58 424.78 375.81 1.9158 0.4880 0.7507 -88.5639 2.4848 -87.3394 -2.9785 -0.0044 -0.0001 348 pedestrian_0008
Pedestrian 0.00 1.00 0 0 0 0 0 0 0 0 1177.08 359.16 1178.60 363.48 1.9158 0.4880 0.4650 -247.3320 1.5445 94.5668 -2.3570 -0.0044 -0.0001 349 pedestrian_0006
Pedestrian 1.00 1.00 0 0 0 0 0 0 0 0 -1000.00 -1000.00 -1000.00 -1000.00 1.9158 0.4880 0.5760 61.1028 2.8716 -205.9821 -2.3335 -0.0044 -0.0001 350 pedestrian_0022
Pedestrian 1.00 1.00 0 0 0 0 0 0 0 0 -1000.00 -1000.00 -1000.00 -1000.00 1.9158 0.4880 0.3754 63.7628 2.7012 -173.7394 2.9426 -0.0044 -0.0001 351 pedestrian_0023
Pedestrian 1.00 1.00 0 2 4 7 1 0 0 0 -1000.00 -1000.00 -1000.00 -1000.00 1.9158 0.4880 0.7455 7.4955 2.5186 -143.8940 1.6205 -0.0044 -0.0001 352 pedestrian_0006
Pedestrian 1.00 1.00 21 21 30 283 0 0 5 0 -1000.00 -1000.00 -1000.00 -1000.00 1.9158 0.4880 0.7507 7.3131 1.7519 35.4527 -1.8438 -0.0044 -0.0001 353 pedestrian_0024
Pedestrian 0.00 1.00 0 0 0 0 0 0 0 0 1667.86 360.90 1674.27 366.53 1.1330 0.4333 0.6667 -113.0673 1.3157 141.4890 -3.1388 -0.0044 -0.0001 354 pedestrian_0011
Pedestrian 1.00 1.00 23 22 31 386 0 0 15 0 -1000.00 -1000.00 -1000.00 -1000.00 1.9158 0.4880 0.6248 3.3551 1.8510 25.8380 2.8692 -0.0044 -0.0001 355 pedestrian_0017
Pedestrian 1.00 1.00 0 0 0 0 0 0 0 0 -1000.00 -1000.00 -1000.00 -1000.00 1.3390 0.3253 0.3490 165.9246 -7.6977 -86.5548 -1.5553 -0.0044 -0.0001 356 pedestrian_0012
Pedestrian 0.00 1.00 0 0 0 0 0 0 0 0 191.12 363.51 193.57 368.79 1.9158 0.4880 0.4346 -202.5503 3.1932 -281.3381 2.6976 -0.0044 -0.0001 357 pedestrian_0020
Pedestrian 1.00 1.00 0 0 0 0 0 0 0 0 -1000.00 -1000.00 -1000.00 -1000.00 1.9158 0.4880 0.7507 -39.8685 2.7092 -173.8256 -0.0849 -0.0044 -0.0001 358 pedestrian_0017
Pedestrian 0.00 0.87 3 5 8 29 0 2 0 0 1024.54 360.03 1028.57 375.32 1.9158 0.4880 0.4862 -70.7498 1.9204 6.1342 3.0362 -0.0044 -0.0001 359 pedestrian_0025
Pedestrian 1.00 1.00 0 0 0 0 0 0 0 0 -1000.00 -1000.00 -1000.00 -1000.00 1.3390 0.3253 0.3642 -132.1453 3.2274 -291.9765 0.3120 -0.0044 -0.0001 360 pedestrian_0013
Pedestrian 0.00 1.00 0 0 0 0 0 0 0 0 143.98 365.36 146.74 369.23 1.3390 0.3253 0.4425 -193.4128 3.2005 -284.9921 2.9656 -0.0044 -0.0001 361 pedestrian_0013
Pedestrian 1.00 1.00 0 0 0 84 1 0 0 0 -1000.00 -1000.00 -1000.00 -1000.00 1.3390 0.3253 0.4243 14.2726 2.0519 -36.3889 -1.8646 -0.0044 -0.0001 362 pedestrian_0013
Pedestrian 0.00 1.00 0 0 0 0 0 0 0 0 1238.33 363.58 1243.60 370.34 1.1330 0.4333 0.6667 -94.5502 1.7392 45.1665 1.5633 -0.0044 -0.0001 363 pedestrian_0011
Pedestrian 1.00 1.00 0 0 0 0 0 0 0 0 -1000.00 -1000.00 -1000.00 -1000.00 1.3390 0.3253 0.4254 13.8798 2.6975 -184.0206 1.7532 -0.0044 -0.0001 364 pedestrian_0012
Pedestrian 1.00 1.00 0 0 0 0 0 0 0 0 -1000.00 -1000.00 -1000.00 -1000.00 1.9158 0.4880 0.5329 127.6672 2.0867 -47.5564 -1.5355 -0.0044 -0.0001 365 pedestrian_0023
Pedestrian 0.00 1.00 0 0 0 3 0 0 0 0 1407.33 358.13 1412.35 369.27 1.9158 0.4880 0.4693 -96.6587 1.5949 75.3723 -0.0934 -0.0044 -0.0001 366 pedestrian_0005
Pedestrian 0.00 1.00 0 0 0 0 0 0 0 0 725.49 361.10 727.81 366.50 1.9158 0.4880 0.6294 -198.2929 2.3107 -85.2850 1.6442 -0.0044 -0.0001 367 pedestrian_0021
Pedestrian 0.00 1.00 0 0 0 0 0 0 0 0 695.31 364.56 697.93 369.30 1.1330 0.4333 0.4106 -134.4538 2.2339 -65.6366 0.0118 -0.0044 -0.0001 368 pedestrian_0010
Pedestrian 1.00 1.00 0 0 0 0 0 0 0 0 -1000.00 -1000.00 -1000.00 -1000.00 1.9158 0.4880 0.3754 58.2958 2.7791 -203.9417 -0.8824 -0.0044 -0.0001 369 pedestrian_0020
Pedestrian 1.00 1.00 0 0 0 0 0 0 0 0 -1000.00 -1000.00 -1000.00 -1000.00 1.3390 0.3253 0.2636 62.3208 2.2912 -82.4997 2.6362 -0.0044 -0.0001 370 pedestrian_0012
Pedestrian 1.00 1.00 0 0 0 0 0 0 0 0 -1000.00 -1000.00 -1000.00 -1000.00 1.9158 0.4880 0.4722 60.9222 2.3984 -70.1043 -2.6907 -0.0044 -0.0001 371 pedestrian_0015
Pedestrian 1.00 1.00 10 11 14 833 0 0 3 1 -1000.00 -1000.00 -1000.00 -1000.00 1.9158 0.4880 0.7175 34.4177 1.8227 26.6621 3.1393 -0.0044 -0.0001 372 pedestrian_0007
Pedestrian 0.00 1.00 0 0 0 0 0 0 0 0 746.44 361.05 748.15 364.99 1.9158 0.4880 0.6574 -271.0872 2.4291 -105.8722 -1.4899 -0.0044 -0.0001 373 pedestrian_0008
Pedestrian 1.00 1.00 0 0 0 0 0 0 0 0 -1000.00 -1000.00 -1000.00 -1000.00 1.9158 0.4880 0.6261 43.8599 2.2175 -63.3360 -3.1386 -0.0044 -0.0001 374 pedestrian_0020
Pedestrian 1.00 1.00 0 0 1 1 0 0 0 0 -1000.00 -1000.00 -1000.00 -1000.00 1.9158 0.4880 0.5425 -17.9402 2.7080 -173.9318 0.0027 -0.0044 -0.0001 375 pedestrian_0015
Pedestrian 1.00 1.00 0 0 0 0 0 0 0 0 -1000.00 -1000.00 -1000.00 -1000.00 1.3390 0.3253 0.3315 -40.6592 2.3017 -82.8078 0.0262 -0.0044 -0.0001 376 pedestrian_0012
Pedestrian 1.00 1.00 0 0 0 0 0 0 0 0 -1000.00 -1000.00 -1000.00 -1000.00 1.9158 0.4880 0.4253 117.9146 2.6930 -173.2887 -0.0530 -0.0044 -0.0001 377 pedestrian_0017
Pedestrian 1.00 1.00 0 0 0 0 0 0 0 0 -1000.00 -1000.00 -1000.00 -1000.00 1.9158 0.4880 0.7507 86.4143 1.9980 20.6040 -1.6351 -0.0044 -0.0001 378 pedestrian_0025
Pedestrian 0.00 1.00 0 0 0 0 0 0 0 0 1190.16 363.76 1195.24 370.50 1.1330 0.4333 0.6667 -95.0005 1.7742 37.2124 -1.5109 -0.0044 -0.0001 379 pedestrian_0009
Pedestrian 1.00 1.00 0 0 0 0 0 0 0 0 -1000.00 -1000.00 -1000.00 -1000.00 1.9158 0.4880 0.4042 62.1467 2.2986 -81.8847 1.3174 -0.0044 -0.0001 380 pedestrian_0002
Pedestrian 1.00 1.00 0 0 0 0 0 0 0 0 -1000.00 -1000.00 -1000.00 -1000.00 1.3390 0.3253 0.3942 -101.6242 3.2227 -291.5876 -3.0671 -0.0044 -0.0001 381 pedestrian_0013
Pedestrian 1.00 1.00 0 0 0 0 0 0 0 0 -1000.00 -1000.00 -1000.00 -1000.00 1.3390 0.3253 0.4962 98.8298 2.6878 -173.1634 0.2043 -0.0044 -0.0001 382 pedestrian_0012
Pedestrian 0.00 0.29 6 7 13 50 0 3 0 0 1013.32 373.93 1021.52 392.02 1.1330 0.4333 0.6035 -34.4747 1.9279 1.2113 -2.9654 -0.0044 -0.0001 383 pedestrian_0010
Pedestrian 1.00 1.00 0 0 0 0 0 0 0 0 -1000.00 -1000.00 -1000.00 -1000.00 1.3390 0.3253 0.5005 -96.1191 3.2190 -290.8603 0.0279 -0.0044 -0.0001 384 pedestrian_0013
Pedestrian 0.00 0.27 8 4 8 70 0 0 0 0 1252.84 359.14 1263.52 381.80 1.9158 0.4880 0.7507 -48.3173 1.8438 23.1974 -3.1190 -0.0044 -0.0001 385 pedestrian_0015
Pedestrian 1.00 1.00 8 6 11 139 0 0 2 0 -1000.00 -1000.00 -1000.00 -1000.00 1.9158 0.4880 0.4354 -5.1654 1.9175 27.7951 1.0444 -0.0044 -0.0001 386 pedestrian_0018
Pedestrian 1.00 1.00 0 0 0 0 0 0 0 0 -1000.00 -1000.00 -1000.00 -1000.00 1.3390 0.3253 0.4767 -90.5432 3.2223 -291.7142 -0.0584 -0.0044 -0.0001 387 pedestrian_0013
Pedestrian 1.00 1.00 0 0 0 0 0 0 0 0 -1000.00 -1000.00 -1000.00 -1000.00 1.9158 0.4880 0.7507 102.6846 2.6928 -172.4719 -3.1409 -0.0044 -0.0001 388 pedestrian_0022
Pedestrian 0.00 1.00 0 0 0 0 0 0 0 0 916.90 360.30 918.01 364.22 1.9158 0.4880 0.4830 -272.2212 2.0631 -23.0529 1.5376 -0.0044 -0.0001 389 pedestrian_0003
Pedestrian 0.00 1.00 0 0 0 0 0 0 0 0 252.62 363.23 255.90 368.22 1.9158 0.4880 0.7507 -214.6734 3.1630 -274.2629 2.5286 -0.0044 -0.0001 390 pedestrian_0021
Pedestrian 0.00 1.00 0 0 0 0 0 0 0 0 1399.80 358.10 1403.62 369.17 1.9158 0.4880 0.3754 -97.1902 1.5870 74.3931 -0.6088 -0.0044 -0.0001 391 pedestrian_0016
Pedestrian 1.00 1.00 0 0 0 0 0 0 0 0 -1000.00 -1000.00 -1000.00 -1000.00 1.9158 0.4880 0.7507 -162.2115 3.2329 -291.2413 3.0627 -0.0044 -0.0001 392 pedestrian_0005
Pedestrian 1.00 1.00 0 0 0 0 0 0 0 0 -1000.00 -1000.00 -1000.00 -1000.00 1.9158 0.4880 0.4774 160.5487 -7.1721 -205.0665 1.0944 -0.0044 -0.0001 393 pedestrian_0026
Pedestrian 1.00 1.00 12 10 12 77 0 0 0 8 -1000.00 -1000.00 -1000.00 -1000.00 1.9158 0.4880 0.4466 41.2067 1.9189 1.0460 2.6602 -0.0044 -0.0001 394 pedestrian_0022
Pedestrian 1.00 1.00 0 0 0 0 0 0 0 0 -1000.00 -1000.00 -1000.00 -1000.00 1.1330 0.4333 0.6667 160.7972 -8.0734 51.3388 1.9209 -0.0044 -0.0001 395 pedestrian_0010
Pedestrian 1.00 1.00 12 10 19 743 0 0 2 0 -1000.00 -1000.00 -1000.00 -1000.00 1.9158 0.4880 0.7507 36.1042 1.8270 25.6443 -3.1013 -0.0044 -0.0001 396 pedestrian_0006
Pedestrian 1.00 1.00 0 0 0 0 0 0 0 0 -1000.00 -1000.00 -1000.00 -1000.00 1.3390 0.3253 0.5005 -93.8629 2.8026 -196.1608 -1.5512 -0.0044 -0.0001 397 pedestrian_0012
Pedestrian 1.00 1.00 0 0 0 0 0 0 0 0 -1000.00 -1000.00 -1000.00 -1000.00 1.1330 0.4333 0.4727 -9.4306 2.6927 -176.2092 -2.7711 -0.0044 -0.0001 398 pedestrian_0010
Pedestrian 0.00 1.00 0 0 0 0 0 0 0 0 1012.04 359.80 1014.05 364.77 1.9158 0.4880 0.7507 -215.4472 1.8411 18.2840 -1.6976 -0.0044 -0.0001 399 pedestrian_0007
Pedestrian 1.00 1.00 0 0 0 0 0 0 0 0 -1000.00 -1000.00 -1000.00 -1000.00 1.9158 0.4880 0.4518 200.3705 -8.0266 -8.8770 -1.6485 -0.0044 -0.0001 400 pedestrian_0001
Pedestrian 1.00 1.00 525 598 931 43747 0 0 205 0 -1000.00 -1000.00 -1000.00 -1000.00 1.9158 0.4880 0.5028 3.0850 1.8732 3.0526 2.3249 -0.0044 -0.0001 401 pedestrian_0016
Pedestrian 0.00 1.00 0 0 0 0 0 0 0 0 1186.12 359.12 1188.29 363.49 1.9158 0.4880 0.7507 -244.8018 1.5306 97.6901 -2.3141 -0.0044 -0.0001 402 pedestrian_0021
Pedestrian 1.00 1.00 0 0 0 0 0 0 0 0 -1000.00 -1000.00 -1000.00 -1000.00 1.9158 0.4880 0.6331 90.4439 2.2078 -61.8832 0.1210 -0.0044 -0.0001 403 pedestrian_0006
Pedestrian 0.00 1.00 0 0 0 0 0 0 0 0 1265.77 358.69 1269.68 366.42 1.9158 0.4880 0.7507 -138.9060 1.5926 74.3095 -2.9985 -0.0044 -0.0001 404 pedestrian_0023
Pedestrian 1.00 1.00 0 0 0 0 0 0 0 0 -1000.00 -1000.00 -1000.00 -1000.00 1.1330 0.4333 0.5897 62.2915 2.5637 -145.0210 -1.6251 -0.0044 -0.0001 405 pedestrian_0011
Pedestrian 1.00 1.00 19 20 38 206 11 0 0 0 -1000.00 -1000.00 -1000.00 -1000.00 1.9158 0.4880 0.5449 6.0161 2.0293 -31.8724 -1.5696 -0.0044 -0.0001 406 pedestrian_0004
Pedestrian 1.00 1.00 0 0 0 0 0 0 0 0 -1000.00 -1000.00 -1000.00 -1000.00 1.9158 0.4880 0.4490 31.7579 2.7050 -174.0822 -3.1365 -0.0044 -0.0001 407 pedestrian_0026
Pedestrian 1.00 1.00 0 0 0 0 0 0 0 0 -1000.00 -1000.00 -1000.00 -1000.00 1.3390 0.3253 0.3767 145.5549 2.0726 -46.0977 -1.5576 -0.0044 -0.0001 408 pedestrian_0013
Pedestrian 1.00 1.00 0 0 0 0 0 0 0 0 -1000.00 -1000.00 -1000.00 -1000.00 1.1330 0.4333 0.5107 -93.7275 3.0281 -247.8571 1.6189 -0.0044 -0.0001 409 pedestrian_0010
Pedestrian 1.00 1.00 0 0 0 0 0 0 0 0 -1000.00 -1000.00 -1000.00 -1000.00 1.9158 0.4880 0.5407 142.3925 1.9667 18.3829 -1.7953 -0.0044 -0.0001 410 pedestrian_0020
Pedestrian 1.00 1.00 0 0 0 0 0 0 0 0 -1000.00 -1000.00 -1000.00 -1000.00 1.9158 0.4880 0.7292 -94.2772 3.0320 -220.1294 -1.6322 -0.0044 -0.0001 411 pedestrian_0025
Pedestrian 1.00 1.00 0 0 0 0 0 0 0 0 -1000.00 -1000.00 -1000.00 -1000.00 1.1330 0.4333 0.6643 118.6429 1.7966 28.5465 -2.8007 -0.0044 -0.0001 412 pedestrian_0010
Pedestrian 1.00 1.00 0 0 0 0 0 0 0 0 -1000.00 -1000.00 -1000.00 -1000.00 1.9158 0.4880 0.3754 128.9328 2.5368 -149.4692 -1.5426 -0.0044 -0.0001 413 pedestrian_0015
Pedestrian 1.00 1.00 0 0 0 0 0 0 0 0 -1000.00 -1000.00 -1000.00 -1000.00 1.1330 0.4333 0.3333 63.1541 2.6947 -174.8412 1.6480 -0.0044 -0.0001 414 pedestrian_0011
Pedestrian 1.00 1.00 10 11 20 102 2 0 0 0 -1000.00 -1000.00 -1000.00 -1000.00 1.9158 0.4880 0.4778 -14.3733 2.0736 -42.2530 1.5527 -0.0044 -0.0001 415 pedestrian_0025
Pedestrian 1.00 1.00 0 0 0 3 0 0 0 0 -1000.00 -1000.00 -1000.00 -1000.00 1.1330 0.4333 0.6527 164.0225 -8.0887 10.0045 1.5807 -0.0044 -0.0001 416 pedestrian_0009
Pedestrian 1.00 1.00 0 0 0 0 0 0 0 0 -1000.00 -1000.00 -1000.00 -1000.00 1.9158 0.4880 0.5660 134.1256 -7.7178 90.6239 -0.5699 -0.0044 -0.0001 417 pedestrian_0026
Pedestrian 0.00 1.00 0 0 0 0 0 0 0 0 719.12 361.17 720.48 365.13 1.9158 0.4880 0.4506 -270.0827 2.4854 -118.8332 -1.5350 -0.0044 -0.0001 418 pedestrian_0019
Pedestrian 1.00 1.00 0 0 0 0 0 0 0 0 -1000.00 -1000.00 -1000.00 -1000.00 1.9158 0.4880 0.7507 43.7638 2.2988 -81.8279 -0.0110 -0.0044 -0.0001 419 pedestrian_0018
Pedestrian 1.00 1.00 0 0 0 0 0 0 0 0 -1000.00 -1000.00 -1000.00 -1000.00 1.9158 0.4880 0.6671 -93.2144 3.2281 -291.0446 -2.9347 -0.0044 -0.0001 420 pedestrian_0026
Pedestrian 1.00 1.00 0 0 0 0 0 0 0 0 -1000.00 -1000.00 -1000.00 -1000.00 1.9158 0.4880 0.4329 152.4754 2.2809 -79.5526 -0.2452 -0.0044 -0.0001 421 pedestrian_0005
Pedestrian 1.00 1.00 0 0 0 0 0 0 0 0 -1000.00 -1000.00 -1000.00 -1000.00 1.9158 0.4880 0.7303 62.7798 2.7846 -158.0115 -1.4293 -0.0044 -0.0001 422 pedestrian_0021
Pedestrian 1.00 1.00 0 0 0 0 0 0 0 0 -1000.00 -1000.00 -1000.00 -1000.00 1.9158 0.4880 0.6382 174.8716 2.5955 -151.4576 0.0190 -0.0044 -0.0001 423 pedestrian_0025
Pedestrian 1.00 1.00 0 0 0 0 0 0 0 0 -1000.00 -1000.00 -1000.00 -1000.00 1.9158 0.4880 0.4693 126.8532 2.4194 -76.8685 1.6769 -0.0044 -0.0001 424 pedestrian_0008
Pedestrian 1.00 1.00 4 6 6 55 0 0 0 1 -1000.00 -1000.00 -1000.00 -1000.00 1.9158 0.4880 0.4678 55.2451 1.8290 24.4223 -0.7829 -0.0044 -0.0001 425 pedestrian_0018
Pedestrian 0.00 1.00 0 0 0 0 0 0 0 0 898.02 360.31 900.26 365.70 1.9158 0.4880 0.7507 -198.7119 2.0285 -23.9412 1.6066 -0.0044 -0.0001 426 pedestrian_0020
Pedestrian 0.00 1.00 0 0 0 0 0 0 0 0 28.24 367.34 33.98 374.56 1.3390 0.3253 0.4453 -104.6362 2.7142 -175.8650 3.1082 -0.0044 -0.0001 427 pedestrian_0012
Pedestrian 1.00 1.00 0 0 0 0 0 0 0 0 -1000.00 -1000.00 -1000.00 -1000.00 1.1330 0.4333 0.4113 128.2436 2.4763 -138.2559 -1.4919 -0.0044 -0.0001 428 pedestrian_0011
Pedestrian 0.00 1.00 0 0 0 0 0 0 0 0 281.97 363.15 285.86 371.03 1.9158 0.4880 0.5557 -136.5329 2.6883 -167.5172 2.5439 -0.0044 -0.0001 429 pedestrian_0006
Pedestrian 1.00 1.00 0 0 0 0 0 0 0 0 -1000.00 -1000.00 -1000.00 -1000.00 1.9158 0.4880 0.5105 129.5996 2.2768 -56.1728 -0.2677 -0.0044 -0.0001 430 pedestrian_0021
Pedestrian 0.00 1.00 0 0 0 0 0 0 0 0 656.71 361.53 660.73 370.39 1.9158 0.4880 0.7507 -121.5055 2.2494 -67.7192 -3.0843 -0.0044 -0.0001 431 pedestrian_0026
Pedestrian 1.00 1.00 0 0 0 0 0 0 0 0 -1000.00 -1000.00 -1000.00 -1000.00 1.9158 0.4880 0.5220 111.4094 -7.4265 102.6217 -0.2565 -0.0044 -0.0001 432 pedestrian_0026
Pedestrian 1.00 1.00 0 0 0 0 0 0 0 0 -1000.00 -1000.00 -1000.00 -1000.00 1.9158 0.4880 0.4919 -72.3398 2.5058 -126.3862 -0.1482 -0.0044 -0.0001 433 pedestrian_0002
Pedestrian 1.00 1.00 0 0 0 0 0 0 0 0 -1000.00 -1000.00 -1000.00 -1000.00 1.9158 0.4880 0.7458 148.8339 2.7640 -154.7305 -1.8841 -0.0044 -0.0001 434 pedestrian_0001
Pedestrian 1.00 1.00 0 0 0 0 0 0 0 0 -1000.00 -1000.00 -1000.00 -1000.00 1.9158 0.4880 0.7109 175.0115 -6.9824 -249.2223 0.7966 -0.0044 -0.0001 435 pedestrian_0022
Pedestrian 1.00 1.00 0 0 0 0 0 0 0 0 -1000.00 -1000.00 -1000.00 -1000.00 1.9158 0.4880 0.5229 60.7764 1.9931 -12.5431 -1.5566 -0.0044 -0.0001 436 pedestrian_0005
Pedestrian 0.00 1.00 0 0 0 0 0 0 0 0 353.75 368.39 361.20 381.20 1.3390 0.3253 0.4214 -59.5263 2.2284 -65.8216 -3.1025 -0.0044 -0.0001 437 pedestrian_0013
Pedestrian 0.00 1.00 0 0 0 0 0 0 0 0 580.98 363.38 582.97 365.74 1.1330 0.4333 0.6667 -267.9228 2.7614 -184.2657 1.7129 -0.0044 -0.0001 438 pedestrian_0011
Pedestrian 0.00 1.00 0 0 0 0 0 0 0 0 1365.29 359.30 1371.73 370.67 1.9158 0.4880 0.7507 -94.8294 1.7996 66.8923 1.2784 -0.0044 -0.0001 439 pedestrian_0006
Pedestrian 1.00 1.00 0 0 0 0 0 0 0 0 -1000.00 -1000.00 -1000.00 -1000.00 1.3390 0.3253 0.4934 38.4936 -6.6620 141.9704 0.0207 -0.0044 -0.0001 440 pedestrian_0014
Pedestrian 0.00 0.40 1 0 1 14 0 2 0 0 1029.92 360.84 1033.35 372.32 1.9158 0.4880 0.4966 -93.9614 2.0585 9.7744 -1.5552 -0.0044 -0.0001 441 pedestrian_0025
Pedestrian 0.00 1.00 0 0 0 0 0 0 0 0 1172.71 359.18 1174.11 363.48 1.9158 0.4880 0.4317 -248.4400 1.5513 93.0246 -2.2986 -0.0044 -0.0001 442 pedestrian_0003
Pedestrian 1.00 1.00 0 0 0 0 0 0 0 0 -1000.00 -1000.00 -1000.00 -1000.00 1.9158 0.4880 0.7136 128.0549 2.1255 -56.3879 1.6173 -0.0044 -0.0001 443 pedestrian_0024
Pedestrian 1.00 1.00 0 0 1 5 1 0 0 0 -1000.00 -1000.00 -1000.00 -1000.00 1.9158 0.4880 0.5129 7.4399 2.3234 -99.2463 1.4563 -0.0044 -0.0001 444 pedestrian_0007
Pedestrian 0.00 1.00 0 0 0 0 0 0 0 0 626.83 361.70 630.80 371.86 1.9158 0.4880 0.4108 -105.9185 2.2393 -64.9066 -0.2199 -0.0044 -0.0001 445 pedestrian_0023
Pedestrian 0.00 1.00 0 0 0 0 0 0 0 0 1169.08 359.19 1170.66 363.48 1.9158 0.4880 0.5988 -249.3262 1.5552 91.7782 1.0837 -0.0044 -0.0001 446 pedestrian_0026
Pedestrian 1.00 1.00 0 0 0 0 0 0 0 0 -1000.00 -1000.00 -1000.00 -1000.00 1.1330 0.4333 0.5401 167.5263 -7.4304 -147.5307 -1.5215 -0.0044 -0.0001 447 pedestrian_0009
Pedestrian 1.00 1.00 0 0 0 0 0 0 0 0 -1000.00 -1000.00 -1000.00 -1000.00 1.9158 0.4880 0.7507 101.7094 -6.9789 -250.5184 -2.9046 -0.0044 -0.0001 448 pedestrian_0015
Pedestrian 1.00 1.00 0 0 0 0 0 0 0 0 -1000.00 -1000.00 -1000.00 -1000.00 1.9158 0.4880 0.3911 152.4617 2.2780 -78.8866 1.4403 -0.0044 -0.0001 449 pedestrian_0017
Pedestrian 1.00 1.00 2 1 4 20 3 0 0 0 -1000.00 -1000.00 -1000.00 -1000.00 1.9158 0.4880 0.6513 7.2244 2.2706 -86.8159 1.7350 -0.0044 -0.0001 450 pedestrian_0023
Pedestrian 0.00 1.00 0 0 0 0 0 0 0 0 1353.20 359.36 1359.74 370.73 1.9158 0.4880 0.7507 -94.8460 1.8101 64.8669 1.5842 -0.0044 -0.0001 451 pedestrian_0001
Pedestrian 0.00 1.00 0 0 0 0 0 0 0 0 925.29 360.19 927.51 365.58 1.9158 0.4880 0.7483 -198.6505 1.9854 -14.2144 -1.5848 -0.0044 -0.0001 452 pedestrian_0017
Pedestrian 0.00 1.00 0 0 0 0 0 0 0 0 69.58 375.05 89.84 391.29 1.1330 0.4333 0.6364 -40.6814 2.2191 -65.2002 -3.1245 -0.0044 -0.0001 453 pedestrian_0011
Pedestrian 0.00 1.00 0 0 0 0 0 0 0 0 459.81 362.31 461.59 366.52 1.9158 0.4880 0.4941 -254.4667 2.9761 -230.5379 -1.0876 -0.0044 -0.0001 454 pedestrian_0018
Pedestrian 1.00 1.00 0 0 0 0 0 0 0 0 -1000.00 -1000.00 -1000.00 -1000.00 1.9158 0.4880 0.6981 146.6725 2.4814 -137.4249 1.5739 -0.0044 -0.0001 455 pedestrian_0021
Pedestrian 1.00 1.00 0 0 0 0 0 0 0 0 -1000.00 -1000.00 -1000.00 -1000.00 1.9158 0.4880 0.5028 194.4686 2.1944 -60.4789 -3.1244 -0.0044 -0.0001 456 pedestrian_0007
Pedestrian 1.00 1.00 0 0 0 8 2 0 0 0 -1000.00 -1000.00 -1000.00 -1000.00 1.9158 0.4880 0.7507 7.8828 2.4315 -123.4955 -1.6068 -0.0044 -0.0001 457 pedestrian_0021
Pedestrian 1.00 1.00 0 0 0 0 0 0 0 0 -1000.00 -1000.00 -1000.00 -1000.00 1.9158 0.4880 0.7507 55.2759 -6.7654 105.5515 0.0391 -0.0044 -0.0001 458 pedestrian_0019
Pedestrian 0.00 1.00 0 0 0 0 0 0 0 0 1502.90 360.73 1506.58 365.08 1.1330 0.4333 0.5316 -145.9244 1.3255 140.1633 0.0392 -0.0044 -0.0001 459 pedestrian_0009
Pedestrian 0.00 1.00 0 0 0 0 0 0 0 0 1442.40 358.03 1446.13 364.63 1.9158 0.4880 0.6605 -162.3745 1.3443 138.7291 0.0505 -0.0044 -0.0001 460 pedestrian_0004
Pedestrian 0.00 1.00 0 1 1 1 0 0 0 0 983.52 363.46 985.84 371.34 1.3390 0.3253 0.3809 -95.6676 1.9321 1.9760 1.5538 -0.0044 -0.0001 461 pedestrian_0012
Pedestrian 0.00 1.00 0 0 0 0 0 0 0 0 675.26 361.45 678.19 370.42 1.9158 0.4880 0.5935 -119.8920 2.2277 -62.9831 0.5890 -0.0044 -0.0001 462 pedestrian_0006
Pedestrian 0.00 1.00 0 0 0 0 0 0 0 0 549.48 367.89 555.21 375.19 1.1330 0.4333 0.6667 -88.3201 2.3816 -66.4347 -3.0745 -0.0044 -0.0001 463 pedestrian_0009
Pedestrian 1.00 1.00 0 0 0 0 0 0 0 0 -1000.00 -1000.00 -1000.00 -1000.00 1.3390 0.3253 0.4167 -23.4686 2.7000 -173.9559 0.0130 -0.0044 -0.0001 464 pedestrian_0014
Pedestrian 1.00 1.00 0 0 0 0 0 0 0 0 -1000.00 -1000.00 -1000.00 -1000.00 1.1330 0.4333 0.6667 -93.0905 3.0046 -242.8244 -1.5661 -0.0044 -0.0001 465 pedestrian_0010
Pedestrian 0.00 0.09 44 52 75 361 0 13 0 0 1092.54 363.76 1108.79 413.07 1.9158 0.4880 0.7375 -21.6036 1.9290 2.9870 0.2371 -0.0044 -0.0001 466 pedestrian_0017
Pedestrian 0.00 0.14 8 12 16 73 0 4 0 0 1066.81 360.02 1074.76 385.38 1.9158 0.4880 0.5285 -43.2281 1.9185 6.1960 -3.1336 -0.0044 -0.0001 467 pedestrian_0004
Pedestrian 1.00 1.00 23 19 32 516 0 0 3 0 -1000.00 -1000.00 -1000.00 -1000.00 1.9158 0.4880 0.5779 14.4052 1.8345 24.3724 -3.0105 -0.0044 -0.0001 468 pedestrian_0021
Pedestrian 1.00 1.00 0 0 0 0 0 0 0 0 -1000.00 -1000.00 -1000.00 -1000.00 1.3390 0.3253 0.4086 118.4910 2.1979 -61.9740 -0.0160 -0.0044 -0.0001 469 pedestrian_0013
Pedestrian 1.00 1.00 0 0 0 0 0 0 0 0 -1000.00 -1000.00 -1000.00 -1000.00 1.9158 0.4880 0.7507 144.6309 1.9576 -18.4553 1.5699 -0.0044 -0.0001 470 pedestrian_0001
Pedestrian 1.00 1.00 0 0 0 0 0 0 0 0 -1000.00 -1000.00 -1000.00 -1000.00 1.9158 0.4880 0.4412 125.7557 2.1949 -61.3172 1.9518 -0.0044 -0.0001 471 pedestrian_0015
Pedestrian 1.00 1.00 0 0 0 0 0 0 0 0 -1000.00 -1000.00 -1000.00 -1000.00 1.9158 0.4880 0.6522 -34.3588 0.7154 140.7677 -0.0080 -0.0044 -0.0001 472 pedestrian_0024
Pedestrian 1.00 1.00 0 0 0 0 0 0 0 0 -1000.00 -1000.00 -1000.00 -1000.00 1.3390 0.3253 0.3313 -71.8225 2.7080 -174.5808 0.1846 -0.0044 -0.0001 473 pedestrian_0013
Pedestrian 0.00 1.00 0 0 0 0 0 0 0 0 101.89 363.90 106.25 369.69 1.9158 0.4880 0.6845 -185.4293 3.2167 -286.9943 2.8179 -0.0044 -0.0001 474 pedestrian_0018
Pedestrian 1.00 1.00 0 0 0 0 0 0 0 0 -1000.00 -1000.00 -1000.00 -1000.00 1.3390 0.3253 0.4741 -40.6692 2.6978 -173.1138 -3.0452 -0.0044 -0.0001 475 pedestrian_0012
Pedestrian 0.00 0.93 2 5 8 21 0 1 0 0 1019.24 360.05 1023.59 375.51 1.9158 0.4880 0.5874 -70.0667 1.9235 5.4139 -0.1851 -0.0044 -0.0001 476 pedestrian_0026
Pedestrian 1.00 1.00 0 0 0 0 0 0 0 0 -1000.00 -1000.00 -1000.00 -1000.00 1.9158 0.4880 0.5130 -115.9003 3.2330 -291.8285 3.1189 -0.0044 -0.0001 477 pedestrian_0016
Pedestrian 1.00 1.00 0 0 0 0 0 0 0 0 -1000.00 -1000.00 -1000.00 -1000.00 1.9158 0.4880 0.4372 125.8197 2.2063 -62.4185 -1.2895 -0.0044 -0.0001 478 pedestrian_0006
Pedestrian 0.00 1.00 0 0 0 0 0 0 0 0 144.68 363.71 148.17 369.26 1.9158 0.4880 0.6051 -193.1668 3.2055 -284.2602 2.7117 -0.0044 -0.0001 479 pedestrian_0001
Pedestrian 1.00 1.00 1 3 3 16 0 0 0 0 -1000.00 -1000.00 -1000.00 -1000.00 1.9158 0.4880 0.7507 64.3591 1.9623 29.0759 -0.1195 -0.0044 -0.0001 480 pedestrian_0021
Car 1.00 1.00 0 0 0 0 0 0 0 0 -1000.00 -1000.00 -1000.00 -1000.00 1.6980 1.9434 4.1871 18.1286 2.5881 -139.2920 -1.5533 -0.0044 -0.0001 481 citroen_c3
Car 1.00 1.00 0 0 0 0 0 0 0 0 -1000.00 -1000.00 -1000.00 -1000.00 1.9718 2.0005 4.0595 18.7113 2.5050 -128.2402 -1.5533 -0.0044 -0.0001 482 jeep_wrangler_rubicon
Car 1.00 1.00 0 0 0 0 0 0 0 0 -1000.00 -1000.00 -1000.00 -1000.00 1.9718 2.0005 4.0595 49.2408 2.5814 -138.1508 1.5883 -0.0044 -0.0001 483 jeep_wrangler_rubicon
Car 1.00 1.00 0 0 0 0 0 0 0 0 -1000.00 -1000.00 -1000.00 -1000.00 1.9718 2.0005 4.0595 15.7706 2.5054 -128.2918 -1.5533 -0.0044 -0.0001 484 jeep_wrangler_rubicon
Car 1.00 1.00 0 0 0 0 0 0 0 0 -1000.00 -1000.00 -1000.00 -1000.00 1.9718 2.0005 4.0595 -62.5079 2.5021 -116.6292 0.0175 -0.0044 -0.0001 485 nissan_patrol
Car 1.00 1.00 0 0 0 0 0 0 0 0 -1000.00 -1000.00 -1000.00 -1000.00 1.5488 2.0688 3.9961 -62.4712 2.5425 -119.5231 -3.1241 -0.0044 -0.0001 486 nissan_patrol
Car 0.65 1.00 0 0 0 0 0 0 0 0 0.00 368.83 42.01 385.55 1.4855 2.1349 -5.6254 -56.3826 2.4165 -99.6177 -3.1241 -0.0044 -0.0001 487 nissan_patrol
Car 1.00 1.00 0 0 0 0 0 0 0 0 -1000.00 -1000.00 -1000.00 -1000.00 1.6244 1.8781 -3.8906 -56.0859 2.4769 -116.5148 0.0175 -0.0044 -0.0001 488 nissan_patrol
Car 1.00 1.00 0 0 0 0 0 0 0 0 -1000.00 -1000.00 -1000.00 -1000.00 1.7506 2.3538 -4.8416 -39.0153 2.4562 -93.6953 0.0175 -0.0044 -0.0001 489 nissan_patrol
Car 1.00 1.00 11 11 17 67 1 0 0 0 -1000.00 -1000.00 -1000.00 -1000.00 1.9718 2.0005 -4.0595 -38.8037 2.4624 -107.9923 -3.1241 -0.0044 -0.0001 490 nissan_patrol
Car 0.00 1.00 0 0 0 0 0 0 0 0 93.46 363.77 175.95 382.33 1.9476 2.0282 4.8347 -62.8605 2.3882 -94.1142 -3.1241 -0.0044 -0.0001 491 nissan_patrol
Car 0.00 1.00 0 0 0 0 0 0 0 0 72.41 363.82 146.10 382.43 1.9718 2.0005 4.0595 -62.8673 2.4159 -97.0089 -3.1241 -0.0044 -0.0001 492 nissan_patrol
Car 1.00 1.00 0 0 0 0 0 0 0 0 -1000.00 -1000.00 -1000.00 -1000.00 1.6244 1.8781 3.8906 -45.4071 2.3891 -96.7030 0.0175 -0.0044 -0.0001 493 nissan_patrol
Car 1.00 1.00 0 0 0 0 0 0 0 0 -1000.00 -1000.00 -1000.00 -1000.00 1.5488 2.0688 3.9961 -45.3581 2.4530 -99.4261 -3.1241 -0.0044 -0.0001 494 nissan_patrol
Car 1.00 1.00 0 0 0 0 0 0 0 0 -1000.00 -1000.00 -1000.00 -1000.00 2.1397 2.1728 4.7017 -45.1825 2.4499 -108.1057 -3.1241 -0.0044 -0.0001 495 nissan_patrol
Car 1.00 1.00 0 4 6 39 0 0 0 0 -1000.00 -1000.00 -1000.00 -1000.00 1.9476 2.0282 4.8347 -44.9904 2.4845 -116.3207 -3.1241 -0.0044 -0.0001 496 nissan_patrol
Car 1.00 1.00 0 0 0 3 0 0 0 0 -1000.00 -1000.00 -1000.00 -1000.00 1.5100 1.8730 4.1000 -45.0069 2.4889 -119.2169 -3.1241 -0.0044 -0.0001 497 nissan_patrol
Car 1.00 1.00 9 12 14 71 5 0 0 0 -1000.00 -1000.00 -1000.00 -1000.00 1.5488 2.0688 3.9961 -30.1634 2.4762 -104.9453 0.0175 -0.0044 -0.0001 498 nissan_patrol
Car 1.00 1.00 0 0 0 7 0 0 0 0 -1000.00 -1000.00 -1000.00 -1000.00 1.5100 1.8730 4.1000 -30.1167 2.4379 -107.8401 0.0175 -0.0044 -0.0001 499 nissan_patrol
Car 1.00 1.00 0 0 0 3 0 0 0 0 -1000.00 -1000.00 -1000.00 -1000.00 1.9476 2.0282 4.8347 -30.0222 2.4579 -110.5231 -3.1241 -0.0044 -0.0001 500 nissan_patrol
Car 1.00 1.00 29 38 48 176 8 0 0 0 -1000.00 -1000.00 -1000.00 -1000.00 2.1397 2.1728 -4.7017 -23.9725 2.3840 -93.4326 -3.1241 -0.0044 -0.0001 501 nissan_patrol
Car 1.00 1.00 0 1 3 27 0 0 0 0 -1000.00 -1000.00 -1000.00 -1000.00 1.9476 2.0282 -4.8347 -23.8549 2.3951 -96.3258 0.0175 -0.0044 -0.0001 502 nissan_patrol
Car 1.00 1.00 3 7 9 32 1 0 0 0 -1000.00 -1000.00 -1000.00 -1000.00 1.6244 1.8781 -3.8906 -23.6295 2.4605 -113.3060 -3.1240 -0.0044 -0.0001 503 nissan_patrol
Car 1.00 1.00 3 4 4 25 0 0 0 0 -1000.00 -1000.00 -1000.00 -1000.00 1.7506 2.3538 -4.8416 -23.6075 2.5529 -115.9450 -3.1240 -0.0044 -0.0001 504 nissan_patrol
Car 1.00 1.00 0 0 0 0 0 0 0 0 -1000.00 -1000.00 -1000.00 -1000.00 1.9476 2.0282 4.8347 22.6178 2.5467 -139.8828 1.5883 -0.0044 -0.0001 505 nissan_patrol
Car 1.00 1.00 0 0 0 0 0 0 0 0 -1000.00 -1000.00 -1000.00 -1000.00 1.5475 1.9070 4.4025 46.4353 2.5575 -137.7980 1.5883 -0.0044 -0.0001 506 seat_leon
Car 1.00 1.00 0 0 0 0 0 0 0 0 -1000.00 -1000.00 -1000.00 -1000.00 2.5908 2.7453 5.4640 32.0077 2.6036 -139.6561 1.5883 -0.0044 -0.0001 507 carlamotors_carlacola
Car 1.00 1.00 0 0 0 0 0 0 0 0 -1000.00 -1000.00 -1000.00 -1000.00 2.5908 2.7453 5.4640 116.3930 2.6553 -147.9353 -1.5533 -0.0044 -0.0001 508 carlamotors_carlacola
Car 1.00 1.00 0 0 0 0 0 0 0 0 -1000.00 -1000.00 -1000.00 -1000.00 2.5908 2.7453 5.4640 119.8810 2.6548 -147.8741 -1.5533 -0.0044 -0.0001 509 carlamotors_carlacola
Car 1.00 1.00 0 0 0 0 0 0 0 0 -1000.00 -1000.00 -1000.00 -1000.00 2.5908 2.7453 5.4640 114.2613 2.4095 -119.7304 -3.1241 -0.0044 -0.0001 510 carlamotors_carlacola
Car 1.00 1.00 0 0 0 0 0 0 0 0 -1000.00 -1000.00 -1000.00 -1000.00 2.5908 2.7453 5.4640 27.6975 2.6042 -139.7317 1.5883 -0.0044 -0.0001 511 carlamotors_carlacola
Car 1.00 1.00 0 0 0 0 0 0 0 0 -1000.00 -1000.00 -1000.00 -1000.00 2.2031 2.5091 6.5872 53.8759 2.1273 -29.0927 1.0647 -0.0044 -0.0001 512 tesla_cybertruck