Car 1.00 1.00 0 0 0 0 0 0 0 0 -1000.00 -1000.00 -1000.00 -1000.00 1.5542 2.3421 5.1370 143.2572 -10.3705 -266.5611 0.3740 0.0093 0.0132 0 lincoln2020_mkz2020
Car 1.00 1.00 6804 237473 380401 0 0 0 0 0 -1000.00 -1000.00 -1000.00 -1000.00 2.1397 2.1728 4.7045 -0.0005 2.0932 -2.2389 1.5708 0.0000 0.0000 1 volkswagen_t2
Motorcycle 0.00 0.98 0 1 0 5 0 0 0 0 1647.50 368.75 1675.49 380.26 1.6960 1.0692 2.4735 -86.1741 3.0640 105.4788 0.0885 0.0139 0.0029 2 harley_davidson_low_rider
Motorcycle 1.00 1.00 0 0 0 0 0 0 0 0 -1000.00 -1000.00 -1000.00 -1000.00 1.6960 1.0692 2.4735 -80.8517 -1.2639 -298.7484 0.1058 0.0119 0.0025 3 harley_davidson_low_rider
Car 1.00 1.00 0 0 0 0 0 0 0 0 -1000.00 -1000.00 -1000.00 -1000.00 1.6320 2.1403 5.2230 99.1570 1.7322 -63.3644 -3.0314 0.0059 0.0026 4 dodge_charger_police
Car 1.00 1.00 0 0 0 0 0 0 0 0 -1000.00 -1000.00 -1000.00 -1000.00 1.5542 2.3421 5.1370 -53.7548 3.0182 105.4055 0.1121 -0.0230 0.0024 5 lincoln2020_mkz2020
Car 1.00 1.00 0 0 0 0 0 0 0 0 -1000.00 -1000.00 -1000.00 -1000.00 1.4546 2.0938 4.3903 -89.4783 -1.1255 -285.5877 -3.0303 0.0106 0.0025 6 audi_tt
Car 1.00 1.00 0 0 0 0 0 0 0 0 -1000.00 -1000.00 -1000.00 -1000.00 1.4477 1.5550 2.3177 11.8786 0.9761 -107.9112 1.6953 0.0050 0.0025 7 bmw_isetta
Car 1.00 1.00 0 0 0 0 0 0 0 0 -1000.00 -1000.00 -1000.00 -1000.00 1.7173 2.2591 5.2781 -104.1207 -1.1709 -287.3117 -3.0327 0.0035 0.0022 8 mercedes_benz_coupe
Car 1.00 1.00 0 0 0 0 0 0 0 0 -1000.00 -1000.00 -1000.00 -1000.00 1.4812 2.1349 5.6254 23.6439 2.9201 70.3287 0.2247 0.0105 -0.0071 9 chevrolet_impala
Car 1.00 1.00 0 0 0 0 0 0 0 0 -1000.00 -1000.00 -1000.00 -1000.00 1.6115 2.2019 5.2564 134.4451 2.3604 -6.5500 -1.4393 0.0096 0.0031 10 charger2020_charger2020
Car 1.00 1.00 0 0 0 0 0 0 0 0 -1000.00 -1000.00 -1000.00 -1000.00 2.2031 2.5091 6.5872 89.9709 1.2113 -109.8740 1.6666 0.0130 0.0026 11 tesla_cybertruck
Car 0.00 1.00 0 0 0 0 0 0 0 0 575.01 357.16 597.98 363.82 1.5140 2.1024 4.9073 -131.3879 0.8639 -90.0391 -3.1360 0.0108 0.0025 12 mercedesccc_mercedesccc
Car 1.00 1.00 0 0 0 0 0 0 0 0 -1000.00 -1000.00 -1000.00 -1000.00 1.6980 1.9434 4.1871 107.7975 0.7742 -154.0618 -3.0335 0.0120 0.0025 13 citroen_c3
Car 1.00 1.00 0 0 0 0 0 0 0 0 -1000.00 -1000.00 -1000.00 -1000.00 1.4812 2.1349 5.6254 89.2000 1.6888 -64.5097 -3.0297 0.0107 0.0025 14 chevrolet_impala
Car 1.00 1.00 0 0 0 0 0 0 0 0 -1000.00 -1000.00 -1000.00 -1000.00 1.6320 2.1403 5.2230 129.8630 0.8556 -151.9928 -2.9881 0.0064 0.0046 15 dodge_charger_police
Car 1.00 1.00 0 4 6 14 0 0 0 0 -1000.00 -1000.00 -1000.00 -1000.00 1.5863 2.2347 5.1468 8.3488 0.2780 -175.4607 0.1088 0.0109 -0.0002 16 lincoln_mkz2017
Car 1.00 1.00 0 0 0 0 0 0 0 0 -1000.00 -1000.00 -1000.00 -1000.00 1.7318 2.1344 5.0985 -29.7598 1.2278 108.0453 0.1083 -0.1070 0.0029 17 audi_etron
Car 1.00 1.00 0 1 3 5 0 0 0 0 -1000.00 -1000.00 -1000.00 -1000.00 1.7506 2.3538 4.8416 2.0228 0.2647 -176.1551 0.1102 0.0108 0.0025 18 bmw_grandtourer
Car 1.00 1.00 20 26 50 427 0 0 0 3 -1000.00 -1000.00 -1000.00 -1000.00 1.5765 1.9374 3.8150 62.0021 2.6710 35.0792 -1.4750 0.0107 0.0025 19 nissan_micra
Motorcycle 1.00 1.00 0 0 2 3 0 0 0 0 -1000.00 -1000.00 -1000.00 -1000.00 1.6960 1.0692 2.4735 9.0565 0.5657 -143.8235 -1.4671 0.0138 0.0025 20 harley_davidson_low_rider
Car 1.00 1.00 0 0 0 0 0 0 0 0 -1000.00 -1000.00 -1000.00 -1000.00 1.5765 1.9374 3.8150 -13.0276 0.2008 -177.8435 0.1196 0.0085 0.0025 21 nissan_micra
Car 1.00 1.00 0 0 0 0 0 0 0 0 -1000.00 -1000.00 -1000.00 -1000.00 1.7203 2.2019 5.4994 143.1288 1.8877 -55.4283 1.2979 0.0063 0.0056 22 chargercop2020_chargercop2020
Car 1.00 1.00 2272 2577 4080 37231 607 0 0 0 -1000.00 -1000.00 -1000.00 -1000.00 1.5475 1.9070 4.4025 -2.9614 1.9734 -11.0657 1.6688 0.0108 0.0025 23 seat_leon
Car 1.00 1.00 0 0 0 0 0 0 0 0 -1000.00 -1000.00 -1000.00 -1000.00 1.3660 1.9896 4.9534 -61.8435 -0.7954 -260.4545 -1.4921 0.0107 0.0025 24 mustang_mustang
Cyclist 0.00 1.00 1 0 0 2 0 1 0 0 1092.58 360.93 1104.80 373.57 1.9709 0.6705 1.7250 -89.1328 2.1352 19.7842 -1.4605 0.0158 0.0025 25 diamondback_century
Cyclist 0.00 0.61 3 1 3 9 0 1 0 0 1018.40 362.00 1027.12 374.72 1.7065 0.8593 1.4873 -76.9576 1.9904 6.3422 -3.0300 0.0106 0.0024 26 bh_crossbike
Car 0.00 1.00 0 0 0 0 0 0 0 0 490.83 353.55 521.57 365.45 2.1397 2.1728 4.7045 -104.9382 0.9693 -87.2625 -3.0484 0.0187 0.0024 27 volkswagen_t2
Car 0.00 1.00 0 0 0 0 0 0 0 0 1253.41 362.63 1281.03 373.79 1.9718 2.0005 4.0595 -102.0772 2.4614 53.7264 -2.7704 0.0033 -0.0016 28 jeep_wrangler_rubicon
Car 1.00 1.00 9 6 13 54 0 0 0 3 -1000.00 -1000.00 -1000.00 -1000.00 1.5627 2.2716 5.0314 112.1612 2.6523 20.1576 0.1988 0.0102 0.0023 29 tesla_model3
Car 1.00 1.00 0 0 0 0 0 0 0 0 -1000.00 -1000.00 -1000.00 -1000.00 1.4546 2.0938 4.3903 -17.9546 0.3133 -167.9961 -3.0314 0.0105 0.0024 30 audi_tt
Car 1.00 1.00 0 0 0 0 0 0 0 0 -1000.00 -1000.00 -1000.00 -1000.00 1.5488 2.0688 3.9961 145.0378 1.7572 -67.3065 1.6819 0.0114 0.0018 31 mini_cooperst
Car 1.00 1.00 1956 2133 3409 38416 0 0 666 0 -1000.00 -1000.00 -1000.00 -1000.00 1.6011 2.1072 4.7392 0.6384 2.2119 9.5134 -2.6776 0.0139 0.0061 32 toyota_prius
Car 0.00 1.00 0 0 0 0 0 0 0 0 626.93 355.03 649.37 363.34 2.1397 2.1728 4.7045 -148.9484 0.8552 -88.1146 -1.3726 0.0106 0.0025 33 volkswagen_t2
Car 0.00 1.00 0 0 0 0 0 0 0 0 344.27 353.30 363.15 357.47 1.6011 2.1072 4.7392 -225.9824 -1.0664 -248.2843 -1.0453 0.0107 0.0042 34 toyota_prius
Car 1.00 1.00 0 0 0 0 0 0 0 0 -1000.00 -1000.00 -1000.00 -1000.00 1.3660 1.9896 4.9534 77.6844 2.2644 -7.4863 1.6912 0.0107 0.0025 35 mustang_mustang
Car 1.00 1.00 17 13 20 63 0 0 0 1 -1000.00 -1000.00 -1000.00 -1000.00 1.6011 2.1072 4.7392 92.6838 2.6136 21.3905 -3.0341 0.0107 0.0025 36 toyota_prius
Car 1.00 1.00 30 36 51 200 60 0 0 0 -1000.00 -1000.00 -1000.00 -1000.00 1.7506 2.3538 4.8416 2.6882 1.2302 -83.4969 2.1923 0.0107 0.0028 37 bmw_grandtourer
Car 1.00 1.00 0 0 0 0 0 0 0 0 -1000.00 -1000.00 -1000.00 -1000.00 2.2031 2.5091 6.5872 31.3937 0.4644 -165.9771 -3.0369 0.0137 0.0024 38 tesla_cybertruck
Motorcycle 1.00 1.00 0 0 0 0 0 0 0 0 -1000.00 -1000.00 -1000.00 -1000.00 1.6387 1.2138 2.3199 132.3446 2.9380 46.8514 1.6849 0.0120 0.0017 39 yamaha_yzf
Car 0.00 0.46 22 33 46 227 0 13 0 0 827.73 358.48 864.69 372.94 1.9476 2.0282 4.8347 -77.9687 1.7582 -18.0004 1.6748 0.0104 0.0025 40 nissan_patrol
Car 1.00 1.00 19 20 30 112 11 0 0 0 -1000.00 -1000.00 -1000.00 -1000.00 1.6115 2.2019 5.2564 5.9195 1.1675 -89.2776 1.7719 0.0187 0.0033 41 charger2020_charger2020
Car 1.00 1.00 0 0 0 0 0 0 0 0 -1000.00 -1000.00 -1000.00 -1000.00 1.6115 2.2019 5.2564 149.4297 0.6475 -169.3227 -1.2803 0.0099 0.0003 42 charger2020_charger2020
Motorcycle 1.00 1.00 0 1 0 12 0 0 0 0 -1000.00 -1000.00 -1000.00 -1000.00 1.6649 1.0692 2.4735 64.6694 2.7112 38.1091 -1.3870 0.0138 0.0025 43 harley_davidson_low_rider
Car 1.00 1.00 0 0 0 0 0 0 0 0 -1000.00 -1000.00 -1000.00 -1000.00 1.5542 2.3421 5.1370 -63.8740 -0.1162 -196.7414 1.6419 0.0107 0.0025 44 lincoln2020_mkz2020
Motorcycle 1.00 1.00 0 0 0 0 0 0 0 0 -1000.00 -1000.00 -1000.00 -1000.00 1.6960 1.0692 2.4735 77.0049 2.3105 -2.0685 1.6882 0.0137 0.0025 45 harley_davidson_low_rider
Cyclist 1.00 1.00 0 0 0 0 0 0 0 0 -1000.00 -1000.00 -1000.00 -1000.00 1.9310 0.5921 1.9272 84.3563 1.3577 -91.5503 1.6746 0.0067 0.0025 46 gazelle_omafiets
Car 1.00 1.00 56 62 101 409 0 0 0 10 -1000.00 -1000.00 -1000.00 -1000.00 1.7318 2.1344 5.0985 51.3909 2.4431 13.6200 0.0839 0.0107 0.0025 47 audi_etron
Car 1.00 1.00 0 0 0 0 0 0 0 0 -1000.00 -1000.00 -1000.00 -1000.00 1.9476 2.0282 4.8347 135.6544 1.9331 -45.4725 -1.4565 0.0104 0.0025 48 nissan_patrol
Car 1.00 1.00 59 73 111 916 0 0 68 0 -1000.00 -1000.00 -1000.00 -1000.00 1.7203 2.2019 5.4994 1.3101 2.6598 51.5598 1.0972 0.0108 0.0011 49 chargercop2020_chargercop2020
Car 0.00 1.00 0 0 0 0 0 0 0 0 567.68 356.36 586.55 362.72 1.6244 1.8781 3.8906 -146.0383 0.6935 -102.3858 2.0810 0.0102 0.0013 50 audi_a2
Car 1.00 1.00 0 0 0 0 0 0 0 0 -1000.00 -1000.00 -1000.00 -1000.00 1.5863 2.2347 5.1468 -4.3357 0.2445 -177.0177 0.1177 0.0107 0.0025 51 lincoln_mkz2017
Cyclist 0.00 1.00 0 0 0 0 0 0 0 0 671.25 356.04 678.94 363.33 1.9709 0.6705 1.7250 -153.5646 0.8981 -80.6600 -1.4642 0.0157 0.0025 52 diamondback_century
Cyclist 1.00 1.00 6 8 11 44 41 0 0 0 -1000.00 -1000.00 -1000.00 -1000.00 1.9311 0.5921 1.9272 0.4344 1.2728 -77.5337 0.8745 0.0074 0.0016 53 gazelle_omafiets
Car 1.00 1.00 0 0 0 0 0 0 0 0 -1000.00 -1000.00 -1000.00 -1000.00 1.7173 2.2591 5.2781 147.2803 1.9081 -55.6613 1.6818 0.0022 0.0016 54 mercedes_benz_coupe
Car 1.00 1.00 0 0 0 0 0 0 0 0 -1000.00 -1000.00 -1000.00 -1000.00 1.5542 2.3421 5.1370 94.0004 0.4296 -182.0777 1.7068 0.0108 0.0025 55 lincoln2020_mkz2020
Car 1.00 1.00 0 8 9 34 1 0 0 0 -1000.00 -1000.00 -1000.00 -1000.00 1.7506 2.3538 4.8416 17.0173 0.3381 -170.9631 -2.4378 0.0106 0.0059 56 bmw_grandtourer
Car 1.00 1.00 0 0 0 0 0 0 0 0 -1000.00 -1000.00 -1000.00 -1000.00 1.4546 2.0938 4.3903 75.1147 2.1725 -16.1886 1.6807 0.0108 0.0025 57 audi_tt
Car 0.00 1.00 0 0 0 0 0 0 0 0 572.77 356.28 594.32 363.48 1.7173 2.2591 5.2781 -136.4775 0.8235 -94.1821 -3.0015 0.0036 0.0022 58 mercedes_benz_coupe
Car 1.00 1.00 0 0 0 0 0 0 0 0 -1000.00 -1000.00 -1000.00 -1000.00 1.5542 2.3421 5.1370 60.4443 1.4608 -78.3658 0.1131 0.0108 0.0025 59 lincoln2020_mkz2020
Car 1.00 1.00 0 9 15 66 0 0 0 3 -1000.00 -1000.00 -1000.00 -1000.00 2.1397 2.1728 4.7045 125.9556 2.8717 41.8511 -1.4769 0.0108 0.0025 60 volkswagen_t2
Car 1.00 1.00 0 0 0 0 0 0 0 0 -1000.00 -1000.00 -1000.00 -1000.00 1.7506 2.3538 4.8416 216.5904 2.2348 -41.9615 -1.4752 0.0078 0.0026 61 bmw_grandtourer
Car 1.00 1.00 0 0 0 0 0 0 0 0 -1000.00 -1000.00 -1000.00 -1000.00 1.6320 2.1403 5.2230 97.0590 0.4429 -182.8076 1.6443 0.0084 0.0020 62 dodge_charger_police
Car 1.00 1.00 5 0 5 8 0 0 0 0 -1000.00 -1000.00 -1000.00 -1000.00 1.6980 1.9434 4.1871 11.2106 1.0309 -102.9226 1.6870 0.0107 0.0025 63 citroen_c3
Car 1.00 1.00 0 0 0 0 0 0 0 0 -1000.00 -1000.00 -1000.00 -1000.00 1.4812 2.1349 5.6254 84.8627 1.3315 -96.7933 1.6692 0.0108 0.0025 64 chevrolet_impala
Car 1.00 1.00 44 37 70 262 35 0 0 0 -1000.00 -1000.00 -1000.00 -1000.00 1.6115 2.2019 5.2564 -4.2759 1.4007 -64.1588 -1.4150 0.0106 0.0031 65 charger2020_charger2020
Car 1.00 1.00 0 6 7 22 0 0 0 0 -1000.00 -1000.00 -1000.00 -1000.00 1.3660 1.9896 4.9534 133.5219 2.6458 18.8318 0.1255 0.0131 0.0052 66 mustang_mustang
Motorcycle 1.00 1.00 0 0 0 0 0 0 0 0 -1000.00 -1000.00 -1000.00 -1000.00 1.5852 1.1236 2.1350 69.7202 2.9119 57.9020 1.6871 0.0159 0.0025 67 kawasaki_ninja
Car 0.00 1.00 0 0 0 0 0 0 0 0 602.75 356.80 618.90 362.47 1.5488 2.0688 3.9961 -157.1685 0.6759 -100.5856 0.0215 0.0141 0.0021 68 mini_cooperst
Car 0.00 1.00 0 0 0 0 0 0 0 0 600.83 356.91 625.85 363.03 1.5542 2.3421 5.1370 -148.9333 0.7694 -94.7193 -1.4237 0.0106 0.0022 69 lincoln2020_mkz2020
Car 0.00 1.00 0 0 0 0 0 0 0 0 118.71 351.30 197.08 372.34 1.9718 2.0005 4.0595 -55.5427 1.1528 -80.9796 -3.0279 0.0107 0.0024 70 jeep_wrangler_rubicon
Car 1.00 1.00 0 0 0 0 0 0 0 0 -1000.00 -1000.00 -1000.00 -1000.00 1.7506 2.3538 4.8416 -6.0697 0.2757 -173.2784 0.0743 0.0108 0.0025 71 bmw_grandtourer
Car 1.00 1.00 0 0 0 0 0 0 0 0 -1000.00 -1000.00 -1000.00 -1000.00 2.2031 2.5091 6.5872 232.5710 1.7654 -90.9949 1.6892 0.0107 0.0026 72 tesla_cybertruck
Car 0.00 1.00 0 0 0 6 0 0 0 0 1466.60 367.25 1500.98 377.93 1.6244 1.8781 3.8906 -88.9196 2.8016 80.7848 1.6796 0.0103 0.0014 73 audi_a2
Car 1.00 1.00 0 0 0 0 0 0 0 0 -1000.00 -1000.00 -1000.00 -1000.00 1.7203 2.2019 5.4994 86.5676 0.7958 -146.7014 -1.4444 0.0106 0.0031 74 chargercop2020_chargercop2020
Car 0.00 0.96 0 0 0 81 0 0 0 0 1387.72 366.44 1428.82 376.83 1.6320 2.1403 5.2230 -91.2857 2.7029 70.7205 1.6805 0.0073 0.0025 75 dodge_charger_police
Car 1.00 1.00 39 47 85 341 0 0 0 10 -1000.00 -1000.00 -1000.00 -1000.00 1.5140 2.1024 4.9073 49.0900 2.3770 9.5278 0.1069 0.0108 0.0025 76 mercedesccc_mercedesccc
Car 1.00 1.00 0 0 0 0 0 0 0 0 -1000.00 -1000.00 -1000.00 -1000.00 1.6244 1.8781 3.8906 94.6035 0.3639 -188.2434 1.6957 0.0103 0.0014 77 audi_a2
Car 0.00 1.00 0 0 0 0 0 0 0 0 30.16 354.27 116.38 372.69 1.6244 1.8781 3.8906 -52.3757 1.1194 -84.2272 -3.0410 0.0103 0.0014 78 audi_a2
Car 1.00 1.00 0 0 0 0 0 0 0 0 -1000.00 -1000.00 -1000.00 -1000.00 1.7203 2.2019 5.4994 13.5218 0.1673 -183.2694 -1.4667 0.0093 0.0050 79 chargercop2020_chargercop2020
Car 0.00 1.00 0 0 0 0 0 0 0 0 659.56 355.34 672.16 361.55 2.1397 2.1728 4.7045 -196.5047 0.5170 -105.9916 -2.2326 0.0099 0.0010 80 volkswagen_t2
Car 1.00 1.00 0 0 0 0 0 0 0 0 -1000.00 -1000.00 -1000.00 -1000.00 1.3660 1.9896 4.9534 88.0702 0.2344 -198.8819 -1.6049 0.0106 0.0028 81 mustang_mustang
Car 1.00 1.00 0 0 0 0 0 0 0 0 -1000.00 -1000.00 -1000.00 -1000.00 1.7203 2.2019 5.4994 54.5605 1.4830 -75.3935 0.1449 0.0157 0.0036 82 chargercop2020_chargercop2020
Car 1.00 1.00 0 0 0 2 0 0 0 0 -1000.00 -1000.00 -1000.00 -1000.00 1.6244 1.8781 3.8906 31.0717 -7.1577 -268.2004 -3.0446 0.1557 0.0013 83 audi_a2
Car 1.00 1.00 0 0 0 0 0 0 0 0 -1000.00 -1000.00 -1000.00 -1000.00 1.6244 1.8781 3.8906 78.3791 2.2010 -13.4619 1.6822 0.0103 0.0014 84 audi_a2
Car 1.00 1.00 0 0 0 0 0 0 0 0 -1000.00 -1000.00 -1000.00 -1000.00 1.3660 1.9896 4.9534 169.2529 0.9897 -147.1562 -3.0482 0.0107 0.0025 85 mustang_mustang
Car 1.00 1.00 0 0 0 0 0 0 0 0 -1000.00 -1000.00 -1000.00 -1000.00 1.6244 1.8781 3.8906 187.4331 -7.5024 -10.7568 1.6655 0.0101 0.0014 86 audi_a2
Car 1.00 1.00 0 0 0 0 0 0 0 0 -1000.00 -1000.00 -1000.00 -1000.00 1.9718 2.0005 4.0595 -79.1167 -0.0257 -185.3303 0.1343 0.0103 0.0024 87 jeep_wrangler_rubicon
Car 1.00 1.00 0 0 0 0 0 0 0 0 -1000.00 -1000.00 -1000.00 -1000.00 1.9718 2.0005 4.0595 167.4679 -6.0543 91.1618 2.1985 0.0174 0.0078 88 jeep_wrangler_rubicon
Car 1.00 1.00 0 0 0 0 0 0 0 0 -1000.00 -1000.00 -1000.00 -1000.00 1.3660 1.9896 4.9534 16.5538 -3.8781 109.8883 0.1137 -0.0720 0.0023 89 mustang_mustang
Motorcycle 1.00 1.00 50 66 113 1381 0 0 13 0 -1000.00 -1000.00 -1000.00 -1000.00 1.6649 1.0692 2.4735 -13.7506 2.3113 23.9923 -1.4722 0.0138 0.0025 90 harley_davidson_low_rider
Car 1.00 1.00 0 0 0 0 0 0 0 0 -1000.00 -1000.00 -1000.00 -1000.00 1.5475 1.9070 4.4025 -74.4686 -1.1569 -291.3378 1.3998 0.0108 0.0025 91 seat_leon
Motorcycle 1.00 1.00 0 0 0 0 0 0 0 0 -1000.00 -1000.00 -1000.00 -1000.00 1.6387 1.2138 2.3199 137.4313 2.4600 1.1616 1.6684 0.0106 0.0025 92 yamaha_yzf
Cyclist 0.00 1.00 0 0 0 0 0 0 0 0 1182.56 361.61 1189.33 369.89 1.9311 0.5921 1.9272 -132.2073 2.3196 51.2185 -3.0112 0.0079 0.0018 93 gazelle_omafiets
Car 0.00 1.00 0 0 0 0 0 0 0 0 591.15 357.09 609.72 363.15 1.5140 2.1024 4.9073 -143.9882 0.7798 -94.9437 -3.0099 0.0107 0.0024 94 mercedesccc_mercedesccc
Car 1.00 1.00 0 1 3 3 1 0 0 0 -1000.00 -1000.00 -1000.00 -1000.00 1.4546 2.0938 4.3903 20.3384 0.2093 -181.2864 1.7864 0.0108 0.0025 95 audi_tt
Car 0.00 0.37 9 10 23 73 0 3 0 0 831.09 357.28 865.35 372.43 2.1397 2.1728 4.7045 -81.6242 1.7689 -18.4594 1.6882 0.0107 0.0025 96 volkswagen_t2
Car 0.00 1.00 2 1 0 0 0 0 0 0 1110.45 364.03 1145.45 374.07 1.5140 2.1024 4.9073 -89.6809 2.1974 24.5877 -1.4600 0.0108 0.0025 97 mercedesccc_mercedesccc
Car 1.00 1.00 0 0 0 0 0 0 0 0 -1000.00 -1000.00 -1000.00 -1000.00 1.4812 2.1349 5.6254 218.6105 2.3860 -29.2333 -1.4828 0.0107 0.0025 98 chevrolet_impala
Car 1.00 1.00 0 1 0 1 0 0 0 0 -1000.00 -1000.00 -1000.00 -1000.00 1.5765 1.9374 3.8150 129.5173 2.8555 41.9626 -1.4722 0.0109 0.0025 99 nissan_micra
Motorcycle 1.00 1.00 0 0 0 0 0 0 0 0 -1000.00 -1000.00 -1000.00 -1000.00 1.5853 1.1236 2.1350 73.7868 2.2518 -4.5635 1.6831 0.0107 0.0025 100 kawasaki_ninja
Car 1.00 1.00 0 0 0 0 0 0 0 0 -1000.00 -1000.00 -1000.00 -1000.00 1.9476 2.0282 4.8347 -63.3176 -0.1933 -203.0770 1.6422 0.0104 0.0025 101 nissan_patrol
Car 0.00 0.78 0 5 7 51 0 1 0 0 1143.17 360.68 1180.58 375.57 2.1397 2.1728 4.7045 -82.9708 2.2600 27.5674 1.6829 0.0101 0.0024 102 volkswagen_t2
Car 0.00 1.00 0 0 0 0 0 0 0 0 1061.05 364.27 1094.16 373.10 1.3660 1.9896 4.9534 -92.4532 2.1102 17.1264 -1.4704 0.0107 0.0025 103 mustang_mustang
Car 1.00 1.00 0 0 0 0 0 0 0 0 -1000.00 -1000.00 -1000.00 -1000.00 1.5627 2.2716 5.0314 66.3199 2.9587 59.2074 1.7208 0.0108 0.0025 104 tesla_model3
Car 1.00 1.00 0 0 0 0 0 0 0 0 -1000.00 -1000.00 -1000.00 -1000.00 1.5542 2.3421 5.1370 89.4606 1.6379 -68.5267 -2.8602 0.0108 0.0025 105 lincoln2020_mkz2020
Car 1.00 1.00 0 0 0 0 0 0 0 0 -1000.00 -1000.00 -1000.00 -1000.00 1.5627 2.2716 5.0314 83.0257 0.7792 -147.5792 -1.4585 0.0108 0.0025 106 tesla_model3
Car 0.00 1.00 0 0 0 0 0 0 0 0 463.78 356.98 502.12 368.18 1.5765 1.9374 3.8150 -82.3873 1.1635 -72.2301 -1.4468 0.0107 0.0024 107 nissan_micra
Cyclist 0.00 1.00 0 0 0 0 0 0 0 0 204.06 352.12 231.14 369.68 1.9311 0.5921 1.9272 -63.0906 1.0618 -85.3417 -3.0266 0.0080 0.0025 108 gazelle_omafiets
Cyclist 1.00 1.00 0 0 0 0 0 0 0 0 -1000.00 -1000.00 -1000.00 -1000.00 1.9311 0.5921 1.9272 205.5293 -8.8189 -135.6754 1.7060 0.0072 0.0023 109 gazelle_omafiets
Car 1.00 1.00 23 41 71 248 67 0 0 0 -1000.00 -1000.00 -1000.00 -1000.00 1.4546 2.0938 4.3903 -1.2483 1.4704 -58.9119 -1.4565 0.0108 0.0025 110 audi_tt
Car 0.00 1.00 0 0 0 0 0 0 0 0 117.55 351.30 202.11 371.16 1.9476 2.0282 4.8347 -58.3605 1.0889 -84.8156 -3.0274 0.0104 0.0025 111 nissan_patrol
Car 1.00 1.00 2 0 1 14 0 0 0 0 -1000.00 -1000.00 -1000.00 -1000.00 1.4546 2.0938 4.3903 6.8637 1.0961 -95.6213 1.6781 0.0107 0.0025 112 audi_tt
Car 1.00 1.00 0 0 0 0 0 0 0 0 -1000.00 -1000.00 -1000.00 -1000.00 1.7506 2.3538 4.8416 160.1549 0.6840 -168.1694 1.6785 0.0107 0.0025 113 bmw_grandtourer
Car 1.00 1.00 0 3 2 15 2 0 0 0 -1000.00 -1000.00 -1000.00 -1000.00 1.9718 2.0005 4.0595 5.7312 0.5397 -146.9503 -1.4425 0.0104 0.0024 114 jeep_wrangler_rubicon
Motorcycle 1.00 1.00 0 0 0 0 0 0 0 0 -1000.00 -1000.00 -1000.00 -1000.00 1.6387 1.2138 2.3199 144.4867 1.8241 -62.2075 1.6816 0.0105 0.0019 115 yamaha_yzf
Car 1.00 1.00 0 0 0 0 0 0 0 0 -1000.00 -1000.00 -1000.00 -1000.00 1.7203 2.2019 5.4994 69.5375 0.5145 -168.9916 0.1538 0.0106 0.0031 116 chargercop2020_chargercop2020
Car 1.00 1.00 0 0 0 0 0 0 0 0 -1000.00 -1000.00 -1000.00 -1000.00 1.6980 1.9434 4.1871 109.1995 1.7647 -62.2054 -3.0467 0.0106 0.0025 117 citroen_c3
Car 0.03 1.00 0 0 0 0 0 0 0 0 0.00 350.21 35.60 355.87 1.5542 2.3421 5.1370 -165.2281 -1.2750 -281.4640 2.7988 0.0090 -0.0074 118 lincoln2020_mkz2020
Car 1.00 1.00 0 0 0 0 0 0 0 0 -1000.00 -1000.00 -1000.00 -1000.00 2.5908 2.7453 5.4640 72.8470 1.7587 -55.8151 -1.4503 0.0107 0.0025 119 carlamotors_carlacola
Car 1.00 1.00 0 0 0 0 0 0 0 0 -1000.00 -1000.00 -1000.00 -1000.00 1.5765 1.9374 3.8150 78.3774 1.8546 -44.7127 1.6963 0.0100 0.0023 120 nissan_micra
Car 1.00 1.00 0 0 0 0 0 0 0 0 -1000.00 -1000.00 -1000.00 -1000.00 1.4477 1.5550 2.3177 58.9570 -10.0900 -261.8257 -3.0439 0.0606 0.0022 121 bmw_isetta
Car 1.00 1.00 0 0 0 0 0 0 0 0 -1000.00 -1000.00 -1000.00 -1000.00 1.7173 2.2591 5.2781 140.3995 2.5315 6.6042 1.6906 0.0037 0.0022 122 mercedes_benz_coupe
Car 0.00 0.29 32 38 60 206 0 13 0 0 1018.04 362.57 1045.35 376.86 1.7173 2.2591 5.2781 -71.8496 2.0676 6.8546 -3.0292 0.0037 0.0022 123 mercedes_benz_coupe
Car 1.00 1.00 0 0 0 0 0 0 0 0 -1000.00 -1000.00 -1000.00 -1000.00 1.5765 1.9374 3.8150 226.8726 1.8932 -75.1135 1.6979 0.0108 0.0024 124 nissan_micra
Car 1.00 1.00 0 0 0 0 0 0 0 0 -1000.00 -1000.00 -1000.00 -1000.00 1.6115 2.2019 5.2564 66.7492 2.8983 53.8596 1.7631 0.0107 0.0031 125 charger2020_charger2020
Car 1.00 1.00 0 6 9 35 0 0 0 3 -1000.00 -1000.00 -1000.00 -1000.00 1.9476 2.0282 4.8347 120.2941 2.6641 20.9448 0.1241 0.0103 0.0024 126 nissan_patrol
Car 1.00 1.00 0 0 0 1 0 0 0 0 -1000.00 -1000.00 -1000.00 -1000.00 1.5140 2.1024 4.9073 -43.8718 2.5326 102.9263 0.1127 -0.0592 0.0024 127 mercedesccc_mercedesccc
Car 1.00 1.00 0 0 0 0 0 0 0 0 -1000.00 -1000.00 -1000.00 -1000.00 1.7173 2.2591 5.2781 -62.4518 -0.7115 -254.0812 -1.4881 0.0037 0.0022 128 mercedes_benz_coupe
Car 1.00 1.00 0 2 0 4 0 0 0 0 -1000.00 -1000.00 -1000.00 -1000.00 1.4812 2.1349 5.6254 9.5924 0.5223 -149.7410 -1.4493 0.0107 0.0025 129 chevrolet_impala
Car 0.00 1.00 0 0 0 0 0 0 0 0 1360.43 362.97 1383.50 372.13 2.1397 2.1728 4.7045 -134.8386 2.8778 97.1522 -0.0377 0.0145 0.0070 130 volkswagen_t2
Car 1.00 1.00 0 0 0 0 0 0 0 0 -1000.00 -1000.00 -1000.00 -1000.00 1.6244 1.8781 3.8906 140.4405 1.7252 -69.2612 0.1129 0.0096 0.0007 131 audi_a2
Car 0.00 0.32 29 34 52 202 0 21 0 0 990.91 360.23 1012.48 376.09 1.9476 2.0282 4.8347 -72.8041 1.9975 3.1035 -3.0585 0.0104 0.0025 132 nissan_patrol
Car 1.00 1.00 21 29 42 119 14 0 0 0 -1000.00 -1000.00 -1000.00 -1000.00 1.9476 2.0282 4.8347 -4.3741 1.2234 -82.1705 0.1149 0.0098 0.0023 133 nissan_patrol
Car 1.00 1.00 0 0 0 0 0 0 0 0 -1000.00 -1000.00 -1000.00 -1000.00 1.9476 2.0282 4.8347 185.5815 -7.2898 9.0307 1.6679 0.0116 0.0025 134 nissan_patrol
Car 0.00 0.01 342 371 609 3161 0 51 0 0 1184.00 372.00 1284.21 415.00 1.7506 2.3538 4.8416 -23.8554 2.1883 8.8863 -3.0922 0.0103 0.0039 135 bmw_grandtourer
Car 1.00 1.00 0 2 2 6 0 0 0 0 -1000.00 -1000.00 -1000.00 -1000.00 1.9476 2.0282 4.8347 9.0090 0.8546 -116.6398 1.6926 0.0203 0.0008 136 nissan_patrol
Car 1.00 1.00 49 60 103 503 0 0 0 19 -1000.00 -1000.00 -1000.00 -1000.00 1.7203 2.2019 5.4994 49.4794 2.4380 17.0780 -3.0713 -0.0016 -0.0057 137 chargercop2020_chargercop2020
Car 1.00 1.00 57 56 93 482 19 0 0 0 -1000.00 -1000.00 -1000.00 -1000.00 2.5908 2.7453 5.4640 15.1599 1.4005 -76.4636 -3.0100 0.0041 0.0068 138 carlamotors_carlacola
Car 1.00 1.00 0 0 0 0 0 0 0 0 -1000.00 -1000.00 -1000.00 -1000.00 1.5863 2.2347 5.1468 219.3471 2.3100 -35.9132 -1.4561 0.0107 0.0025 139 lincoln_mkz2017
Car 1.00 1.00 0 1 1 3 0 0 0 0 -1000.00 -1000.00 -1000.00 -1000.00 1.9718 2.0005 4.0595 151.1846 2.8298 27.8275 -3.0060 0.0103 0.0024 140 jeep_wrangler_rubicon
Car 1.00 1.00 0 0 0 0 0 0 0 0 -1000.00 -1000.00 -1000.00 -1000.00 1.6011 2.1072 4.7392 156.3174 0.7042 -166.3569 1.6653 0.0149 0.0010 141 toyota_prius
Car 1.00 1.00 0 0 0 0 0 0 0 0 -1000.00 -1000.00 -1000.00 -1000.00 1.7318 2.1344 5.0985 222.8726 1.5979 -104.3662 -1.4835 0.0101 0.0028 142 audi_etron
Car 1.00 1.00 0 0 0 0 0 0 0 0 -1000.00 -1000.00 -1000.00 -1000.00 2.2031 2.5091 6.5872 -71.0850 0.3706 -151.3399 -1.5021 0.0108 0.0025 143 tesla_cybertruck
Car 1.00 1.00 0 0 0 0 0 0 0 0 -1000.00 -1000.00 -1000.00 -1000.00 1.5765 1.9374 3.8150 91.2614 0.3156 -190.9520 -1.4668 0.0109 0.0024 144 nissan_micra
Car 1.00 1.00 12 12 18 65 4 0 0 0 -1000.00 -1000.00 -1000.00 -1000.00 1.4546 2.0938 4.3903 10.5318 1.0890 -97.1248 1.6863 0.0108 0.0025 145 audi_tt
Car 1.00 1.00 0 0 0 0 0 0 0 0 -1000.00 -1000.00 -1000.00 -1000.00 1.4812 2.1349 5.6254 -65.8803 -0.7142 -252.6780 -1.4583 0.0122 0.0029 146 chevrolet_impala
Car 1.00 1.00 0 1 6 4 0 0 0 0 -1000.00 -1000.00 -1000.00 -1000.00 2.2031 2.5091 6.5872 170.6367 -7.1450 20.9567 -1.4955 0.0067 0.0025 147 tesla_cybertruck
Car 0.00 1.00 0 0 0 0 0 0 0 0 221.93 352.19 283.76 370.43 1.9718 2.0005 4.0595 -63.5555 1.1235 -81.8960 -3.0272 0.0098 0.0024 148 jeep_wrangler_rubicon
Car 1.00 1.00 0 0 0 0 0 0 0 0 -1000.00 -1000.00 -1000.00 -1000.00 1.3660 1.9896 4.9534 -73.7715 0.2266 -162.5545 -1.4898 0.0107 0.0025 149 mustang_mustang
Car 1.00 1.00 0 0 0 0 0 0 0 0 -1000.00 -1000.00 -1000.00 -1000.00 1.3660 1.9896 4.9534 19.7172 0.0967 -190.8956 2.0477 0.0107 0.0025 150 mustang_mustang
Car 0.00 0.23 43 58 80 376 0 20 0 0 1025.20 356.28 1065.60 374.26 2.5908 2.7453 5.4640 -84.6517 2.0789 10.5850 1.6773 0.0178 0.0025 151 carlamotors_carlacola
Car 1.00 1.00 0 0 0 0 0 0 0 0 -1000.00 -1000.00 -1000.00 -1000.00 1.5863 2.2347 5.1468 134.9438 2.0114 -39.2244 -1.4668 0.0107 0.0025 152 lincoln_mkz2017
Car 1.00 1.00 0 0 0 0 1 0 0 0 -1000.00 -1000.00 -1000.00 -1000.00 1.7506 2.3538 4.8416 40.7302 -8.2875 -285.0271 0.1068 -0.1169 0.0028 153 bmw_grandtourer
Cyclist 1.00 1.00 0 0 0 0 0 0 0 0 -1000.00 -1000.00 -1000.00 -1000.00 1.9709 0.6705 1.7250 88.8174 1.2783 -100.7682 1.6745 0.0148 0.0025 154 diamondback_century
Cyclist 0.00 1.00 0 0 0 0 0 0 0 0 598.87 355.39 604.96 362.53 1.9311 0.5921 1.9272 -152.1970 0.6852 -99.9034 0.1174 0.0067 0.0026 155 gazelle_omafiets
Motorcycle 1.00 1.00 0 0 0 0 0 0 0 0 -1000.00 -1000.00 -1000.00 -1000.00 1.6960 1.0692 2.4735 220.0545 2.0862 -55.7560 2.6489 0.0136 -0.0393 156 harley_davidson_low_rider
Car 1.00 1.00 0 0 0 0 0 0 0 0 -1000.00 -1000.00 -1000.00 -1000.00 2.1397 2.1728 4.7045 -84.5726 -1.1953 -293.8156 -0.1685 0.0107 0.0017 157 volkswagen_t2
Car 1.00 1.00 0 0 0 16 0 0 0 0 -1000.00 -1000.00 -1000.00 -1000.00 1.5488 2.0688 3.9961 -14.5760 -0.4974 106.4106 0.1094 -0.1049 0.0027 158 mini_cooperst
Cyclist 1.00 1.00 0 0 0 0 0 0 0 0 -1000.00 -1000.00 -1000.00 -1000.00 1.9311 0.5921 1.9272 101.6874 0.6471 -161.6930 0.1082 0.0079 0.0025 159 gazelle_omafiets
Car 1.00 1.00 0 0 1 4 0 0 0 0 -1000.00 -1000.00 -1000.00 -1000.00 1.4812 2.1349 5.6254 6.4631 0.4770 -153.2374 -1.4545 0.0107 0.0025 160 chevrolet_impala
Car 1.00 1.00 0 0 0 0 0 0 0 0 -1000.00 -1000.00 -1000.00 -1000.00 1.7173 2.2591 5.2781 135.4704 -5.3505 124.7128 2.6304 0.0131 0.0043 161 mercedes_benz_coupe
Car 0.00 1.00 0 0 0 0 0 0 0 0 566.42 355.06 588.21 363.04 1.9718 2.0005 4.0595 -141.2143 0.7483 -99.0099 1.6888 0.0103 0.0024 162 jeep_wrangler_rubicon
Car 1.00 1.00 169 200 307 2993 0 0 46 0 -1000.00 -1000.00 -1000.00 -1000.00 1.7506 2.3538 4.8416 -10.6816 2.3933 30.1271 -1.5805 0.0108 0.0025 163 bmw_grandtourer
Car 1.00 1.00 0 0 0 0 0 0 0 0 -1000.00 -1000.00 -1000.00 -1000.00 1.6115 2.2019 5.2564 136.8353 2.5049 6.3362 1.7006 0.0106 0.0031 164 charger2020_charger2020
Car 1.00 1.00 86 83 129 679 0 0 0 23 -1000.00 -1000.00 -1000.00 -1000.00 1.6244 1.8781 3.8906 44.4896 2.4540 18.2686 2.8716 0.0219 0.0060 165 audi_a2
Car 1.00 1.00 0 0 0 0 0 0 0 0 -1000.00 -1000.00 -1000.00 -1000.00 1.5475 1.9070 4.4025 -120.0441 -1.2472 -289.2986 -3.0333 0.0100 0.0019 166 seat_leon
Car 1.00 1.00 0 0 0 0 0 0 0 0 -1000.00 -1000.00 -1000.00 -1000.00 1.5765 1.9374 3.8150 19.6354 -4.1014 117.3567 0.1132 -0.0596 0.0023 167 nissan_micra
Car 0.00 1.00 2 0 2 0 0 0 0 0 1097.49 363.33 1132.70 373.47 1.5863 2.2347 5.1468 -93.0171 2.1793 23.4619 -1.4638 0.0108 0.0025 168 lincoln_mkz2017
Car 1.00 1.00 5 1 5 17 1 0 0 0 -1000.00 -1000.00 -1000.00 -1000.00 1.7506 2.3538 4.8416 7.4928 1.0234 -101.5957 1.6811 0.0107 0.0025 169 bmw_grandtourer
Car 1.00 1.00 0 0 0 0 0 0 0 0 -1000.00 -1000.00 -1000.00 -1000.00 1.4812 2.1349 5.6254 74.3044 2.2385 -9.9156 1.6819 0.0107 0.0025 170 chevrolet_impala
Car 1.00 1.00 0 0 0 0 0 0 0 0 -1000.00 -1000.00 -1000.00 -1000.00 1.4812 2.1349 5.6254 110.3420 0.7364 -157.3637 -3.0354 0.0231 0.0022 171 chevrolet_impala
Car 1.00 1.00 0 0 0 1 0 0 0 0 -1000.00 -1000.00 -1000.00 -1000.00 1.6011 2.1072 4.7392 156.8574 2.8472 28.4458 -3.0014 0.0107 0.0025 172 toyota_prius
Car 1.00 1.00 0 0 0 0 0 0 0 0 -1000.00 -1000.00 -1000.00 -1000.00 1.6115 2.2019 5.2564 71.1085 -0.0490 -216.4244 0.1759 0.0107 0.0031 173 charger2020_charger2020
Car 1.00 1.00 0 0 0 0 0 0 0 0 -1000.00 -1000.00 -1000.00 -1000.00 1.5475 1.9070 4.4025 -71.5692 0.4290 -144.3277 -1.4651 0.0108 0.0025 174 seat_leon
Car 0.00 1.00 0 0 0 0 0 0 0 0 63.48 345.69 143.81 366.65 2.5908 2.7453 5.4640 -71.1376 0.8241 -110.4372 1.6567 0.0032 0.0024 175 carlamotors_carlacola
Car 1.00 1.00 0 0 0 0 0 0 0 0 -1000.00 -1000.00 -1000.00 -1000.00 1.4812 2.1349 5.6254 153.1306 0.9746 -140.1061 1.5467 0.0125 0.0112 176 chevrolet_impala
Car 0.00 0.77 0 0 0 12 0 0 0 0 1650.09 367.05 1696.52 380.35 1.9718 2.0005 4.0595 -88.4420 3.1247 110.1696 -2.7903 0.0104 0.0024 177 jeep_wrangler_rubicon
Car 1.00 1.00 0 0 0 0 0 0 0 0 -1000.00 -1000.00 -1000.00 -1000.00 1.6980 1.9434 4.1871 -63.0383 -0.6532 -247.9046 -1.4896 0.0107 0.0025 178 citroen_c3
Car 1.00 1.00 0 0 0 0 0 0 0 0 -1000.00 -1000.00 -1000.00 -1000.00 1.5488 2.0688 3.9961 60.3690 1.5027 -74.5298 0.0897 0.0107 0.0025 179 mini_cooperst
Motorcycle 1.00 1.00 0 0 0 0 0 0 0 0 -1000.00 -1000.00 -1000.00 -1000.00 1.6960 1.0692 2.4735 87.5787 1.4081 -88.5297 1.6754 0.0137 0.0025 180 harley_davidson_low_rider
Car 1.00 1.00 0 0 0 0 0 0 0 0 -1000.00 -1000.00 -1000.00 -1000.00 1.4477 1.5550 2.3177 178.2053 0.9895 -149.9067 -3.0415 0.0047 0.0024 181 bmw_isetta
Cyclist 1.00 1.00 0 0 0 0 0 0 0 0 -1000.00 -1000.00 -1000.00 -1000.00 1.7065 0.8593 1.4873 84.5234 1.6318 -64.0342 1.7265 0.0112 0.0015 182 bh_crossbike
Car 1.00 1.00 0 0 0 0 0 0 0 0 -1000.00 -1000.00 -1000.00 -1000.00 1.6011 2.1072 4.7392 -22.1702 0.3248 122.7945 -3.0313 0.1262 0.0023 183 toyota_prius
Car 0.00 1.00 0 0 0 0 0 0 0 0 353.37 354.49 379.98 360.92 1.5488 2.0688 3.9961 -138.5557 0.2090 -149.4220 1.8848 0.0107 0.0022 184 mini_cooperst
Car 1.00 1.00 0 0 0 0 0 0 0 0 -1000.00 -1000.00 -1000.00 -1000.00 1.6980 1.9434 4.1871 -65.1924 -0.8229 -263.2084 -1.4878 0.0107 0.0025 185 citroen_c3
Car 1.00 1.00 0 8 8 30 0 0 0 1 -1000.00 -1000.00 -1000.00 -1000.00 1.5765 1.9374 3.8150 149.2059 2.8445 31.2546 -3.0166 0.0107 0.0024 186 nissan_micra
Car 1.00 1.00 0 0 0 0 0 0 0 0 -1000.00 -1000.00 -1000.00 -1000.00 1.7506 2.3538 4.8416 85.3862 1.6049 -70.4564 1.7042 0.0108 0.0025 187 bmw_grandtourer
Car 1.00 1.00 0 0 0 0 0 0 0 0 -1000.00 -1000.00 -1000.00 -1000.00 1.5488 2.0688 3.9961 87.9119 0.3081 -192.0781 -1.4963 0.0108 0.0025 188 mini_cooperst
Car 1.00 1.00 0 0 0 0 0 0 0 0 -1000.00 -1000.00 -1000.00 -1000.00 1.5488 2.0688 3.9961 -70.5459 0.2823 -158.1837 -1.4971 0.0108 0.0025 189 mini_cooperst
Car 1.00 1.00 0 0 0 0 0 0 0 0 -1000.00 -1000.00 -1000.00 -1000.00 1.6011 2.1072 4.7392 175.5082 1.0145 -146.4840 -3.0497 0.0107 0.0025 190 toyota_prius
Car 1.00 1.00 0 0 0 0 0 0 0 0 -1000.00 -1000.00 -1000.00 -1000.00 1.3660 1.9896 4.9534 70.0784 3.0151 64.3452 1.5665 0.0093 0.0024 191 mustang_mustang
Car 1.00 1.00 0 0 0 0 0 0 0 0 -1000.00 -1000.00 -1000.00 -1000.00 1.9476 2.0282 4.8347 -72.1409 -1.2317 -297.7463 0.1116 0.0104 0.0025 192 nissan_patrol
Pedestrian 1.00 1.00 0 0 0 0 0 0 0 0 -1000.00 -1000.00 -1000.00 -1000.00 1.9158 0.4880 0.6184 -47.8606 -1.3922 -302.2211 0.2191 0.0107 0.0025 193 pedestrian_0019
Pedestrian 0.00 1.00 0 0 0 0 0 0 0 0 394.71 358.65 401.98 365.93 1.1330 0.4333 0.6667 -87.9193 0.9248 -90.2864 1.8273 0.0107 0.0025 194 pedestrian_0010
Pedestrian 1.00 1.00 0 0 0 0 0 0 0 0 -1000.00 -1000.00 -1000.00 -1000.00 1.9158 0.4880 0.7507 24.0514 -0.3085 -212.4886 -0.6454 0.0107 0.0025 195 pedestrian_0005
Pedestrian 1.00 1.00 0 0 0 0 0 0 0 0 -1000.00 -1000.00 -1000.00 -1000.00 1.9158 0.4880 0.5844 207.0849 1.7883 -64.4135 0.1029 0.0107 0.0025 196 pedestrian_0003
Pedestrian 1.00 1.00 0 0 0 0 0 0 0 0 -1000.00 -1000.00 -1000.00 -1000.00 1.9158 0.4880 0.6149 101.1162 -5.5345 107.1674 -0.0002 0.0107 0.0025 197 pedestrian_0021
Pedestrian 0.00 1.00 0 0 0 0 0 0 0 0 877.22 357.80 878.83 361.77 1.9158 0.4880 0.7341 -270.1811 0.8534 -42.0545 1.7715 0.0107 0.0025 198 pedestrian_0003
Pedestrian 1.00 1.00 0 0 0 0 0 0 0 0 -1000.00 -1000.00 -1000.00 -1000.00 1.9158 0.4880 0.4205 -157.4777 -1.7314 -308.7441 0.4397 0.0107 0.0025 199 pedestrian_0004
Pedestrian 0.00 0.51 2 1 1 23 0 0 0 0 895.71 359.27 900.88 373.46 1.9158 0.4880 0.4836 -76.3139 1.8201 -10.6329 -2.4364 0.0107 0.0025 200 pedestrian_0022
Pedestrian 1.00 1.00 0 0 0 0 0 0 0 0 -1000.00 -1000.00 -1000.00 -1000.00 1.3390 0.3253 0.2502 1.1523 0.0295 -180.1517 0.2191 0.0107 0.0025 201 pedestrian_0014
Pedestrian 1.00 1.00 0 0 0 0 0 0 0 0 -1000.00 -1000.00 -1000.00 -1000.00 1.9158 0.4880 0.4552 63.5647 1.4996 -58.1390 -1.4471 0.0107 0.0025 202 pedestrian_0022
Pedestrian 0.00 1.00 0 0 0 0 0 0 0 0 564.33 354.53 568.66 363.81 1.9158 0.4880 0.5871 -116.0540 0.7856 -83.9073 -3.0578 0.0107 0.0025 203 pedestrian_0023
Pedestrian 1.00 1.00 0 0 0 0 0 0 0 0 -1000.00 -1000.00 -1000.00 -1000.00 1.3390 0.3253 0.5005 141.0090 0.7990 -154.7180 1.6423 0.0107 0.0025 204 pedestrian_0012
Pedestrian 0.00 1.00 0 0 0 0 0 0 0 0 1051.41 360.78 1054.36 373.15 1.9158 0.4880 0.4019 -87.2734 2.0384 12.2048 1.3278 0.0107 0.0025 205 pedestrian_0019
Pedestrian 0.00 1.00 0 0 0 0 0 0 0 0 1078.63 359.89 1081.15 365.59 1.9158 0.4880 0.6690 -188.4487 1.8825 38.2868 -2.6142 0.0107 0.0025 206 pedestrian_0005
Pedestrian 1.00 1.00 0 0 0 0 0 0 0 0 -1000.00 -1000.00 -1000.00 -1000.00 1.9158 0.4880 0.5520 229.3877 2.1474 -35.9847 1.6852 0.0107 0.0025 207 pedestrian_0026
Pedestrian 1.00 1.00 0 0 0 0 0 0 0 0 -1000.00 -1000.00 -1000.00 -1000.00 1.9158 0.4880 0.7507 75.7674 0.6238 -142.6769 1.7185 0.0107 0.0025 208 pedestrian_0015
Pedestrian 1.00 1.00 0 0 0 0 0 0 0 0 -1000.00 -1000.00 -1000.00 -1000.00 1.3390 0.3253 0.3203 -70.4488 3.1666 128.4880 -3.0400 0.0107 0.0025 209 pedestrian_0014
Pedestrian 0.00 1.00 0 0 0 0 0 0 0 0 1278.02 362.13 1280.97 367.56 1.9158 0.4880 0.7507 -197.6182 2.6747 111.0694 0.3612 0.0107 0.0025 210 pedestrian_0016
Pedestrian 1.00 1.00 0 0 0 1 1 0 0 0 -1000.00 -1000.00 -1000.00 -1000.00 1.3390 0.3253 0.2507 2.8640 0.2923 -150.9004 2.1827 0.0107 0.0025 211 pedestrian_0012
Pedestrian 1.00 1.00 1 2 5 55 0 0 3 0 -1000.00 -1000.00 -1000.00 -1000.00 1.1330 0.4333 0.4234 5.7352 2.4095 45.7663 -1.9272 0.0107 0.0025 212 pedestrian_0009
Pedestrian 1.00 1.00 0 0 0 0 0 0 0 0 -1000.00 -1000.00 -1000.00 -1000.00 1.1330 0.4333 0.6667 213.0987 1.0022 -152.0224 -2.3109 0.0107 0.0025 213 pedestrian_0010
Pedestrian 0.00 1.00 0 0 0 0 0 0 0 0 1089.97 360.09 1091.89 364.24 1.9158 0.4880 0.7507 -258.3881 1.9627 58.5473 1.0751 0.0107 0.0025 214 pedestrian_0021
Pedestrian 1.00 1.00 0 0 0 9 4 0 0 0 -1000.00 -1000.00 -1000.00 -1000.00 1.9158 0.4880 0.3821 2.9076 0.3129 -149.8028 -1.5901 0.0107 0.0025 215 pedestrian_0018
Pedestrian 0.00 1.00 0 0 0 0 0 0 0 0 227.23 350.84 230.09 355.88 1.9158 0.4880 0.4771 -212.9832 -1.5794 -281.9185 -1.1023 0.0107 0.0025 216 pedestrian_0020
Pedestrian 1.00 1.00 0 0 0 0 0 0 0 0 -1000.00 -1000.00 -1000.00 -1000.00 1.9158 0.4880 0.4854 66.6069 1.4725 -61.6342 -1.7411 0.0107 0.0025 217 pedestrian_0017
Pedestrian 1.00 1.00 0 0 0 0 0 0 0 0 -1000.00 -1000.00 -1000.00 -1000.00 1.9158 0.4880 0.7507 -116.2237 -1.0165 -248.1356 -0.0069 0.0107 0.0025 218 pedestrian_0007
Pedestrian 0.00 1.00 1 2 5 6 0 2 0 0 1009.33 365.96 1013.32 374.14 1.1330 0.4333 0.3333 -78.5551 1.9704 4.9335 2.4556 0.0107 0.0025 219 pedestrian_0010
Pedestrian 0.00 0.04 83 84 140 716 0 45 0 0 895.13 356.75 917.60 428.25 1.9158 0.4880 0.4922 -15.8371 1.8357 -3.6872 2.9962 0.0107 0.0025 220 pedestrian_0023
Pedestrian 1.00 1.00 0 0 0 0 0 0 0 0 -1000.00 -1000.00 -1000.00 -1000.00 1.9158 0.4880 0.4982 50.2925 -0.2061 -223.1447 -0.2743 0.0107 0.0025 221 pedestrian_0024
Pedestrian 0.00 1.00 0 0 0 0 0 0 0 0 335.69 354.34 338.38 357.92 1.1330 0.4333 0.3774 -177.5169 -0.6660 -200.6082 -1.3510 0.0107 0.0025 222 pedestrian_0011
Pedestrian 0.00 1.00 0 0 0 0 0 0 0 0 1163.48 360.89 1165.75 365.39 1.9158 0.4880 0.7507 -238.1578 2.2997 85.2904 0.7007 0.0107 0.0025 223 pedestrian_0016
Pedestrian 1.00 1.00 0 0 0 0 0 0 0 0 -1000.00 -1000.00 -1000.00 -1000.00 1.9158 0.4880 0.6767 218.3735 -9.1401 -153.1147 1.6708 0.0107 0.0025 224 pedestrian_0017
Pedestrian 1.00 1.00 0 0 0 0 0 0 0 0 -1000.00 -1000.00 -1000.00 -1000.00 1.9158 0.4880 0.7507 161.3843 -7.2265 31.2913 1.6940 0.0107 0.0025 225 pedestrian_0001
Pedestrian 1.00 1.00 0 0 0 0 0 0 0 0 -1000.00 -1000.00 -1000.00 -1000.00 1.9158 0.4880 0.4486 -77.4715 -0.2647 -190.8083 2.1282 0.0107 0.0025 226 pedestrian_0003
Pedestrian 1.00 1.00 0 0 0 0 0 0 0 0 -1000.00 -1000.00 -1000.00 -1000.00 1.9158 0.4880 0.7507 32.0375 -0.0864 -193.6298 -1.0390 0.0107 0.0025 227 pedestrian_0007
Pedestrian 1.00 1.00 0 0 0 0 0 0 0 0 -1000.00 -1000.00 -1000.00 -1000.00 1.1330 0.4333 0.3375 5.4088 -0.0244 -181.8888 2.3456 0.0107 0.0025 228 pedestrian_0010
Pedestrian 0.00 0.00 20 11 24 126 0 8 0 0 868.00 379.70 880.00 408.30 1.1330 0.4333 0.5773 -22.5540 1.8416 -5.5469 -2.7853 0.0107 0.0025 229 pedestrian_0010
Pedestrian 1.00 1.00 0 0 0 0 0 0 0 0 -1000.00 -1000.00 -1000.00 -1000.00 1.3390 0.3253 0.4559 72.4157 0.9860 -107.4168 1.6246 0.0107 0.0025 230 pedestrian_0013
Pedestrian 1.00 1.00 0 0 0 0 0 0 0 0 -1000.00 -1000.00 -1000.00 -1000.00 1.3390 0.3253 0.4591 97.8320 2.8747 67.8229 3.0158 0.0107 0.0025 231 pedestrian_0013
Pedestrian 1.00 1.00 33 39 65 375 14 0 0 0 -1000.00 -1000.00 -1000.00 -1000.00 1.9158 0.4880 0.7507 6.9154 1.6679 -24.5283 -1.4353 0.0107 0.0025 232 pedestrian_0020
Pedestrian 1.00 1.00 0 0 0 0 0 0 0 0 -1000.00 -1000.00 -1000.00 -1000.00 1.9158 0.4880 0.7186 145.7976 2.1574 -10.7735 -1.4616 0.0107 0.0025 233 pedestrian_0021
Pedestrian 0.00 1.00 0 0 0 0 0 0 0 0 650.90 358.81 653.17 362.98 1.1330 0.4333 0.4197 -152.1715 0.8104 -86.2228 0.7750 0.0107 0.0025 234 pedestrian_0009
Pedestrian 1.00 1.00 0 0 0 0 0 0 0 0 -1000.00 -1000.00 -1000.00 -1000.00 1.9158 0.4880 0.5026 184.1072 1.8824 -50.4357 -3.0562 0.0107 0.0025 235 pedestrian_0006
Pedestrian 0.00 1.00 0 0 0 0 0 0 0 0 716.89 358.27 719.04 361.61 1.1330 0.4333 0.5547 -190.5192 0.5444 -84.9927 -1.4660 0.0107 0.0025 236 pedestrian_0009
Pedestrian 1.00 1.00 0 0 0 0 0 0 0 0 -1000.00 -1000.00 -1000.00 -1000.00 1.9158 0.4880 0.7507 -44.7930 -0.1190 -184.2267 0.1005 0.0107 0.0025 237 pedestrian_0026
Pedestrian 0.00 1.00 0 0 0 1 0 0 0 0 1065.63 359.94 1069.93 371.06 1.9158 0.4880 0.5751 -96.9803 1.9073 16.4094 1.7586 0.0107 0.0025 238 pedestrian_0021
Pedestrian 1.00 1.00 0 0 0 0 0 0 0 0 -1000.00 -1000.00 -1000.00 -1000.00 1.3390 0.3253 0.5005 -21.1026 1.1170 -69.6149 3.0734 0.0107 0.0025 239 pedestrian_0012
Pedestrian 0.00 1.00 0 0 0 0 0 0 0 0 505.94 353.82 508.54 358.09 1.9158 0.4880 0.7507 -250.9027 -0.8634 -206.3590 1.6852 0.0107 0.0025 240 pedestrian_0020
Pedestrian 1.00 1.00 0 0 0 0 0 0 0 0 -1000.00 -1000.00 -1000.00 -1000.00 1.1330 0.4333 0.6667 135.6235 -10.7305 -280.1436 -2.8360 0.0107 0.0025 241 pedestrian_0011
Pedestrian 0.00 1.00 0 0 0 0 0 0 0 0 504.35 353.72 507.01 359.55 1.9158 0.4880 0.4671 -184.0391 -0.1516 -152.2551 1.6009 0.0107 0.0025 242 pedestrian_0002
Pedestrian 1.00 1.00 0 0 0 0 0 0 0 0 -1000.00 -1000.00 -1000.00 -1000.00 1.3390 0.3253 0.3907 23.2526 1.2916 -67.6803 -3.0713 0.0107 0.0025 243 pedestrian_0014
Pedestrian 0.00 1.00 0 0 0 0 0 0 0 0 315.46 351.89 323.39 364.49 1.9158 0.4880 0.6200 -85.8777 0.6812 -100.3012 -3.0776 0.0107 0.0025 244 pedestrian_0006
Pedestrian 1.00 1.00 0 0 0 0 0 0 0 0 -1000.00 -1000.00 -1000.00 -1000.00 1.9158 0.4880 0.6309 194.5480 -10.1452 -241.1084 -2.2274 0.0107 0.0025 245 pedestrian_0020
Pedestrian 1.00 1.00 0 0 0 0 0 0 0 0 -1000.00 -1000.00 -1000.00 -1000.00 1.9158 0.4880 0.6567 210.0053 2.8627 33.2157 2.6649 0.0107 0.0025 246 pedestrian_0022
Pedestrian 1.00 1.00 0 0 0 0 0 0 0 0 -1000.00 -1000.00 -1000.00 -1000.00 1.9158 0.4880 0.7386 71.3385 1.2226 -85.8970 1.6367 0.0107 0.0025 247 pedestrian_0002
Pedestrian 1.00 1.00 1 2 3 24 0 0 0 0 -1000.00 -1000.00 -1000.00 -1000.00 1.9158 0.4880 0.6275 82.2810 2.4646 27.2439 1.6468 0.0107 0.0025 248 pedestrian_0022
Pedestrian 0.00 1.00 0 0 0 0 0 0 0 0 1206.86 361.44 1210.93 372.32 1.9158 0.4880 0.4834 -99.2628 2.1749 41.8564 -1.5942 0.0107 0.0025 249 pedestrian_0006
Pedestrian 1.00 1.00 0 0 0 3 0 0 0 0 -1000.00 -1000.00 -1000.00 -1000.00 1.9158 0.4880 0.4624 24.8611 0.2078 -178.7786 -3.0600 0.0107 0.0025 250 pedestrian_0019
Pedestrian 0.00 1.00 0 0 0 0 0 0 0 0 1094.46 360.07 1097.16 365.93 1.9158 0.4880 0.7507 -183.0878 1.9412 42.3585 0.4140 0.0107 0.0025 251 pedestrian_0018
Pedestrian 0.00 1.00 0 0 0 0 0 0 0 0 1124.99 360.47 1127.11 364.77 1.9158 0.4880 0.7507 -249.5684 2.1312 72.2064 -2.2901 0.0107 0.0025 252 pedestrian_0007
Pedestrian 1.00 1.00 3 2 3 19 0 0 0 3 -1000.00 -1000.00 -1000.00 -1000.00 1.9158 0.4880 0.6618 83.9454 2.4516 11.4666 1.5420 0.0107 0.0025 253 pedestrian_0008
Pedestrian 0.00 1.00 0 0 0 0 0 0 0 0 879.50 357.83 880.62 361.79 1.9158 0.4880 0.4943 -269.7378 0.8657 -41.0077 -1.3939 0.0107 0.0025 254 pedestrian_0022
Pedestrian 1.00 1.00 0 0 0 0 0 0 0 0 -1000.00 -1000.00 -1000.00 -1000.00 1.9158 0.4880 0.5568 -65.5368 3.2042 130.1311 -3.0418 0.0107 0.0025 255 pedestrian_0024
Pedestrian 1.00 1.00 0 0 0 0 0 0 0 0 -1000.00 -1000.00 -1000.00 -1000.00 1.1330 0.4333 0.5664 65.1177 1.5528 -52.6695 1.7870 0.0107 0.0025 256 pedestrian_0011
Pedestrian 1.00 1.00 0 0 0 0 0 0 0 0 -1000.00 -1000.00 -1000.00 -1000.00 1.9158 0.4880 0.7507 80.4462 0.0064 -210.2635 1.5900 0.0107 0.0025 257 pedestrian_0006
Pedestrian 1.00 1.00 0 0 0 0 0 0 0 0 -1000.00 -1000.00 -1000.00 -1000.00 1.9158 0.4880 0.4951 153.0694 0.0879 -205.1651 0.6994 0.0107 0.0025 258 pedestrian_0005
Pedestrian 1.00 1.00 0 2 3 1 1 0 0 0 -1000.00 -1000.00 -1000.00 -1000.00 1.9158 0.4880 0.3932 3.1220 0.2801 -172.2303 -1.0976 0.0107 0.0025 259 pedestrian_0003
Pedestrian 1.00 1.00 0 0 0 0 0 0 0 0 -1000.00 -1000.00 -1000.00 -1000.00 1.9158 0.4880 0.6116 106.3191 -5.6086 105.8818 2.8719 0.0107 0.0025 260 pedestrian_0001
Pedestrian 1.00 1.00 0 0 0 11 0 0 0 0 -1000.00 -1000.00 -1000.00 -1000.00 1.3390 0.3253 0.2502 13.1420 0.9511 -91.9566 1.8013 0.0107 0.0025 261 pedestrian_0014
Pedestrian 0.00 1.00 0 0 0 0 0 0 0 0 640.83 355.61 643.02 361.13 1.9158 0.4880 0.7507 -194.1608 0.3915 -113.0793 0.2969 0.0107 0.0025 262 pedestrian_0020
Pedestrian 0.00 1.00 0 0 0 0 0 0 0 0 616.35 354.92 618.89 360.19 1.9158 0.4880 0.6221 -203.1679 0.0662 -127.1096 1.6625 0.0107 0.0025 263 pedestrian_0025
Pedestrian 1.00 1.00 10 6 12 93 0 0 1 0 -1000.00 -1000.00 -1000.00 -1000.00 1.9158 0.4880 0.6709 8.3801 2.4833 51.0760 -2.3875 0.0107 0.0025 264 pedestrian_0026
Pedestrian 0.00 1.00 0 0 0 0 0 0 0 0 240.25 350.98 243.63 355.97 1.9158 0.4880 0.7507 -215.1616 -1.5616 -279.6617 -0.7188 0.0107 0.0025 265 pedestrian_0025
Pedestrian 1.00 1.00 0 0 0 0 0 0 0 0 -1000.00 -1000.00 -1000.00 -1000.00 1.3390 0.3253 0.2550 4.7623 0.0316 -180.7712 2.0938 0.0107 0.0025 266 pedestrian_0013
Pedestrian 1.00 1.00 0 0 0 0 0 0 0 0 -1000.00 -1000.00 -1000.00 -1000.00 1.9158 0.4880 0.3797 103.7842 0.3733 -172.4171 3.1071 0.0107 0.0025 267 pedestrian_0015
Pedestrian 1.00 1.00 0 0 0 0 0 0 0 0 -1000.00 -1000.00 -1000.00 -1000.00 1.9158 0.4880 0.3927 138.6306 0.7670 -142.7655 1.2999 0.0107 0.0025 268 pedestrian_0021
Pedestrian 0.00 1.00 0 0 0 0 0 0 0 0 1483.00 367.62 1486.56 372.45 1.1330 0.4333 0.4221 -132.4574 2.9448 122.1845 -3.0223 0.0107 0.0025 269 pedestrian_0010
Pedestrian 1.00 1.00 19 28 44 191 0 0 0 9 -1000.00 -1000.00 -1000.00 -1000.00 1.9158 0.4880 0.4992 31.6435 2.0689 1.8752 0.1215 0.0107 0.0025 270 pedestrian_0023
Pedestrian 0.00 1.00 0 0 0 0 0 0 0 0 1014.45 360.72 1016.09 364.33 1.3390 0.3253 0.5005 -207.8533 1.6122 18.3751 -2.1211 0.0107 0.0025 271 pedestrian_0013
Pedestrian 1.00 1.00 0 0 0 0 0 0 0 0 -1000.00 -1000.00 -1000.00 -1000.00 1.9158 0.4880 0.5934 -63.7951 -1.4475 -303.7025 -3.0317 0.0107 0.0025 272 pedestrian_0016
Pedestrian 1.00 1.00 0 0 0 0 0 0 0 0 -1000.00 -1000.00 -1000.00 -1000.00 1.3390 0.3253 0.5005 -70.3911 -0.9992 -259.7186 1.6567 0.0107 0.0025 273 pedestrian_0014
Pedestrian 1.00 1.00 0 0 0 0 0 0 0 0 -1000.00 -1000.00 -1000.00 -1000.00 1.9158 0.4880 0.6247 36.5582 -0.3629 -220.3947 -0.4770 0.0107 0.0025 274 pedestrian_0019
Pedestrian 0.00 1.00 0 0 0 0 0 0 0 0 608.77 356.78 610.87 361.22 1.3390 0.3253 0.5004 -168.9518 0.3662 -108.3358 -3.0915 0.0107 0.0025 275 pedestrian_0013
Pedestrian 1.00 1.00 0 0 0 0 0 0 0 0 -1000.00 -1000.00 -1000.00 -1000.00 1.9158 0.4880 0.7507 -72.8702 -0.6047 -233.8949 1.6248 0.0107 0.0025 276 pedestrian_0023
Pedestrian 1.00 1.00 0 0 0 0 0 0 0 0 -1000.00 -1000.00 -1000.00 -1000.00 1.1330 0.4333 0.6667 37.8737 1.6882 -31.7780 2.7353 0.0107 0.0025 277 pedestrian_0011
Pedestrian 1.00 1.00 1 2 2 11 1 0 0 0 -1000.00 -1000.00 -1000.00 -1000.00 1.3390 0.3253 0.2740 9.9069 1.1150 -90.1178 -2.0366 0.0107 0.0025 278 pedestrian_0012
Pedestrian 1.00 1.00 0 0 0 0 0 0 0 0 -1000.00 -1000.00 -1000.00 -1000.00 1.9158 0.4880 0.5303 140.7710 -10.2778 -240.2032 0.4457 0.0107 0.0025 279 pedestrian_0015
Pedestrian 1.00 1.00 0 0 0 0 0 0 0 0 -1000.00 -1000.00 -1000.00 -1000.00 1.9158 0.4880 0.7507 70.4214 1.1928 -88.5692 -1.4930 0.0107 0.0025 280 pedestrian_0017
Pedestrian 1.00 1.00 0 0 0 0 0 0 0 0 -1000.00 -1000.00 -1000.00 -1000.00 1.9158 0.4880 0.7507 193.7262 -6.7575 58.9724 -1.2772 0.0107 0.0025 281 pedestrian_0005
Pedestrian 1.00 1.00 0 0 0 0 0 0 0 0 -1000.00 -1000.00 -1000.00 -1000.00 1.1330 0.4333 0.3476 91.3593 0.1471 -203.0643 -1.2540 0.0107 0.0025 282 pedestrian_0009
Pedestrian 0.00 1.00 0 0 0 0 0 0 0 0 702.88 358.08 704.97 361.38 1.1330 0.4333 0.5644 -192.6986 0.4733 -90.7952 1.7801 0.0107 0.0025 283 pedestrian_0009
Pedestrian 1.00 1.00 0 0 0 0 0 0 0 0 -1000.00 -1000.00 -1000.00 -1000.00 1.1330 0.4333 0.3967 201.2158 1.7411 -66.3058 -2.9848 0.0107 0.0025 284 pedestrian_0009
Pedestrian 0.00 0.12 18 20 34 269 0 1 0 0 1322.42 364.19 1341.36 404.07 1.9158 0.4880 0.7507 -27.6610 2.0693 15.6219 0.1236 0.0107 0.0025 285 pedestrian_0024
Pedestrian 1.00 1.00 0 0 0 0 0 0 0 0 -1000.00 -1000.00 -1000.00 -1000.00 1.9158 0.4880 0.3905 4.7973 0.0189 -181.4707 2.9001 0.0107 0.0025 286 pedestrian_0023
Pedestrian 0.00 1.00 0 0 0 0 0 0 0 0 1246.29 361.69 1250.67 370.78 1.9158 0.4880 0.7507 -118.5719 2.2770 58.9261 0.0721 0.0107 0.0025 287 pedestrian_0015
Pedestrian 1.00 1.00 0 0 0 0 0 0 0 0 -1000.00 -1000.00 -1000.00 -1000.00 1.9158 0.4880 0.4992 20.2019 -6.0175 -258.1212 0.6061 0.0107 0.0025 288 pedestrian_0025
Pedestrian 1.00 1.00 0 0 0 0 0 0 0 0 -1000.00 -1000.00 -1000.00 -1000.00 1.1330 0.4333 0.4903 161.1008 -5.8377 115.2028 -0.7855 0.0107 0.0025 289 pedestrian_0009
Pedestrian 1.00 1.00 0 0 0 0 0 0 0 0 -1000.00 -1000.00 -1000.00 -1000.00 1.9158 0.4880 0.7507 137.9348 0.8374 -151.2186 1.6088 0.0107 0.0025 290 pedestrian_0019
Pedestrian 0.00 1.00 0 0 0 0 0 0 0 0 1291.92 362.31 1295.89 372.89 1.9158 0.4880 0.3754 -101.9402 2.3406 58.5370 -0.9667 0.0107 0.0025 291 pedestrian_0007
Pedestrian 0.00 1.00 0 0 0 0 0 0 0 0 1002.37 359.14 1004.03 363.09 1.9158 0.4880 0.7507 -271.5501 1.5025 18.8339 -1.7186 0.0107 0.0025 292 pedestrian_0021
Pedestrian 0.00 1.00 0 0 0 0 0 0 0 0 117.08 356.25 128.12 371.31 1.3390 0.3253 0.4312 -50.6314 1.0058 -77.1759 -3.0872 0.0107 0.0025 293 pedestrian_0014
Pedestrian 1.00 1.00 0 0 0 0 0 0 0 0 -1000.00 -1000.00 -1000.00 -1000.00 1.9158 0.4880 0.7475 14.7180 -3.8623 137.8987 -3.0222 0.0107 0.0025 294 pedestrian_0002
Pedestrian 1.00 1.00 2 2 4 33 0 0 0 1 -1000.00 -1000.00 -1000.00 -1000.00 1.9158 0.4880 0.7507 63.3867 2.5791 28.0449 -3.0447 0.0107 0.0025 295 pedestrian_0026
Pedestrian 1.00 1.00 0 0 0 0 0 0 0 0 -1000.00 -1000.00 -1000.00 -1000.00 1.9158 0.4880 0.7301 118.6136 1.6536 -56.5934 0.0057 0.0107 0.0025 296 pedestrian_0020
Pedestrian 1.00 1.00 0 0 0 0 0 0 0 0 -1000.00 -1000.00 -1000.00 -1000.00 1.9158 0.4880 0.7067 129.7261 1.8995 -31.2019 1.6375 0.0107 0.0025 297 pedestrian_0016
Pedestrian 0.00 1.00 0 0 0 0 0 0 0 0 1048.25 359.73 1052.06 371.07 1.9158 0.4880 0.3754 -95.1228 1.8737 13.0518 -0.8258 0.0107 0.0025 298 pedestrian_0024
Pedestrian 1.00 1.00 0 0 0 0 0 0 0 0 -1000.00 -1000.00 -1000.00 -1000.00 1.9158 0.4880 0.6736 169.5876 -8.0720 -42.7783 -1.4640 0.0107 0.0025 299 pedestrian_0001
Pedestrian 0.00 1.00 0 0 0 0 0 0 0 0 883.45 357.80 885.67 363.22 1.9158 0.4880 0.7507 -197.7063 1.1384 -29.0165 1.6801 0.0107 0.0025 300 pedestrian_0025
Pedestrian 1.00 1.00 0 0 0 0 0 0 0 0 -1000.00 -1000.00 -1000.00 -1000.00 1.9158 0.4880 0.6095 -53.1315 -0.6677 -233.4127 1.5929 0.0107 0.0025 301 pedestrian_0016
Pedestrian 0.00 1.00 0 0 0 0 0 0 0 0 545.89 354.15 548.75 359.89 1.9158 0.4880 0.5844 -187.3359 -0.0426 -140.9657 -1.4439 0.0107 0.0025 302 pedestrian_0006
Pedestrian 0.00 1.00 0 0 0 0 0 0 0 0 1049.73 363.07 1052.82 370.89 1.3390 0.3253 0.4080 -96.3357 1.8687 13.4481 1.9016 0.0107 0.0025 303 pedestrian_0012
Pedestrian 0.00 1.00 0 0 0 0 0 0 0 0 455.96 353.29 458.70 357.62 1.9158 0.4880 0.7507 -247.1123 -1.0589 -225.4206 1.8420 0.0107 0.0025 304 pedestrian_0024
Pedestrian 0.00 1.00 0 0 0 0 0 0 0 0 1722.30 370.35 1728.42 378.39 1.3390 0.3253 0.5005 -94.4781 3.0903 126.7830 -2.9788 0.0107 0.0025 305 pedestrian_0013
Pedestrian 0.00 1.00 0 0 0 0 0 0 0 0 657.70 357.11 659.34 359.57 1.1330 0.4333 0.5301 -258.7261 -0.2050 -142.4153 -1.4701 0.0107 0.0025 306 pedestrian_0011
Pedestrian 1.00 1.00 0 0 0 0 0 0 0 0 -1000.00 -1000.00 -1000.00 -1000.00 1.9158 0.4880 0.4837 101.3670 0.5273 -171.7180 0.1677 0.0107 0.0025 307 pedestrian_0024
Pedestrian 0.00 1.00 0 0 0 0 0 0 0 0 874.36 357.77 875.27 361.70 1.9158 0.4880 0.3922 -272.0023 0.8291 -43.8987 -1.4577 0.0107 0.0025 308 pedestrian_0004
Pedestrian 1.00 1.00 2 2 6 33 0 0 0 0 -1000.00 -1000.00 -1000.00 -1000.00 1.9158 0.4880 0.7125 63.7148 2.5885 28.8453 -2.9822 0.0107 0.0025 309 pedestrian_0019
Pedestrian 1.00 1.00 1 1 4 17 0 0 0 0 -1000.00 -1000.00 -1000.00 -1000.00 1.3390 0.3253 0.3449 -7.9304 1.1573 -71.3604 -2.8457 0.0107 0.0025 310 pedestrian_0012
Pedestrian 1.00 1.00 0 0 0 3 0 0 0 0 -1000.00 -1000.00 -1000.00 -1000.00 1.9158 0.4880 0.4762 25.9969 0.0776 -178.5357 -2.9412 0.0107 0.0025 311 pedestrian_0022
Pedestrian 1.00 1.00 0 0 0 0 0 0 0 0 -1000.00 -1000.00 -1000.00 -1000.00 1.9158 0.4880 0.7507 123.8369 0.4747 -167.5672 -3.0342 0.0107 0.0025 312 pedestrian_0018
Pedestrian 1.00 1.00 6 7 11 59 0 0 0 0 -1000.00 -1000.00 -1000.00 -1000.00 1.9158 0.4880 0.6902 52.5320 2.3793 26.0312 0.0415 0.0107 0.0025 313 pedestrian_0022
Pedestrian 1.00 1.00 0 0 0 0 0 0 0 0 -1000.00 -1000.00 -1000.00 -1000.00 1.9158 0.4880 0.3891 51.9137 0.4171 -156.4538 -0.0111 0.0107 0.0025 314 pedestrian_0005
Pedestrian 1.00 1.00 0 0 0 0 0 0 0 0 -1000.00 -1000.00 -1000.00 -1000.00 1.9158 0.4880 0.7507 98.0451 1.5764 -58.9767 -2.9238 0.0107 0.0025 315 pedestrian_0018
Pedestrian 0.00 1.00 0 0 0 0 0 0 0 0 920.38 358.27 921.88 362.20 1.9158 0.4880 0.7104 -272.3176 1.0712 -21.2740 1.6257 0.0107 0.0025 316 pedestrian_0024
Pedestrian 0.00 1.00 0 0 0 0 0 0 0 0 536.00 354.05 539.10 359.80 1.9158 0.4880 0.6456 -186.8188 -0.0728 -143.8556 -1.4700 0.0107 0.0025 317 pedestrian_0002
Pedestrian 1.00 1.00 0 0 0 0 0 0 0 0 -1000.00 -1000.00 -1000.00 -1000.00 1.3390 0.3253 0.3377 -80.0602 0.1476 -150.6102 1.4685 0.0107 0.0025 318 pedestrian_0013
Pedestrian 1.00 1.00 0 0 0 0 0 0 0 0 -1000.00 -1000.00 -1000.00 -1000.00 1.9158 0.4880 0.7507 140.7522 0.8457 -151.0898 1.6455 0.0107 0.0025 319 pedestrian_0018
Pedestrian 1.00 1.00 0 0 0 0 0 0 0 0 -1000.00 -1000.00 -1000.00 -1000.00 1.9158 0.4880 0.6840 48.0696 -0.2063 -222.6604 -0.0239 0.0107 0.0025 320 pedestrian_0006
Pedestrian 0.00 1.00 0 0 0 0 0 0 0 0 513.23 353.90 515.80 358.16 1.9158 0.4880 0.7507 -251.6637 -0.8353 -203.6919 1.7370 0.0107 0.0025 321 pedestrian_0021
Pedestrian 1.00 1.00 0 0 0 0 0 0 0 0 -1000.00 -1000.00 -1000.00 -1000.00 1.1330 0.4333 0.5534 93.0545 1.5218 -76.1431 1.4950 0.0107 0.0025 322 pedestrian_0010
Pedestrian 1.00 1.00 0 0 0 0 0 0 0 0 -1000.00 -1000.00 -1000.00 -1000.00 1.9158 0.4880 0.3754 143.2917 2.3771 10.2866 1.8697 0.0107 0.0025 323 pedestrian_0022
Pedestrian 1.00 1.00 0 0 0 0 0 0 0 0 -1000.00 -1000.00 -1000.00 -1000.00 1.9158 0.4880 0.6590 15.5364 1.2806 -67.7159 0.1289 0.0107 0.0025 324 pedestrian_0015
Pedestrian 0.00 0.30 7 7 8 33 0 1 0 0 1086.90 360.28 1093.34 377.95 1.9158 0.4880 0.6321 -61.5773 1.9494 11.9622 0.0980 0.0107 0.0025 325 pedestrian_0005
Pedestrian 1.00 1.00 0 0 0 0 0 0 0 0 -1000.00 -1000.00 -1000.00 -1000.00 1.9158 0.4880 0.6192 213.9313 -8.7718 -118.1185 -1.4539 0.0107 0.0025 326 pedestrian_0006
Pedestrian 0.00 1.00 0 0 0 0 0 0 0 0 262.50 352.40 270.09 365.80 1.9158 0.4880 0.4923 -80.7483 0.8278 -102.0147 3.0035 0.0107 0.0025 327 pedestrian_0002
Pedestrian 0.00 1.00 0 0 0 0 0 0 0 0 187.74 351.76 198.58 366.91 1.9158 0.4880 0.6673 -71.6286 0.8728 -99.9140 -2.8793 0.0107 0.0025 328 pedestrian_0015
Pedestrian 0.00 1.00 0 0 0 0 0 0 0 0 1802.84 367.86 1813.67 380.53 1.9158 0.4880 0.7507 -85.9882 3.1290 127.7583 -3.0587 0.0107 0.0025 329 pedestrian_0005
Pedestrian 0.00 1.00 0 0 0 0 0 0 0 0 557.75 356.08 559.93 358.58 1.1330 0.4333 0.6667 -253.3545 -0.6485 -184.8683 1.6942 0.0107 0.0025 330 pedestrian_0010
Pedestrian 1.00 1.00 0 0 0 0 0 0 0 0 -1000.00 -1000.00 -1000.00 -1000.00 1.9158 0.4880 0.6752 62.5625 1.7088 -38.6137 -1.3854 0.0107 0.0025 331 pedestrian_0001
Pedestrian 0.00 1.00 1 0 0 0 0 0 0 0 851.89 357.64 855.23 369.37 1.9158 0.4880 0.3843 -92.0481 1.5313 -19.7297 -1.6892 0.0107 0.0025 332 pedestrian_0017
Pedestrian 1.00 1.00 0 0 0 0 0 0 0 0 -1000.00 -1000.00 -1000.00 -1000.00 1.9158 0.4880 0.5970 79.1447 1.4052 -84.8780 -0.1295 0.0107 0.0025 333 pedestrian_0023
Pedestrian 0.00 1.00 0 0 0 0 0 0 0 0 1231.43 364.07 1233.77 370.08 1.3390 0.3253 0.3931 -125.1387 2.2528 58.7908 -0.0279 0.0107 0.0025 334 pedestrian_0013
Pedestrian 1.00 1.00 16 19 30 1207 0 0 3 0 -1000.00 -1000.00 -1000.00 -1000.00 1.9158 0.4880 0.7507 22.5627 2.2644 22.2829 0.2264 0.0107 0.0025 335 pedestrian_0019
Pedestrian 0.00 1.00 0 0 0 0 0 0 0 0 1291.64 362.17 1295.36 372.63 1.9158 0.4880 0.3754 -103.0213 2.3175 59.1159 -0.2708 0.0107 0.0025 336 pedestrian_0017
Pedestrian 0.00 1.00 0 0 0 0 0 0 0 0 219.90 350.76 222.40 355.83 1.9158 0.4880 0.5504 -211.4907 -1.5874 -282.7930 2.4752 0.0107 0.0025 337 pedestrian_0025
Pedestrian 1.00 1.00 0 0 0 0 0 0 0 0 -1000.00 -1000.00 -1000.00 -1000.00 1.9158 0.4880 0.7507 128.2602 -10.7641 -282.1552 0.1996 0.0107 0.0025 338 pedestrian_0006
Pedestrian 1.00 1.00 0 0 0 0 0 0 0 0 -1000.00 -1000.00 -1000.00 -1000.00 1.1330 0.4333 0.5839 141.3127 -10.2735 -238.8771 0.4883 0.0107 0.0025 339 pedestrian_0011
Pedestrian 1.00 1.00 0 0 0 0 0 0 0 0 -1000.00 -1000.00 -1000.00 -1000.00 1.1330 0.4333 0.5394 141.2132 0.8753 -128.1165 -1.6122 0.0107 0.0025 340 pedestrian_0011
Pedestrian 1.00 1.00 0 0 0 0 0 0 0 0 -1000.00 -1000.00 -1000.00 -1000.00 1.3390 0.3253 0.3150 194.4984 0.9398 -139.8417 -2.9881 0.0107 0.0025 341 pedestrian_0013
Pedestrian 1.00 1.00 0 0 0 0 0 0 0 0 -1000.00 -1000.00 -1000.00 -1000.00 1.9158 0.4880 0.7507 226.7548 2.3915 -12.7345 1.6876 0.0107 0.0025 342 pedestrian_0007
Pedestrian 1.00 1.00 0 0 0 0 2 0 0 0 -1000.00 -1000.00 -1000.00 -1000.00 1.9158 0.4880 0.3801 3.2147 0.2428 -156.2986 1.7091 0.0107 0.0025 343 pedestrian_0021
Pedestrian 1.00 1.00 0 0 0 0 0 0 0 0 -1000.00 -1000.00 -1000.00 -1000.00 1.1330 0.4333 0.5824 195.7731 -10.1422 -239.9489 -2.2203 0.0107 0.0025 344 pedestrian_0010
Pedestrian 1.00 1.00 2 2 2 18 18 0 0 0 -1000.00 -1000.00 -1000.00 -1000.00 1.9158 0.4880 0.3760 -0.8662 1.2249 -80.6230 -2.0759 0.0107 0.0025 345 pedestrian_0021
Pedestrian 1.00 1.00 0 0 0 0 0 0 0 0 -1000.00 -1000.00 -1000.00 -1000.00 1.3390 0.3253 0.3062 56.0858 2.4647 19.8451 -1.0215 0.0107 0.0025 346 pedestrian_0014
Pedestrian 1.00 1.00 0 0 0 1 1 0 0 0 -1000.00 -1000.00 -1000.00 -1000.00 1.9158 0.4880 0.5505 1.3337 0.2318 -162.0295 -1.4700 0.0107 0.0025 347 pedestrian_0023
Pedestrian 0.00 1.00 0 0 0 0 0 0 0 0 682.30 355.62 684.69 360.82 1.9158 0.4880 0.6364 -206.1214 0.3013 -104.5588 1.6285 0.0107 0.0025 348 pedestrian_0008
Pedestrian 0.00 1.00 0 0 0 0 0 0 0 0 867.08 357.69 868.71 361.67 1.9158 0.4880 0.7507 -269.8734 0.8018 -46.9281 -1.3994 0.0107 0.0025 349 pedestrian_0006
Pedestrian 1.00 1.00 0 0 0 0 0 0 0 0 -1000.00 -1000.00 -1000.00 -1000.00 1.9158 0.4880 0.6806 72.6831 -0.3019 -223.0011 0.1051 0.0107 0.0025 350 pedestrian_0022
Pedestrian 1.00 1.00 0 2 2 0 0 0 0 0 -1000.00 -1000.00 -1000.00 -1000.00 1.9158 0.4880 0.6077 12.7697 0.2324 -176.4446 -2.3942 0.0107 0.0025 351 pedestrian_0023
Pedestrian 1.00 1.00 2 2 1 16 2 0 0 0 -1000.00 -1000.00 -1000.00 -1000.00 1.9158 0.4880 0.3780 8.9755 1.0983 -92.2165 2.9878 0.0107 0.0025 352 pedestrian_0006
Pedestrian 0.00 1.00 0 0 0 0 0 0 0 0 249.72 352.28 257.39 365.83 1.9158 0.4880 0.5669 -79.8052 0.8234 -102.6457 -2.6115 0.0107 0.0025 353 pedestrian_0024
Pedestrian 0.00 1.00 0 0 0 0 0 0 0 0 1361.82 365.61 1365.12 369.43 1.1330 0.4333 0.6667 -167.2032 2.8203 118.7165 0.2828 0.0107 0.0025 354 pedestrian_0011
Pedestrian 0.00 0.92 5 7 7 36 0 1 0 0 1066.33 360.01 1071.11 375.74 1.9158 0.4880 0.4587 -68.9778 1.9202 11.0756 3.1063 0.0107 0.0025 355 pedestrian_0017
Pedestrian 1.00 1.00 0 0 0 0 0 0 0 0 -1000.00 -1000.00 -1000.00 -1000.00 1.3390 0.3253 0.3297 178.4002 -8.9069 -121.6447 -1.4111 0.0107 0.0025 356 pedestrian_0012
Pedestrian 0.00 1.00 0 0 0 0 0 0 0 0 121.38 349.71 123.92 355.20 1.9158 0.4880 0.4546 -195.0582 -1.6820 -295.3692 2.4965 0.0107 0.0025 357 pedestrian_0020
Pedestrian 1.00 1.00 0 0 0 0 0 0 0 0 -1000.00 -1000.00 -1000.00 -1000.00 1.9158 0.4880 0.4734 46.8904 -0.3737 -223.9682 -1.1473 0.0107 0.0025 358 pedestrian_0017
Pedestrian 0.00 1.00 0 0 0 0 0 0 0 0 1036.59 360.53 1040.56 372.05 1.9158 0.4880 0.4373 -93.7080 2.0084 10.8861 -2.8021 0.0107 0.0025 359 pedestrian_0025
Pedestrian 1.00 1.00 0 0 0 0 0 0 0 0 -1000.00 -1000.00 -1000.00 -1000.00 1.3390 0.3253 0.4279 -133.1731 -1.7049 -310.9735 3.1345 0.0107 0.0025 360 pedestrian_0013
Pedestrian 0.00 1.00 0 0 0 0 0 0 0 0 498.40 355.01 500.15 358.00 1.3390 0.3253 0.5005 -250.3268 -0.9036 -209.4672 1.7087 0.0107 0.0025 361 pedestrian_0013
Pedestrian 1.00 1.00 1 0 0 5 10 0 0 0 -1000.00 -1000.00 -1000.00 -1000.00 1.3390 0.3253 0.2555 -0.3740 1.2125 -81.1194 -2.2967 0.0107 0.0025 362 pedestrian_0013
Pedestrian 0.00 1.00 0 0 0 0 0 0 0 0 1275.67 367.05 1279.14 373.30 1.1330 0.4333 0.3388 -102.5942 2.4300 55.9120 -1.3840 0.0107 0.0025 363 pedestrian_0011
Pedestrian 1.00 1.00 2 2 2 6 1 0 0 0 -1000.00 -1000.00 -1000.00 -1000.00 1.3390 0.3253 0.4096 17.6910 0.7686 -110.1797 1.6084 0.0107 0.0025 364 pedestrian_0012
Pedestrian 1.00 1.00 0 0 0 0 0 0 0 0 -1000.00 -1000.00 -1000.00 -1000.00 1.9158 0.4880 0.5299 159.1513 1.7670 -69.5088 0.1970 0.0107 0.0025 365 pedestrian_0023
Pedestrian 0.00 0.99 0 0 0 3 0 0 0 0 1118.71 360.49 1122.83 371.46 1.9158 0.4880 0.5395 -98.4373 2.0051 25.9994 -1.5169 0.0107 0.0025 366 pedestrian_0005
Pedestrian 0.00 1.00 0 0 0 0 0 0 0 0 833.98 357.25 835.82 362.30 1.9158 0.4880 0.6294 -212.1880 0.8732 -49.9059 1.8776 0.0107 0.0025 367 pedestrian_0021
Pedestrian 0.00 1.00 0 0 0 0 0 0 0 0 505.23 358.41 509.72 365.01 1.1330 0.4333 0.4048 -96.7052 0.8617 -80.3577 0.0455 0.0107 0.0025 368 pedestrian_0010
Pedestrian 1.00 1.00 0 0 0 0 0 0 0 0 -1000.00 -1000.00 -1000.00 -1000.00 1.9158 0.4880 0.6470 45.3584 -0.3697 -223.0565 2.9799 0.0107 0.0025 369 pedestrian_0020
Pedestrian 1.00 1.00 1 0 0 8 0 0 0 0 -1000.00 -1000.00 -1000.00 -1000.00 1.3390 0.3253 0.2573 7.2718 1.1835 -85.5488 2.6959 0.0107 0.0025 370 pedestrian_0012
Pedestrian 1.00 1.00 0 0 0 0 0 0 0 0 -1000.00 -1000.00 -1000.00 -1000.00 1.9158 0.4880 0.6446 74.4465 0.5049 -153.4450 -2.8400 0.0107 0.0025 371 pedestrian_0015
Pedestrian 0.00 0.94 4 3 7 30 0 1 0 0 1062.89 359.97 1067.23 375.87 1.9158 0.4880 0.4132 -68.2357 1.9144 10.4870 2.9747 0.0107 0.0025 372 pedestrian_0007
Pedestrian 0.00 1.00 0 0 0 0 0 0 0 0 744.62 356.39 746.19 360.45 1.9158 0.4880 0.6304 -263.5681 0.2077 -103.8941 1.8389 0.0107 0.0025 373 pedestrian_0008
Pedestrian 1.00 1.00 0 0 0 0 0 0 0 0 -1000.00 -1000.00 -1000.00 -1000.00 1.9158 0.4880 0.6185 -25.5750 1.1097 -74.0863 -3.0102 0.0107 0.0025 374 pedestrian_0020
Pedestrian 1.00 1.00 0 0 0 0 0 0 0 0 -1000.00 -1000.00 -1000.00 -1000.00 1.9158 0.4880 0.5527 47.9570 0.1954 -176.1995 0.1334 0.0107 0.0025 375 pedestrian_0015
Pedestrian 1.00 1.00 0 0 0 0 0 0 0 0 -1000.00 -1000.00 -1000.00 -1000.00 1.3390 0.3253 0.3301 -9.7467 1.2369 -79.4050 1.5407 0.0107 0.0025 376 pedestrian_0012
Pedestrian 1.00 1.00 0 0 0 0 0 0 0 0 -1000.00 -1000.00 -1000.00 -1000.00 1.9158 0.4880 0.4386 136.0547 0.5067 -167.1718 -2.9025 0.0107 0.0025 377 pedestrian_0017
Pedestrian 1.00 1.00 0 0 0 0 0 0 0 0 -1000.00 -1000.00 -1000.00 -1000.00 1.9158 0.4880 0.7507 17.0347 1.3567 -56.4720 -1.6105 0.0107 0.0025 378 pedestrian_0025
Pedestrian 0.00 0.98 1 3 5 10 0 0 0 0 1055.49 365.78 1059.52 374.52 1.1330 0.4333 0.3387 -73.5866 1.8927 10.5168 -0.4401 0.0107 0.0025 379 pedestrian_0009
Pedestrian 1.00 1.00 0 0 0 0 0 0 0 0 -1000.00 -1000.00 -1000.00 -1000.00 1.9158 0.4880 0.6283 50.9665 1.8547 -21.4032 0.6143 0.0107 0.0025 380 pedestrian_0002
Pedestrian 1.00 1.00 0 0 0 0 0 0 0 0 -1000.00 -1000.00 -1000.00 -1000.00 1.3390 0.3253 0.3938 -141.2551 -1.7219 -310.6339 3.0496 0.0107 0.0025 381 pedestrian_0013
Pedestrian 1.00 1.00 0 0 0 0 0 0 0 0 -1000.00 -1000.00 -1000.00 -1000.00 1.3390 0.3253 0.4924 78.5576 0.4885 -169.3212 1.7099 0.0107 0.0025 382 pedestrian_0012
Pedestrian 0.00 1.00 0 0 0 0 0 0 0 0 381.77 359.79 389.85 368.62 1.1330 0.4333 0.6035 -72.8073 1.1090 -76.5968 -3.0395 0.0107 0.0025 383 pedestrian_0010
Pedestrian 1.00 1.00 0 0 0 0 0 0 0 0 -1000.00 -1000.00 -1000.00 -1000.00 1.3390 0.3253 0.5005 -151.2394 -1.7430 -310.3067 -3.1168 0.0107 0.0025 384 pedestrian_0013
Pedestrian 0.00 1.00 0 0 0 0 0 0 0 0 902.28 358.00 904.48 363.43 1.9158 0.4880 0.7507 -197.5444 1.2106 -22.3286 -1.4661 0.0107 0.0025 385 pedestrian_0015
Pedestrian 1.00 1.00 0 0 0 0 0 0 0 0 -1000.00 -1000.00 -1000.00 -1000.00 1.9158 0.4880 0.7507 60.8931 1.2265 -83.1402 0.0883 0.0107 0.0025 386 pedestrian_0018
Pedestrian 1.00 1.00 0 0 0 0 0 0 0 0 -1000.00 -1000.00 -1000.00 -1000.00 1.3390 0.3253 0.4769 -134.8853 -1.7171 -311.4785 -3.1117 0.0107 0.0025 387 pedestrian_0013
Pedestrian 1.00 1.00 0 0 0 0 0 0 0 0 -1000.00 -1000.00 -1000.00 -1000.00 1.9158 0.4880 0.7507 164.1288 0.4289 -175.9015 -1.5475 0.0107 0.0025 388 pedestrian_0022
Pedestrian 0.00 1.00 0 0 0 0 0 0 0 0 1107.02 360.28 1109.00 364.48 1.9158 0.4880 0.7382 -254.5276 2.0463 65.4448 0.9560 0.0107 0.0025 389 pedestrian_0003
Pedestrian 0.00 1.00 0 0 0 0 0 0 0 0 517.66 353.95 520.23 358.21 1.9158 0.4880 0.7507 -251.2988 -0.8098 -201.3986 1.6701 0.0107 0.0025 390 pedestrian_0021
Pedestrian 0.00 0.99 0 0 0 3 0 0 0 0 1164.81 360.99 1170.34 371.94 1.9158 0.4880 0.7507 -98.7295 2.0955 34.3341 -1.4683 0.0107 0.0025 391 pedestrian_0016
Pedestrian 0.00 1.00 0 0 0 0 0 0 0 0 483.41 353.58 486.06 357.88 1.9158 0.4880 0.7507 -249.4700 -0.9541 -215.2753 1.7811 0.0107 0.0025 392 pedestrian_0005
Pedestrian 1.00 1.00 0 0 0 0 0 0 0 0 -1000.00 -1000.00 -1000.00 -1000.00 1.9158 0.4880 0.4774 174.6169 -9.8115 -205.6657 -2.1422 0.0107 0.0025 393 pedestrian_0026
Pedestrian 1.00 1.00 2 3 6 27 0 0 0 0 -1000.00 -1000.00 -1000.00 -1000.00 1.9158 0.4880 0.3976 3.2311 1.2509 -78.9331 -2.1451 0.0107 0.0025 394 pedestrian_0022
Pedestrian 1.00 1.00 0 0 0 0 0 0 0 0 -1000.00 -1000.00 -1000.00 -1000.00 1.1330 0.4333 0.6667 48.5848 -5.0697 104.9532 0.1257 0.0107 0.0025 395 pedestrian_0010
Pedestrian 0.00 0.98 1 4 5 11 0 0 0 0 1061.14 359.95 1066.34 375.28 1.9158 0.4880 0.3860 -70.6723 1.9129 10.7820 -2.5697 0.0107 0.0025 396 pedestrian_0006
Pedestrian 1.00 1.00 0 0 0 0 0 0 0 0 -1000.00 -1000.00 -1000.00 -1000.00 1.3390 0.3253 0.3300 -74.3197 -0.2911 -192.6868 1.6754 0.0107 0.0025 397 pedestrian_0012
Pedestrian 1.00 1.00 0 0 0 0 0 0 0 0 -1000.00 -1000.00 -1000.00 -1000.00 1.1330 0.4333 0.3595 3.9323 0.0230 -181.1084 2.5435 0.0107 0.0025 398 pedestrian_0010
Pedestrian 0.00 1.00 0 0 0 0 0 0 0 0 1277.32 362.02 1282.39 371.96 1.9158 0.4880 0.7507 -108.6229 2.3113 59.8376 0.1064 0.0107 0.0025 399 pedestrian_0007
Pedestrian 1.00 1.00 0 0 0 0 0 0 0 0 -1000.00 -1000.00 -1000.00 -1000.00 1.9158 0.4880 0.6437 209.7475 -8.3824 -80.9014 -1.4656 0.0107 0.0025 400 pedestrian_0001
Pedestrian 0.00 1.00 0 0 0 0 0 0 0 0 159.43 351.51 171.60 367.19 1.9158 0.4880 0.7507 -69.2906 0.8768 -100.0831 -2.8494 0.0107 0.0025 401 pedestrian_0016
Pedestrian 0.00 1.00 0 0 0 0 0 0 0 0 747.39 356.41 748.90 360.48 1.9158 0.4880 0.5488 -263.1578 0.2221 -102.4466 -1.4281 0.0107 0.0025 402 pedestrian_0021
Pedestrian 1.00 1.00 0 0 0 0 0 0 0 0 -1000.00 -1000.00 -1000.00 -1000.00 1.9158 0.4880 0.4342 161.5699 1.8043 -52.2296 0.1329 0.0107 0.0025 403 pedestrian_0006
Pedestrian 0.00 1.00 0 0 0 38 0 0 0 0 1295.69 362.28 1299.71 372.76 1.9158 0.4880 0.4286 -102.8726 2.3367 59.7981 -0.1527 0.0107 0.0025 404 pedestrian_0023
Pedestrian 1.00 1.00 0 0 0 0 0 0 0 0 -1000.00 -1000.00 -1000.00 -1000.00 1.1330 0.4333 0.5898 69.0833 -0.3192 -222.7271 -3.0195 0.0107 0.0025 405 pedestrian_0011
Pedestrian 1.00 1.00 0 0 0 11 0 0 0 0 -1000.00 -1000.00 -1000.00 -1000.00 1.9158 0.4880 0.5449 14.3447 1.2267 -86.4323 -1.3095 0.0107 0.0025 406 pedestrian_0004
Pedestrian 1.00 1.00 0 0 0 2 0 0 0 0 -1000.00 -1000.00 -1000.00 -1000.00 1.9158 0.4880 0.5028 16.0294 0.2264 -177.0411 -2.8518 0.0107 0.0025 407 pedestrian_0026
Pedestrian 1.00 1.00 0 0 0 0 0 0 0 0 -1000.00 -1000.00 -1000.00 -1000.00 1.3390 0.3253 0.3767 155.5975 1.2744 -94.5068 -1.4658 0.0107 0.0025 408 pedestrian_0013
Pedestrian 1.00 1.00 0 0 0 0 0 0 0 0 -1000.00 -1000.00 -1000.00 -1000.00 1.1330 0.4333 0.5703 -75.4926 -0.0418 -183.1378 1.6055 0.0107 0.0025 409 pedestrian_0010
Pedestrian 1.00 1.00 0 0 0 0 0 0 0 0 -1000.00 -1000.00 -1000.00 -1000.00 1.9158 0.4880 0.5360 145.4723 2.2329 -3.6339 -1.4953 0.0107 0.0025 410 pedestrian_0020
Pedestrian 0.00 1.00 0 0 0 0 0 0 0 0 175.11 350.18 179.73 356.58 1.9158 0.4880 0.7333 -167.9724 -1.0342 -237.9525 2.6693 0.0107 0.0025 411 pedestrian_0025
Pedestrian 1.00 1.00 8 13 19 180 0 0 2 0 -1000.00 -1000.00 -1000.00 -1000.00 1.1330 0.4333 0.3762 5.1493 2.2101 22.4890 -3.0327 0.0107 0.0025 412 pedestrian_0010
Pedestrian 1.00 1.00 0 0 0 0 0 0 0 0 -1000.00 -1000.00 -1000.00 -1000.00 1.9158 0.4880 0.7507 37.6312 1.3663 -64.7980 -3.0174 0.0107 0.0025 413 pedestrian_0015
Pedestrian 1.00 1.00 0 0 0 0 0 0 0 0 -1000.00 -1000.00 -1000.00 -1000.00 1.1330 0.4333 0.6667 86.6549 1.8850 -26.6629 1.8519 0.0107 0.0025 414 pedestrian_0011
Pedestrian 1.00 1.00 133 132 202 5311 0 0 22 0 -1000.00 -1000.00 -1000.00 -1000.00 1.9158 0.4880 0.6108 6.9191 2.2294 8.4615 1.4194 0.0107 0.0025 415 pedestrian_0025
Pedestrian 1.00 1.00 0 0 0 0 0 0 0 0 -1000.00 -1000.00 -1000.00 -1000.00 1.1330 0.4333 0.3385 118.0384 -5.8092 101.0492 2.4130 0.0107 0.0025 416 pedestrian_0009
Pedestrian 1.00 1.00 0 0 0 0 0 0 0 0 -1000.00 -1000.00 -1000.00 -1000.00 1.9158 0.4880 0.5029 121.0696 -5.8589 99.1297 2.7435 0.0107 0.0025 417 pedestrian_0026
Pedestrian 0.00 1.00 0 0 0 0 0 0 0 0 639.95 355.26 641.88 359.42 1.9158 0.4880 0.6258 -257.6508 -0.2732 -149.9809 1.7320 0.0107 0.0025 418 pedestrian_0019
Pedestrian 1.00 1.00 0 0 0 0 0 0 0 0 -1000.00 -1000.00 -1000.00 -1000.00 1.9158 0.4880 0.7507 29.9620 0.3387 -158.7264 -2.9666 0.0107 0.0025 419 pedestrian_0018
Pedestrian 1.00 1.00 0 0 0 0 0 0 0 0 -1000.00 -1000.00 -1000.00 -1000.00 1.9158 0.4880 0.6880 -158.6661 -1.7409 -309.2024 2.9726 0.0107 0.0025 420 pedestrian_0026
Pedestrian 1.00 1.00 0 0 0 0 0 0 0 0 -1000.00 -1000.00 -1000.00 -1000.00 1.9158 0.4880 0.7507 131.4512 1.7359 -46.7063 1.7245 0.0107 0.0025 421 pedestrian_0005
Pedestrian 1.00 1.00 0 0 0 0 0 0 0 0 -1000.00 -1000.00 -1000.00 -1000.00 1.9158 0.4880 0.7502 111.9425 0.4187 -170.0575 0.2117 0.0107 0.0025 422 pedestrian_0021
Pedestrian 1.00 1.00 0 0 0 0 0 0 0 0 -1000.00 -1000.00 -1000.00 -1000.00 1.9158 0.4880 0.6696 226.0931 0.9756 -144.3423 0.8658 0.0107 0.0025 423 pedestrian_0025
Pedestrian 1.00 1.00 0 0 0 0 0 0 0 0 -1000.00 -1000.00 -1000.00 -1000.00 1.9158 0.4880 0.3951 129.8337 1.7708 -43.1337 1.4314 0.0107 0.0025 424 pedestrian_0008
Pedestrian 1.00 1.00 0 0 0 0 0 0 0 0 -1000.00 -1000.00 -1000.00 -1000.00 1.9158 0.4880 0.4746 58.7179 2.0621 -4.8499 -1.4226 0.0107 0.0025 425 pedestrian_0018
Pedestrian 0.00 1.00 0 0 0 0 0 0 0 0 528.63 353.97 531.86 359.35 1.9158 0.4880 0.7507 -199.7279 -0.2389 -156.3137 -1.4492 0.0107 0.0025 426 pedestrian_0020
Pedestrian 0.00 1.00 0 0 0 0 0 0 0 0 576.28 356.65 578.29 361.45 1.3390 0.3253 0.3244 -156.0257 0.4040 -109.2669 1.5168 0.0107 0.0025 427 pedestrian_0012
Pedestrian 1.00 1.00 0 0 0 0 0 0 0 0 -1000.00 -1000.00 -1000.00 -1000.00 1.1330 0.4333 0.4464 139.9549 0.7152 -161.9977 -0.9316 0.0107 0.0025 428 pedestrian_0011
Pedestrian 0.00 1.00 0 0 0 0 0 0 0 0 450.84 353.27 454.59 360.36 1.9158 0.4880 0.5707 -151.5090 0.0939 -139.9693 1.7682 0.0107 0.0025 429 pedestrian_0006
Pedestrian 1.00 1.00 0 0 0 0 0 0 0 0 -1000.00 -1000.00 -1000.00 -1000.00 1.9158 0.4880 0.6322 207.1660 1.9728 -47.1529 0.1159 0.0107 0.0025 430 pedestrian_0021
Pedestrian 0.00 1.00 0 0 0 0 0 0 0 0 514.26 353.82 516.40 359.62 1.9158 0.4880 0.4403 -184.7980 -0.1287 -149.6823 -1.1052 0.0107 0.0025 431 pedestrian_0026
Pedestrian 1.00 1.00 0 0 0 0 0 0 0 0 -1000.00 -1000.00 -1000.00 -1000.00 1.9158 0.4880 0.6498 164.8241 -7.6332 -1.2128 -1.4934 0.0107 0.0025 432 pedestrian_0026
Pedestrian 1.00 1.00 0 0 0 2 0 0 0 0 -1000.00 -1000.00 -1000.00 -1000.00 1.9158 0.4880 0.4919 -23.3479 0.4207 -136.1034 0.0791 0.0107 0.0025 433 pedestrian_0002
Pedestrian 1.00 1.00 0 0 0 0 0 0 0 0 -1000.00 -1000.00 -1000.00 -1000.00 1.9158 0.4880 0.6473 19.1289 0.2182 -177.5985 3.0137 0.0107 0.0025 434 pedestrian_0001
Pedestrian 1.00 1.00 0 0 0 0 0 0 0 0 -1000.00 -1000.00 -1000.00 -1000.00 1.9158 0.4880 0.6120 218.3370 -9.1681 -155.6938 1.7002 0.0107 0.0025 435 pedestrian_0022
Pedestrian 1.00 1.00 0 0 0 0 0 0 0 0 -1000.00 -1000.00 -1000.00 -1000.00 1.9158 0.4880 0.5163 66.5170 1.5275 -56.3996 -1.4274 0.0107 0.0025 436 pedestrian_0005
Pedestrian 0.00 1.00 0 0 0 0 0 0 0 0 659.38 357.57 661.40 361.55 1.3390 0.3253 0.5005 -188.5179 0.5207 -103.5906 1.6247 0.0107 0.0025 437 pedestrian_0013
Pedestrian 0.00 1.00 0 0 0 0 0 0 0 0 367.67 354.16 370.34 356.86 1.1330 0.4333 0.6667 -235.8390 -1.3333 -252.6164 -1.0388 0.0107 0.0025 438 pedestrian_0011
Pedestrian 0.00 1.00 0 0 0 0 0 0 0 0 1165.19 360.83 1168.50 367.94 1.9158 0.4880 0.7507 -150.9865 2.1421 53.7114 0.2303 0.0107 0.0025 439 pedestrian_0006
Pedestrian 1.00 1.00 0 0 0 0 0 0 0 0 -1000.00 -1000.00 -1000.00 -1000.00 1.3390 0.3253 0.4934 91.7028 -5.0052 144.7520 3.0317 0.0107 0.0025 440 pedestrian_0014
Pedestrian 0.00 1.00 0 0 0 0 0 0 0 0 716.07 356.18 720.35 367.99 1.9158 0.4880 0.5004 -91.5140 1.2970 -41.7223 -1.4420 0.0107 0.0025 441 pedestrian_0025
Pedestrian 0.00 1.00 0 0 0 0 0 0 0 0 1035.81 359.51 1036.94 363.49 1.9158 0.4880 0.4930 -268.9839 1.6803 34.6698 -1.7544 0.0107 0.0025 442 pedestrian_0003
Pedestrian 1.00 1.00 3 3 5 12 0 0 0 1 -1000.00 -1000.00 -1000.00 -1000.00 1.9158 0.4880 0.7507 98.9452 2.5293 29.6615 -2.9647 0.0107 0.0025 443 pedestrian_0024
Pedestrian 1.00 1.00 0 0 0 0 0 0 0 0 -1000.00 -1000.00 -1000.00 -1000.00 1.9158 0.4880 0.5160 26.7419 1.1037 -86.6837 0.1147 0.0107 0.0025 444 pedestrian_0007
Pedestrian 0.00 1.00 0 0 0 0 0 0 0 0 483.08 353.69 488.37 365.57 1.9158 0.4880 0.4044 -90.8408 0.8983 -79.0978 0.0442 0.0107 0.0025 445 pedestrian_0023
Pedestrian 0.00 1.00 0 0 0 0 0 0 0 0 1112.54 360.33 1114.18 364.57 1.9158 0.4880 0.5585 -253.0790 2.0718 67.4859 -2.1957 0.0107 0.0025 446 pedestrian_0026
Pedestrian 1.00 1.00 0 0 0 0 0 0 0 0 -1000.00 -1000.00 -1000.00 -1000.00 1.1330 0.4333 0.4189 178.6779 -8.9620 -126.5545 1.8074 0.0107 0.0025 447 pedestrian_0009
Pedestrian 1.00 1.00 0 0 0 0 0 0 0 0 -1000.00 -1000.00 -1000.00 -1000.00 1.9158 0.4880 0.7507 82.2203 -10.5525 -251.2564 0.1163 0.0107 0.0025 448 pedestrian_0015
Pedestrian 1.00 1.00 0 0 0 0 0 0 0 0 -1000.00 -1000.00 -1000.00 -1000.00 1.9158 0.4880 0.3809 157.2035 1.5919 -71.1757 -1.4962 0.0107 0.0025 449 pedestrian_0017
Pedestrian 1.00 1.00 0 0 0 0 0 0 0 0 -1000.00 -1000.00 -1000.00 -1000.00 1.9158 0.4880 0.6412 61.8438 1.7108 -38.0776 1.6801 0.0107 0.0025 450 pedestrian_0023
Pedestrian 0.00 1.00 0 0 0 0 0 0 0 0 1043.42 359.69 1047.09 371.02 1.9158 0.4880 0.3754 -95.1763 1.8665 12.2279 -1.0883 0.0107 0.0025 451 pedestrian_0001
Pedestrian 0.00 1.00 0 0 0 0 0 0 0 0 559.15 354.30 562.25 359.62 1.9158 0.4880 0.7456 -201.7050 -0.1418 -146.8197 -1.4423 0.0107 0.0025 452 pedestrian_0017
Pedestrian 0.00 1.00 0 0 0 0 0 0 0 0 608.54 358.24 611.93 363.03 1.1330 0.4333 0.6316 -132.9149 0.7160 -85.4685 -3.0491 0.0107 0.0025 453 pedestrian_0011
Pedestrian 1.00 1.00 0 0 0 0 0 0 0 0 -1000.00 -1000.00 -1000.00 -1000.00 1.9158 0.4880 0.4171 -164.7531 -1.7302 -307.0306 -0.2907 0.0107 0.0025 454 pedestrian_0018
Pedestrian 1.00 1.00 0 0 0 0 0 0 0 0 -1000.00 -1000.00 -1000.00 -1000.00 1.9158 0.4880 0.6505 132.4676 1.7124 -49.1281 1.8002 0.0107 0.0025 455 pedestrian_0021
Pedestrian 1.00 1.00 0 0 0 0 0 0 0 0 -1000.00 -1000.00 -1000.00 -1000.00 1.9158 0.4880 0.4697 163.3249 1.8064 -52.7370 -3.0393 0.0107 0.0025 456 pedestrian_0007
Pedestrian 1.00 1.00 2 5 8 19 2 0 0 0 -1000.00 -1000.00 -1000.00 -1000.00 1.9158 0.4880 0.3831 6.8782 1.2031 -84.2322 3.0011 0.0107 0.0025 457 pedestrian_0021
Pedestrian 1.00 1.00 0 0 0 0 0 0 0 0 -1000.00 -1000.00 -1000.00 -1000.00 1.9158 0.4880 0.4476 117.4314 -5.7843 101.5019 -0.3252 0.0107 0.0025 458 pedestrian_0019
Pedestrian 0.00 1.00 0 0 0 0 0 0 0 0 1825.84 373.30 1834.39 381.05 1.1330 0.4333 0.5360 -83.4613 3.1184 127.1539 0.0556 0.0107 0.0025 459 pedestrian_0009
Pedestrian 0.00 1.00 0 0 0 0 0 0 0 0 1760.19 367.41 1768.58 379.47 1.9158 0.4880 0.5807 -89.8549 3.1087 126.6546 -0.0085 0.0107 0.0025 460 pedestrian_0004
Pedestrian 0.00 1.00 0 0 0 0 0 0 0 0 1097.23 363.46 1100.25 371.06 1.3390 0.3253 0.4030 -99.3134 1.9566 22.3525 -1.3826 0.0107 0.0025 461 pedestrian_0012
Pedestrian 0.00 1.00 0 0 0 0 0 0 0 0 502.98 353.90 509.34 366.35 1.9158 0.4880 0.5913 -86.8974 0.9775 -72.5579 -1.3220 0.0107 0.0025 462 pedestrian_0006
Pedestrian 0.00 1.00 0 0 0 0 0 0 0 0 228.68 358.54 238.38 369.57 1.1330 0.4333 0.4143 -58.3534 0.9849 -77.3738 0.1358 0.0107 0.0025 463 pedestrian_0009
Pedestrian 1.00 1.00 0 0 0 0 0 0 0 0 -1000.00 -1000.00 -1000.00 -1000.00 1.3390 0.3253 0.3623 81.3811 -0.1126 -220.7770 -1.8217 0.0107 0.0025 464 pedestrian_0014
Pedestrian 1.00 1.00 0 0 0 0 0 0 0 0 -1000.00 -1000.00 -1000.00 -1000.00 1.1330 0.4333 0.3681 -6.4199 -0.0027 -181.1537 0.0888 0.0107 0.0025 465 pedestrian_0010
Pedestrian 1.00 1.00 0 0 0 0 0 0 0 0 -1000.00 -1000.00 -1000.00 -1000.00 1.9158 0.4880 0.7460 39.6159 2.6792 59.2060 0.2355 0.0107 0.0025 466 pedestrian_0017
Pedestrian 0.00 1.00 0 0 0 0 0 0 0 0 1001.62 360.38 1006.23 374.25 1.9158 0.4880 0.4285 -78.0132 1.9715 3.8517 2.0491 0.0107 0.0025 467 pedestrian_0004
Pedestrian 0.00 0.95 2 1 5 9 0 0 0 0 885.08 359.70 900.49 404.18 1.9158 0.4880 0.5785 -22.7843 1.8603 -4.8992 -2.9387 0.0107 0.0025 468 pedestrian_0021
Pedestrian 1.00 1.00 0 0 0 0 0 0 0 0 -1000.00 -1000.00 -1000.00 -1000.00 1.3390 0.3253 0.3880 141.0572 0.8120 -134.1615 -1.5133 0.0107 0.0025 469 pedestrian_0013
Pedestrian 1.00 1.00 0 0 0 6 0 0 0 0 -1000.00 -1000.00 -1000.00 -1000.00 1.9158 0.4880 0.7507 157.9710 2.7366 35.2302 -3.0842 0.0107 0.0025 470 pedestrian_0001
Pedestrian 1.00 1.00 0 0 0 0 0 0 0 0 -1000.00 -1000.00 -1000.00 -1000.00 1.9158 0.4880 0.3754 92.1269 1.5551 -59.6761 -3.0252 0.0107 0.0025 471 pedestrian_0015
Pedestrian 0.00 1.00 0 0 0 0 0 0 0 0 1365.70 363.08 1369.44 369.61 1.9158 0.4880 0.7507 -165.1500 2.8346 118.4293 -3.0081 0.0107 0.0025 472 pedestrian_0024
Pedestrian 1.00 1.00 0 0 0 0 0 0 0 0 -1000.00 -1000.00 -1000.00 -1000.00 1.3390 0.3253 0.3157 -16.5050 -0.0371 -182.4696 0.1049 0.0107 0.0025 473 pedestrian_0013
Pedestrian 0.00 1.00 0 0 0 0 0 0 0 0 321.34 351.84 324.34 356.53 1.9158 0.4880 0.6897 -228.6926 -1.4275 -263.9552 2.1344 0.0107 0.0025 474 pedestrian_0018
Pedestrian 1.00 1.00 0 0 0 0 0 0 0 0 -1000.00 -1000.00 -1000.00 -1000.00 1.3390 0.3253 0.4943 -51.4478 -0.8481 -249.8452 -1.3745 0.0107 0.0025 475 pedestrian_0012
Pedestrian 1.00 1.00 245 278 459 5664 50 0 0 0 -1000.00 -1000.00 -1000.00 -1000.00 1.9158 0.4880 0.6484 4.4297 1.8147 -10.2730 -1.3324 0.0107 0.0025 476 pedestrian_0026
Pedestrian 1.00 1.00 0 0 0 0 0 0 0 0 -1000.00 -1000.00 -1000.00 -1000.00 1.9158 0.4880 0.5390 -136.0989 -1.7100 -311.4793 -3.0742 0.0107 0.0025 477 pedestrian_0016
Pedestrian 1.00 1.00 458 1533 2478 31399 0 0 0 274 -1000.00 -1000.00 -1000.00 -1000.00 1.9158 0.4880 0.4140 2.5031 2.0632 -0.8896 2.5263 0.0107 0.0025 478 pedestrian_0006
Pedestrian 0.00 1.00 0 0 0 0 0 0 0 0 268.03 351.28 270.25 356.14 1.9158 0.4880 0.4343 -220.1840 -1.5289 -275.4064 2.2161 0.0107 0.0025 479 pedestrian_0001
Pedestrian 1.00 1.00 0 0 0 0 0 0 0 0 -1000.00 -1000.00 -1000.00 -1000.00 1.9158 0.4880 0.4801 129.9861 1.8005 -40.3507 -1.6920 0.0107 0.0025 480 pedestrian_0021
Car 1.00 1.00 0 0 0 0 0 0 0 0 -1000.00 -1000.00 -1000.00 -1000.00 1.6980 1.9434 4.1871 31.1800 0.5467 -142.8974 -1.4600 0.0107 0.0025 481 citroen_c3
Car 1.00 1.00 0 0 0 0 0 0 0 0 -1000.00 -1000.00 -1000.00 -1000.00 1.9718 2.0005 4.0595 30.7316 0.6299 -131.8373 -1.4600 0.0107 0.0025 482 jeep_wrangler_rubicon
Car 1.00 1.00 0 0 0 0 0 0 0 0 -1000.00 -1000.00 -1000.00 -1000.00 1.9718 2.0005 4.0595 62.0510 0.6665 -138.8636 1.6815 0.0107 0.0025 483 jeep_wrangler_rubicon
Car 1.00 1.00 0 0 0 0 0 0 0 0 -1000.00 -1000.00 -1000.00 -1000.00 1.9718 2.0005 4.0595 27.8085 0.6192 -132.1623 -1.4600 0.0107 0.0025 484 jeep_wrangler_rubicon
Car 1.00 1.00 0 0 0 0 0 0 0 0 -1000.00 -1000.00 -1000.00 -1000.00 1.9718 2.0005 4.0595 -51.2156 0.5136 -127.8367 0.1108 0.0107 0.0025 485 nissan_patrol
Car 1.00 1.00 0 0 0 0 0 0 0 0 -1000.00 -1000.00 -1000.00 -1000.00 1.5488 2.0688 3.9961 -50.9102 0.5111 -130.7182 -3.0308 0.0107 0.0025 486 nissan_patrol
Car 1.00 1.00 0 0 0 0 0 0 0 0 -1000.00 -1000.00 -1000.00 -1000.00 1.4855 2.1349 -5.6254 -46.7012 0.7023 -110.3334 -3.0308 0.0107 0.0025 487 nissan_patrol
Car 1.00 1.00 0 0 0 0 0 0 0 0 -1000.00 -1000.00 -1000.00 -1000.00 1.6244 1.8781 -3.8906 -44.8325 0.5127 -127.1275 0.1107 0.0107 0.0025 488 nissan_patrol
Car 1.00 1.00 0 0 0 0 0 0 0 0 -1000.00 -1000.00 -1000.00 -1000.00 1.7506 2.3538 -4.8416 -29.9606 0.8911 -102.8197 0.1107 0.0107 0.0025 489 nissan_patrol
Car 1.00 1.00 9 6 13 74 2 0 0 0 -1000.00 -1000.00 -1000.00 -1000.00 1.9718 2.0005 -4.0595 -28.4186 0.6857 -117.0317 -3.0308 0.0107 0.0025 490 nissan_patrol
Car 1.00 1.00 0 0 0 0 0 0 0 0 -1000.00 -1000.00 -1000.00 -1000.00 1.9476 2.0282 4.8347 -53.6629 0.7330 -105.4534 -3.0308 0.0107 0.0025 491 nissan_patrol
Car 1.00 1.00 0 0 0 0 0 0 0 0 -1000.00 -1000.00 -1000.00 -1000.00 1.9718 2.0005 4.0595 -53.4002 0.7176 -108.3361 -3.0308 0.0107 0.0025 492 nissan_patrol
Car 1.00 1.00 0 0 0 0 0 0 0 0 -1000.00 -1000.00 -1000.00 -1000.00 1.6244 1.8781 3.8906 -36.0446 0.7568 -106.4088 0.1108 0.0107 0.0025 493 nissan_patrol
Car 1.00 1.00 0 0 0 0 0 0 0 0 -1000.00 -1000.00 -1000.00 -1000.00 1.5488 2.0688 3.9961 -35.7425 0.7804 -109.1167 -3.0308 0.0107 0.0025 494 nissan_patrol
Car 1.00 1.00 0 0 0 0 0 0 0 0 -1000.00 -1000.00 -1000.00 -1000.00 2.1397 2.1728 4.7017 -34.7588 0.6491 -117.7368 -3.0308 0.0107 0.0025 495 nissan_patrol
Car 1.00 1.00 0 0 0 0 0 0 0 0 -1000.00 -1000.00 -1000.00 -1000.00 1.9476 2.0282 4.8347 -33.8030 0.5622 -125.8992 -3.0308 0.0107 0.0025 496 nissan_patrol
Car 1.00 1.00 0 0 0 0 0 0 0 0 -1000.00 -1000.00 -1000.00 -1000.00 1.5100 1.8730 4.1000 -33.5502 0.5236 -128.7875 -3.0308 0.0107 0.0025 497 nissan_patrol
Car 1.00 1.00 11 12 14 67 3 0 0 0 -1000.00 -1000.00 -1000.00 -1000.00 1.5488 2.0688 3.9961 -20.1001 0.7751 -113.1975 0.1108 0.0107 0.0025 498 nissan_patrol
Car 1.00 1.00 0 1 1 4 0 0 0 0 -1000.00 -1000.00 -1000.00 -1000.00 1.5100 1.8730 4.1000 -19.7839 0.6940 -116.0748 0.1108 0.0107 0.0025 499 nissan_patrol
Car 1.00 1.00 1 0 0 10 0 0 0 0 -1000.00 -1000.00 -1000.00 -1000.00 1.9476 2.0282 4.8347 -19.4396 0.6745 -118.7341 -3.0308 0.0107 0.0025 500 nissan_patrol
Car 1.00 1.00 38 30 57 191 9 0 0 0 -1000.00 -1000.00 -1000.00 -1000.00 2.1397 2.1728 -4.7017 -15.0071 0.8758 -101.1541 -3.0309 0.0107 0.0025 501 nissan_patrol
Car 1.00 1.00 2 9 8 24 2 0 0 0 -1000.00 -1000.00 -1000.00 -1000.00 1.9476 2.0282 -4.8347 -14.6209 0.8444 -104.0251 0.1107 0.0107 0.0025 502 nissan_patrol
Car 1.00 1.00 12 12 20 74 5 0 0 0 -1000.00 -1000.00 -1000.00 -1000.00 1.6244 1.8781 -3.8906 -12.8160 0.6582 -120.9121 -3.0308 0.0107 0.0025 503 nissan_patrol
Car 1.00 1.00 0 3 11 28 1 0 0 0 -1000.00 -1000.00 -1000.00 -1000.00 1.7506 2.3538 -4.8416 -12.5484 0.7114 -123.5377 -3.0308 0.0107 0.0025 504 nissan_patrol
Car 1.00 1.00 0 0 0 0 0 0 0 0 -1000.00 -1000.00 -1000.00 -1000.00 1.9476 2.0282 4.8347 35.7051 0.5124 -143.0653 1.6815 0.0107 0.0025 505 nissan_patrol
Car 1.00 1.00 0 0 0 0 0 0 0 0 -1000.00 -1000.00 -1000.00 -1000.00 1.5475 1.9070 4.4025 59.2245 0.6379 -138.7763 1.6815 0.0107 0.0025 506 seat_leon
Car 1.00 1.00 0 0 0 0 0 0 0 0 -1000.00 -1000.00 -1000.00 -1000.00 2.5908 2.7453 5.4640 45.0336 0.6057 -141.9617 1.6815 0.0107 0.0025 507 carlamotors_carlacola
Car 1.00 1.00 0 0 0 0 0 0 0 0 -1000.00 -1000.00 -1000.00 -1000.00 2.5908 2.7453 5.4640 129.8228 0.8315 -142.3514 -1.4600 0.0107 0.0025 508 carlamotors_carlacola
Car 1.00 1.00 0 0 0 0 0 0 0 0 -1000.00 -1000.00 -1000.00 -1000.00 2.5908 2.7453 5.4640 133.2900 0.8442 -141.9658 -1.4600 0.0107 0.0025 509 carlamotors_carlacola
Car 1.00 1.00 0 0 0 0 0 0 0 0 -1000.00 -1000.00 -1000.00 -1000.00 2.5908 2.7453 5.4640 125.0748 0.9972 -114.4668 -3.0308 0.0107 0.0025 510 carlamotors_carlacola
Car 1.00 1.00 0 0 0 0 0 0 0 0 -1000.00 -1000.00 -1000.00 -1000.00 2.5908 2.7453 5.4640 40.7491 0.5901 -142.4381 1.6815 0.0107 0.0025 511 carlamotors_carlacola
Car 1.00 1.00 0 0 0 0 0 0 0 0 -1000.00 -1000.00 -1000.00 -1000.00 2.2031 2.5091 6.5872 56.5128 1.8490 -29.8514 1.1579 0.0107 0.0025 512 tesla_cybertruck