Car 1.00 1.00 0 0 0 0 0 0 0 0 -1000.00 -1000.00 -1000.00 -1000.00 1.5542 2.3421 5.1370 172.0552 -7.8703 -250.2941 0.6596 -0.0005 0.0119 0 lincoln2020_mkz2020
Car 1.00 1.00 6750 237432 380625 0 0 0 0 0 -1000.00 -1000.00 -1000.00 -1000.00 2.1397 2.1728 4.7045 -0.0005 2.0932 -2.2389 1.5708 0.0000 0.0000 1 volkswagen_t2
Motorcycle 0.00 1.00 0 0 0 3 0 0 0 0 1787.67 363.26 1826.49 377.04 1.6960 1.0692 2.4735 -71.3744 2.1220 105.2143 0.1180 0.0051 -0.0012 2 harley_davidson_low_rider
Motorcycle 1.00 1.00 0 0 0 0 0 0 0 0 -1000.00 -1000.00 -1000.00 -1000.00 1.6960 1.0692 2.4735 -72.7972 2.1305 -300.5945 0.1276 0.0041 0.0000 3 harley_davidson_low_rider
Car 1.00 1.00 0 0 0 0 0 0 0 0 -1000.00 -1000.00 -1000.00 -1000.00 1.6320 2.1403 5.2230 100.4067 2.1501 -61.3727 -3.0088 -0.0043 0.0000 4 dodge_charger_police
Car 1.00 1.00 0 0 0 10 0 0 0 0 -1000.00 -1000.00 -1000.00 -1000.00 1.5542 2.3421 5.1370 -43.2262 1.2423 105.6734 0.1347 -0.0843 -0.0001 5 lincoln2020_mkz2020
Car 1.00 1.00 0 0 0 0 0 0 0 0 -1000.00 -1000.00 -1000.00 -1000.00 1.4546 2.0938 4.3903 -102.5447 2.1485 -290.4478 -3.0057 -0.0005 0.0000 6 audi_tt
Car 1.00 1.00 0 0 0 0 0 0 0 0 -1000.00 -1000.00 -1000.00 -1000.00 1.4477 1.5550 2.3177 14.2354 2.0885 -107.8623 1.7179 -0.0057 -0.0000 7 bmw_isetta
Car 1.00 1.00 0 0 0 0 0 0 0 0 -1000.00 -1000.00 -1000.00 -1000.00 1.7173 2.2591 5.2781 -117.9971 2.1578 -290.7554 3.1332 -0.0078 -0.0014 8 mercedes_benz_coupe
Car 1.00 1.00 0 0 0 0 0 0 0 0 -1000.00 -1000.00 -1000.00 -1000.00 1.4812 2.1349 5.6254 37.7267 2.0782 73.2299 0.1173 0.0124 -0.0024 9 chevrolet_impala
Car 1.00 1.00 0 0 0 0 0 0 0 0 -1000.00 -1000.00 -1000.00 -1000.00 1.6115 2.2019 5.2564 136.9007 2.0807 -21.8652 -1.4145 -0.0006 0.0006 10 charger2020_charger2020
Car 1.00 1.00 0 0 0 0 0 0 0 0 -1000.00 -1000.00 -1000.00 -1000.00 2.2031 2.5091 6.5872 91.6994 2.1532 -103.2499 1.7064 -0.0001 -0.0001 11 tesla_cybertruck
Car 0.00 1.00 0 0 0 0 0 0 0 0 554.99 362.64 578.67 369.41 1.5140 2.1024 4.9073 -129.3969 2.1369 -93.2428 -3.1134 0.0001 -0.0000 12 mercedesccc_mercedesccc
Car 1.00 1.00 0 0 0 0 0 0 0 0 -1000.00 -1000.00 -1000.00 -1000.00 1.6980 1.9434 4.1871 111.1742 2.1475 -151.8465 -3.0109 -0.0000 0.0000 13 citroen_c3
Car 1.00 1.00 0 0 0 0 0 0 0 0 -1000.00 -1000.00 -1000.00 -1000.00 1.4812 2.1349 5.6254 88.5683 2.1458 -63.0008 -3.0071 -0.0033 -0.0000 14 chevrolet_impala
Car 1.00 1.00 0 0 0 0 0 0 0 0 -1000.00 -1000.00 -1000.00 -1000.00 1.6320 2.1403 5.2230 124.0275 2.1524 -150.4013 -3.0511 -0.0054 -0.0002 15 dodge_charger_police
Car 1.00 1.00 0 2 5 13 3 0 0 0 -1000.00 -1000.00 -1000.00 -1000.00 1.5863 2.2347 5.1468 12.2333 2.1259 -175.4891 0.1314 0.0001 -0.0027 16 lincoln_mkz2017
Car 1.00 1.00 0 0 0 8 0 0 0 0 -1000.00 -1000.00 -1000.00 -1000.00 1.7318 2.1344 5.0985 -18.6745 -1.4726 108.8880 0.1336 -0.1169 0.0001 17 audi_etron
Car 1.00 1.00 0 2 1 4 1 0 0 0 -1000.00 -1000.00 -1000.00 -1000.00 1.7506 2.3538 4.8416 5.9244 2.1357 -176.3272 0.1329 0.0000 -0.0000 18 bmw_grandtourer
Car 1.00 1.00 13 17 33 1487 0 0 2 1 -1000.00 -1000.00 -1000.00 -1000.00 1.5765 1.9374 3.8150 61.1189 2.1215 36.2222 -1.4524 -0.0000 -0.0000 19 nissan_micra
Motorcycle 1.00 1.00 0 1 0 4 0 0 0 0 -1000.00 -1000.00 -1000.00 -1000.00 1.6960 1.0692 2.4735 12.2262 2.0715 -143.8433 -1.4445 0.0030 -0.0000 20 harley_davidson_low_rider
Car 1.00 1.00 0 0 0 0 0 0 0 0 -1000.00 -1000.00 -1000.00 -1000.00 1.5765 1.9374 3.8150 -7.1387 2.1266 -178.0720 0.1438 -0.0013 0.0000 21 nissan_micra
Car 1.00 1.00 0 0 0 0 0 0 0 0 -1000.00 -1000.00 -1000.00 -1000.00 1.7203 2.2019 5.4994 144.3334 2.0831 -45.8179 1.6421 -0.0016 0.0016 22 chargercop2020_chargercop2020
Car 1.00 1.00 2120 2341 3741 32501 542 0 0 0 -1000.00 -1000.00 -1000.00 -1000.00 1.5475 1.9070 4.4025 -2.7864 2.0803 -11.3824 1.6914 0.0000 -0.0000 23 seat_leon
Car 1.00 1.00 0 0 0 0 0 0 0 0 -1000.00 -1000.00 -1000.00 -1000.00 1.3660 1.9896 4.9534 -56.0217 2.1399 -262.0516 -1.4695 -0.0000 -0.0000 24 mustang_mustang
Cyclist 0.00 1.00 1 0 0 2 0 0 0 0 1077.65 360.92 1089.57 373.34 1.9709 0.6705 1.7250 -89.6329 2.1225 17.5115 -1.4379 0.0050 -0.0000 25 diamondback_century
Cyclist 0.00 0.51 1 2 4 8 0 1 0 0 1003.76 362.78 1012.24 375.39 1.7065 0.8593 1.4873 -77.1641 2.0923 4.3472 -3.0102 -0.0001 -0.0000 26 bh_crossbike
Car 0.00 1.00 0 0 0 0 0 0 0 0 489.04 360.05 518.36 371.39 2.1397 2.1728 4.7045 -108.3025 2.1516 -90.4830 -3.0263 -0.0019 0.0000 27 volkswagen_t2
Car 0.00 1.00 0 0 0 0 0 0 0 0 1232.94 360.67 1258.84 371.58 1.9718 2.0005 4.0595 -104.2044 2.1080 50.9450 -2.8423 -0.0075 -0.0010 28 jeep_wrangler_rubicon
Car 1.00 1.00 6 5 12 56 0 0 0 0 -1000.00 -1000.00 -1000.00 -1000.00 1.5627 2.2716 5.0314 113.9341 2.1395 22.8099 0.1660 0.0001 0.0000 29 tesla_model3
Car 1.00 1.00 0 0 0 0 0 0 0 0 -1000.00 -1000.00 -1000.00 -1000.00 1.4546 2.0938 4.3903 -34.3795 2.1457 -171.2676 -3.0117 -0.0002 -0.0000 30 audi_tt
Car 1.00 1.00 0 0 0 0 0 0 0 0 -1000.00 -1000.00 -1000.00 -1000.00 1.5488 2.0688 3.9961 146.1633 2.1060 -62.1627 1.7042 0.0005 -0.0006 31 mini_cooperst
Car 0.00 0.00 6988 8011 12879 104179 0 1292 0 0 943.00 416.54 1569.00 665.00 1.6011 2.1072 4.7392 -5.9294 2.0836 -0.1122 -1.8370 -0.0028 0.0027 32 toyota_prius
Car 0.00 1.00 0 0 0 0 0 0 0 0 608.62 360.04 631.58 368.26 2.1397 2.1728 4.7045 -146.9971 2.1507 -91.7189 -1.3499 -0.0002 -0.0000 33 volkswagen_t2
Car 0.00 1.00 0 0 0 0 0 0 0 0 215.79 361.46 238.24 365.87 1.6011 2.1072 4.7392 -205.4990 2.1426 -272.5910 -0.7920 -0.0001 0.0017 34 toyota_prius
Car 1.00 1.00 0 0 0 0 0 0 0 0 -1000.00 -1000.00 -1000.00 -1000.00 1.3660 1.9896 4.9534 77.7586 2.1342 -5.9787 1.7138 -0.0000 -0.0000 35 mustang_mustang
Car 1.00 1.00 11 15 22 73 0 0 0 3 -1000.00 -1000.00 -1000.00 -1000.00 1.6011 2.1072 4.7392 92.1019 2.1357 23.2299 -3.0115 -0.0000 -0.0000 36 toyota_prius
Car 1.00 1.00 34 31 52 197 27 0 0 0 -1000.00 -1000.00 -1000.00 -1000.00 1.7506 2.3538 4.8416 4.4973 2.1026 -83.6725 2.2149 -0.0001 0.0003 37 bmw_grandtourer
Car 1.00 1.00 0 0 0 0 0 0 0 0 -1000.00 -1000.00 -1000.00 -1000.00 2.2031 2.5091 6.5872 33.8943 2.1546 -165.6360 -3.0151 0.0000 -0.0000 38 tesla_cybertruck
Motorcycle 1.00 1.00 0 0 0 0 0 0 0 0 -1000.00 -1000.00 -1000.00 -1000.00 1.6387 1.2138 2.3199 125.8206 2.0889 67.4750 2.0924 0.0004 -0.0425 39 yamaha_yzf
Car 0.00 0.44 23 32 46 212 0 13 0 0 812.41 361.25 849.69 375.65 1.9476 2.0282 4.8347 -77.6184 2.1245 -20.0131 1.6974 -0.0004 -0.0000 40 nissan_patrol
Car 1.00 1.00 13 19 24 109 8 0 0 0 -1000.00 -1000.00 -1000.00 -1000.00 1.6115 2.2019 5.2564 7.8584 2.0942 -89.3784 1.7945 0.0079 0.0008 41 charger2020_charger2020
Car 1.00 1.00 0 0 0 0 0 0 0 0 -1000.00 -1000.00 -1000.00 -1000.00 1.6115 2.2019 5.2564 154.0401 2.0838 -177.3715 -1.6106 -0.0012 -0.0041 42 charger2020_charger2020
Motorcycle 1.00 1.00 0 1 0 2 0 0 0 0 -1000.00 -1000.00 -1000.00 -1000.00 1.6649 1.0692 2.4735 63.7169 2.1225 39.3114 -1.3644 0.0030 -0.0000 43 harley_davidson_low_rider
Car 1.00 1.00 0 0 0 0 0 0 0 0 -1000.00 -1000.00 -1000.00 -1000.00 1.5542 2.3421 5.1370 -59.4906 2.1386 -198.3980 1.6645 -0.0000 0.0000 44 lincoln2020_mkz2020
Motorcycle 1.00 1.00 0 0 0 0 0 0 0 0 -1000.00 -1000.00 -1000.00 -1000.00 1.6960 1.0692 2.4735 76.9563 2.1237 -0.5780 1.7107 0.0029 0.0001 45 harley_davidson_low_rider
Cyclist 1.00 1.00 0 0 0 0 0 0 0 0 -1000.00 -1000.00 -1000.00 -1000.00 1.9310 0.5921 1.9272 86.3264 2.1156 -89.8789 1.6972 -0.0041 0.0000 46 gazelle_omafiets
Car 1.00 1.00 54 63 99 422 0 0 0 11 -1000.00 -1000.00 -1000.00 -1000.00 1.7318 2.1344 5.0985 50.9948 2.1506 14.5269 0.1065 -0.0000 -0.0000 47 audi_etron
Car 1.00 1.00 0 0 0 0 0 0 0 0 -1000.00 -1000.00 -1000.00 -1000.00 1.9476 2.0282 4.8347 136.5710 2.0689 -42.6511 -1.4339 -0.0004 -0.0000 48 nissan_patrol
Car 1.00 1.00 49 59 94 750 0 0 24 0 -1000.00 -1000.00 -1000.00 -1000.00 1.7203 2.2019 5.4994 6.5056 2.0820 59.1946 0.7828 -0.0006 -0.0032 49 chargercop2020_chargercop2020
Car 0.00 1.00 0 0 0 0 0 0 0 0 547.55 361.97 567.00 368.39 1.6244 1.8781 3.8906 -143.7653 2.1355 -105.9183 2.1036 -0.0006 -0.0012 50 audi_a2
Car 1.00 1.00 0 0 0 0 0 0 0 0 -1000.00 -1000.00 -1000.00 -1000.00 1.5863 2.2347 5.1468 -0.4127 2.1404 -177.3323 0.1403 -0.0000 -0.0000 51 lincoln_mkz2017
Cyclist 0.00 1.00 0 0 0 0 0 0 0 0 654.14 360.55 661.93 367.84 1.9709 0.6705 1.7250 -151.7803 2.1248 -84.3695 -1.4416 0.0050 0.0000 52 diamondback_century
Cyclist 1.00 1.00 2 7 12 41 3 0 0 0 -1000.00 -1000.00 -1000.00 -1000.00 1.9311 0.5921 1.9272 2.7861 2.0862 -76.7472 0.9855 -0.0031 -0.0022 53 gazelle_omafiets
Car 1.00 1.00 0 0 0 0 0 0 0 0 -1000.00 -1000.00 -1000.00 -1000.00 1.7173 2.2591 5.2781 147.0053 2.0963 -42.0066 1.7043 -0.0076 -0.0002 54 mercedes_benz_coupe
Car 1.00 1.00 0 0 0 0 0 0 0 0 -1000.00 -1000.00 -1000.00 -1000.00 1.5542 2.3421 5.1370 98.0129 2.1378 -180.1681 1.7294 0.0000 -0.0000 55 lincoln2020_mkz2020
Car 1.00 1.00 0 2 2 23 0 0 0 0 -1000.00 -1000.00 -1000.00 -1000.00 1.7506 2.3538 4.8416 20.7979 2.1163 -170.7974 -2.4152 -0.0001 0.0035 56 bmw_grandtourer
Car 1.00 1.00 0 0 0 0 0 0 0 0 -1000.00 -1000.00 -1000.00 -1000.00 1.4546 2.0938 4.3903 75.3860 2.1422 -14.7381 1.7033 -0.0000 -0.0000 57 audi_tt
Car 0.00 1.00 0 0 0 0 0 0 0 0 552.66 361.76 574.98 369.16 1.7173 2.2591 5.2781 -134.3919 2.1537 -97.5010 -2.9788 -0.0071 -0.0002 58 mercedes_benz_coupe
Car 1.00 1.00 0 0 0 0 0 0 0 0 -1000.00 -1000.00 -1000.00 -1000.00 1.5542 2.3421 5.1370 62.1232 2.1358 -77.2353 0.1357 0.0000 -0.0000 59 lincoln2020_mkz2020
Car 1.00 1.00 0 8 11 55 0 0 0 1 -1000.00 -1000.00 -1000.00 -1000.00 2.1397 2.1728 4.7045 124.9026 2.0918 44.4346 -1.4543 0.0000 -0.0000 60 volkswagen_t2
Car 1.00 1.00 0 0 0 0 0 0 0 0 -1000.00 -1000.00 -1000.00 -1000.00 1.7506 2.3538 4.8416 218.2934 2.1336 -44.2916 -1.4416 -0.0027 -0.0000 61 bmw_grandtourer
Car 1.00 1.00 0 0 0 0 0 0 0 0 -1000.00 -1000.00 -1000.00 -1000.00 1.6320 2.1403 5.2230 100.8149 2.1526 -177.8733 1.6611 -0.0043 -0.0000 62 dodge_charger_police
Car 1.00 1.00 0 0 0 0 0 0 0 0 -1000.00 -1000.00 -1000.00 -1000.00 1.6980 1.9434 4.1871 13.4563 2.0913 -102.9015 1.7096 -0.0000 0.0000 63 citroen_c3
Car 1.00 1.00 0 0 0 0 0 0 0 0 -1000.00 -1000.00 -1000.00 -1000.00 1.4812 2.1349 5.6254 86.9517 2.1445 -95.1066 1.6919 0.0000 -0.0000 64 chevrolet_impala
Car 1.00 1.00 36 53 71 260 44 0 0 0 -1000.00 -1000.00 -1000.00 -1000.00 1.6115 2.2019 5.2564 -2.9016 2.0822 -64.4951 -1.3924 -0.0001 0.0006 65 charger2020_charger2020
Car 1.00 1.00 0 4 7 28 0 0 0 2 -1000.00 -1000.00 -1000.00 -1000.00 1.3660 1.9896 4.9534 141.5786 2.1198 22.8457 0.1417 0.0045 0.0020 66 mustang_mustang
Motorcycle 1.00 1.00 0 0 0 0 0 0 0 0 -1000.00 -1000.00 -1000.00 -1000.00 1.5852 1.1236 2.1350 68.1997 2.0991 60.0725 1.7096 -0.0053 -0.0000 67 kawasaki_ninja
Car 0.00 1.00 0 0 0 0 0 0 0 0 565.29 362.14 585.12 368.01 1.5488 2.0688 3.9961 -151.1559 2.1371 -106.4461 -0.6850 -0.0000 -0.0007 68 mini_cooperst
Car 0.00 1.00 0 0 0 0 0 0 0 0 581.76 362.18 607.46 368.21 1.5542 2.3421 5.1370 -146.8322 2.1360 -98.3190 -1.4010 -0.0001 -0.0003 69 lincoln2020_mkz2020
Car 0.00 1.00 0 0 0 0 0 0 0 0 105.24 361.65 183.64 382.54 1.9718 2.0005 4.0595 -55.8558 2.1417 -82.7547 -3.0076 -0.0006 -0.0001 70 jeep_wrangler_rubicon
Car 1.00 1.00 0 0 0 0 0 0 0 0 -1000.00 -1000.00 -1000.00 -1000.00 1.7506 2.3538 4.8416 -2.2309 2.1357 -173.6340 0.0969 0.0001 -0.0000 71 bmw_grandtourer
Car 1.00 1.00 0 0 0 0 0 0 0 0 -1000.00 -1000.00 -1000.00 -1000.00 2.2031 2.5091 6.5872 232.3315 2.1520 -71.2097 1.7173 -0.0001 0.0000 72 tesla_cybertruck
Car 0.00 0.96 0 0 0 7 0 0 0 0 1442.29 363.10 1475.14 373.33 1.6244 1.8781 3.8906 -90.7969 2.1320 78.5068 1.7022 -0.0005 -0.0011 73 audi_a2
Car 1.00 1.00 0 0 0 0 0 0 0 0 -1000.00 -1000.00 -1000.00 -1000.00 1.7203 2.2019 5.4994 89.7829 2.1416 -144.9678 -1.4218 -0.0002 0.0006 74 chargercop2020_chargercop2020
Car 0.00 0.90 0 0 0 8 0 0 0 0 1429.16 362.83 1469.17 373.18 1.6320 2.1403 5.2230 -94.5116 2.1530 80.2449 1.7030 -0.0138 0.0008 75 dodge_charger_police
Car 1.00 1.00 52 54 83 344 0 0 0 10 -1000.00 -1000.00 -1000.00 -1000.00 1.5140 2.1024 4.9073 48.7871 2.1342 10.3845 0.1296 0.0000 -0.0000 76 mercedesccc_mercedesccc
Car 1.00 1.00 0 0 0 0 0 0 0 0 -1000.00 -1000.00 -1000.00 -1000.00 1.6244 1.8781 3.8906 98.7549 2.1370 -186.3194 1.7183 -0.0005 -0.0011 77 audi_a2
Car 0.24 1.00 0 0 0 0 0 0 0 0 0.00 365.51 70.65 384.92 1.6244 1.8781 3.8906 -50.5360 2.1353 -85.6465 -3.0184 -0.0005 -0.0011 78 audi_a2
Car 1.00 1.00 0 3 4 5 0 0 0 0 -1000.00 -1000.00 -1000.00 -1000.00 1.7203 2.2019 5.4994 20.2499 2.0872 -191.5944 -1.1541 -0.0017 0.0034 79 chargercop2020_chargercop2020
Car 0.00 1.00 0 0 0 0 0 0 0 0 638.65 359.94 652.94 366.14 2.1397 2.1728 4.7045 -194.8343 2.1215 -112.1058 -2.0635 -0.0011 0.0013 80 volkswagen_t2
Car 1.00 1.00 0 0 0 0 0 0 0 0 -1000.00 -1000.00 -1000.00 -1000.00 1.3660 1.9896 4.9534 92.4638 2.1379 -197.1021 -1.5823 -0.0001 0.0003 81 mustang_mustang
Car 1.00 1.00 0 0 0 0 0 0 0 0 -1000.00 -1000.00 -1000.00 -1000.00 1.7203 2.2019 5.4994 56.1713 2.1403 -74.3976 0.1675 -0.0001 0.0007 82 chargercop2020_chargercop2020
Car 1.00 1.00 0 0 0 0 0 0 0 0 -1000.00 -1000.00 -1000.00 -1000.00 1.6244 1.8781 3.8906 15.3695 -1.5943 -270.6555 -3.0039 0.1276 -0.0003 83 audi_a2
Car 1.00 1.00 0 0 0 0 0 0 0 0 -1000.00 -1000.00 -1000.00 -1000.00 1.6244 1.8781 3.8906 78.5878 2.1334 -11.9391 1.7048 -0.0005 -0.0011 84 audi_a2
Car 1.00 1.00 0 0 0 0 0 0 0 0 -1000.00 -1000.00 -1000.00 -1000.00 1.3660 1.9896 4.9534 172.4579 2.1368 -143.5514 -3.0256 -0.0000 -0.0000 85 mustang_mustang
Car 1.00 1.00 0 0 0 0 0 0 0 0 -1000.00 -1000.00 -1000.00 -1000.00 1.6244 1.8781 3.8906 185.8088 -7.8607 7.5667 1.6905 0.0002 -0.0011 86 audi_a2
Car 1.00 1.00 0 0 0 0 0 0 0 0 -1000.00 -1000.00 -1000.00 -1000.00 1.9718 2.0005 4.0595 -74.9875 2.1439 -187.3359 0.1569 -0.0004 -0.0001 87 jeep_wrangler_rubicon
Car 1.00 1.00 0 0 0 0 0 0 0 0 -1000.00 -1000.00 -1000.00 -1000.00 1.9718 2.0005 4.0595 143.0293 -7.2000 116.4985 2.5290 0.0090 0.0053 88 jeep_wrangler_rubicon
Car 1.00 1.00 0 0 0 0 0 0 0 0 -1000.00 -1000.00 -1000.00 -1000.00 1.3660 1.9896 4.9534 35.0641 -6.0392 112.7799 0.1337 -0.0095 -0.0000 89 mustang_mustang
Motorcycle 1.00 1.00 51 66 104 1509 0 0 14 0 -1000.00 -1000.00 -1000.00 -1000.00 1.6649 1.0692 2.4735 -14.3646 2.0676 23.4240 -1.4496 0.0030 -0.0000 90 harley_davidson_low_rider
Car 1.00 1.00 0 0 0 0 0 0 0 0 -1000.00 -1000.00 -1000.00 -1000.00 1.5475 1.9070 4.4025 -67.9464 2.1418 -293.2152 1.4224 0.0000 0.0000 91 seat_leon
Motorcycle 1.00 1.00 0 0 0 0 0 0 0 0 -1000.00 -1000.00 -1000.00 -1000.00 1.6387 1.2138 2.3199 137.2947 2.0896 4.0159 1.6910 -0.0001 0.0000 92 yamaha_yzf
Cyclist 0.00 1.00 0 0 0 0 0 0 0 0 1158.23 360.58 1164.67 368.50 1.9311 0.5921 1.9272 -137.3236 2.0751 47.2882 -2.9595 0.0016 -0.0003 93 gazelle_omafiets
Car 0.00 1.00 0 0 0 0 0 0 0 0 571.74 362.41 590.86 368.57 1.5140 2.1024 4.9073 -141.8832 2.1366 -98.4313 -2.9873 -0.0000 -0.0000 94 mercedesccc_mercedesccc
Car 1.00 1.00 0 0 0 0 0 0 0 0 -1000.00 -1000.00 -1000.00 -1000.00 1.4546 2.0938 4.3903 24.3516 2.0904 -181.0422 1.8090 -0.0000 -0.0000 95 audi_tt
Car 0.00 0.35 25 8 18 72 0 2 0 0 815.90 360.06 850.43 375.11 2.1397 2.1728 4.7045 -81.2628 2.1492 -20.5555 1.7108 -0.0000 -0.0000 96 volkswagen_t2
Car 0.00 1.00 2 1 0 0 0 0 0 0 1095.36 363.79 1129.75 373.46 1.5140 2.1024 4.9073 -90.2888 2.1343 22.3042 -1.4374 0.0000 -0.0000 97 mercedesccc_mercedesccc
Car 1.00 1.00 0 0 0 0 0 0 0 0 -1000.00 -1000.00 -1000.00 -1000.00 1.4812 2.1349 5.6254 219.1401 2.1427 -24.5364 -1.4602 -0.0000 -0.0000 98 chevrolet_impala
Car 1.00 1.00 0 0 0 2 0 0 0 0 -1000.00 -1000.00 -1000.00 -1000.00 1.5765 1.9374 3.8150 128.4614 2.0656 44.6300 -1.4496 0.0001 -0.0000 99 nissan_micra
Motorcycle 1.00 1.00 0 0 0 1 0 0 0 0 -1000.00 -1000.00 -1000.00 -1000.00 1.5853 1.1236 2.1350 73.7957 2.0997 -3.1465 1.7057 -0.0001 -0.0000 100 kawasaki_ninja
Car 1.00 1.00 0 0 0 0 0 0 0 0 -1000.00 -1000.00 -1000.00 -1000.00 1.9476 2.0282 4.8347 -58.7917 2.1283 -204.7218 1.6648 -0.0004 -0.0000 101 nissan_patrol
Car 0.00 1.00 0 0 0 0 0 0 0 0 1194.66 360.05 1231.91 374.41 2.1397 2.1728 4.7045 -85.0984 2.1481 36.1502 1.7051 -0.0004 -0.0000 102 volkswagen_t2
Car 0.00 1.00 0 0 0 0 0 0 0 0 1046.50 364.57 1079.17 373.06 1.3660 1.9896 4.9534 -92.8918 2.1343 14.7826 -1.4478 -0.0000 0.0000 103 mustang_mustang
Car 1.00 1.00 0 0 0 0 0 0 0 0 -1000.00 -1000.00 -1000.00 -1000.00 1.5627 2.2716 5.0314 64.8907 2.1389 60.4436 1.7434 -0.0000 -0.0000 104 tesla_model3
Car 1.00 1.00 0 0 0 0 0 0 0 0 -1000.00 -1000.00 -1000.00 -1000.00 1.5542 2.3421 5.1370 90.9100 2.1355 -66.7422 -2.8376 0.0000 -0.0000 105 lincoln2020_mkz2020
Car 1.00 1.00 0 0 0 0 0 0 0 0 -1000.00 -1000.00 -1000.00 -1000.00 1.5627 2.2716 5.0314 86.2619 2.1432 -145.9248 -1.4359 0.0000 -0.0000 106 tesla_model3
Car 0.00 1.00 0 0 0 0 0 0 0 0 438.94 363.75 478.74 374.99 1.5765 1.9374 3.8150 -80.8110 2.1242 -74.3300 -1.4241 -0.0000 -0.0000 107 nissan_micra
Cyclist 0.00 1.00 0 0 0 0 0 0 0 0 180.45 361.64 208.18 379.38 1.9311 0.5921 1.9272 -62.5451 2.1160 -87.1873 -3.0043 -0.0029 -0.0000 108 gazelle_omafiets
Cyclist 1.00 1.00 0 0 0 0 0 0 0 0 -1000.00 -1000.00 -1000.00 -1000.00 1.9311 0.5921 1.9272 206.7062 -7.8843 -120.3615 1.7249 -0.0036 0.0004 109 gazelle_omafiets
Car 1.00 1.00 37 47 67 247 62 0 0 0 -1000.00 -1000.00 -1000.00 -1000.00 1.4546 2.0938 4.3903 0.0069 2.0879 -59.1799 -1.4339 0.0000 -0.0000 110 audi_tt
Car 0.00 1.00 0 0 0 0 0 0 0 0 73.16 361.68 163.46 382.28 1.9476 2.0282 4.8347 -56.5813 2.1272 -86.3819 -3.0036 -0.0051 0.0000 111 nissan_patrol
Car 1.00 1.00 1 0 0 7 1 0 0 0 -1000.00 -1000.00 -1000.00 -1000.00 1.4546 2.0938 4.3903 8.9459 2.0887 -95.6987 1.7007 -0.0000 -0.0000 112 audi_tt
Car 1.00 1.00 0 0 0 0 0 0 0 0 -1000.00 -1000.00 -1000.00 -1000.00 1.7506 2.3538 4.8416 163.8362 2.0796 -164.7688 1.7011 -0.0000 -0.0000 113 bmw_grandtourer
Car 1.00 1.00 0 4 5 20 1 0 0 0 -1000.00 -1000.00 -1000.00 -1000.00 1.9718 2.0005 4.0595 8.9721 2.0873 -147.0462 -1.4199 -0.0004 -0.0001 114 jeep_wrangler_rubicon
Motorcycle 1.00 1.00 0 0 0 0 0 0 0 0 -1000.00 -1000.00 -1000.00 -1000.00 1.6387 1.2138 2.3199 145.2309 2.1206 -55.0929 1.7042 0.0018 -0.0005 115 yamaha_yzf
Car 1.00 1.00 0 0 0 0 0 0 0 0 -1000.00 -1000.00 -1000.00 -1000.00 1.7203 2.2019 5.4994 73.2604 2.1421 -167.6386 0.1764 -0.0001 0.0006 116 chargercop2020_chargercop2020
Car 1.00 1.00 0 0 0 0 0 0 0 0 -1000.00 -1000.00 -1000.00 -1000.00 1.6980 1.9434 4.1871 106.8006 2.1456 -60.4429 -3.0148 0.0001 0.0000 117 citroen_c3
Car 0.00 1.00 0 0 0 0 0 0 0 0 105.13 361.74 134.08 366.62 1.5542 2.3421 5.1370 -180.8263 2.1408 -274.8095 2.5585 -0.0017 -0.0116 118 lincoln2020_mkz2020
Car 1.00 1.00 0 0 0 0 0 0 0 0 -1000.00 -1000.00 -1000.00 -1000.00 2.5908 2.7453 5.4640 74.0125 2.1605 -54.4141 -1.4277 -0.0000 -0.0000 119 carlamotors_carlacola
Car 1.00 1.00 0 0 0 0 0 0 0 0 -1000.00 -1000.00 -1000.00 -1000.00 1.5765 1.9374 3.8150 77.5196 2.1219 -30.8793 1.7060 0.0024 -0.0001 120 nissan_micra
Car 1.00 1.00 0 0 0 0 0 0 0 0 -1000.00 -1000.00 -1000.00 -1000.00 1.4477 1.5550 2.3177 49.4981 -5.9903 -262.7723 -3.0060 0.1516 0.0009 121 bmw_isetta
Car 1.00 1.00 0 0 0 0 0 0 0 0 -1000.00 -1000.00 -1000.00 -1000.00 1.7173 2.2591 5.2781 140.1392 2.0952 9.5246 1.7132 -0.0070 -0.0002 122 mercedes_benz_coupe
Car 0.00 0.29 30 26 55 206 0 17 0 0 1003.22 363.22 1030.26 377.51 1.7173 2.2591 5.2781 -72.0618 2.1514 4.9769 -3.0065 -0.0071 -0.0002 123 mercedes_benz_coupe
Car 1.00 1.00 0 0 0 0 0 0 0 0 -1000.00 -1000.00 -1000.00 -1000.00 1.5765 1.9374 3.8150 228.4357 2.1232 -70.2198 1.7205 0.0001 -0.0000 124 nissan_micra
Car 1.00 1.00 0 0 0 0 0 0 0 0 -1000.00 -1000.00 -1000.00 -1000.00 1.6115 2.2019 5.2564 65.4406 2.1350 55.1064 1.7857 -0.0001 0.0006 125 charger2020_charger2020
Car 1.00 1.00 0 8 11 37 0 0 0 2 -1000.00 -1000.00 -1000.00 -1000.00 1.9476 2.0282 4.8347 126.5331 2.0732 24.3805 0.1397 -0.0010 0.0003 126 nissan_patrol
Car 1.00 1.00 0 0 0 0 0 0 0 0 -1000.00 -1000.00 -1000.00 -1000.00 1.5140 2.1024 4.9073 -26.6461 -0.5021 104.3309 0.1356 -0.1162 -0.0002 127 mercedesccc_mercedesccc
Car 1.00 1.00 0 0 0 0 0 0 0 0 -1000.00 -1000.00 -1000.00 -1000.00 1.7173 2.2591 5.2781 -56.7740 2.1568 -255.6950 -1.4655 -0.0071 -0.0002 128 mercedes_benz_coupe
Car 1.00 1.00 0 1 3 5 0 0 0 0 -1000.00 -1000.00 -1000.00 -1000.00 1.4812 2.1349 5.6254 12.8959 2.0904 -149.7462 -1.4267 -0.0000 -0.0000 129 chevrolet_impala
Car 0.00 1.00 0 0 0 0 0 0 0 0 1375.37 360.01 1402.42 369.68 2.1397 2.1728 4.7045 -126.1938 2.1468 94.5583 0.1077 0.0001 0.0017 130 volkswagen_t2
Car 1.00 1.00 0 0 0 0 0 0 0 0 -1000.00 -1000.00 -1000.00 -1000.00 1.6244 1.8781 3.8906 141.9083 2.1058 -66.3227 0.1354 -0.0026 -0.0017 131 audi_a2
Car 0.00 0.30 25 26 54 193 0 32 0 0 975.94 361.24 997.17 376.89 1.9476 2.0282 4.8347 -73.2292 2.1220 1.1683 -3.0349 0.0070 -0.0003 132 nissan_patrol
Car 1.00 1.00 27 22 35 122 21 0 0 0 -1000.00 -1000.00 -1000.00 -1000.00 1.9476 2.0282 4.8347 -2.5934 2.0989 -82.5072 0.1375 -0.0009 -0.0001 133 nissan_patrol
Car 1.00 1.00 0 1 0 0 0 0 0 0 -1000.00 -1000.00 -1000.00 -1000.00 1.9476 2.0282 4.8347 183.7585 -7.8402 25.0203 1.6920 0.0019 0.0000 134 nissan_patrol
Car 0.00 0.05 160 176 279 1154 0 39 0 0 1075.00 366.91 1131.63 394.75 1.7506 2.3538 4.8416 -35.5605 2.1320 6.6149 -2.9954 -0.0002 0.0002 135 bmw_grandtourer
Car 1.00 1.00 0 2 4 9 0 0 0 0 -1000.00 -1000.00 -1000.00 -1000.00 1.9476 2.0282 4.8347 10.9167 2.0705 -111.2164 1.6832 0.0004 0.0000 136 nissan_patrol
Car 1.00 1.00 62 71 112 587 0 0 0 16 -1000.00 -1000.00 -1000.00 -1000.00 1.7203 2.2019 5.4994 45.1254 2.1383 17.3147 -2.9634 -0.0014 0.0003 137 chargercop2020_chargercop2020
Car 1.00 1.00 68 94 144 650 32 0 0 0 -1000.00 -1000.00 -1000.00 -1000.00 2.5908 2.7453 5.4640 11.6353 2.1294 -78.1598 -2.7210 0.0027 0.0030 138 carlamotors_carlacola
Car 1.00 1.00 0 0 0 0 0 0 0 0 -1000.00 -1000.00 -1000.00 -1000.00 1.5863 2.2347 5.1468 220.0272 2.1367 -31.1990 -1.4335 -0.0000 -0.0000 139 lincoln_mkz2017
Car 1.00 1.00 0 2 4 9 0 0 0 0 -1000.00 -1000.00 -1000.00 -1000.00 1.9718 2.0005 4.0595 150.4422 2.1387 30.9862 -2.9834 -0.0004 -0.0001 140 jeep_wrangler_rubicon
Car 1.00 1.00 0 0 0 0 0 0 0 0 -1000.00 -1000.00 -1000.00 -1000.00 1.6011 2.1072 4.7392 159.5900 2.0965 -160.5288 1.7123 0.0043 -0.0027 141 toyota_prius
Car 1.00 1.00 0 0 0 0 0 0 0 0 -1000.00 -1000.00 -1000.00 -1000.00 1.7318 2.1344 5.0985 225.8580 2.1527 -114.7913 -1.6666 -0.0003 -0.0102 142 audi_etron
Car 1.00 1.00 0 0 0 0 0 0 0 0 -1000.00 -1000.00 -1000.00 -1000.00 2.2031 2.5091 6.5872 -67.7257 2.1547 -153.1721 -1.4795 0.0000 -0.0000 143 tesla_cybertruck
Car 1.00 1.00 0 0 0 0 0 0 0 0 -1000.00 -1000.00 -1000.00 -1000.00 1.5765 1.9374 3.8150 95.4749 2.1260 -189.1034 -1.4441 0.0001 -0.0000 144 nissan_micra
Car 1.00 1.00 0 0 0 0 0 0 0 0 -1000.00 -1000.00 -1000.00 -1000.00 1.4546 2.0938 4.3903 12.6469 2.0887 -97.1189 1.7089 -0.0000 -0.0000 145 audi_tt
Car 1.00 1.00 0 0 0 0 0 0 0 0 -1000.00 -1000.00 -1000.00 -1000.00 1.4812 2.1349 5.6254 -59.8613 2.1484 -258.4050 -1.4817 -0.0001 -0.0002 146 chevrolet_impala
Car 1.00 1.00 0 0 0 0 0 0 0 0 -1000.00 -1000.00 -1000.00 -1000.00 2.2031 2.5091 6.5872 171.4269 -7.8361 10.3280 -1.4693 -0.0028 0.0002 147 tesla_cybertruck
Car 0.00 1.00 0 0 0 0 0 0 0 0 193.92 361.47 257.96 379.99 1.9718 2.0005 4.0595 -62.6300 2.1424 -83.6901 -3.0028 -0.0030 -0.0001 148 jeep_wrangler_rubicon
Car 1.00 1.00 0 0 0 0 0 0 0 0 -1000.00 -1000.00 -1000.00 -1000.00 1.3660 1.9896 4.9534 -70.1573 2.1379 -164.4406 -1.4672 -0.0000 -0.0000 149 mustang_mustang
Car 1.00 1.00 0 0 0 0 0 0 0 0 -1000.00 -1000.00 -1000.00 -1000.00 1.3660 1.9896 4.9534 23.9476 2.0827 -190.6632 2.0703 -0.0000 -0.0000 150 mustang_mustang
Car 0.00 0.26 23 33 42 206 0 8 0 0 1036.36 357.03 1076.68 374.63 2.5908 2.7453 5.4640 -85.4656 2.1655 12.4358 1.6992 -0.0073 -0.0000 151 carlamotors_carlacola
Car 1.00 1.00 0 0 0 0 0 0 0 0 -1000.00 -1000.00 -1000.00 -1000.00 1.5863 2.2347 5.1468 135.7199 2.0816 -36.4183 -1.4442 -0.0000 -0.0000 152 lincoln_mkz2017
Car 1.00 1.00 0 0 0 0 0 0 0 0 -1000.00 -1000.00 -1000.00 -1000.00 1.7506 2.3538 4.8416 65.8165 -7.3324 -281.9404 0.1297 -0.0702 0.0002 153 bmw_grandtourer
Cyclist 1.00 1.00 0 0 0 0 0 0 0 0 -1000.00 -1000.00 -1000.00 -1000.00 1.9709 0.6705 1.7250 90.5747 2.1243 -95.6826 1.6968 0.0037 0.0000 154 diamondback_century
Cyclist 0.00 1.00 0 0 0 0 0 0 0 0 579.74 360.68 585.99 367.93 1.9311 0.5921 1.9272 -149.9785 2.1156 -103.5781 0.1400 -0.0041 0.0001 155 gazelle_omafiets
Motorcycle 1.00 1.00 0 0 0 0 0 0 0 0 -1000.00 -1000.00 -1000.00 -1000.00 1.6960 1.0692 2.4735 209.9348 2.1242 -49.7201 -3.0798 0.0031 -0.0127 156 harley_davidson_low_rider
Car 1.00 1.00 0 0 0 0 0 0 0 0 -1000.00 -1000.00 -1000.00 -1000.00 2.1397 2.1728 4.7045 -74.8361 2.1553 -296.5780 -0.2025 -0.0007 0.0013 157 volkswagen_t2
Car 1.00 1.00 0 0 0 2 0 0 0 0 -1000.00 -1000.00 -1000.00 -1000.00 1.5488 2.0688 3.9961 4.8159 -4.1838 108.6648 0.1315 -0.1154 0.0003 158 mini_cooperst
Cyclist 1.00 1.00 0 0 0 0 0 0 0 0 -1000.00 -1000.00 -1000.00 -1000.00 1.9311 0.5921 1.9272 113.9257 2.1168 -158.4740 0.1307 -0.0031 -0.0000 159 gazelle_omafiets
Car 1.00 1.00 0 1 1 3 0 0 0 0 -1000.00 -1000.00 -1000.00 -1000.00 1.4812 2.1349 5.6254 9.8463 2.0905 -153.3126 -1.4319 -0.0000 -0.0000 160 chevrolet_impala
Car 1.00 1.00 0 0 0 0 0 0 0 0 -1000.00 -1000.00 -1000.00 -1000.00 1.7173 2.2591 5.2781 113.6210 -6.8475 135.0938 2.8457 0.0023 0.0021 161 mercedes_benz_coupe
Car 0.00 1.00 0 0 0 0 0 0 0 0 546.19 360.67 568.66 368.69 1.9718 2.0005 4.0595 -139.0187 2.1420 -102.4364 1.7115 -0.0004 -0.0000 162 jeep_wrangler_rubicon
Car 1.00 1.00 172 194 323 3150 0 0 42 0 -1000.00 -1000.00 -1000.00 -1000.00 1.7506 2.3538 4.8416 -11.4349 2.0760 29.6262 -1.5579 0.0001 -0.0000 163 bmw_grandtourer
Car 1.00 1.00 0 0 0 0 0 0 0 0 -1000.00 -1000.00 -1000.00 -1000.00 1.6115 2.2019 5.2564 136.5821 2.0802 9.1760 1.7232 -0.0001 0.0006 164 charger2020_charger2020
Car 1.00 1.00 87 105 162 1747 0 0 0 18 -1000.00 -1000.00 -1000.00 -1000.00 1.6244 1.8781 3.8906 36.3711 2.1317 19.4680 -3.1048 0.0018 0.0003 165 audi_a2
Car 1.00 1.00 0 0 0 0 0 0 0 0 -1000.00 -1000.00 -1000.00 -1000.00 1.5475 1.9070 4.4025 -136.7233 2.1420 -293.2693 3.0791 -0.0007 -0.0053 166 seat_leon
Car 1.00 1.00 0 0 0 0 0 0 0 0 -1000.00 -1000.00 -1000.00 -1000.00 1.5765 1.9374 3.8150 46.8132 -6.1834 121.5102 0.1343 -0.0121 -0.0000 167 nissan_micra
Car 0.00 1.00 3 0 2 0 0 0 0 0 1082.60 363.24 1117.24 373.00 1.5863 2.2347 5.1468 -93.5988 2.1366 21.1028 -1.4412 -0.0000 -0.0000 168 lincoln_mkz2017
Car 1.00 1.00 3 4 5 10 1 0 0 0 -1000.00 -1000.00 -1000.00 -1000.00 1.7506 2.3538 4.8416 9.7093 2.0787 -101.6594 1.7037 -0.0000 -0.0000 169 bmw_grandtourer
Car 1.00 1.00 0 0 0 0 0 0 0 0 -1000.00 -1000.00 -1000.00 -1000.00 1.4812 2.1349 5.6254 74.4342 2.1428 -8.4848 1.7045 -0.0000 -0.0000 170 chevrolet_impala
Car 1.00 1.00 0 0 0 0 0 0 0 0 -1000.00 -1000.00 -1000.00 -1000.00 1.4812 2.1349 5.6254 112.9810 2.1457 -155.1899 -3.0155 -0.0000 -0.0000 171 chevrolet_impala
Car 1.00 1.00 0 0 0 0 0 0 0 0 -1000.00 -1000.00 -1000.00 -1000.00 1.6011 2.1072 4.7392 156.0999 2.1353 31.7346 -2.9788 -0.0000 -0.0000 172 toyota_prius
Car 1.00 1.00 0 0 0 0 0 0 0 0 -1000.00 -1000.00 -1000.00 -1000.00 1.6115 2.2019 5.2564 75.9022 2.0851 -215.0265 0.1985 -0.0001 0.0006 173 charger2020_charger2020
Car 1.00 1.00 0 0 0 0 0 0 0 0 -1000.00 -1000.00 -1000.00 -1000.00 1.5475 1.9070 4.4025 -68.3674 2.1388 -146.1686 -1.4425 -0.0000 -0.0000 174 seat_leon
Car 0.00 1.00 0 0 0 0 0 0 0 0 14.48 356.42 100.84 378.18 2.5908 2.7453 5.4640 -68.7029 2.1627 -112.2751 1.6793 -0.0008 -0.0000 175 carlamotors_carlacola
Car 1.00 1.00 0 0 0 0 0 0 0 0 -1000.00 -1000.00 -1000.00 -1000.00 1.4812 2.1349 5.6254 154.5454 2.0902 -120.7214 1.7103 -0.0017 0.0015 176 chevrolet_impala
Car 0.00 0.99 0 0 0 11 0 0 0 0 1617.18 361.00 1660.81 373.51 1.9718 2.0005 4.0595 -90.9844 2.1378 107.8945 -2.7677 -0.0004 -0.0001 177 jeep_wrangler_rubicon
Car 1.00 1.00 0 0 0 0 0 0 0 0 -1000.00 -1000.00 -1000.00 -1000.00 1.6980 1.9434 4.1871 -57.4999 2.1500 -249.5328 -1.4670 -0.0000 0.0000 178 citroen_c3
Car 1.00 1.00 0 0 0 0 0 0 0 0 -1000.00 -1000.00 -1000.00 -1000.00 1.5488 2.0688 3.9961 61.9613 2.1365 -73.4017 0.1123 -0.0000 -0.0000 179 mini_cooperst
Motorcycle 1.00 1.00 0 0 0 0 0 0 0 0 -1000.00 -1000.00 -1000.00 -1000.00 1.6960 1.0692 2.4735 89.4800 2.1255 -86.7838 1.6980 0.0030 0.0001 180 harley_davidson_low_rider
Car 1.00 1.00 0 0 0 0 0 0 0 0 -1000.00 -1000.00 -1000.00 -1000.00 1.4477 1.5550 2.3177 170.3363 2.1507 -147.4589 -3.0202 0.0330 0.0000 181 bmw_isetta
Cyclist 1.00 1.00 0 0 0 0 0 0 0 0 -1000.00 -1000.00 -1000.00 -1000.00 1.7065 0.8593 1.4873 85.0624 2.0931 -57.7185 1.7426 0.0003 0.0009 182 bh_crossbike
Car 1.00 1.00 0 0 0 0 0 0 0 0 -1000.00 -1000.00 -1000.00 -1000.00 1.6011 2.1072 4.7392 -49.6900 1.5940 118.6862 -3.0088 0.0651 -0.0001 183 toyota_prius
Car 0.00 1.00 0 0 0 0 0 0 0 0 382.05 362.37 407.79 368.76 1.5488 2.0688 3.9961 -137.6500 2.1384 -141.4923 1.7275 -0.0000 -0.0001 184 mini_cooperst
Car 1.00 1.00 0 0 0 0 0 0 0 0 -1000.00 -1000.00 -1000.00 -1000.00 1.6980 1.9434 4.1871 -59.3079 2.1503 -264.8823 -1.4652 -0.0000 -0.0000 185 citroen_c3
Car 1.00 1.00 0 5 7 28 0 0 0 1 -1000.00 -1000.00 -1000.00 -1000.00 1.5765 1.9374 3.8150 148.3870 2.1213 34.3698 -2.9940 -0.0000 -0.0000 186 nissan_micra
Car 1.00 1.00 0 0 0 0 0 0 0 0 -1000.00 -1000.00 -1000.00 -1000.00 1.7506 2.3538 4.8416 86.6951 2.1332 -67.5997 1.7274 0.0000 -0.0000 187 bmw_grandtourer
Car 1.00 1.00 0 0 0 0 0 0 0 0 -1000.00 -1000.00 -1000.00 -1000.00 1.5488 2.0688 3.9961 92.2190 2.1389 -190.9973 -1.4739 0.0000 0.0000 188 mini_cooperst
Car 1.00 1.00 0 0 0 0 0 0 0 0 -1000.00 -1000.00 -1000.00 -1000.00 1.5488 2.0688 3.9961 -67.0314 2.1387 -159.9990 -1.4745 -0.0000 -0.0000 189 mini_cooperst
Car 1.00 1.00 0 0 0 0 0 0 0 0 -1000.00 -1000.00 -1000.00 -1000.00 1.6011 2.1072 4.7392 178.6963 2.1389 -142.7391 -3.0271 -0.0000 -0.0000 190 toyota_prius
Car 1.00 1.00 0 0 0 0 0 0 0 0 -1000.00 -1000.00 -1000.00 -1000.00 1.3660 1.9896 4.9534 68.5325 2.1308 65.6663 1.5891 -0.0014 -0.0001 191 mustang_mustang
Car 1.00 1.00 0 0 0 0 0 0 0 0 -1000.00 -1000.00 -1000.00 -1000.00 1.9476 2.0282 4.8347 -65.4751 2.1303 -299.5720 0.1342 -0.0004 0.0000 192 nissan_patrol
Pedestrian 1.00 1.00 0 0 0 0 0 0 0 0 -1000.00 -1000.00 -1000.00 -1000.00 1.9158 0.4880 0.7507 -49.4239 1.9581 -304.5581 -3.0123 -0.0000 -0.0000 193 pedestrian_0019
Pedestrian 0.00 1.00 0 0 0 0 0 0 0 0 420.12 365.34 425.39 372.95 1.1330 0.4333 0.6667 -84.4665 1.9408 -83.1115 0.9919 -0.0000 -0.0000 194 pedestrian_0010
Pedestrian 1.00 1.00 0 0 0 0 0 0 0 0 -1000.00 -1000.00 -1000.00 -1000.00 1.9158 0.4880 0.5825 35.3035 1.8992 -216.9373 -0.7042 -0.0000 -0.0000 195 pedestrian_0005
Pedestrian 1.00 1.00 0 0 0 0 0 0 0 0 -1000.00 -1000.00 -1000.00 -1000.00 1.9158 0.4880 0.5282 211.7803 2.1032 -58.2879 1.4276 -0.0000 -0.0000 196 pedestrian_0003
Pedestrian 1.00 1.00 0 0 0 0 0 0 0 0 -1000.00 -1000.00 -1000.00 -1000.00 1.9158 0.4880 0.5083 101.3773 -6.9912 108.9500 0.2178 -0.0000 -0.0000 197 pedestrian_0021
Pedestrian 0.00 1.00 0 0 0 0 0 0 0 0 894.06 360.07 895.63 364.02 1.9158 0.4880 0.7507 -270.6616 1.9517 -33.9351 1.6747 -0.0000 -0.0000 198 pedestrian_0003
Pedestrian 1.00 1.00 0 0 0 0 0 0 0 0 -1000.00 -1000.00 -1000.00 -1000.00 1.9158 0.4880 0.4620 -148.5076 1.9591 -312.9684 -0.1255 -0.0000 -0.0000 199 pedestrian_0004
Pedestrian 0.00 0.97 3 1 4 27 0 10 0 0 963.84 361.38 969.33 375.62 1.9158 0.4880 0.5690 -76.0340 2.1029 -1.3496 2.1317 -0.0000 -0.0000 200 pedestrian_0022
Pedestrian 1.00 1.00 0 0 0 0 0 0 0 0 -1000.00 -1000.00 -1000.00 -1000.00 1.3390 0.3253 0.2502 5.1445 1.9457 -180.3425 0.2417 -0.0000 -0.0000 201 pedestrian_0014
Pedestrian 1.00 1.00 0 0 0 0 0 0 0 0 -1000.00 -1000.00 -1000.00 -1000.00 1.9158 0.4880 0.4134 65.1969 1.9492 -58.7327 -1.4662 -0.0000 -0.0000 202 pedestrian_0022
Pedestrian 0.00 1.00 0 0 0 0 0 0 0 0 558.28 360.18 562.43 369.21 1.9158 0.4880 0.5871 -118.9742 1.9549 -87.2791 -3.0352 -0.0000 -0.0000 203 pedestrian_0023
Pedestrian 1.00 1.00 0 0 0 0 0 0 0 0 -1000.00 -1000.00 -1000.00 -1000.00 1.3390 0.3253 0.4841 143.6695 1.9452 -141.3553 1.5311 -0.0000 -0.0000 204 pedestrian_0012
Pedestrian 0.00 1.00 0 0 0 1 0 0 0 0 1038.13 361.19 1041.83 373.50 1.9158 0.4880 0.3825 -87.6478 2.1027 10.2582 -0.4140 -0.0000 -0.0000 205 pedestrian_0019
Pedestrian 0.00 1.00 0 0 0 0 0 0 0 0 1048.34 360.00 1050.87 365.47 1.9158 0.4880 0.7377 -195.5702 1.9155 29.2085 -2.4496 -0.0000 -0.0000 206 pedestrian_0005
Pedestrian 1.00 1.00 0 0 0 0 0 0 0 0 -1000.00 -1000.00 -1000.00 -1000.00 1.9158 0.4880 0.7507 228.7935 1.9500 -21.3690 1.6807 -0.0000 -0.0000 207 pedestrian_0026
Pedestrian 1.00 1.00 0 0 0 0 0 0 0 0 -1000.00 -1000.00 -1000.00 -1000.00 1.9158 0.4880 0.7507 77.5735 1.9527 -131.5296 1.6962 -0.0000 -0.0000 208 pedestrian_0015
Pedestrian 0.62 1.00 0 0 0 0 0 0 0 0 1917.94 364.47 1920.00 374.51 1.3390 0.3253 0.2665 -75.2211 1.9383 126.3423 -2.9792 -0.0000 -0.0000 209 pedestrian_0014
Pedestrian 0.00 1.00 0 0 0 0 0 0 0 0 1285.43 360.09 1288.41 365.70 1.9158 0.4880 0.7507 -190.7299 1.9470 109.6474 0.2785 -0.0000 -0.0000 210 pedestrian_0016
Pedestrian 1.00 1.00 0 0 0 0 0 0 0 0 -1000.00 -1000.00 -1000.00 -1000.00 1.3390 0.3253 0.2521 6.2073 1.8895 -151.1173 1.7668 -0.0000 -0.0000 211 pedestrian_0012
Pedestrian 1.00 1.00 5 3 9 86 0 0 7 0 -1000.00 -1000.00 -1000.00 -1000.00 1.1330 0.4333 0.6458 2.0406 1.8837 38.2747 -1.8077 -0.0000 -0.0000 212 pedestrian_0009
Pedestrian 1.00 1.00 0 0 0 0 0 0 0 0 -1000.00 -1000.00 -1000.00 -1000.00 1.1330 0.4333 0.4116 218.6013 1.9414 -148.2153 0.4823 -0.0000 -0.0000 213 pedestrian_0010
Pedestrian 0.00 1.00 0 0 0 0 0 0 0 0 1095.50 360.07 1097.34 364.24 1.9158 0.4880 0.7507 -256.4015 1.9496 60.6134 1.1571 -0.0000 -0.0000 214 pedestrian_0021
Pedestrian 1.00 1.00 0 2 3 6 1 0 0 0 -1000.00 -1000.00 -1000.00 -1000.00 1.9158 0.4880 0.3807 6.2437 1.8982 -150.0572 -1.4658 -0.0000 -0.0000 215 pedestrian_0018
Pedestrian 0.00 1.00 0 0 0 0 0 0 0 0 182.54 360.11 184.75 365.32 1.9158 0.4880 0.4679 -205.3015 1.9571 -288.3608 -0.6086 -0.0000 -0.0000 216 pedestrian_0020
Pedestrian 1.00 1.00 0 0 0 0 0 0 0 0 -1000.00 -1000.00 -1000.00 -1000.00 1.9158 0.4880 0.7507 68.0338 2.1039 -69.7578 -1.4378 -0.0000 -0.0000 217 pedestrian_0017
Pedestrian 1.00 1.00 0 0 0 0 0 0 0 0 -1000.00 -1000.00 -1000.00 -1000.00 1.9158 0.4880 0.7507 -101.3986 1.9202 -250.8505 -0.0094 -0.0000 -0.0000 218 pedestrian_0007
Pedestrian 0.00 1.00 0 0 0 1 0 0 0 0 1011.49 366.78 1015.30 374.91 1.1330 0.4333 0.4743 -79.0608 2.0913 5.2770 1.3265 -0.0000 -0.0000 219 pedestrian_0010
Pedestrian 0.00 0.07 52 67 104 542 0 25 0 0 859.00 358.63 883.04 432.84 1.9158 0.4880 0.5045 -15.6837 1.8950 -4.5609 -1.8425 -0.0000 -0.0000 220 pedestrian_0023
Pedestrian 1.00 1.00 0 0 0 0 0 0 0 0 -1000.00 -1000.00 -1000.00 -1000.00 1.9158 0.4880 0.4986 58.0904 2.0516 -222.1686 -0.0150 -0.0000 -0.0000 221 pedestrian_0024
Pedestrian 0.00 1.00 0 0 0 0 0 0 0 0 301.54 362.50 304.35 366.17 1.1330 0.4333 0.3774 -172.8062 1.9103 -205.8702 -1.3465 -0.0000 -0.0000 222 pedestrian_0011
Pedestrian 0.00 1.00 0 0 0 0 0 0 0 0 1166.57 360.08 1168.84 364.65 1.9158 0.4880 0.7492 -233.8054 1.9492 84.9898 0.6798 -0.0000 -0.0000 223 pedestrian_0016
Pedestrian 1.00 1.00 0 0 0 0 0 0 0 0 -1000.00 -1000.00 -1000.00 -1000.00 1.9158 0.4880 0.5027 220.6829 -8.0495 -142.4694 1.7183 -0.0000 -0.0000 224 pedestrian_0017
Pedestrian 1.00 1.00 0 0 0 3 0 0 0 0 -1000.00 -1000.00 -1000.00 -1000.00 1.9158 0.4880 0.7507 158.2324 -7.9195 48.5318 1.7829 -0.0000 -0.0000 225 pedestrian_0001
Pedestrian 1.00 1.00 0 0 0 0 0 0 0 0 -1000.00 -1000.00 -1000.00 -1000.00 1.9158 0.4880 0.7507 -71.8116 2.1066 -180.3880 1.6898 -0.0000 -0.0000 226 pedestrian_0003
Pedestrian 1.00 1.00 0 0 0 0 0 0 0 0 -1000.00 -1000.00 -1000.00 -1000.00 1.9158 0.4880 0.7507 42.6844 1.8988 -198.5289 -0.5544 -0.0000 -0.0000 227 pedestrian_0007
Pedestrian 1.00 1.00 0 0 0 0 0 0 0 0 -1000.00 -1000.00 -1000.00 -1000.00 1.1330 0.4333 0.3939 9.3581 1.9248 -181.0744 2.7646 -0.0000 -0.0000 228 pedestrian_0010
Pedestrian 0.00 0.27 7 16 19 86 0 6 0 0 834.24 376.82 843.41 400.06 1.1330 0.4333 0.5649 -28.3016 1.9375 -8.2024 -2.8272 -0.0000 -0.0000 229 pedestrian_0010
Pedestrian 1.00 1.00 0 0 0 0 0 0 0 0 -1000.00 -1000.00 -1000.00 -1000.00 1.3390 0.3253 0.4540 74.3623 1.9439 -99.2683 1.5586 -0.0000 -0.0000 230 pedestrian_0013
Pedestrian 1.00 1.00 0 0 0 0 0 0 0 0 -1000.00 -1000.00 -1000.00 -1000.00 1.3390 0.3253 0.4591 89.1435 1.8846 70.4970 3.0386 -0.0000 -0.0000 231 pedestrian_0013
Pedestrian 1.00 1.00 9 19 25 116 2 0 0 0 -1000.00 -1000.00 -1000.00 -1000.00 1.9158 0.4880 0.7507 9.8457 1.8982 -40.0151 -1.4127 -0.0000 -0.0000 232 pedestrian_0020
Pedestrian 1.00 1.00 0 0 0 0 0 0 0 0 -1000.00 -1000.00 -1000.00 -1000.00 1.9158 0.4880 0.7422 146.8988 1.8950 -15.7927 -1.4568 -0.0000 -0.0000 233 pedestrian_0021
Pedestrian 0.00 1.00 0 0 0 0 0 0 0 0 636.98 363.59 638.89 367.86 1.1330 0.4333 0.4350 -148.8980 2.0935 -88.1601 0.5409 -0.0000 -0.0000 234 pedestrian_0009
Pedestrian 1.00 1.00 0 0 0 0 0 0 0 0 -1000.00 -1000.00 -1000.00 -1000.00 1.9158 0.4880 0.5026 182.2584 1.9522 -46.8297 -3.0336 -0.0000 -0.0000 235 pedestrian_0006
Pedestrian 0.00 1.00 0 0 0 0 0 0 0 0 685.96 362.30 687.96 365.66 1.1330 0.4333 0.4902 -188.0524 1.9089 -94.3686 -1.4528 -0.0000 -0.0000 236 pedestrian_0009
Pedestrian 1.00 1.00 0 0 0 0 0 0 0 0 -1000.00 -1000.00 -1000.00 -1000.00 1.9158 0.4880 0.7507 -31.4811 1.9541 -184.3180 0.1231 -0.0000 -0.0000 237 pedestrian_0026
Pedestrian 0.00 0.97 0 1 2 3 0 0 0 0 1075.03 360.19 1079.26 371.14 1.9158 0.4880 0.5565 -98.3564 1.9501 18.3284 1.8963 -0.0000 -0.0000 238 pedestrian_0021
Pedestrian 1.00 1.00 0 0 0 0 0 0 0 0 -1000.00 -1000.00 -1000.00 -1000.00 1.3390 0.3253 0.5005 -34.8082 1.9124 -69.8969 -3.1368 -0.0000 -0.0000 239 pedestrian_0012
Pedestrian 0.00 1.00 0 0 0 0 0 0 0 0 511.09 360.09 513.67 364.40 1.9158 0.4880 0.7507 -247.6973 1.9554 -201.4463 1.7233 -0.0000 -0.0000 240 pedestrian_0020
Pedestrian 1.00 1.00 0 0 0 0 0 0 0 0 -1000.00 -1000.00 -1000.00 -1000.00 1.1330 0.4333 0.4188 136.5036 -8.0747 -279.3014 3.0887 -0.0000 -0.0000 241 pedestrian_0011
Pedestrian 0.00 1.00 0 0 0 0 0 0 0 0 518.49 360.01 521.94 365.82 1.9158 0.4880 0.7507 -183.8925 1.9176 -147.3302 1.7592 -0.0000 -0.0000 242 pedestrian_0002
Pedestrian 1.00 1.00 0 0 1 0 0 0 0 0 -1000.00 -1000.00 -1000.00 -1000.00 1.3390 0.3253 0.3908 20.1564 1.9432 -67.9597 -3.0233 -0.0000 -0.0000 243 pedestrian_0014
Pedestrian 0.00 1.00 0 0 0 0 0 0 0 0 380.00 360.22 386.92 371.08 1.9158 0.4880 0.7507 -99.2717 1.9557 -104.4245 -3.0144 -0.0000 -0.0000 244 pedestrian_0006
Pedestrian 1.00 1.00 0 0 0 0 0 0 0 0 -1000.00 -1000.00 -1000.00 -1000.00 1.9158 0.4880 0.6501 196.1754 -8.0514 -241.8534 -2.2121 -0.0000 -0.0000 245 pedestrian_0020
Pedestrian 1.00 1.00 0 0 0 1 0 0 0 0 -1000.00 -1000.00 -1000.00 -1000.00 1.9158 0.4880 0.7507 196.2901 1.9509 41.5911 2.9852 -0.0000 -0.0000 246 pedestrian_0022
Pedestrian 1.00 1.00 0 0 0 0 0 0 0 0 -1000.00 -1000.00 -1000.00 -1000.00 1.9158 0.4880 0.7253 81.2583 2.1042 -85.3439 0.0729 -0.0000 -0.0000 247 pedestrian_0002
Pedestrian 1.00 1.00 1 3 4 7 0 0 0 0 -1000.00 -1000.00 -1000.00 -1000.00 1.9158 0.4880 0.7483 74.5820 2.1018 30.8502 -3.1026 -0.0000 -0.0000 248 pedestrian_0022
Pedestrian 0.00 1.00 0 1 0 3 0 0 0 0 1116.24 360.19 1121.44 371.12 1.9158 0.4880 0.7507 -98.5098 1.9500 25.6933 -1.4567 -0.0000 -0.0000 249 pedestrian_0006
Pedestrian 1.00 1.00 0 0 0 0 0 0 0 0 -1000.00 -1000.00 -1000.00 -1000.00 1.9158 0.4880 0.4717 26.7036 2.0533 -177.9800 2.9348 -0.0000 -0.0000 250 pedestrian_0019
Pedestrian 0.00 1.00 0 0 0 0 0 0 0 0 1097.71 360.00 1100.45 366.11 1.9158 0.4880 0.7507 -175.3527 1.9169 41.5013 0.3832 -0.0000 -0.0000 251 pedestrian_0018
Pedestrian 0.00 1.00 0 0 0 0 0 0 0 0 1095.62 360.07 1097.33 364.25 1.9158 0.4880 0.6480 -255.6052 1.9497 60.4443 -2.1072 -0.0000 -0.0000 252 pedestrian_0007
Pedestrian 1.00 1.00 1 3 2 10 0 0 0 0 -1000.00 -1000.00 -1000.00 -1000.00 1.9158 0.4880 0.6435 83.4150 2.1020 19.5150 1.6667 -0.0000 -0.0000 253 pedestrian_0008
Pedestrian 0.00 1.00 0 0 0 0 0 0 0 0 859.44 360.08 860.56 364.05 1.9158 0.4880 0.5183 -268.3307 1.9521 -50.4640 -1.4185 -0.0000 -0.0000 254 pedestrian_0022
Pedestrian 1.00 1.00 0 0 0 0 0 0 0 0 -1000.00 -1000.00 -1000.00 -1000.00 1.9158 0.4880 0.5329 -72.5281 1.9462 127.8127 -2.9890 -0.0000 -0.0000 255 pedestrian_0024
Pedestrian 1.00 1.00 0 0 0 0 0 0 0 0 -1000.00 -1000.00 -1000.00 -1000.00 1.1330 0.4333 0.5582 65.0344 1.9396 -45.5344 1.7371 -0.0000 -0.0000 256 pedestrian_0011
Pedestrian 1.00 1.00 0 0 0 0 0 0 0 0 -1000.00 -1000.00 -1000.00 -1000.00 1.9158 0.4880 0.4048 85.5940 1.9048 -201.9635 1.0956 -0.0000 -0.0000 257 pedestrian_0006
Pedestrian 1.00 1.00 0 0 0 0 0 0 0 0 -1000.00 -1000.00 -1000.00 -1000.00 1.9158 0.4880 0.4332 162.9799 1.8988 -194.1930 0.9856 -0.0000 -0.0000 258 pedestrian_0005
Pedestrian 1.00 1.00 0 0 0 0 0 0 0 0 -1000.00 -1000.00 -1000.00 -1000.00 1.9158 0.4880 0.3833 7.2267 2.1062 -172.5924 -1.5232 -0.0000 -0.0000 259 pedestrian_0003
Pedestrian 1.00 1.00 0 0 0 0 0 0 0 0 -1000.00 -1000.00 -1000.00 -1000.00 1.9158 0.4880 0.5885 99.5854 -6.9720 108.5899 3.1027 -0.0000 -0.0000 260 pedestrian_0001
Pedestrian 1.00 1.00 0 0 0 0 0 0 0 0 -1000.00 -1000.00 -1000.00 -1000.00 1.3390 0.3253 0.4882 15.9242 1.8888 -95.6322 -1.3851 -0.0000 -0.0000 261 pedestrian_0014
Pedestrian 0.00 1.00 0 0 0 0 0 0 0 0 615.80 360.06 618.55 365.94 1.9158 0.4880 0.7394 -181.9773 1.9363 -114.1587 0.0992 -0.0000 -0.0000 262 pedestrian_0020
Pedestrian 0.00 1.00 0 0 0 0 0 0 0 0 614.58 360.00 617.09 365.32 1.9158 0.4880 0.6221 -200.9600 1.9148 -126.3829 1.6851 -0.0000 -0.0000 263 pedestrian_0025
Pedestrian 1.00 1.00 9 6 11 139 0 0 9 0 -1000.00 -1000.00 -1000.00 -1000.00 1.9158 0.4880 0.4438 3.0761 1.8939 41.4422 -1.9747 -0.0000 -0.0000 264 pedestrian_0026
Pedestrian 0.00 1.00 0 0 0 0 0 0 0 0 186.48 360.11 189.07 365.31 1.9158 0.4880 0.4382 -205.7719 1.9581 -287.4927 -0.3411 -0.0000 -0.0000 265 pedestrian_0025
Pedestrian 1.00 1.00 0 0 0 2 0 0 0 0 -1000.00 -1000.00 -1000.00 -1000.00 1.3390 0.3253 0.2502 8.7712 1.9455 -180.8863 2.1165 -0.0000 -0.0000 266 pedestrian_0013
Pedestrian 1.00 1.00 0 0 0 0 0 0 0 0 -1000.00 -1000.00 -1000.00 -1000.00 1.9158 0.4880 0.3819 107.5603 1.9534 -170.2136 2.7083 -0.0000 -0.0000 267 pedestrian_0015
Pedestrian 1.00 1.00 0 0 0 0 0 0 0 0 -1000.00 -1000.00 -1000.00 -1000.00 1.9158 0.4880 0.3769 141.8961 1.9468 -139.7451 1.1000 -0.0000 -0.0000 268 pedestrian_0021
Pedestrian 0.00 1.00 0 0 0 0 0 0 0 0 1449.14 363.26 1452.41 367.88 1.1330 0.4333 0.4221 -137.4993 1.9370 118.5947 -2.9997 -0.0000 -0.0000 269 pedestrian_0010
Pedestrian 1.00 1.00 15 14 29 129 0 0 0 9 -1000.00 -1000.00 -1000.00 -1000.00 1.9158 0.4880 0.4992 34.2928 1.9514 2.7376 0.1441 -0.0000 -0.0000 270 pedestrian_0023
Pedestrian 0.00 1.00 0 0 0 0 0 0 0 0 973.43 361.48 974.94 364.99 1.3390 0.3253 0.5005 -213.0325 1.9073 3.1850 -1.9142 -0.0000 -0.0000 271 pedestrian_0013
Pedestrian 1.00 1.00 0 0 0 0 0 0 0 0 -1000.00 -1000.00 -1000.00 -1000.00 1.9158 0.4880 0.5781 -61.3493 1.9580 -306.5133 -2.8700 -0.0000 -0.0000 272 pedestrian_0016
Pedestrian 1.00 1.00 0 0 0 0 0 0 0 0 -1000.00 -1000.00 -1000.00 -1000.00 1.3390 0.3253 0.2711 -64.9632 1.9490 -250.6867 1.5815 -0.0000 -0.0000 273 pedestrian_0014
Pedestrian 1.00 1.00 0 0 0 0 0 0 0 0 -1000.00 -1000.00 -1000.00 -1000.00 1.9158 0.4880 0.5957 45.9474 1.8991 -221.8915 -0.3722 -0.0000 -0.0000 274 pedestrian_0019
Pedestrian 0.00 1.00 0 0 0 0 0 0 0 0 605.08 361.88 607.08 366.17 1.3390 0.3253 0.4935 -174.4832 1.9287 -112.9950 -3.0854 -0.0000 -0.0000 275 pedestrian_0013
Pedestrian 1.00 1.00 0 0 0 0 0 0 0 0 -1000.00 -1000.00 -1000.00 -1000.00 1.9158 0.4880 0.7507 -68.5015 1.9550 -225.4884 1.6655 -0.0000 -0.0000 276 pedestrian_0023
Pedestrian 1.00 1.00 0 0 0 0 0 0 0 0 -1000.00 -1000.00 -1000.00 -1000.00 1.1330 0.4333 0.6667 26.6316 1.9062 -28.0553 3.0019 -0.0000 -0.0000 277 pedestrian_0011
Pedestrian 1.00 1.00 0 0 0 0 0 0 0 0 -1000.00 -1000.00 -1000.00 -1000.00 1.3390 0.3253 0.2691 11.5415 2.0409 -90.8736 -1.9144 -0.0000 -0.0000 278 pedestrian_0012
Pedestrian 1.00 1.00 0 0 0 0 0 0 0 0 -1000.00 -1000.00 -1000.00 -1000.00 1.9158 0.4880 0.5213 148.7123 -8.0589 -235.5035 0.6486 -0.0000 -0.0000 279 pedestrian_0015
Pedestrian 1.00 1.00 0 0 0 0 0 0 0 0 -1000.00 -1000.00 -1000.00 -1000.00 1.9158 0.4880 0.7507 73.7645 1.9532 -101.9658 -1.4880 -0.0000 -0.0000 280 pedestrian_0017
Pedestrian 1.00 1.00 0 0 0 0 0 0 0 0 -1000.00 -1000.00 -1000.00 -1000.00 1.9158 0.4880 0.7507 194.1654 -7.9236 54.4182 -1.4239 -0.0000 -0.0000 281 pedestrian_0005
Pedestrian 1.00 1.00 0 0 0 0 0 0 0 0 -1000.00 -1000.00 -1000.00 -1000.00 1.1330 0.4333 0.3498 95.9867 2.0850 -201.5775 -1.2254 -0.0000 -0.0000 282 pedestrian_0009
Pedestrian 0.00 1.00 0 0 0 0 0 0 0 0 740.31 362.22 742.64 365.50 1.1330 0.4333 0.6667 -193.3775 1.9051 -78.0735 1.7080 -0.0000 -0.0000 283 pedestrian_0009
Pedestrian 1.00 1.00 0 0 0 0 0 0 0 0 -1000.00 -1000.00 -1000.00 -1000.00 1.1330 0.4333 0.4160 200.6457 1.9395 -62.2447 -3.0303 -0.0000 -0.0000 284 pedestrian_0009
Pedestrian 0.00 0.05 16 22 39 1858 0 5 8 0 1567.72 361.00 1595.09 427.00 1.9158 0.4880 0.4165 -17.6221 1.9499 16.3845 0.3151 -0.0000 -0.0000 285 pedestrian_0024
Pedestrian 1.00 1.00 0 0 0 1 1 0 0 0 -1000.00 -1000.00 -1000.00 -1000.00 1.9158 0.4880 0.3916 9.0133 1.9271 -181.8372 -2.1806 -0.0000 -0.0000 286 pedestrian_0023
Pedestrian 0.00 0.94 0 0 0 4 0 0 0 0 1260.62 360.00 1265.39 369.82 1.9158 0.4880 0.7507 -109.5288 1.9156 57.0708 0.0805 -0.0000 -0.0000 287 pedestrian_0015
Pedestrian 1.00 1.00 0 0 0 0 0 0 0 0 -1000.00 -1000.00 -1000.00 -1000.00 1.9158 0.4880 0.7507 36.4258 -4.6466 -256.5904 0.1353 -0.0000 -0.0000 288 pedestrian_0025
Pedestrian 1.00 1.00 0 0 0 0 0 0 0 0 -1000.00 -1000.00 -1000.00 -1000.00 1.1330 0.4333 0.4903 161.2581 -7.5264 115.7151 -0.7557 -0.0000 -0.0000 289 pedestrian_0009
Pedestrian 1.00 1.00 0 0 0 0 0 0 0 0 -1000.00 -1000.00 -1000.00 -1000.00 1.9158 0.4880 0.7507 150.6523 2.1051 -142.6979 0.1079 -0.0000 -0.0000 290 pedestrian_0019
Pedestrian 0.00 1.00 0 0 0 0 0 0 0 0 1273.56 360.14 1277.29 370.56 1.9158 0.4880 0.3754 -103.3126 1.9425 55.9654 -0.9441 -0.0000 -0.0000 291 pedestrian_0007
Pedestrian 0.00 1.00 0 0 0 0 0 0 0 0 968.19 360.07 969.73 363.97 1.9158 0.4880 0.7341 -273.1869 1.9496 2.1600 -1.6310 -0.0000 -0.0000 292 pedestrian_0021
Pedestrian 0.00 1.00 0 0 0 0 0 0 0 0 141.94 366.39 152.16 380.69 1.3390 0.3253 0.4345 -53.3266 1.9440 -78.9368 -3.0915 -0.0000 -0.0000 293 pedestrian_0014
Pedestrian 1.00 1.00 0 0 0 0 0 0 0 0 -1000.00 -1000.00 -1000.00 -1000.00 1.9158 0.4880 0.7475 3.1645 -4.6068 136.6763 -2.9995 -0.0000 -0.0000 294 pedestrian_0002
Pedestrian 1.00 1.00 2 3 4 44 0 0 0 0 -1000.00 -1000.00 -1000.00 -1000.00 1.9158 0.4880 0.5059 55.2355 1.9495 29.0581 -3.1338 -0.0000 -0.0000 295 pedestrian_0026
Pedestrian 1.00 1.00 0 0 0 0 0 0 0 0 -1000.00 -1000.00 -1000.00 -1000.00 1.9158 0.4880 0.7301 127.8189 1.9510 -54.2190 -0.0045 -0.0000 -0.0000 296 pedestrian_0020
Pedestrian 1.00 1.00 0 0 0 0 0 0 0 0 -1000.00 -1000.00 -1000.00 -1000.00 1.9158 0.4880 0.7311 128.9813 1.8962 -21.6534 1.8228 -0.0000 -0.0000 297 pedestrian_0016
Pedestrian 0.00 0.71 1 1 1 13 0 0 0 0 1033.79 360.19 1037.44 371.47 1.9158 0.4880 0.3754 -95.4698 1.9482 10.6434 -0.8031 -0.0000 -0.0000 298 pedestrian_0024
Pedestrian 1.00 1.00 0 0 0 0 0 0 0 0 -1000.00 -1000.00 -1000.00 -1000.00 1.9158 0.4880 0.6736 171.2841 -8.0481 -45.9964 -1.4414 -0.0000 -0.0000 299 pedestrian_0001
Pedestrian 0.00 1.00 0 0 0 0 0 0 0 0 903.75 360.01 905.89 365.39 1.9158 0.4880 0.7507 -198.7138 1.9180 -21.9218 1.6911 -0.0000 -0.0000 300 pedestrian_0025
Pedestrian 1.00 1.00 0 0 0 0 0 0 0 0 -1000.00 -1000.00 -1000.00 -1000.00 1.9158 0.4880 0.7507 -49.6540 1.9549 -220.4938 1.6814 -0.0000 -0.0000 301 pedestrian_0016
Pedestrian 0.00 1.00 0 0 0 0 0 0 0 0 500.47 360.01 503.12 365.88 1.9158 0.4880 0.6007 -182.1403 1.9189 -151.9596 -1.0332 -0.0000 -0.0000 302 pedestrian_0006
Pedestrian 0.00 1.00 0 0 0 0 0 0 0 0 1062.41 363.44 1065.33 371.14 1.3390 0.3253 0.4050 -97.8854 1.9418 15.9091 1.8002 -0.0000 -0.0000 303 pedestrian_0012
Pedestrian 0.00 1.00 0 0 0 0 0 0 0 0 466.49 360.09 469.19 364.45 1.9158 0.4880 0.7507 -244.9740 1.9556 -218.8498 1.8270 -0.0000 -0.0000 304 pedestrian_0024
Pedestrian 0.00 1.00 0 0 0 0 0 0 0 0 1582.05 362.99 1585.39 369.68 1.3390 0.3253 0.3158 -112.2835 1.9396 122.9502 -3.0299 -0.0000 -0.0000 305 pedestrian_0013
Pedestrian 0.00 1.00 0 0 0 0 0 0 0 0 629.07 361.77 630.70 364.25 1.1330 0.4333 0.5417 -254.9520 1.9454 -153.4728 -1.3187 -0.0000 -0.0000 306 pedestrian_0011
Pedestrian 1.00 1.00 0 0 0 0 0 0 0 0 -1000.00 -1000.00 -1000.00 -1000.00 1.9158 0.4880 0.7333 108.8786 1.9536 -177.1771 -1.1240 -0.0000 -0.0000 307 pedestrian_0024
Pedestrian 0.00 1.00 0 0 0 0 0 0 0 0 859.87 360.07 860.72 364.01 1.9158 0.4880 0.3907 -270.9512 1.9521 -50.7959 -1.4337 -0.0000 -0.0000 308 pedestrian_0004
Pedestrian 1.00 1.00 0 1 0 8 0 0 0 0 -1000.00 -1000.00 -1000.00 -1000.00 1.9158 0.4880 0.5357 56.4793 1.9494 29.5532 -3.0930 -0.0000 -0.0000 309 pedestrian_0019
Pedestrian 1.00 1.00 0 0 0 0 0 0 0 0 -1000.00 -1000.00 -1000.00 -1000.00 1.3390 0.3253 0.5005 -18.0611 1.9426 -73.6813 -3.0067 -0.0000 -0.0000 310 pedestrian_0012
Pedestrian 1.00 1.00 0 0 0 0 0 0 0 0 -1000.00 -1000.00 -1000.00 -1000.00 1.9158 0.4880 0.4781 27.8121 2.0508 -178.2406 2.9356 -0.0000 -0.0000 311 pedestrian_0022
Pedestrian 1.00 1.00 0 0 0 0 0 0 0 0 -1000.00 -1000.00 -1000.00 -1000.00 1.9158 0.4880 0.7507 114.7725 1.9533 -166.6057 -2.9900 -0.0000 -0.0000 312 pedestrian_0018
Pedestrian 1.00 1.00 0 5 9 43 0 0 0 0 -1000.00 -1000.00 -1000.00 -1000.00 1.9158 0.4880 0.6909 57.8124 2.1019 28.0188 0.1741 -0.0000 -0.0000 313 pedestrian_0022
Pedestrian 1.00 1.00 0 0 0 0 0 0 0 0 -1000.00 -1000.00 -1000.00 -1000.00 1.9158 0.4880 0.3891 55.0932 1.9533 -155.5366 -2.0741 -0.0000 -0.0000 314 pedestrian_0005
Pedestrian 1.00 1.00 0 0 0 0 0 0 0 0 -1000.00 -1000.00 -1000.00 -1000.00 1.9158 0.4880 0.4108 95.4672 1.9501 -57.6806 -3.0056 -0.0000 -0.0000 315 pedestrian_0018
Pedestrian 0.00 1.00 0 0 0 0 0 0 0 0 922.76 360.07 924.22 363.99 1.9158 0.4880 0.7104 -272.4322 1.9513 -20.1182 1.6483 -0.0000 -0.0000 316 pedestrian_0024
Pedestrian 0.00 1.00 0 0 0 0 0 0 0 0 497.64 360.00 500.41 365.87 1.9158 0.4880 0.6157 -182.4151 1.9160 -153.0940 -1.0703 -0.0000 -0.0000 317 pedestrian_0002
Pedestrian 1.00 1.00 0 0 0 0 0 0 0 0 -1000.00 -1000.00 -1000.00 -1000.00 1.3390 0.3253 0.3385 -76.5352 1.9459 -149.6492 1.4776 -0.0000 -0.0000 318 pedestrian_0013
Pedestrian 1.00 1.00 0 0 0 0 0 0 0 0 -1000.00 -1000.00 -1000.00 -1000.00 1.9158 0.4880 0.7507 144.1246 1.8971 -135.3051 1.5492 -0.0000 -0.0000 319 pedestrian_0018
Pedestrian 1.00 1.00 0 0 0 0 0 0 0 0 -1000.00 -1000.00 -1000.00 -1000.00 1.9158 0.4880 0.6895 58.8749 1.8992 -222.8799 -0.0686 -0.0000 -0.0000 320 pedestrian_0006
Pedestrian 0.00 1.00 0 0 0 0 0 0 0 0 516.81 360.09 519.36 364.38 1.9158 0.4880 0.7507 -248.9478 1.9567 -199.9054 1.7614 -0.0000 -0.0000 321 pedestrian_0021
Pedestrian 1.00 1.00 0 0 0 0 0 0 0 0 -1000.00 -1000.00 -1000.00 -1000.00 1.1330 0.4333 0.5468 94.9507 2.0924 -68.7871 1.5272 -0.0000 -0.0000 322 pedestrian_0010
Pedestrian 1.00 1.00 0 0 0 0 0 0 0 0 -1000.00 -1000.00 -1000.00 -1000.00 1.9158 0.4880 0.3754 142.9468 1.8941 13.2680 1.8923 -0.0000 -0.0000 323 pedestrian_0022
Pedestrian 1.00 1.00 0 0 0 0 0 0 0 0 -1000.00 -1000.00 -1000.00 -1000.00 1.9158 0.4880 0.7507 30.7863 1.9515 -66.0251 0.1116 -0.0000 -0.0000 324 pedestrian_0015
Pedestrian 0.00 0.66 1 6 6 22 0 1 0 0 1091.45 360.37 1098.66 379.88 1.9158 0.4880 0.6511 -55.8281 1.9530 11.1092 0.1353 -0.0000 -0.0000 325 pedestrian_0005
Pedestrian 1.00 1.00 0 0 0 0 0 0 0 0 -1000.00 -1000.00 -1000.00 -1000.00 1.9158 0.4880 0.6192 217.2138 -8.0465 -119.0908 -1.4313 -0.0000 -0.0000 326 pedestrian_0006
Pedestrian 0.00 1.00 0 0 0 0 0 0 0 0 161.29 360.26 171.82 373.92 1.9158 0.4880 0.7507 -79.0565 1.9531 -113.9294 -1.5103 -0.0000 -0.0000 327 pedestrian_0002
Pedestrian 0.00 1.00 0 0 0 0 0 0 0 0 205.70 361.39 215.42 375.66 1.9158 0.4880 0.6512 -75.9264 2.1050 -103.5024 -2.8501 -0.0000 -0.0000 328 pedestrian_0015
Pedestrian 0.00 1.00 0 0 0 2 0 0 0 0 1676.07 360.18 1684.42 371.13 1.9158 0.4880 0.7507 -98.3777 1.9469 124.2524 -3.0124 -0.0000 -0.0000 329 pedestrian_0005
Pedestrian 0.00 1.00 0 0 0 0 0 0 0 0 573.20 361.80 575.32 364.31 1.1330 0.4333 0.6667 -251.3704 1.9450 -176.4624 1.7636 -0.0000 -0.0000 330 pedestrian_0010
Pedestrian 1.00 1.00 0 0 0 0 0 0 0 0 -1000.00 -1000.00 -1000.00 -1000.00 1.9158 0.4880 0.6701 64.1055 1.9509 -44.3436 -1.4783 -0.0000 -0.0000 331 pedestrian_0001
Pedestrian 0.00 1.00 0 0 0 3 0 0 0 0 837.97 360.21 841.63 371.96 1.9158 0.4880 0.3843 -91.6598 1.9509 -21.8937 3.0323 -0.0000 -0.0000 332 pedestrian_0017
Pedestrian 1.00 1.00 0 0 0 0 0 0 0 0 -1000.00 -1000.00 -1000.00 -1000.00 1.9158 0.4880 0.5955 85.8991 2.1041 -83.1214 0.1397 -0.0000 -0.0000 333 pedestrian_0023
Pedestrian 0.00 1.00 0 0 0 0 0 0 0 0 1225.93 362.61 1228.40 368.77 1.3390 0.3253 0.4011 -121.8525 1.9090 55.9968 0.0820 -0.0000 -0.0000 334 pedestrian_0013
Pedestrian 1.00 1.00 14 11 21 991 0 0 3 3 -1000.00 -1000.00 -1000.00 -1000.00 1.9158 0.4880 0.6621 25.5384 1.9497 23.2178 -2.8109 -0.0000 -0.0000 335 pedestrian_0019
Pedestrian 0.00 1.00 0 0 0 0 0 0 0 0 1274.16 360.03 1277.89 370.35 1.9158 0.4880 0.3754 -104.1211 1.9212 56.5366 -0.0636 -0.0000 -0.0000 336 pedestrian_0017
Pedestrian 0.00 1.00 0 0 0 0 0 0 0 0 210.04 360.11 213.48 365.21 1.9158 0.4880 0.7507 -209.6601 1.9568 -283.8809 2.4614 -0.0000 -0.0000 337 pedestrian_0025
Pedestrian 1.00 1.00 0 0 0 0 0 0 0 0 -1000.00 -1000.00 -1000.00 -1000.00 1.9158 0.4880 0.4866 136.1933 -8.0629 -278.7665 2.6772 -0.0000 -0.0000 338 pedestrian_0006
Pedestrian 1.00 1.00 0 0 0 0 0 0 0 0 -1000.00 -1000.00 -1000.00 -1000.00 1.1330 0.4333 0.5828 151.7677 -8.0677 -233.2852 0.5934 -0.0000 -0.0000 339 pedestrian_0011
Pedestrian 1.00 1.00 0 0 0 0 0 0 0 0 -1000.00 -1000.00 -1000.00 -1000.00 1.1330 0.4333 0.3893 144.0878 1.8867 -129.8518 -1.4040 -0.0000 -0.0000 340 pedestrian_0011
Pedestrian 1.00 1.00 0 0 0 0 0 0 0 0 -1000.00 -1000.00 -1000.00 -1000.00 1.3390 0.3253 0.3150 195.3657 1.9460 -136.0550 -2.9654 -0.0000 -0.0000 341 pedestrian_0013
Pedestrian 1.00 1.00 0 0 0 0 0 0 0 0 -1000.00 -1000.00 -1000.00 -1000.00 1.9158 0.4880 0.7507 225.2149 1.9504 4.2132 1.7102 -0.0000 -0.0000 342 pedestrian_0007
Pedestrian 1.00 1.00 0 0 1 4 0 0 0 0 -1000.00 -1000.00 -1000.00 -1000.00 1.9158 0.4880 0.3785 6.6523 1.8972 -156.3624 1.7369 -0.0000 -0.0000 343 pedestrian_0021
Pedestrian 1.00 1.00 0 0 0 0 0 0 0 0 -1000.00 -1000.00 -1000.00 -1000.00 1.1330 0.4333 0.5868 197.1535 -8.0614 -240.8983 -2.2725 -0.0000 -0.0000 344 pedestrian_0010
Pedestrian 1.00 1.00 2 1 3 18 4 0 0 0 -1000.00 -1000.00 -1000.00 -1000.00 1.9158 0.4880 0.3831 0.9486 2.0751 -80.9362 -2.0121 -0.0000 -0.0000 345 pedestrian_0021
Pedestrian 1.00 1.00 1 0 4 23 0 0 0 0 -1000.00 -1000.00 -1000.00 -1000.00 1.3390 0.3253 0.3079 56.2006 2.0937 18.9518 -1.3208 -0.0000 -0.0000 346 pedestrian_0014
Pedestrian 1.00 1.00 0 0 0 1 0 0 0 0 -1000.00 -1000.00 -1000.00 -1000.00 1.9158 0.4880 0.5625 5.9505 2.1061 -166.3490 -1.3092 -0.0000 -0.0000 347 pedestrian_0023
Pedestrian 0.00 1.00 0 0 0 0 0 0 0 0 676.96 360.44 678.96 365.97 1.9158 0.4880 0.7507 -193.6555 2.0693 -100.2581 0.6585 -0.0000 -0.0000 348 pedestrian_0008
Pedestrian 0.00 1.00 0 0 0 0 0 0 0 0 835.33 360.08 837.01 364.07 1.9158 0.4880 0.7507 -267.3399 1.9523 -61.7361 -1.4318 -0.0000 -0.0000 349 pedestrian_0006
Pedestrian 1.00 1.00 0 0 0 0 0 0 0 0 -1000.00 -1000.00 -1000.00 -1000.00 1.9158 0.4880 0.4524 83.6394 1.8991 -220.4923 0.0181 -0.0000 -0.0000 350 pedestrian_0022
Pedestrian 1.00 1.00 0 0 0 0 0 0 0 0 -1000.00 -1000.00 -1000.00 -1000.00 1.9158 0.4880 0.6699 10.6941 2.0826 -180.2665 3.0942 -0.0000 -0.0000 351 pedestrian_0023
Pedestrian 1.00 1.00 0 0 0 0 0 0 0 0 -1000.00 -1000.00 -1000.00 -1000.00 1.9158 0.4880 0.7338 15.5674 1.8966 -92.4117 -1.2490 -0.0000 -0.0000 352 pedestrian_0006
Pedestrian 0.00 1.00 0 0 0 0 0 0 0 0 179.01 360.27 189.36 373.66 1.9158 0.4880 0.7507 -80.6467 1.9553 -113.6740 -1.4626 -0.0000 -0.0000 353 pedestrian_0024
Pedestrian 0.00 1.00 0 0 0 0 0 0 0 0 1379.97 362.84 1383.44 366.88 1.1330 0.4333 0.6667 -157.2890 1.9353 116.6448 0.1375 -0.0000 -0.0000 354 pedestrian_0011
Pedestrian 0.00 0.94 3 1 3 20 0 0 0 0 1049.29 360.29 1053.97 375.70 1.9158 0.4880 0.3923 -70.1448 1.9516 9.1844 -3.0353 -0.0000 -0.0000 355 pedestrian_0017
Pedestrian 1.00 1.00 0 0 0 0 0 0 0 0 -1000.00 -1000.00 -1000.00 -1000.00 1.3390 0.3253 0.2710 181.3794 -8.0562 -119.6025 -1.2556 -0.0000 -0.0000 356 pedestrian_0012
Pedestrian 0.00 1.00 0 0 0 0 0 0 0 0 87.88 360.12 90.50 365.75 1.9158 0.4880 0.4546 -189.8732 1.9572 -298.9298 2.5191 -0.0000 -0.0000 357 pedestrian_0020
Pedestrian 1.00 1.00 0 0 0 0 0 0 0 0 -1000.00 -1000.00 -1000.00 -1000.00 1.9158 0.4880 0.7507 62.3909 1.9012 -223.3779 -0.0013 -0.0000 -0.0000 358 pedestrian_0017
Pedestrian 0.00 0.96 0 3 3 14 0 0 0 0 1026.13 360.20 1029.96 371.42 1.9158 0.4880 0.4596 -95.9996 1.9503 9.4182 2.4997 -0.0000 -0.0000 359 pedestrian_0025
Pedestrian 1.00 1.00 0 0 0 0 0 0 0 0 -1000.00 -1000.00 -1000.00 -1000.00 1.3390 0.3253 0.3649 -130.8009 1.9497 -314.3392 3.0198 -0.0000 -0.0000 360 pedestrian_0013
Pedestrian 0.00 1.00 0 0 0 0 0 0 0 0 506.69 361.37 508.42 364.38 1.3390 0.3253 0.5005 -247.5876 1.9472 -203.5053 1.7288 -0.0000 -0.0000 361 pedestrian_0013
Pedestrian 1.00 1.00 1 0 1 3 0 0 0 0 -1000.00 -1000.00 -1000.00 -1000.00 1.3390 0.3253 0.2589 1.2757 2.0668 -81.5684 -2.1182 -0.0000 -0.0000 362 pedestrian_0013
Pedestrian 0.00 1.00 0 0 0 0 0 0 0 0 1257.75 364.99 1261.04 371.14 1.1330 0.4333 0.3366 -103.8456 2.0617 53.2950 -1.3538 -0.0000 -0.0000 363 pedestrian_0011
Pedestrian 1.00 1.00 0 3 2 0 0 0 0 0 -1000.00 -1000.00 -1000.00 -1000.00 1.3390 0.3253 0.4098 19.5170 1.8911 -104.6296 1.6900 -0.0000 -0.0000 364 pedestrian_0012
Pedestrian 1.00 1.00 0 0 0 0 0 0 0 0 -1000.00 -1000.00 -1000.00 -1000.00 1.9158 0.4880 0.5311 164.0640 2.1035 -65.6374 0.1206 -0.0000 -0.0000 365 pedestrian_0023
Pedestrian 0.00 0.99 1 0 0 3 0 0 0 0 1083.19 360.18 1087.08 371.08 1.9158 0.4880 0.5308 -98.7855 1.9485 19.8290 -1.4317 -0.0000 -0.0000 366 pedestrian_0005
Pedestrian 0.00 1.00 0 0 0 0 0 0 0 0 835.59 359.99 837.34 365.03 1.9158 0.4880 0.6294 -212.0793 1.9133 -49.2778 1.7490 -0.0000 -0.0000 367 pedestrian_0021
Pedestrian 0.00 1.00 0 0 0 0 0 0 0 0 475.24 364.87 479.67 371.71 1.1330 0.4333 0.3540 -93.2860 1.9451 -82.5550 0.1365 -0.0000 -0.0000 368 pedestrian_0010
Pedestrian 1.00 1.00 0 0 0 0 0 0 0 0 -1000.00 -1000.00 -1000.00 -1000.00 1.9158 0.4880 0.7507 39.9750 2.0468 -218.4513 2.7760 -0.0000 -0.0000 369 pedestrian_0020
Pedestrian 1.00 1.00 0 1 1 7 0 0 0 0 -1000.00 -1000.00 -1000.00 -1000.00 1.3390 0.3253 0.2568 8.9111 2.0666 -85.4433 -3.0120 -0.0000 -0.0000 370 pedestrian_0012
Pedestrian 1.00 1.00 0 0 0 0 0 0 0 0 -1000.00 -1000.00 -1000.00 -1000.00 1.9158 0.4880 0.6762 71.1602 1.9532 -153.6871 -2.8864 -0.0000 -0.0000 371 pedestrian_0015
Pedestrian 0.00 0.93 4 5 8 25 0 1 0 0 1048.15 360.28 1052.39 375.92 1.9158 0.4880 0.4041 -69.1700 1.9502 8.8572 2.9111 -0.0000 -0.0000 372 pedestrian_0007
Pedestrian 0.00 1.00 0 0 0 0 0 0 0 0 742.79 360.08 744.52 364.15 1.9158 0.4880 0.6574 -262.1499 1.9553 -104.1601 1.6880 -0.0000 -0.0000 373 pedestrian_0008
Pedestrian 1.00 1.00 0 0 0 0 0 0 0 0 -1000.00 -1000.00 -1000.00 -1000.00 1.9158 0.4880 0.6221 -29.3485 1.9505 -75.9542 -2.9632 -0.0000 -0.0000 374 pedestrian_0020
Pedestrian 1.00 1.00 0 0 0 0 0 0 0 0 -1000.00 -1000.00 -1000.00 -1000.00 1.9158 0.4880 0.5527 55.8146 1.9537 -174.7107 0.1563 -0.0000 -0.0000 375 pedestrian_0015
Pedestrian 1.00 1.00 0 0 0 0 1 0 0 0 -1000.00 -1000.00 -1000.00 -1000.00 1.3390 0.3253 0.3292 -7.7010 2.0958 -77.1707 1.4053 -0.0000 -0.0000 376 pedestrian_0012
Pedestrian 1.00 1.00 0 0 0 0 0 0 0 0 -1000.00 -1000.00 -1000.00 -1000.00 1.9158 0.4880 0.4383 138.3327 1.9509 -164.6204 -2.9644 -0.0000 -0.0000 377 pedestrian_0017
Pedestrian 1.00 1.00 0 0 0 0 0 0 0 0 -1000.00 -1000.00 -1000.00 -1000.00 1.9158 0.4880 0.6359 17.8123 1.9515 -66.3487 -1.8733 -0.0000 -0.0000 378 pedestrian_0025
Pedestrian 0.00 0.98 2 1 1 8 0 1 0 0 1039.23 366.08 1041.93 374.73 1.1330 0.4333 0.3333 -74.2495 1.9389 8.4045 -1.7601 -0.0000 -0.0000 379 pedestrian_0009
Pedestrian 1.00 1.00 0 0 0 0 0 0 0 0 -1000.00 -1000.00 -1000.00 -1000.00 1.9158 0.4880 0.6283 55.9164 1.9451 -17.0463 0.7368 -0.0000 -0.0000 380 pedestrian_0002
Pedestrian 1.00 1.00 0 0 0 0 0 0 0 0 -1000.00 -1000.00 -1000.00 -1000.00 1.3390 0.3253 0.3919 -139.0757 1.9490 -313.6933 3.0698 -0.0000 -0.0000 381 pedestrian_0013
Pedestrian 1.00 1.00 0 0 0 0 0 0 0 0 -1000.00 -1000.00 -1000.00 -1000.00 1.3390 0.3253 0.5005 80.4878 2.0973 -159.3160 1.8829 -0.0000 -0.0000 382 pedestrian_0012
Pedestrian 0.00 1.00 0 0 0 0 0 0 0 0 393.68 366.94 400.79 375.26 1.1330 0.4333 0.5854 -77.4008 2.0931 -79.7766 -2.9457 -0.0000 -0.0000 383 pedestrian_0010
Pedestrian 1.00 1.00 0 0 0 0 0 0 0 0 -1000.00 -1000.00 -1000.00 -1000.00 1.3390 0.3253 0.5005 -154.5903 1.9489 -312.3061 2.8152 -0.0000 -0.0000 384 pedestrian_0013
Pedestrian 0.00 1.00 0 0 0 0 0 0 0 0 837.90 360.01 840.21 365.50 1.9158 0.4880 0.7507 -194.8341 1.9185 -44.5287 -1.4415 -0.0000 -0.0000 385 pedestrian_0015
Pedestrian 1.00 1.00 0 0 0 0 0 0 0 0 -1000.00 -1000.00 -1000.00 -1000.00 1.9158 0.4880 0.5376 72.0591 1.9517 -81.5097 -0.6116 -0.0000 -0.0000 386 pedestrian_0018
Pedestrian 1.00 1.00 0 0 0 0 0 0 0 0 -1000.00 -1000.00 -1000.00 -1000.00 1.3390 0.3253 0.4910 -134.1753 1.9472 -314.9705 3.0387 -0.0000 -0.0000 387 pedestrian_0013
Pedestrian 1.00 1.00 0 0 0 0 0 0 0 0 -1000.00 -1000.00 -1000.00 -1000.00 1.9158 0.4880 0.3938 166.9154 1.8981 -183.1152 2.6304 -0.0000 -0.0000 388 pedestrian_0022
Pedestrian 0.00 1.00 0 0 0 0 0 0 0 0 1109.80 360.07 1111.83 364.31 1.9158 0.4880 0.7507 -252.1048 1.9496 66.0751 0.8565 -0.0000 -0.0000 389 pedestrian_0003
Pedestrian 0.00 1.00 0 0 0 0 0 0 0 0 519.73 360.09 522.28 364.39 1.9158 0.4880 0.7507 -248.2214 1.9566 -198.0228 1.7247 -0.0000 -0.0000 390 pedestrian_0021
Pedestrian 0.00 1.00 0 0 0 0 0 0 0 0 1079.73 360.20 1083.50 371.21 1.9158 0.4880 0.6120 -97.8087 1.9501 18.9948 -1.8534 -0.0000 -0.0000 391 pedestrian_0016
Pedestrian 0.00 1.00 0 0 0 0 0 0 0 0 496.30 360.09 498.92 364.41 1.9158 0.4880 0.7507 -247.2791 1.9570 -207.6705 1.7456 -0.0000 -0.0000 392 pedestrian_0005
Pedestrian 1.00 1.00 0 0 0 0 0 0 0 0 -1000.00 -1000.00 -1000.00 -1000.00 1.9158 0.4880 0.4774 177.9133 -8.0475 -204.0116 -2.1198 -0.0000 -0.0000 393 pedestrian_0026
Pedestrian 1.00 1.00 1 2 4 12 4 0 0 0 -1000.00 -1000.00 -1000.00 -1000.00 1.9158 0.4880 0.5048 2.6347 2.0729 -79.5746 3.0793 -0.0000 -0.0000 394 pedestrian_0022
Pedestrian 1.00 1.00 0 0 0 0 0 0 0 0 -1000.00 -1000.00 -1000.00 -1000.00 1.1330 0.4333 0.6667 57.3816 -6.4579 107.3855 0.1491 -0.0000 -0.0000 395 pedestrian_0010
Pedestrian 0.00 0.93 4 4 5 24 0 3 0 0 1045.55 360.28 1049.82 375.50 1.9158 0.4880 0.3785 -71.1390 1.9516 8.8512 -2.1097 -0.0000 -0.0000 396 pedestrian_0006
Pedestrian 1.00 1.00 0 0 0 0 0 0 0 0 -1000.00 -1000.00 -1000.00 -1000.00 1.3390 0.3253 0.5005 -61.7262 2.0984 -190.9229 0.3609 -0.0000 -0.0000 397 pedestrian_0012
Pedestrian 1.00 1.00 0 0 0 0 0 0 0 0 -1000.00 -1000.00 -1000.00 -1000.00 1.1330 0.4333 0.3601 7.9973 1.9426 -181.1537 1.7335 -0.0000 -0.0000 398 pedestrian_0010
Pedestrian 0.00 1.00 0 0 0 0 0 0 0 0 1271.67 361.00 1276.63 371.61 1.9158 0.4880 0.7507 -101.5996 2.0979 54.7602 -1.0043 -0.0000 -0.0000 399 pedestrian_0007
Pedestrian 1.00 1.00 0 0 0 0 0 0 0 0 -1000.00 -1000.00 -1000.00 -1000.00 1.9158 0.4880 0.6437 212.1973 -8.0473 -82.5345 -1.4430 -0.0000 -0.0000 400 pedestrian_0001
Pedestrian 0.00 1.00 0 0 0 0 0 0 0 0 221.79 361.35 232.10 375.19 1.9158 0.4880 0.7507 -78.2464 2.1050 -104.3560 -2.9556 -0.0000 -0.0000 401 pedestrian_0016
Pedestrian 0.00 1.00 0 0 0 0 0 0 0 0 706.92 360.08 708.94 364.20 1.9158 0.4880 0.7507 -259.2912 1.9535 -119.6912 -1.4296 -0.0000 -0.0000 402 pedestrian_0021
Pedestrian 1.00 1.00 0 0 0 0 0 0 0 0 -1000.00 -1000.00 -1000.00 -1000.00 1.9158 0.4880 0.6084 166.6791 1.9489 -48.2977 0.1322 -0.0000 -0.0000 403 pedestrian_0006
Pedestrian 0.00 1.00 0 0 0 0 0 0 0 0 1229.72 361.02 1235.20 371.76 1.9158 0.4880 0.7507 -100.2804 2.0993 46.5460 -1.6297 -0.0000 -0.0000 404 pedestrian_0023
Pedestrian 1.00 1.00 0 0 0 0 0 0 0 0 -1000.00 -1000.00 -1000.00 -1000.00 1.1330 0.4333 0.5960 67.5590 1.8878 -222.3151 -3.0759 -0.0000 -0.0000 405 pedestrian_0011
Pedestrian 1.00 1.00 1 3 4 19 3 0 0 0 -1000.00 -1000.00 -1000.00 -1000.00 1.9158 0.4880 0.5115 16.9913 1.9051 -89.5131 -1.3409 -0.0000 -0.0000 406 pedestrian_0004
Pedestrian 1.00 1.00 0 1 1 0 0 0 0 0 -1000.00 -1000.00 -1000.00 -1000.00 1.9158 0.4880 0.5025 17.3502 2.0750 -177.9989 -2.6764 -0.0000 -0.0000 407 pedestrian_0026
Pedestrian 1.00 1.00 0 0 0 0 0 0 0 0 -1000.00 -1000.00 -1000.00 -1000.00 1.3390 0.3253 0.3767 158.1632 1.8887 -95.4846 -1.4432 -0.0000 -0.0000 408 pedestrian_0013
Pedestrian 1.00 1.00 0 0 0 0 0 0 0 0 -1000.00 -1000.00 -1000.00 -1000.00 1.1330 0.4333 0.5617 -72.6046 2.0952 -179.3663 1.8516 -0.0000 -0.0000 409 pedestrian_0010
Pedestrian 1.00 1.00 0 0 0 0 0 0 0 0 -1000.00 -1000.00 -1000.00 -1000.00 1.9158 0.4880 0.5435 146.0086 1.8944 -4.3054 -1.4461 -0.0000 -0.0000 410 pedestrian_0020
Pedestrian 0.00 1.00 0 0 0 0 0 0 0 0 176.76 360.02 180.51 366.36 1.9158 0.4880 0.6261 -168.9042 1.9204 -238.8935 2.5902 -0.0000 -0.0000 411 pedestrian_0025
Pedestrian 1.00 1.00 16 15 20 247 0 0 4 0 -1000.00 -1000.00 -1000.00 -1000.00 1.1330 0.4333 0.6667 -4.0806 2.0354 20.2824 -2.8874 -0.0000 -0.0000 412 pedestrian_0010
Pedestrian 1.00 1.00 0 0 0 0 0 0 0 0 -1000.00 -1000.00 -1000.00 -1000.00 1.9158 0.4880 0.7507 24.4482 1.9515 -66.1693 -2.9923 -0.0000 -0.0000 413 pedestrian_0015
Pedestrian 1.00 1.00 0 0 0 0 0 0 0 0 -1000.00 -1000.00 -1000.00 -1000.00 1.1330 0.4333 0.3998 86.8339 1.9391 -26.2396 -1.4572 -0.0000 -0.0000 414 pedestrian_0011
Pedestrian 1.00 1.00 47 69 103 1575 0 0 14 0 -1000.00 -1000.00 -1000.00 -1000.00 1.9158 0.4880 0.6250 6.5609 2.1018 13.9582 1.6740 -0.0000 -0.0000 415 pedestrian_0025
Pedestrian 1.00 1.00 0 0 0 0 0 0 0 0 -1000.00 -1000.00 -1000.00 -1000.00 1.1330 0.4333 0.6287 112.1759 -7.1564 104.8413 2.7686 -0.0000 -0.0000 416 pedestrian_0009
Pedestrian 1.00 1.00 0 0 0 0 0 0 0 0 -1000.00 -1000.00 -1000.00 -1000.00 1.9158 0.4880 0.6548 115.3653 -7.1918 103.3562 2.5873 -0.0000 -0.0000 417 pedestrian_0026
Pedestrian 0.00 1.00 0 0 0 0 0 0 0 0 652.77 360.09 654.95 364.25 1.9158 0.4880 0.7507 -256.0554 1.9555 -143.0990 1.7137 -0.0000 -0.0000 418 pedestrian_0019
Pedestrian 1.00 1.00 0 0 0 0 0 0 0 0 -1000.00 -1000.00 -1000.00 -1000.00 1.9158 0.4880 0.7507 28.3097 2.1059 -163.7004 -1.7112 -0.0000 -0.0000 419 pedestrian_0018
Pedestrian 1.00 1.00 0 0 0 0 0 0 0 0 -1000.00 -1000.00 -1000.00 -1000.00 1.9158 0.4880 0.6595 -157.7033 1.9574 -311.4371 2.8293 -0.0000 -0.0000 420 pedestrian_0026
Pedestrian 1.00 1.00 0 0 0 0 0 0 0 0 -1000.00 -1000.00 -1000.00 -1000.00 1.9158 0.4880 0.7507 130.9445 1.8951 -34.7526 1.7122 -0.0000 -0.0000 421 pedestrian_0005
Pedestrian 1.00 1.00 0 0 0 0 0 0 0 0 -1000.00 -1000.00 -1000.00 -1000.00 1.9158 0.4880 0.7487 124.0754 1.9533 -166.1457 0.1824 -0.0000 -0.0000 422 pedestrian_0021
Pedestrian 1.00 1.00 0 0 0 0 0 0 0 0 -1000.00 -1000.00 -1000.00 -1000.00 1.9158 0.4880 0.5867 233.1184 1.9523 -134.7143 0.9318 -0.0000 -0.0000 423 pedestrian_0025
Pedestrian 1.00 1.00 0 0 0 0 0 0 0 0 -1000.00 -1000.00 -1000.00 -1000.00 1.9158 0.4880 0.4197 130.5694 1.8958 -39.5646 1.7355 -0.0000 -0.0000 424 pedestrian_0008
Pedestrian 1.00 1.00 0 0 0 0 0 0 0 0 -1000.00 -1000.00 -1000.00 -1000.00 1.9158 0.4880 0.4746 59.1182 1.9503 -5.9910 -1.4000 -0.0000 -0.0000 425 pedestrian_0018
Pedestrian 0.00 1.00 0 0 0 0 0 0 0 0 460.56 360.00 464.01 365.51 1.9158 0.4880 0.7507 -194.1027 1.9159 -175.6114 -1.4262 -0.0000 -0.0000 426 pedestrian_0020
Pedestrian 0.00 1.00 0 0 0 0 0 0 0 0 579.93 362.03 582.14 366.67 1.3390 0.3253 0.5005 -161.4976 1.9278 -111.9536 -3.0521 -0.0000 -0.0000 427 pedestrian_0012
Pedestrian 1.00 1.00 0 0 0 0 0 0 0 0 -1000.00 -1000.00 -1000.00 -1000.00 1.1330 0.4333 0.3832 145.1206 1.9910 -161.1989 -1.0662 -0.0000 -0.0000 428 pedestrian_0011
Pedestrian 0.00 1.00 0 0 0 0 0 0 0 0 444.50 360.14 448.30 367.32 1.9158 0.4880 0.5707 -149.2269 1.9537 -139.5603 1.7405 -0.0000 -0.0000 429 pedestrian_0006
Pedestrian 1.00 1.00 0 0 0 0 0 0 0 0 -1000.00 -1000.00 -1000.00 -1000.00 1.9158 0.4880 0.4419 211.6593 1.9505 -41.4214 0.7214 -0.0000 -0.0000 430 pedestrian_0021
Pedestrian 0.00 1.00 0 0 0 0 0 0 0 0 474.99 360.01 478.66 365.94 1.9158 0.4880 0.7507 -180.3870 1.9202 -158.5914 -1.4056 -0.0000 -0.0000 431 pedestrian_0026
Pedestrian 1.00 1.00 0 0 0 0 0 0 0 0 -1000.00 -1000.00 -1000.00 -1000.00 1.9158 0.4880 0.7507 166.5182 -8.0499 -12.7804 -1.4113 -0.0000 -0.0000 432 pedestrian_0026
Pedestrian 1.00 1.00 0 0 0 0 0 0 0 0 -1000.00 -1000.00 -1000.00 -1000.00 1.9158 0.4880 0.4919 -17.7196 1.9207 -136.5921 0.1017 -0.0000 -0.0000 433 pedestrian_0002
Pedestrian 1.00 1.00 0 0 0 0 0 0 0 0 -1000.00 -1000.00 -1000.00 -1000.00 1.9158 0.4880 0.4660 11.6666 2.0695 -180.5357 3.1089 -0.0000 -0.0000 434 pedestrian_0001
Pedestrian 1.00 1.00 0 0 0 0 0 0 0 0 -1000.00 -1000.00 -1000.00 -1000.00 1.9158 0.4880 0.6550 220.9365 -8.0496 -144.2237 1.6647 -0.0000 -0.0000 435 pedestrian_0022
Pedestrian 1.00 1.00 0 0 0 0 0 0 0 0 -1000.00 -1000.00 -1000.00 -1000.00 1.9158 0.4880 0.5194 68.1221 1.9512 -58.2374 -1.4218 -0.0000 -0.0000 436 pedestrian_0005
Pedestrian 0.00 1.00 0 0 0 0 0 0 0 0 682.25 361.69 683.88 365.66 1.3390 0.3253 0.4181 -188.5088 1.9114 -95.9111 1.7449 -0.0000 -0.0000 437 pedestrian_0013
Pedestrian 0.00 1.00 0 0 0 0 0 0 0 0 317.20 362.00 318.94 364.79 1.1330 0.4333 0.3723 -226.5983 1.9463 -263.4833 -0.9504 -0.0000 -0.0000 438 pedestrian_0011
Pedestrian 0.00 1.00 0 0 0 0 0 0 0 0 1175.72 360.00 1179.06 367.58 1.9158 0.4880 0.6679 -141.5535 1.9166 52.8734 0.2660 -0.0000 -0.0000 439 pedestrian_0006
Pedestrian 1.00 1.00 0 0 0 0 0 0 0 0 -1000.00 -1000.00 -1000.00 -1000.00 1.3390 0.3253 0.4934 80.9904 -6.7410 146.6444 -3.0838 -0.0000 -0.0000 440 pedestrian_0014
Pedestrian 0.00 1.00 0 0 0 0 0 0 0 0 680.59 360.22 684.94 372.17 1.9158 0.4880 0.5004 -90.1979 1.9520 -46.8384 -1.4194 -0.0000 -0.0000 441 pedestrian_0025
Pedestrian 0.00 1.00 0 0 0 0 0 0 0 0 1016.99 360.07 1018.06 364.02 1.9158 0.4880 0.4930 -270.2024 1.9505 25.6962 -1.7318 -0.0000 -0.0000 442 pedestrian_0003
Pedestrian 1.00 1.00 2 3 4 21 0 0 0 0 -1000.00 -1000.00 -1000.00 -1000.00 1.9158 0.4880 0.7507 86.1381 1.9471 29.5393 -2.9378 -0.0000 -0.0000 443 pedestrian_0024
Pedestrian 1.00 1.00 0 0 0 0 0 0 0 0 -1000.00 -1000.00 -1000.00 -1000.00 1.9158 0.4880 0.5160 31.7713 1.9511 -85.8816 0.1373 -0.0000 -0.0000 444 pedestrian_0007
Pedestrian 0.00 1.00 0 0 0 0 0 0 0 0 455.43 360.24 460.83 372.43 1.9158 0.4880 0.4048 -88.3864 1.9538 -81.3341 0.1458 -0.0000 -0.0000 445 pedestrian_0023
Pedestrian 0.00 1.00 0 0 0 0 0 0 0 0 1089.91 360.07 1091.53 364.23 1.9158 0.4880 0.5933 -256.8752 1.9498 58.1012 -2.1640 -0.0000 -0.0000 446 pedestrian_0026
Pedestrian 1.00 1.00 0 0 0 0 0 0 0 0 -1000.00 -1000.00 -1000.00 -1000.00 1.1330 0.4333 0.3719 181.1952 -8.0592 -121.5494 1.7716 -0.0000 -0.0000 447 pedestrian_0009
Pedestrian 1.00 1.00 0 0 0 0 0 0 0 0 -1000.00 -1000.00 -1000.00 -1000.00 1.9158 0.4880 0.7507 101.0406 -8.0679 -247.8568 0.1389 -0.0000 -0.0000 448 pedestrian_0015
Pedestrian 1.00 1.00 0 0 0 0 0 0 0 0 -1000.00 -1000.00 -1000.00 -1000.00 1.9158 0.4880 0.3836 158.5400 1.9512 -67.8752 -2.1795 -0.0000 -0.0000 449 pedestrian_0017
Pedestrian 1.00 1.00 0 0 0 0 0 0 0 0 -1000.00 -1000.00 -1000.00 -1000.00 1.9158 0.4880 0.6716 62.1351 1.9487 -30.9926 1.6913 -0.0000 -0.0000 450 pedestrian_0023
Pedestrian 0.00 0.98 2 4 6 17 0 0 0 0 1029.00 360.20 1032.50 371.48 1.9158 0.4880 0.3754 -95.5047 1.9500 9.8185 -1.0657 -0.0000 -0.0000 451 pedestrian_0001
Pedestrian 0.00 1.00 0 0 0 0 0 0 0 0 512.67 360.00 515.90 365.42 1.9158 0.4880 0.7483 -197.1625 1.9155 -159.9592 -1.4216 -0.0000 -0.0000 452 pedestrian_0017
Pedestrian 0.00 1.00 0 0 0 0 0 0 0 0 605.02 363.88 608.20 368.50 1.1330 0.4333 0.6151 -137.8548 2.0935 -89.4747 -3.0343 -0.0000 -0.0000 453 pedestrian_0011
Pedestrian 1.00 1.00 0 0 0 0 0 0 0 0 -1000.00 -1000.00 -1000.00 -1000.00 1.9158 0.4880 0.6596 -151.3693 1.9597 -312.5613 -0.1962 -0.0000 -0.0000 454 pedestrian_0018
Pedestrian 1.00 1.00 0 0 0 0 0 0 0 0 -1000.00 -1000.00 -1000.00 -1000.00 1.9158 0.4880 0.5542 131.9334 1.8952 -40.4573 1.8676 -0.0000 -0.0000 455 pedestrian_0021
Pedestrian 1.00 1.00 0 0 0 0 0 0 0 0 -1000.00 -1000.00 -1000.00 -1000.00 1.9158 0.4880 0.4798 162.1053 1.9521 -49.6692 -3.0773 -0.0000 -0.0000 456 pedestrian_0007
Pedestrian 1.00 1.00 3 4 9 21 1 0 0 0 -1000.00 -1000.00 -1000.00 -1000.00 1.9158 0.4880 0.3850 8.5122 2.0731 -84.4330 -2.6332 -0.0000 -0.0000 457 pedestrian_0021
Pedestrian 1.00 1.00 0 0 0 0 0 0 0 0 -1000.00 -1000.00 -1000.00 -1000.00 1.9158 0.4880 0.7507 119.4248 -7.2508 101.6227 -0.5300 -0.0000 -0.0000 458 pedestrian_0019
Pedestrian 0.00 1.00 0 0 0 0 0 0 0 0 1840.44 365.53 1849.00 373.42 1.1330 0.4333 0.5402 -81.2926 1.9365 125.8682 0.2035 -0.0000 -0.0000 459 pedestrian_0009
Pedestrian 0.00 1.00 0 1 1 2 0 0 0 0 1782.42 360.21 1791.46 372.70 1.9158 0.4880 0.6336 -86.4116 1.9479 125.1389 0.1822 -0.0000 -0.0000 460 pedestrian_0004
Pedestrian 0.00 1.00 0 0 0 0 0 0 0 0 1048.99 363.42 1052.02 371.06 1.3390 0.3253 0.4356 -98.5108 1.9415 13.6767 -1.3425 -0.0000 -0.0000 461 pedestrian_0012
Pedestrian 0.00 1.00 0 0 0 0 0 0 0 0 442.98 360.25 448.84 373.11 1.9158 0.4880 0.4344 -83.8518 1.9530 -79.0542 -1.4824 -0.0000 -0.0000 462 pedestrian_0006
Pedestrian 1.00 1.00 0 0 0 0 0 0 0 0 -1000.00 -1000.00 -1000.00 -1000.00 1.1330 0.4333 0.6667 -42.1912 1.9417 -77.0182 0.1464 -0.0000 -0.0000 463 pedestrian_0009
Pedestrian 1.00 1.00 0 0 0 0 0 0 0 0 -1000.00 -1000.00 -1000.00 -1000.00 1.3390 0.3253 0.5005 94.0389 1.8907 -218.8587 0.1268 -0.0000 -0.0000 464 pedestrian_0014
Pedestrian 1.00 1.00 0 0 0 0 0 0 0 0 -1000.00 -1000.00 -1000.00 -1000.00 1.1330 0.4333 0.4177 1.0978 1.9429 -180.9482 0.1953 -0.0000 -0.0000 465 pedestrian_0010
Pedestrian 1.00 1.00 0 0 0 0 0 0 0 0 -1000.00 -1000.00 -1000.00 -1000.00 1.9158 0.4880 0.7460 46.3070 1.9491 61.9762 0.2581 -0.0000 -0.0000 466 pedestrian_0017
Pedestrian 0.00 0.97 3 3 5 20 0 2 0 0 996.38 361.32 1001.19 374.97 1.9158 0.4880 0.4836 -79.2015 2.1028 3.2290 2.1100 -0.0000 -0.0000 467 pedestrian_0004
Pedestrian 0.00 0.99 0 4 6 1 0 0 0 0 862.68 361.62 874.91 401.64 1.9158 0.4880 0.5722 -27.3702 1.9498 -6.5778 -2.9754 -0.0000 -0.0000 468 pedestrian_0021
Pedestrian 1.00 1.00 0 0 0 0 0 0 0 0 -1000.00 -1000.00 -1000.00 -1000.00 1.3390 0.3253 0.4329 143.1520 1.8888 -137.5138 -1.7811 -0.0000 -0.0000 469 pedestrian_0013
Pedestrian 1.00 1.00 0 0 0 4 0 0 0 1 -1000.00 -1000.00 -1000.00 -1000.00 1.9158 0.4880 0.7507 145.0999 1.9491 37.0203 -2.9234 -0.0000 -0.0000 470 pedestrian_0001
Pedestrian 1.00 1.00 0 0 0 0 0 0 0 0 -1000.00 -1000.00 -1000.00 -1000.00 1.9158 0.4880 0.6025 91.0918 1.9509 -57.3750 2.9256 -0.0000 -0.0000 471 pedestrian_0015
Pedestrian 0.00 1.00 0 0 0 0 0 0 0 0 1322.41 360.10 1325.70 366.17 1.9158 0.4880 0.7507 -176.5045 1.9478 113.0148 -2.9664 -0.0000 -0.0000 472 pedestrian_0024
Pedestrian 1.00 1.00 0 0 0 0 0 0 0 0 -1000.00 -1000.00 -1000.00 -1000.00 1.3390 0.3253 0.3194 -10.1324 1.9475 -182.7442 0.1342 -0.0000 -0.0000 473 pedestrian_0013
Pedestrian 0.00 1.00 0 0 0 0 0 0 0 0 315.34 360.10 318.10 364.81 1.9158 0.4880 0.6519 -226.8352 1.9564 -264.3066 2.2321 -0.0000 -0.0000 474 pedestrian_0018
Pedestrian 1.00 1.00 0 0 0 0 0 0 0 0 -1000.00 -1000.00 -1000.00 -1000.00 1.3390 0.3253 0.4944 -44.0682 1.9476 -259.3051 -1.3519 -0.0000 -0.0000 475 pedestrian_0012
Pedestrian 1.00 1.00 81 89 149 1156 20 0 0 0 -1000.00 -1000.00 -1000.00 -1000.00 1.9158 0.4880 0.6601 6.2543 1.8951 -16.6536 -1.3321 -0.0000 -0.0000 476 pedestrian_0026
Pedestrian 1.00 1.00 0 0 0 0 0 0 0 0 -1000.00 -1000.00 -1000.00 -1000.00 1.9158 0.4880 0.5375 -132.4059 1.9572 -314.4024 3.0138 -0.0000 -0.0000 477 pedestrian_0016
Pedestrian 1.00 1.00 798 1278 2095 37870 0 0 0 230 -1000.00 -1000.00 -1000.00 -1000.00 1.9158 0.4880 0.4442 3.0246 2.0472 -0.0862 0.8866 -0.0000 -0.0000 478 pedestrian_0006
Pedestrian 0.00 1.00 0 0 0 0 0 0 0 0 256.35 360.11 259.28 365.02 1.9158 0.4880 0.6088 -217.3576 1.9572 -276.2989 2.2309 -0.0000 -0.0000 479 pedestrian_0001
Pedestrian 1.00 1.00 0 0 0 0 0 0 0 0 -1000.00 -1000.00 -1000.00 -1000.00 1.9158 0.4880 0.4090 131.0578 1.8952 -39.0473 -0.5311 -0.0000 -0.0000 480 pedestrian_0021
Car 1.00 1.00 0 0 0 0 0 0 0 0 -1000.00 -1000.00 -1000.00 -1000.00 1.6980 1.9434 4.1871 34.3230 1.9881 -142.4182 -1.4374 -0.0000 -0.0000 481 citroen_c3
Car 1.00 1.00 0 0 0 0 0 0 0 0 -1000.00 -1000.00 -1000.00 -1000.00 1.9718 2.0005 4.0595 33.6246 1.9533 -131.3722 -1.4374 -0.0000 -0.0000 482 jeep_wrangler_rubicon
Car 1.00 1.00 0 0 0 0 0 0 0 0 -1000.00 -1000.00 -1000.00 -1000.00 1.9718 2.0005 4.0595 65.0949 1.9884 -137.6888 1.7042 -0.0000 -0.0000 483 jeep_wrangler_rubicon
Car 1.00 1.00 0 0 0 0 0 0 0 0 -1000.00 -1000.00 -1000.00 -1000.00 1.9718 2.0005 4.0595 30.7096 1.9534 -131.7633 -1.4374 -0.0000 -0.0000 484 jeep_wrangler_rubicon
Car 1.00 1.00 0 0 0 0 0 0 0 0 -1000.00 -1000.00 -1000.00 -1000.00 1.9718 2.0005 4.0595 -48.3922 1.9958 -129.2245 0.1334 -0.0000 -0.0000 485 nissan_patrol
Car 1.00 1.00 0 0 0 0 0 0 0 0 -1000.00 -1000.00 -1000.00 -1000.00 1.5488 2.0688 3.9961 -48.0212 2.0236 -132.0960 -3.0082 -0.0000 -0.0000 486 nissan_patrol
Car 1.00 1.00 0 0 0 0 0 0 0 0 -1000.00 -1000.00 -1000.00 -1000.00 1.4855 2.1349 -5.6254 -44.2736 1.9851 -111.6201 -3.0082 -0.0000 -0.0000 487 nissan_patrol
Car 1.00 1.00 0 0 0 0 0 0 0 0 -1000.00 -1000.00 -1000.00 -1000.00 1.6244 1.8781 -3.8906 -42.0263 1.9716 -128.3695 0.1334 -0.0000 -0.0000 488 nissan_patrol
Car 1.00 1.00 0 0 0 0 0 0 0 0 -1000.00 -1000.00 -1000.00 -1000.00 1.7506 2.3538 -4.8416 -27.7071 2.0518 -103.7301 0.1334 -0.0000 -0.0000 489 nissan_patrol
Car 1.00 1.00 6 7 12 67 2 0 0 0 -1000.00 -1000.00 -1000.00 -1000.00 1.9718 2.0005 -4.0595 -25.8449 1.9955 -117.9063 -3.0082 -0.0000 -0.0000 490 nissan_patrol
Car 1.00 1.00 0 0 0 0 0 0 0 0 -1000.00 -1000.00 -1000.00 -1000.00 1.9476 2.0282 4.8347 -51.3442 1.9804 -106.9010 -3.0082 -0.0000 -0.0000 491 nissan_patrol
Car 1.00 1.00 0 0 0 0 0 0 0 0 -1000.00 -1000.00 -1000.00 -1000.00 1.9718 2.0005 4.0595 -51.0165 1.9955 -109.7771 -3.0082 -0.0000 -0.0000 492 nissan_patrol
Car 1.00 1.00 0 0 0 0 0 0 0 0 -1000.00 -1000.00 -1000.00 -1000.00 1.6244 1.8781 3.8906 -33.7085 1.9711 -107.4562 0.1334 -0.0000 -0.0000 493 nissan_patrol
Car 1.00 1.00 0 0 0 0 0 0 0 0 -1000.00 -1000.00 -1000.00 -1000.00 1.5488 2.0688 3.9961 -33.3451 2.0231 -110.1558 -3.0082 -0.0000 -0.0000 494 nissan_patrol
Car 1.00 1.00 0 0 0 0 0 0 0 0 -1000.00 -1000.00 -1000.00 -1000.00 2.1397 2.1728 4.7017 -32.1678 1.9821 -118.7556 -3.0082 -0.0000 -0.0000 495 nissan_patrol
Car 1.00 1.00 0 0 0 0 0 0 0 0 -1000.00 -1000.00 -1000.00 -1000.00 1.9476 2.0282 4.8347 -31.0277 1.9808 -126.8938 -3.0082 -0.0000 -0.0000 496 nissan_patrol
Car 1.00 1.00 0 0 0 0 0 0 0 0 -1000.00 -1000.00 -1000.00 -1000.00 1.5100 1.8730 4.1000 -30.7093 1.9725 -129.7735 -3.0082 -0.0000 -0.0000 497 nissan_patrol
Car 1.00 1.00 9 10 14 70 4 0 0 0 -1000.00 -1000.00 -1000.00 -1000.00 1.5488 2.0688 3.9961 -17.6145 2.0232 -113.8822 0.1334 -0.0000 -0.0000 498 nissan_patrol
Car 1.00 1.00 0 0 1 2 0 0 0 0 -1000.00 -1000.00 -1000.00 -1000.00 1.5100 1.8730 4.1000 -17.2335 1.9722 -116.7521 0.1334 -0.0000 -0.0000 499 nissan_patrol
Car 1.00 1.00 0 0 0 1 0 0 0 0 -1000.00 -1000.00 -1000.00 -1000.00 1.9476 2.0282 4.8347 -16.8297 1.9806 -119.4054 -3.0082 -0.0000 -0.0000 500 nissan_patrol
Car 1.00 1.00 28 33 48 197 12 0 0 0 -1000.00 -1000.00 -1000.00 -1000.00 2.1397 2.1728 -4.7017 -12.7955 1.9817 -101.7297 -3.0082 -0.0000 -0.0000 501 nissan_patrol
Car 1.00 1.00 2 2 10 22 0 0 0 0 -1000.00 -1000.00 -1000.00 -1000.00 1.9476 2.0282 -4.8347 -12.3444 1.9803 -104.5903 0.1334 -0.0000 -0.0000 502 nissan_patrol
Car 1.00 1.00 15 12 17 77 7 0 0 0 -1000.00 -1000.00 -1000.00 -1000.00 1.6244 1.8781 -3.8906 -10.1582 1.9713 -121.4315 -3.0082 -0.0000 -0.0000 503 nissan_patrol
Car 1.00 1.00 0 1 6 28 6 0 0 0 -1000.00 -1000.00 -1000.00 -1000.00 1.7506 2.3538 -4.8416 -9.8314 2.0522 -124.0504 -3.0082 -0.0000 -0.0000 504 nissan_patrol
Car 1.00 1.00 0 0 0 0 0 0 0 0 -1000.00 -1000.00 -1000.00 -1000.00 1.9476 2.0282 4.8347 38.8504 1.9444 -142.4856 1.7042 -0.0000 -0.0000 505 nissan_patrol
Car 1.00 1.00 0 0 0 0 0 0 0 0 -1000.00 -1000.00 -1000.00 -1000.00 1.5475 1.9070 4.4025 62.2675 1.9658 -137.6633 1.7042 -0.0000 -0.0000 506 seat_leon
Car 1.00 1.00 0 0 0 0 0 0 0 0 -1000.00 -1000.00 -1000.00 -1000.00 2.5908 2.7453 5.4640 48.1511 2.0029 -141.1741 1.7042 -0.0000 -0.0000 507 carlamotors_carlacola
Car 1.00 1.00 0 0 0 0 0 0 0 0 -1000.00 -1000.00 -1000.00 -1000.00 2.5908 2.7453 5.4640 132.9277 2.0240 -139.6467 -1.4374 -0.0000 -0.0000 508 carlamotors_carlacola
Car 1.00 1.00 0 0 0 0 0 0 0 0 -1000.00 -1000.00 -1000.00 -1000.00 2.5908 2.7453 5.4640 136.3853 2.0240 -139.1828 -1.4374 -0.0000 -0.0000 509 carlamotors_carlacola
Car 1.00 1.00 0 0 0 0 0 0 0 0 -1000.00 -1000.00 -1000.00 -1000.00 2.5908 2.7453 5.4640 127.5510 1.9014 -111.8762 -3.0082 -0.0000 -0.0000 510 carlamotors_carlacola
Car 1.00 1.00 0 0 0 0 0 0 0 0 -1000.00 -1000.00 -1000.00 -1000.00 2.5908 2.7453 5.4640 43.8784 2.0029 -141.7473 1.7042 -0.0000 -0.0000 511 carlamotors_carlacola
Car 1.00 1.00 0 0 0 0 0 0 0 0 -1000.00 -1000.00 -1000.00 -1000.00 2.2031 2.5091 6.5872 57.0962 2.0116 -28.8242 1.1806 -0.0000 -0.0000 512 tesla_cybertruck