Car 1.00 1.00 0 0 0 0 0 0 0 0 -1000.00 -1000.00 -1000.00 -1000.00 1.5542 2.3421 5.1370 0.5363 -7.8740 145.7293 3.1254 0.0013 0.0001 0 lincoln2020_mkz2020
Car 1.00 1.00 6727 237603 380593 0 0 0 0 0 -1000.00 -1000.00 -1000.00 -1000.00 2.1397 2.1728 4.7045 -0.0005 2.0932 -2.2389 1.5708 0.0000 0.0000 1 volkswagen_t2
Motorcycle 1.00 1.00 0 0 0 0 0 0 0 0 -1000.00 -1000.00 -1000.00 -1000.00 1.6960 1.0692 2.4735 25.1245 -7.9293 132.2801 -0.0456 0.0024 0.0049 2 harley_davidson_low_rider
Motorcycle 1.00 1.00 0 0 0 0 0 0 0 0 -1000.00 -1000.00 -1000.00 -1000.00 1.6960 1.0692 2.4735 294.4637 2.1281 -159.4711 1.5566 0.0030 0.0002 3 harley_davidson_low_rider
Car 1.00 1.00 0 0 0 0 0 0 0 0 -1000.00 -1000.00 -1000.00 -1000.00 1.6320 2.1403 5.2230 82.0427 2.1043 43.8805 -1.5795 -0.0044 0.0002 4 dodge_charger_police
Car 0.00 1.00 0 0 0 0 0 0 0 0 1184.97 315.43 1218.58 325.03 1.5542 2.3421 5.1370 -102.8070 -6.5149 42.1253 1.5720 -0.0138 -0.0057 5 lincoln2020_mkz2020
Car 1.00 1.00 0 0 0 0 0 0 0 0 -1000.00 -1000.00 -1000.00 -1000.00 1.4546 2.0938 4.3903 49.8636 2.1149 -298.7436 3.1294 -0.0002 0.0000 6 audi_tt
Car 1.00 1.00 0 0 0 0 0 0 0 0 -1000.00 -1000.00 -1000.00 -1000.00 1.4477 1.5550 2.3177 115.9063 2.0533 -47.9875 -3.1360 -0.0058 0.0002 7 bmw_isetta
Car 1.00 1.00 0 0 0 0 0 0 0 0 -1000.00 -1000.00 -1000.00 -1000.00 1.7173 2.2591 5.2781 11.6562 2.1175 -294.4640 3.1201 -0.0075 -0.0003 8 mercedes_benz_coupe
Car 0.00 1.00 0 0 0 0 0 0 0 0 973.16 364.99 1027.16 379.40 1.4812 2.1349 5.6254 -59.9819 2.0217 2.0010 1.5204 -0.0001 0.0002 9 chevrolet_impala
Car 1.00 1.00 0 0 0 0 0 0 0 0 -1000.00 -1000.00 -1000.00 -1000.00 1.6115 2.2019 5.2564 70.8459 2.0313 85.4530 0.0316 -0.0003 0.0008 10 charger2020_charger2020
Car 1.00 1.00 0 0 0 0 0 0 0 0 -1000.00 -1000.00 -1000.00 -1000.00 2.2031 2.5091 6.5872 115.4776 2.1130 29.3553 -3.1407 -0.0001 0.0002 11 tesla_cybertruck
Car 1.00 1.00 0 0 0 0 0 0 0 0 -1000.00 -1000.00 -1000.00 -1000.00 1.5140 2.1024 4.9073 42.4008 2.0992 -198.0169 3.0785 -0.0013 -0.0011 12 mercedesccc_mercedesccc
Car 1.00 1.00 0 0 0 0 0 0 0 0 -1000.00 -1000.00 -1000.00 -1000.00 1.6980 1.9434 4.1871 173.1307 2.1151 41.7768 -1.5817 -0.0001 0.0002 13 citroen_c3
Car 1.00 1.00 0 0 0 0 0 0 0 0 -1000.00 -1000.00 -1000.00 -1000.00 1.4812 2.1349 5.6254 81.6515 2.1023 -23.8448 -1.5762 -0.0002 0.0002 14 chevrolet_impala
Car 1.00 1.00 0 0 0 0 0 0 0 0 -1000.00 -1000.00 -1000.00 -1000.00 1.6320 2.1403 5.2230 173.1103 2.1192 47.7560 -1.6246 -0.0045 0.0002 15 dodge_charger_police
Car 1.00 1.00 0 0 0 0 0 0 0 0 -1000.00 -1000.00 -1000.00 -1000.00 1.5863 2.2347 5.1468 182.6161 2.0913 -53.3857 1.5644 -0.0019 -0.0027 16 lincoln_mkz2017
Car 0.00 1.00 0 0 0 0 0 0 0 0 1532.72 301.52 1584.42 315.55 1.7318 2.1344 5.0985 -87.1159 -7.0979 90.6213 0.9737 -0.0121 -0.0037 17 audi_etron
Car 1.00 1.00 0 0 0 0 0 0 0 0 -1000.00 -1000.00 -1000.00 -1000.00 1.7506 2.3538 4.8416 182.5295 2.1101 -64.6215 1.5621 0.0025 0.0002 18 bmw_grandtourer
Car 1.00 1.00 51 62 94 442 0 0 0 9 -1000.00 -1000.00 -1000.00 -1000.00 1.5765 1.9374 3.8150 48.4004 2.0731 18.8438 0.0008 0.0010 0.0001 19 nissan_micra
Motorcycle 1.00 1.00 0 0 0 0 0 0 0 0 -1000.00 -1000.00 -1000.00 -1000.00 1.6960 1.0692 2.4735 178.5183 2.0927 -55.2543 0.0039 0.0037 -0.0011 20 harley_davidson_low_rider
Car 1.00 1.00 0 0 0 0 0 0 0 0 -1000.00 -1000.00 -1000.00 -1000.00 1.5765 1.9374 3.8150 182.4007 2.1024 -78.2885 1.5731 0.0001 0.0002 21 nissan_micra
Car 1.00 1.00 0 0 0 0 0 0 0 0 -1000.00 -1000.00 -1000.00 -1000.00 1.7203 2.2019 5.4994 27.5599 2.0265 89.5960 -3.1129 -0.0001 0.0008 22 chargercop2020_chargercop2020
Car 1.00 1.00 35 47 77 386 3 0 0 0 -1000.00 -1000.00 -1000.00 -1000.00 1.5475 1.9070 4.4025 17.9801 2.0310 -51.2279 3.1206 0.0000 0.0002 23 seat_leon
Car 1.00 1.00 0 0 0 0 0 0 0 0 -1000.00 -1000.00 -1000.00 -1000.00 1.3660 1.9896 4.9534 288.4492 -7.9059 -2.7891 1.5590 0.0020 0.0002 24 mustang_mustang
Cyclist 1.00 1.00 0 0 0 1 0 0 0 0 -1000.00 -1000.00 -1000.00 -1000.00 1.9709 0.6705 1.7250 -15.1216 2.0736 -133.1833 0.0078 0.0071 0.0000 25 diamondback_century
Cyclist 1.00 1.00 0 0 0 1 0 0 0 0 -1000.00 -1000.00 -1000.00 -1000.00 1.7065 0.8593 1.4873 -8.1775 2.0425 -129.3562 -1.6211 -0.0358 -0.0008 26 bh_crossbike
Car 1.00 1.00 0 0 0 0 0 0 0 0 -1000.00 -1000.00 -1000.00 -1000.00 2.1397 2.1728 4.7045 81.1018 2.1200 -184.6993 -1.5812 -0.0026 0.0002 27 volkswagen_t2
Car 1.00 1.00 0 0 0 0 0 0 0 0 -1000.00 -1000.00 -1000.00 -1000.00 1.9718 2.0005 4.0595 -56.4044 2.0500 -198.2921 -1.3790 -0.0024 0.0006 28 jeep_wrangler_rubicon
Car 1.00 1.00 30 25 45 293 0 0 36 0 -1000.00 -1000.00 -1000.00 -1000.00 1.5627 2.2716 5.0314 0.6103 2.0803 69.1485 1.5953 -0.0000 0.0002 29 tesla_model3
Car 1.00 1.00 0 0 0 0 0 0 0 0 -1000.00 -1000.00 -1000.00 -1000.00 1.4546 2.0938 4.3903 168.7059 2.0504 -123.7513 -1.9292 -0.0000 -0.1036 30 audi_tt
Car 1.00 1.00 0 0 0 0 0 0 0 0 -1000.00 -1000.00 -1000.00 -1000.00 1.5488 2.0688 3.9961 38.8769 2.0247 89.5005 3.1341 -0.0000 0.0002 31 mini_cooperst
Car 1.00 1.00 0 0 0 0 0 0 0 0 -1000.00 -1000.00 -1000.00 -1000.00 1.6011 2.1072 4.7392 67.6593 2.0407 -58.3331 -0.3058 -0.0001 0.0002 32 toyota_prius
Car 1.00 1.00 0 0 0 0 0 0 0 0 -1000.00 -1000.00 -1000.00 -1000.00 2.1397 2.1728 4.7045 77.1832 2.1195 -205.3301 0.0793 -0.0002 0.0002 33 volkswagen_t2
Car 1.00 1.00 0 0 0 0 0 0 0 0 -1000.00 -1000.00 -1000.00 -1000.00 1.6011 2.1072 4.7392 290.9089 2.1405 -167.6607 1.5957 -0.0001 0.0002 34 toyota_prius
Car 1.00 1.00 49 64 110 2686 0 0 12 7 -1000.00 -1000.00 -1000.00 -1000.00 1.3660 1.9896 4.9534 23.9831 2.0808 29.2735 -3.1396 -0.0001 0.0002 35 mustang_mustang
Car 1.00 1.00 41 51 76 593 0 0 34 0 -1000.00 -1000.00 -1000.00 -1000.00 1.6011 2.1072 4.7392 -2.8854 2.0773 47.5939 -1.5822 -0.0001 0.0002 36 toyota_prius
Car 1.00 1.00 0 0 0 0 0 0 0 0 -1000.00 -1000.00 -1000.00 -1000.00 1.7506 2.3538 4.8416 90.5855 2.0640 -54.2183 -2.6388 -0.0001 0.0005 37 bmw_grandtourer
Car 1.00 1.00 0 0 0 0 0 0 0 0 -1000.00 -1000.00 -1000.00 -1000.00 2.2031 2.5091 6.5872 175.8800 2.1275 -36.6888 -1.5858 -0.0000 0.0002 38 tesla_cybertruck
Motorcycle 0.00 0.94 13 11 17 569 0 3 2 0 1412.62 363.39 1442.27 378.30 1.6387 1.2138 2.3199 -62.8717 2.0208 49.8963 -1.5266 0.0005 0.0000 39 yamaha_yzf
Car 1.00 1.00 0 14 20 83 9 0 0 0 -1000.00 -1000.00 -1000.00 -1000.00 1.9476 2.0282 4.8347 15.9821 2.0795 -126.5295 3.1267 -0.0004 0.0002 40 nissan_patrol
Car 1.00 1.00 0 0 0 0 0 0 0 0 -1000.00 -1000.00 -1000.00 -1000.00 1.6115 2.2019 5.2564 96.7121 2.0563 -51.6931 -3.0594 0.0079 0.0010 41 charger2020_charger2020
Car 1.00 1.00 0 0 0 0 0 0 0 0 -1000.00 -1000.00 -1000.00 -1000.00 1.6115 2.2019 5.2564 222.8312 2.0679 34.9818 -1.7141 0.0055 0.0037 42 charger2020_charger2020
Motorcycle 1.00 1.00 5 7 11 3 0 0 0 0 -1000.00 -1000.00 -1000.00 -1000.00 1.6649 1.0692 2.4735 68.3679 2.0778 22.1409 0.0056 0.0029 0.0002 43 harley_davidson_low_rider
Car 1.00 1.00 0 0 0 0 0 0 0 0 -1000.00 -1000.00 -1000.00 -1000.00 1.5542 2.3421 5.1370 195.1403 2.1202 -133.7484 3.0938 -0.0001 0.0002 44 lincoln2020_mkz2020
Motorcycle 1.00 1.00 52 64 110 1496 0 0 11 0 -1000.00 -1000.00 -1000.00 -1000.00 1.6960 1.0692 2.4735 18.5154 2.0695 29.2412 3.1405 0.0029 0.0003 45 harley_davidson_low_rider
Cyclist 1.00 1.00 0 0 0 0 0 0 0 0 -1000.00 -1000.00 -1000.00 -1000.00 1.9310 0.5921 1.9272 108.2775 2.0747 25.9195 3.1264 -0.0041 0.0002 46 gazelle_omafiets
Car 1.00 1.00 2710 2986 4785 108423 0 0 1066 0 -1000.00 -1000.00 -1000.00 -1000.00 1.7318 2.1344 5.0985 -0.0685 2.0952 5.6727 1.5358 -0.0002 0.0002 47 audi_etron
Car 1.00 1.00 0 0 0 0 0 0 0 0 -1000.00 -1000.00 -1000.00 -1000.00 1.9476 2.0282 4.8347 68.6118 2.0188 82.3242 -0.0046 -0.0006 0.0002 48 nissan_patrol
Car 0.00 1.00 0 0 0 0 0 0 0 0 1017.53 362.92 1076.04 380.72 1.7203 2.2019 5.4994 -56.1304 2.0182 6.3261 1.5492 -0.0001 0.0008 49 chargercop2020_chargercop2020
Car 1.00 1.00 0 0 0 0 0 0 0 0 -1000.00 -1000.00 -1000.00 -1000.00 1.6244 1.8781 3.8906 91.5979 2.1062 -204.1863 -2.7394 -0.0006 -0.0010 50 audi_a2
Car 1.00 1.00 0 0 0 0 0 0 0 0 -1000.00 -1000.00 -1000.00 -1000.00 1.5863 2.2347 5.1468 182.6196 2.1164 -72.2895 1.5695 -0.0001 0.0002 51 lincoln_mkz2017
Cyclist 1.00 1.00 0 0 0 0 0 0 0 0 -1000.00 -1000.00 -1000.00 -1000.00 1.9709 0.6705 1.7250 81.2779 2.0934 -210.4406 -0.3702 0.0055 0.0071 52 diamondback_century
Cyclist 1.00 1.00 0 0 0 0 0 0 0 0 -1000.00 -1000.00 -1000.00 -1000.00 1.9311 0.5921 1.9272 75.8277 2.0257 -51.8401 3.0095 -0.0135 0.0002 53 gazelle_omafiets
Car 1.00 1.00 3 4 8 43 0 0 0 0 -1000.00 -1000.00 -1000.00 -1000.00 1.7173 2.2591 5.2781 15.0105 2.0366 93.2431 3.1316 -0.0071 -0.0001 54 mercedes_benz_coupe
Car 1.00 1.00 0 0 0 0 0 0 0 0 -1000.00 -1000.00 -1000.00 -1000.00 1.5542 2.3421 5.1370 199.3123 2.1103 24.7516 -3.1245 -0.0000 0.0002 55 lincoln2020_mkz2020
Car 1.00 1.00 0 0 0 0 0 0 0 0 -1000.00 -1000.00 -1000.00 -1000.00 1.7506 2.3538 4.8416 230.2832 2.0596 -8.7453 1.5518 0.0007 0.0001 56 bmw_grandtourer
Car 1.00 1.00 39 46 76 4013 0 0 4 14 -1000.00 -1000.00 -1000.00 -1000.00 1.4546 2.0938 4.3903 32.3447 2.0903 25.6890 3.1326 -0.0000 0.0002 57 audi_tt
Car 1.00 1.00 0 0 0 0 0 0 0 0 -1000.00 -1000.00 -1000.00 -1000.00 1.7173 2.2591 5.2781 84.6857 2.1228 -193.6666 -1.5496 -0.0072 -0.0001 58 mercedes_benz_coupe
Car 1.00 1.00 0 0 0 0 0 0 0 0 -1000.00 -1000.00 -1000.00 -1000.00 1.5542 2.3421 5.1370 92.3458 2.0939 3.7420 1.5650 -0.0000 0.0002 59 lincoln2020_mkz2020
Car 1.00 1.00 51 50 78 580 0 0 26 0 -1000.00 -1000.00 -1000.00 -1000.00 2.1397 2.1728 4.7045 -9.6609 2.0329 82.8208 -0.0206 -0.0002 0.0004 60 volkswagen_t2
Car 1.00 1.00 0 0 0 0 0 0 0 0 -1000.00 -1000.00 -1000.00 -1000.00 1.7506 2.3538 4.8416 168.3399 2.0945 150.4045 -0.8938 -0.0001 0.0002 61 bmw_grandtourer
Car 1.00 1.00 0 0 0 0 0 0 0 0 -1000.00 -1000.00 -1000.00 -1000.00 1.6320 2.1403 5.2230 197.4358 2.1246 27.8494 3.0904 -0.0044 0.0002 62 dodge_charger_police
Car 1.00 1.00 0 0 0 0 0 0 0 0 -1000.00 -1000.00 -1000.00 -1000.00 1.6980 1.9434 4.1871 110.8898 2.0554 -48.0590 3.1388 -0.0001 0.0002 63 citroen_c3
Car 1.00 1.00 0 0 0 0 0 0 0 0 -1000.00 -1000.00 -1000.00 -1000.00 1.4812 2.1349 5.6254 113.5247 2.1044 25.8015 3.1211 0.0000 0.0002 64 chevrolet_impala
Car 1.00 1.00 0 0 0 0 0 0 0 0 -1000.00 -1000.00 -1000.00 -1000.00 1.6115 2.2019 5.2564 74.2930 2.0472 -58.8271 0.0142 0.0038 0.0010 65 charger2020_charger2020
Car 1.00 1.00 0 0 0 0 0 0 0 0 -1000.00 -1000.00 -1000.00 -1000.00 1.3660 1.9896 4.9534 43.7638 2.0749 163.2674 -0.0193 -0.0001 0.0002 66 mustang_mustang
Motorcycle 1.00 1.00 0 0 0 0 0 0 0 0 -1000.00 -1000.00 -1000.00 -1000.00 1.5852 1.1236 2.1350 -32.3925 1.9790 82.6280 0.1777 -0.0011 0.0545 67 kawasaki_ninja
Car 1.00 1.00 0 0 0 0 0 0 0 0 -1000.00 -1000.00 -1000.00 -1000.00 1.5488 2.0688 3.9961 169.7091 2.1208 -192.6921 0.8170 -0.0001 0.0002 68 mini_cooperst
Car 1.00 1.00 0 0 0 0 0 0 0 0 -1000.00 -1000.00 -1000.00 -1000.00 1.5542 2.3421 5.1370 83.7405 2.1058 -206.0980 0.0282 -0.0002 -0.0001 69 lincoln2020_mkz2020
Car 1.00 1.00 0 0 0 0 0 0 0 0 -1000.00 -1000.00 -1000.00 -1000.00 1.9718 2.0005 4.0595 81.1641 2.1054 -114.1156 -1.5782 -0.0005 0.0001 70 jeep_wrangler_rubicon
Car 1.00 1.00 0 0 0 0 0 0 0 0 -1000.00 -1000.00 -1000.00 -1000.00 1.7506 2.3538 4.8416 178.7030 2.1113 -73.5460 1.5262 -0.0002 0.0002 71 bmw_grandtourer
Car 1.00 1.00 0 0 0 0 0 0 0 0 -1000.00 -1000.00 -1000.00 -1000.00 2.2031 2.5091 6.5872 80.2853 2.0972 173.5373 3.1153 0.0002 0.0002 72 tesla_cybertruck
Car 0.00 1.00 0 0 0 0 0 0 0 0 982.18 315.96 1004.87 326.04 1.6244 1.8781 3.8906 -99.4980 -6.1074 3.7037 1.5781 -0.0103 -0.0012 73 audi_a2
Car 1.00 1.00 0 0 0 0 0 0 0 0 -1000.00 -1000.00 -1000.00 -1000.00 1.7203 2.2019 5.4994 180.3288 2.1089 65.5486 1.6338 -0.0002 0.0008 74 chargercop2020_chargercop2020
Car 1.00 1.00 0 0 0 0 0 0 0 0 -1000.00 -1000.00 -1000.00 -1000.00 1.6320 2.1403 5.2230 -96.0891 2.0946 -262.4211 -0.9364 -0.0033 -0.0077 75 dodge_charger_police
Car 1.00 1.00 4965 7343 11678 375910 0 0 649 405 -1000.00 -1000.00 -1000.00 -1000.00 1.5140 2.1024 4.9073 3.7210 2.0794 2.9037 1.5588 -0.0001 0.0002 76 mercedesccc_mercedesccc
Car 1.00 1.00 0 0 0 0 0 0 0 0 -1000.00 -1000.00 -1000.00 -1000.00 1.6244 1.8781 3.8906 205.5068 2.1104 24.6185 -3.1357 -0.0006 -0.0009 77 audi_a2
Car 1.00 1.00 0 0 0 0 0 0 0 0 -1000.00 -1000.00 -1000.00 -1000.00 1.6244 1.8781 3.8906 84.7345 2.0994 -111.2692 -1.5920 -0.0005 -0.0009 78 audi_a2
Car 1.00 1.00 0 0 0 0 0 0 0 0 -1000.00 -1000.00 -1000.00 -1000.00 1.7203 2.2019 5.4994 234.1336 2.0674 -6.5923 1.5885 0.0020 0.0015 79 chargercop2020_chargercop2020
Car 1.00 1.00 0 0 0 0 0 0 0 0 -1000.00 -1000.00 -1000.00 -1000.00 2.1397 2.1728 4.7045 182.0403 2.1022 -258.0566 0.0568 -0.0008 0.0061 80 volkswagen_t2
Car 1.00 1.00 0 0 0 0 0 0 0 0 -1000.00 -1000.00 -1000.00 -1000.00 1.3660 1.9896 4.9534 214.1583 2.0612 -35.5528 -2.2861 -0.0002 -0.0013 81 mustang_mustang
Car 1.00 1.00 2 1 1 8 0 0 0 1 -1000.00 -1000.00 -1000.00 -1000.00 1.7203 2.2019 5.4994 88.6969 2.0982 -1.7500 1.5967 -0.0002 0.0008 82 chargercop2020_chargercop2020
Car 1.00 1.00 0 0 0 0 0 0 0 0 -1000.00 -1000.00 -1000.00 -1000.00 1.6244 1.8781 3.8906 277.0175 2.1254 -118.2596 -1.5695 0.0004 -0.0009 83 audi_a2
Car 1.00 1.00 7 12 17 1020 0 0 0 0 -1000.00 -1000.00 -1000.00 -1000.00 1.6244 1.8781 3.8906 30.0254 2.0809 29.2535 3.1340 -0.0006 -0.0009 84 audi_a2
Car 1.00 1.00 0 0 0 0 0 0 0 0 -1000.00 -1000.00 -1000.00 -1000.00 1.3660 1.9896 4.9534 127.9077 2.0385 92.4441 3.1394 -0.0003 0.0002 85 mustang_mustang
Car 0.00 1.00 0 0 0 0 0 0 0 0 1594.16 304.21 1634.05 316.26 1.6244 1.8781 3.8906 -90.5935 -7.2082 103.3681 -2.2710 0.0147 0.0013 86 audi_a2
Car 1.00 1.00 0 0 0 0 0 0 0 0 -1000.00 -1000.00 -1000.00 -1000.00 1.9718 2.0005 4.0595 182.0025 2.1244 -147.5269 1.5862 -0.0006 0.0001 87 jeep_wrangler_rubicon
Car 0.00 1.00 0 0 0 0 0 0 0 0 440.55 360.47 468.18 369.91 1.9718 2.0005 4.0595 -117.9243 2.0719 -108.8522 -1.6036 -0.0005 0.0001 88 jeep_wrangler_rubicon
Car 0.00 1.00 0 0 0 0 0 0 0 0 1697.08 292.54 1764.52 307.00 1.3660 1.9896 4.9534 -74.7003 -7.2904 100.0657 0.7979 -0.0116 -0.0001 89 mustang_mustang
Motorcycle 1.00 1.00 5 8 12 67 1 0 0 0 -1000.00 -1000.00 -1000.00 -1000.00 1.6649 1.0692 2.4735 -12.5310 2.0197 -58.1370 -0.2029 0.0086 -0.0028 90 harley_davidson_low_rider
Car 1.00 1.00 0 0 0 0 0 0 0 0 -1000.00 -1000.00 -1000.00 -1000.00 1.5475 1.9070 4.4025 287.7678 2.1383 -155.4469 2.8273 -0.0001 -0.0001 91 seat_leon
Motorcycle 1.00 1.00 0 0 0 0 0 0 0 0 -1000.00 -1000.00 -1000.00 -1000.00 1.6387 1.2138 2.3199 22.4632 2.0323 89.6253 3.1199 -0.0003 0.0002 92 yamaha_yzf
Cyclist 1.00 1.00 0 0 0 0 0 0 0 0 -1000.00 -1000.00 -1000.00 -1000.00 1.9311 0.5921 1.9272 -51.4436 2.0258 -216.1434 -1.2420 -0.0036 -0.0022 93 gazelle_omafiets
Car 1.00 1.00 0 0 0 0 0 0 0 0 -1000.00 -1000.00 -1000.00 -1000.00 1.5140 2.1024 4.9073 84.5499 2.1062 -201.2143 -1.5580 -0.0001 0.0002 94 mercedesccc_mercedesccc
Car 1.00 1.00 0 0 0 0 0 0 0 0 -1000.00 -1000.00 -1000.00 -1000.00 1.4546 2.0938 4.3903 179.7038 2.0952 -48.3838 3.1201 0.0028 -0.0017 95 audi_tt
Car 1.00 1.00 0 3 6 40 4 0 0 0 -1000.00 -1000.00 -1000.00 -1000.00 2.1397 2.1728 4.7045 16.0049 2.1044 -130.2140 3.1400 -0.0001 0.0002 96 volkswagen_t2
Car 1.00 1.00 0 2 0 0 0 0 0 0 -1000.00 -1000.00 -1000.00 -1000.00 1.5140 2.1024 4.9073 -20.3811 2.0846 -133.1636 -0.0081 -0.0000 0.0002 97 mercedesccc_mercedesccc
Car 1.00 1.00 0 0 0 0 0 0 0 0 -1000.00 -1000.00 -1000.00 -1000.00 1.4812 2.1349 5.6254 68.4650 2.0894 166.5494 -0.0040 -0.0034 0.0001 98 chevrolet_impala
Car 1.00 1.00 13 13 27 226 0 0 6 0 -1000.00 -1000.00 -1000.00 -1000.00 1.5765 1.9374 3.8150 -18.9134 2.0024 86.6086 -0.0210 0.0001 0.0002 99 nissan_micra
Motorcycle 1.00 1.00 22 47 68 2616 0 0 6 11 -1000.00 -1000.00 -1000.00 -1000.00 1.5853 1.1236 2.1350 20.6012 2.0461 25.7499 3.1345 -0.0002 0.0002 100 kawasaki_ninja
Car 1.00 1.00 0 0 0 0 0 0 0 0 -1000.00 -1000.00 -1000.00 -1000.00 1.9476 2.0282 4.8347 201.4893 2.1108 -133.9482 3.0941 -0.0004 0.0002 101 nissan_patrol
Car 0.00 1.00 0 0 0 0 0 0 0 0 664.04 338.69 697.87 354.14 2.1397 2.1728 4.7045 -99.6782 -1.3411 -51.7403 1.5591 -0.1212 0.0013 102 volkswagen_t2
Car 1.00 1.00 0 0 0 0 0 0 0 0 -1000.00 -1000.00 -1000.00 -1000.00 1.3660 1.9896 4.9534 -17.9401 2.0850 -136.7710 -0.0125 -0.0002 0.0002 103 mustang_mustang
Car 1.00 1.00 36 40 72 582 13 0 0 0 -1000.00 -1000.00 -1000.00 -1000.00 1.5627 2.2716 5.0314 -26.6040 2.0281 -53.8216 -0.1440 0.0010 0.0008 104 tesla_model3
Car 1.00 1.00 0 0 0 0 0 0 0 0 -1000.00 -1000.00 -1000.00 -1000.00 1.5542 2.3421 5.1370 132.9023 2.0994 21.8902 0.0049 -0.0008 0.0003 105 lincoln2020_mkz2020
Car 1.00 1.00 0 0 0 0 0 0 0 0 -1000.00 -1000.00 -1000.00 -1000.00 1.5627 2.2716 5.0314 168.4325 2.1117 17.0116 -0.3246 -0.0000 0.0002 106 tesla_model3
Car 1.00 1.00 0 0 0 0 0 0 0 0 -1000.00 -1000.00 -1000.00 -1000.00 1.5765 1.9374 3.8150 84.7408 2.0934 -185.1833 -1.4584 -0.0001 0.0002 107 nissan_micra
Cyclist 1.00 1.00 0 0 0 0 0 0 0 0 -1000.00 -1000.00 -1000.00 -1000.00 1.9311 0.5921 1.9272 85.2648 2.0823 -144.1784 -1.5767 -0.0032 0.0010 108 gazelle_omafiets
Cyclist 1.00 1.00 0 0 0 0 0 0 0 0 -1000.00 -1000.00 -1000.00 -1000.00 1.9311 0.5921 1.9272 46.0257 -7.9435 141.2689 3.1182 -0.0036 0.0000 109 gazelle_omafiets
Car 1.00 1.00 0 0 0 0 0 0 0 0 -1000.00 -1000.00 -1000.00 -1000.00 1.4546 2.0938 4.3903 74.7843 2.0532 -55.2356 0.0109 0.0042 0.0005 110 audi_tt
Car 1.00 1.00 0 0 0 0 0 0 0 0 -1000.00 -1000.00 -1000.00 -1000.00 1.9476 2.0282 4.8347 85.1252 2.0919 -137.5154 -1.5143 -0.0012 0.0000 111 nissan_patrol
Car 1.00 1.00 0 0 0 0 0 0 0 0 -1000.00 -1000.00 -1000.00 -1000.00 1.4546 2.0938 4.3903 103.1227 2.0518 -51.5082 3.1300 -0.0001 0.0002 112 audi_tt
Car 1.00 1.00 0 0 0 0 0 0 0 0 -1000.00 -1000.00 -1000.00 -1000.00 1.7506 2.3538 4.8416 184.2972 2.0981 133.3446 1.5794 -0.0002 0.0023 113 bmw_grandtourer
Car 1.00 1.00 0 0 0 0 0 0 0 0 -1000.00 -1000.00 -1000.00 -1000.00 1.9718 2.0005 4.0595 175.3054 2.1189 -119.1174 -1.5738 0.0074 -0.0002 114 jeep_wrangler_rubicon
Motorcycle 1.00 1.00 0 0 0 0 0 0 0 0 -1000.00 -1000.00 -1000.00 -1000.00 1.6387 1.2138 2.3199 33.6616 2.0342 89.5397 3.1332 -0.0001 0.0002 115 yamaha_yzf
Car 1.00 1.00 0 0 0 0 0 0 0 0 -1000.00 -1000.00 -1000.00 -1000.00 1.7203 2.2019 5.4994 183.4161 2.1137 2.0177 1.6056 -0.0004 0.0008 116 chargercop2020_chargercop2020
Car 1.00 1.00 0 0 0 0 0 0 0 0 -1000.00 -1000.00 -1000.00 -1000.00 1.6980 1.9434 4.1871 82.0215 2.0994 50.0808 -1.5849 -0.0001 0.0002 117 citroen_c3
Car 1.00 1.00 0 0 0 0 0 0 0 0 -1000.00 -1000.00 -1000.00 -1000.00 1.5542 2.3421 5.1370 -47.9691 2.0904 -287.0662 2.7352 -0.0011 -0.0244 118 lincoln2020_mkz2020
Car 1.00 1.00 0 0 0 0 0 0 0 0 -1000.00 -1000.00 -1000.00 -1000.00 2.5908 2.7453 5.4640 80.4006 2.1204 15.0185 -0.9160 -0.0049 -0.0077 119 carlamotors_carlacola
Car 1.00 1.00 84 85 143 5409 0 0 4 12 -1000.00 -1000.00 -1000.00 -1000.00 1.5765 1.9374 3.8150 37.9854 2.0715 25.6588 3.1293 -0.0001 0.0002 120 nissan_micra
Car 1.00 1.00 0 0 0 0 0 0 0 0 -1000.00 -1000.00 -1000.00 -1000.00 1.4477 1.5550 2.3177 272.5951 2.1398 -122.6695 -1.9398 -0.0058 0.0002 121 bmw_isetta
Car 1.00 1.00 0 0 0 0 0 0 0 0 -1000.00 -1000.00 -1000.00 -1000.00 1.7173 2.2591 5.2781 47.5191 2.0923 166.8783 -0.0352 -0.0065 -0.0000 122 mercedes_benz_coupe
Car 1.00 1.00 7 8 19 54 5 0 0 0 -1000.00 -1000.00 -1000.00 -1000.00 1.7173 2.2591 5.2781 -8.0071 2.1029 -122.8342 -1.5770 -0.0078 -0.0001 123 mercedes_benz_coupe
Car 1.00 1.00 0 0 0 0 0 0 0 0 -1000.00 -1000.00 -1000.00 -1000.00 1.5765 1.9374 3.8150 85.8521 2.0680 99.5035 -1.5614 -0.0049 0.0005 124 nissan_micra
Car 0.00 1.00 0 0 0 0 0 0 0 0 621.30 363.86 680.97 380.34 1.6115 2.2019 5.2564 -57.9506 2.0179 -33.9100 -1.0471 -0.0002 0.0049 125 charger2020_charger2020
Car 1.00 1.00 0 0 0 0 0 0 0 0 -1000.00 -1000.00 -1000.00 -1000.00 1.9476 2.0282 4.8347 60.3070 2.0671 166.7606 -0.0320 -0.0003 0.0002 126 nissan_patrol
Car 0.00 1.00 0 0 0 2 0 0 0 0 1370.26 308.94 1410.50 320.05 1.5140 2.1024 4.9073 -94.0254 -6.8591 69.9111 1.2263 -0.0140 -0.0008 127 mercedesccc_mercedesccc
Car 1.00 1.00 0 0 0 0 0 0 0 0 -1000.00 -1000.00 -1000.00 -1000.00 1.7173 2.2591 5.2781 288.2532 0.4426 -85.9767 1.5798 -0.1273 -0.0022 128 mercedes_benz_coupe
Car 1.00 1.00 0 0 0 0 0 0 0 0 -1000.00 -1000.00 -1000.00 -1000.00 1.4812 2.1349 5.6254 179.5061 2.1166 -0.6021 1.5618 0.0008 0.0001 129 chevrolet_impala
Car 0.00 1.00 0 0 0 0 0 0 0 0 131.34 359.70 173.62 371.33 2.1397 2.1728 4.7045 -104.2136 2.0860 -152.5248 1.5706 -0.0001 0.0002 130 volkswagen_t2
Car 1.00 1.00 0 0 0 0 0 0 0 0 -1000.00 -1000.00 -1000.00 -1000.00 1.6244 1.8781 3.8906 93.2965 2.0830 154.3233 1.5304 -0.0006 -0.0009 131 audi_a2
Car 1.00 1.00 0 19 28 113 20 0 0 0 -1000.00 -1000.00 -1000.00 -1000.00 1.9476 2.0282 4.8347 5.0124 2.0779 -132.4425 -0.4451 0.0002 0.0007 132 nissan_patrol
Car 1.00 1.00 0 0 0 0 0 0 0 0 -1000.00 -1000.00 -1000.00 -1000.00 1.9476 2.0282 4.8347 88.4352 2.0605 -61.0709 1.5668 -0.0010 0.0000 133 nissan_patrol
Car 0.00 1.00 0 0 0 0 0 0 0 0 1494.89 306.87 1536.98 319.92 1.9476 2.0282 4.8347 -97.3339 -7.0980 94.2524 -2.1574 0.0101 0.0039 134 nissan_patrol
Car 1.00 1.00 14 12 24 79 13 0 0 0 -1000.00 -1000.00 -1000.00 -1000.00 1.7506 2.3538 4.8416 -4.2684 2.0833 -110.2456 -1.5836 -0.0001 0.0002 135 bmw_grandtourer
Car 1.00 1.00 0 0 0 0 0 0 0 0 -1000.00 -1000.00 -1000.00 -1000.00 1.9476 2.0282 4.8347 115.2253 2.0355 -51.6339 3.1101 -0.0003 0.0002 136 nissan_patrol
Car 1.00 1.00 199 225 355 1590 88 0 0 0 -1000.00 -1000.00 -1000.00 -1000.00 1.7203 2.2019 5.4994 -3.5975 2.0847 -29.4778 -1.5637 -0.0002 0.0008 137 chargercop2020_chargercop2020
Car 1.00 1.00 0 0 0 0 0 0 0 0 -1000.00 -1000.00 -1000.00 -1000.00 2.5908 2.7453 5.4640 87.9962 2.0925 -49.7541 -1.0073 -0.0004 0.0001 138 carlamotors_carlacola
Car 1.00 1.00 0 0 0 0 0 0 0 0 -1000.00 -1000.00 -1000.00 -1000.00 1.5863 2.2347 5.1468 172.5499 2.0994 147.0585 -1.2990 0.0012 -0.0007 139 lincoln_mkz2017
Car 1.00 1.00 0 0 0 0 0 0 0 0 -1000.00 -1000.00 -1000.00 -1000.00 1.9718 2.0005 4.0595 53.5744 2.0301 85.8068 0.0109 0.0052 0.0001 140 jeep_wrangler_rubicon
Car 1.00 1.00 0 0 0 0 0 0 0 0 -1000.00 -1000.00 -1000.00 -1000.00 1.6011 2.1072 4.7392 104.0576 2.0368 88.9840 3.1301 -0.0001 0.0002 141 toyota_prius
Car 1.00 1.00 0 0 0 0 0 0 0 0 -1000.00 -1000.00 -1000.00 -1000.00 1.7318 2.1344 5.0985 177.3314 2.1179 103.6405 -1.5614 0.0005 0.0001 142 audi_etron
Car 1.00 1.00 0 0 0 0 0 0 0 0 -1000.00 -1000.00 -1000.00 -1000.00 2.2031 2.5091 6.5872 228.1220 2.1429 -138.2334 -0.0347 -0.0000 0.0002 143 tesla_cybertruck
Car 1.00 1.00 0 0 0 0 0 0 0 0 -1000.00 -1000.00 -1000.00 -1000.00 1.5765 1.9374 3.8150 193.2004 2.0376 88.2657 3.0887 0.0001 0.0002 144 nissan_micra
Car 1.00 1.00 0 0 0 0 0 0 0 0 -1000.00 -1000.00 -1000.00 -1000.00 1.4546 2.0938 4.3903 105.0508 2.0519 -48.0445 3.1382 -0.0001 0.0002 145 audi_tt
Car 1.00 1.00 0 0 0 0 0 0 0 0 -1000.00 -1000.00 -1000.00 -1000.00 1.4812 2.1349 5.6254 273.3802 2.1467 -196.2530 -1.5959 -0.0017 0.0000 146 chevrolet_impala
Car 1.00 1.00 0 0 0 0 0 0 0 0 -1000.00 -1000.00 -1000.00 -1000.00 2.2031 2.5091 6.5872 134.7610 -7.8896 123.2781 0.0139 -0.0017 0.0001 147 tesla_cybertruck
Car 1.00 1.00 0 0 0 0 0 0 0 0 -1000.00 -1000.00 -1000.00 -1000.00 1.9718 2.0005 4.0595 81.2875 2.1103 -176.0195 -1.5929 -0.0030 0.0001 148 jeep_wrangler_rubicon
Car 1.00 1.00 0 0 0 0 0 0 0 0 -1000.00 -1000.00 -1000.00 -1000.00 1.3660 1.9896 4.9534 195.0965 2.1207 -140.6674 -0.0335 -0.0003 0.0002 149 mustang_mustang
Car 1.00 1.00 0 0 0 0 0 0 0 0 -1000.00 -1000.00 -1000.00 -1000.00 1.3660 1.9896 4.9534 199.2538 2.0598 -50.0534 -2.7837 -0.0001 0.0002 150 mustang_mustang
Car 0.00 1.00 0 0 0 0 0 0 0 0 117.71 356.77 185.93 373.78 2.5908 2.7453 5.4640 -88.1594 2.0981 -129.1109 3.1348 -0.0002 0.0002 151 carlamotors_carlacola
Car 1.00 1.00 0 0 0 0 0 0 0 0 -1000.00 -1000.00 -1000.00 -1000.00 1.5863 2.2347 5.1468 62.3196 2.0306 82.3609 -0.0150 -0.0001 0.0002 152 lincoln_mkz2017
Car 1.00 1.00 0 0 0 0 0 0 0 0 -1000.00 -1000.00 -1000.00 -1000.00 1.7506 2.3538 4.8416 267.4172 -7.8935 110.0899 2.3020 0.0022 0.0008 153 bmw_grandtourer
Cyclist 1.00 1.00 0 0 0 0 0 0 0 0 -1000.00 -1000.00 -1000.00 -1000.00 1.9709 0.6705 1.7250 109.7306 2.0833 29.3847 3.1250 0.0043 0.0002 154 diamondback_century
Cyclist 1.00 1.00 0 0 0 0 0 0 0 0 -1000.00 -1000.00 -1000.00 -1000.00 1.9311 0.5921 1.9272 88.5032 2.0863 -209.9548 1.5693 -0.0041 0.0003 155 gazelle_omafiets
Motorcycle 1.00 1.00 0 0 0 0 0 0 0 0 -1000.00 -1000.00 -1000.00 -1000.00 1.6960 1.0692 2.4735 91.1891 2.0467 89.0850 -0.8741 0.0060 -0.0030 156 harley_davidson_low_rider
Car 1.00 1.00 0 0 0 0 0 0 0 0 -1000.00 -1000.00 -1000.00 -1000.00 2.1397 2.1728 4.7045 290.5916 2.1523 -161.4175 1.2657 -0.0005 0.0002 157 volkswagen_t2
Car 0.00 1.00 0 0 1 0 0 0 0 0 1544.34 300.78 1587.62 313.78 1.5488 2.0688 3.9961 -84.2042 -7.1133 88.6231 0.9789 -0.0124 -0.0001 158 mini_cooperst
Cyclist 1.00 1.00 0 0 0 0 0 0 0 0 -1000.00 -1000.00 -1000.00 -1000.00 1.9311 0.5921 1.9272 180.3615 2.0836 70.5301 1.5670 -0.0041 0.0002 159 gazelle_omafiets
Car 1.00 1.00 0 0 0 0 0 0 0 0 -1000.00 -1000.00 -1000.00 -1000.00 1.4812 2.1349 5.6254 171.4071 2.1238 -119.5722 -1.5825 -0.0001 0.0002 160 chevrolet_impala
Car 0.00 1.00 0 0 0 0 0 0 0 0 908.39 324.94 934.07 334.69 1.7173 2.2591 5.2781 -120.5631 -5.6424 -10.6191 -1.5833 0.0511 -0.0004 161 mercedes_benz_coupe
Car 1.00 1.00 0 0 0 0 0 0 0 0 -1000.00 -1000.00 -1000.00 -1000.00 1.9718 2.0005 4.0595 88.9191 2.1121 -198.9435 3.1407 -0.0005 0.0001 162 jeep_wrangler_rubicon
Car 1.00 1.00 17 20 35 263 2 0 0 0 -1000.00 -1000.00 -1000.00 -1000.00 1.7506 2.3538 4.8416 25.6128 2.0289 -54.6032 -0.0135 -0.0001 0.0001 163 bmw_grandtourer
Car 1.00 1.00 0 0 0 0 0 0 0 0 -1000.00 -1000.00 -1000.00 -1000.00 1.6115 2.2019 5.2564 17.3029 2.0222 89.6467 -3.1307 -0.0002 0.0008 164 charger2020_charger2020
Car 1.00 1.00 119 140 217 962 47 0 0 0 -1000.00 -1000.00 -1000.00 -1000.00 1.6244 1.8781 3.8906 -7.1180 2.0790 -34.3117 -1.5630 -0.0006 -0.0009 165 audi_a2
Car 1.00 1.00 0 0 0 0 0 0 0 0 -1000.00 -1000.00 -1000.00 -1000.00 1.5475 1.9070 4.4025 11.0996 2.1017 -298.4018 3.1211 -0.0002 -0.0001 166 seat_leon
Car 1.00 1.00 0 0 0 0 0 0 0 0 -1000.00 -1000.00 -1000.00 -1000.00 1.5765 1.9374 3.8150 221.6960 -7.9059 123.8290 -0.3979 -0.0009 -0.0218 167 nissan_micra
Car 1.00 1.00 0 0 0 0 0 0 0 0 -1000.00 -1000.00 -1000.00 -1000.00 1.5863 2.2347 5.1468 -26.8789 2.0860 -136.5512 -0.0112 -0.0003 0.0002 168 lincoln_mkz2017
Car 1.00 1.00 0 0 0 0 0 0 0 0 -1000.00 -1000.00 -1000.00 -1000.00 1.7506 2.3538 4.8416 109.1315 2.0427 -51.5933 3.1330 -0.0001 0.0002 169 bmw_grandtourer
Car 1.00 1.00 154 157 246 8448 0 0 20 23 -1000.00 -1000.00 -1000.00 -1000.00 1.4812 2.1349 5.6254 26.0196 2.0899 25.6289 3.1338 -0.0001 0.0002 170 chevrolet_impala
Car 1.00 1.00 0 0 0 0 0 0 0 0 -1000.00 -1000.00 -1000.00 -1000.00 1.4812 2.1349 5.6254 176.6956 2.1137 43.0939 -1.5862 -0.0001 0.0002 171 chevrolet_impala
Car 1.00 1.00 7 13 21 121 0 0 18 0 -1000.00 -1000.00 -1000.00 -1000.00 1.6011 2.1072 4.7392 -2.2434 2.0735 105.8936 -1.5723 -0.0001 0.0002 172 toyota_prius
Car 1.00 1.00 0 0 0 0 0 0 0 0 -1000.00 -1000.00 -1000.00 -1000.00 1.6115 2.2019 5.2564 230.7027 2.0638 -2.0521 1.6278 -0.0003 0.0008 173 charger2020_charger2020
Car 1.00 1.00 0 0 0 0 0 0 0 0 -1000.00 -1000.00 -1000.00 -1000.00 1.5475 1.9070 4.4025 179.2389 2.1189 -136.6918 -0.0358 -0.0013 0.0002 174 seat_leon
Car 1.00 1.00 0 0 0 0 0 0 0 0 -1000.00 -1000.00 -1000.00 -1000.00 2.5908 2.7453 5.4640 108.5778 2.1308 -130.7189 3.1086 -0.0000 0.0002 175 carlamotors_carlacola
Car 1.00 1.00 0 0 0 0 0 0 0 0 -1000.00 -1000.00 -1000.00 -1000.00 1.4812 2.1349 5.6254 98.3050 2.0516 88.8121 3.1220 0.0062 0.0002 176 chevrolet_impala
Car 0.00 1.00 0 0 0 0 0 0 0 0 349.40 360.50 382.11 370.45 1.9718 2.0005 4.0595 -112.5280 2.0737 -121.7346 -1.3384 -0.0006 0.0001 177 jeep_wrangler_rubicon
Car 1.00 1.00 0 0 0 0 0 0 0 0 -1000.00 -1000.00 -1000.00 -1000.00 1.6980 1.9434 4.1871 287.6450 2.1393 -119.0672 1.4570 -0.0014 0.0021 178 citroen_c3
Car 1.00 1.00 0 0 0 0 0 0 0 0 -1000.00 -1000.00 -1000.00 -1000.00 1.5488 2.0688 3.9961 88.5281 2.0941 4.1279 1.5415 -0.0001 0.0002 179 mini_cooperst
Motorcycle 1.00 1.00 0 0 0 0 0 0 0 0 -1000.00 -1000.00 -1000.00 -1000.00 1.6960 1.0692 2.4735 105.6239 2.0840 29.4785 3.1282 0.0029 0.0003 180 harley_davidson_low_rider
Car 1.00 1.00 0 0 0 0 0 0 0 0 -1000.00 -1000.00 -1000.00 -1000.00 1.4477 1.5550 2.3177 177.0617 2.1025 96.8338 -1.5866 -0.0175 0.0010 181 bmw_isetta
Cyclist 1.00 1.00 0 0 0 145 0 0 0 0 -1000.00 -1000.00 -1000.00 -1000.00 1.7065 0.8593 1.4873 36.4833 2.0410 29.2664 -3.1369 0.0044 -0.0005 182 bh_crossbike
Car 0.00 1.00 0 0 0 0 0 0 0 0 401.79 362.20 433.75 369.92 1.6011 2.1072 4.7392 -117.8297 2.0692 -116.4717 -1.5959 -0.0001 0.0002 183 toyota_prius
Car 1.00 1.00 0 0 0 0 0 0 0 0 -1000.00 -1000.00 -1000.00 -1000.00 1.5488 2.0688 3.9961 97.0824 2.1094 -202.5684 -3.1133 -0.0001 0.0002 184 mini_cooperst
Car 1.00 1.00 0 0 0 0 0 0 0 0 -1000.00 -1000.00 -1000.00 -1000.00 1.6980 1.9434 4.1871 225.5755 2.1455 -282.0039 -2.6704 -0.0004 -0.0042 185 citroen_c3
Car 1.00 1.00 5 8 12 56 0 0 6 0 -1000.00 -1000.00 -1000.00 -1000.00 1.5765 1.9374 3.8150 -5.9735 2.0589 104.8877 -1.5647 -0.0001 0.0001 186 nissan_micra
Car 1.00 1.00 66 73 118 3731 0 0 6 9 -1000.00 -1000.00 -1000.00 -1000.00 1.7506 2.3538 4.8416 45.6799 2.0822 26.1617 -2.8260 0.0003 -0.0013 187 bmw_grandtourer
Car 1.00 1.00 0 0 0 0 0 0 0 0 -1000.00 -1000.00 -1000.00 -1000.00 1.5488 2.0688 3.9961 223.0863 2.0610 6.9714 -1.3763 -0.0007 -0.0014 188 mini_cooperst
Car 1.00 1.00 0 0 0 0 0 0 0 0 -1000.00 -1000.00 -1000.00 -1000.00 1.5488 2.0688 3.9961 260.7262 2.1323 -139.4343 -0.0341 -0.0000 0.0002 189 mini_cooperst
Car 1.00 1.00 0 0 0 0 0 0 0 0 -1000.00 -1000.00 -1000.00 -1000.00 1.6011 2.1072 4.7392 173.5617 2.1029 103.3352 -1.5781 -0.0001 0.0002 190 toyota_prius
Car 1.00 1.00 0 0 0 0 0 0 0 0 -1000.00 -1000.00 -1000.00 -1000.00 1.3660 1.9896 4.9534 -29.0562 2.0126 86.6195 0.1585 0.0000 0.0001 191 mustang_mustang
Car 1.00 1.00 0 0 0 0 0 0 0 0 -1000.00 -1000.00 -1000.00 -1000.00 1.9476 2.0282 4.8347 294.4583 2.1277 -153.9443 1.5635 -0.0006 0.0002 192 nissan_patrol
Pedestrian 1.00 1.00 0 0 0 0 0 0 0 0 -1000.00 -1000.00 -1000.00 -1000.00 1.9158 0.4880 0.4573 293.8955 1.9614 -244.1353 -1.9053 -0.0001 0.0002 193 pedestrian_0019
Pedestrian 1.00 1.00 2 0 1 4 0 0 0 0 -1000.00 -1000.00 -1000.00 -1000.00 1.1330 0.4333 0.6402 13.4344 1.8875 -96.1971 2.4307 -0.0001 0.0002 194 pedestrian_0010
Pedestrian 1.00 1.00 0 0 0 0 0 0 0 0 -1000.00 -1000.00 -1000.00 -1000.00 1.9158 0.4880 0.6059 237.3739 1.8786 36.2777 1.5562 -0.0001 0.0002 195 pedestrian_0005
Pedestrian 1.00 1.00 0 0 0 0 0 0 0 0 -1000.00 -1000.00 -1000.00 -1000.00 1.9158 0.4880 0.6073 62.6903 1.8933 176.6094 3.1317 -0.0001 0.0002 196 pedestrian_0003
Pedestrian 1.00 1.00 0 1 2 9 0 0 1 0 -1000.00 -1000.00 -1000.00 -1000.00 1.9158 0.4880 0.7507 4.6677 -8.0677 116.7779 -0.0083 -0.0001 0.0002 197 pedestrian_0021
Pedestrian 1.00 1.00 0 0 0 0 0 0 0 0 -1000.00 -1000.00 -1000.00 -1000.00 1.9158 0.4880 0.7507 -109.8449 1.8943 -266.9080 2.1279 -0.0001 0.0002 198 pedestrian_0003
Pedestrian 1.00 1.00 0 0 0 0 0 0 0 0 -1000.00 -1000.00 -1000.00 -1000.00 1.9158 0.4880 0.4808 299.7316 1.9613 -221.5938 1.4781 -0.0001 0.0002 199 pedestrian_0004
Pedestrian 1.00 1.00 6 7 12 48 2 0 0 0 -1000.00 -1000.00 -1000.00 -1000.00 1.9158 0.4880 0.3754 -11.2585 1.8932 -61.4001 2.0088 -0.0001 0.0002 200 pedestrian_0022
Pedestrian 1.00 1.00 0 0 0 0 0 0 0 0 -1000.00 -1000.00 -1000.00 -1000.00 1.3390 0.3253 0.4642 186.3991 1.9230 -83.0319 -1.5791 -0.0001 0.0002 201 pedestrian_0014
Pedestrian 1.00 1.00 0 0 0 0 0 0 0 0 -1000.00 -1000.00 -1000.00 -1000.00 1.9158 0.4880 0.4629 93.2293 2.0617 12.8647 0.1268 -0.0001 0.0002 202 pedestrian_0022
Pedestrian 1.00 1.00 0 0 0 0 0 0 0 0 -1000.00 -1000.00 -1000.00 -1000.00 1.9158 0.4880 0.5299 73.2835 2.0729 -203.7452 -2.7543 -0.0001 0.0002 203 pedestrian_0023
Pedestrian 1.00 1.00 0 0 0 0 0 0 0 0 -1000.00 -1000.00 -1000.00 -1000.00 1.3390 0.3253 0.5005 59.0116 1.8378 77.0197 -3.1373 -0.0001 0.0002 204 pedestrian_0012
Pedestrian 1.00 1.00 0 0 0 0 0 0 0 0 -1000.00 -1000.00 -1000.00 -1000.00 1.9158 0.4880 0.4457 -13.6520 1.9006 -122.7005 1.4942 -0.0001 0.0002 205 pedestrian_0019
Pedestrian 1.00 1.00 0 0 0 0 0 0 0 0 -1000.00 -1000.00 -1000.00 -1000.00 1.9158 0.4880 0.7377 -65.4797 1.8604 -167.5900 1.5625 -0.0001 0.0002 206 pedestrian_0005
Pedestrian 1.00 1.00 0 1 1 7 0 0 1 0 -1000.00 -1000.00 -1000.00 -1000.00 1.9158 0.4880 0.7507 -8.3853 1.8835 145.4540 -1.8254 -0.0001 0.0002 207 pedestrian_0026
Pedestrian 1.00 1.00 0 0 0 0 0 0 0 0 -1000.00 -1000.00 -1000.00 -1000.00 1.9158 0.4880 0.7507 58.7593 1.9038 9.9954 3.1194 -0.0001 0.0002 208 pedestrian_0015
Pedestrian 0.00 1.00 0 0 0 0 0 0 0 0 418.21 362.31 420.93 368.13 1.3390 0.3253 0.3097 -128.7892 1.8722 -126.8074 -1.5876 -0.0001 0.0002 209 pedestrian_0014
Pedestrian 0.00 1.00 0 0 0 0 0 0 0 0 405.89 359.85 409.97 368.10 1.9158 0.4880 0.4671 -129.9618 1.8803 -130.6585 1.4425 -0.0001 0.0002 210 pedestrian_0016
Pedestrian 1.00 1.00 0 0 0 0 0 0 0 0 -1000.00 -1000.00 -1000.00 -1000.00 1.3390 0.3253 0.2630 101.5189 2.0038 -55.6952 1.3173 -0.0001 0.0002 211 pedestrian_0012
Pedestrian 1.00 1.00 1 1 1 2 0 0 0 0 -1000.00 -1000.00 -1000.00 -1000.00 1.1330 0.4333 0.6667 -11.0551 1.8882 -104.9920 -1.6093 -0.0001 0.0002 212 pedestrian_0009
Pedestrian 1.00 1.00 0 0 0 0 0 0 0 0 -1000.00 -1000.00 -1000.00 -1000.00 1.1330 0.4333 0.6667 116.1427 1.8919 158.8534 3.1198 -0.0001 0.0002 213 pedestrian_0010
Pedestrian 1.00 1.00 0 0 0 0 0 0 0 0 -1000.00 -1000.00 -1000.00 -1000.00 1.9158 0.4880 0.7453 -77.9956 1.9017 -298.9732 -0.5995 -0.0001 0.0002 214 pedestrian_0021
Pedestrian 1.00 1.00 0 0 0 0 0 0 0 0 -1000.00 -1000.00 -1000.00 -1000.00 1.9158 0.4880 0.3854 100.4672 2.0120 -54.9788 2.1452 -0.0001 0.0002 215 pedestrian_0018
Pedestrian 1.00 1.00 0 0 0 0 0 0 0 0 -1000.00 -1000.00 -1000.00 -1000.00 1.9158 0.4880 0.4796 277.8214 1.9596 -274.8300 1.0881 -0.0001 0.0002 216 pedestrian_0020
Pedestrian 1.00 1.00 0 0 0 0 0 0 0 0 -1000.00 -1000.00 -1000.00 -1000.00 1.9158 0.4880 0.7507 96.8058 1.9103 6.4125 1.5165 -0.0001 0.0002 217 pedestrian_0017
Pedestrian 1.00 1.00 0 0 0 0 0 0 0 0 -1000.00 -1000.00 -1000.00 -1000.00 1.9158 0.4880 0.7429 191.7398 1.9352 -145.7400 3.0273 -0.0001 0.0002 218 pedestrian_0007
Pedestrian 1.00 1.00 0 1 4 9 0 0 0 0 -1000.00 -1000.00 -1000.00 -1000.00 1.1330 0.4333 0.5233 -10.1809 2.0405 -96.8421 1.5453 -0.0001 0.0002 219 pedestrian_0010
Pedestrian 1.00 1.00 0 2 3 15 0 0 0 0 -1000.00 -1000.00 -1000.00 -1000.00 1.9158 0.4880 0.5183 13.3567 1.9015 -95.1490 -0.9058 -0.0001 0.0002 220 pedestrian_0023
Pedestrian 1.00 1.00 0 0 0 0 0 0 0 0 -1000.00 -1000.00 -1000.00 -1000.00 1.9158 0.4880 0.5121 235.7301 2.0304 6.4572 2.8592 -0.0001 0.0002 221 pedestrian_0024
Pedestrian 1.00 1.00 0 0 0 0 0 0 0 0 -1000.00 -1000.00 -1000.00 -1000.00 1.1330 0.4333 0.3686 195.6332 1.8989 -244.2481 0.5459 -0.0001 0.0002 222 pedestrian_0011
Pedestrian 1.00 1.00 0 0 0 0 0 0 0 0 -1000.00 -1000.00 -1000.00 -1000.00 1.9158 0.4880 0.7507 -55.0719 1.9057 -311.1251 -0.4237 -0.0001 0.0002 223 pedestrian_0016
Pedestrian 1.00 1.00 0 0 0 0 0 0 0 0 -1000.00 -1000.00 -1000.00 -1000.00 1.9158 0.4880 0.6814 115.4871 -8.0963 152.0555 3.0852 -0.0001 0.0002 224 pedestrian_0017
Pedestrian 0.00 1.00 0 0 0 0 0 0 0 0 1302.67 305.16 1308.98 317.47 1.9158 0.4880 0.7507 -89.9784 -6.8514 53.2538 -1.8427 -0.0001 0.0002 225 pedestrian_0001
Pedestrian 1.00 1.00 0 0 0 0 0 0 0 0 -1000.00 -1000.00 -1000.00 -1000.00 1.9158 0.4880 0.7507 95.6075 1.9183 -98.7517 1.5899 -0.0001 0.0002 226 pedestrian_0003
Pedestrian 1.00 1.00 0 0 0 0 0 0 0 0 -1000.00 -1000.00 -1000.00 -1000.00 1.9158 0.4880 0.7507 217.8559 1.8725 44.0155 1.4863 -0.0001 0.0002 227 pedestrian_0007
Pedestrian 1.00 1.00 0 0 0 0 0 0 0 0 -1000.00 -1000.00 -1000.00 -1000.00 1.1330 0.4333 0.6667 186.0507 1.9214 -96.0337 -1.5666 -0.0001 0.0002 228 pedestrian_0010
Pedestrian 1.00 1.00 0 0 0 0 0 0 0 0 -1000.00 -1000.00 -1000.00 -1000.00 1.1330 0.4333 0.5790 41.6731 1.8940 -118.9466 -1.0807 -0.0001 0.0002 229 pedestrian_0010
Pedestrian 1.00 1.00 0 0 0 0 0 0 0 0 -1000.00 -1000.00 -1000.00 -1000.00 1.3390 0.3253 0.4215 78.4481 1.8966 41.0881 1.6749 -0.0001 0.0002 230 pedestrian_0013
Pedestrian 0.00 1.00 0 0 0 0 0 0 0 0 1065.35 365.78 1069.53 378.14 1.3390 0.3253 0.3979 -61.5074 1.9724 9.4815 0.1768 -0.0001 0.0002 231 pedestrian_0013
Pedestrian 1.00 1.00 0 0 0 0 0 0 0 0 -1000.00 -1000.00 -1000.00 -1000.00 1.9158 0.4880 0.4201 96.3194 2.0277 -46.6921 -1.4929 -0.0001 0.0002 232 pedestrian_0020
Pedestrian 1.00 1.00 0 0 0 0 0 0 0 0 -1000.00 -1000.00 -1000.00 -1000.00 1.9158 0.4880 0.7422 96.6093 1.9062 68.2097 -1.4212 -0.0001 0.0002 233 pedestrian_0021
Pedestrian 1.00 1.00 0 0 0 0 0 0 0 0 -1000.00 -1000.00 -1000.00 -1000.00 1.1330 0.4333 0.4458 75.1877 1.9106 -190.1168 1.7081 -0.0001 0.0002 234 pedestrian_0009
Pedestrian 1.00 1.00 0 0 0 0 0 0 0 0 -1000.00 -1000.00 -1000.00 -1000.00 1.9158 0.4880 0.4229 78.3262 1.9025 100.9397 -1.5974 -0.0001 0.0002 235 pedestrian_0006
Pedestrian 1.00 1.00 0 0 0 0 0 0 0 0 -1000.00 -1000.00 -1000.00 -1000.00 1.1330 0.4333 0.5627 98.5246 1.9115 -214.3463 0.1283 -0.0001 0.0002 236 pedestrian_0009
Pedestrian 1.00 1.00 0 0 0 0 0 0 0 0 -1000.00 -1000.00 -1000.00 -1000.00 1.9158 0.4880 0.4591 185.2647 1.9325 -69.6318 1.2713 -0.0001 0.0002 237 pedestrian_0026
Pedestrian 1.00 1.00 0 0 0 0 0 0 0 0 -1000.00 -1000.00 -1000.00 -1000.00 1.9158 0.4880 0.5589 -64.3150 1.9009 -139.7352 -3.0571 -0.0001 0.0002 238 pedestrian_0021
Pedestrian 1.00 1.00 0 0 0 2 0 0 0 0 -1000.00 -1000.00 -1000.00 -1000.00 1.3390 0.3253 0.2855 -11.2748 2.0450 -121.7455 2.8071 -0.0001 0.0002 239 pedestrian_0012
Pedestrian 1.00 1.00 0 0 0 0 0 0 0 0 -1000.00 -1000.00 -1000.00 -1000.00 1.9158 0.4880 0.7507 216.0031 1.9545 -316.2380 0.1782 -0.0001 0.0002 240 pedestrian_0020
Pedestrian 1.00 1.00 0 0 0 0 0 0 0 0 -1000.00 -1000.00 -1000.00 -1000.00 1.1330 0.4333 0.6667 302.5693 -5.0214 -44.5518 -1.6038 -0.0001 0.0002 241 pedestrian_0011
Pedestrian 1.00 1.00 0 0 0 0 0 0 0 0 -1000.00 -1000.00 -1000.00 -1000.00 1.9158 0.4880 0.7507 96.4168 1.9239 -147.1401 1.5689 -0.0001 0.0002 242 pedestrian_0002
Pedestrian 1.00 1.00 0 0 0 0 0 0 0 0 -1000.00 -1000.00 -1000.00 -1000.00 1.3390 0.3253 0.3773 77.3097 1.9027 -69.9502 -1.5328 -0.0001 0.0002 243 pedestrian_0014
Pedestrian 1.00 1.00 0 0 0 0 0 0 0 0 -1000.00 -1000.00 -1000.00 -1000.00 1.9158 0.4880 0.7507 60.8218 1.8844 -249.1065 -3.1355 -0.0001 0.0002 244 pedestrian_0006
Pedestrian 1.00 1.00 0 0 0 0 0 0 0 0 -1000.00 -1000.00 -1000.00 -1000.00 1.9158 0.4880 0.6282 299.2109 -8.0737 66.7689 -1.2737 -0.0001 0.0002 245 pedestrian_0020
Pedestrian 1.00 1.00 6 14 18 151 0 0 3 0 -1000.00 -1000.00 -1000.00 -1000.00 1.9158 0.4880 0.7507 -12.2142 1.8893 44.3265 -1.6373 -0.0001 0.0002 246 pedestrian_0022
Pedestrian 1.00 1.00 0 0 0 0 0 0 0 0 -1000.00 -1000.00 -1000.00 -1000.00 1.9158 0.4880 0.7389 78.6546 1.9031 68.7775 1.4705 -0.0001 0.0002 247 pedestrian_0002
Pedestrian 0.00 1.00 0 0 0 0 0 0 0 0 724.94 359.06 735.91 381.39 1.9158 0.4880 0.7483 -48.8427 1.8350 -22.0401 -1.5442 -0.0001 0.0002 248 pedestrian_0022
Pedestrian 1.00 1.00 2 2 2 13 0 0 0 0 -1000.00 -1000.00 -1000.00 -1000.00 1.9158 0.4880 0.6880 -10.1236 2.0534 -119.4236 0.7034 -0.0001 0.0002 249 pedestrian_0006
Pedestrian 1.00 1.00 0 0 0 0 0 0 0 0 -1000.00 -1000.00 -1000.00 -1000.00 1.9158 0.4880 0.5118 188.4805 1.5538 -62.7425 -0.9932 -0.0001 0.0002 250 pedestrian_0019
Pedestrian 1.00 1.00 0 0 0 0 0 0 0 0 -1000.00 -1000.00 -1000.00 -1000.00 1.9158 0.4880 0.7507 -50.9452 2.0357 -141.3409 0.0257 -0.0001 0.0002 251 pedestrian_0018
Pedestrian 1.00 1.00 0 0 0 0 0 0 0 0 -1000.00 -1000.00 -1000.00 -1000.00 1.9158 0.4880 0.7507 1.3993 1.9164 -319.4917 -0.0490 -0.0001 0.0002 252 pedestrian_0007
Pedestrian 1.00 1.00 2 5 8 32 0 0 2 0 -1000.00 -1000.00 -1000.00 -1000.00 1.9158 0.4880 0.6604 5.9377 2.0133 77.5819 0.0099 -0.0001 0.0002 253 pedestrian_0008
Pedestrian 1.00 1.00 0 0 0 0 0 0 0 0 -1000.00 -1000.00 -1000.00 -1000.00 1.9158 0.4880 0.5207 46.9626 1.9240 -320.1400 -0.0072 -0.0001 0.0002 254 pedestrian_0022
Pedestrian 0.00 1.00 0 0 0 0 0 0 0 0 377.91 359.85 382.56 368.11 1.9158 0.4880 0.5830 -129.8423 1.8807 -136.9754 -1.6498 -0.0001 0.0002 255 pedestrian_0024
Pedestrian 1.00 1.00 33 32 56 450 0 0 0 3 -1000.00 -1000.00 -1000.00 -1000.00 1.1330 0.4333 0.5797 13.2391 1.8657 -10.9049 -1.8335 -0.0001 0.0002 256 pedestrian_0011
Pedestrian 1.00 1.00 0 0 0 0 0 0 0 0 -1000.00 -1000.00 -1000.00 -1000.00 1.9158 0.4880 0.7507 121.2014 1.9140 12.9022 3.1072 -0.0001 0.0002 257 pedestrian_0006
Pedestrian 1.00 1.00 0 0 0 0 0 0 0 0 -1000.00 -1000.00 -1000.00 -1000.00 1.9158 0.4880 0.7507 164.3503 1.8602 95.2707 -3.0683 -0.0001 0.0002 258 pedestrian_0005
Pedestrian 1.00 1.00 0 0 0 0 0 0 0 0 -1000.00 -1000.00 -1000.00 -1000.00 1.9158 0.4880 0.7507 188.1004 1.9154 -41.2322 1.6143 -0.0001 0.0002 259 pedestrian_0003
Pedestrian 0.00 1.00 0 0 0 0 0 0 0 0 921.89 311.15 926.70 323.20 1.9158 0.4880 0.7455 -90.9599 -5.9877 -8.0321 -1.5761 -0.0001 0.0002 260 pedestrian_0001
Pedestrian 1.00 1.00 0 0 0 0 0 0 0 0 -1000.00 -1000.00 -1000.00 -1000.00 1.3390 0.3253 0.5005 187.9692 1.9194 -17.1506 1.5855 -0.0001 0.0002 261 pedestrian_0014
Pedestrian 1.00 1.00 0 0 0 0 0 0 0 0 -1000.00 -1000.00 -1000.00 -1000.00 1.9158 0.4880 0.7507 101.5677 1.9210 -140.4305 3.0870 -0.0001 0.0002 262 pedestrian_0020
Pedestrian 1.00 1.00 0 0 0 0 0 0 0 0 -1000.00 -1000.00 -1000.00 -1000.00 1.9158 0.4880 0.6179 94.4001 1.9084 -221.0636 1.5839 -0.0001 0.0002 263 pedestrian_0025
Pedestrian 1.00 1.00 0 0 0 1 0 0 0 0 -1000.00 -1000.00 -1000.00 -1000.00 1.9158 0.4880 0.7507 -14.7135 2.0532 -126.9995 -1.6573 -0.0001 0.0002 264 pedestrian_0026
Pedestrian 1.00 1.00 0 0 0 0 0 0 0 0 -1000.00 -1000.00 -1000.00 -1000.00 1.9158 0.4880 0.7507 300.8558 1.9598 -205.7756 1.5612 -0.0001 0.0002 265 pedestrian_0025
Pedestrian 1.00 1.00 0 0 0 0 0 0 0 0 -1000.00 -1000.00 -1000.00 -1000.00 1.3390 0.3253 0.2502 187.2063 1.9217 -64.0260 -2.8448 -0.0001 0.0002 266 pedestrian_0013
Pedestrian 1.00 1.00 0 0 0 0 0 0 0 0 -1000.00 -1000.00 -1000.00 -1000.00 1.9158 0.4880 0.3789 190.8166 1.9240 35.5022 0.1219 -0.0001 0.0002 267 pedestrian_0015
Pedestrian 1.00 1.00 0 0 0 0 0 0 0 0 -1000.00 -1000.00 -1000.00 -1000.00 1.9158 0.4880 0.3941 166.9813 1.9170 74.6818 0.6439 -0.0001 0.0002 268 pedestrian_0021
Pedestrian 0.00 1.00 0 0 0 0 0 0 0 0 162.08 363.19 166.58 368.10 1.1330 0.4333 0.4221 -129.5520 1.8745 -186.7341 -1.5782 -0.0001 0.0002 269 pedestrian_0010
Pedestrian 1.00 1.00 57 78 127 7037 0 0 15 18 -1000.00 -1000.00 -1000.00 -1000.00 1.9158 0.4880 0.4874 9.5124 1.8968 12.0284 1.2346 -0.0001 0.0002 270 pedestrian_0023
Pedestrian 1.00 1.00 0 0 0 0 0 0 0 0 -1000.00 -1000.00 -1000.00 -1000.00 1.3390 0.3253 0.3483 0.4312 1.8664 -263.2711 3.0953 -0.0001 0.0002 271 pedestrian_0013
Pedestrian 1.00 1.00 0 0 0 0 0 0 0 0 -1000.00 -1000.00 -1000.00 -1000.00 1.9158 0.4880 0.5933 301.4538 1.9593 -197.7755 -1.6243 -0.0001 0.0002 272 pedestrian_0016
Pedestrian 1.00 1.00 0 0 0 0 0 0 0 0 -1000.00 -1000.00 -1000.00 -1000.00 1.3390 0.3253 0.5005 166.4573 1.9275 -201.6249 -2.5436 -0.0001 0.0002 273 pedestrian_0014
Pedestrian 1.00 1.00 0 0 0 0 0 0 0 0 -1000.00 -1000.00 -1000.00 -1000.00 1.9158 0.4880 0.6247 237.0167 1.8772 18.8523 1.5563 -0.0001 0.0002 274 pedestrian_0019
Pedestrian 1.00 1.00 0 0 0 0 0 0 0 0 -1000.00 -1000.00 -1000.00 -1000.00 1.3390 0.3253 0.4924 110.2648 1.8838 -264.6400 -0.0547 -0.0001 0.0002 275 pedestrian_0013
Pedestrian 1.00 1.00 0 0 0 0 0 0 0 0 -1000.00 -1000.00 -1000.00 -1000.00 1.9158 0.4880 0.5949 132.0987 1.9262 -142.8475 3.1017 -0.0001 0.0002 276 pedestrian_0023
Pedestrian 1.00 1.00 0 0 2 6 0 0 0 0 -1000.00 -1000.00 -1000.00 -1000.00 1.1330 0.4333 0.6667 5.6685 1.8911 -102.0563 -1.5952 -0.0001 0.0002 277 pedestrian_0011
Pedestrian 1.00 1.00 0 0 0 0 0 0 0 0 -1000.00 -1000.00 -1000.00 -1000.00 1.3390 0.3253 0.5005 161.3773 1.8610 -43.0978 0.0196 -0.0001 0.0002 278 pedestrian_0012
Pedestrian 1.00 1.00 0 0 0 0 0 0 0 0 -1000.00 -1000.00 -1000.00 -1000.00 1.9158 0.4880 0.5304 253.9257 -8.0771 81.2420 -0.9699 -0.0001 0.0002 279 pedestrian_0015
Pedestrian 1.00 1.00 0 0 0 0 0 0 0 0 -1000.00 -1000.00 -1000.00 -1000.00 1.9158 0.4880 0.7507 189.8105 1.9227 53.0223 1.6473 -0.0001 0.0002 280 pedestrian_0017
Pedestrian 1.00 1.00 0 0 0 0 0 0 0 0 -1000.00 -1000.00 -1000.00 -1000.00 1.9158 0.4880 0.7507 90.7442 -8.0981 151.3408 -0.0303 -0.0001 0.0002 281 pedestrian_0005
Pedestrian 1.00 1.00 0 0 0 0 0 0 0 0 -1000.00 -1000.00 -1000.00 -1000.00 1.1330 0.4333 0.3644 222.9156 2.0564 18.0503 -2.5666 -0.0001 0.0002 282 pedestrian_0009
Pedestrian 1.00 1.00 0 0 0 0 0 0 0 0 -1000.00 -1000.00 -1000.00 -1000.00 1.1330 0.4333 0.4174 -28.5740 2.0085 -240.3981 0.4709 -0.0001 0.0002 283 pedestrian_0009
Pedestrian 1.00 1.00 0 0 0 0 0 0 0 0 -1000.00 -1000.00 -1000.00 -1000.00 1.1330 0.4333 0.4160 96.8404 1.8911 123.2639 -1.6177 -0.0001 0.0002 284 pedestrian_0009
Pedestrian 1.00 1.00 9 8 25 167 0 0 10 0 -1000.00 -1000.00 -1000.00 -1000.00 1.9158 0.4880 0.7507 5.3364 2.0453 39.5903 0.3228 -0.0001 0.0002 285 pedestrian_0024
Pedestrian 1.00 1.00 0 0 0 0 0 0 0 0 -1000.00 -1000.00 -1000.00 -1000.00 1.9158 0.4880 0.7507 186.0299 1.9326 -111.1306 -1.5738 -0.0001 0.0002 286 pedestrian_0023
Pedestrian 1.00 1.00 0 0 0 0 0 0 0 0 -1000.00 -1000.00 -1000.00 -1000.00 1.9158 0.4880 0.3754 -16.2881 1.9006 -139.5266 0.5137 -0.0001 0.0002 287 pedestrian_0015
Pedestrian 1.00 1.00 0 0 0 0 0 0 0 0 -1000.00 -1000.00 -1000.00 -1000.00 1.9158 0.4880 0.7507 265.6188 -8.0800 50.3301 1.7726 -0.0001 0.0002 288 pedestrian_0025
Pedestrian 0.00 1.00 0 0 0 0 0 0 0 0 1599.95 312.39 1604.80 318.97 1.1330 0.4333 0.4903 -100.8569 -7.4139 113.4503 -2.2190 -0.0001 0.0002 289 pedestrian_0009
Pedestrian 1.00 1.00 0 0 0 0 0 0 0 0 -1000.00 -1000.00 -1000.00 -1000.00 1.9158 0.4880 0.7507 170.0463 1.9156 109.1392 -1.5894 -0.0001 0.0002 290 pedestrian_0019
Pedestrian 1.00 1.00 0 0 0 0 0 0 0 0 -1000.00 -1000.00 -1000.00 -1000.00 1.9158 0.4880 0.7507 -29.0797 1.8991 -141.5332 -3.1028 -0.0001 0.0002 291 pedestrian_0007
Pedestrian 1.00 1.00 0 0 0 0 0 0 0 0 -1000.00 -1000.00 -1000.00 -1000.00 1.9158 0.4880 0.7507 68.5731 1.9262 -321.1889 -0.1116 -0.0001 0.0002 292 pedestrian_0021
Pedestrian 1.00 1.00 0 0 0 0 0 0 0 0 -1000.00 -1000.00 -1000.00 -1000.00 1.3390 0.3253 0.4426 99.1855 2.0645 -138.5360 -1.5223 -0.0001 0.0002 293 pedestrian_0014
Pedestrian 0.00 1.00 0 0 0 0 0 0 0 0 1080.29 323.03 1083.99 331.54 1.9158 0.4880 0.7475 -127.8534 -6.5260 25.7055 1.5446 -0.0001 0.0002 294 pedestrian_0002
Pedestrian 1.00 1.00 5 4 11 56 2 0 0 0 -1000.00 -1000.00 -1000.00 -1000.00 1.9158 0.4880 0.3997 -10.6416 2.0475 -61.2065 -1.7279 -0.0001 0.0002 295 pedestrian_0026
Pedestrian 1.00 1.00 0 0 0 0 0 0 0 0 -1000.00 -1000.00 -1000.00 -1000.00 1.9158 0.4880 0.4807 127.9344 1.8540 96.4727 2.4914 -0.0001 0.0002 296 pedestrian_0020
Pedestrian 1.00 1.00 1 2 2 31 0 0 0 0 -1000.00 -1000.00 -1000.00 -1000.00 1.9158 0.4880 0.5568 11.5973 1.8345 77.2393 0.6800 -0.0001 0.0002 297 pedestrian_0016
Pedestrian 1.00 1.00 0 0 0 0 0 0 0 0 -1000.00 -1000.00 -1000.00 -1000.00 1.9158 0.4880 0.7507 -47.6905 1.8643 -155.8552 1.4665 -0.0001 0.0002 298 pedestrian_0024
Pedestrian 1.00 1.00 0 0 0 0 0 0 0 0 -1000.00 -1000.00 -1000.00 -1000.00 1.9158 0.4880 0.6736 141.2717 -8.0883 115.4965 -0.0143 -0.0001 0.0002 299 pedestrian_0001
Pedestrian 1.00 1.00 0 0 0 0 0 0 0 0 -1000.00 -1000.00 -1000.00 -1000.00 1.9158 0.4880 0.7507 -48.3299 1.8644 -164.0586 1.5340 -0.0001 0.0002 300 pedestrian_0025
Pedestrian 1.00 1.00 0 0 0 0 0 0 0 0 -1000.00 -1000.00 -1000.00 -1000.00 1.9158 0.4880 0.7507 162.8532 1.9314 -143.3747 -2.6336 -0.0001 0.0002 301 pedestrian_0016
Pedestrian 1.00 1.00 0 0 0 0 0 0 0 0 -1000.00 -1000.00 -1000.00 -1000.00 1.9158 0.4880 0.4173 195.6707 1.9086 -245.4127 -3.0969 -0.0001 0.0002 302 pedestrian_0006
Pedestrian 1.00 1.00 0 0 0 0 0 0 0 0 -1000.00 -1000.00 -1000.00 -1000.00 1.3390 0.3253 0.3899 -47.8725 1.8568 -167.0678 -1.6659 -0.0001 0.0002 303 pedestrian_0012
Pedestrian 1.00 1.00 0 0 0 0 0 0 0 0 -1000.00 -1000.00 -1000.00 -1000.00 1.9158 0.4880 0.5450 219.5953 1.9538 -315.2199 0.2810 -0.0001 0.0002 304 pedestrian_0024
Pedestrian 1.00 1.00 0 0 0 0 0 0 0 0 -1000.00 -1000.00 -1000.00 -1000.00 1.3390 0.3253 0.4056 -124.5169 1.8815 -237.7068 1.8134 -0.0001 0.0002 305 pedestrian_0013
Pedestrian 1.00 1.00 0 0 0 0 0 0 0 0 -1000.00 -1000.00 -1000.00 -1000.00 1.1330 0.4333 0.5550 99.5349 1.9240 -321.1687 3.0992 -0.0001 0.0002 306 pedestrian_0011
Pedestrian 1.00 1.00 0 0 0 0 0 0 0 0 -1000.00 -1000.00 -1000.00 -1000.00 1.9158 0.4880 0.7107 168.2815 1.9251 -12.4904 -1.6578 -0.0001 0.0002 307 pedestrian_0024
Pedestrian 1.00 1.00 0 0 0 0 0 0 0 0 -1000.00 -1000.00 -1000.00 -1000.00 1.9158 0.4880 0.3993 22.8600 1.9201 -322.3017 -0.0049 -0.0001 0.0002 308 pedestrian_0004
Pedestrian 1.00 1.00 5 4 5 39 0 0 0 0 -1000.00 -1000.00 -1000.00 -1000.00 1.9158 0.4880 0.6481 -10.9478 2.0306 -54.7774 -1.4095 -0.0001 0.0002 309 pedestrian_0019
Pedestrian 1.00 1.00 0 0 0 0 0 0 0 0 -1000.00 -1000.00 -1000.00 -1000.00 1.3390 0.3253 0.5005 76.2407 1.9138 -183.9411 -1.5443 -0.0001 0.0002 310 pedestrian_0012
Pedestrian 1.00 1.00 0 0 0 0 0 0 0 0 -1000.00 -1000.00 -1000.00 -1000.00 1.9158 0.4880 0.3754 187.7622 1.9206 -63.4478 -1.6344 -0.0001 0.0002 311 pedestrian_0022
Pedestrian 1.00 1.00 0 0 0 0 0 0 0 0 -1000.00 -1000.00 -1000.00 -1000.00 1.9158 0.4880 0.7507 166.8127 2.0282 -57.7982 -1.5506 -0.0001 0.0002 312 pedestrian_0018
Pedestrian 1.00 1.00 0 0 0 0 0 0 0 0 -1000.00 -1000.00 -1000.00 -1000.00 1.9158 0.4880 0.6849 -18.7998 1.8671 72.2446 1.7443 -0.0001 0.0002 313 pedestrian_0022
Pedestrian 1.00 1.00 0 0 0 0 0 0 0 0 -1000.00 -1000.00 -1000.00 -1000.00 1.9158 0.4880 0.3797 168.9273 1.9238 -15.1095 -0.6037 -0.0001 0.0002 314 pedestrian_0005
Pedestrian 1.00 1.00 0 0 0 0 0 0 0 0 -1000.00 -1000.00 -1000.00 -1000.00 1.9158 0.4880 0.7507 78.6840 2.0357 -58.0734 -1.6865 -0.0001 0.0002 315 pedestrian_0018
Pedestrian 1.00 1.00 0 0 0 0 0 0 0 0 -1000.00 -1000.00 -1000.00 -1000.00 1.9158 0.4880 0.6730 -72.2724 1.9028 -302.9132 2.6828 -0.0001 0.0002 316 pedestrian_0024
Pedestrian 1.00 1.00 0 0 0 0 0 0 0 0 -1000.00 -1000.00 -1000.00 -1000.00 1.9158 0.4880 0.6279 188.1239 1.9092 -246.7549 0.1653 -0.0001 0.0002 317 pedestrian_0002
Pedestrian 1.00 1.00 0 0 0 0 0 0 0 0 -1000.00 -1000.00 -1000.00 -1000.00 1.3390 0.3253 0.3354 116.7004 1.9179 -142.2949 2.8222 -0.0001 0.0002 318 pedestrian_0013
Pedestrian 1.00 1.00 0 0 0 0 0 0 0 0 -1000.00 -1000.00 -1000.00 -1000.00 1.9158 0.4880 0.7401 45.3037 1.8416 76.8176 -2.9870 -0.0001 0.0002 319 pedestrian_0018
Pedestrian 1.00 1.00 0 0 0 0 0 0 0 0 -1000.00 -1000.00 -1000.00 -1000.00 1.9158 0.4880 0.7064 227.7420 1.8798 -40.8555 -2.1288 -0.0001 0.0002 320 pedestrian_0006
Pedestrian 1.00 1.00 0 0 0 0 0 0 0 0 -1000.00 -1000.00 -1000.00 -1000.00 1.9158 0.4880 0.7246 196.2855 1.9503 -319.8379 0.0654 -0.0001 0.0002 321 pedestrian_0021
Pedestrian 1.00 1.00 0 0 0 0 0 0 0 0 -1000.00 -1000.00 -1000.00 -1000.00 1.1330 0.4333 0.5712 86.3377 2.0449 76.1239 0.1140 -0.0001 0.0002 322 pedestrian_0010
Pedestrian 0.00 0.02 35 35 63 3306 0 6 9 0 1633.13 365.25 1685.53 447.85 1.9158 0.4880 0.4660 -13.8553 2.0439 13.9295 -1.6353 -0.0001 0.0002 323 pedestrian_0022
Pedestrian 1.00 1.00 0 0 0 0 0 0 0 0 -1000.00 -1000.00 -1000.00 -1000.00 1.9158 0.4880 0.7507 77.5139 1.9067 43.1686 1.5703 -0.0001 0.0002 324 pedestrian_0015
Pedestrian 1.00 1.00 1 0 0 9 0 0 0 0 -1000.00 -1000.00 -1000.00 -1000.00 1.9158 0.4880 0.3754 -11.4615 1.8973 -62.3055 2.0759 -0.0001 0.0002 325 pedestrian_0005
Pedestrian 1.00 1.00 0 0 0 0 0 0 0 0 -1000.00 -1000.00 -1000.00 -1000.00 1.9158 0.4880 0.6192 204.6467 -8.0800 150.6738 -0.1469 -0.0001 0.0002 326 pedestrian_0006
Pedestrian 1.00 1.00 0 0 0 0 0 0 0 0 -1000.00 -1000.00 -1000.00 -1000.00 1.9158 0.4880 0.7507 157.2065 1.9352 -179.6091 0.6074 -0.0001 0.0002 327 pedestrian_0002
Pedestrian 1.00 1.00 0 0 0 0 0 0 0 0 -1000.00 -1000.00 -1000.00 -1000.00 1.9158 0.4880 0.6541 160.3163 1.9309 -143.1011 -0.0896 -0.0001 0.0002 328 pedestrian_0015
Pedestrian 0.00 1.00 0 0 0 0 0 0 0 0 5.16 359.87 12.41 368.23 1.9158 0.4880 0.7507 -128.3283 1.8871 -220.6992 -1.4648 -0.0001 0.0002 329 pedestrian_0005
Pedestrian 1.00 1.00 0 0 0 0 0 0 0 0 -1000.00 -1000.00 -1000.00 -1000.00 1.1330 0.4333 0.6667 227.0162 1.9434 -312.2816 0.3605 -0.0001 0.0002 330 pedestrian_0010
Pedestrian 1.00 1.00 0 0 0 0 0 0 0 0 -1000.00 -1000.00 -1000.00 -1000.00 1.9158 0.4880 0.7026 95.7304 1.9120 -20.5719 -1.6873 -0.0001 0.0002 331 pedestrian_0001
Pedestrian 1.00 1.00 0 0 0 2 0 0 0 0 -1000.00 -1000.00 -1000.00 -1000.00 1.9158 0.4880 0.3778 15.5497 1.9067 -140.5505 -0.7233 -0.0001 0.0002 332 pedestrian_0017
Pedestrian 1.00 1.00 0 0 0 0 0 0 0 0 -1000.00 -1000.00 -1000.00 -1000.00 1.9158 0.4880 0.5779 77.1227 1.9040 51.8268 1.5124 -0.0001 0.0002 333 pedestrian_0023
Pedestrian 1.00 1.00 0 0 0 0 0 0 0 0 -1000.00 -1000.00 -1000.00 -1000.00 1.3390 0.3253 0.3927 -35.6638 1.8898 -140.7191 0.0597 -0.0001 0.0002 334 pedestrian_0013
Pedestrian 1.00 1.00 0 0 0 0 0 0 0 0 -1000.00 -1000.00 -1000.00 -1000.00 1.9158 0.4880 0.7507 74.3270 1.8544 -41.9443 0.0867 -0.0001 0.0002 335 pedestrian_0019
Pedestrian 1.00 1.00 0 2 4 9 3 0 0 0 -1000.00 -1000.00 -1000.00 -1000.00 1.9158 0.4880 0.6932 -7.5788 2.0554 -143.2063 -0.0081 -0.0001 0.0002 336 pedestrian_0017
Pedestrian 1.00 1.00 0 0 0 0 0 0 0 0 -1000.00 -1000.00 -1000.00 -1000.00 1.9158 0.4880 0.3754 200.4488 1.9521 -319.4604 2.9224 -0.0001 0.0002 337 pedestrian_0025
Pedestrian 1.00 1.00 0 0 0 0 0 0 0 0 -1000.00 -1000.00 -1000.00 -1000.00 1.9158 0.4880 0.7507 263.7111 -8.0745 123.6534 2.4113 -0.0001 0.0002 338 pedestrian_0006
Pedestrian 1.00 1.00 0 0 0 0 0 0 0 0 -1000.00 -1000.00 -1000.00 -1000.00 1.1330 0.4333 0.4578 265.1715 -8.0900 54.4025 -1.0197 -0.0001 0.0002 339 pedestrian_0011
Pedestrian 1.00 1.00 0 0 0 0 0 0 0 0 -1000.00 -1000.00 -1000.00 -1000.00 1.1330 0.4333 0.5612 208.8134 1.8577 71.8338 -0.5986 -0.0001 0.0002 340 pedestrian_0011
Pedestrian 1.00 1.00 0 0 0 0 0 0 0 0 -1000.00 -1000.00 -1000.00 -1000.00 1.3390 0.3253 0.3060 168.9960 1.9090 108.2081 -1.5753 -0.0001 0.0002 341 pedestrian_0013
Pedestrian 1.00 1.00 0 0 0 0 0 0 0 0 -1000.00 -1000.00 -1000.00 -1000.00 1.9158 0.4880 0.7507 100.7652 2.0523 171.1453 -1.4644 -0.0001 0.0002 342 pedestrian_0007
Pedestrian 1.00 1.00 0 0 0 0 0 0 0 0 -1000.00 -1000.00 -1000.00 -1000.00 1.9158 0.4880 0.7507 139.1979 1.8984 -92.7935 -1.6204 -0.0001 0.0002 343 pedestrian_0021
Pedestrian 1.00 1.00 0 0 0 0 0 0 0 0 -1000.00 -1000.00 -1000.00 -1000.00 1.1330 0.4333 0.4792 300.5884 -8.0831 62.2113 -1.2615 -0.0001 0.0002 344 pedestrian_0010
Pedestrian 1.00 1.00 0 0 0 0 0 0 0 0 -1000.00 -1000.00 -1000.00 -1000.00 1.9158 0.4880 0.5388 73.2582 1.8727 -80.6083 -1.7421 -0.0001 0.0002 345 pedestrian_0021
Pedestrian 1.00 1.00 0 0 0 550 0 0 1 0 -1000.00 -1000.00 -1000.00 -1000.00 1.3390 0.3253 0.2991 13.9728 1.8879 10.8426 -0.0401 -0.0001 0.0002 346 pedestrian_0014
Pedestrian 1.00 1.00 0 0 0 0 0 0 0 0 -1000.00 -1000.00 -1000.00 -1000.00 1.9158 0.4880 0.4815 187.8441 2.0374 -62.0108 1.2871 -0.0001 0.0002 347 pedestrian_0023
Pedestrian 1.00 1.00 0 0 0 0 0 0 0 0 -1000.00 -1000.00 -1000.00 -1000.00 1.9158 0.4880 0.7507 21.9676 1.9126 -176.1994 2.1054 -0.0001 0.0002 348 pedestrian_0008
Pedestrian 1.00 1.00 0 0 0 0 0 0 0 0 -1000.00 -1000.00 -1000.00 -1000.00 1.9158 0.4880 0.7507 119.3451 1.9360 -320.4817 0.0034 -0.0001 0.0002 349 pedestrian_0006
Pedestrian 1.00 1.00 0 0 0 0 0 0 0 0 -1000.00 -1000.00 -1000.00 -1000.00 1.9158 0.4880 0.6590 175.8572 2.0756 11.4195 -3.1266 -0.0001 0.0002 350 pedestrian_0022
Pedestrian 1.00 1.00 0 0 0 0 0 0 0 0 -1000.00 -1000.00 -1000.00 -1000.00 1.9158 0.4880 0.7425 186.4308 1.9308 -76.8889 -1.5653 -0.0001 0.0002 351 pedestrian_0023
Pedestrian 1.00 1.00 0 0 0 0 0 0 0 0 -1000.00 -1000.00 -1000.00 -1000.00 1.9158 0.4880 0.7455 166.9976 1.9245 -31.0522 1.5129 -0.0001 0.0002 352 pedestrian_0006
Pedestrian 1.00 1.00 0 0 0 0 0 0 0 0 -1000.00 -1000.00 -1000.00 -1000.00 1.9158 0.4880 0.7507 106.9924 1.9279 -195.7509 -3.1109 -0.0001 0.0002 353 pedestrian_0024
Pedestrian 0.00 1.00 0 0 0 0 0 0 0 0 629.06 360.48 632.42 365.41 1.1330 0.4333 0.5336 -128.6533 1.2433 -78.0514 1.6837 -0.0001 0.0002 354 pedestrian_0011
Pedestrian 1.00 1.00 2 2 4 17 2 0 0 0 -1000.00 -1000.00 -1000.00 -1000.00 1.9158 0.4880 0.6519 -11.6815 1.8993 -95.1618 1.5542 -0.0001 0.0002 355 pedestrian_0017
Pedestrian 1.00 1.00 0 0 0 0 0 0 0 0 -1000.00 -1000.00 -1000.00 -1000.00 1.3390 0.3253 0.3490 177.7600 -8.0919 115.4959 -0.0168 -0.0001 0.0002 356 pedestrian_0012
Pedestrian 1.00 1.00 0 0 0 0 0 0 0 0 -1000.00 -1000.00 -1000.00 -1000.00 1.9158 0.4880 0.4420 266.8921 1.9584 -286.7458 -2.3483 -0.0001 0.0002 357 pedestrian_0020
Pedestrian 1.00 1.00 0 0 0 0 0 0 0 0 -1000.00 -1000.00 -1000.00 -1000.00 1.9158 0.4880 0.7507 161.9988 1.9209 10.8060 -3.1024 -0.0001 0.0002 358 pedestrian_0017
Pedestrian 1.00 1.00 0 0 0 0 0 0 0 0 -1000.00 -1000.00 -1000.00 -1000.00 1.9158 0.4880 0.4783 -38.9495 1.8978 -142.6587 3.1270 -0.0001 0.0002 359 pedestrian_0025
Pedestrian 1.00 1.00 0 0 0 0 0 0 0 0 -1000.00 -1000.00 -1000.00 -1000.00 1.3390 0.3253 0.3481 253.6816 1.9497 -298.7968 -2.4090 -0.0001 0.0002 360 pedestrian_0013
Pedestrian 1.00 1.00 0 0 0 0 0 0 0 0 -1000.00 -1000.00 -1000.00 -1000.00 1.3390 0.3253 0.3934 207.3618 1.9418 -318.6086 0.2430 -0.0001 0.0002 361 pedestrian_0013
Pedestrian 1.00 1.00 0 0 0 0 0 0 0 0 -1000.00 -1000.00 -1000.00 -1000.00 1.3390 0.3253 0.2502 77.6825 1.8954 -63.5863 2.9101 -0.0001 0.0002 362 pedestrian_0013
Pedestrian 1.00 1.00 0 0 0 0 0 0 0 0 -1000.00 -1000.00 -1000.00 -1000.00 1.1330 0.4333 0.6667 36.8722 1.8989 -141.9247 -0.0131 -0.0001 0.0002 363 pedestrian_0011
Pedestrian 1.00 1.00 0 0 0 0 0 0 0 0 -1000.00 -1000.00 -1000.00 -1000.00 1.3390 0.3253 0.4242 59.9319 1.8438 -43.5030 -3.0660 -0.0001 0.0002 364 pedestrian_0012
Pedestrian 1.00 1.00 0 0 0 0 0 0 0 0 -1000.00 -1000.00 -1000.00 -1000.00 1.9158 0.4880 0.4324 96.0988 1.9064 99.6102 -2.6579 -0.0001 0.0002 365 pedestrian_0023
Pedestrian 1.00 1.00 0 1 1 3 0 0 0 0 -1000.00 -1000.00 -1000.00 -1000.00 1.9158 0.4880 0.3754 -13.0472 1.9398 -123.0132 1.6191 -0.0001 0.0002 366 pedestrian_0005
Pedestrian 1.00 1.00 0 0 0 0 0 0 0 0 -1000.00 -1000.00 -1000.00 -1000.00 1.9158 0.4880 0.6294 18.4517 1.8794 -264.3098 0.0393 -0.0001 0.0002 367 pedestrian_0021
Pedestrian 1.00 1.00 0 0 0 0 0 0 0 0 -1000.00 -1000.00 -1000.00 -1000.00 1.1330 0.4333 0.4149 75.7519 2.0572 -132.6903 1.5488 -0.0001 0.0002 368 pedestrian_0010
Pedestrian 1.00 1.00 0 0 0 0 0 0 0 0 -1000.00 -1000.00 -1000.00 -1000.00 1.9158 0.4880 0.3759 184.6450 2.0821 -63.7810 3.0698 -0.0001 0.0002 369 pedestrian_0020
Pedestrian 1.00 1.00 0 0 0 0 0 0 0 0 -1000.00 -1000.00 -1000.00 -1000.00 1.3390 0.3253 0.4337 57.6832 1.8491 -36.0139 3.0292 -0.0001 0.0002 370 pedestrian_0012
Pedestrian 1.00 1.00 0 0 0 0 0 0 0 0 -1000.00 -1000.00 -1000.00 -1000.00 1.9158 0.4880 0.6460 190.0212 1.9237 38.9167 1.6947 -0.0001 0.0002 371 pedestrian_0015
Pedestrian 1.00 1.00 2 5 4 16 3 0 0 0 -1000.00 -1000.00 -1000.00 -1000.00 1.9158 0.4880 0.7507 -10.4463 1.8984 -80.8750 1.5639 -0.0001 0.0002 372 pedestrian_0007
Pedestrian 1.00 1.00 0 0 0 0 0 0 0 0 -1000.00 -1000.00 -1000.00 -1000.00 1.9158 0.4880 0.6534 13.6604 1.9205 -319.6512 3.1164 -0.0001 0.0002 373 pedestrian_0008
Pedestrian 1.00 1.00 0 0 0 0 0 0 0 0 -1000.00 -1000.00 -1000.00 -1000.00 1.9158 0.4880 0.6254 77.1123 2.0691 -137.0845 -1.5594 -0.0001 0.0002 374 pedestrian_0020
Pedestrian 1.00 1.00 0 0 0 0 0 0 0 0 -1000.00 -1000.00 -1000.00 -1000.00 1.9158 0.4880 0.5527 189.4080 2.0773 18.7330 1.5230 -0.0001 0.0002 375 pedestrian_0015
Pedestrian 1.00 1.00 0 0 0 0 0 0 0 0 -1000.00 -1000.00 -1000.00 -1000.00 1.3390 0.3253 0.3261 78.3365 2.0272 -52.2244 1.6618 -0.0001 0.0002 376 pedestrian_0012
Pedestrian 1.00 1.00 0 0 0 0 0 0 0 0 -1000.00 -1000.00 -1000.00 -1000.00 1.9158 0.4880 0.4223 190.3362 1.9204 52.8896 -1.5052 -0.0001 0.0002 377 pedestrian_0017
Pedestrian 1.00 1.00 0 0 0 0 0 0 0 0 -1000.00 -1000.00 -1000.00 -1000.00 1.9158 0.4880 0.4063 86.7135 2.0367 -57.4807 0.8629 -0.0001 0.0002 378 pedestrian_0025
Pedestrian 1.00 1.00 2 2 3 6 1 0 0 0 -1000.00 -1000.00 -1000.00 -1000.00 1.1330 0.4333 0.6667 -9.7955 2.0385 -65.6476 1.5659 -0.0001 0.0002 379 pedestrian_0009
Pedestrian 0.00 0.02 149 198 301 1667 0 37 0 0 1106.66 363.45 1146.73 485.55 1.9158 0.4880 0.6247 -9.7352 1.8930 0.3630 -1.5742 -0.0001 0.0002 380 pedestrian_0002
Pedestrian 1.00 1.00 0 0 0 0 0 0 0 0 -1000.00 -1000.00 -1000.00 -1000.00 1.3390 0.3253 0.3956 281.5262 1.9514 -269.1246 -2.0535 -0.0001 0.0002 381 pedestrian_0013
Pedestrian 1.00 1.00 0 0 0 0 0 0 0 0 -1000.00 -1000.00 -1000.00 -1000.00 1.3390 0.3253 0.5005 146.5056 1.8581 -44.1897 -3.1213 -0.0001 0.0002 382 pedestrian_0012
Pedestrian 1.00 1.00 0 0 0 0 0 0 0 0 -1000.00 -1000.00 -1000.00 -1000.00 1.1330 0.4333 0.5759 132.2344 1.9148 -142.0599 0.0057 -0.0001 0.0002 383 pedestrian_0010
Pedestrian 1.00 1.00 0 0 0 0 0 0 0 0 -1000.00 -1000.00 -1000.00 -1000.00 1.3390 0.3253 0.5005 228.2617 1.9453 -312.4224 -2.5673 -0.0001 0.0002 384 pedestrian_0013
Pedestrian 1.00 1.00 0 0 0 0 0 0 0 0 -1000.00 -1000.00 -1000.00 -1000.00 1.9158 0.4880 0.7507 173.6060 1.9045 -248.6597 0.1572 -0.0001 0.0002 385 pedestrian_0015
Pedestrian 1.00 1.00 0 0 0 0 0 0 0 0 -1000.00 -1000.00 -1000.00 -1000.00 1.9158 0.4880 0.4171 98.4976 2.0078 84.2000 0.9866 -0.0001 0.0002 386 pedestrian_0018
Pedestrian 1.00 1.00 0 0 0 0 0 0 0 0 -1000.00 -1000.00 -1000.00 -1000.00 1.3390 0.3253 0.4932 266.3252 1.9508 -287.8675 -2.5190 -0.0001 0.0002 387 pedestrian_0013
Pedestrian 1.00 1.00 0 0 0 0 0 0 0 0 -1000.00 -1000.00 -1000.00 -1000.00 1.9158 0.4880 0.7507 235.5205 1.8745 69.4659 -1.1813 -0.0001 0.0002 388 pedestrian_0022
Pedestrian 1.00 1.00 0 0 0 0 0 0 0 0 -1000.00 -1000.00 -1000.00 -1000.00 1.9158 0.4880 0.6120 -76.1400 1.9022 -300.1193 -0.5407 -0.0001 0.0002 389 pedestrian_0003
Pedestrian 1.00 1.00 0 0 0 0 0 0 0 0 -1000.00 -1000.00 -1000.00 -1000.00 1.9158 0.4880 0.7448 193.9620 1.9499 -320.0287 0.0902 -0.0001 0.0002 390 pedestrian_0021
Pedestrian 1.00 1.00 0 0 0 0 0 0 0 0 -1000.00 -1000.00 -1000.00 -1000.00 1.9158 0.4880 0.7507 223.0062 1.9541 -313.8507 0.3479 -0.0001 0.0002 392 pedestrian_0005
Pedestrian 1.00 1.00 0 0 0 0 0 0 0 0 -1000.00 -1000.00 -1000.00 -1000.00 1.9158 0.4880 0.4774 237.6416 -8.0763 97.6702 2.4544 -0.0001 0.0002 393 pedestrian_0026
Pedestrian 1.00 1.00 0 0 0 0 0 0 0 0 -1000.00 -1000.00 -1000.00 -1000.00 1.9158 0.4880 0.5525 76.4423 1.9098 -64.8783 -2.6570 -0.0001 0.0002 394 pedestrian_0022
Pedestrian 0.00 1.00 0 0 1 0 0 0 0 0 1845.81 283.15 1853.94 293.77 1.1330 0.4333 0.3870 -64.0662 -7.5662 98.9571 0.8269 -0.0001 0.0002 395 pedestrian_0010
Pedestrian 1.00 1.00 6 6 7 41 0 0 0 0 -1000.00 -1000.00 -1000.00 -1000.00 1.9158 0.4880 0.7507 13.5176 1.8469 -62.6925 -0.0022 -0.0001 0.0002 396 pedestrian_0006
Pedestrian 1.00 1.00 0 0 0 0 0 0 0 0 -1000.00 -1000.00 -1000.00 -1000.00 1.3390 0.3253 0.2622 185.3190 1.9219 -72.3406 1.3396 -0.0001 0.0002 397 pedestrian_0012
Pedestrian 1.00 1.00 0 0 0 0 0 0 0 0 -1000.00 -1000.00 -1000.00 -1000.00 1.1330 0.4333 0.6667 148.5138 1.8568 -61.7475 3.0933 -0.0001 0.0002 398 pedestrian_0010
Pedestrian 1.00 1.00 0 0 0 2 0 0 0 0 -1000.00 -1000.00 -1000.00 -1000.00 1.9158 0.4880 0.7507 18.5928 1.9076 -141.8423 -0.0861 -0.0001 0.0002 399 pedestrian_0007
Pedestrian 1.00 1.00 0 0 0 0 0 0 0 0 -1000.00 -1000.00 -1000.00 -1000.00 1.9158 0.4880 0.6437 175.0528 -8.0849 151.3863 -0.0173 -0.0001 0.0002 400 pedestrian_0001
Pedestrian 1.00 1.00 0 0 0 0 0 0 0 0 -1000.00 -1000.00 -1000.00 -1000.00 1.9158 0.4880 0.5357 192.6857 1.9365 -146.4513 -0.0420 -0.0001 0.0002 401 pedestrian_0016
Pedestrian 1.00 1.00 0 0 0 0 0 0 0 0 -1000.00 -1000.00 -1000.00 -1000.00 1.9158 0.4880 0.7507 67.2515 1.9274 -320.4688 3.1134 -0.0001 0.0002 402 pedestrian_0021
Pedestrian 1.00 1.00 0 0 0 0 0 0 0 0 -1000.00 -1000.00 -1000.00 -1000.00 1.9158 0.4880 0.5918 89.0541 2.0514 156.6478 0.3521 -0.0001 0.0002 403 pedestrian_0006
Pedestrian 1.00 1.00 0 0 0 0 0 0 0 0 -1000.00 -1000.00 -1000.00 -1000.00 1.9158 0.4880 0.7507 56.9480 1.9137 -142.1404 -0.0156 -0.0001 0.0002 404 pedestrian_0023
Pedestrian 1.00 1.00 0 0 0 0 0 0 0 0 -1000.00 -1000.00 -1000.00 -1000.00 1.1330 0.4333 0.4917 206.9708 1.8661 -57.9134 -2.6687 -0.0001 0.0002 405 pedestrian_0011
Pedestrian 1.00 1.00 0 0 0 0 0 0 0 0 -1000.00 -1000.00 -1000.00 -1000.00 1.9158 0.4880 0.5457 134.1490 1.8653 -43.0116 -0.0665 -0.0001 0.0002 406 pedestrian_0004
Pedestrian 1.00 1.00 0 0 0 0 0 0 0 0 -1000.00 -1000.00 -1000.00 -1000.00 1.9158 0.4880 0.3935 189.0238 1.8760 -63.3810 0.2662 -0.0001 0.0002 407 pedestrian_0026
Pedestrian 1.00 1.00 0 0 0 0 0 0 0 0 -1000.00 -1000.00 -1000.00 -1000.00 1.3390 0.3253 0.3545 163.5697 1.8524 95.8963 -0.0253 -0.0001 0.0002 408 pedestrian_0013
Pedestrian 1.00 1.00 0 0 0 0 0 0 0 0 -1000.00 -1000.00 -1000.00 -1000.00 1.1330 0.4333 0.5419 117.6509 1.9124 -142.6596 -3.1281 -0.0001 0.0002 409 pedestrian_0010
Pedestrian 1.00 1.00 0 0 0 0 0 0 0 0 -1000.00 -1000.00 -1000.00 -1000.00 1.9158 0.4880 0.5435 66.7879 1.8438 96.7371 -0.0070 -0.0001 0.0002 410 pedestrian_0020
Pedestrian 1.00 1.00 0 0 0 0 0 0 0 0 -1000.00 -1000.00 -1000.00 -1000.00 1.9158 0.4880 0.7327 240.4929 1.9120 -188.2299 1.4521 -0.0001 0.0002 411 pedestrian_0025
Pedestrian 1.00 1.00 1 2 3 6 0 0 0 0 -1000.00 -1000.00 -1000.00 -1000.00 1.1330 0.4333 0.4323 -11.3456 1.8894 -117.3692 -1.6718 -0.0001 0.0002 412 pedestrian_0010
Pedestrian 1.00 1.00 0 0 0 0 0 0 0 0 -1000.00 -1000.00 -1000.00 -1000.00 1.9158 0.4880 0.7507 66.9710 1.9153 -141.2675 -3.0340 -0.0001 0.0002 413 pedestrian_0015
Pedestrian 1.00 1.00 0 0 0 0 0 0 0 0 -1000.00 -1000.00 -1000.00 -1000.00 1.1330 0.4333 0.6667 78.9566 1.8878 123.4107 1.5765 -0.0001 0.0002 414 pedestrian_0011
Pedestrian 0.00 0.00 61 52 88 802 0 9 0 0 1320.11 358.70 1354.84 431.30 1.9158 0.4880 0.6242 -15.8337 1.8901 7.8633 2.1441 -0.0001 0.0002 415 pedestrian_0025
Pedestrian 0.00 1.00 0 0 0 0 0 0 0 0 1023.63 314.02 1027.89 321.17 1.1330 0.4333 0.6527 -91.4748 -6.3515 8.4887 -1.5949 -0.0001 0.0002 416 pedestrian_0009
Pedestrian 0.00 1.00 0 0 0 0 0 0 0 0 809.75 320.45 815.16 332.41 1.9158 0.4880 0.7507 -91.2008 -4.5008 -26.2413 -1.5653 -0.0001 0.0002 417 pedestrian_0026
Pedestrian 1.00 1.00 0 0 0 0 0 0 0 0 -1000.00 -1000.00 -1000.00 -1000.00 1.9158 0.4880 0.7507 -9.6970 1.9161 -319.5910 3.0769 -0.0001 0.0002 418 pedestrian_0019
Pedestrian 1.00 1.00 0 0 0 0 0 0 0 0 -1000.00 -1000.00 -1000.00 -1000.00 1.9158 0.4880 0.4254 186.1822 1.9305 -71.8496 -0.5931 -0.0001 0.0002 419 pedestrian_0018
Pedestrian 1.00 1.00 0 0 0 0 0 0 0 0 -1000.00 -1000.00 -1000.00 -1000.00 1.9158 0.4880 0.6265 259.3580 1.9578 -293.9203 -2.4123 -0.0001 0.0002 420 pedestrian_0026
Pedestrian 1.00 1.00 13 11 15 173 0 0 9 0 -1000.00 -1000.00 -1000.00 -1000.00 1.9158 0.4880 0.7507 -2.1883 2.0441 38.6254 -2.9617 -0.0001 0.0002 421 pedestrian_0005
Pedestrian 1.00 1.00 0 0 0 0 0 0 0 0 -1000.00 -1000.00 -1000.00 -1000.00 1.9158 0.4880 0.7507 127.1116 1.8551 78.4161 3.0952 -0.0001 0.0002 422 pedestrian_0021
Pedestrian 1.00 1.00 0 0 0 0 0 0 0 0 -1000.00 -1000.00 -1000.00 -1000.00 1.9158 0.4880 0.6696 169.2604 1.9138 133.9510 -1.5299 -0.0001 0.0002 423 pedestrian_0025
Pedestrian 1.00 1.00 0 0 0 0 0 0 0 0 -1000.00 -1000.00 -1000.00 -1000.00 1.9158 0.4880 0.4763 46.4322 1.8417 77.8187 2.9123 -0.0001 0.0002 424 pedestrian_0008
Pedestrian 1.00 1.00 0 0 0 0 0 0 0 0 -1000.00 -1000.00 -1000.00 -1000.00 1.9158 0.4880 0.4712 40.9240 1.9008 11.7155 -0.1266 -0.0001 0.0002 425 pedestrian_0018
Pedestrian 1.00 1.00 0 0 0 0 0 0 0 0 -1000.00 -1000.00 -1000.00 -1000.00 1.9158 0.4880 0.5517 239.3660 1.9117 -197.8937 1.3552 -0.0001 0.0002 426 pedestrian_0020
Pedestrian 1.00 1.00 0 0 0 0 0 0 0 0 -1000.00 -1000.00 -1000.00 -1000.00 1.3390 0.3253 0.5005 78.8215 1.9030 -228.1351 1.4648 -0.0001 0.0002 427 pedestrian_0012
Pedestrian 1.00 1.00 0 0 0 0 0 0 0 0 -1000.00 -1000.00 -1000.00 -1000.00 1.1330 0.4333 0.4354 188.2711 1.9113 48.2731 -1.6032 -0.0001 0.0002 428 pedestrian_0011
Pedestrian 1.00 1.00 0 0 0 0 0 0 0 0 -1000.00 -1000.00 -1000.00 -1000.00 1.9158 0.4880 0.5416 95.0442 1.9096 -226.6917 -1.6293 -0.0001 0.0002 429 pedestrian_0006
Pedestrian 1.00 1.00 0 0 0 0 0 0 0 0 -1000.00 -1000.00 -1000.00 -1000.00 1.9158 0.4880 0.6322 78.7653 1.8978 149.3537 -1.5798 -0.0001 0.0002 430 pedestrian_0021
Pedestrian 1.00 1.00 0 0 0 0 0 0 0 0 -1000.00 -1000.00 -1000.00 -1000.00 1.9158 0.4880 0.7507 224.3116 1.9122 -240.9839 0.9709 -0.0001 0.0002 431 pedestrian_0026
Pedestrian 1.00 1.00 0 1 1 0 0 0 0 0 -1000.00 -1000.00 -1000.00 -1000.00 1.9158 0.4880 0.7507 -58.4657 -7.6314 102.7218 -2.5666 -0.0001 0.0002 432 pedestrian_0026
Pedestrian 1.00 1.00 0 0 0 0 0 0 0 0 -1000.00 -1000.00 -1000.00 -1000.00 1.9158 0.4880 0.4893 152.4266 1.8743 -67.7096 0.0005 -0.0001 0.0002 433 pedestrian_0002
Pedestrian 1.00 1.00 0 0 0 0 0 0 0 0 -1000.00 -1000.00 -1000.00 -1000.00 1.9158 0.4880 0.4115 189.5433 1.8759 -62.7421 0.5754 -0.0001 0.0002 434 pedestrian_0001
Pedestrian 1.00 1.00 0 0 0 0 0 0 0 0 -1000.00 -1000.00 -1000.00 -1000.00 1.9158 0.4880 0.7319 109.0275 -8.0995 151.3443 -3.1389 -0.0001 0.0002 435 pedestrian_0022
Pedestrian 1.00 1.00 0 0 0 0 0 0 0 0 -1000.00 -1000.00 -1000.00 -1000.00 1.9158 0.4880 0.5229 104.0286 1.9111 12.7037 -0.0180 -0.0001 0.0002 436 pedestrian_0005
Pedestrian 1.00 1.00 0 0 0 0 0 0 0 0 -1000.00 -1000.00 -1000.00 -1000.00 1.3390 0.3253 0.3656 -13.7883 1.8673 -243.7108 -0.4985 -0.0001 0.0002 437 pedestrian_0013
Pedestrian 1.00 1.00 0 0 0 0 0 0 0 0 -1000.00 -1000.00 -1000.00 -1000.00 1.1330 0.4333 0.6667 292.1235 1.9491 -250.4884 1.0313 -0.0001 0.0002 438 pedestrian_0011
Pedestrian 1.00 1.00 0 0 0 1 0 0 0 0 -1000.00 -1000.00 -1000.00 -1000.00 1.9158 0.4880 0.3754 -16.1059 1.9003 -140.6725 0.2919 -0.0001 0.0002 439 pedestrian_0006
Pedestrian 0.00 1.00 0 0 0 0 0 0 0 0 860.70 333.81 863.08 339.72 1.3390 0.3253 0.4934 -128.0757 -4.6556 -24.7281 -1.5485 -0.0001 0.0002 440 pedestrian_0014
Pedestrian 1.00 1.00 0 0 0 0 0 0 0 0 -1000.00 -1000.00 -1000.00 -1000.00 1.9158 0.4880 0.4813 68.2584 1.9161 -142.5762 -0.1143 -0.0001 0.0002 441 pedestrian_0025
Pedestrian 1.00 1.00 0 0 0 0 0 0 0 0 -1000.00 -1000.00 -1000.00 -1000.00 1.9158 0.4880 0.4727 -33.2171 1.9104 -317.0455 -0.1631 -0.0001 0.0002 442 pedestrian_0003
Pedestrian 1.00 1.00 0 0 0 0 0 0 0 0 -1000.00 -1000.00 -1000.00 -1000.00 1.9158 0.4880 0.4442 48.5871 1.8642 -31.5489 -1.3951 -0.0001 0.0002 443 pedestrian_0024
Pedestrian 1.00 1.00 0 0 0 0 0 0 0 0 -1000.00 -1000.00 -1000.00 -1000.00 1.9158 0.4880 0.5019 97.4906 1.9100 1.1639 1.4254 -0.0001 0.0002 444 pedestrian_0007
Pedestrian 1.00 1.00 0 0 0 0 0 0 0 0 -1000.00 -1000.00 -1000.00 -1000.00 1.9158 0.4880 0.4051 74.8426 1.9183 -142.7424 -1.3969 -0.0001 0.0002 445 pedestrian_0023
Pedestrian 1.00 1.00 0 0 0 0 0 0 0 0 -1000.00 -1000.00 -1000.00 -1000.00 1.9158 0.4880 0.6216 -38.3967 1.9095 -316.0629 -0.2404 -0.0001 0.0002 446 pedestrian_0026
Pedestrian 1.00 1.00 0 0 0 0 0 0 0 0 -1000.00 -1000.00 -1000.00 -1000.00 1.1330 0.4333 0.6304 93.7732 -8.1089 115.5761 3.1277 -0.0001 0.0002 447 pedestrian_0009
Pedestrian 1.00 1.00 0 0 0 0 0 0 0 0 -1000.00 -1000.00 -1000.00 -1000.00 1.9158 0.4880 0.4569 252.0834 -8.0766 82.5536 -0.9198 -0.0001 0.0002 448 pedestrian_0015
Pedestrian 1.00 1.00 0 0 0 0 0 0 0 0 -1000.00 -1000.00 -1000.00 -1000.00 1.9158 0.4880 0.3818 96.0644 1.9040 99.0171 -1.8464 -0.0001 0.0002 449 pedestrian_0017
Pedestrian 1.00 1.00 25 22 35 252 6 0 0 0 -1000.00 -1000.00 -1000.00 -1000.00 1.9158 0.4880 0.6716 13.2500 1.8571 -28.9710 -1.6652 -0.0001 0.0002 450 pedestrian_0023
Pedestrian 1.00 1.00 4 6 7 32 2 0 0 0 -1000.00 -1000.00 -1000.00 -1000.00 1.9158 0.4880 0.5322 -10.8373 1.8972 -64.5715 2.2876 -0.0001 0.0002 451 pedestrian_0001
Pedestrian 1.00 1.00 0 0 0 0 0 0 0 0 -1000.00 -1000.00 -1000.00 -1000.00 1.9158 0.4880 0.7363 114.3034 1.8928 -264.0381 3.0992 -0.0001 0.0002 452 pedestrian_0017
Pedestrian 1.00 1.00 0 0 0 0 0 0 0 0 -1000.00 -1000.00 -1000.00 -1000.00 1.1330 0.4333 0.4172 94.2760 1.8986 -247.7122 -0.0818 -0.0001 0.0002 453 pedestrian_0011
Pedestrian 1.00 1.00 0 0 0 0 0 0 0 0 -1000.00 -1000.00 -1000.00 -1000.00 1.9158 0.4880 0.7130 301.1314 1.9568 -179.2810 1.5644 -0.0001 0.0002 454 pedestrian_0018
Pedestrian 1.00 1.00 4 6 5 72 0 0 3 0 -1000.00 -1000.00 -1000.00 -1000.00 1.9158 0.4880 0.6982 9.3437 1.8919 63.1779 -1.6648 -0.0001 0.0002 455 pedestrian_0021
Pedestrian 1.00 1.00 0 0 0 0 0 0 0 0 -1000.00 -1000.00 -1000.00 -1000.00 1.9158 0.4880 0.5026 78.2189 2.0313 81.7731 -1.6933 -0.0001 0.0002 456 pedestrian_0007
Pedestrian 1.00 1.00 0 0 0 0 0 0 0 0 -1000.00 -1000.00 -1000.00 -1000.00 1.9158 0.4880 0.7507 103.1768 1.8594 -44.4366 0.1086 -0.0001 0.0002 457 pedestrian_0021
Pedestrian 1.00 1.00 0 0 2 9 0 0 0 0 -1000.00 -1000.00 -1000.00 -1000.00 1.9158 0.4880 0.7507 19.6774 -8.0938 116.7006 -0.0086 -0.0001 0.0002 458 pedestrian_0019
Pedestrian 0.00 1.00 0 0 0 0 0 0 0 0 637.48 359.90 639.92 364.83 1.1330 0.4333 0.3333 -128.6867 1.1098 -76.2399 1.6574 -0.0001 0.0002 459 pedestrian_0009
Pedestrian 0.00 1.00 0 0 0 0 0 0 0 0 581.87 359.47 586.15 367.75 1.9158 0.4880 0.6604 -129.5233 1.7933 -89.4030 -1.5799 -0.0001 0.0002 460 pedestrian_0004
Pedestrian 1.00 1.00 2 2 1 5 1 0 0 0 -1000.00 -1000.00 -1000.00 -1000.00 1.3390 0.3253 0.4320 -11.7598 1.8941 -100.8825 1.5551 -0.0001 0.0002 461 pedestrian_0012
Pedestrian 1.00 1.00 0 0 0 0 0 0 0 0 -1000.00 -1000.00 -1000.00 -1000.00 1.9158 0.4880 0.6073 102.7100 1.9200 -123.0106 -0.0412 -0.0001 0.0002 462 pedestrian_0006
Pedestrian 1.00 1.00 0 0 0 0 0 0 0 0 -1000.00 -1000.00 -1000.00 -1000.00 1.1330 0.4333 0.6667 78.0715 1.8981 -28.8399 1.5649 -0.0001 0.0002 463 pedestrian_0009
Pedestrian 1.00 1.00 0 0 0 0 0 0 0 0 -1000.00 -1000.00 -1000.00 -1000.00 1.3390 0.3253 0.2879 213.7753 1.9211 10.6310 -2.0712 -0.0001 0.0002 464 pedestrian_0014
Pedestrian 1.00 1.00 0 0 0 0 0 0 0 0 -1000.00 -1000.00 -1000.00 -1000.00 1.1330 0.4333 0.6667 185.8654 1.9212 -92.4518 -1.5805 -0.0001 0.0002 465 pedestrian_0010
Pedestrian 1.00 1.00 22 28 41 642 0 0 6 0 -1000.00 -1000.00 -1000.00 -1000.00 1.9158 0.4880 0.7460 -13.7019 2.0432 23.7822 -1.4526 -0.0001 0.0002 466 pedestrian_0017
Pedestrian 1.00 1.00 0 0 0 0 0 0 0 0 -1000.00 -1000.00 -1000.00 -1000.00 1.9158 0.4880 0.4020 -15.5157 1.9015 -140.1190 -1.9316 -0.0001 0.0002 467 pedestrian_0004
Pedestrian 1.00 1.00 0 0 0 0 0 0 0 0 -1000.00 -1000.00 -1000.00 -1000.00 1.9158 0.4880 0.5951 34.4608 1.8905 -105.1934 -0.0756 -0.0001 0.0002 468 pedestrian_0021
Pedestrian 1.00 1.00 0 0 0 0 0 0 0 0 -1000.00 -1000.00 -1000.00 -1000.00 1.3390 0.3253 0.4431 189.0645 1.9143 51.4531 -1.5863 -0.0001 0.0002 469 pedestrian_0013
Pedestrian 1.00 1.00 8 8 13 99 0 0 4 0 -1000.00 -1000.00 -1000.00 -1000.00 1.9158 0.4880 0.7507 -10.1470 1.8908 53.7361 -1.5210 -0.0001 0.0002 470 pedestrian_0001
Pedestrian 1.00 1.00 0 0 0 0 0 0 0 0 -1000.00 -1000.00 -1000.00 -1000.00 1.9158 0.4880 0.7507 31.4056 1.8547 -37.8023 -2.4261 -0.0001 0.0002 471 pedestrian_0015
Pedestrian 1.00 1.00 0 0 0 0 0 0 0 0 -1000.00 -1000.00 -1000.00 -1000.00 1.9158 0.4880 0.7507 -125.9174 1.8888 -232.5933 1.8211 -0.0001 0.0002 472 pedestrian_0024
Pedestrian 1.00 1.00 0 0 0 0 0 0 0 0 -1000.00 -1000.00 -1000.00 -1000.00 1.3390 0.3253 0.3455 186.5055 1.9222 -68.4487 1.6735 -0.0001 0.0002 473 pedestrian_0013
Pedestrian 1.00 1.00 0 0 0 0 0 0 0 0 -1000.00 -1000.00 -1000.00 -1000.00 1.9158 0.4880 0.6846 208.8310 1.9507 -317.8102 0.2273 -0.0001 0.0002 474 pedestrian_0018
Pedestrian 1.00 1.00 0 0 0 0 0 0 0 0 -1000.00 -1000.00 -1000.00 -1000.00 1.3390 0.3253 0.4620 242.5655 1.9066 -166.0277 -1.6432 -0.0001 0.0002 475 pedestrian_0012
Pedestrian 1.00 1.00 0 0 0 0 0 0 0 0 -1000.00 -1000.00 -1000.00 -1000.00 1.9158 0.4880 0.4925 71.9041 2.0071 -52.9100 -1.9438 -0.0001 0.0002 476 pedestrian_0026
Pedestrian 1.00 1.00 0 0 0 0 0 0 0 0 -1000.00 -1000.00 -1000.00 -1000.00 1.9158 0.4880 0.4090 291.2901 1.9600 -250.3919 -1.9825 -0.0001 0.0002 477 pedestrian_0016
Pedestrian 1.00 1.00 0 3 4 5 1 0 0 0 -1000.00 -1000.00 -1000.00 -1000.00 1.9158 0.4880 0.4685 -12.2686 1.9009 -121.9730 2.5454 -0.0001 0.0002 478 pedestrian_0006
Pedestrian 1.00 1.00 0 0 0 0 0 0 0 0 -1000.00 -1000.00 -1000.00 -1000.00 1.9158 0.4880 0.5511 208.9356 1.9514 -318.7709 -2.7773 -0.0001 0.0002 479 pedestrian_0001
Pedestrian 1.00 1.00 0 0 0 0 0 0 0 0 -1000.00 -1000.00 -1000.00 -1000.00 1.9158 0.4880 0.7507 118.9966 1.8544 78.0869 -3.1369 -0.0001 0.0002 480 pedestrian_0021
Car 1.00 1.00 0 0 0 0 0 0 0 0 -1000.00 -1000.00 -1000.00 -1000.00 1.6980 1.9434 4.1871 152.9550 1.9573 -32.9757 -0.0082 -0.0001 0.0002 481 citroen_c3
Car 1.00 1.00 0 0 0 0 0 0 0 0 -1000.00 -1000.00 -1000.00 -1000.00 1.9718 2.0005 4.0595 141.9210 1.9209 -32.1088 -0.0082 -0.0001 0.0002 482 jeep_wrangler_rubicon
Car 1.00 1.00 0 0 0 0 0 0 0 0 -1000.00 -1000.00 -1000.00 -1000.00 1.9718 2.0005 4.0595 152.6140 1.9557 -1.8444 3.1334 -0.0001 0.0002 483 jeep_wrangler_rubicon
Car 1.00 1.00 0 0 0 0 0 0 0 0 -1000.00 -1000.00 -1000.00 -1000.00 1.9718 2.0005 4.0595 141.8969 1.9211 -35.0499 -0.0082 -0.0001 0.0002 484 jeep_wrangler_rubicon
Car 1.00 1.00 0 0 0 0 0 0 0 0 -1000.00 -1000.00 -1000.00 -1000.00 1.9718 2.0005 4.0595 128.2244 1.9664 -113.0024 1.5626 -0.0001 0.0002 485 nissan_patrol
Car 1.00 1.00 0 0 0 0 0 0 0 0 -1000.00 -1000.00 -1000.00 -1000.00 1.5488 2.0688 3.9961 131.1194 1.9946 -113.0403 -1.5790 -0.0001 0.0002 486 nissan_patrol
Car 1.00 1.00 0 0 0 0 0 0 0 0 -1000.00 -1000.00 -1000.00 -1000.00 1.4855 2.1349 -5.6254 111.3770 1.9528 -106.4415 -1.5790 -0.0001 0.0002 487 nissan_patrol
Car 1.00 1.00 0 0 0 0 0 0 0 0 -1000.00 -1000.00 -1000.00 -1000.00 1.6244 1.8781 -3.8906 128.2759 1.9417 -106.5796 1.5626 -0.0001 0.0002 488 nissan_patrol
Car 1.00 1.00 0 0 0 0 0 0 0 0 -1000.00 -1000.00 -1000.00 -1000.00 1.7506 2.3538 -4.8416 105.9030 2.0176 -88.9276 1.5626 -0.0001 0.0002 489 nissan_patrol
Car 1.00 1.00 0 0 0 0 0 0 0 0 -1000.00 -1000.00 -1000.00 -1000.00 1.9718 2.0005 -4.0595 120.2002 1.9634 -89.0839 -1.5790 -0.0001 0.0002 490 nissan_patrol
Car 1.00 1.00 0 0 0 0 0 0 0 0 -1000.00 -1000.00 -1000.00 -1000.00 1.9476 2.0282 4.8347 105.7076 1.9477 -112.7757 -1.5790 -0.0001 0.0002 491 nissan_patrol
Car 1.00 1.00 0 0 0 0 0 0 0 0 -1000.00 -1000.00 -1000.00 -1000.00 1.9718 2.0005 4.0595 108.6012 1.9631 -112.8570 -1.5790 -0.0001 0.0002 492 nissan_patrol
Car 1.00 1.00 0 0 0 0 0 0 0 0 -1000.00 -1000.00 -1000.00 -1000.00 1.6244 1.8781 3.8906 108.7452 1.9378 -95.3946 1.5626 -0.0001 0.0002 493 nissan_patrol
Car 1.00 1.00 0 0 0 0 0 0 0 0 -1000.00 -1000.00 -1000.00 -1000.00 1.5488 2.0688 3.9961 111.4690 1.9901 -95.4157 -1.5790 -0.0001 0.0002 494 nissan_patrol
Car 1.00 1.00 0 0 0 0 0 0 0 0 -1000.00 -1000.00 -1000.00 -1000.00 2.1397 2.1728 4.7017 120.1490 1.9504 -95.4634 -1.5790 -0.0001 0.0002 495 nissan_patrol
Car 1.00 1.00 0 0 0 0 0 0 0 0 -1000.00 -1000.00 -1000.00 -1000.00 1.9476 2.0282 4.8347 128.3666 1.9502 -95.4828 -1.5790 -0.0001 0.0002 496 nissan_patrol
Car 1.00 1.00 0 0 0 0 0 0 0 0 -1000.00 -1000.00 -1000.00 -1000.00 1.5100 1.8730 4.1000 131.2624 1.9424 -95.5738 -1.5790 -0.0001 0.0002 497 nissan_patrol
Car 1.00 1.00 0 0 0 0 0 0 0 0 -1000.00 -1000.00 -1000.00 -1000.00 1.5488 2.0688 3.9961 117.3774 1.9901 -80.3681 1.5626 -0.0001 0.0002 498 nissan_patrol
Car 1.00 1.00 0 0 0 0 0 0 0 0 -1000.00 -1000.00 -1000.00 -1000.00 1.5100 1.8730 4.1000 120.2723 1.9396 -80.3958 1.5626 -0.0001 0.0002 499 nissan_patrol
Car 1.00 1.00 0 0 0 0 0 0 0 0 -1000.00 -1000.00 -1000.00 -1000.00 1.9476 2.0282 4.8347 122.9560 1.9483 -80.3704 -1.5790 -0.0001 0.0002 500 nissan_patrol
Car 1.00 1.00 0 0 0 0 0 0 0 0 -1000.00 -1000.00 -1000.00 -1000.00 2.1397 2.1728 -4.7017 106.0262 1.9466 -73.8830 -1.5790 -0.0001 0.0002 501 nissan_patrol
Car 1.00 1.00 0 0 0 0 0 0 0 0 -1000.00 -1000.00 -1000.00 -1000.00 1.9476 2.0282 -4.8347 108.9219 1.9456 -73.8399 1.5626 -0.0001 0.0002 502 nissan_patrol
Car 1.00 1.00 0 0 0 0 0 0 0 0 -1000.00 -1000.00 -1000.00 -1000.00 1.6244 1.8781 -3.8906 125.9031 1.9392 -74.0515 -1.5790 -0.0001 0.0002 503 nissan_patrol
Car 1.00 1.00 0 0 0 0 0 0 0 0 -1000.00 -1000.00 -1000.00 -1000.00 1.7506 2.3538 -4.8416 128.5419 2.0204 -74.0973 -1.5790 -0.0001 0.0002 504 nissan_patrol
Car 1.00 1.00 0 0 0 0 0 0 0 0 -1000.00 -1000.00 -1000.00 -1000.00 1.9476 2.0282 4.8347 153.6604 1.9135 -28.5031 3.1334 -0.0001 0.0002 505 nissan_patrol
Car 1.00 1.00 0 0 0 0 0 0 0 0 -1000.00 -1000.00 -1000.00 -1000.00 1.5475 1.9070 4.4025 152.1899 1.9332 -4.6399 3.1334 -0.0001 0.0002 506 seat_leon
Car 1.00 1.00 0 0 0 0 0 0 0 0 -1000.00 -1000.00 -1000.00 -1000.00 2.5908 2.7453 5.4640 153.6742 1.9714 -19.1104 3.1334 -0.0001 0.0002 507 carlamotors_carlacola
Car 1.00 1.00 0 0 0 0 0 0 0 0 -1000.00 -1000.00 -1000.00 -1000.00 2.5908 2.7453 5.4640 164.1218 1.9889 65.0338 -0.0082 -0.0001 0.0002 508 carlamotors_carlacola
Car 1.00 1.00 0 0 0 0 0 0 0 0 -1000.00 -1000.00 -1000.00 -1000.00 2.5908 2.7453 5.4640 164.1504 1.9887 68.5223 -0.0082 -0.0001 0.0002 509 carlamotors_carlacola
Car 1.00 1.00 0 0 0 0 0 0 0 0 -1000.00 -1000.00 -1000.00 -1000.00 2.5908 2.7453 5.4640 135.8706 1.8622 63.6285 -1.5790 -0.0001 0.0002 510 carlamotors_carlacola
Car 1.00 1.00 0 0 0 0 0 0 0 0 -1000.00 -1000.00 -1000.00 -1000.00 2.5908 2.7453 5.4640 153.6389 1.9717 -23.4212 3.1334 -0.0001 0.0002 511 carlamotors_carlacola
Car 1.00 1.00 0 0 0 0 0 0 0 0 -1000.00 -1000.00 -1000.00 -1000.00 2.2031 2.5091 6.5872 43.7098 1.9625 5.5949 2.6098 -0.0001 0.0002 512 tesla_cybertruck