Car 0.00 1.00 0 0 0 0 0 0 0 0 1087.51 316.74 1114.03 325.91 1.5542 2.3421 5.1370 -116.3620 -7.2536 27.0745 -1.9060 -0.0221 0.0016 0 lincoln2020_mkz2020
Car 1.00 1.00 6624 238221 380308 0 0 0 0 0 -1000.00 -1000.00 -1000.00 -1000.00 2.1397 2.1728 4.7045 -0.0005 2.0932 -2.2389 1.5708 0.0000 0.0000 1 volkswagen_t2
Motorcycle 1.00 1.00 0 0 0 0 0 0 0 0 -1000.00 -1000.00 -1000.00 -1000.00 1.6960 1.0692 2.4735 279.6053 -6.2105 -43.1893 -1.5526 -0.0327 0.0673 2 harley_davidson_low_rider
Motorcycle 1.00 1.00 0 0 0 0 0 0 0 0 -1000.00 -1000.00 -1000.00 -1000.00 1.6960 1.0692 2.4735 244.2785 7.7913 -198.6557 1.2221 -0.1511 0.0006 3 harley_davidson_low_rider
Car 1.00 1.00 0 0 0 0 0 0 0 0 -1000.00 -1000.00 -1000.00 -1000.00 1.6320 2.1403 5.2230 87.9505 2.2537 -4.2325 -1.9235 -0.0407 0.0008 4 dodge_charger_police
Car 1.00 1.00 0 0 0 0 0 0 0 0 -1000.00 -1000.00 -1000.00 -1000.00 1.5542 2.3421 5.1370 37.1787 -11.8094 107.4082 -0.3332 -0.0416 -0.0052 5 lincoln2020_mkz2020
Car 0.00 1.00 0 0 0 0 0 0 0 0 386.76 381.80 405.28 387.04 1.4546 2.0938 4.3903 -177.6556 8.5060 -181.9223 1.3528 -0.0358 -0.0002 6 audi_tt
Car 1.00 1.00 0 0 0 0 0 0 0 0 -1000.00 -1000.00 -1000.00 -1000.00 1.4477 1.5550 2.3177 88.8328 5.7581 -102.0687 2.8032 -0.0421 0.0008 7 bmw_isetta
Car 0.00 1.00 0 0 0 0 0 0 0 0 512.04 376.47 534.56 383.98 1.7173 2.2591 5.2781 -146.6418 6.1714 -116.9243 1.1902 -0.0434 0.0006 8 mercedes_benz_coupe
Car 0.00 0.76 24 23 33 118 0 13 0 0 992.10 361.60 1049.43 377.62 1.4812 2.1349 5.6254 -59.8771 1.7619 4.2348 1.1764 -0.0364 0.0008 9 chevrolet_impala
Car 1.00 1.00 0 0 0 0 0 0 0 0 -1000.00 -1000.00 -1000.00 -1000.00 1.6115 2.2019 5.2564 112.7580 0.4928 43.7000 0.9888 -0.0275 0.0026 10 charger2020_charger2020
Car 1.00 1.00 12 12 25 85 0 0 0 3 -1000.00 -1000.00 -1000.00 -1000.00 2.2031 2.5091 6.5872 114.5273 3.1868 -29.1764 2.7984 -0.0364 0.0008 11 tesla_cybertruck
Car 1.00 1.00 0 3 4 25 1 0 0 0 -1000.00 -1000.00 -1000.00 -1000.00 1.5140 2.1024 4.9073 -55.0399 7.9832 -165.0213 1.2769 -0.0363 0.0008 12 mercedesccc_mercedesccc
Car 1.00 1.00 0 0 0 0 0 0 0 0 -1000.00 -1000.00 -1000.00 -1000.00 1.6980 1.9434 4.1871 172.9915 3.5102 -36.9123 -1.9257 -0.0364 0.0008 13 citroen_c3
Car 1.00 1.00 0 0 0 0 0 0 0 0 -1000.00 -1000.00 -1000.00 -1000.00 1.4812 2.1349 5.6254 61.4007 4.8773 -76.9731 -1.9201 -0.0364 0.0008 14 chevrolet_impala
Car 1.00 1.00 0 0 0 0 0 0 0 0 -1000.00 -1000.00 -1000.00 -1000.00 1.6320 2.1403 5.2230 174.9857 3.3113 -31.2867 -1.9687 -0.0408 0.0008 15 dodge_charger_police
Car 1.00 1.00 0 0 0 0 0 0 0 0 -1000.00 -1000.00 -1000.00 -1000.00 1.5863 2.2347 5.1468 161.3911 5.7313 -98.3341 1.2165 -0.0356 0.0008 16 lincoln_mkz2017
Car 1.00 1.00 0 0 2 0 0 0 0 0 -1000.00 -1000.00 -1000.00 -1000.00 1.7318 2.1344 5.0985 53.3288 -11.4584 97.2716 -0.3811 -0.0380 0.0008 17 audi_etron
Car 1.00 1.00 0 0 0 0 0 0 0 0 -1000.00 -1000.00 -1000.00 -1000.00 1.7506 2.3538 4.8416 154.4751 6.4053 -117.0309 1.2177 -0.0373 0.0009 18 bmw_grandtourer
Car 1.00 1.00 15 14 36 133 0 0 0 4 -1000.00 -1000.00 -1000.00 -1000.00 1.5765 1.9374 3.8150 68.1139 2.9219 -23.7432 -0.3461 -0.0364 0.0008 19 nissan_micra
Motorcycle 1.00 1.00 0 0 0 0 0 0 0 0 -1000.00 -1000.00 -1000.00 -1000.00 1.6960 1.0692 2.4735 185.0334 6.9165 -132.1649 0.4060 -0.0318 -0.0290 20 harley_davidson_low_rider
Car 1.00 1.00 0 0 0 0 0 0 0 0 -1000.00 -1000.00 -1000.00 -1000.00 1.5765 1.9374 3.8150 141.6880 7.6458 -151.6816 1.2296 -0.0356 0.0008 21 nissan_micra
Car 1.00 1.00 0 0 0 0 0 0 0 0 -1000.00 -1000.00 -1000.00 -1000.00 1.7203 2.2019 5.4994 46.3227 -0.1591 59.2125 2.8150 -0.0365 0.0015 22 chargercop2020_chargercop2020
Car 1.00 1.00 11 15 18 149 6 0 0 0 -1000.00 -1000.00 -1000.00 -1000.00 1.5475 1.9070 4.4025 -4.4467 4.5834 -72.1154 2.7766 -0.0363 0.0008 23 seat_leon
Car 1.00 1.00 0 0 0 0 0 0 0 0 -1000.00 -1000.00 -1000.00 -1000.00 1.3660 1.9896 4.9534 181.0032 -10.1033 61.9260 2.8209 -0.0365 0.0009 24 mustang_mustang
Cyclist 1.00 1.00 0 1 0 3 0 0 0 0 -1000.00 -1000.00 -1000.00 -1000.00 1.9709 0.6705 1.7250 -62.3122 6.9932 -138.3608 -0.2998 -0.0315 0.0008 25 diamondback_century
Cyclist 1.00 1.00 0 0 0 3 0 0 0 0 -1000.00 -1000.00 -1000.00 -1000.00 1.7065 0.8593 1.4873 -55.7187 6.9383 -137.5394 -1.9789 -0.0365 0.0008 26 bh_crossbike
Car 1.00 1.00 0 0 2 0 0 0 0 0 -1000.00 -1000.00 -1000.00 -1000.00 2.1397 2.1728 4.7045 -45.7793 9.5906 -208.4613 2.3442 -0.0414 -0.0269 27 volkswagen_t2
Car 1.00 1.00 0 0 0 0 0 0 0 0 -1000.00 -1000.00 -1000.00 -1000.00 1.9718 2.0005 4.0595 -118.1741 10.5294 -237.2026 -1.0568 -0.0373 0.0010 28 jeep_wrangler_rubicon
Car 1.00 1.00 45 46 80 761 0 0 2 0 -1000.00 -1000.00 -1000.00 -1000.00 1.5627 2.2716 5.0314 19.8122 0.3219 46.9855 1.2513 -0.0364 0.0008 29 tesla_model3
Car 1.00 1.00 0 0 0 0 0 0 0 0 -1000.00 -1000.00 -1000.00 -1000.00 1.4546 2.0938 4.3903 112.9941 9.0087 -191.1543 -2.2705 -0.0364 -0.1030 30 audi_tt
Car 1.00 1.00 0 0 0 0 0 0 0 0 -1000.00 -1000.00 -1000.00 -1000.00 1.5488 2.0688 3.9961 55.9537 -0.0271 55.7070 2.7901 -0.0362 0.0008 31 mini_cooperst
Car 1.00 1.00 0 0 0 0 0 0 0 0 -1000.00 -1000.00 -1000.00 -1000.00 1.6011 2.1072 4.7392 44.7500 5.5646 -97.8976 -0.4025 -0.0367 0.0008 32 toyota_prius
Car 1.00 1.00 0 0 0 0 0 0 0 0 -1000.00 -1000.00 -1000.00 -1000.00 2.1397 2.1728 4.7045 -0.6783 10.6675 -237.0585 -0.2647 -0.0366 0.0008 33 volkswagen_t2
Car 1.00 1.00 0 0 0 0 0 0 0 0 -1000.00 -1000.00 -1000.00 -1000.00 1.6011 2.1072 4.7392 239.6292 7.2012 -193.4350 1.3329 -0.1625 -0.0142 34 toyota_prius
Car 1.00 1.00 195 223 370 1294 0 0 0 71 -1000.00 -1000.00 -1000.00 -1000.00 1.3660 1.9896 4.9534 28.3618 1.9774 1.5992 2.7997 -0.0365 0.0008 35 mustang_mustang
Car 1.00 1.00 129 145 232 2099 0 0 28 0 -1000.00 -1000.00 -1000.00 -1000.00 1.6011 2.1072 4.7392 9.2514 1.0057 27.8845 -1.9262 -0.0365 0.0008 36 toyota_prius
Car 1.00 1.00 0 0 0 0 0 0 0 0 -1000.00 -1000.00 -1000.00 -1000.00 1.7506 2.3538 4.8416 62.9059 5.6542 -99.4058 -2.9828 -0.0365 0.0012 37 bmw_grandtourer
Car 1.00 1.00 0 0 0 0 0 0 0 0 -1000.00 -1000.00 -1000.00 -1000.00 2.2031 2.5091 6.5872 149.1107 6.2226 -111.6786 -1.9298 -0.0364 0.0008 38 tesla_cybertruck
Motorcycle 0.00 0.01 132 155 241 4951 0 29 11 0 1358.00 364.00 1408.67 420.00 1.6387 1.2138 2.3199 -16.6332 1.6598 9.6063 -0.3089 -0.0366 0.0008 39 yamaha_yzf
Car 1.00 1.00 0 9 14 52 1 0 0 0 -1000.00 -1000.00 -1000.00 -1000.00 1.9476 2.0282 4.8347 -31.7152 7.1630 -142.2945 2.7827 -0.0368 0.0008 40 nissan_patrol
Car 1.00 1.00 0 0 0 0 0 0 0 0 -1000.00 -1000.00 -1000.00 -1000.00 1.6115 2.2019 5.2564 69.5252 5.6397 -99.0928 2.8798 -0.0285 0.0016 41 charger2020_charger2020
Car 1.00 1.00 0 3 6 22 0 0 0 0 -1000.00 -1000.00 -1000.00 -1000.00 1.6115 2.2019 5.2564 217.4880 4.3345 -60.0560 -2.0581 -0.0309 0.0043 42 charger2020_charger2020
Motorcycle 1.00 1.00 11 8 12 50 0 0 0 0 -1000.00 -1000.00 -1000.00 -1000.00 1.6649 1.0692 2.4735 67.7446 2.7890 -20.0775 -0.3384 -0.0334 0.0008 43 harley_davidson_low_rider
Car 1.00 1.00 0 0 0 0 0 0 0 0 -1000.00 -1000.00 -1000.00 -1000.00 1.5542 2.3421 5.1370 134.5100 9.7584 -209.4601 2.7498 -0.0364 0.0008 44 lincoln2020_mkz2020
Motorcycle 1.00 1.00 124 133 217 849 0 0 0 28 -1000.00 -1000.00 -1000.00 -1000.00 1.6960 1.0692 2.4735 23.1869 1.8967 3.4110 2.7968 -0.0335 0.0009 45 harley_davidson_low_rider
Cyclist 1.00 1.00 0 0 1 9 0 0 0 0 -1000.00 -1000.00 -1000.00 -1000.00 1.9310 0.5921 1.9272 106.5902 3.1722 -29.9785 2.7825 -0.0405 0.0008 46 gazelle_omafiets
Car 1.00 1.00 659 727 1160 15689 0 0 122 0 -1000.00 -1000.00 -1000.00 -1000.00 1.7318 2.1344 5.0985 7.4419 1.5788 12.5247 1.2192 -0.0379 0.0009 47 audi_etron
Car 1.00 1.00 0 0 0 0 0 0 0 0 -1000.00 -1000.00 -1000.00 -1000.00 1.9476 2.0282 4.8347 98.2009 0.9559 30.3891 -0.9480 -0.0377 0.0014 48 nissan_patrol
Car 0.00 0.94 60 67 109 461 0 22 0 0 1024.20 358.25 1085.74 378.30 1.7203 2.2019 5.4994 -54.7900 1.6611 7.0071 1.2052 -0.0365 0.0015 49 chargercop2020_chargercop2020
Car 1.00 1.00 0 0 0 0 0 0 0 0 -1000.00 -1000.00 -1000.00 -1000.00 1.6244 1.8781 3.8906 13.2702 10.8011 -240.8328 -3.0828 -0.0370 -0.0004 50 audi_a2
Car 1.00 1.00 0 0 0 0 0 0 0 0 -1000.00 -1000.00 -1000.00 -1000.00 1.5863 2.2347 5.1468 144.4028 7.4077 -144.7141 1.2310 -0.0344 0.0008 51 lincoln_mkz2017
Cyclist 1.00 1.00 0 0 0 0 0 0 0 0 -1000.00 -1000.00 -1000.00 -1000.00 1.9709 0.6705 1.7250 2.5638 11.1352 -250.9814 -1.8434 -0.0295 0.0030 52 diamondback_century
Cyclist 1.00 1.00 0 0 0 0 0 0 0 0 -1000.00 -1000.00 -1000.00 -1000.00 1.9311 0.5921 1.9272 28.1014 5.0319 -84.2774 2.7838 -0.0382 0.0012 53 gazelle_omafiets
Car 1.00 1.00 16 22 41 1157 0 0 1 3 -1000.00 -1000.00 -1000.00 -1000.00 1.7173 2.2591 5.2781 41.4954 -0.3541 64.7957 2.7876 -0.0435 0.0006 54 mercedes_benz_coupe
Car 1.00 1.00 0 3 5 16 0 0 0 3 -1000.00 -1000.00 -1000.00 -1000.00 1.5542 2.3421 5.1370 191.8967 4.4209 -61.7511 2.8147 -0.0364 0.0008 55 lincoln2020_mkz2020
Car 1.00 1.00 0 6 7 16 0 0 0 0 -1000.00 -1000.00 -1000.00 -1000.00 1.7506 2.3538 4.8416 220.1691 4.8937 -75.2500 1.2100 -0.0367 -0.0014 56 bmw_grandtourer
Car 1.00 1.00 79 91 142 500 0 0 0 28 -1000.00 -1000.00 -1000.00 -1000.00 1.4546 2.0938 4.3903 35.0289 2.2165 -4.5942 2.7886 -0.0364 0.0008 57 audi_tt
Car 1.00 1.00 0 0 0 0 0 0 0 0 -1000.00 -1000.00 -1000.00 -1000.00 1.7173 2.2591 5.2781 10.3184 10.3714 -228.6064 -1.8936 -0.0435 0.0006 58 mercedes_benz_coupe
Car 1.00 1.00 7 8 15 60 0 0 0 2 -1000.00 -1000.00 -1000.00 -1000.00 1.5542 2.3421 5.1370 97.9180 3.3400 -34.1991 -0.1578 -0.0390 -0.0004 59 lincoln2020_mkz2020
Car 1.00 1.00 60 76 126 1284 0 0 6 0 -1000.00 -1000.00 -1000.00 -1000.00 2.1397 2.1728 4.7045 28.0588 -0.1232 58.4204 -0.3434 -0.0486 -0.0014 60 volkswagen_t2
Car 1.00 1.00 0 0 0 0 0 0 0 0 -1000.00 -1000.00 -1000.00 -1000.00 1.7506 2.3538 4.8416 198.2203 1.0254 31.4736 -1.9441 -0.0365 0.0008 61 bmw_grandtourer
Car 1.00 1.00 0 3 3 16 0 0 0 1 -1000.00 -1000.00 -1000.00 -1000.00 1.6320 2.1403 5.2230 191.1749 4.3059 -58.2052 2.7464 -0.0407 0.0008 62 dodge_charger_police
Car 1.00 1.00 0 0 0 0 0 0 0 0 -1000.00 -1000.00 -1000.00 -1000.00 1.6980 1.9434 4.1871 84.0978 5.6982 -100.4538 2.7948 -0.0364 0.0008 63 citroen_c3
Car 1.00 1.00 4 5 10 35 0 0 0 2 -1000.00 -1000.00 -1000.00 -1000.00 1.4812 2.1349 5.6254 111.4770 3.2732 -31.8436 2.7771 -0.0364 0.0008 64 chevrolet_impala
Car 1.00 1.00 0 0 0 0 0 0 0 0 -1000.00 -1000.00 -1000.00 -1000.00 1.6115 2.2019 5.2564 41.6407 6.8189 -130.8596 -1.9267 -0.0363 0.0015 65 charger2020_charger2020
Car 1.00 1.00 0 0 0 0 0 0 0 0 -1000.00 -1000.00 -1000.00 -1000.00 1.3660 1.9896 4.9534 114.2492 -2.0065 112.8195 -0.3387 -0.0364 0.0008 66 mustang_mustang
Motorcycle 1.00 1.00 6 6 10 74 0 0 1 0 -1000.00 -1000.00 -1000.00 -1000.00 1.5852 1.1236 2.1350 7.4207 -0.4871 66.2671 -0.3779 -0.0365 0.0008 67 kawasaki_ninja
Car 1.00 1.00 0 0 0 0 0 0 0 0 -1000.00 -1000.00 -1000.00 -1000.00 1.5488 2.0688 3.9961 117.9779 9.9528 -215.1416 1.2608 -0.0364 0.0008 68 mini_cooperst
Car 1.00 1.00 0 0 0 0 0 0 0 0 -1000.00 -1000.00 -1000.00 -1000.00 1.5542 2.3421 5.1370 5.2356 10.7642 -239.9808 -0.3158 -0.0365 0.0006 69 lincoln2020_mkz2020
Car 1.00 1.00 0 0 0 0 0 0 0 0 -1000.00 -1000.00 -1000.00 -1000.00 1.9718 2.0005 4.0595 33.8343 7.6078 -152.5838 -1.9222 -0.0368 0.0007 70 jeep_wrangler_rubicon
Car 1.00 1.00 0 0 0 0 0 0 0 0 -1000.00 -1000.00 -1000.00 -1000.00 1.7506 2.3538 4.8416 138.3049 6.6630 -124.8840 2.2722 -0.0335 0.0018 71 bmw_grandtourer
Car 1.00 1.00 0 0 0 0 0 0 0 0 -1000.00 -1000.00 -1000.00 -1000.00 2.2031 2.5091 6.5872 98.4252 -2.6185 129.7346 2.8080 -0.0387 0.0008 72 tesla_cybertruck
Car 1.00 1.00 0 0 0 0 0 0 0 0 -1000.00 -1000.00 -1000.00 -1000.00 1.6244 1.8781 3.8906 -48.9254 -10.7911 96.5456 0.5589 -0.0524 -0.0071 73 audi_a2
Car 1.00 1.00 0 0 0 0 0 0 0 0 -1000.00 -1000.00 -1000.00 -1000.00 1.7203 2.2019 5.4994 188.4269 2.7203 -15.0565 1.2744 -0.0365 0.0015 74 chargercop2020_chargercop2020
Car 1.00 1.00 0 0 0 0 0 0 0 0 -1000.00 -1000.00 -1000.00 -1000.00 1.6320 2.1403 5.2230 32.5277 15.0120 -355.4793 -0.3395 -0.0399 0.0009 75 dodge_charger_police
Car 1.00 1.00 6382 9341 14938 95922 0 0 0 1536 -1000.00 -1000.00 -1000.00 -1000.00 1.5140 2.1024 4.9073 5.7443 2.0859 -1.8788 1.2197 -0.0364 0.0008 76 mercedesccc_mercedesccc
Car 1.00 1.00 0 0 0 2 0 0 0 0 -1000.00 -1000.00 -1000.00 -1000.00 1.6244 1.8781 3.8906 197.6833 4.5054 -63.9654 2.8035 -0.0369 -0.0003 77 audi_a2
Car 1.00 1.00 0 0 0 0 0 0 0 0 -1000.00 -1000.00 -1000.00 -1000.00 1.6244 1.8781 3.8906 38.1356 7.5529 -151.1551 -1.9363 -0.0368 -0.0003 78 audi_a2
Car 1.00 1.00 0 2 0 7 0 0 0 0 -1000.00 -1000.00 -1000.00 -1000.00 1.7203 2.2019 5.4994 225.5842 4.7474 -71.2485 1.2246 -0.0396 -0.0005 79 chargercop2020_chargercop2020
Car 1.00 1.00 0 0 0 0 0 0 0 0 -1000.00 -1000.00 -1000.00 -1000.00 2.1397 2.1728 4.7045 143.3554 12.7231 -291.1316 1.0428 -0.0473 0.0007 80 volkswagen_t2
Car 1.00 1.00 0 0 0 0 0 0 0 0 -1000.00 -1000.00 -1000.00 -1000.00 1.3660 1.9896 4.9534 164.1166 6.7687 -128.3020 3.1077 -0.0364 0.0008 81 mustang_mustang
Car 1.00 1.00 17 25 39 163 0 0 0 3 -1000.00 -1000.00 -1000.00 -1000.00 1.7203 2.2019 5.4994 59.5303 2.5421 -13.0669 2.8557 -0.0364 0.0014 82 chargercop2020_chargercop2020
Car 1.00 1.00 0 0 0 0 0 0 0 0 -1000.00 -1000.00 -1000.00 -1000.00 1.6244 1.8781 3.8906 216.8135 10.2934 -222.4851 -1.9135 -0.0360 -0.0003 83 audi_a2
Car 1.00 1.00 65 66 114 384 0 0 0 35 -1000.00 -1000.00 -1000.00 -1000.00 1.6244 1.8781 3.8906 34.0479 2.0562 -0.4624 2.7900 -0.0369 -0.0003 84 audi_a2
Car 1.00 1.00 0 0 0 0 0 0 0 0 -1000.00 -1000.00 -1000.00 -1000.00 1.3660 1.9896 4.9534 127.1672 0.8504 33.2165 2.7914 -0.0364 0.0008 85 mustang_mustang
Car 0.00 1.00 0 0 0 0 0 0 0 0 1168.16 308.25 1191.32 318.81 1.6244 1.8781 3.8906 -104.2234 -7.8245 38.6627 -1.9060 -0.0282 0.0001 86 audi_a2
Car 1.00 1.00 0 0 0 0 0 0 0 0 -1000.00 -1000.00 -1000.00 -1000.00 1.9718 2.0005 4.0595 150.0094 10.2745 -223.1231 -0.4161 -0.0369 0.0007 87 jeep_wrangler_rubicon
Car 0.00 1.00 0 0 0 0 0 0 0 0 526.63 375.21 541.76 381.94 1.9718 2.0005 4.0595 -176.8721 6.8769 -137.2892 -1.9666 -0.0351 0.0008 88 jeep_wrangler_rubicon
Car 1.00 1.00 0 0 0 1 0 0 0 0 -1000.00 -1000.00 -1000.00 -1000.00 1.3660 1.9896 4.9534 25.1486 -11.6729 104.3875 -0.3271 -0.0411 0.0006 89 mustang_mustang
Motorcycle 1.00 1.00 8 20 26 98 2 0 0 0 -1000.00 -1000.00 -1000.00 -1000.00 1.6649 1.0692 2.4735 -35.3245 4.4210 -68.4689 -0.5755 -0.0222 0.0013 90 harley_davidson_low_rider
Car 1.00 1.00 0 0 0 0 0 0 0 0 -1000.00 -1000.00 -1000.00 -1000.00 1.5475 1.9070 4.4025 214.4351 11.6679 -259.9542 2.5413 -0.0404 -0.0061 91 seat_leon
Motorcycle 1.00 1.00 0 0 0 0 0 0 0 0 -1000.00 -1000.00 -1000.00 -1000.00 1.6387 1.2138 2.3199 41.5629 -0.2230 61.0418 2.7836 -0.0367 0.0008 92 yamaha_yzf
Cyclist 1.00 1.00 0 0 0 0 0 0 0 0 -1000.00 -1000.00 -1000.00 -1000.00 1.9311 0.5921 1.9272 -113.2282 10.7590 -244.1044 -0.8825 -0.0394 -0.0022 93 gazelle_omafiets
Car 1.00 1.00 0 0 0 0 0 0 0 0 -1000.00 -1000.00 -1000.00 -1000.00 1.5140 2.1024 4.9073 7.6448 10.6092 -235.6583 -1.9020 -0.0365 0.0008 94 mercedesccc_mercedesccc
Car 1.00 1.00 0 0 0 0 0 0 0 0 -1000.00 -1000.00 -1000.00 -1000.00 1.4546 2.0938 4.3903 133.4221 6.3833 -118.1111 2.7923 -0.0391 0.0011 95 audi_tt
Car 1.00 1.00 0 3 4 25 1 0 0 0 -1000.00 -1000.00 -1000.00 -1000.00 2.1397 2.1728 4.7045 -32.9364 7.3134 -145.7711 2.7960 -0.0364 0.0008 96 volkswagen_t2
Car 1.00 1.00 0 0 0 0 0 0 0 0 -1000.00 -1000.00 -1000.00 -1000.00 1.5140 2.1024 4.9073 -67.2033 6.9383 -136.6321 -0.3518 -0.0364 0.0008 97 mercedesccc_mercedesccc
Car 1.00 1.00 0 0 0 0 0 0 0 0 -1000.00 -1000.00 -1000.00 -1000.00 1.4812 2.1349 5.6254 203.2302 -0.6087 76.7242 -0.9630 -0.0372 -0.0313 98 chevrolet_impala
Car 1.00 1.00 32 35 59 501 0 0 9 0 -1000.00 -1000.00 -1000.00 -1000.00 1.5765 1.9374 3.8150 17.7250 -0.4431 66.0199 -0.3619 -0.0388 0.0010 99 nissan_micra
Motorcycle 1.00 1.00 90 91 147 597 0 0 0 46 -1000.00 -1000.00 -1000.00 -1000.00 1.5853 1.1236 2.1350 23.9664 2.0185 -0.5729 2.7892 -0.0366 0.0008 100 kawasaki_ninja
Car 1.00 1.00 0 0 0 0 0 0 0 0 -1000.00 -1000.00 -1000.00 -1000.00 1.9476 2.0282 4.8347 140.3975 9.8374 -211.7862 2.7501 -0.0367 0.0008 101 nissan_patrol
Car 0.00 1.00 0 0 0 0 0 0 0 0 1272.87 291.38 1310.55 308.65 2.1397 2.1728 4.7045 -88.6653 -8.3870 50.2004 1.2120 -0.0524 0.0008 102 volkswagen_t2
Car 1.00 1.00 0 0 0 0 0 0 0 0 -1000.00 -1000.00 -1000.00 -1000.00 1.3660 1.9896 4.9534 -38.3157 10.2377 -226.4973 -0.4831 -0.0366 0.0018 103 mustang_mustang
Car 0.00 0.76 9 6 13 327 0 0 0 0 133.66 391.33 253.66 417.54 1.5627 2.2716 5.0314 -43.7927 4.1555 -61.1313 -0.4160 -0.0364 0.0008 104 tesla_model3
Car 1.00 1.00 0 3 5 16 0 0 0 1 -1000.00 -1000.00 -1000.00 -1000.00 1.5542 2.3421 5.1370 157.8314 4.0641 -52.7299 -0.3732 -0.0364 0.0008 105 lincoln2020_mkz2020
Car 1.00 1.00 0 0 0 0 0 0 0 0 -1000.00 -1000.00 -1000.00 -1000.00 1.5627 2.2716 5.0314 150.7250 5.6674 -96.7141 -1.9351 -0.0360 0.0009 106 tesla_model3
Car 1.00 1.00 0 0 0 0 0 0 0 0 -1000.00 -1000.00 -1000.00 -1000.00 1.5765 1.9374 3.8150 12.5148 10.1364 -222.9011 -1.8713 -0.0364 0.0008 107 nissan_micra
Cyclist 1.00 1.00 0 0 0 0 0 0 0 0 -1000.00 -1000.00 -1000.00 -1000.00 1.9311 0.5921 1.9272 11.5679 9.8233 -214.5669 -1.9470 -0.0393 0.0003 108 gazelle_omafiets
Cyclist 1.00 1.00 0 0 0 0 0 0 0 0 -1000.00 -1000.00 -1000.00 -1000.00 1.9311 0.5921 1.9272 12.7811 -12.3851 125.4234 2.9731 -0.0352 -0.0062 109 gazelle_omafiets
Car 1.00 1.00 0 0 0 0 0 0 0 0 -1000.00 -1000.00 -1000.00 -1000.00 1.4546 2.0938 4.3903 56.9452 5.4964 -94.9115 0.2526 -0.0365 0.0004 110 audi_tt
Car 1.00 1.00 0 0 0 0 0 0 0 0 -1000.00 -1000.00 -1000.00 -1000.00 1.9476 2.0282 4.8347 14.2323 9.9458 -217.5832 -1.9274 -0.0386 0.0008 111 nissan_patrol
Car 1.00 1.00 0 0 0 0 0 0 0 0 -1000.00 -1000.00 -1000.00 -1000.00 1.4546 2.0938 4.3903 75.6224 5.7115 -101.0767 2.7860 -0.0364 0.0008 112 audi_tt
Car 1.00 1.00 0 0 0 0 0 0 0 0 -1000.00 -1000.00 -1000.00 -1000.00 1.7506 2.3538 4.8416 166.2833 -1.6738 104.7949 2.7971 -0.0366 0.0008 113 bmw_grandtourer
Car 1.00 1.00 0 0 0 0 0 0 0 0 -1000.00 -1000.00 -1000.00 -1000.00 1.9718 2.0005 4.0595 120.0923 9.0711 -190.7845 -1.9432 -0.0368 0.0007 114 jeep_wrangler_rubicon
Motorcycle 1.00 1.00 0 0 0 0 0 0 0 0 -1000.00 -1000.00 -1000.00 -1000.00 1.6387 1.2138 2.3199 51.7100 -0.0770 57.2675 2.7892 -0.0365 0.0008 115 yamaha_yzf
Car 1.00 1.00 0 0 0 0 0 0 0 0 -1000.00 -1000.00 -1000.00 -1000.00 1.7203 2.2019 5.4994 188.7546 3.0768 -24.8278 1.2415 -0.0365 0.0015 116 chargercop2020_chargercop2020
Car 1.00 1.00 0 0 0 0 0 0 0 0 -1000.00 -1000.00 -1000.00 -1000.00 1.6980 1.9434 4.1871 90.0183 2.0384 1.5968 -1.9288 -0.0364 0.0008 117 citroen_c3
Car 0.00 1.00 0 0 0 0 0 0 0 0 592.89 374.17 615.09 380.91 1.5542 2.3421 5.1370 -146.5207 5.3793 -95.6572 1.1790 -0.0364 0.0008 118 lincoln2020_mkz2020
Car 1.00 1.00 0 0 0 0 0 0 0 0 -1000.00 -1000.00 -1000.00 -1000.00 2.5908 2.7453 5.4640 63.6166 4.6666 -70.7487 -1.9116 -0.0340 0.0008 119 carlamotors_carlacola
Car 1.00 1.00 57 61 95 325 0 0 0 36 -1000.00 -1000.00 -1000.00 -1000.00 1.5765 1.9374 3.8150 40.3290 2.2715 -6.5265 2.7853 -0.0364 0.0008 120 nissan_micra
Car 1.00 1.00 0 0 0 0 0 0 0 0 -1000.00 -1000.00 -1000.00 -1000.00 1.4477 1.5550 2.3177 211.1629 10.4004 -225.1396 -2.2838 -0.0422 0.0008 121 bmw_isetta
Car 1.00 1.00 0 0 0 0 0 0 0 0 -1000.00 -1000.00 -1000.00 -1000.00 1.7173 2.2591 5.2781 113.0347 -2.1433 117.0108 -0.3379 -0.0438 0.0006 122 mercedes_benz_coupe
Car 1.00 1.00 0 8 9 44 0 0 0 0 -1000.00 -1000.00 -1000.00 -1000.00 1.7173 2.2591 5.2781 -53.7743 6.8225 -132.6933 -1.9221 -0.0435 0.0006 123 mercedes_benz_coupe
Car 1.00 1.00 0 0 0 0 0 0 0 0 -1000.00 -1000.00 -1000.00 -1000.00 1.5765 1.9374 3.8150 110.2965 0.3780 46.8111 -1.9054 -0.0413 0.0012 124 nissan_micra
Car 0.00 1.00 0 0 0 0 0 0 0 0 266.93 386.01 365.15 409.15 1.6115 2.2019 5.2564 -49.6623 4.0527 -58.5539 -0.5121 -0.0365 0.0014 125 charger2020_charger2020
Car 1.00 1.00 0 0 0 0 0 0 0 0 -1000.00 -1000.00 -1000.00 -1000.00 1.9476 2.0282 4.8347 123.7466 -2.0221 113.1828 -0.3449 -0.0396 0.0008 126 nissan_patrol
Car 1.00 1.00 0 0 0 0 0 0 0 0 -1000.00 -1000.00 -1000.00 -1000.00 1.5140 2.1024 4.9073 0.8514 -11.7254 109.3041 -0.0518 -0.0430 -0.0016 127 mercedesccc_mercedesccc
Car 1.00 1.00 0 0 0 0 0 0 0 0 -1000.00 -1000.00 -1000.00 -1000.00 1.7173 2.2591 5.2781 284.2776 -6.8028 -26.0617 1.7896 -0.0436 0.0069 128 mercedes_benz_coupe
Car 1.00 1.00 0 6 8 36 0 0 0 1 -1000.00 -1000.00 -1000.00 -1000.00 1.4812 2.1349 5.6254 135.8730 3.6236 -40.9092 2.8056 -0.0366 0.0008 129 chevrolet_impala
Car 0.00 1.00 0 0 0 0 0 0 0 0 499.26 375.48 519.63 384.00 2.1397 2.1728 4.7045 -153.6355 6.5026 -126.2437 1.2266 -0.0364 0.0008 130 volkswagen_t2
Car 1.00 1.00 0 0 0 0 0 0 0 0 -1000.00 -1000.00 -1000.00 -1000.00 1.6244 1.8781 3.8906 159.7475 -1.3600 96.0772 -0.3882 -0.0367 -0.0003 131 audi_a2
Car 1.00 1.00 0 0 0 0 0 0 0 0 -1000.00 -1000.00 -1000.00 -1000.00 1.9476 2.0282 4.8347 20.0908 8.1608 -168.4998 -0.3543 -0.0368 0.0008 132 nissan_patrol
Car 1.00 1.00 0 0 0 0 0 0 0 0 -1000.00 -1000.00 -1000.00 -1000.00 1.9476 2.0282 4.8347 58.5704 5.8557 -105.1314 1.2228 -0.0373 0.0007 133 nissan_patrol
Car 0.00 1.00 0 0 0 0 0 0 0 0 1102.27 310.88 1129.20 322.95 1.9476 2.0282 4.8347 -108.0002 -7.3221 27.8473 -1.9074 -0.0289 0.0006 134 nissan_patrol
Car 1.00 1.00 0 11 16 60 2 0 0 0 -1000.00 -1000.00 -1000.00 -1000.00 1.7506 2.3538 4.8416 -45.2869 6.3528 -120.1459 -1.9276 -0.0365 0.0008 135 bmw_grandtourer
Car 1.00 1.00 0 0 0 0 0 0 0 0 -1000.00 -1000.00 -1000.00 -1000.00 1.9476 2.0282 4.8347 86.9673 5.8556 -105.2810 2.7661 -0.0367 0.0008 136 nissan_patrol
Car 1.00 1.00 65 74 114 589 14 0 0 0 -1000.00 -1000.00 -1000.00 -1000.00 1.7203 2.2019 5.4994 -17.4138 3.6207 -44.3858 -1.9077 -0.0365 0.0015 137 chargercop2020_chargercop2020
Car 1.00 1.00 0 0 0 0 0 0 0 0 -1000.00 -1000.00 -1000.00 -1000.00 2.5908 2.7453 5.4640 61.9743 5.4980 -94.3476 -1.3513 -0.0368 0.0007 138 carlamotors_carlacola
Car 1.00 1.00 0 0 0 0 0 0 0 0 -1000.00 -1000.00 -1000.00 -1000.00 1.5863 2.2347 5.1468 195.0266 1.3308 23.1471 -1.9295 -0.0360 0.0008 139 lincoln_mkz2017
Car 1.00 1.00 0 0 0 0 0 0 0 0 -1000.00 -1000.00 -1000.00 -1000.00 1.9718 2.0005 4.0595 104.3938 0.7248 37.1037 0.1822 -0.0380 0.0015 140 jeep_wrangler_rubicon
Car 1.00 1.00 0 0 0 0 0 0 0 0 -1000.00 -1000.00 -1000.00 -1000.00 1.6011 2.1072 4.7392 123.8803 0.9386 30.7816 2.7860 -0.0364 0.0008 141 toyota_prius
Car 1.00 1.00 0 0 0 0 0 0 0 0 -1000.00 -1000.00 -1000.00 -1000.00 1.7318 2.1344 5.0985 197.7146 1.4765 19.6070 -1.9090 -0.0365 0.0008 142 audi_etron
Car 1.00 1.00 0 0 0 0 0 0 0 0 -1000.00 -1000.00 -1000.00 -1000.00 2.2031 2.5091 6.5872 164.0575 10.3590 -224.8110 -0.3788 -0.0364 0.0008 143 tesla_cybertruck
Car 1.00 1.00 0 0 0 0 0 0 0 0 -1000.00 -1000.00 -1000.00 -1000.00 1.5765 1.9374 3.8150 207.5438 2.1127 0.0677 2.7447 -0.0363 0.0008 144 nissan_micra
Car 1.00 1.00 0 0 0 0 0 0 0 0 -1000.00 -1000.00 -1000.00 -1000.00 1.4546 2.0938 4.3903 78.6058 5.6188 -98.4679 2.7942 -0.0364 0.0008 145 audi_tt
Car 1.00 1.00 0 0 0 0 0 0 0 0 -1000.00 -1000.00 -1000.00 -1000.00 1.4812 2.1349 5.6254 18.2315 14.2906 -336.1552 2.7771 -0.0375 0.0004 146 chevrolet_impala
Car 1.00 1.00 0 0 0 0 0 0 0 0 -1000.00 -1000.00 -1000.00 -1000.00 2.2031 2.5091 6.5872 272.5188 -6.1358 -44.7511 -1.5300 -0.0330 -0.0015 147 tesla_cybertruck
Car 1.00 1.00 0 0 0 0 0 0 0 0 -1000.00 -1000.00 -1000.00 -1000.00 1.9718 2.0005 4.0595 7.9428 10.2065 -224.4363 -1.9310 -0.0390 0.0004 148 jeep_wrangler_rubicon
Car 1.00 1.00 0 0 0 0 0 0 0 0 -1000.00 -1000.00 -1000.00 -1000.00 1.3660 1.9896 4.9534 155.5100 10.3507 -225.2358 -0.3790 -0.0364 0.0008 149 mustang_mustang
Car 1.00 1.00 0 0 0 0 0 0 0 0 -1000.00 -1000.00 -1000.00 -1000.00 1.3660 1.9896 4.9534 166.6112 6.9094 -132.1058 -3.1277 -0.0364 0.0008 150 mustang_mustang
Car 0.00 1.00 0 0 0 0 0 0 0 0 483.03 373.70 517.34 386.13 2.5908 2.7453 5.4640 -130.6249 5.9268 -109.6346 2.7908 -0.0364 0.0008 151 carlamotors_carlacola
Car 1.00 1.00 0 0 0 0 0 0 0 0 -1000.00 -1000.00 -1000.00 -1000.00 1.5863 2.2347 5.1468 91.1318 0.7465 35.3200 -0.3601 -0.0363 0.0008 152 lincoln_mkz2017
Car 1.00 1.00 0 0 0 0 0 0 0 0 -1000.00 -1000.00 -1000.00 -1000.00 1.7506 2.3538 4.8416 227.5018 -9.7172 52.3319 2.7326 -0.0382 0.0035 153 bmw_grandtourer
Cyclist 1.00 1.00 1 2 4 15 0 0 0 1 -1000.00 -1000.00 -1000.00 -1000.00 1.9709 0.6705 1.7250 109.1238 3.0819 -27.2074 2.7809 -0.0321 0.0008 154 diamondback_century
Cyclist 1.00 1.00 0 0 0 0 0 0 0 0 -1000.00 -1000.00 -1000.00 -1000.00 1.9311 0.5921 1.9272 8.4186 10.9372 -245.2220 1.2253 -0.0405 0.0009 155 gazelle_omafiets
Motorcycle 1.00 1.00 0 0 0 0 0 0 0 0 -1000.00 -1000.00 -1000.00 -1000.00 1.6960 1.0692 2.4735 116.7606 0.9657 29.8867 -0.5923 -0.0378 0.0021 156 harley_davidson_low_rider
Car 1.00 1.00 0 0 0 0 0 0 0 0 -1000.00 -1000.00 -1000.00 -1000.00 2.1397 2.1728 4.7045 254.5754 1.4723 -160.7581 1.2141 -0.1679 0.0012 157 volkswagen_t2
Car 1.00 1.00 0 0 0 0 0 0 0 0 -1000.00 -1000.00 -1000.00 -1000.00 1.5488 2.0688 3.9961 15.1313 -11.8509 110.6515 -0.1821 -0.0421 0.0002 158 mini_cooperst
Cyclist 1.00 1.00 0 0 0 0 0 0 0 0 -1000.00 -1000.00 -1000.00 -1000.00 1.9311 0.5921 1.9272 190.9654 2.4437 -8.0940 1.2654 -0.0390 0.0001 159 gazelle_omafiets
Car 1.00 1.00 0 0 0 0 0 0 0 0 -1000.00 -1000.00 -1000.00 -1000.00 1.4812 2.1349 5.6254 116.9488 8.9747 -188.1229 -1.9265 -0.0364 0.0008 160 chevrolet_impala
Car 0.00 1.00 0 0 0 0 0 0 0 0 660.20 371.07 681.43 378.03 1.7173 2.2591 5.2781 -156.5189 4.9374 -83.3255 -1.9221 -0.0404 0.0006 161 mercedes_benz_coupe
Car 1.00 1.00 0 0 0 0 0 0 0 0 -1000.00 -1000.00 -1000.00 -1000.00 1.9718 2.0005 4.0595 12.5240 10.5945 -235.0026 2.7967 -0.0369 0.0008 162 jeep_wrangler_rubicon
Car 1.00 1.00 0 0 0 0 0 0 0 0 -1000.00 -1000.00 -1000.00 -1000.00 1.7506 2.3538 4.8416 38.9266 5.3381 -91.9405 -0.3628 -0.0363 0.0008 163 bmw_grandtourer
Car 0.00 0.00 40 44 63 2125 0 10 2 0 1653.01 335.81 1777.22 359.55 1.6115 2.2019 5.2564 -43.9892 -0.1210 56.0657 -2.0142 -0.0374 0.0079 164 charger2020_charger2020
Car 1.00 1.00 60 54 75 425 4 0 0 0 -1000.00 -1000.00 -1000.00 -1000.00 1.6244 1.8781 3.8906 -22.3585 3.7336 -47.7454 -1.9070 -0.0369 -0.0003 165 audi_a2
Car 0.00 1.00 0 0 0 0 0 0 0 0 460.24 378.99 476.98 384.77 1.5475 1.9070 4.4025 -166.4293 7.3029 -148.8456 1.1972 -0.0352 0.0006 166 seat_leon
Car 1.00 1.00 0 0 0 0 0 0 0 0 -1000.00 -1000.00 -1000.00 -1000.00 1.5765 1.9374 3.8150 215.2436 10.8059 -236.7084 -1.8846 -0.0361 0.0008 167 nissan_micra
Car 1.00 1.00 0 0 0 0 0 0 0 0 -1000.00 -1000.00 -1000.00 -1000.00 1.5863 2.2347 5.1468 -73.7641 6.9811 -137.8951 -0.3556 -0.0364 0.0008 168 lincoln_mkz2017
Car 1.00 1.00 0 0 0 0 0 0 0 0 -1000.00 -1000.00 -1000.00 -1000.00 1.7506 2.3538 4.8416 81.2505 5.7829 -103.1876 2.7890 -0.0364 0.0008 169 bmw_grandtourer
Car 1.00 1.00 206 236 370 1320 0 0 0 137 -1000.00 -1000.00 -1000.00 -1000.00 1.4812 2.1349 5.6254 29.0542 2.1366 -2.5194 2.7898 -0.0364 0.0008 170 chevrolet_impala
Car 1.00 1.00 0 0 0 0 0 0 0 0 -1000.00 -1000.00 -1000.00 -1000.00 1.4812 2.1349 5.6254 176.7917 3.5100 -36.8708 -1.9302 -0.0364 0.0008 171 chevrolet_impala
Car 1.00 1.00 20 19 25 193 0 0 2 0 -1000.00 -1000.00 -1000.00 -1000.00 1.6011 2.1072 4.7392 29.5144 -0.9688 82.5033 -1.9162 -0.0364 0.0008 172 toyota_prius
Car 1.00 1.00 0 0 0 0 0 0 0 0 -1000.00 -1000.00 -1000.00 -1000.00 1.6115 2.2019 5.2564 207.3116 4.6559 -67.8320 2.5666 -0.0348 0.0021 173 charger2020_charger2020
Car 1.00 1.00 0 0 0 0 0 0 0 0 -1000.00 -1000.00 -1000.00 -1000.00 1.5475 1.9070 4.4025 157.4801 10.2468 -222.3086 -0.3759 -0.0364 0.0008 174 seat_leon
Car 1.00 1.00 0 0 0 0 0 0 0 0 -1000.00 -1000.00 -1000.00 -1000.00 2.5908 2.7453 5.4640 54.0375 8.5505 -177.4520 2.7646 -0.0364 0.0008 175 carlamotors_carlacola
Car 1.00 1.00 0 0 0 0 0 0 0 0 -1000.00 -1000.00 -1000.00 -1000.00 1.4812 2.1349 5.6254 118.3984 0.8850 32.5653 2.7780 -0.0301 0.0009 176 chevrolet_impala
Car 0.00 1.00 0 0 0 0 0 0 0 0 205.20 386.19 249.35 399.65 1.9718 2.0005 4.0595 -94.9582 6.5446 -126.3053 -0.3461 -0.0388 0.0007 177 jeep_wrangler_rubicon
Car 1.00 1.00 0 0 0 0 0 0 0 0 -1000.00 -1000.00 -1000.00 -1000.00 1.6980 1.9434 4.1871 273.9489 -3.8399 -108.1562 1.2161 -0.0366 0.0008 178 citroen_c3
Car 1.00 1.00 32 27 51 199 0 0 0 10 -1000.00 -1000.00 -1000.00 -1000.00 1.5488 2.0688 3.9961 51.4153 2.4367 -10.4584 2.8269 -0.0364 0.0008 179 mini_cooperst
Motorcycle 1.00 1.00 3 4 7 21 0 0 0 0 -1000.00 -1000.00 -1000.00 -1000.00 1.6960 1.0692 2.4735 105.2715 3.0261 -25.7237 2.7847 -0.0335 0.0009 180 harley_davidson_low_rider
Car 1.00 1.00 0 0 0 0 0 0 0 0 -1000.00 -1000.00 -1000.00 -1000.00 1.4477 1.5550 2.3177 184.4481 2.7498 -15.8810 -1.9209 -0.0432 0.0008 181 bmw_isetta
Cyclist 1.00 1.00 6 9 11 43 0 0 0 4 -1000.00 -1000.00 -1000.00 -1000.00 1.7065 0.8593 1.4873 38.4929 2.0764 -2.0464 2.8005 -0.0364 0.0008 182 bh_crossbike
Car 0.00 1.00 0 0 0 0 0 0 0 0 389.37 381.10 408.78 386.49 1.6011 2.1072 4.7392 -190.1318 8.9149 -193.5690 -1.6698 -0.0366 0.0024 183 toyota_prius
Car 1.00 1.00 0 0 0 0 0 0 0 0 -1000.00 -1000.00 -1000.00 -1000.00 1.5488 2.0688 3.9961 18.9750 10.8199 -241.1536 2.8262 -0.0364 0.0008 184 mini_cooperst
Car 1.00 1.00 0 0 0 0 0 0 0 0 -1000.00 -1000.00 -1000.00 -1000.00 1.6980 1.9434 4.1871 -131.5624 12.0414 -277.7924 2.5548 -0.0367 -0.0065 185 citroen_c3
Car 1.00 1.00 11 15 24 159 0 0 4 0 -1000.00 -1000.00 -1000.00 -1000.00 1.5765 1.9374 3.8150 23.8991 -0.8142 77.7295 -1.9054 -0.0372 0.0008 186 nissan_micra
Car 1.00 1.00 43 45 73 272 0 0 0 13 -1000.00 -1000.00 -1000.00 -1000.00 1.7506 2.3538 4.8416 45.8585 2.3523 -8.3555 3.0103 -0.0363 0.0008 187 bmw_grandtourer
Car 1.00 1.00 0 0 0 0 0 0 0 0 -1000.00 -1000.00 -1000.00 -1000.00 1.5488 2.0688 3.9961 172.8768 6.7802 -128.3961 -2.9713 -0.0364 0.0008 188 mini_cooperst
Car 1.00 1.00 0 0 0 0 0 0 0 0 -1000.00 -1000.00 -1000.00 -1000.00 1.5488 2.0688 3.9961 194.3488 10.8093 -236.9191 -0.3780 -0.0364 0.0008 189 mini_cooperst
Car 1.00 1.00 0 0 0 0 0 0 0 0 -1000.00 -1000.00 -1000.00 -1000.00 1.6011 2.1072 4.7392 172.0356 1.5038 16.3557 2.8101 -0.0365 0.0004 190 toyota_prius
Car 1.00 1.00 12 22 33 248 0 0 9 0 -1000.00 -1000.00 -1000.00 -1000.00 1.3660 1.9896 4.9534 6.9139 -0.5930 70.1051 -0.3713 -0.0364 0.0008 191 mustang_mustang
Car 1.00 1.00 0 0 0 0 0 0 0 0 -1000.00 -1000.00 -1000.00 -1000.00 1.9476 2.0282 4.8347 249.7989 5.2422 -183.7948 1.2196 -0.1651 0.0004 192 nissan_patrol
Pedestrian 1.00 1.00 0 0 0 0 0 0 0 0 -1000.00 -1000.00 -1000.00 -1000.00 1.9158 0.4880 0.5317 148.9207 15.7501 -378.5161 -2.8412 -0.0364 0.0008 193 pedestrian_0019
Pedestrian 1.00 1.00 0 0 0 1 0 0 0 0 -1000.00 -1000.00 -1000.00 -1000.00 1.1330 0.4333 0.3370 -34.9734 4.4630 -73.3739 2.4647 -0.0364 0.0008 194 pedestrian_0010
Pedestrian 1.00 1.00 0 0 0 2 0 0 0 0 -1000.00 -1000.00 -1000.00 -1000.00 1.9158 0.4880 0.7507 211.2496 4.0515 -56.2388 2.9527 -0.0364 0.0008 195 pedestrian_0005
Pedestrian 1.00 1.00 0 0 0 0 0 0 0 0 -1000.00 -1000.00 -1000.00 -1000.00 1.9158 0.4880 0.4268 96.3034 -2.9963 134.5079 -0.2753 -0.0364 0.0008 196 pedestrian_0003
Pedestrian 1.00 1.00 0 0 0 0 0 0 0 0 -1000.00 -1000.00 -1000.00 -1000.00 1.9158 0.4880 0.7507 134.3255 -10.0869 55.3838 -0.3534 -0.0364 0.0008 197 pedestrian_0021
Pedestrian 1.00 1.00 0 0 0 0 0 0 0 0 -1000.00 -1000.00 -1000.00 -1000.00 1.9158 0.4880 0.7507 -148.9417 12.6614 -300.5281 -0.6357 -0.0364 0.0008 198 pedestrian_0003
Pedestrian 1.00 1.00 0 0 0 0 0 0 0 0 -1000.00 -1000.00 -1000.00 -1000.00 1.9158 0.4880 0.4808 209.7152 13.4069 -312.8572 1.2188 -0.0364 0.0008 199 pedestrian_0004
Pedestrian 1.00 1.00 3 0 0 20 1 0 0 0 -1000.00 -1000.00 -1000.00 -1000.00 1.9158 0.4880 0.3991 -35.1578 4.4213 -71.9269 1.9330 -0.0364 0.0008 200 pedestrian_0022
Pedestrian 1.00 1.00 0 0 0 0 0 0 0 0 -1000.00 -1000.00 -1000.00 -1000.00 1.3390 0.3253 0.4556 128.4059 9.4820 -203.1148 -1.8453 -0.0364 0.0008 201 pedestrian_0014
Pedestrian 1.00 1.00 3 0 1 14 0 0 0 0 -1000.00 -1000.00 -1000.00 -1000.00 1.9158 0.4880 0.4618 99.5679 3.4359 -41.8550 -0.5013 -0.0364 0.0008 202 pedestrian_0022
Pedestrian 1.00 1.00 0 0 0 0 0 0 0 0 -1000.00 -1000.00 -1000.00 -1000.00 1.9158 0.4880 0.5871 -8.6158 11.3105 -260.6026 -1.9574 -0.0364 0.0008 203 pedestrian_0023
Pedestrian 1.00 1.00 3 2 2 32 0 0 0 0 -1000.00 -1000.00 -1000.00 -1000.00 1.3390 0.3253 0.5005 16.7726 -0.0731 56.3816 -0.4969 -0.0364 0.0008 204 pedestrian_0012
Pedestrian 1.00 1.00 0 0 0 3 0 0 0 0 -1000.00 -1000.00 -1000.00 -1000.00 1.9158 0.4880 0.3754 -56.4014 6.4548 -128.1878 0.0636 -0.0364 0.0008 205 pedestrian_0019
Pedestrian 0.00 1.00 0 0 0 0 0 0 0 0 87.93 390.93 97.85 403.57 1.9158 0.4880 0.7100 -87.5681 6.7701 -137.5814 -0.3520 -0.0364 0.0008 206 pedestrian_0005
Pedestrian 1.00 1.00 2 1 2 23 0 0 0 0 -1000.00 -1000.00 -1000.00 -1000.00 1.9158 0.4880 0.3754 21.8671 -1.1360 81.8015 -1.8161 -0.0364 0.0008 207 pedestrian_0026
Pedestrian 1.00 1.00 126 140 220 9501 23 0 0 36 -1000.00 -1000.00 -1000.00 -1000.00 1.9158 0.4880 0.7495 7.9943 2.2681 -11.8909 2.9137 -0.0364 0.0008 208 pedestrian_0015
Pedestrian 0.00 1.00 0 0 0 0 0 0 0 0 616.70 373.77 618.55 378.07 1.3390 0.3253 0.3220 -176.1104 5.6974 -110.3626 -1.9228 -0.0364 0.0008 209 pedestrian_0014
Pedestrian 0.00 1.00 0 0 0 0 0 0 0 0 795.75 362.58 798.39 369.75 1.9158 0.4880 0.3898 -150.6881 2.6211 -46.1957 1.1379 -0.0364 0.0008 210 pedestrian_0016
Pedestrian 1.00 1.00 0 0 0 0 0 0 0 0 -1000.00 -1000.00 -1000.00 -1000.00 1.3390 0.3253 0.2576 72.4925 5.7699 -104.0656 1.2190 -0.0364 0.0008 211 pedestrian_0012
Pedestrian 1.00 1.00 0 0 0 0 0 0 0 0 -1000.00 -1000.00 -1000.00 -1000.00 1.1330 0.4333 0.6660 -72.8094 6.9899 -143.5441 2.9477 -0.0364 0.0008 212 pedestrian_0009
Pedestrian 1.00 1.00 0 0 0 0 0 0 0 0 -1000.00 -1000.00 -1000.00 -1000.00 1.1330 0.4333 0.6667 126.9613 -0.3026 61.0177 -1.9218 -0.0364 0.0008 213 pedestrian_0010
Pedestrian 1.00 1.00 0 0 0 0 0 0 0 0 -1000.00 -1000.00 -1000.00 -1000.00 1.9158 0.4880 0.7507 -131.7496 13.0555 -310.9558 -0.3975 -0.0364 0.0008 214 pedestrian_0021
Pedestrian 1.00 1.00 0 0 0 0 0 0 0 0 -1000.00 -1000.00 -1000.00 -1000.00 1.9158 0.4880 0.4306 71.4805 5.7206 -102.5104 -3.0211 -0.0364 0.0008 215 pedestrian_0018
Pedestrian 1.00 1.00 0 0 0 0 0 0 0 0 -1000.00 -1000.00 -1000.00 -1000.00 1.9158 0.4880 0.4489 176.6504 15.1356 -361.0650 0.7958 -0.0364 0.0008 216 pedestrian_0020
Pedestrian 1.00 1.00 2 0 0 16 0 0 0 0 -1000.00 -1000.00 -1000.00 -1000.00 1.9158 0.4880 0.7507 101.8052 3.4494 -42.1852 2.6972 -0.0364 0.0008 217 pedestrian_0017
Pedestrian 1.00 1.00 0 0 0 0 0 0 0 0 -1000.00 -1000.00 -1000.00 -1000.00 1.9158 0.4880 0.7507 76.6349 9.0749 -197.0695 2.7379 -0.0364 0.0008 218 pedestrian_0007
Pedestrian 1.00 1.00 0 0 0 2 0 0 0 0 -1000.00 -1000.00 -1000.00 -1000.00 1.1330 0.4333 0.3591 -36.3415 4.5230 -75.0485 1.6994 -0.0364 0.0008 219 pedestrian_0010
Pedestrian 1.00 1.00 0 0 0 0 0 0 0 0 -1000.00 -1000.00 -1000.00 -1000.00 1.9158 0.4880 0.5348 -6.8408 6.4930 -128.5822 -0.4196 -0.0364 0.0008 220 pedestrian_0023
Pedestrian 1.00 1.00 0 0 0 1 0 0 0 0 -1000.00 -1000.00 -1000.00 -1000.00 1.9158 0.4880 0.5088 202.2661 4.9279 -80.4405 2.7220 -0.0364 0.0008 221 pedestrian_0024
Pedestrian 1.00 1.00 0 0 0 0 0 0 0 0 -1000.00 -1000.00 -1000.00 -1000.00 1.1330 0.4333 0.3774 102.4195 13.2726 -312.8594 0.3184 -0.0364 0.0008 222 pedestrian_0011
Pedestrian 1.00 1.00 0 0 0 0 0 0 0 0 -1000.00 -1000.00 -1000.00 -1000.00 1.9158 0.4880 0.7443 -111.5191 13.3481 -318.5248 -0.3558 -0.0364 0.0008 223 pedestrian_0016
Pedestrian 1.00 1.00 0 0 0 0 0 0 0 0 -1000.00 -1000.00 -1000.00 -1000.00 1.9158 0.4880 0.7032 108.6581 -11.8629 103.5142 2.7917 -0.0364 0.0008 224 pedestrian_0017
Pedestrian 0.00 1.00 0 0 0 0 0 0 0 0 848.85 336.08 851.98 346.60 1.9158 0.4880 0.4127 -103.5554 -2.4926 -22.4741 -1.5784 -0.0364 0.0008 225 pedestrian_0001
Pedestrian 1.00 1.00 0 0 0 0 0 0 0 0 -1000.00 -1000.00 -1000.00 -1000.00 1.9158 0.4880 0.7507 56.3095 4.6673 -76.6170 1.2536 -0.0364 0.0008 226 pedestrian_0003
Pedestrian 1.00 1.00 0 0 1 3 0 0 0 0 -1000.00 -1000.00 -1000.00 -1000.00 1.9158 0.4880 0.5950 209.8578 4.5189 -64.9087 -1.2492 -0.0364 0.0008 227 pedestrian_0007
Pedestrian 1.00 1.00 0 0 0 0 0 0 0 0 -1000.00 -1000.00 -1000.00 -1000.00 1.1330 0.4333 0.6667 162.0823 10.5861 -233.7515 -0.4131 -0.0364 0.0008 228 pedestrian_0010
Pedestrian 1.00 1.00 0 0 0 0 0 0 0 0 -1000.00 -1000.00 -1000.00 -1000.00 1.1330 0.4333 0.5436 -26.5701 6.9110 -140.3834 2.6920 -0.0364 0.0008 229 pedestrian_0010
Pedestrian 1.00 1.00 0 0 0 0 0 0 0 0 -1000.00 -1000.00 -1000.00 -1000.00 1.3390 0.3253 0.4494 87.4981 1.6010 7.9736 -1.9823 -0.0364 0.0008 230 pedestrian_0013
Pedestrian 0.00 0.99 4 2 5 35 0 2 0 0 1142.42 361.38 1149.33 378.01 1.3390 0.3253 0.4379 -46.3441 1.4611 12.9816 1.0684 -0.0364 0.0008 231 pedestrian_0013
Pedestrian 1.00 1.00 0 0 0 0 0 0 0 0 -1000.00 -1000.00 -1000.00 -1000.00 1.9158 0.4880 0.4129 69.0192 5.4703 -94.9768 2.8724 -0.0364 0.0008 232 pedestrian_0020
Pedestrian 1.00 1.00 0 0 0 0 0 0 0 0 -1000.00 -1000.00 -1000.00 -1000.00 1.9158 0.4880 0.6893 88.4684 1.6474 6.9479 -2.0500 -0.0364 0.0008 233 pedestrian_0021
Pedestrian 1.00 1.00 0 0 0 0 0 0 0 0 -1000.00 -1000.00 -1000.00 -1000.00 1.1330 0.4333 0.4356 9.1435 9.2563 -203.7621 1.2621 -0.0364 0.0008 234 pedestrian_0009
Pedestrian 1.00 1.00 0 0 0 0 0 0 0 0 -1000.00 -1000.00 -1000.00 -1000.00 1.9158 0.4880 0.4676 96.1500 0.7103 35.8123 -1.6693 -0.0364 0.0008 235 pedestrian_0006
Pedestrian 1.00 1.00 0 0 0 0 0 0 0 0 -1000.00 -1000.00 -1000.00 -1000.00 1.1330 0.4333 0.5656 54.7320 11.5284 -265.2417 -0.2654 -0.0364 0.0008 236 pedestrian_0009
Pedestrian 1.00 1.00 0 0 0 0 0 0 0 0 -1000.00 -1000.00 -1000.00 -1000.00 1.9158 0.4880 0.7507 140.6542 5.9132 -108.8986 1.1862 -0.0364 0.0008 237 pedestrian_0026
Pedestrian 0.00 1.00 0 0 0 0 0 0 0 0 460.19 377.58 464.65 385.83 1.9158 0.4880 0.5775 -132.1925 6.0923 -119.9504 -0.3773 -0.0364 0.0008 238 pedestrian_0021
Pedestrian 0.00 1.00 0 0 0 0 0 0 0 0 217.15 390.40 222.77 398.16 1.3390 0.3253 0.5005 -99.3839 6.7503 -133.5276 2.7621 -0.0364 0.0008 239 pedestrian_0012
Pedestrian 1.00 1.00 0 0 0 0 0 0 0 0 -1000.00 -1000.00 -1000.00 -1000.00 1.9158 0.4880 0.7115 158.3558 15.5805 -373.6171 0.5364 -0.0364 0.0008 240 pedestrian_0020
Pedestrian 1.00 1.00 0 0 0 0 0 0 0 0 -1000.00 -1000.00 -1000.00 -1000.00 1.1330 0.4333 0.6667 278.0226 -3.2002 -129.9440 1.2289 -0.0364 0.0008 241 pedestrian_0011
Pedestrian 1.00 1.00 0 0 0 0 0 0 0 0 -1000.00 -1000.00 -1000.00 -1000.00 1.9158 0.4880 0.5015 68.6480 5.8356 -105.7179 0.6862 -0.0364 0.0008 242 pedestrian_0002
Pedestrian 1.00 1.00 0 0 0 0 0 0 0 0 -1000.00 -1000.00 -1000.00 -1000.00 1.3390 0.3253 0.3764 34.6333 6.9715 -140.5705 -1.9307 -0.0364 0.0008 243 pedestrian_0014
Pedestrian 1.00 1.00 0 0 0 0 0 0 0 0 -1000.00 -1000.00 -1000.00 -1000.00 1.9158 0.4880 0.5484 -114.2693 10.8939 -252.3234 2.3803 -0.0364 0.0008 244 pedestrian_0006
Pedestrian 1.00 1.00 0 0 0 0 0 0 0 0 -1000.00 -1000.00 -1000.00 -1000.00 1.9158 0.4880 0.6525 290.3475 -4.4135 -97.2608 -1.8888 -0.0364 0.0008 245 pedestrian_0020
Pedestrian 0.00 0.01 197 212 366 3201 0 34 0 0 508.17 387.75 590.08 547.25 1.9158 0.4880 0.7507 -7.9036 2.2415 -7.3343 -0.1714 -0.0364 0.0008 246 pedestrian_0022
Pedestrian 1.00 1.00 0 0 0 0 0 0 0 0 -1000.00 -1000.00 -1000.00 -1000.00 1.9158 0.4880 0.4011 120.3357 1.0117 27.7646 0.7083 -0.0364 0.0008 247 pedestrian_0002
Pedestrian 0.00 0.30 24 13 23 195 0 16 0 0 900.12 363.11 917.20 422.03 1.9158 0.4880 0.7398 -18.6704 1.9555 -3.9347 -0.3089 -0.0364 0.0008 248 pedestrian_0022
Pedestrian 1.00 1.00 0 0 0 0 0 0 0 0 -1000.00 -1000.00 -1000.00 -1000.00 1.9158 0.4880 0.7507 30.5431 7.8641 -160.7094 -0.3983 -0.0364 0.0008 249 pedestrian_0006
Pedestrian 1.00 1.00 0 0 0 0 0 0 0 0 -1000.00 -1000.00 -1000.00 -1000.00 1.9158 0.4880 0.4709 146.2188 7.4776 -151.6854 -1.9439 -0.0364 0.0008 250 pedestrian_0019
Pedestrian 1.00 1.00 0 1 3 8 0 0 0 0 -1000.00 -1000.00 -1000.00 -1000.00 1.9158 0.4880 0.7507 -57.9377 6.6993 -130.7460 1.3489 -0.0364 0.0008 251 pedestrian_0018
Pedestrian 1.00 1.00 0 0 0 0 0 0 0 0 -1000.00 -1000.00 -1000.00 -1000.00 1.9158 0.4880 0.7507 -41.0321 14.3835 -345.3415 -0.2548 -0.0364 0.0008 252 pedestrian_0007
Pedestrian 1.00 1.00 0 0 0 0 0 0 0 0 -1000.00 -1000.00 -1000.00 -1000.00 1.9158 0.4880 0.4850 66.5694 0.3850 39.6049 -0.4632 -0.0364 0.0008 253 pedestrian_0008
Pedestrian 1.00 1.00 0 0 0 0 0 0 0 0 -1000.00 -1000.00 -1000.00 -1000.00 1.9158 0.4880 0.5183 -48.1412 14.2623 -342.1773 -0.3145 -0.0364 0.0008 254 pedestrian_0022
Pedestrian 0.00 1.00 0 0 0 0 0 0 0 0 559.34 374.03 562.20 379.89 1.9158 0.4880 0.5816 -185.1006 6.5882 -134.7878 -1.9875 -0.0364 0.0008 255 pedestrian_0024
Pedestrian 1.00 1.00 8 9 15 40 0 0 0 0 -1000.00 -1000.00 -1000.00 -1000.00 1.1330 0.4333 0.4767 9.4210 2.7568 -25.9945 0.9439 -0.0364 0.0008 256 pedestrian_0011
Pedestrian 1.00 1.00 0 0 0 0 0 0 0 0 -1000.00 -1000.00 -1000.00 -1000.00 1.9158 0.4880 0.5608 83.8903 1.9800 -2.2761 1.4406 -0.0364 0.0008 257 pedestrian_0006
Pedestrian 1.00 1.00 0 0 0 0 0 0 0 0 -1000.00 -1000.00 -1000.00 -1000.00 1.9158 0.4880 0.5173 120.7962 0.3943 41.0138 2.4573 -0.0364 0.0008 258 pedestrian_0005
Pedestrian 1.00 1.00 0 0 2 3 0 0 0 0 -1000.00 -1000.00 -1000.00 -1000.00 1.9158 0.4880 0.5008 186.8679 3.8083 -50.1166 0.8213 -0.0364 0.0008 259 pedestrian_0003
Pedestrian 0.00 1.00 0 0 0 0 0 0 0 0 968.17 314.16 973.70 325.93 1.9158 0.4880 0.7455 -94.5301 -5.7786 -0.3581 1.2266 -0.0364 0.0008 260 pedestrian_0001
Pedestrian 1.00 1.00 0 0 0 0 0 0 0 0 -1000.00 -1000.00 -1000.00 -1000.00 1.3390 0.3253 0.5005 167.6501 5.4517 -95.8559 -1.8555 -0.0364 0.0008 261 pedestrian_0014
Pedestrian 1.00 1.00 0 0 0 0 0 0 0 0 -1000.00 -1000.00 -1000.00 -1000.00 1.9158 0.4880 0.7507 48.3110 5.8255 -104.4385 2.4391 -0.0364 0.0008 262 pedestrian_0020
Pedestrian 1.00 1.00 0 0 0 0 0 0 0 0 -1000.00 -1000.00 -1000.00 -1000.00 1.9158 0.4880 0.6221 29.2543 10.4891 -236.9300 -0.3301 -0.0364 0.0008 263 pedestrian_0025
Pedestrian 0.00 1.00 0 0 0 0 0 0 0 0 153.23 388.53 158.85 399.35 1.9158 0.4880 0.4507 -100.9936 7.0759 -147.1960 -2.0588 -0.0364 0.0008 264 pedestrian_0026
Pedestrian 1.00 1.00 0 0 0 0 0 0 0 0 -1000.00 -1000.00 -1000.00 -1000.00 1.9158 0.4880 0.5038 235.7740 10.8730 -242.7789 1.2952 -0.0364 0.0008 265 pedestrian_0025
Pedestrian 1.00 1.00 0 0 0 0 0 0 0 0 -1000.00 -1000.00 -1000.00 -1000.00 1.3390 0.3253 0.4223 122.8994 6.5751 -129.2005 2.7894 -0.0364 0.0008 266 pedestrian_0013
Pedestrian 1.00 1.00 0 0 0 1 0 0 0 0 -1000.00 -1000.00 -1000.00 -1000.00 1.9158 0.4880 0.3854 187.6195 3.7678 -48.9882 0.2149 -0.0364 0.0008 267 pedestrian_0015
Pedestrian 1.00 1.00 0 0 0 0 0 0 0 0 -1000.00 -1000.00 -1000.00 -1000.00 1.9158 0.4880 0.3941 179.2156 2.0396 -1.7814 1.0533 -0.0364 0.0008 268 pedestrian_0021
Pedestrian 0.00 1.00 0 0 0 0 0 0 0 0 495.40 378.60 497.71 381.93 1.1330 0.4333 0.4221 -194.0841 7.6232 -163.6383 -1.9183 -0.0364 0.0008 269 pedestrian_0010
Pedestrian 1.00 1.00 44 66 104 724 0 0 0 13 -1000.00 -1000.00 -1000.00 -1000.00 1.9158 0.4880 0.4986 15.5779 1.7495 6.6900 1.3321 -0.0364 0.0008 270 pedestrian_0023
Pedestrian 0.00 1.00 0 0 0 0 0 0 0 0 99.18 392.99 103.72 398.83 1.3390 0.3253 0.5005 -131.8582 9.1446 -204.8609 1.6088 -0.0364 0.0008 271 pedestrian_0013
Pedestrian 1.00 1.00 0 0 0 0 0 0 0 0 -1000.00 -1000.00 -1000.00 -1000.00 1.9158 0.4880 0.5934 200.7633 14.0780 -331.4878 -2.1478 -0.0364 0.0008 272 pedestrian_0016
Pedestrian 1.00 1.00 0 0 0 0 0 0 0 0 -1000.00 -1000.00 -1000.00 -1000.00 1.3390 0.3253 0.4794 8.7666 11.3533 -261.7831 -2.1040 -0.0364 0.0008 273 pedestrian_0014
Pedestrian 1.00 1.00 0 0 0 0 0 0 0 0 -1000.00 -1000.00 -1000.00 -1000.00 1.9158 0.4880 0.6247 238.6337 3.6081 -44.9810 1.2431 -0.0364 0.0008 274 pedestrian_0019
Pedestrian 1.00 1.00 0 0 0 0 0 0 0 0 -1000.00 -1000.00 -1000.00 -1000.00 1.3390 0.3253 0.3564 64.0789 13.5420 -321.1764 0.0727 -0.0364 0.0008 275 pedestrian_0013
Pedestrian 1.00 1.00 0 0 0 0 0 0 0 0 -1000.00 -1000.00 -1000.00 -1000.00 1.9158 0.4880 0.7507 1.1678 8.0374 -170.3068 2.7798 -0.0364 0.0008 276 pedestrian_0023
Pedestrian 1.00 1.00 0 1 1 2 0 0 0 0 -1000.00 -1000.00 -1000.00 -1000.00 1.1330 0.4333 0.6667 -40.7423 6.7388 -131.7491 -0.2474 -0.0364 0.0008 277 pedestrian_0011
Pedestrian 1.00 1.00 0 0 0 0 0 0 0 0 -1000.00 -1000.00 -1000.00 -1000.00 1.3390 0.3253 0.5005 198.4563 5.5638 -99.7217 1.2360 -0.0364 0.0008 278 pedestrian_0012
Pedestrian 1.00 1.00 0 0 0 0 0 0 0 0 -1000.00 -1000.00 -1000.00 -1000.00 1.9158 0.4880 0.5529 264.2781 -6.1345 -50.4271 -1.6719 -0.0364 0.0008 279 pedestrian_0015
Pedestrian 1.00 1.00 0 0 0 0 0 0 0 0 -1000.00 -1000.00 -1000.00 -1000.00 1.9158 0.4880 0.7507 199.8534 2.4182 -7.6552 -1.8920 -0.0364 0.0008 280 pedestrian_0017
Pedestrian 1.00 1.00 0 0 0 0 0 0 0 0 -1000.00 -1000.00 -1000.00 -1000.00 1.9158 0.4880 0.7507 137.9458 -11.4121 91.8694 -0.3498 -0.0364 0.0008 281 pedestrian_0005
Pedestrian 1.00 1.00 0 1 0 0 0 0 0 0 -1000.00 -1000.00 -1000.00 -1000.00 1.1330 0.4333 0.3503 207.0060 4.9891 -78.3139 -2.2900 -0.0364 0.0008 282 pedestrian_0009
Pedestrian 1.00 1.00 0 0 0 0 0 0 0 0 -1000.00 -1000.00 -1000.00 -1000.00 1.1330 0.4333 0.3549 -15.4748 11.8086 -275.3483 -0.2634 -0.0364 0.0008 283 pedestrian_0009
Pedestrian 1.00 1.00 0 0 0 0 0 0 0 0 -1000.00 -1000.00 -1000.00 -1000.00 1.1330 0.4333 0.4145 122.9858 0.0325 51.7172 -1.9616 -0.0364 0.0008 284 pedestrian_0009
Pedestrian 1.00 1.00 0 0 0 0 0 0 0 0 -1000.00 -1000.00 -1000.00 -1000.00 1.9158 0.4880 0.7507 72.8884 0.4573 37.7218 -0.2782 -0.0364 0.0008 285 pedestrian_0024
Pedestrian 1.00 1.00 0 0 0 0 0 0 0 0 -1000.00 -1000.00 -1000.00 -1000.00 1.9158 0.4880 0.7507 133.5343 8.6879 -185.1080 1.2089 -0.0364 0.0008 286 pedestrian_0023
Pedestrian 1.00 1.00 0 0 0 8 1 0 0 0 -1000.00 -1000.00 -1000.00 -1000.00 1.9158 0.4880 0.7507 -46.7933 5.6009 -104.5486 1.2903 -0.0364 0.0008 287 pedestrian_0015
Pedestrian 1.00 1.00 0 0 0 0 0 0 0 0 -1000.00 -1000.00 -1000.00 -1000.00 1.9158 0.4880 0.4290 261.7182 -6.9915 -26.8926 -1.2858 -0.0364 0.0008 288 pedestrian_0025
Pedestrian 0.00 1.00 0 0 0 0 0 0 0 0 1906.24 257.01 1914.73 266.98 1.1330 0.4333 0.4903 -70.1905 -11.6591 116.3747 0.5786 -0.0364 0.0008 289 pedestrian_0009
Pedestrian 1.00 1.00 0 0 0 0 0 0 0 0 -1000.00 -1000.00 -1000.00 -1000.00 1.9158 0.4880 0.7507 188.6197 3.4730 -40.8782 -2.2311 -0.0364 0.0008 290 pedestrian_0019
Pedestrian 0.00 1.00 0 0 0 0 0 0 0 0 226.86 385.89 232.61 394.55 1.9158 0.4880 0.7507 -126.6084 7.8027 -167.6552 -1.8110 -0.0364 0.0008 291 pedestrian_0007
Pedestrian 1.00 1.00 0 0 0 0 0 0 0 0 -1000.00 -1000.00 -1000.00 -1000.00 1.9158 0.4880 0.7507 -19.9187 14.6541 -352.2419 2.8017 -0.0364 0.0008 292 pedestrian_0021
Pedestrian 1.00 1.00 0 0 0 0 0 0 0 0 -1000.00 -1000.00 -1000.00 -1000.00 1.3390 0.3253 0.4410 81.5037 9.2070 -200.8076 -0.3661 -0.0364 0.0008 293 pedestrian_0014
Pedestrian 0.00 1.00 0 0 0 0 0 0 0 0 1589.69 280.06 1596.29 292.71 1.9158 0.4880 0.5824 -89.4778 -10.7852 98.8017 0.8609 -0.0364 0.0008 294 pedestrian_0002
Pedestrian 1.00 1.00 1 1 4 22 0 0 0 0 -1000.00 -1000.00 -1000.00 -1000.00 1.9158 0.4880 0.4308 -36.0918 4.3576 -71.3808 2.5019 -0.0364 0.0008 295 pedestrian_0026
Pedestrian 1.00 1.00 0 0 0 0 0 0 0 0 -1000.00 -1000.00 -1000.00 -1000.00 1.9158 0.4880 0.3855 121.4827 0.7260 35.6264 3.1241 -0.0364 0.0008 296 pedestrian_0020
Pedestrian 1.00 1.00 0 0 0 0 0 0 0 0 -1000.00 -1000.00 -1000.00 -1000.00 1.9158 0.4880 0.6834 84.4363 0.6063 33.8518 -0.3930 -0.0364 0.0008 297 pedestrian_0016
Pedestrian 1.00 1.00 1 3 5 18 0 0 0 0 -1000.00 -1000.00 -1000.00 -1000.00 1.9158 0.4880 0.7507 -45.4265 5.3988 -98.9724 1.2352 -0.0364 0.0008 298 pedestrian_0024
Pedestrian 1.00 1.00 0 0 0 0 0 0 0 0 -1000.00 -1000.00 -1000.00 -1000.00 1.9158 0.4880 0.6736 171.3012 -9.5486 41.4735 2.7880 -0.0364 0.0008 299 pedestrian_0001
Pedestrian 1.00 1.00 0 2 2 9 0 0 0 0 -1000.00 -1000.00 -1000.00 -1000.00 1.9158 0.4880 0.5417 -55.7355 6.6213 -128.5578 0.4134 -0.0364 0.0008 300 pedestrian_0025
Pedestrian 1.00 1.00 0 0 0 0 0 0 0 0 -1000.00 -1000.00 -1000.00 -1000.00 1.9158 0.4880 0.7507 50.9089 7.2675 -147.9699 1.2452 -0.0364 0.0008 301 pedestrian_0016
Pedestrian 1.00 1.00 0 0 0 0 0 0 0 0 -1000.00 -1000.00 -1000.00 -1000.00 1.9158 0.4880 0.4741 42.8534 12.6802 -297.6937 2.8225 -0.0364 0.0008 302 pedestrian_0006
Pedestrian 0.00 1.00 0 0 0 0 0 0 0 0 13.10 396.49 17.89 403.24 1.3390 0.3253 0.4096 -113.8491 8.7826 -194.4611 -1.6608 -0.0364 0.0008 303 pedestrian_0012
Pedestrian 1.00 1.00 0 0 0 0 0 0 0 0 -1000.00 -1000.00 -1000.00 -1000.00 1.9158 0.4880 0.7507 172.6678 15.2647 -364.6688 0.6693 -0.0364 0.0008 304 pedestrian_0024
Pedestrian 0.00 1.00 0 0 0 0 0 0 0 0 632.53 373.21 634.83 377.59 1.3390 0.3253 0.5005 -173.4814 5.4594 -103.7435 1.2528 -0.0364 0.0008 305 pedestrian_0013
Pedestrian 1.00 1.00 0 0 0 0 0 0 0 0 -1000.00 -1000.00 -1000.00 -1000.00 1.1330 0.4333 0.5325 -53.5573 14.2056 -341.0482 2.7955 -0.0364 0.0008 306 pedestrian_0011
Pedestrian 1.00 1.00 0 0 0 0 0 0 0 0 -1000.00 -1000.00 -1000.00 -1000.00 1.9158 0.4880 0.7120 117.3304 5.7978 -107.7781 2.8659 -0.0364 0.0008 307 pedestrian_0024
Pedestrian 1.00 1.00 0 0 0 0 0 0 0 0 -1000.00 -1000.00 -1000.00 -1000.00 1.9158 0.4880 0.4062 -87.5209 13.7891 -330.0808 -0.3099 -0.0364 0.0008 308 pedestrian_0004
Pedestrian 1.00 1.00 1 2 2 14 0 0 0 0 -1000.00 -1000.00 -1000.00 -1000.00 1.9158 0.4880 0.7025 -44.6750 5.4258 -99.6980 -1.8329 -0.0364 0.0008 309 pedestrian_0019
Pedestrian 1.00 1.00 0 0 0 0 0 0 0 0 -1000.00 -1000.00 -1000.00 -1000.00 1.3390 0.3253 0.5005 -0.3215 12.2320 -281.9089 -0.4530 -0.0364 0.0008 310 pedestrian_0012
Pedestrian 1.00 1.00 0 0 0 0 0 0 0 0 -1000.00 -1000.00 -1000.00 -1000.00 1.9158 0.4880 0.5354 143.1845 7.7713 -159.8263 -1.9294 -0.0364 0.0008 311 pedestrian_0022
Pedestrian 1.00 1.00 0 0 0 0 0 0 0 0 -1000.00 -1000.00 -1000.00 -1000.00 1.9158 0.4880 0.7507 85.8662 8.3014 -175.7044 -1.9621 -0.0364 0.0008 312 pedestrian_0018
Pedestrian 1.00 1.00 0 0 0 0 0 0 0 0 -1000.00 -1000.00 -1000.00 -1000.00 1.9158 0.4880 0.6921 38.6226 0.0237 48.8457 -0.3199 -0.0364 0.0008 313 pedestrian_0022
Pedestrian 1.00 1.00 0 0 0 0 0 0 0 0 -1000.00 -1000.00 -1000.00 -1000.00 1.9158 0.4880 0.3778 149.6923 5.2202 -89.6848 -2.1897 -0.0364 0.0008 314 pedestrian_0005
Pedestrian 1.00 1.00 0 0 0 0 0 0 0 0 -1000.00 -1000.00 -1000.00 -1000.00 1.9158 0.4880 0.7507 32.8118 7.0975 -143.7711 1.2595 -0.0364 0.0008 315 pedestrian_0018
Pedestrian 0.00 1.00 0 0 0 0 0 0 0 0 302.21 383.36 306.16 388.92 1.9158 0.4880 0.7027 -196.9719 10.1981 -234.0412 1.7999 -0.0364 0.0008 316 pedestrian_0024
Pedestrian 1.00 1.00 0 0 0 0 0 0 0 0 -1000.00 -1000.00 -1000.00 -1000.00 1.9158 0.4880 0.5560 121.1183 12.9747 -303.9630 0.7664 -0.0364 0.0008 317 pedestrian_0002
Pedestrian 1.00 1.00 0 0 0 0 0 0 0 0 -1000.00 -1000.00 -1000.00 -1000.00 1.3390 0.3253 0.3268 40.3700 8.5818 -184.5830 2.6506 -0.0364 0.0008 318 pedestrian_0013
Pedestrian 1.00 1.00 0 0 0 0 0 0 0 0 -1000.00 -1000.00 -1000.00 -1000.00 1.9158 0.4880 0.7507 -21.6095 -0.4594 60.7796 -2.5795 -0.0364 0.0008 319 pedestrian_0018
Pedestrian 1.00 1.00 0 0 0 0 0 0 0 0 -1000.00 -1000.00 -1000.00 -1000.00 1.9158 0.4880 0.5268 151.8270 7.0555 -140.9007 3.0040 -0.0364 0.0008 320 pedestrian_0006
Pedestrian 1.00 1.00 0 0 0 0 0 0 0 0 -1000.00 -1000.00 -1000.00 -1000.00 1.9158 0.4880 0.7507 131.5015 15.9777 -385.1561 0.2819 -0.0364 0.0008 321 pedestrian_0021
Pedestrian 1.00 1.00 0 0 0 0 0 0 0 0 -1000.00 -1000.00 -1000.00 -1000.00 1.1330 0.4333 0.5722 141.9341 1.4198 12.5694 -0.3260 -0.0364 0.0008 322 pedestrian_0010
Pedestrian 1.00 1.00 2 0 3 28 0 0 0 0 -1000.00 -1000.00 -1000.00 -1000.00 1.9158 0.4880 0.4048 -34.3258 4.3119 -66.2201 -0.1163 -0.0364 0.0008 323 pedestrian_0022
Pedestrian 1.00 1.00 0 0 0 0 0 0 0 0 -1000.00 -1000.00 -1000.00 -1000.00 1.9158 0.4880 0.7507 102.7261 1.1635 24.7249 -0.3026 -0.0364 0.0008 324 pedestrian_0015
Pedestrian 1.00 1.00 2 2 4 27 3 0 0 0 -1000.00 -1000.00 -1000.00 -1000.00 1.9158 0.4880 0.6511 -15.2893 4.6552 -75.2347 1.0973 -0.0364 0.0008 325 pedestrian_0005
Pedestrian 1.00 1.00 0 0 0 0 0 0 0 0 -1000.00 -1000.00 -1000.00 -1000.00 1.9158 0.4880 0.3874 260.1175 -9.4692 41.2287 -0.5917 -0.0364 0.0008 326 pedestrian_0006
Pedestrian 1.00 1.00 0 0 0 0 0 0 0 0 -1000.00 -1000.00 -1000.00 -1000.00 1.9158 0.4880 0.3760 109.3083 8.9713 -192.4603 0.4829 -0.0364 0.0008 327 pedestrian_0002
Pedestrian 1.00 1.00 0 0 0 0 0 0 0 0 -1000.00 -1000.00 -1000.00 -1000.00 1.9158 0.4880 0.6799 118.2250 10.2349 -227.9552 1.3542 -0.0364 0.0008 328 pedestrian_0015
Pedestrian 0.00 1.00 0 0 0 0 0 0 0 0 403.45 379.68 407.10 385.11 1.9158 0.4880 0.7507 -201.4822 9.0554 -202.8198 1.6108 -0.0364 0.0008 329 pedestrian_0005
Pedestrian 1.00 1.00 0 0 0 0 0 0 0 0 -1000.00 -1000.00 -1000.00 -1000.00 1.1330 0.4333 0.3545 176.5874 15.1510 -361.7819 0.4371 -0.0364 0.0008 330 pedestrian_0010
Pedestrian 1.00 1.00 1 5 7 23 0 0 0 0 -1000.00 -1000.00 -1000.00 -1000.00 1.9158 0.4880 0.5055 74.4315 3.2901 -34.2492 2.5671 -0.0364 0.0008 331 pedestrian_0001
Pedestrian 1.00 1.00 0 0 0 0 0 0 0 0 -1000.00 -1000.00 -1000.00 -1000.00 1.9158 0.4880 0.3843 -36.8266 7.4619 -155.3753 -2.6275 -0.0364 0.0008 332 pedestrian_0017
Pedestrian 1.00 1.00 0 0 0 0 0 0 0 0 -1000.00 -1000.00 -1000.00 -1000.00 1.9158 0.4880 0.5442 94.0862 0.7920 29.6292 2.5979 -0.0364 0.0008 333 pedestrian_0023
Pedestrian 1.00 1.00 0 0 0 1 0 0 0 0 -1000.00 -1000.00 -1000.00 -1000.00 1.3390 0.3253 0.3519 -61.1541 7.0343 -140.2360 0.7659 -0.0364 0.0008 334 pedestrian_0013
Pedestrian 1.00 1.00 0 0 0 0 0 0 0 0 -1000.00 -1000.00 -1000.00 -1000.00 1.9158 0.4880 0.7507 123.0744 5.8556 -109.1580 -0.4098 -0.0364 0.0008 335 pedestrian_0019
Pedestrian 1.00 1.00 0 0 0 0 0 0 0 0 -1000.00 -1000.00 -1000.00 -1000.00 1.9158 0.4880 0.7045 -42.6682 8.8127 -192.4923 -1.4170 -0.0364 0.0008 336 pedestrian_0017
Pedestrian 1.00 1.00 0 0 0 0 0 0 0 0 -1000.00 -1000.00 -1000.00 -1000.00 1.9158 0.4880 0.7507 28.9056 15.3383 -369.8861 2.7956 -0.0364 0.0008 337 pedestrian_0025
Pedestrian 1.00 1.00 0 0 0 0 0 0 0 0 -1000.00 -1000.00 -1000.00 -1000.00 1.9158 0.4880 0.3766 261.1994 -9.4467 40.6032 2.5332 -0.0364 0.0008 338 pedestrian_0006
Pedestrian 1.00 1.00 0 0 0 0 0 0 0 0 -1000.00 -1000.00 -1000.00 -1000.00 1.1330 0.4333 0.6097 249.2483 -4.3093 -101.4915 -1.9237 -0.0364 0.0008 339 pedestrian_0011
Pedestrian 1.00 1.00 0 0 0 0 0 0 0 0 -1000.00 -1000.00 -1000.00 -1000.00 1.1330 0.4333 0.4863 216.6765 3.8875 -53.4469 -2.0578 -0.0364 0.0008 340 pedestrian_0011
Pedestrian 1.00 1.00 0 0 0 0 0 0 0 0 -1000.00 -1000.00 -1000.00 -1000.00 1.3390 0.3253 0.3030 189.0779 1.3698 16.6548 -0.7557 -0.0364 0.0008 341 pedestrian_0013
Pedestrian 1.00 1.00 0 0 0 0 0 0 0 0 -1000.00 -1000.00 -1000.00 -1000.00 1.9158 0.4880 0.7507 199.4544 -0.5742 70.3857 -1.1400 -0.0364 0.0008 342 pedestrian_0007
Pedestrian 1.00 1.00 0 0 0 0 0 0 0 0 -1000.00 -1000.00 -1000.00 -1000.00 1.9158 0.4880 0.7507 56.9317 8.1165 -171.2043 2.6920 -0.0364 0.0008 343 pedestrian_0021
Pedestrian 1.00 1.00 0 0 0 0 0 0 0 0 -1000.00 -1000.00 -1000.00 -1000.00 1.1330 0.4333 0.6132 286.2744 -4.1152 -105.9408 -1.9401 -0.0364 0.0008 344 pedestrian_0010
Pedestrian 1.00 1.00 0 0 0 0 0 0 0 0 -1000.00 -1000.00 -1000.00 -1000.00 1.9158 0.4880 0.5388 21.3247 6.7004 -133.7625 -3.0914 -0.0364 0.0008 345 pedestrian_0021
Pedestrian 1.00 1.00 9 8 10 160 0 0 0 0 -1000.00 -1000.00 -1000.00 -1000.00 1.3390 0.3253 0.2981 25.9831 2.4628 -17.0513 -0.4235 -0.0364 0.0008 346 pedestrian_0014
Pedestrian 1.00 1.00 0 0 0 0 0 0 0 0 -1000.00 -1000.00 -1000.00 -1000.00 1.9158 0.4880 0.5685 171.5005 6.3458 -121.5915 0.0833 -0.0364 0.0008 347 pedestrian_0023
Pedestrian 1.00 1.00 0 3 6 12 0 0 0 0 -1000.00 -1000.00 -1000.00 -1000.00 1.9158 0.4880 0.7507 -53.2617 6.2183 -121.6298 1.2471 -0.0364 0.0008 348 pedestrian_0008
Pedestrian 1.00 1.00 0 0 0 0 0 0 0 0 -1000.00 -1000.00 -1000.00 -1000.00 1.9158 0.4880 0.7507 -22.7032 14.6555 -352.3910 2.8041 -0.0364 0.0008 349 pedestrian_0006
Pedestrian 1.00 1.00 0 1 0 8 0 0 0 2 -1000.00 -1000.00 -1000.00 -1000.00 1.9158 0.4880 0.6650 121.7074 3.7339 -49.5430 2.8088 -0.0364 0.0008 350 pedestrian_0022
Pedestrian 1.00 1.00 0 0 0 0 0 0 0 0 -1000.00 -1000.00 -1000.00 -1000.00 1.9158 0.4880 0.7507 127.2833 9.5821 -205.6609 -1.9170 -0.0364 0.0008 351 pedestrian_0023
Pedestrian 1.00 1.00 0 0 0 1 0 0 0 0 -1000.00 -1000.00 -1000.00 -1000.00 1.9158 0.4880 0.7404 171.7776 4.6559 -69.5230 -0.2332 -0.0364 0.0008 352 pedestrian_0006
Pedestrian 1.00 1.00 0 0 0 0 0 0 0 0 -1000.00 -1000.00 -1000.00 -1000.00 1.9158 0.4880 0.5080 10.2758 12.8308 -302.6515 -1.4564 -0.0364 0.0008 353 pedestrian_0024
Pedestrian 0.00 1.00 0 0 0 0 0 0 0 0 654.35 373.12 656.79 376.93 1.1330 0.4333 0.4423 -169.6003 5.1345 -94.8040 -1.9587 -0.0364 0.0008 354 pedestrian_0011
Pedestrian 1.00 1.00 0 1 4 14 1 0 0 0 -1000.00 -1000.00 -1000.00 -1000.00 1.9158 0.4880 0.4105 -35.9403 4.4635 -73.1012 1.6510 -0.0364 0.0008 355 pedestrian_0017
Pedestrian 1.00 1.00 0 0 0 0 0 0 0 0 -1000.00 -1000.00 -1000.00 -1000.00 1.3390 0.3253 0.3490 223.7217 -8.7941 21.6939 -0.5141 -0.0364 0.0008 356 pedestrian_0012
Pedestrian 1.00 1.00 0 0 0 0 0 0 0 0 -1000.00 -1000.00 -1000.00 -1000.00 1.9158 0.4880 0.4479 140.7901 15.8593 -381.7301 -2.7466 -0.0364 0.0008 357 pedestrian_0020
Pedestrian 1.00 1.00 2 3 4 22 0 0 0 2 -1000.00 -1000.00 -1000.00 -1000.00 1.9158 0.4880 0.7507 81.8417 3.3930 -36.9032 2.9094 -0.0364 0.0008 358 pedestrian_0017
Pedestrian 0.00 1.00 0 0 0 0 0 0 0 0 263.01 385.36 268.59 395.78 1.9158 0.4880 0.4843 -104.8487 6.6821 -132.2273 2.7688 -0.0364 0.0008 359 pedestrian_0025
Pedestrian 1.00 1.00 0 0 0 0 0 0 0 0 -1000.00 -1000.00 -1000.00 -1000.00 1.3390 0.3253 0.5005 57.2029 15.7170 -379.9028 2.7914 -0.0364 0.0008 360 pedestrian_0013
Pedestrian 1.00 1.00 0 0 0 0 0 0 0 0 -1000.00 -1000.00 -1000.00 -1000.00 1.3390 0.3253 0.5005 154.0956 15.6507 -375.9465 0.4324 -0.0364 0.0008 361 pedestrian_0013
Pedestrian 1.00 1.00 0 0 0 0 0 0 0 0 -1000.00 -1000.00 -1000.00 -1000.00 1.3390 0.3253 0.4270 52.9818 4.9156 -85.0704 1.1719 -0.0364 0.0008 362 pedestrian_0013
Pedestrian 1.00 1.00 0 0 0 0 0 0 0 0 -1000.00 -1000.00 -1000.00 -1000.00 1.1330 0.4333 0.6667 61.5011 8.8986 -192.8791 -0.3369 -0.0364 0.0008 363 pedestrian_0011
Pedestrian 1.00 1.00 0 1 2 9 2 0 0 0 -1000.00 -1000.00 -1000.00 -1000.00 1.3390 0.3253 0.4245 -1.5589 4.1539 -65.5816 2.8156 -0.0364 0.0008 364 pedestrian_0012
Pedestrian 1.00 1.00 0 0 0 0 0 0 0 0 -1000.00 -1000.00 -1000.00 -1000.00 1.9158 0.4880 0.3944 102.6812 0.1732 47.2921 2.6785 -0.0364 0.0008 365 pedestrian_0023
Pedestrian 1.00 1.00 0 0 0 1 0 0 0 0 -1000.00 -1000.00 -1000.00 -1000.00 1.9158 0.4880 0.5511 -50.7229 5.9063 -112.9383 1.2414 -0.0364 0.0008 366 pedestrian_0005
Pedestrian 1.00 1.00 0 0 0 0 0 0 0 0 -1000.00 -1000.00 -1000.00 -1000.00 1.9158 0.4880 0.6294 -38.5493 12.0095 -277.0375 0.3171 -0.0364 0.0008 367 pedestrian_0021
Pedestrian 1.00 1.00 0 0 0 0 0 0 0 0 -1000.00 -1000.00 -1000.00 -1000.00 1.1330 0.4333 0.4155 28.5204 7.5110 -155.4769 1.1896 -0.0364 0.0008 368 pedestrian_0010
Pedestrian 1.00 1.00 0 0 0 0 0 0 0 0 -1000.00 -1000.00 -1000.00 -1000.00 1.9158 0.4880 0.7507 145.5640 7.4695 -151.4803 -2.0373 -0.0364 0.0008 369 pedestrian_0020
Pedestrian 1.00 1.00 1 3 3 14 0 0 0 0 -1000.00 -1000.00 -1000.00 -1000.00 1.3390 0.3253 0.4195 -1.1655 3.7525 -54.3217 2.2804 -0.0364 0.0008 370 pedestrian_0012
Pedestrian 1.00 1.00 0 0 0 0 0 0 0 0 -1000.00 -1000.00 -1000.00 -1000.00 1.9158 0.4880 0.6553 194.6681 2.9094 -25.2829 -1.7851 -0.0364 0.0008 371 pedestrian_0015
Pedestrian 1.00 1.00 0 0 0 0 0 0 0 0 -1000.00 -1000.00 -1000.00 -1000.00 1.9158 0.4880 0.7507 2.0928 3.9948 -60.8401 -0.0501 -0.0364 0.0008 372 pedestrian_0007
Pedestrian 1.00 1.00 0 0 0 0 0 0 0 0 -1000.00 -1000.00 -1000.00 -1000.00 1.9158 0.4880 0.6296 -134.8804 13.0254 -310.1406 2.6062 -0.0364 0.0008 373 pedestrian_0008
Pedestrian 1.00 1.00 0 0 0 0 0 0 0 0 -1000.00 -1000.00 -1000.00 -1000.00 1.9158 0.4880 0.6251 9.0427 9.4624 -209.1486 -1.9373 -0.0364 0.0008 374 pedestrian_0020
Pedestrian 1.00 1.00 0 0 0 0 0 0 0 0 -1000.00 -1000.00 -1000.00 -1000.00 1.9158 0.4880 0.5422 187.9726 3.6339 -45.3050 1.3155 -0.0364 0.0008 375 pedestrian_0015
Pedestrian 1.00 1.00 0 0 0 0 0 0 0 0 -1000.00 -1000.00 -1000.00 -1000.00 1.3390 0.3253 0.3315 41.8997 4.7275 -80.3117 2.7323 -0.0364 0.0008 376 pedestrian_0012
Pedestrian 1.00 1.00 0 0 0 0 0 0 0 0 -1000.00 -1000.00 -1000.00 -1000.00 1.9158 0.4880 0.4503 188.3815 3.5010 -41.7173 -2.2096 -0.0364 0.0008 377 pedestrian_0017
Pedestrian 1.00 1.00 0 0 0 0 0 0 0 0 -1000.00 -1000.00 -1000.00 -1000.00 1.9158 0.4880 0.3826 59.6221 5.7016 -101.5203 -1.4373 -0.0364 0.0008 378 pedestrian_0025
Pedestrian 1.00 1.00 0 0 0 0 0 0 0 0 -1000.00 -1000.00 -1000.00 -1000.00 1.1330 0.4333 0.6667 37.3220 3.3086 -40.5552 0.7078 -0.0364 0.0008 379 pedestrian_0009
Pedestrian 1.00 1.00 5 7 11 105 1 0 0 0 -1000.00 -1000.00 -1000.00 -1000.00 1.9158 0.4880 0.4059 -26.7347 3.5830 -48.7422 -1.7385 -0.0364 0.0008 380 pedestrian_0002
Pedestrian 1.00 1.00 0 0 0 0 0 0 0 0 -1000.00 -1000.00 -1000.00 -1000.00 1.3390 0.3253 0.3940 148.2402 15.7707 -379.3255 -2.7736 -0.0364 0.0008 381 pedestrian_0013
Pedestrian 1.00 1.00 0 0 0 0 0 0 0 0 -1000.00 -1000.00 -1000.00 -1000.00 1.3390 0.3253 0.2502 75.5912 5.2459 -93.8037 2.9191 -0.0364 0.0008 382 pedestrian_0012
Pedestrian 1.00 1.00 0 0 0 0 0 0 0 0 -1000.00 -1000.00 -1000.00 -1000.00 1.1330 0.4333 0.4955 113.9634 9.8338 -213.1712 -0.4052 -0.0364 0.0008 383 pedestrian_0010
Pedestrian 1.00 1.00 0 0 0 0 0 0 0 0 -1000.00 -1000.00 -1000.00 -1000.00 1.3390 0.3253 0.5005 41.5619 15.5049 -374.4674 2.7993 -0.0364 0.0008 384 pedestrian_0013
Pedestrian 1.00 1.00 0 0 0 0 0 0 0 0 -1000.00 -1000.00 -1000.00 -1000.00 1.9158 0.4880 0.6507 119.2056 13.0415 -305.8447 0.5424 -0.0364 0.0008 385 pedestrian_0015
Pedestrian 1.00 1.00 0 0 0 0 0 0 0 0 -1000.00 -1000.00 -1000.00 -1000.00 1.9158 0.4880 0.4526 121.1653 0.9987 28.1573 2.0121 -0.0364 0.0008 386 pedestrian_0018
Pedestrian 1.00 1.00 0 0 0 0 0 0 0 0 -1000.00 -1000.00 -1000.00 -1000.00 1.3390 0.3253 0.4820 102.5605 16.0796 -388.8368 -3.1143 -0.0364 0.0008 387 pedestrian_0013
Pedestrian 1.00 1.00 0 0 0 0 0 0 0 0 -1000.00 -1000.00 -1000.00 -1000.00 1.9158 0.4880 0.5680 205.0784 5.0991 -86.6367 2.9368 -0.0364 0.0008 388 pedestrian_0022
Pedestrian 1.00 1.00 0 0 0 0 0 0 0 0 -1000.00 -1000.00 -1000.00 -1000.00 1.9158 0.4880 0.7507 -128.9189 13.1067 -312.2937 -0.4418 -0.0364 0.0008 389 pedestrian_0003
Pedestrian 1.00 1.00 0 0 0 0 0 0 0 0 -1000.00 -1000.00 -1000.00 -1000.00 1.9158 0.4880 0.7507 125.9171 16.0110 -386.1887 0.1705 -0.0364 0.0008 390 pedestrian_0021
Pedestrian 1.00 1.00 0 0 0 0 0 0 0 0 -1000.00 -1000.00 -1000.00 -1000.00 1.9158 0.4880 0.7507 175.9485 15.1697 -361.9915 0.6880 -0.0364 0.0008 392 pedestrian_0005
Pedestrian 1.00 1.00 0 0 0 0 0 0 0 0 -1000.00 -1000.00 -1000.00 -1000.00 1.9158 0.4880 0.4774 243.0770 -8.2157 6.3806 2.2882 -0.0364 0.0008 393 pedestrian_0026
Pedestrian 1.00 1.00 0 0 0 0 0 0 0 0 -1000.00 -1000.00 -1000.00 -1000.00 1.9158 0.4880 0.7507 -15.9690 7.0574 -143.8173 2.8443 -0.0364 0.0008 394 pedestrian_0022
Pedestrian 1.00 1.00 0 0 0 11 0 0 0 0 -1000.00 -1000.00 -1000.00 -1000.00 1.1330 0.4333 0.6667 36.9655 -11.4260 91.0757 -0.3504 -0.0364 0.0008 395 pedestrian_0010
Pedestrian 1.00 1.00 0 0 0 0 0 0 0 0 -1000.00 -1000.00 -1000.00 -1000.00 1.9158 0.4880 0.7507 52.1371 5.8660 -105.7602 -0.4964 -0.0364 0.0008 396 pedestrian_0006
Pedestrian 1.00 1.00 0 0 0 0 0 0 0 0 -1000.00 -1000.00 -1000.00 -1000.00 1.3390 0.3253 0.4769 135.5756 6.0728 -115.1374 2.3695 -0.0364 0.0008 397 pedestrian_0012
Pedestrian 1.00 1.00 0 0 0 0 0 0 0 0 -1000.00 -1000.00 -1000.00 -1000.00 1.1330 0.4333 0.3652 74.2391 5.7930 -104.7386 0.1865 -0.0364 0.0008 398 pedestrian_0010
Pedestrian 1.00 1.00 0 0 0 0 0 0 0 0 -1000.00 -1000.00 -1000.00 -1000.00 1.9158 0.4880 0.7507 46.2407 8.7261 -188.1153 -0.2614 -0.0364 0.0008 399 pedestrian_0007
Pedestrian 1.00 1.00 0 0 0 0 0 0 0 0 -1000.00 -1000.00 -1000.00 -1000.00 1.9158 0.4880 0.6437 249.7459 -9.7453 48.6382 -0.6259 -0.0364 0.0008 400 pedestrian_0001
Pedestrian 1.00 1.00 0 0 0 0 0 0 0 0 -1000.00 -1000.00 -1000.00 -1000.00 1.9158 0.4880 0.7507 65.4448 8.9014 -192.5618 2.7843 -0.0364 0.0008 401 pedestrian_0016
Pedestrian 1.00 1.00 0 0 0 0 0 0 0 0 -1000.00 -1000.00 -1000.00 -1000.00 1.9158 0.4880 0.4164 -133.0685 13.0650 -311.2441 2.7960 -0.0364 0.0008 402 pedestrian_0021
Pedestrian 1.00 1.00 0 0 0 0 0 0 0 0 -1000.00 -1000.00 -1000.00 -1000.00 1.9158 0.4880 0.6351 168.8614 -1.2432 88.0495 -0.3559 -0.0364 0.0008 403 pedestrian_0006
Pedestrian 1.00 1.00 0 0 0 0 0 0 0 0 -1000.00 -1000.00 -1000.00 -1000.00 1.9158 0.4880 0.7507 74.6535 9.1029 -197.8150 -0.3942 -0.0364 0.0008 404 pedestrian_0023
Pedestrian 1.00 1.00 0 0 0 0 0 0 0 0 -1000.00 -1000.00 -1000.00 -1000.00 1.1330 0.4333 0.6027 129.4346 6.7767 -134.6442 2.9755 -0.0364 0.0008 405 pedestrian_0011
Pedestrian 1.00 1.00 0 0 0 0 0 0 0 0 -1000.00 -1000.00 -1000.00 -1000.00 1.9158 0.4880 0.5187 130.5648 6.0165 -113.4571 -0.2381 -0.0364 0.0008 406 pedestrian_0004
Pedestrian 1.00 1.00 0 0 0 0 0 0 0 0 -1000.00 -1000.00 -1000.00 -1000.00 1.9158 0.4880 0.4686 169.7522 7.1022 -142.3518 0.1317 -0.0364 0.0008 407 pedestrian_0026
Pedestrian 1.00 1.00 0 0 0 0 0 0 0 0 -1000.00 -1000.00 -1000.00 -1000.00 1.3390 0.3253 0.3542 204.5046 1.8148 7.4014 -1.9275 -0.0364 0.0008 408 pedestrian_0013
Pedestrian 1.00 1.00 0 0 0 0 0 0 0 0 -1000.00 -1000.00 -1000.00 -1000.00 1.1330 0.4333 0.5850 23.2912 8.5090 -178.8685 2.7315 -0.0364 0.0008 409 pedestrian_0010
Pedestrian 1.00 1.00 0 0 0 0 0 0 0 0 -1000.00 -1000.00 -1000.00 -1000.00 1.9158 0.4880 0.3933 108.6111 0.4421 43.7790 -1.0481 -0.0364 0.0008 410 pedestrian_0020
Pedestrian 1.00 1.00 0 0 0 0 0 0 0 0 -1000.00 -1000.00 -1000.00 -1000.00 1.9158 0.4880 0.7089 162.7158 10.5718 -232.5664 2.6647 -0.0364 0.0008 411 pedestrian_0025
Pedestrian 1.00 1.00 0 0 0 1 0 0 0 0 -1000.00 -1000.00 -1000.00 -1000.00 1.1330 0.4333 0.3654 -61.1920 6.8943 -136.4759 -0.6004 -0.0364 0.0008 412 pedestrian_0010
Pedestrian 1.00 1.00 0 0 0 4 0 0 0 0 -1000.00 -1000.00 -1000.00 -1000.00 1.9158 0.4880 0.4601 -52.2194 8.2989 -178.6138 1.4519 -0.0364 0.0008 413 pedestrian_0015
Pedestrian 1.00 1.00 0 0 0 0 0 0 0 0 -1000.00 -1000.00 -1000.00 -1000.00 1.1330 0.4333 0.6667 112.8452 -0.8277 75.0752 -1.9298 -0.0364 0.0008 414 pedestrian_0011
Pedestrian 0.00 0.01 217 258 410 3034 0 40 0 0 658.30 385.45 726.70 529.55 1.9158 0.4880 0.6197 -8.3987 2.1846 -5.7849 -0.2811 -0.0364 0.0008 415 pedestrian_0025
Pedestrian 0.00 1.00 0 0 0 0 0 0 0 0 865.30 336.61 869.79 343.07 1.1330 0.4333 0.6272 -101.5748 -3.0889 -18.9881 1.1745 -0.0364 0.0008 416 pedestrian_0009
Pedestrian 0.00 0.98 0 0 0 3 0 0 0 0 1271.22 287.97 1276.31 302.05 1.9158 0.4880 0.4468 -79.5377 -8.2435 42.2359 1.3381 -0.0364 0.0008 417 pedestrian_0026
Pedestrian 0.00 1.00 0 0 0 0 0 0 0 0 176.19 387.93 181.04 393.86 1.9158 0.4880 0.7507 -185.4551 11.2356 -262.1961 2.0392 -0.0364 0.0008 418 pedestrian_0019
Pedestrian 1.00 1.00 0 0 0 0 0 0 0 0 -1000.00 -1000.00 -1000.00 -1000.00 1.9158 0.4880 0.3983 123.5520 9.0275 -190.5287 0.9035 -0.0364 0.0008 419 pedestrian_0018
Pedestrian 1.00 1.00 0 0 0 0 0 0 0 0 -1000.00 -1000.00 -1000.00 -1000.00 1.9158 0.4880 0.6615 101.6695 16.0688 -388.3555 3.1009 -0.0364 0.0008 420 pedestrian_0026
Pedestrian 0.00 0.00 101 125 188 10321 0 26 19 0 1607.20 346.20 1700.80 473.84 1.9158 0.4880 0.7507 -9.3048 1.6772 8.1142 1.0924 -0.0364 0.0008 421 pedestrian_0005
Pedestrian 1.00 1.00 0 0 0 0 0 0 0 0 -1000.00 -1000.00 -1000.00 -1000.00 1.9158 0.4880 0.4093 119.5175 0.9916 28.2957 0.4347 -0.0364 0.0008 422 pedestrian_0021
Pedestrian 1.00 1.00 0 0 0 0 0 0 0 0 -1000.00 -1000.00 -1000.00 -1000.00 1.9158 0.4880 0.6693 196.0195 1.5715 15.6320 -0.5183 -0.0364 0.0008 423 pedestrian_0025
Pedestrian 1.00 1.00 0 0 0 0 0 0 0 0 -1000.00 -1000.00 -1000.00 -1000.00 1.9158 0.4880 0.4770 53.5049 0.2212 43.7623 2.8062 -0.0364 0.0008 424 pedestrian_0008
Pedestrian 1.00 1.00 6 7 9 48 0 0 0 1 -1000.00 -1000.00 -1000.00 -1000.00 1.9158 0.4880 0.4746 53.3481 2.8062 -25.6283 -0.3268 -0.0364 0.0008 425 pedestrian_0018
Pedestrian 1.00 1.00 0 0 0 0 0 0 0 0 -1000.00 -1000.00 -1000.00 -1000.00 1.9158 0.4880 0.7507 137.6342 10.0658 -222.9345 2.7388 -0.0364 0.0008 426 pedestrian_0020
Pedestrian 1.00 1.00 0 0 0 0 0 0 0 0 -1000.00 -1000.00 -1000.00 -1000.00 1.3390 0.3253 0.3086 -0.4224 10.2962 -228.3466 0.4039 -0.0364 0.0008 427 pedestrian_0012
Pedestrian 1.00 1.00 0 0 0 0 0 0 0 0 -1000.00 -1000.00 -1000.00 -1000.00 1.1330 0.4333 0.3778 187.1335 3.7407 -48.5613 -2.6276 -0.0364 0.0008 428 pedestrian_0011
Pedestrian 1.00 1.00 0 0 0 0 0 0 0 0 -1000.00 -1000.00 -1000.00 -1000.00 1.9158 0.4880 0.5700 -8.4871 12.1494 -279.6705 2.9083 -0.0364 0.0008 429 pedestrian_0006
Pedestrian 1.00 1.00 0 0 0 0 0 0 0 0 -1000.00 -1000.00 -1000.00 -1000.00 1.9158 0.4880 0.6322 106.4808 -0.2067 58.2139 -1.9251 -0.0364 0.0008 430 pedestrian_0021
Pedestrian 1.00 1.00 0 0 0 0 0 0 0 0 -1000.00 -1000.00 -1000.00 -1000.00 1.9158 0.4880 0.7507 166.0779 11.4343 -260.7648 1.1536 -0.0364 0.0008 431 pedestrian_0026
Pedestrian 0.00 1.00 0 0 0 0 0 0 0 0 1305.26 285.05 1311.64 299.54 1.9158 0.4880 0.6060 -77.9353 -8.4319 46.1395 -1.9271 -0.0364 0.0008 432 pedestrian_0026
Pedestrian 1.00 1.00 0 0 0 0 0 0 0 0 -1000.00 -1000.00 -1000.00 -1000.00 1.9158 0.4880 0.4903 132.4252 6.8920 -135.9581 -0.3666 -0.0364 0.0008 433 pedestrian_0002
Pedestrian 1.00 1.00 0 0 0 0 0 0 0 0 -1000.00 -1000.00 -1000.00 -1000.00 1.9158 0.4880 0.7507 87.1597 6.0699 -115.9230 2.7846 -0.0364 0.0008 434 pedestrian_0001
Pedestrian 1.00 1.00 0 0 0 0 0 0 0 0 -1000.00 -1000.00 -1000.00 -1000.00 1.9158 0.4880 0.7507 183.7169 -10.7680 75.1075 -0.3422 -0.0364 0.0008 435 pedestrian_0022
Pedestrian 1.00 1.00 0 3 4 6 0 0 0 0 -1000.00 -1000.00 -1000.00 -1000.00 1.9158 0.4880 0.4942 118.0123 3.6623 -47.6610 -0.2694 -0.0364 0.0008 436 pedestrian_0005
Pedestrian 1.00 1.00 0 0 0 0 0 0 0 0 -1000.00 -1000.00 -1000.00 -1000.00 1.3390 0.3253 0.5005 -12.9471 11.7169 -272.0995 1.0811 -0.0364 0.0008 437 pedestrian_0013
Pedestrian 1.00 1.00 0 0 0 0 0 0 0 0 -1000.00 -1000.00 -1000.00 -1000.00 1.1330 0.4333 0.6667 217.8452 12.6234 -291.5267 1.2260 -0.0364 0.0008 438 pedestrian_0011
Pedestrian 1.00 1.00 0 0 0 0 0 0 0 0 -1000.00 -1000.00 -1000.00 -1000.00 1.9158 0.4880 0.7507 -43.7747 8.5901 -186.3922 -1.3666 -0.0364 0.0008 439 pedestrian_0006
Pedestrian 0.00 1.00 0 0 0 0 0 0 0 0 1084.50 320.74 1087.05 326.96 1.3390 0.3253 0.4749 -124.1066 -7.3569 25.7141 1.2521 -0.0364 0.0008 440 pedestrian_0014
Pedestrian 1.00 1.00 0 0 0 0 0 0 0 0 -1000.00 -1000.00 -1000.00 -1000.00 1.9158 0.4880 0.4790 29.2877 8.5817 -180.4229 -0.4656 -0.0364 0.0008 441 pedestrian_0025
Pedestrian 1.00 1.00 0 0 0 0 0 0 0 0 -1000.00 -1000.00 -1000.00 -1000.00 1.9158 0.4880 0.4833 -129.5533 13.0655 -311.2262 -0.2684 -0.0364 0.0008 442 pedestrian_0003
Pedestrian 1.00 1.00 0 0 0 0 0 0 0 0 -1000.00 -1000.00 -1000.00 -1000.00 1.9158 0.4880 0.7507 40.0385 6.4157 -124.9537 -2.0445 -0.0364 0.0008 443 pedestrian_0024
Pedestrian 1.00 1.00 3 0 0 11 0 0 0 0 -1000.00 -1000.00 -1000.00 -1000.00 1.9158 0.4880 0.4053 95.9215 3.4364 -37.7776 0.0830 -0.0364 0.0008 444 pedestrian_0007
Pedestrian 1.00 1.00 0 0 0 0 0 0 0 0 -1000.00 -1000.00 -1000.00 -1000.00 1.9158 0.4880 0.4040 17.0464 8.4600 -181.4998 -1.9039 -0.0364 0.0008 445 pedestrian_0023
Pedestrian 1.00 1.00 0 0 0 0 0 0 0 0 -1000.00 -1000.00 -1000.00 -1000.00 1.9158 0.4880 0.6130 -113.9879 13.3451 -318.4974 -0.3056 -0.0364 0.0008 446 pedestrian_0026
Pedestrian 1.00 1.00 0 0 0 0 0 0 0 0 -1000.00 -1000.00 -1000.00 -1000.00 1.1330 0.4333 0.6304 78.1056 -10.8814 75.5948 2.7799 -0.0364 0.0008 447 pedestrian_0009
Pedestrian 1.00 1.00 0 0 0 0 0 0 0 0 -1000.00 -1000.00 -1000.00 -1000.00 1.9158 0.4880 0.4310 262.7444 -5.6960 -62.5959 -1.6970 -0.0364 0.0008 448 pedestrian_0015
Pedestrian 1.00 1.00 0 0 0 0 0 0 0 0 -1000.00 -1000.00 -1000.00 -1000.00 1.9158 0.4880 0.3908 119.3717 0.3564 43.1779 2.2129 -0.0364 0.0008 449 pedestrian_0017
Pedestrian 1.00 1.00 2 3 7 21 1 0 0 0 -1000.00 -1000.00 -1000.00 -1000.00 1.9158 0.4880 0.6716 -21.2057 4.9421 -85.8950 -1.9454 -0.0364 0.0008 450 pedestrian_0023
Pedestrian 1.00 1.00 0 0 0 1 0 0 0 0 -1000.00 -1000.00 -1000.00 -1000.00 1.9158 0.4880 0.4238 -36.4918 4.4113 -72.1309 1.3968 -0.0364 0.0008 451 pedestrian_0001
Pedestrian 1.00 1.00 0 0 0 0 0 0 0 0 -1000.00 -1000.00 -1000.00 -1000.00 1.9158 0.4880 0.5758 8.7855 11.4063 -263.0113 1.0989 -0.0364 0.0008 452 pedestrian_0017
Pedestrian 1.00 1.00 0 0 0 0 0 0 0 0 -1000.00 -1000.00 -1000.00 -1000.00 1.1330 0.4333 0.3865 41.9167 12.6672 -297.6290 2.1790 -0.0364 0.0008 453 pedestrian_0011
Pedestrian 1.00 1.00 0 0 0 0 0 0 0 0 -1000.00 -1000.00 -1000.00 -1000.00 1.9158 0.4880 0.4161 236.5817 10.8197 -241.3304 1.1941 -0.0364 0.0008 454 pedestrian_0018
Pedestrian 1.00 1.00 94 103 149 1059 0 0 0 17 -1000.00 -1000.00 -1000.00 -1000.00 1.9158 0.4880 0.4166 12.3764 2.2746 -7.7877 -1.7787 -0.0364 0.0008 455 pedestrian_0021
Pedestrian 1.00 1.00 0 0 0 0 0 0 0 0 -1000.00 -1000.00 -1000.00 -1000.00 1.9158 0.4880 0.4932 90.6082 1.3127 16.1298 -1.9446 -0.0364 0.0008 456 pedestrian_0007
Pedestrian 1.00 1.00 0 0 0 0 0 0 0 0 -1000.00 -1000.00 -1000.00 -1000.00 1.9158 0.4880 0.7383 139.3215 6.0518 -112.7306 1.0616 -0.0364 0.0008 457 pedestrian_0021
Pedestrian 1.00 1.00 0 0 0 0 0 0 0 0 -1000.00 -1000.00 -1000.00 -1000.00 1.9158 0.4880 0.7507 152.0551 -9.8349 48.8587 -0.3535 -0.0364 0.0008 458 pedestrian_0019
Pedestrian 0.00 1.00 0 0 0 0 0 0 0 0 768.02 368.43 770.85 372.63 1.1330 0.4333 0.5515 -154.1226 3.4745 -54.8534 1.1851 -0.0364 0.0008 459 pedestrian_0009
Pedestrian 0.00 1.00 0 0 0 0 0 0 0 0 641.07 371.03 644.25 377.38 1.9158 0.4880 0.6580 -171.1743 5.3180 -99.6174 -1.9704 -0.0364 0.0008 460 pedestrian_0004
Pedestrian 1.00 1.00 0 1 0 2 0 0 0 0 -1000.00 -1000.00 -1000.00 -1000.00 1.3390 0.3253 0.2797 -36.1895 4.5007 -74.3414 1.2846 -0.0364 0.0008 461 pedestrian_0012
Pedestrian 1.00 1.00 0 0 0 0 0 0 0 0 -1000.00 -1000.00 -1000.00 -1000.00 1.9158 0.4880 0.4221 82.3820 8.4876 -180.8301 -0.6261 -0.0364 0.0008 462 pedestrian_0006
Pedestrian 1.00 1.00 0 0 0 0 0 0 0 0 -1000.00 -1000.00 -1000.00 -1000.00 1.1330 0.4333 0.6667 135.0403 3.9422 -55.2609 -0.3460 -0.0364 0.0008 463 pedestrian_0009
Pedestrian 1.00 1.00 0 0 0 0 0 0 0 0 -1000.00 -1000.00 -1000.00 -1000.00 1.3390 0.3253 0.5005 179.5514 4.7520 -76.4775 -0.0829 -0.0364 0.0008 464 pedestrian_0014
Pedestrian 1.00 1.00 0 0 0 0 0 0 0 0 -1000.00 -1000.00 -1000.00 -1000.00 1.1330 0.4333 0.6667 112.8236 10.6179 -238.8881 -2.1595 -0.0364 0.0008 465 pedestrian_0010
Pedestrian 1.00 1.00 20 28 48 272 0 0 0 3 -1000.00 -1000.00 -1000.00 -1000.00 1.9158 0.4880 0.7154 25.3749 2.4352 -16.0827 -0.2672 -0.0364 0.0008 466 pedestrian_0017
Pedestrian 0.00 1.00 0 0 0 0 0 0 0 0 45.42 392.56 53.29 405.53 1.9158 0.4880 0.5012 -84.7075 6.8503 -139.6763 2.7742 -0.0364 0.0008 467 pedestrian_0004
Pedestrian 1.00 1.00 0 0 0 0 0 0 0 0 -1000.00 -1000.00 -1000.00 -1000.00 1.9158 0.4880 0.5951 12.2150 7.3175 -150.4260 -0.6897 -0.0364 0.0008 468 pedestrian_0021
Pedestrian 1.00 1.00 0 0 0 0 0 0 0 0 -1000.00 -1000.00 -1000.00 -1000.00 1.3390 0.3253 0.3848 178.2698 4.6453 -73.4954 -1.9623 -0.0364 0.0008 469 pedestrian_0013
Pedestrian 1.00 1.00 0 0 0 0 0 0 0 0 -1000.00 -1000.00 -1000.00 -1000.00 1.9158 0.4880 0.4548 29.0351 3.0144 -32.1693 -1.5020 -0.0364 0.0008 470 pedestrian_0001
Pedestrian 1.00 1.00 2 3 6 15 0 0 0 0 -1000.00 -1000.00 -1000.00 -1000.00 1.9158 0.4880 0.7507 -28.0214 5.5808 -103.5741 -1.9461 -0.0364 0.0008 471 pedestrian_0015
Pedestrian 0.00 1.00 0 0 0 0 0 0 0 0 563.30 373.87 566.61 379.80 1.9158 0.4880 0.7507 -183.4447 6.4968 -132.2161 1.2324 -0.0364 0.0008 472 pedestrian_0024
Pedestrian 1.00 1.00 0 0 0 0 0 0 0 0 -1000.00 -1000.00 -1000.00 -1000.00 1.3390 0.3253 0.3302 134.5927 6.9977 -134.8246 2.6319 -0.0364 0.0008 473 pedestrian_0013
Pedestrian 1.00 1.00 0 0 0 0 0 0 0 0 -1000.00 -1000.00 -1000.00 -1000.00 1.9158 0.4880 0.6817 129.3646 15.9848 -385.4045 0.1752 -0.0364 0.0008 474 pedestrian_0018
Pedestrian 1.00 1.00 0 0 0 0 0 0 0 0 -1000.00 -1000.00 -1000.00 -1000.00 1.3390 0.3253 0.4943 143.3096 13.0029 -304.4699 -2.1927 -0.0364 0.0008 475 pedestrian_0012
Pedestrian 1.00 1.00 0 0 0 0 0 0 0 0 -1000.00 -1000.00 -1000.00 -1000.00 1.9158 0.4880 0.6510 42.8265 6.1232 -116.8972 -1.8793 -0.0364 0.0008 476 pedestrian_0026
Pedestrian 1.00 1.00 0 0 0 0 0 0 0 0 -1000.00 -1000.00 -1000.00 -1000.00 1.9158 0.4880 0.5221 169.2056 15.3295 -366.5585 -2.4382 -0.0364 0.0008 477 pedestrian_0016
Pedestrian 1.00 1.00 0 0 0 0 0 0 0 0 -1000.00 -1000.00 -1000.00 -1000.00 1.9158 0.4880 0.3984 -63.0112 6.8690 -135.5154 1.7648 -0.0364 0.0008 478 pedestrian_0006
Pedestrian 1.00 1.00 0 0 0 0 0 0 0 0 -1000.00 -1000.00 -1000.00 -1000.00 1.9158 0.4880 0.5841 53.7427 15.7120 -379.6340 2.7982 -0.0364 0.0008 479 pedestrian_0001
Pedestrian 1.00 1.00 0 0 0 0 0 0 0 0 -1000.00 -1000.00 -1000.00 -1000.00 1.9158 0.4880 0.7507 87.1605 1.7081 5.2516 -1.9916 -0.0364 0.0008 480 pedestrian_0021
Car 1.00 1.00 0 0 0 0 0 0 0 0 -1000.00 -1000.00 -1000.00 -1000.00 1.6980 1.9434 4.1871 128.7855 5.6304 -100.4446 -0.3522 -0.0364 0.0008 481 citroen_c3
Car 1.00 1.00 0 0 0 0 0 0 0 0 -1000.00 -1000.00 -1000.00 -1000.00 1.9718 2.0005 4.0595 118.6906 5.4224 -95.9165 -0.3522 -0.0364 0.0008 482 jeep_wrangler_rubicon
Car 1.00 1.00 0 0 0 0 0 0 0 0 -1000.00 -1000.00 -1000.00 -1000.00 1.9718 2.0005 4.0595 138.9646 4.5675 -71.0467 2.7894 -0.0364 0.0008 483 jeep_wrangler_rubicon
Car 1.00 1.00 0 0 0 0 0 0 0 0 -1000.00 -1000.00 -1000.00 -1000.00 1.9718 2.0005 4.0595 117.6759 5.5222 -98.6753 -0.3522 -0.0364 0.0008 484 jeep_wrangler_rubicon
Car 1.00 1.00 0 0 0 0 0 0 0 0 -1000.00 -1000.00 -1000.00 -1000.00 1.9718 2.0005 4.0595 78.5126 8.0378 -167.4026 1.2186 -0.0364 0.0008 485 nissan_patrol
Car 1.00 1.00 0 0 0 0 0 0 0 0 -1000.00 -1000.00 -1000.00 -1000.00 1.5488 2.0688 3.9961 81.2250 8.1044 -168.4052 -1.9230 -0.0364 0.0008 486 nissan_patrol
Car 1.00 1.00 0 0 0 0 0 0 0 0 -1000.00 -1000.00 -1000.00 -1000.00 1.4855 2.1349 -5.6254 64.8651 7.5841 -155.5436 -1.9230 -0.0364 0.0008 487 nissan_patrol
Car 1.00 1.00 0 0 0 0 0 0 0 0 -1000.00 -1000.00 -1000.00 -1000.00 1.6244 1.8781 -3.8906 80.7273 7.7956 -161.3720 1.2186 -0.0364 0.0008 488 nissan_patrol
Car 1.00 1.00 0 0 0 0 0 0 0 0 -1000.00 -1000.00 -1000.00 -1000.00 1.7506 2.3538 -4.8416 65.6190 6.9838 -137.2242 1.2186 -0.0364 0.0008 489 nissan_patrol
Car 1.00 1.00 0 0 0 0 0 0 0 0 -1000.00 -1000.00 -1000.00 -1000.00 1.9718 2.0005 -4.0595 79.0258 7.1193 -142.1959 -1.9230 -0.0364 0.0008 490 nissan_patrol
Car 1.00 1.00 0 0 0 0 0 0 0 0 -1000.00 -1000.00 -1000.00 -1000.00 1.9476 2.0282 4.8347 57.3917 7.7211 -159.6006 -1.9230 -0.0364 0.0008 491 nissan_patrol
Car 1.00 1.00 0 0 0 0 0 0 0 0 -1000.00 -1000.00 -1000.00 -1000.00 1.9718 2.0005 4.0595 60.0883 7.7766 -160.6522 -1.9230 -0.0364 0.0008 492 nissan_patrol
Car 1.00 1.00 0 0 0 0 0 0 0 0 -1000.00 -1000.00 -1000.00 -1000.00 1.6244 1.8781 3.8906 66.1135 7.1601 -144.2669 1.2186 -0.0364 0.0008 493 nissan_patrol
Car 1.00 1.00 0 0 0 0 0 0 0 0 -1000.00 -1000.00 -1000.00 -1000.00 1.5488 2.0688 3.9961 68.6706 7.2483 -145.2015 -1.9230 -0.0364 0.0008 494 nissan_patrol
Car 1.00 1.00 0 0 0 0 0 0 0 0 -1000.00 -1000.00 -1000.00 -1000.00 2.1397 2.1728 4.7017 76.8260 7.3223 -148.1840 -1.9230 -0.0364 0.0008 495 nissan_patrol
Car 1.00 1.00 0 0 0 0 0 0 0 0 -1000.00 -1000.00 -1000.00 -1000.00 1.9476 2.0282 4.8347 84.5556 7.4287 -150.9683 -1.9230 -0.0364 0.0008 496 nissan_patrol
Car 1.00 1.00 0 0 0 0 0 0 0 0 -1000.00 -1000.00 -1000.00 -1000.00 1.5100 1.8730 4.1000 87.2508 7.4611 -152.0223 -1.9230 -0.0364 0.0008 497 nissan_patrol
Car 1.00 1.00 0 0 0 0 0 0 0 0 -1000.00 -1000.00 -1000.00 -1000.00 1.5488 2.0688 3.9961 79.3079 6.8135 -133.0361 1.2186 -0.0364 0.0008 498 nissan_patrol
Car 1.00 1.00 0 0 0 0 0 0 0 0 -1000.00 -1000.00 -1000.00 -1000.00 1.5100 1.8730 4.1000 82.0239 6.8013 -134.0390 1.2186 -0.0364 0.0008 499 nissan_patrol
Car 1.00 1.00 0 0 0 0 0 0 0 0 -1000.00 -1000.00 -1000.00 -1000.00 1.9476 2.0282 4.8347 84.5591 6.8439 -134.9273 -1.9230 -0.0364 0.0008 500 nissan_patrol
Car 1.00 1.00 0 0 0 0 0 0 0 0 -1000.00 -1000.00 -1000.00 -1000.00 2.1397 2.1728 -4.7017 70.8095 6.4037 -123.1215 -1.9230 -0.0364 0.0008 501 nissan_patrol
Car 1.00 1.00 0 0 0 0 0 0 0 0 -1000.00 -1000.00 -1000.00 -1000.00 1.9476 2.0282 -4.8347 73.5500 6.4385 -124.0535 1.2186 -0.0364 0.0008 502 nissan_patrol
Car 1.00 1.00 0 0 0 0 0 0 0 0 -1000.00 -1000.00 -1000.00 -1000.00 1.6244 1.8781 -3.8906 89.4646 6.6581 -129.9702 -1.9230 -0.0364 0.0008 503 nissan_patrol
Car 1.00 1.00 0 0 0 0 0 0 0 0 -1000.00 -1000.00 -1000.00 -1000.00 1.7506 2.3538 -4.8416 91.9333 6.7749 -130.9021 -1.9230 -0.0364 0.0008 504 nissan_patrol
Car 1.00 1.00 0 0 0 0 0 0 0 0 -1000.00 -1000.00 -1000.00 -1000.00 1.9476 2.0282 4.8347 130.9582 5.4440 -96.4807 2.7894 -0.0364 0.0008 505 nissan_patrol
Car 1.00 1.00 0 0 0 0 0 0 0 0 -1000.00 -1000.00 -1000.00 -1000.00 1.5475 1.9070 4.4025 137.6223 4.6344 -73.5268 2.7894 -0.0364 0.0008 506 seat_leon
Car 1.00 1.00 0 0 0 0 0 0 0 0 -1000.00 -1000.00 -1000.00 -1000.00 2.5908 2.7453 5.4640 134.1393 5.1833 -87.6584 2.7894 -0.0364 0.0008 507 carlamotors_carlacola
Car 1.00 1.00 0 0 0 0 0 0 0 0 -1000.00 -1000.00 -1000.00 -1000.00 2.5908 2.7453 5.4640 172.3551 2.4786 -12.0168 -0.3522 -0.0364 0.0008 508 carlamotors_carlacola
Car 1.00 1.00 0 0 0 0 0 0 0 0 -1000.00 -1000.00 -1000.00 -1000.00 2.5908 2.7453 5.4640 173.5586 2.3603 -8.7445 -0.3522 -0.0364 0.0008 509 carlamotors_carlacola
Car 1.00 1.00 0 0 0 0 0 0 0 0 -1000.00 -1000.00 -1000.00 -1000.00 2.5908 2.7453 5.4640 145.2854 2.0355 -3.8218 -1.9230 -0.0364 0.0008 510 carlamotors_carlacola
Car 1.00 1.00 0 0 0 0 0 0 0 0 -1000.00 -1000.00 -1000.00 -1000.00 2.5908 2.7453 5.4640 132.6522 5.3295 -91.7020 2.7894 -0.0364 0.0008 511 carlamotors_carlacola
Car 1.00 1.00 5 9 14 1234 0 0 0 2 -1000.00 -1000.00 -1000.00 -1000.00 2.2031 2.5091 6.5872 38.9510 2.9179 -27.3472 2.2658 -0.0364 0.0008 512 tesla_cybertruck