Car 0.00 1.00 0 0 0 0 0 0 0 0 1111.49 325.03 1137.99 333.46 1.5542 2.3421 5.1370 -115.0260 -5.5336 31.6419 -1.8929 0.0139 -0.0048 0 lincoln2020_mkz2020
Car 1.00 1.00 6756 237254 380477 0 0 0 0 0 -1000.00 -1000.00 -1000.00 -1000.00 2.1397 2.1728 4.7045 -0.0005 2.0932 -2.2389 1.5708 0.0000 0.0000 1 volkswagen_t2
Motorcycle 1.00 1.00 0 0 0 0 0 0 0 0 -1000.00 -1000.00 -1000.00 -1000.00 1.6960 1.0692 2.4735 279.1562 -9.6033 -28.9709 -1.4408 0.0011 0.0607 2 harley_davidson_low_rider
Motorcycle 1.00 1.00 0 0 0 0 0 0 0 0 -1000.00 -1000.00 -1000.00 -1000.00 1.6960 1.0692 2.4735 246.1599 -0.2230 -197.6549 1.2386 -0.1028 -0.0065 3 harley_davidson_low_rider
Car 1.00 1.00 0 0 0 0 0 0 0 0 -1000.00 -1000.00 -1000.00 -1000.00 1.6320 2.1403 5.2230 87.9591 1.5489 -2.3494 -1.9080 -0.0069 -0.0062 4 dodge_charger_police
Car 1.00 1.00 0 0 0 0 0 0 0 0 -1000.00 -1000.00 -1000.00 -1000.00 1.5542 2.3421 5.1370 30.2085 -8.3105 110.5158 -0.2848 -0.0076 -0.0149 5 lincoln2020_mkz2020
Car 0.00 1.00 0 0 0 0 0 0 0 0 358.55 366.90 378.03 371.74 1.4546 2.0938 4.3903 -175.6638 3.6587 -188.6595 1.4120 -0.0020 -0.0074 6 audi_tt
Car 1.00 1.00 0 0 0 0 0 0 0 0 -1000.00 -1000.00 -1000.00 -1000.00 1.4477 1.5550 2.3177 90.3687 1.7232 -100.2260 2.8187 -0.0083 -0.0062 7 bmw_isetta
Car 0.00 1.00 0 0 0 0 0 0 0 0 499.52 366.00 522.36 372.88 1.7173 2.2591 5.2781 -144.8421 3.2963 -118.7477 1.2057 -0.0084 -0.0065 8 mercedes_benz_coupe
Car 0.00 0.79 13 19 35 96 0 11 0 0 988.71 368.15 1045.42 383.39 1.4812 2.1349 5.6254 -59.9798 2.3899 3.8235 1.1920 -0.0026 -0.0062 9 chevrolet_impala
Car 1.00 1.00 0 0 0 0 0 0 0 0 -1000.00 -1000.00 -1000.00 -1000.00 1.6115 2.2019 5.2564 111.1087 1.2434 44.5466 0.8957 -0.0003 -0.0045 10 charger2020_charger2020
Car 1.00 1.00 14 12 23 84 0 0 0 1 -1000.00 -1000.00 -1000.00 -1000.00 2.2031 2.5091 6.5872 114.9193 1.4468 -26.8841 2.8140 -0.0026 -0.0062 11 tesla_cybertruck
Car 1.00 1.00 0 4 5 24 1 0 0 0 -1000.00 -1000.00 -1000.00 -1000.00 1.5140 2.1024 4.9073 -52.5020 2.8268 -165.4497 1.2924 -0.0025 -0.0062 12 mercedesccc_mercedesccc
Car 1.00 1.00 0 0 0 0 0 0 0 0 -1000.00 -1000.00 -1000.00 -1000.00 1.6980 1.9434 4.1871 173.4979 1.0940 -33.7234 -1.9101 -0.0026 -0.0062 13 citroen_c3
Car 1.00 1.00 0 0 0 0 0 0 0 0 -1000.00 -1000.00 -1000.00 -1000.00 1.4812 2.1349 5.6254 62.5485 1.8889 -75.5444 -1.9045 -0.0026 -0.0062 14 chevrolet_impala
Car 1.00 1.00 0 0 0 0 0 0 0 0 -1000.00 -1000.00 -1000.00 -1000.00 1.6320 2.1403 5.2230 175.4043 1.0721 -28.0650 -1.9531 -0.0069 -0.0062 15 dodge_charger_police
Car 1.00 1.00 0 0 0 0 0 0 0 0 -1000.00 -1000.00 -1000.00 -1000.00 1.5863 2.2347 5.1468 161.9306 1.3230 -97.9924 1.2321 -0.0019 -0.0062 16 lincoln_mkz2017
Car 1.00 1.00 0 0 1 5 0 0 0 0 -1000.00 -1000.00 -1000.00 -1000.00 1.7318 2.1344 5.0985 48.0626 -8.4371 100.3953 -0.3648 -0.0052 -0.0063 17 audi_etron
Car 1.00 1.00 0 0 0 0 0 0 0 0 -1000.00 -1000.00 -1000.00 -1000.00 1.7506 2.3538 4.8416 155.2365 1.3931 -117.0135 1.2335 0.0103 -0.0071 18 bmw_grandtourer
Car 1.00 1.00 20 20 34 134 0 0 0 3 -1000.00 -1000.00 -1000.00 -1000.00 1.5765 1.9374 3.8150 68.4298 1.6945 -22.1792 -0.3306 -0.0026 -0.0062 19 nissan_micra
Motorcycle 1.00 1.00 0 0 0 0 0 0 0 0 -1000.00 -1000.00 -1000.00 -1000.00 1.6960 1.0692 2.4735 183.2779 1.2062 -130.3298 0.3235 0.0021 -0.0317 20 harley_davidson_low_rider
Car 1.00 1.00 0 0 0 0 0 0 0 0 -1000.00 -1000.00 -1000.00 -1000.00 1.5765 1.9374 3.8150 143.9742 1.5534 -149.0892 1.2453 -0.0053 -0.0062 21 nissan_micra
Car 1.00 1.00 0 0 0 0 0 0 0 0 -1000.00 -1000.00 -1000.00 -1000.00 1.7203 2.2019 5.4994 45.3463 1.5859 60.4862 2.8305 -0.0026 -0.0056 22 chargercop2020_chargercop2020
Car 1.00 1.00 18 13 23 152 17 0 0 0 -1000.00 -1000.00 -1000.00 -1000.00 1.5475 1.9070 4.4025 -3.3661 2.2257 -71.7047 2.7922 -0.0025 -0.0062 23 seat_leon
Car 1.00 1.00 0 0 0 0 0 0 0 0 -1000.00 -1000.00 -1000.00 -1000.00 1.3660 1.9896 4.9534 188.4292 -9.2584 62.9105 2.8327 -0.0027 -0.0061 24 mustang_mustang
Cyclist 1.00 1.00 0 0 0 2 0 0 0 0 -1000.00 -1000.00 -1000.00 -1000.00 1.9709 0.6705 1.7250 -60.1911 2.7941 -138.8798 -0.2843 0.0024 -0.0062 25 diamondback_century
Cyclist 1.00 1.00 0 0 0 1 0 0 0 0 -1000.00 -1000.00 -1000.00 -1000.00 1.7065 0.8593 1.4873 -53.6106 2.7204 -137.9589 -1.9633 -0.0026 -0.0062 26 bh_crossbike
Car 1.00 1.00 0 0 0 0 0 0 0 0 -1000.00 -1000.00 -1000.00 -1000.00 2.1397 2.1728 4.7045 -38.6684 2.8778 -212.1954 2.4874 -0.0079 -0.0309 27 volkswagen_t2
Car 1.00 1.00 0 0 0 0 0 0 0 0 -1000.00 -1000.00 -1000.00 -1000.00 1.9718 2.0005 4.0595 -115.0062 3.3676 -237.7994 -1.0610 -0.0029 -0.0065 28 jeep_wrangler_rubicon
Car 1.00 1.00 46 45 75 746 0 0 9 0 -1000.00 -1000.00 -1000.00 -1000.00 1.5627 2.2716 5.0314 19.0313 1.8389 47.8358 1.2668 -0.0025 -0.0062 29 tesla_model3
Car 1.00 1.00 0 0 0 0 0 0 0 0 -1000.00 -1000.00 -1000.00 -1000.00 1.4546 2.0938 4.3903 115.9159 1.7766 -188.9830 -2.2549 -0.0025 -0.1100 30 audi_tt
Car 1.00 1.00 0 0 0 0 0 0 0 0 -1000.00 -1000.00 -1000.00 -1000.00 1.5488 2.0688 3.9961 55.2229 1.5297 57.0587 2.8054 -0.0026 -0.0062 31 mini_cooperst
Car 1.00 1.00 0 0 0 0 0 0 0 0 -1000.00 -1000.00 -1000.00 -1000.00 1.6011 2.1072 4.7392 45.4974 1.9872 -96.4625 -0.4093 -0.0033 -0.0061 32 toyota_prius
Car 1.00 1.00 0 0 0 0 0 0 0 0 -1000.00 -1000.00 -1000.00 -1000.00 2.1397 2.1728 4.7045 2.9738 2.6796 -236.6704 -0.2491 -0.0027 -0.0062 33 volkswagen_t2
Car 1.00 1.00 0 0 0 0 0 0 0 0 -1000.00 -1000.00 -1000.00 -1000.00 1.6011 2.1072 4.7392 241.5894 -0.4391 -193.6528 1.3600 -0.1145 -0.0210 34 toyota_prius
Car 1.00 1.00 195 215 334 1267 0 0 0 68 -1000.00 -1000.00 -1000.00 -1000.00 1.3660 1.9896 4.9534 28.2895 1.8919 2.5546 2.8152 -0.0026 -0.0062 35 mustang_mustang
Car 1.00 1.00 125 139 230 2023 0 0 22 0 -1000.00 -1000.00 -1000.00 -1000.00 1.6011 2.1072 4.7392 8.7699 1.9483 28.5612 -1.9107 -0.0026 -0.0062 36 toyota_prius
Car 1.00 1.00 0 0 0 0 0 0 0 0 -1000.00 -1000.00 -1000.00 -1000.00 1.7506 2.3538 4.8416 64.4022 1.8932 -97.9599 -2.9672 -0.0026 -0.0059 37 bmw_grandtourer
Car 1.00 1.00 0 0 0 0 0 0 0 0 -1000.00 -1000.00 -1000.00 -1000.00 2.2031 2.5091 6.5872 150.7854 1.4353 -108.8922 -1.9143 -0.0025 -0.0062 38 tesla_cybertruck
Motorcycle 0.00 0.01 128 146 236 3975 0 29 6 0 1362.00 381.00 1412.93 437.00 1.6387 1.2138 2.3199 -16.8260 2.1646 9.8709 -0.2933 -0.0027 -0.0062 39 yamaha_yzf
Car 1.00 1.00 0 11 17 64 1 0 0 0 -1000.00 -1000.00 -1000.00 -1000.00 1.9476 2.0282 4.8347 -29.5370 2.6139 -142.3403 2.7982 -0.0029 -0.0062 40 nissan_patrol
Car 1.00 1.00 0 0 0 0 0 0 0 0 -1000.00 -1000.00 -1000.00 -1000.00 1.6115 2.2019 5.2564 71.0162 1.8425 -97.5458 2.8953 0.0054 -0.0054 41 charger2020_charger2020
Car 1.00 1.00 0 3 5 25 0 0 0 0 -1000.00 -1000.00 -1000.00 -1000.00 1.6115 2.2019 5.2564 218.3491 0.8174 -56.1873 -2.0426 0.0030 -0.0027 42 charger2020_charger2020
Motorcycle 1.00 1.00 5 7 14 51 0 0 0 2 -1000.00 -1000.00 -1000.00 -1000.00 1.6649 1.0692 2.4735 68.0030 1.6888 -18.5158 -0.3229 0.0004 -0.0062 43 harley_davidson_low_rider
Car 1.00 1.00 0 0 0 0 0 0 0 0 -1000.00 -1000.00 -1000.00 -1000.00 1.5542 2.3421 5.1370 137.7146 1.7522 -206.9647 2.7653 -0.0026 -0.0062 44 lincoln2020_mkz2020
Motorcycle 1.00 1.00 115 142 212 899 0 0 0 24 -1000.00 -1000.00 -1000.00 -1000.00 1.6960 1.0692 2.4735 23.0849 1.9094 4.2932 2.8124 0.0003 -0.0061 45 harley_davidson_low_rider
Cyclist 1.00 1.00 1 0 3 4 0 0 0 0 -1000.00 -1000.00 -1000.00 -1000.00 1.9310 0.5921 1.9272 106.9965 1.4610 -27.8133 2.7980 -0.0066 -0.0062 46 gazelle_omafiets
Car 1.00 1.00 900 1015 1597 23838 0 0 188 0 -1000.00 -1000.00 -1000.00 -1000.00 1.7318 2.1344 5.0985 6.2848 2.0250 10.5479 1.2332 -0.0042 -0.0061 47 audi_etron
Car 1.00 1.00 0 0 0 0 0 0 0 0 -1000.00 -1000.00 -1000.00 -1000.00 1.9476 2.0282 4.8347 97.6682 1.3490 32.4447 -0.9321 0.0165 0.0026 48 nissan_patrol
Car 0.00 0.96 61 66 106 512 0 22 0 0 1021.39 366.13 1082.01 385.16 1.7203 2.2019 5.4994 -54.9378 2.3473 6.6804 1.2207 -0.0026 -0.0055 49 chargercop2020_chargercop2020
Car 1.00 1.00 0 0 0 0 0 0 0 0 -1000.00 -1000.00 -1000.00 -1000.00 1.6244 1.8781 3.8906 16.9810 2.5862 -240.2381 -3.0672 -0.0031 -0.0074 50 audi_a2
Car 1.00 1.00 0 0 0 0 0 0 0 0 -1000.00 -1000.00 -1000.00 -1000.00 1.5863 2.2347 5.1468 146.4221 1.5352 -142.5485 1.2456 -0.0038 -0.0062 51 lincoln_mkz2017
Cyclist 1.00 1.00 0 0 0 0 0 0 0 0 -1000.00 -1000.00 -1000.00 -1000.00 1.9709 0.6705 1.7250 6.6175 2.6493 -249.8696 -1.7945 0.0028 -0.0045 52 diamondback_century
Cyclist 1.00 1.00 0 0 0 0 0 0 0 0 -1000.00 -1000.00 -1000.00 -1000.00 1.9311 0.5921 1.9272 31.1037 2.0217 -83.9781 2.8018 -0.0056 -0.0056 53 gazelle_omafiets
Car 1.00 1.00 16 23 33 508 0 0 7 0 -1000.00 -1000.00 -1000.00 -1000.00 1.7173 2.2591 5.2781 40.4326 1.6146 65.9970 2.8032 -0.0096 -0.0064 54 mercedes_benz_coupe
Car 1.00 1.00 0 2 3 13 0 0 0 0 -1000.00 -1000.00 -1000.00 -1000.00 1.5542 2.3421 5.1370 192.7885 1.0271 -58.2838 2.8302 -0.0026 -0.0062 55 lincoln2020_mkz2020
Car 1.00 1.00 0 3 8 26 0 0 0 0 -1000.00 -1000.00 -1000.00 -1000.00 1.7506 2.3538 4.8416 220.6163 0.8475 -73.1467 1.2269 0.0010 -0.0108 56 bmw_grandtourer
Car 1.00 1.00 81 93 146 532 0 0 0 65 -1000.00 -1000.00 -1000.00 -1000.00 1.4546 2.0938 4.3903 35.0512 1.8735 -3.5369 2.8041 -0.0026 -0.0062 57 audi_tt
Car 1.00 1.00 0 0 0 0 0 0 0 0 -1000.00 -1000.00 -1000.00 -1000.00 1.7173 2.2591 5.2781 13.8387 2.5928 -228.0501 -1.8780 -0.0097 -0.0065 58 mercedes_benz_coupe
Car 1.00 1.00 9 12 14 62 0 0 0 0 -1000.00 -1000.00 -1000.00 -1000.00 1.5542 2.3421 5.1370 97.7834 1.5486 -32.0414 -0.0952 0.0019 -0.0059 59 lincoln2020_mkz2020
Car 1.00 1.00 60 69 116 1146 0 0 15 0 -1000.00 -1000.00 -1000.00 -1000.00 2.1397 2.1728 4.7045 26.9168 1.7196 59.4769 -0.3290 -0.0034 -0.0081 60 volkswagen_t2
Car 1.00 1.00 0 0 0 0 0 0 0 0 -1000.00 -1000.00 -1000.00 -1000.00 1.7506 2.3538 4.8416 197.9891 0.7497 35.9846 -1.9283 -0.0026 -0.0062 61 bmw_grandtourer
Car 1.00 1.00 0 3 4 16 0 0 0 0 -1000.00 -1000.00 -1000.00 -1000.00 1.6320 2.1403 5.2230 192.0113 1.0377 -54.7464 2.7619 -0.0069 -0.0062 62 dodge_charger_police
Car 1.00 1.00 0 0 0 0 0 0 0 0 -1000.00 -1000.00 -1000.00 -1000.00 1.6980 1.9434 4.1871 85.6077 1.7517 -98.6795 2.8104 -0.0026 -0.0062 63 citroen_c3
Car 1.00 1.00 10 6 11 38 0 0 0 1 -1000.00 -1000.00 -1000.00 -1000.00 1.4812 2.1349 5.6254 111.9153 1.4639 -29.6127 2.7927 -0.0025 -0.0062 64 chevrolet_impala
Car 1.00 1.00 0 0 0 0 0 0 0 0 -1000.00 -1000.00 -1000.00 -1000.00 1.6115 2.2019 5.2564 43.9875 2.1349 -128.8216 -1.9139 -0.0021 -0.0055 65 charger2020_charger2020
Car 1.00 1.00 0 0 0 0 0 0 0 0 -1000.00 -1000.00 -1000.00 -1000.00 1.3660 1.9896 4.9534 112.4285 1.0793 115.1706 -0.3232 -0.0026 -0.0062 66 mustang_mustang
Motorcycle 1.00 1.00 2 11 17 62 0 0 2 0 -1000.00 -1000.00 -1000.00 -1000.00 1.5852 1.1236 2.1350 6.3398 1.7725 66.9388 -0.3623 -0.0026 -0.0062 67 kawasaki_ninja
Car 1.00 1.00 0 0 0 0 0 0 0 0 -1000.00 -1000.00 -1000.00 -1000.00 1.5488 2.0688 3.9961 120.9406 1.8753 -214.0034 1.2768 -0.0024 -0.0062 68 mini_cooperst
Car 1.00 1.00 0 0 0 0 0 0 0 0 -1000.00 -1000.00 -1000.00 -1000.00 1.5542 2.3421 5.1370 8.9346 2.6351 -239.5118 -0.3002 -0.0027 -0.0065 69 lincoln2020_mkz2020
Car 1.00 1.00 0 0 0 0 0 0 0 0 -1000.00 -1000.00 -1000.00 -1000.00 1.9718 2.0005 4.0595 36.1640 2.2457 -151.6161 -1.9066 -0.0030 -0.0063 70 jeep_wrangler_rubicon
Car 1.00 1.00 0 0 0 0 0 0 0 0 -1000.00 -1000.00 -1000.00 -1000.00 1.7506 2.3538 4.8416 140.3447 1.5041 -122.4279 2.2714 -0.0025 -0.0044 71 bmw_grandtourer
Car 1.00 1.00 0 0 0 0 0 0 0 0 -1000.00 -1000.00 -1000.00 -1000.00 2.2031 2.5091 6.5872 97.0180 1.1505 131.6390 2.8236 -0.0048 -0.0062 72 tesla_cybertruck
Car 1.00 1.00 0 0 0 0 0 0 0 0 -1000.00 -1000.00 -1000.00 -1000.00 1.6244 1.8781 3.8906 -54.2484 -7.0155 94.1547 0.6290 -0.0183 -0.0134 73 audi_a2
Car 1.00 1.00 0 0 0 0 0 0 0 0 -1000.00 -1000.00 -1000.00 -1000.00 1.7203 2.2019 5.4994 188.5899 0.9375 -11.6153 1.2900 -0.0027 -0.0056 74 chargercop2020_chargercop2020
Car 1.00 1.00 0 0 0 0 0 0 0 0 -1000.00 -1000.00 -1000.00 -1000.00 1.6320 2.1403 5.2230 28.6816 2.8160 -351.5115 -0.3237 -0.0060 -0.0062 75 dodge_charger_police
Car 1.00 1.00 6495 9048 14476 94191 0 0 0 1505 -1000.00 -1000.00 -1000.00 -1000.00 1.5140 2.1024 4.9073 5.7280 2.0422 -1.2742 1.2353 -0.0025 -0.0062 76 mercedesccc_mercedesccc
Car 1.00 1.00 0 0 0 1 0 0 0 0 -1000.00 -1000.00 -1000.00 -1000.00 1.6244 1.8781 3.8906 198.6085 0.9955 -60.4081 2.8191 -0.0031 -0.0073 77 audi_a2
Car 1.00 1.00 0 0 0 0 0 0 0 0 -1000.00 -1000.00 -1000.00 -1000.00 1.6244 1.8781 3.8906 40.4437 2.2089 -150.1255 -1.9207 -0.0030 -0.0073 78 audi_a2
Car 1.00 1.00 0 0 1 5 0 0 0 0 -1000.00 -1000.00 -1000.00 -1000.00 1.7203 2.2019 5.4994 225.6994 0.8065 -69.7497 1.2403 -0.0036 -0.0081 79 chargercop2020_chargercop2020
Car 1.00 1.00 0 0 0 0 0 0 0 0 -1000.00 -1000.00 -1000.00 -1000.00 2.1397 2.1728 4.7045 147.1370 1.8872 -289.7663 1.0576 -0.0130 -0.0064 80 volkswagen_t2
Car 1.00 1.00 0 0 0 0 0 0 0 0 -1000.00 -1000.00 -1000.00 -1000.00 1.3660 1.9896 4.9534 166.0510 1.3104 -125.3038 3.1232 -0.0026 -0.0062 81 mustang_mustang
Car 1.00 1.00 17 31 44 164 0 0 0 5 -1000.00 -1000.00 -1000.00 -1000.00 1.7203 2.2019 5.4994 60.6328 1.7329 -11.9129 2.8684 -0.0023 -0.0055 82 chargercop2020_chargercop2020
Car 1.00 1.00 0 0 0 0 0 0 0 0 -1000.00 -1000.00 -1000.00 -1000.00 1.6244 1.8781 3.8906 220.2095 1.2628 -218.7156 -1.8979 -0.0021 -0.0073 83 audi_a2
Car 1.00 1.00 61 70 111 386 0 0 0 26 -1000.00 -1000.00 -1000.00 -1000.00 1.6244 1.8781 3.8906 34.0051 1.8606 0.5850 2.8056 -0.0031 -0.0073 84 audi_a2
Car 1.00 1.00 0 0 0 0 0 0 0 0 -1000.00 -1000.00 -1000.00 -1000.00 1.3660 1.9896 4.9534 126.5864 1.1406 35.7273 2.8070 -0.0026 -0.0062 85 mustang_mustang
Car 0.00 1.00 0 0 0 0 0 0 0 0 1182.83 319.55 1206.43 329.41 1.6244 1.8781 3.8906 -103.8026 -5.7613 41.2346 -1.8925 0.0053 -0.0070 86 audi_a2
Car 1.00 1.00 0 0 0 0 0 0 0 0 -1000.00 -1000.00 -1000.00 -1000.00 1.9718 2.0005 4.0595 153.4235 1.6946 -220.3872 -0.4005 -0.0030 -0.0063 87 jeep_wrangler_rubicon
Car 0.00 1.00 0 0 0 0 0 0 0 0 515.42 364.89 530.64 371.32 1.9718 2.0005 4.0595 -174.5308 3.5217 -139.0138 -1.9634 -0.0029 -0.0062 88 jeep_wrangler_rubicon
Car 1.00 1.00 0 0 0 0 0 0 0 0 -1000.00 -1000.00 -1000.00 -1000.00 1.3660 1.9896 4.9534 20.8094 -8.2108 106.5100 -0.2867 -0.0076 -0.0064 89 mustang_mustang
Motorcycle 1.00 1.00 19 11 19 102 1 0 0 0 -1000.00 -1000.00 -1000.00 -1000.00 1.6649 1.0692 2.4735 -34.3791 2.4037 -68.4702 -0.5462 0.0075 -0.0072 90 harley_davidson_low_rider
Car 1.00 1.00 0 0 0 0 0 0 0 0 -1000.00 -1000.00 -1000.00 -1000.00 1.5475 1.9070 4.4025 218.4121 1.3814 -256.2631 2.5472 -0.0065 -0.0128 91 seat_leon
Motorcycle 1.00 1.00 0 0 0 0 0 0 0 0 -1000.00 -1000.00 -1000.00 -1000.00 1.6387 1.2138 2.3199 40.5589 1.6178 62.2410 2.7991 -0.0028 -0.0062 92 yamaha_yzf
Cyclist 1.00 1.00 0 0 0 0 0 0 0 0 -1000.00 -1000.00 -1000.00 -1000.00 1.9311 0.5921 1.9272 -110.2368 3.3300 -244.5409 -0.8914 -0.0054 -0.0090 93 gazelle_omafiets
Car 1.00 1.00 0 0 0 0 0 0 0 0 -1000.00 -1000.00 -1000.00 -1000.00 1.5140 2.1024 4.9073 11.2761 2.6099 -235.1502 -1.8865 -0.0026 -0.0062 94 mercedesccc_mercedesccc
Car 1.00 1.00 0 0 0 0 0 0 0 0 -1000.00 -1000.00 -1000.00 -1000.00 1.4546 2.0938 4.3903 135.2015 1.4881 -115.5835 2.8079 -0.0053 -0.0060 95 audi_tt
Car 1.00 1.00 0 3 5 14 1 0 0 0 -1000.00 -1000.00 -1000.00 -1000.00 2.1397 2.1728 4.7045 -30.7042 2.6549 -145.8354 2.8116 -0.0026 -0.0062 96 volkswagen_t2
Car 1.00 1.00 0 0 0 0 0 0 0 0 -1000.00 -1000.00 -1000.00 -1000.00 1.5140 2.1024 4.9073 -65.1067 2.8324 -137.2343 -0.3362 -0.0025 -0.0062 97 mercedesccc_mercedesccc
Car 1.00 1.00 0 0 0 0 0 0 0 0 -1000.00 -1000.00 -1000.00 -1000.00 1.4812 2.1349 5.6254 198.5638 0.6326 84.4538 -0.7790 -0.0035 -0.0358 98 chevrolet_impala
Car 1.00 1.00 42 35 63 492 0 0 12 0 -1000.00 -1000.00 -1000.00 -1000.00 1.5765 1.9374 3.8150 15.4988 1.7400 67.2641 -0.3476 -0.0044 -0.0060 99 nissan_micra
Motorcycle 1.00 1.00 92 103 164 621 0 0 0 47 -1000.00 -1000.00 -1000.00 -1000.00 1.5853 1.1236 2.1350 23.9266 1.8904 0.3182 2.8047 -0.0028 -0.0062 100 kawasaki_ninja
Car 1.00 1.00 0 0 0 0 0 0 0 0 -1000.00 -1000.00 -1000.00 -1000.00 1.9476 2.0282 4.8347 143.6360 1.7107 -209.1936 2.7656 -0.0029 -0.0062 101 nissan_patrol
Car 0.00 0.98 0 2 2 13 0 0 0 0 1232.92 309.37 1267.48 324.50 2.1397 2.1728 4.7045 -91.2346 -5.9131 44.9429 1.2273 -0.0186 -0.0060 102 volkswagen_t2
Car 1.00 1.00 0 0 0 0 0 0 0 0 -1000.00 -1000.00 -1000.00 -1000.00 1.3660 1.9896 4.9534 -40.3870 2.9010 -223.5962 -0.5447 -0.0027 -0.0049 103 mustang_mustang
Car 0.00 0.69 9 10 16 408 0 0 0 0 112.26 370.83 236.59 394.95 1.5627 2.2716 5.0314 -42.8781 2.4491 -61.3263 -0.4004 -0.0026 -0.0062 104 tesla_model3
Car 1.00 1.00 0 2 3 10 0 0 0 0 -1000.00 -1000.00 -1000.00 -1000.00 1.5542 2.3421 5.1370 158.5872 1.2177 -49.7874 -0.3576 -0.0025 -0.0062 105 lincoln2020_mkz2020
Car 1.00 1.00 0 0 0 0 0 0 0 0 -1000.00 -1000.00 -1000.00 -1000.00 1.5627 2.2716 5.0314 153.1938 1.3634 -91.0874 -1.9219 -0.0026 -0.0062 106 tesla_model3
Car 1.00 1.00 0 0 0 0 0 0 0 0 -1000.00 -1000.00 -1000.00 -1000.00 1.5765 1.9374 3.8150 15.9461 2.5361 -222.3090 -1.8558 -0.0026 -0.0062 107 nissan_micra
Cyclist 1.00 1.00 0 0 0 0 0 0 0 0 -1000.00 -1000.00 -1000.00 -1000.00 1.9311 0.5921 1.9272 15.0415 2.5106 -213.5102 -1.9402 -0.0054 -0.0066 108 gazelle_omafiets
Cyclist 1.00 1.00 0 0 0 0 0 0 0 0 -1000.00 -1000.00 -1000.00 -1000.00 1.9311 0.5921 1.9272 13.2950 -8.1762 126.1199 2.9619 -0.0009 -0.0134 109 gazelle_omafiets
Car 1.00 1.00 0 0 0 0 0 0 0 0 -1000.00 -1000.00 -1000.00 -1000.00 1.4546 2.0938 4.3903 58.3735 1.9301 -93.5612 0.2682 -0.0026 -0.0066 110 audi_tt
Car 1.00 1.00 0 0 0 0 0 0 0 0 -1000.00 -1000.00 -1000.00 -1000.00 1.9476 2.0282 4.8347 17.5773 2.5116 -216.9600 -1.9119 0.0044 -0.0062 111 nissan_patrol
Car 1.00 1.00 0 0 0 0 0 0 0 0 -1000.00 -1000.00 -1000.00 -1000.00 1.4546 2.0938 4.3903 77.1441 1.8037 -99.4384 2.8015 -0.0026 -0.0062 112 audi_tt
Car 1.00 1.00 0 0 0 0 0 0 0 0 -1000.00 -1000.00 -1000.00 -1000.00 1.7506 2.3538 4.8416 167.3539 0.7569 107.0101 2.8127 -0.0027 -0.0062 113 bmw_grandtourer
Car 1.00 1.00 0 0 0 0 0 0 0 0 -1000.00 -1000.00 -1000.00 -1000.00 1.9718 2.0005 4.0595 123.0060 1.8014 -188.4960 -1.9277 -0.0029 -0.0063 114 jeep_wrangler_rubicon
Motorcycle 1.00 1.00 0 0 0 0 0 0 0 0 -1000.00 -1000.00 -1000.00 -1000.00 1.6387 1.2138 2.3199 50.7635 1.5637 58.6223 2.8047 -0.0026 -0.0062 115 yamaha_yzf
Car 1.00 1.00 0 0 0 0 0 0 0 0 -1000.00 -1000.00 -1000.00 -1000.00 1.7203 2.2019 5.4994 189.0701 0.9597 -21.3865 1.2571 -0.0020 -0.0055 116 chargercop2020_chargercop2020
Car 1.00 1.00 0 0 0 0 0 0 0 0 -1000.00 -1000.00 -1000.00 -1000.00 1.6980 1.9434 4.1871 89.9353 1.5170 3.5163 -1.9133 -0.0026 -0.0062 117 citroen_c3
Car 0.00 1.00 0 0 0 0 0 0 0 0 582.28 366.30 604.73 372.64 1.5542 2.3421 5.1370 -145.0525 3.2262 -97.4699 1.1946 -0.0025 -0.0062 118 lincoln2020_mkz2020
Car 1.00 1.00 0 0 0 0 0 0 0 0 -1000.00 -1000.00 -1000.00 -1000.00 2.5908 2.7453 5.4640 64.6650 1.8808 -69.2581 -1.8960 -0.0081 -0.0062 119 carlamotors_carlacola
Car 1.00 1.00 53 69 108 348 0 0 0 35 -1000.00 -1000.00 -1000.00 -1000.00 1.5765 1.9374 3.8150 40.3800 1.8254 -5.3852 2.8009 -0.0026 -0.0062 120 nissan_micra
Car 1.00 1.00 0 0 0 0 0 0 0 0 -1000.00 -1000.00 -1000.00 -1000.00 1.4477 1.5550 2.3177 214.6019 1.3195 -221.4629 -2.2683 -0.0083 -0.0062 121 bmw_isetta
Car 1.00 1.00 0 0 0 0 0 0 0 0 -1000.00 -1000.00 -1000.00 -1000.00 1.7173 2.2591 5.2781 109.9605 1.1001 119.7461 -0.3234 -0.0106 -0.0064 122 mercedes_benz_coupe
Car 1.00 1.00 0 6 10 38 1 0 0 0 -1000.00 -1000.00 -1000.00 -1000.00 1.7173 2.2591 5.2781 -51.7416 2.7554 -133.0818 -1.9066 -0.0096 -0.0064 123 mercedes_benz_coupe
Car 1.00 1.00 0 0 0 0 0 0 0 0 -1000.00 -1000.00 -1000.00 -1000.00 1.5765 1.9374 3.8150 109.5055 1.2494 49.0693 -1.8898 -0.0074 -0.0058 124 nissan_micra
Car 0.00 1.00 0 0 0 0 0 0 0 0 250.56 369.30 351.61 390.73 1.6115 2.2019 5.2564 -48.7873 2.4753 -58.8378 -0.4965 -0.0027 -0.0056 125 charger2020_charger2020
Car 1.00 1.00 0 0 0 0 0 0 0 0 -1000.00 -1000.00 -1000.00 -1000.00 1.9476 2.0282 4.8347 119.9700 1.0205 116.3571 -0.3296 -0.0082 -0.0062 126 nissan_patrol
Car 1.00 1.00 0 0 0 0 0 0 0 0 -1000.00 -1000.00 -1000.00 -1000.00 1.5140 2.1024 4.9073 -5.2462 -7.8935 110.2969 0.0147 -0.0114 -0.0085 127 mercedesccc_mercedesccc
Car 1.00 1.00 0 0 0 0 0 0 0 0 -1000.00 -1000.00 -1000.00 -1000.00 1.7173 2.2591 5.2781 285.9384 -9.6218 -28.2622 1.7279 -0.0099 -0.0003 128 mercedes_benz_coupe
Car 1.00 1.00 0 4 6 30 0 0 0 1 -1000.00 -1000.00 -1000.00 -1000.00 1.4812 2.1349 5.6254 138.6844 1.3220 -39.0454 2.8209 -0.0028 -0.0061 129 chevrolet_impala
Car 0.00 1.00 0 0 0 0 0 0 0 0 486.37 364.40 507.00 372.55 2.1397 2.1728 4.7045 -151.6912 3.3608 -128.1741 1.2421 -0.0026 -0.0062 130 volkswagen_t2
Car 1.00 1.00 0 0 0 0 0 0 0 0 -1000.00 -1000.00 -1000.00 -1000.00 1.6244 1.8781 3.8906 156.6429 0.8429 99.7332 -0.3705 -0.0018 -0.0074 131 audi_a2
Car 1.00 1.00 0 0 0 0 0 0 0 0 -1000.00 -1000.00 -1000.00 -1000.00 1.9476 2.0282 4.8347 22.6707 2.3552 -167.7542 -0.3388 -0.0030 -0.0062 132 nissan_patrol
Car 1.00 1.00 0 0 0 0 0 0 0 0 -1000.00 -1000.00 -1000.00 -1000.00 1.9476 2.0282 4.8347 60.1560 1.9309 -103.7525 1.2383 -0.0035 -0.0063 133 nissan_patrol
Car 0.00 1.00 0 0 0 0 0 0 0 0 1116.49 320.00 1143.09 331.31 1.9476 2.0282 4.8347 -107.4111 -5.5997 30.3527 -1.8900 0.0050 -0.0062 134 nissan_patrol
Car 1.00 1.00 0 8 12 65 0 0 0 0 -1000.00 -1000.00 -1000.00 -1000.00 1.7506 2.3538 4.8416 -43.4516 2.6521 -120.3944 -1.9121 -0.0026 -0.0062 135 bmw_grandtourer
Car 1.00 1.00 0 0 0 0 0 0 0 0 -1000.00 -1000.00 -1000.00 -1000.00 1.9476 2.0282 4.8347 88.5509 1.7249 -103.4597 2.7817 -0.0028 -0.0062 136 nissan_patrol
Car 1.00 1.00 55 71 113 583 9 0 0 0 -1000.00 -1000.00 -1000.00 -1000.00 1.7203 2.2019 5.4994 -16.7643 2.2967 -44.1608 -1.8921 -0.0027 -0.0056 137 chargercop2020_chargercop2020
Car 1.00 1.00 0 0 0 0 0 0 0 0 -1000.00 -1000.00 -1000.00 -1000.00 2.5908 2.7453 5.4640 63.3889 1.9157 -92.9002 -1.3357 -0.0029 -0.0063 138 carlamotors_carlacola
Car 1.00 1.00 0 0 0 0 0 0 0 0 -1000.00 -1000.00 -1000.00 -1000.00 1.5863 2.2347 5.1468 194.6882 0.7980 26.9765 -1.9155 -0.0025 -0.0062 139 lincoln_mkz2017
Car 1.00 1.00 0 0 0 0 0 0 0 0 -1000.00 -1000.00 -1000.00 -1000.00 1.9718 2.0005 4.0595 102.9594 1.3145 39.0792 0.1410 -0.0049 -0.0057 140 jeep_wrangler_rubicon
Car 1.00 1.00 0 0 0 0 0 0 0 0 -1000.00 -1000.00 -1000.00 -1000.00 1.6011 2.1072 4.7392 123.3373 1.1693 33.2438 2.8016 -0.0026 -0.0062 141 toyota_prius
Car 1.00 1.00 0 0 0 0 0 0 0 0 -1000.00 -1000.00 -1000.00 -1000.00 1.7318 2.1344 5.0985 197.3355 0.8056 23.2111 -1.8935 -0.0026 -0.0062 142 audi_etron
Car 1.00 1.00 0 0 0 0 0 0 0 0 -1000.00 -1000.00 -1000.00 -1000.00 2.2031 2.5091 6.5872 167.4952 1.6226 -221.8540 -0.3632 -0.0026 -0.0062 143 tesla_cybertruck
Car 1.00 1.00 0 0 0 0 0 0 0 0 -1000.00 -1000.00 -1000.00 -1000.00 1.5765 1.9374 3.8150 207.4682 0.7085 3.8143 2.7603 -0.0024 -0.0062 144 nissan_micra
Car 1.00 1.00 0 0 0 0 0 0 0 0 -1000.00 -1000.00 -1000.00 -1000.00 1.4546 2.0938 4.3903 80.0863 1.7786 -96.7819 2.8097 -0.0026 -0.0062 145 audi_tt
Car 1.00 1.00 0 0 0 0 0 0 0 0 -1000.00 -1000.00 -1000.00 -1000.00 1.4812 2.1349 5.6254 31.1911 2.7612 -338.3511 2.7943 -0.0036 -0.0070 146 chevrolet_impala
Car 1.00 1.00 0 0 0 0 0 0 0 0 -1000.00 -1000.00 -1000.00 -1000.00 2.2031 2.5091 6.5872 272.7738 -9.5234 -35.4559 -1.4698 -0.0010 -0.0095 147 tesla_cybertruck
Car 1.00 1.00 0 0 0 0 0 0 0 0 -1000.00 -1000.00 -1000.00 -1000.00 1.9718 2.0005 4.0595 11.9212 2.5793 -222.4449 -1.9124 -0.0048 -0.0063 148 jeep_wrangler_rubicon
Car 1.00 1.00 0 0 0 0 0 0 0 0 -1000.00 -1000.00 -1000.00 -1000.00 1.3660 1.9896 4.9534 158.9583 1.6601 -222.4255 -0.3635 -0.0026 -0.0062 149 mustang_mustang
Car 1.00 1.00 0 0 0 0 0 0 0 0 -1000.00 -1000.00 -1000.00 -1000.00 1.3660 1.9896 4.9534 168.6046 1.3042 -129.0709 -3.1121 -0.0026 -0.0062 150 mustang_mustang
Car 0.00 1.00 0 0 0 0 0 0 0 0 470.24 362.56 505.03 374.06 2.5908 2.7453 5.4640 -128.9446 3.1867 -111.1910 2.8063 -0.0026 -0.0062 151 carlamotors_carlacola
Car 1.00 1.00 0 0 0 0 0 0 0 0 -1000.00 -1000.00 -1000.00 -1000.00 1.5863 2.2347 5.1468 90.5229 1.3623 37.2752 -0.3446 -0.0012 -0.0062 152 lincoln_mkz2017
Car 1.00 1.00 0 0 0 0 0 0 0 0 -1000.00 -1000.00 -1000.00 -1000.00 1.7506 2.3538 4.8416 231.0054 -9.5038 54.8210 2.7080 -0.0044 -0.0032 153 bmw_grandtourer
Cyclist 1.00 1.00 3 3 4 19 0 0 0 1 -1000.00 -1000.00 -1000.00 -1000.00 1.9709 0.6705 1.7250 109.4864 1.4470 -25.0010 2.7965 0.0018 -0.0062 154 diamondback_century
Cyclist 1.00 1.00 0 0 0 0 0 0 0 0 -1000.00 -1000.00 -1000.00 -1000.00 1.9311 0.5921 1.9272 12.1973 2.6076 -244.6992 1.2408 -0.0066 -0.0061 155 gazelle_omafiets
Motorcycle 1.00 1.00 0 0 0 0 0 0 0 0 -1000.00 -1000.00 -1000.00 -1000.00 1.6960 1.0692 2.4735 116.2320 1.2164 32.2394 -0.5768 -0.0040 -0.0050 156 harley_davidson_low_rider
Car 1.00 1.00 0 0 0 0 0 0 0 0 -1000.00 -1000.00 -1000.00 -1000.00 2.1397 2.1728 4.7045 255.0924 -4.9948 -161.3801 1.2293 -0.1340 -0.0058 157 volkswagen_t2
Car 1.00 1.00 0 0 0 0 0 0 0 0 -1000.00 -1000.00 -1000.00 -1000.00 1.5488 2.0688 3.9961 9.0581 -8.0825 112.3995 -0.0926 -0.0085 -0.0070 158 mini_cooperst
Cyclist 1.00 1.00 0 0 0 0 0 0 0 0 -1000.00 -1000.00 -1000.00 -1000.00 1.9311 0.5921 1.9272 190.9455 0.8806 -4.8644 1.2711 -0.0051 -0.0066 159 gazelle_omafiets
Car 1.00 1.00 0 0 0 0 0 0 0 0 -1000.00 -1000.00 -1000.00 -1000.00 1.4812 2.1349 5.6254 119.8233 1.8175 -185.8906 -1.9110 -0.0026 -0.0062 160 chevrolet_impala
Car 0.00 1.00 0 0 0 0 0 0 0 0 658.14 365.42 679.69 371.97 1.7173 2.2591 5.2781 -154.3565 3.2629 -82.7456 -1.9060 -0.0097 -0.0065 161 mercedes_benz_coupe
Car 1.00 1.00 0 0 0 0 0 0 0 0 -1000.00 -1000.00 -1000.00 -1000.00 1.9718 2.0005 4.0595 16.1427 2.5831 -234.4108 2.8123 -0.0030 -0.0062 162 jeep_wrangler_rubicon
Car 1.00 1.00 0 0 0 0 0 0 0 0 -1000.00 -1000.00 -1000.00 -1000.00 1.7506 2.3538 4.8416 40.3093 2.0003 -90.8624 -0.3473 -0.0025 -0.0062 163 bmw_grandtourer
Car 0.00 1.00 0 0 0 0 0 0 0 0 1736.46 366.53 1875.19 390.16 1.6115 2.2019 5.2564 -42.4268 2.1280 60.6449 -2.0758 -0.0035 0.0034 164 charger2020_charger2020
Car 1.00 1.00 38 51 74 430 11 0 0 0 -1000.00 -1000.00 -1000.00 -1000.00 1.6244 1.8781 3.8906 -21.6556 2.3304 -47.6006 -1.8914 -0.0031 -0.0073 165 audi_a2
Car 0.00 1.00 0 0 0 0 0 0 0 0 438.84 366.47 455.84 371.97 1.5475 1.9070 4.4025 -165.3242 3.4992 -154.2007 1.2169 -0.0005 -0.0066 166 seat_leon
Car 1.00 1.00 0 0 0 0 0 0 0 0 -1000.00 -1000.00 -1000.00 -1000.00 1.5765 1.9374 3.8150 218.8607 1.2994 -232.9757 -1.8690 0.0079 -0.0066 167 nissan_micra
Car 1.00 1.00 0 0 0 0 0 0 0 0 -1000.00 -1000.00 -1000.00 -1000.00 1.5863 2.2347 5.1468 -71.6471 2.8787 -138.5988 -0.3401 -0.0026 -0.0062 168 lincoln_mkz2017
Car 1.00 1.00 0 0 0 0 0 0 0 0 -1000.00 -1000.00 -1000.00 -1000.00 1.7506 2.3538 4.8416 82.8031 1.7637 -101.4577 2.8045 -0.0026 -0.0062 169 bmw_grandtourer
Car 1.00 1.00 214 240 375 1360 0 0 0 148 -1000.00 -1000.00 -1000.00 -1000.00 1.4812 2.1349 5.6254 29.0448 1.9063 -1.5535 2.8053 -0.0026 -0.0062 170 chevrolet_impala
Car 1.00 1.00 0 0 0 0 0 0 0 0 -1000.00 -1000.00 -1000.00 -1000.00 1.4812 2.1349 5.6254 177.2976 1.0683 -33.6264 -1.9147 -0.0026 -0.0062 171 chevrolet_impala
Car 1.00 1.00 16 14 24 196 0 0 4 0 -1000.00 -1000.00 -1000.00 -1000.00 1.6011 2.1072 4.7392 28.1778 1.6862 83.5244 -1.9007 -0.0026 -0.0062 172 toyota_prius
Car 1.00 1.00 0 1 1 1 0 0 0 0 -1000.00 -1000.00 -1000.00 -1000.00 1.6115 2.2019 5.2564 209.2791 0.9404 -64.7060 2.5114 0.0000 -0.0045 173 charger2020_charger2020
Car 1.00 1.00 0 0 0 0 0 0 0 0 -1000.00 -1000.00 -1000.00 -1000.00 1.5475 1.9070 4.4025 160.8820 1.6417 -219.4631 -0.3604 -0.0025 -0.0062 174 seat_leon
Car 1.00 1.00 0 0 0 0 0 0 0 0 -1000.00 -1000.00 -1000.00 -1000.00 2.5908 2.7453 5.4640 56.7504 2.2009 -176.1739 2.7801 -0.0025 -0.0062 175 carlamotors_carlacola
Car 1.00 1.00 0 0 0 0 0 0 0 0 -1000.00 -1000.00 -1000.00 -1000.00 1.4812 2.1349 5.6254 117.8287 1.2151 34.9408 2.7936 0.0037 -0.0062 176 chevrolet_impala
Car 0.00 1.00 0 0 0 0 0 0 0 0 206.78 365.81 250.60 378.12 1.9718 2.0005 4.0595 -95.3036 2.9979 -126.5435 -0.3273 -0.0052 -0.0064 177 jeep_wrangler_rubicon
Car 1.00 1.00 0 0 0 0 0 0 0 0 -1000.00 -1000.00 -1000.00 -1000.00 1.6980 1.9434 4.1871 273.7867 -9.3623 -107.8911 1.2323 -0.0027 -0.0062 178 citroen_c3
Car 1.00 1.00 34 34 54 208 0 0 0 10 -1000.00 -1000.00 -1000.00 -1000.00 1.5488 2.0688 3.9961 51.5263 1.7786 -9.1477 2.8424 -0.0024 -0.0062 179 mini_cooperst
Motorcycle 1.00 1.00 1 2 5 21 0 0 0 0 -1000.00 -1000.00 -1000.00 -1000.00 1.6960 1.0692 2.4735 105.6126 1.4687 -23.5810 2.8003 0.0004 -0.0061 180 harley_davidson_low_rider
Car 1.00 1.00 0 0 0 0 0 0 0 0 -1000.00 -1000.00 -1000.00 -1000.00 1.4477 1.5550 2.3177 185.4995 0.9550 -9.9908 -1.9048 -0.0097 -0.0062 181 bmw_isetta
Cyclist 1.00 1.00 10 7 9 34 0 0 0 3 -1000.00 -1000.00 -1000.00 -1000.00 1.7065 0.8593 1.4873 38.4736 1.7955 -0.9279 2.8160 -0.0026 -0.0062 182 bh_crossbike
Car 0.00 1.00 0 0 0 0 0 0 0 0 386.90 366.27 406.21 371.23 1.6011 2.1072 4.7392 -186.5628 3.7266 -190.8255 -1.7063 -0.0027 -0.0047 183 toyota_prius
Car 1.00 1.00 0 0 0 0 0 0 0 0 -1000.00 -1000.00 -1000.00 -1000.00 1.5488 2.0688 3.9961 22.6904 2.5537 -240.4717 2.8418 -0.0026 -0.0062 184 mini_cooperst
Car 1.00 1.00 0 0 0 0 0 0 0 0 -1000.00 -1000.00 -1000.00 -1000.00 1.6980 1.9434 4.1871 -118.6121 3.5532 -284.1322 2.6734 -0.0028 -0.0117 185 citroen_c3
Car 1.00 1.00 13 17 28 160 0 0 2 0 -1000.00 -1000.00 -1000.00 -1000.00 1.5765 1.9374 3.8150 23.1849 1.7121 80.3175 -1.8898 -0.0044 -0.0062 186 nissan_micra
Car 1.00 1.00 34 43 70 263 0 0 0 21 -1000.00 -1000.00 -1000.00 -1000.00 1.7506 2.3538 4.8416 45.9371 1.8050 -7.1266 3.0259 -0.0025 -0.0062 187 bmw_grandtourer
Car 1.00 1.00 0 0 0 0 0 0 0 0 -1000.00 -1000.00 -1000.00 -1000.00 1.5488 2.0688 3.9961 175.8768 1.2496 -125.0825 -2.9250 -0.0025 -0.0063 188 mini_cooperst
Car 1.00 1.00 0 0 0 0 0 0 0 0 -1000.00 -1000.00 -1000.00 -1000.00 1.5488 2.0688 3.9961 197.9731 1.4472 -233.5081 -0.3624 -0.0026 -0.0062 189 mini_cooperst
Car 1.00 1.00 0 0 0 0 0 0 0 0 -1000.00 -1000.00 -1000.00 -1000.00 1.6011 2.1072 4.7392 174.7273 0.8878 18.5878 2.8570 -0.0027 -0.0069 190 toyota_prius
Car 1.00 1.00 19 16 35 246 0 0 9 0 -1000.00 -1000.00 -1000.00 -1000.00 1.3660 1.9896 4.9534 5.7743 1.8006 70.7661 -0.3557 -0.0026 -0.0062 191 mustang_mustang
Car 1.00 1.00 0 0 0 0 0 0 0 0 -1000.00 -1000.00 -1000.00 -1000.00 1.9476 2.0282 4.8347 251.4461 -2.2613 -182.5580 1.2358 -0.1312 -0.0067 192 nissan_patrol
Pedestrian 1.00 1.00 0 0 0 0 0 0 0 0 -1000.00 -1000.00 -1000.00 -1000.00 1.9158 0.4880 0.4310 156.5705 1.8867 -375.4969 -1.4630 -0.0026 -0.0062 193 pedestrian_0019
Pedestrian 1.00 1.00 0 1 1 2 0 0 0 0 -1000.00 -1000.00 -1000.00 -1000.00 1.1330 0.4333 0.3500 -33.8874 2.2784 -73.4248 2.8040 -0.0026 -0.0062 194 pedestrian_0010
Pedestrian 1.00 1.00 0 1 2 1 0 0 0 0 -1000.00 -1000.00 -1000.00 -1000.00 1.9158 0.4880 0.6029 214.2899 0.6451 -52.8222 -2.9692 -0.0026 -0.0062 195 pedestrian_0005
Pedestrian 1.00 1.00 0 0 0 0 0 0 0 0 -1000.00 -1000.00 -1000.00 -1000.00 1.9158 0.4880 0.4579 93.8613 0.9551 136.6883 -0.2155 -0.0026 -0.0062 196 pedestrian_0003
Pedestrian 1.00 1.00 0 0 0 0 0 0 0 0 -1000.00 -1000.00 -1000.00 -1000.00 1.9158 0.4880 0.7507 129.8023 -9.0694 59.6054 -0.3378 -0.0026 -0.0062 197 pedestrian_0021
Pedestrian 1.00 1.00 0 0 0 0 0 0 0 0 -1000.00 -1000.00 -1000.00 -1000.00 1.9158 0.4880 0.7507 -147.2378 3.5785 -300.4200 -0.5957 -0.0026 -0.0062 198 pedestrian_0003
Pedestrian 1.00 1.00 0 0 0 0 0 0 0 0 -1000.00 -1000.00 -1000.00 -1000.00 1.9158 0.4880 0.4808 214.3343 1.3590 -309.7665 1.2343 -0.0026 -0.0062 199 pedestrian_0004
Pedestrian 1.00 1.00 2 3 1 21 0 0 0 0 -1000.00 -1000.00 -1000.00 -1000.00 1.9158 0.4880 0.3994 -34.0114 2.2871 -72.0906 1.8275 -0.0026 -0.0062 200 pedestrian_0022
Pedestrian 1.00 1.00 0 0 0 0 0 0 0 0 -1000.00 -1000.00 -1000.00 -1000.00 1.3390 0.3253 0.4541 131.9583 1.7277 -199.1286 -1.7686 -0.0026 -0.0062 201 pedestrian_0014
Pedestrian 1.00 1.00 1 1 2 12 0 0 0 1 -1000.00 -1000.00 -1000.00 -1000.00 1.9158 0.4880 0.4591 99.7511 1.3730 -39.5858 -0.4823 -0.0026 -0.0062 202 pedestrian_0022
Pedestrian 1.00 1.00 0 0 0 0 0 0 0 0 -1000.00 -1000.00 -1000.00 -1000.00 1.9158 0.4880 0.5871 -4.1869 2.5737 -259.2959 -1.9418 -0.0026 -0.0062 203 pedestrian_0023
Pedestrian 1.00 1.00 1 0 2 37 0 0 0 0 -1000.00 -1000.00 -1000.00 -1000.00 1.3390 0.3253 0.3576 12.9720 1.7953 58.6303 -0.6698 -0.0026 -0.0062 204 pedestrian_0012
Pedestrian 1.00 1.00 0 0 0 7 0 0 0 0 -1000.00 -1000.00 -1000.00 -1000.00 1.9158 0.4880 0.3754 -54.4410 2.5596 -128.6044 0.0792 -0.0026 -0.0062 205 pedestrian_0019
Pedestrian 0.00 1.00 0 0 0 0 0 0 0 0 83.46 365.55 92.65 378.00 1.9158 0.4880 0.6913 -87.2754 2.7858 -137.8976 -0.4263 -0.0026 -0.0062 206 pedestrian_0005
Pedestrian 1.00 1.00 2 3 5 38 0 0 1 0 -1000.00 -1000.00 -1000.00 -1000.00 1.9158 0.4880 0.3754 20.5399 1.5495 82.7150 -1.8006 -0.0026 -0.0062 207 pedestrian_0026
Pedestrian 1.00 1.00 66 70 120 5848 14 0 0 18 -1000.00 -1000.00 -1000.00 -1000.00 1.9158 0.4880 0.4939 10.7055 1.8542 -11.8566 2.8529 -0.0026 -0.0062 208 pedestrian_0015
Pedestrian 0.00 1.00 0 0 0 0 0 0 0 0 607.53 366.11 609.25 370.42 1.3390 0.3253 0.3179 -174.2317 3.2515 -112.1085 -1.9989 -0.0026 -0.0062 209 pedestrian_0014
Pedestrian 0.00 1.00 0 0 0 0 0 0 0 0 787.72 361.06 790.10 368.20 1.9158 0.4880 0.3947 -150.1207 2.2012 -48.2633 1.2370 -0.0026 -0.0062 210 pedestrian_0016
Pedestrian 1.00 1.00 0 0 0 0 0 0 0 0 -1000.00 -1000.00 -1000.00 -1000.00 1.3390 0.3253 0.2524 74.0626 1.7830 -102.5572 1.1294 -0.0026 -0.0062 211 pedestrian_0012
Pedestrian 1.00 1.00 0 0 0 0 0 0 0 0 -1000.00 -1000.00 -1000.00 -1000.00 1.1330 0.4333 0.6192 -68.5551 2.6771 -144.6450 2.9707 -0.0026 -0.0062 212 pedestrian_0009
Pedestrian 1.00 1.00 0 0 0 0 0 0 0 0 -1000.00 -1000.00 -1000.00 -1000.00 1.1330 0.4333 0.6667 126.6804 0.9236 65.6459 -1.9063 -0.0026 -0.0062 213 pedestrian_0010
Pedestrian 1.00 1.00 0 0 0 0 0 0 0 0 -1000.00 -1000.00 -1000.00 -1000.00 1.9158 0.4880 0.5790 -128.9510 3.4942 -311.8224 -0.4099 -0.0026 -0.0062 214 pedestrian_0021
Pedestrian 1.00 1.00 0 0 0 0 0 0 0 0 -1000.00 -1000.00 -1000.00 -1000.00 1.9158 0.4880 0.3870 73.4983 1.7903 -100.7708 1.7608 -0.0026 -0.0062 215 pedestrian_0018
Pedestrian 1.00 1.00 0 0 0 0 0 0 0 0 -1000.00 -1000.00 -1000.00 -1000.00 1.9158 0.4880 0.3881 181.8276 1.6849 -358.5186 0.7504 -0.0026 -0.0062 216 pedestrian_0020
Pedestrian 1.00 1.00 2 1 2 12 0 0 0 0 -1000.00 -1000.00 -1000.00 -1000.00 1.9158 0.4880 0.7507 104.5322 1.3468 -41.0843 2.7025 -0.0026 -0.0062 217 pedestrian_0017
Pedestrian 1.00 1.00 0 0 0 0 0 0 0 0 -1000.00 -1000.00 -1000.00 -1000.00 1.9158 0.4880 0.7507 81.6755 1.8886 -196.2708 2.7214 -0.0026 -0.0062 218 pedestrian_0007
Pedestrian 1.00 1.00 0 0 0 3 0 0 0 0 -1000.00 -1000.00 -1000.00 -1000.00 1.1330 0.4333 0.3957 -35.1579 2.2910 -75.2355 1.6258 -0.0026 -0.0062 219 pedestrian_0010
Pedestrian 1.00 1.00 0 0 0 0 0 0 0 0 -1000.00 -1000.00 -1000.00 -1000.00 1.9158 0.4880 0.5348 -5.6624 2.2380 -127.8940 -0.4040 -0.0026 -0.0062 220 pedestrian_0023
Pedestrian 1.00 1.00 0 0 1 1 0 0 0 1 -1000.00 -1000.00 -1000.00 -1000.00 1.9158 0.4880 0.5118 204.0921 0.8228 -77.1088 2.6292 -0.0026 -0.0062 221 pedestrian_0024
Pedestrian 1.00 1.00 0 0 0 0 0 0 0 0 -1000.00 -1000.00 -1000.00 -1000.00 1.1330 0.4333 0.3774 106.9921 1.9823 -311.0053 0.3311 -0.0026 -0.0062 222 pedestrian_0011
Pedestrian 1.00 1.00 0 0 0 0 0 0 0 0 -1000.00 -1000.00 -1000.00 -1000.00 1.9158 0.4880 0.7454 -108.4331 3.3860 -319.2411 -0.3223 -0.0026 -0.0062 223 pedestrian_0016
Pedestrian 1.00 1.00 0 0 0 0 0 0 0 0 -1000.00 -1000.00 -1000.00 -1000.00 1.9158 0.4880 0.7032 108.5542 -9.0562 105.5543 2.8073 -0.0026 -0.0062 224 pedestrian_0017
Pedestrian 0.00 1.00 0 0 0 0 0 0 0 0 845.96 335.90 849.70 346.42 1.9158 0.4880 0.4784 -103.2528 -2.5144 -22.9189 -1.9168 -0.0026 -0.0062 225 pedestrian_0001
Pedestrian 1.00 1.00 0 0 0 0 0 0 0 0 -1000.00 -1000.00 -1000.00 -1000.00 1.9158 0.4880 0.7507 56.5130 1.7409 -78.2882 1.2591 -0.0026 -0.0062 226 pedestrian_0003
Pedestrian 1.00 1.00 0 0 0 0 0 0 0 0 -1000.00 -1000.00 -1000.00 -1000.00 1.9158 0.4880 0.6745 210.5469 0.8896 -60.0052 -1.9654 -0.0026 -0.0062 227 pedestrian_0007
Pedestrian 1.00 1.00 0 0 0 0 0 0 0 0 -1000.00 -1000.00 -1000.00 -1000.00 1.1330 0.4333 0.5721 162.0841 1.4630 -229.3292 -0.3986 -0.0026 -0.0062 228 pedestrian_0010
Pedestrian 1.00 1.00 0 0 0 0 0 0 0 0 -1000.00 -1000.00 -1000.00 -1000.00 1.1330 0.4333 0.5541 -23.2843 2.3847 -140.8726 2.7278 -0.0026 -0.0062 229 pedestrian_0010
Pedestrian 1.00 1.00 0 0 0 0 0 0 0 0 -1000.00 -1000.00 -1000.00 -1000.00 1.3390 0.3253 0.4511 87.9293 1.3065 11.3282 -1.9683 -0.0026 -0.0062 230 pedestrian_0013
Pedestrian 0.00 0.98 4 3 5 36 0 1 0 0 1120.98 371.42 1127.16 387.70 1.3390 0.3253 0.4282 -47.2886 2.2983 11.4497 1.0613 -0.0026 -0.0062 231 pedestrian_0013
Pedestrian 1.00 1.00 0 0 0 0 0 0 0 0 -1000.00 -1000.00 -1000.00 -1000.00 1.9158 0.4880 0.4128 70.6367 1.8156 -93.4862 2.9225 -0.0026 -0.0062 232 pedestrian_0020
Pedestrian 1.00 1.00 0 0 0 0 0 0 0 0 -1000.00 -1000.00 -1000.00 -1000.00 1.9158 0.4880 0.7267 89.0692 1.3101 10.4303 -1.9990 -0.0026 -0.0062 233 pedestrian_0021
Pedestrian 1.00 1.00 0 0 0 0 0 0 0 0 -1000.00 -1000.00 -1000.00 -1000.00 1.1330 0.4333 0.4421 12.1029 2.3325 -203.7905 1.3262 -0.0026 -0.0062 234 pedestrian_0009
Pedestrian 1.00 1.00 0 0 0 0 0 0 0 0 -1000.00 -1000.00 -1000.00 -1000.00 1.9158 0.4880 0.4701 95.5629 1.3066 38.3520 -1.7099 -0.0026 -0.0062 235 pedestrian_0006
Pedestrian 1.00 1.00 0 0 0 0 0 0 0 0 -1000.00 -1000.00 -1000.00 -1000.00 1.1330 0.4333 0.5656 57.4678 2.1987 -263.6727 -0.2498 -0.0026 -0.0062 236 pedestrian_0009
Pedestrian 1.00 1.00 0 0 0 0 0 0 0 0 -1000.00 -1000.00 -1000.00 -1000.00 1.9158 0.4880 0.7507 141.5182 1.2901 -108.2450 1.1819 -0.0026 -0.0062 237 pedestrian_0026
Pedestrian 0.00 1.00 0 0 0 0 0 0 0 0 452.05 364.67 456.37 372.88 1.9158 0.4880 0.5775 -131.3558 3.0180 -121.1552 -0.3553 -0.0026 -0.0062 238 pedestrian_0021
Pedestrian 0.00 1.00 0 0 0 0 0 0 0 0 155.67 368.82 159.89 376.89 1.3390 0.3253 0.3316 -93.4858 2.8128 -136.0572 2.7581 -0.0026 -0.0062 239 pedestrian_0012
Pedestrian 1.00 1.00 0 0 0 0 0 0 0 0 -1000.00 -1000.00 -1000.00 -1000.00 1.9158 0.4880 0.4363 161.7496 1.8474 -372.2339 0.5209 -0.0026 -0.0062 240 pedestrian_0020
Pedestrian 1.00 1.00 0 0 0 0 0 0 0 0 -1000.00 -1000.00 -1000.00 -1000.00 1.1330 0.4333 0.6667 279.1453 -9.4464 -127.0398 1.2444 -0.0026 -0.0062 241 pedestrian_0011
Pedestrian 1.00 1.00 0 0 0 0 0 0 0 0 -1000.00 -1000.00 -1000.00 -1000.00 1.9158 0.4880 0.7507 69.6495 1.8241 -104.4927 0.8386 -0.0026 -0.0062 242 pedestrian_0002
Pedestrian 1.00 1.00 0 0 0 0 0 0 0 0 -1000.00 -1000.00 -1000.00 -1000.00 1.3390 0.3253 0.3767 37.1043 2.0073 -138.6235 -1.8252 -0.0026 -0.0062 243 pedestrian_0014
Pedestrian 1.00 1.00 0 0 0 0 0 0 0 0 -1000.00 -1000.00 -1000.00 -1000.00 1.9158 0.4880 0.7507 -108.6562 3.1843 -255.3819 2.4211 -0.0026 -0.0062 244 pedestrian_0006
Pedestrian 1.00 1.00 0 0 0 0 0 0 0 0 -1000.00 -1000.00 -1000.00 -1000.00 1.9158 0.4880 0.6517 292.1403 -9.7098 -90.5214 -1.8716 -0.0026 -0.0062 245 pedestrian_0020
Pedestrian 0.00 0.02 136 132 207 1389 0 17 0 0 690.75 365.25 729.80 469.75 1.9158 0.4880 0.5441 -11.3713 1.9786 -6.9263 1.3023 -0.0026 -0.0062 246 pedestrian_0022
Pedestrian 1.00 1.00 0 0 0 0 0 0 0 0 -1000.00 -1000.00 -1000.00 -1000.00 1.9158 0.4880 0.3931 119.7312 1.1660 30.1001 0.7659 -0.0026 -0.0062 247 pedestrian_0002
Pedestrian 0.00 0.17 39 40 63 315 0 22 0 0 926.46 365.59 944.94 418.63 1.9158 0.4880 0.7483 -20.5084 2.0248 -3.1228 -0.2755 -0.0026 -0.0062 248 pedestrian_0022
Pedestrian 1.00 1.00 0 0 0 0 0 0 0 0 -1000.00 -1000.00 -1000.00 -1000.00 1.9158 0.4880 0.7507 29.6311 2.1143 -158.4369 -0.3912 -0.0026 -0.0062 249 pedestrian_0006
Pedestrian 1.00 1.00 0 0 0 0 0 0 0 0 -1000.00 -1000.00 -1000.00 -1000.00 1.9158 0.4880 0.4773 148.6996 1.3492 -148.4792 -1.9008 -0.0026 -0.0062 250 pedestrian_0019
Pedestrian 1.00 1.00 0 0 0 1 0 0 0 0 -1000.00 -1000.00 -1000.00 -1000.00 1.9158 0.4880 0.7507 -56.3248 2.7357 -133.2665 1.3335 -0.0026 -0.0062 251 pedestrian_0018
Pedestrian 1.00 1.00 0 0 0 0 0 0 0 0 -1000.00 -1000.00 -1000.00 -1000.00 1.9158 0.4880 0.7507 -38.1972 3.0163 -345.0294 -0.2652 -0.0026 -0.0062 252 pedestrian_0007
Pedestrian 1.00 1.00 0 0 0 0 0 0 0 0 -1000.00 -1000.00 -1000.00 -1000.00 1.9158 0.4880 0.6316 65.1546 1.3246 41.5570 -0.3980 -0.0026 -0.0062 253 pedestrian_0008
Pedestrian 1.00 1.00 0 0 0 0 0 0 0 0 -1000.00 -1000.00 -1000.00 -1000.00 1.9158 0.4880 0.5190 -43.5715 3.0428 -342.3582 -0.2817 -0.0026 -0.0062 254 pedestrian_0022
Pedestrian 0.00 1.00 0 0 0 0 0 0 0 0 549.77 364.44 552.46 370.31 1.9158 0.4880 0.5783 -182.6059 3.3734 -136.1827 -2.0309 -0.0026 -0.0062 255 pedestrian_0024
Pedestrian 1.00 1.00 0 0 0 5 0 0 0 0 -1000.00 -1000.00 -1000.00 -1000.00 1.1330 0.4333 0.5797 9.2610 1.8732 -26.1573 0.9767 -0.0026 -0.0062 256 pedestrian_0011
Pedestrian 1.00 1.00 0 0 0 0 0 0 0 0 -1000.00 -1000.00 -1000.00 -1000.00 1.9158 0.4880 0.7507 83.5393 1.3768 -2.1047 1.3892 -0.0026 -0.0062 257 pedestrian_0006
Pedestrian 1.00 1.00 0 0 0 0 0 0 0 0 -1000.00 -1000.00 -1000.00 -1000.00 1.9158 0.4880 0.7507 120.8219 0.9769 42.8526 2.6598 -0.0026 -0.0062 258 pedestrian_0005
Pedestrian 1.00 1.00 0 1 1 1 0 0 0 0 -1000.00 -1000.00 -1000.00 -1000.00 1.9158 0.4880 0.6303 186.8573 1.0041 -47.3398 0.9953 -0.0026 -0.0062 259 pedestrian_0003
Pedestrian 0.00 1.00 0 0 0 0 0 0 0 0 953.51 319.73 958.64 331.24 1.9158 0.4880 0.7455 -95.2519 -4.9056 -2.9098 1.2421 -0.0026 -0.0062 260 pedestrian_0001
Pedestrian 1.00 1.00 0 0 0 0 0 0 0 0 -1000.00 -1000.00 -1000.00 -1000.00 1.3390 0.3253 0.5005 169.7889 1.0600 -90.3432 -1.8827 -0.0026 -0.0062 261 pedestrian_0014
Pedestrian 1.00 1.00 0 0 0 0 0 0 0 0 -1000.00 -1000.00 -1000.00 -1000.00 1.9158 0.4880 0.7507 52.1405 1.9863 -104.5959 2.8052 -0.0026 -0.0062 262 pedestrian_0020
Pedestrian 1.00 1.00 0 0 0 0 0 0 0 0 -1000.00 -1000.00 -1000.00 -1000.00 1.9158 0.4880 0.6031 31.6508 2.3007 -235.6606 -0.2464 -0.0026 -0.0062 263 pedestrian_0025
Pedestrian 0.00 1.00 0 0 0 0 0 0 0 0 130.48 365.27 136.37 376.30 1.9158 0.4880 0.7507 -97.9342 2.8412 -146.7446 -2.0485 -0.0026 -0.0062 264 pedestrian_0026
Pedestrian 1.00 1.00 0 0 0 0 0 0 0 0 -1000.00 -1000.00 -1000.00 -1000.00 1.9158 0.4880 0.7507 239.1375 1.0240 -239.7415 1.1810 -0.0026 -0.0062 265 pedestrian_0025
Pedestrian 1.00 1.00 0 0 0 0 0 0 0 0 -1000.00 -1000.00 -1000.00 -1000.00 1.3390 0.3253 0.4227 126.1582 1.3707 -127.2801 2.7787 -0.0026 -0.0062 266 pedestrian_0013
Pedestrian 1.00 1.00 0 3 3 4 0 0 0 0 -1000.00 -1000.00 -1000.00 -1000.00 1.9158 0.4880 0.3828 188.2843 0.8384 -45.6160 0.0279 -0.0026 -0.0062 267 pedestrian_0015
Pedestrian 1.00 1.00 0 0 0 0 0 0 0 0 -1000.00 -1000.00 -1000.00 -1000.00 1.9158 0.4880 0.3941 179.1142 0.7736 1.4507 1.1126 -0.0026 -0.0062 268 pedestrian_0021
Pedestrian 0.00 1.00 0 0 0 0 0 0 0 0 482.80 366.87 485.07 370.19 1.1330 0.4333 0.4221 -191.3748 3.4945 -165.7242 -1.9028 -0.0026 -0.0062 269 pedestrian_0010
Pedestrian 1.00 1.00 49 56 93 714 0 0 0 9 -1000.00 -1000.00 -1000.00 -1000.00 1.9158 0.4880 0.4990 15.2790 1.9301 6.8194 1.3584 -0.0026 -0.0062 270 pedestrian_0023
Pedestrian 0.00 1.00 0 0 0 0 0 0 0 0 57.50 368.01 62.11 373.86 1.3390 0.3253 0.5005 -128.5373 3.1842 -209.3259 1.6244 -0.0026 -0.0062 271 pedestrian_0013
Pedestrian 1.00 1.00 0 0 0 0 0 0 0 0 -1000.00 -1000.00 -1000.00 -1000.00 1.9158 0.4880 0.5934 206.4783 1.4516 -327.0326 -2.1322 -0.0026 -0.0062 272 pedestrian_0016
Pedestrian 1.00 1.00 0 0 0 0 0 0 0 0 -1000.00 -1000.00 -1000.00 -1000.00 1.3390 0.3253 0.2865 14.2727 2.4430 -258.7551 -1.9442 -0.0026 -0.0062 273 pedestrian_0014
Pedestrian 1.00 1.00 0 0 0 0 0 0 0 0 -1000.00 -1000.00 -1000.00 -1000.00 1.9158 0.4880 0.6247 238.8461 0.4596 -42.0281 1.2587 -0.0026 -0.0062 274 pedestrian_0019
Pedestrian 1.00 1.00 0 0 0 0 0 0 0 0 -1000.00 -1000.00 -1000.00 -1000.00 1.3390 0.3253 0.4645 67.7593 2.2468 -319.9913 0.0402 -0.0026 -0.0062 275 pedestrian_0013
Pedestrian 1.00 1.00 0 0 0 0 0 0 0 0 -1000.00 -1000.00 -1000.00 -1000.00 1.9158 0.4880 0.7507 6.3609 2.2906 -170.7831 2.7954 -0.0026 -0.0062 276 pedestrian_0023
Pedestrian 1.00 1.00 0 0 0 4 0 0 0 0 -1000.00 -1000.00 -1000.00 -1000.00 1.1330 0.4333 0.6667 -41.6052 2.6278 -131.3047 -0.2446 -0.0026 -0.0062 277 pedestrian_0011
Pedestrian 1.00 1.00 0 0 0 0 0 0 0 0 -1000.00 -1000.00 -1000.00 -1000.00 1.3390 0.3253 0.5005 199.0217 0.8466 -98.9421 1.2516 -0.0026 -0.0062 278 pedestrian_0012
Pedestrian 1.00 1.00 0 0 0 0 0 0 0 0 -1000.00 -1000.00 -1000.00 -1000.00 1.9158 0.4880 0.5529 264.9847 -9.6520 -44.5346 -1.6568 -0.0026 -0.0062 279 pedestrian_0015
Pedestrian 1.00 1.00 0 0 0 0 0 0 0 0 -1000.00 -1000.00 -1000.00 -1000.00 1.9158 0.4880 0.7507 200.9425 0.7793 -0.7700 -1.9695 -0.0026 -0.0062 280 pedestrian_0017
Pedestrian 1.00 1.00 0 0 0 0 0 0 0 0 -1000.00 -1000.00 -1000.00 -1000.00 1.9158 0.4880 0.7507 133.8161 -9.1857 95.8183 -0.3342 -0.0026 -0.0062 281 pedestrian_0005
Pedestrian 1.00 1.00 0 0 0 0 0 0 0 0 -1000.00 -1000.00 -1000.00 -1000.00 1.1330 0.4333 0.3633 208.2238 0.9251 -74.5499 -2.2540 -0.0026 -0.0062 282 pedestrian_0009
Pedestrian 1.00 1.00 0 0 0 0 0 0 0 0 -1000.00 -1000.00 -1000.00 -1000.00 1.1330 0.4333 0.6667 -12.1304 2.6270 -275.0703 -0.2805 -0.0026 -0.0062 283 pedestrian_0009
Pedestrian 1.00 1.00 0 0 0 0 0 0 0 0 -1000.00 -1000.00 -1000.00 -1000.00 1.1330 0.4333 0.4160 122.2959 0.9785 54.6285 -1.9462 -0.0026 -0.0062 284 pedestrian_0009
Pedestrian 1.00 1.00 0 0 0 0 0 0 0 0 -1000.00 -1000.00 -1000.00 -1000.00 1.9158 0.4880 0.7507 69.3382 1.3005 40.1857 -0.2645 -0.0026 -0.0062 285 pedestrian_0024
Pedestrian 1.00 1.00 0 0 0 0 0 0 0 0 -1000.00 -1000.00 -1000.00 -1000.00 1.9158 0.4880 0.7507 135.4119 1.5286 -185.1441 1.2515 -0.0026 -0.0062 286 pedestrian_0023
Pedestrian 1.00 1.00 2 0 1 14 0 0 0 0 -1000.00 -1000.00 -1000.00 -1000.00 1.9158 0.4880 0.7507 -45.8540 2.4511 -107.2209 1.2511 -0.0026 -0.0062 287 pedestrian_0015
Pedestrian 1.00 1.00 0 0 0 0 0 0 0 0 -1000.00 -1000.00 -1000.00 -1000.00 1.9158 0.4880 0.7507 261.5993 -9.6890 -20.8220 -1.2711 -0.0026 -0.0062 288 pedestrian_0025
Pedestrian 0.00 1.00 0 0 0 0 0 0 0 0 1865.51 296.01 1873.19 305.26 1.1330 0.4333 0.4903 -72.8934 -7.1271 115.6490 0.6003 -0.0026 -0.0062 289 pedestrian_0009
Pedestrian 1.00 1.00 0 0 0 0 0 0 0 0 -1000.00 -1000.00 -1000.00 -1000.00 1.9158 0.4880 0.7507 190.6179 0.7972 -35.2791 -1.9358 -0.0026 -0.0062 290 pedestrian_0019
Pedestrian 0.00 1.00 0 0 0 0 0 0 0 0 214.34 365.13 219.06 373.86 1.9158 0.4880 0.4435 -123.2706 3.0506 -166.1622 -1.8428 -0.0026 -0.0062 291 pedestrian_0007
Pedestrian 1.00 1.00 0 0 0 0 0 0 0 0 -1000.00 -1000.00 -1000.00 -1000.00 1.9158 0.4880 0.7507 -12.5230 2.8789 -352.9101 2.8164 -0.0026 -0.0062 292 pedestrian_0021
Pedestrian 1.00 1.00 0 0 0 0 0 0 0 0 -1000.00 -1000.00 -1000.00 -1000.00 1.3390 0.3253 0.4290 83.1955 1.8768 -198.6084 -0.3839 -0.0026 -0.0062 293 pedestrian_0014
Pedestrian 0.00 1.00 0 0 0 0 0 0 0 0 1563.11 307.21 1570.36 319.28 1.9158 0.4880 0.7032 -91.9729 -6.7092 97.3003 0.9643 -0.0026 -0.0062 294 pedestrian_0002
Pedestrian 1.00 1.00 4 4 6 25 0 0 0 0 -1000.00 -1000.00 -1000.00 -1000.00 1.9158 0.4880 0.4215 -34.7618 2.2663 -71.5985 1.1835 -0.0026 -0.0062 295 pedestrian_0026
Pedestrian 1.00 1.00 0 0 0 0 0 0 0 0 -1000.00 -1000.00 -1000.00 -1000.00 1.9158 0.4880 0.3970 120.9175 1.1382 38.0090 -2.9792 -0.0026 -0.0062 296 pedestrian_0020
Pedestrian 1.00 1.00 0 0 0 0 0 0 0 0 -1000.00 -1000.00 -1000.00 -1000.00 1.9158 0.4880 0.6905 82.3207 1.2284 36.3294 -0.3513 -0.0026 -0.0062 297 pedestrian_0016
Pedestrian 1.00 1.00 2 0 0 10 1 0 0 0 -1000.00 -1000.00 -1000.00 -1000.00 1.9158 0.4880 0.7507 -45.1907 2.4362 -103.0153 1.2476 -0.0026 -0.0062 298 pedestrian_0024
Pedestrian 1.00 1.00 0 0 0 0 0 0 0 0 -1000.00 -1000.00 -1000.00 -1000.00 1.9158 0.4880 0.6736 172.0054 -9.2917 44.5002 2.8035 -0.0026 -0.0062 299 pedestrian_0001
Pedestrian 1.00 1.00 0 2 0 8 1 0 0 0 -1000.00 -1000.00 -1000.00 -1000.00 1.9158 0.4880 0.7275 -54.8867 2.5646 -129.0385 1.2827 -0.0026 -0.0062 300 pedestrian_0025
Pedestrian 1.00 1.00 0 0 0 0 0 0 0 0 -1000.00 -1000.00 -1000.00 -1000.00 1.9158 0.4880 0.7507 52.0861 1.9569 -150.0904 1.2608 -0.0026 -0.0062 301 pedestrian_0016
Pedestrian 1.00 1.00 0 0 0 0 0 0 0 0 -1000.00 -1000.00 -1000.00 -1000.00 1.9158 0.4880 0.6685 47.8909 2.3222 -296.7783 2.7458 -0.0026 -0.0062 302 pedestrian_0006
Pedestrian 1.00 1.00 0 0 0 0 0 0 0 0 -1000.00 -1000.00 -1000.00 -1000.00 1.3390 0.3253 0.4096 -110.7499 3.0380 -194.5446 -1.6453 -0.0026 -0.0062 303 pedestrian_0012
Pedestrian 1.00 1.00 0 0 0 0 0 0 0 0 -1000.00 -1000.00 -1000.00 -1000.00 1.9158 0.4880 0.7507 175.6624 1.7380 -363.8542 0.6080 -0.0026 -0.0062 304 pedestrian_0024
Pedestrian 0.00 1.00 0 0 0 0 0 0 0 0 612.79 366.11 614.60 370.45 1.3390 0.3253 0.3461 -173.0200 3.2389 -109.6994 1.4627 -0.0026 -0.0062 305 pedestrian_0013
Pedestrian 1.00 1.00 0 0 0 0 0 0 0 0 -1000.00 -1000.00 -1000.00 -1000.00 1.1330 0.4333 0.5342 -47.1231 3.0524 -341.9381 2.8100 -0.0026 -0.0062 306 pedestrian_0011
Pedestrian 1.00 1.00 0 0 0 0 0 0 0 0 -1000.00 -1000.00 -1000.00 -1000.00 1.9158 0.4880 0.7158 120.6852 1.3581 -105.9177 2.8922 -0.0026 -0.0062 307 pedestrian_0024
Pedestrian 1.00 1.00 0 0 0 0 0 0 0 0 -1000.00 -1000.00 -1000.00 -1000.00 1.9158 0.4880 0.4062 -82.5629 3.2558 -331.0426 -0.2943 -0.0026 -0.0062 308 pedestrian_0004
Pedestrian 1.00 1.00 1 3 6 17 0 0 0 0 -1000.00 -1000.00 -1000.00 -1000.00 1.9158 0.4880 0.5191 -42.6508 2.4074 -97.9732 -1.9006 -0.0026 -0.0062 309 pedestrian_0019
Pedestrian 1.00 1.00 0 0 0 0 0 0 0 0 -1000.00 -1000.00 -1000.00 -1000.00 1.3390 0.3253 0.5005 1.5203 2.7301 -280.3326 -0.4063 -0.0026 -0.0062 310 pedestrian_0012
Pedestrian 1.00 1.00 0 0 0 0 0 0 0 0 -1000.00 -1000.00 -1000.00 -1000.00 1.9158 0.4880 0.5331 145.9021 1.3863 -156.3569 -1.9176 -0.0026 -0.0062 311 pedestrian_0022
Pedestrian 1.00 1.00 0 0 0 0 0 0 0 0 -1000.00 -1000.00 -1000.00 -1000.00 1.9158 0.4880 0.7507 89.6618 1.7691 -171.1152 -1.9505 -0.0026 -0.0062 312 pedestrian_0018
Pedestrian 1.00 1.00 0 0 0 0 0 0 0 0 -1000.00 -1000.00 -1000.00 -1000.00 1.9158 0.4880 0.6921 36.1966 1.4798 50.5095 -0.3044 -0.0026 -0.0062 313 pedestrian_0022
Pedestrian 1.00 1.00 0 0 0 0 0 0 0 0 -1000.00 -1000.00 -1000.00 -1000.00 1.9158 0.4880 0.3776 151.0286 1.1760 -86.8869 -2.0733 -0.0026 -0.0062 314 pedestrian_0005
Pedestrian 1.00 1.00 0 0 0 0 0 0 0 0 -1000.00 -1000.00 -1000.00 -1000.00 1.9158 0.4880 0.7507 34.3750 2.0516 -144.9716 1.2486 -0.0026 -0.0062 315 pedestrian_0018
Pedestrian 0.00 1.00 0 0 0 0 0 0 0 0 275.25 365.16 278.46 370.71 1.9158 0.4880 0.5165 -192.8545 3.7026 -238.6718 1.9274 -0.0026 -0.0062 316 pedestrian_0024
Pedestrian 1.00 1.00 0 0 0 0 0 0 0 0 -1000.00 -1000.00 -1000.00 -1000.00 1.9158 0.4880 0.4080 124.7243 1.8622 -302.7337 0.7432 -0.0026 -0.0062 317 pedestrian_0002
Pedestrian 1.00 1.00 0 0 0 0 0 0 0 0 -1000.00 -1000.00 -1000.00 -1000.00 1.3390 0.3253 0.3254 43.7476 2.0836 -183.8061 2.4763 -0.0026 -0.0062 318 pedestrian_0013
Pedestrian 1.00 1.00 0 0 0 0 0 0 0 0 -1000.00 -1000.00 -1000.00 -1000.00 1.9158 0.4880 0.7507 -19.6249 1.7957 62.9509 -2.5649 -0.0026 -0.0062 319 pedestrian_0018
Pedestrian 1.00 1.00 0 0 0 0 0 0 0 0 -1000.00 -1000.00 -1000.00 -1000.00 1.9158 0.4880 0.5309 155.1135 1.2278 -138.3513 -3.0710 -0.0026 -0.0062 320 pedestrian_0006
Pedestrian 1.00 1.00 0 0 0 0 0 0 0 0 -1000.00 -1000.00 -1000.00 -1000.00 1.9158 0.4880 0.7507 135.2219 2.0397 -383.4760 0.2751 -0.0026 -0.0062 321 pedestrian_0021
Pedestrian 1.00 1.00 0 0 0 0 0 0 0 0 -1000.00 -1000.00 -1000.00 -1000.00 1.1330 0.4333 0.5722 140.3082 0.9115 15.7392 -0.3105 -0.0026 -0.0062 322 pedestrian_0010
Pedestrian 1.00 1.00 2 1 4 33 1 0 0 0 -1000.00 -1000.00 -1000.00 -1000.00 1.9158 0.4880 0.5009 -33.6996 2.3703 -67.1311 -1.1024 -0.0026 -0.0062 323 pedestrian_0022
Pedestrian 1.00 1.00 0 0 0 0 0 0 0 0 -1000.00 -1000.00 -1000.00 -1000.00 1.9158 0.4880 0.7507 99.4033 1.3538 27.7020 -0.4285 -0.0026 -0.0062 324 pedestrian_0015
Pedestrian 1.00 1.00 2 3 4 25 0 0 0 0 -1000.00 -1000.00 -1000.00 -1000.00 1.9158 0.4880 0.6337 -14.8029 2.2756 -76.3062 1.0845 -0.0026 -0.0062 325 pedestrian_0005
Pedestrian 1.00 1.00 0 0 0 0 0 0 0 0 -1000.00 -1000.00 -1000.00 -1000.00 1.9158 0.4880 0.3874 259.2576 -9.8402 46.1938 -0.5983 -0.0026 -0.0062 326 pedestrian_0006
Pedestrian 1.00 1.00 0 0 0 0 0 0 0 0 -1000.00 -1000.00 -1000.00 -1000.00 1.9158 0.4880 0.3840 112.2484 1.7240 -190.3411 0.3158 -0.0026 -0.0062 327 pedestrian_0002
Pedestrian 1.00 1.00 0 0 0 0 0 0 0 0 -1000.00 -1000.00 -1000.00 -1000.00 1.9158 0.4880 0.5727 121.3431 1.7224 -227.3762 1.3733 -0.0026 -0.0062 328 pedestrian_0015
Pedestrian 0.00 1.00 0 0 0 0 0 0 0 0 380.47 364.88 384.04 370.29 1.9158 0.4880 0.7507 -198.2657 3.6559 -207.8312 1.5806 -0.0026 -0.0062 329 pedestrian_0005
Pedestrian 1.00 1.00 0 0 0 0 0 0 0 0 -1000.00 -1000.00 -1000.00 -1000.00 1.1330 0.4333 0.6667 181.8327 1.6752 -358.9902 0.5521 -0.0026 -0.0062 330 pedestrian_0010
Pedestrian 1.00 1.00 1 3 4 17 0 0 0 0 -1000.00 -1000.00 -1000.00 -1000.00 1.9158 0.4880 0.6951 75.7174 1.6576 -33.1067 2.5887 -0.0026 -0.0062 331 pedestrian_0001
Pedestrian 1.00 1.00 0 0 0 0 0 0 0 0 -1000.00 -1000.00 -1000.00 -1000.00 1.9158 0.4880 0.3843 -34.4004 2.5045 -155.5261 -2.3948 -0.0026 -0.0062 332 pedestrian_0017
Pedestrian 1.00 1.00 0 0 0 0 0 0 0 0 -1000.00 -1000.00 -1000.00 -1000.00 1.9158 0.4880 0.4955 94.2843 1.2052 31.1101 1.9891 -0.0026 -0.0062 333 pedestrian_0023
Pedestrian 1.00 1.00 0 0 1 0 0 0 0 0 -1000.00 -1000.00 -1000.00 -1000.00 1.3390 0.3253 0.3578 -59.5835 2.7682 -141.3069 0.7273 -0.0026 -0.0062 334 pedestrian_0013
Pedestrian 1.00 1.00 0 0 0 0 0 0 0 0 -1000.00 -1000.00 -1000.00 -1000.00 1.9158 0.4880 0.7507 122.3357 1.3501 -105.7296 -0.3618 -0.0026 -0.0062 335 pedestrian_0019
Pedestrian 1.00 1.00 0 0 0 0 0 0 0 0 -1000.00 -1000.00 -1000.00 -1000.00 1.9158 0.4880 0.6951 -40.0001 2.6332 -191.0164 -1.3991 -0.0026 -0.0062 336 pedestrian_0017
Pedestrian 1.00 1.00 0 0 0 0 0 0 0 0 -1000.00 -1000.00 -1000.00 -1000.00 1.9158 0.4880 0.7507 36.7294 2.6175 -369.8287 2.8111 -0.0026 -0.0062 337 pedestrian_0025
Pedestrian 1.00 1.00 0 0 0 0 0 0 0 0 -1000.00 -1000.00 -1000.00 -1000.00 1.9158 0.4880 0.3766 260.4110 -9.8469 45.5507 2.5488 -0.0026 -0.0062 338 pedestrian_0006
Pedestrian 1.00 1.00 0 0 0 0 0 0 0 0 -1000.00 -1000.00 -1000.00 -1000.00 1.1330 0.4333 0.6097 251.2275 -9.4576 -95.2513 -1.9042 -0.0026 -0.0062 339 pedestrian_0011
Pedestrian 1.00 1.00 0 0 0 0 0 0 0 0 -1000.00 -1000.00 -1000.00 -1000.00 1.1330 0.4333 0.4713 217.8317 0.5963 -48.8235 -1.9178 -0.0026 -0.0062 340 pedestrian_0011
Pedestrian 1.00 1.00 0 0 0 0 0 0 0 0 -1000.00 -1000.00 -1000.00 -1000.00 1.3390 0.3253 0.3089 188.3802 0.6614 20.3052 -1.2161 -0.0026 -0.0062 341 pedestrian_0013
Pedestrian 1.00 1.00 0 0 0 0 0 0 0 0 -1000.00 -1000.00 -1000.00 -1000.00 1.9158 0.4880 0.5180 196.8781 0.4695 76.8345 -0.6741 -0.0026 -0.0062 342 pedestrian_0007
Pedestrian 1.00 1.00 0 0 0 0 0 0 0 0 -1000.00 -1000.00 -1000.00 -1000.00 1.9158 0.4880 0.7412 61.3980 1.9494 -170.7334 2.7024 -0.0026 -0.0062 343 pedestrian_0021
Pedestrian 1.00 1.00 0 0 0 0 0 0 0 0 -1000.00 -1000.00 -1000.00 -1000.00 1.1330 0.4333 0.6126 288.3481 -9.6766 -99.1162 -1.9248 -0.0026 -0.0062 344 pedestrian_0010
Pedestrian 1.00 1.00 0 0 0 0 0 0 0 0 -1000.00 -1000.00 -1000.00 -1000.00 1.9158 0.4880 0.5388 24.2302 2.0608 -132.9158 -3.0759 -0.0026 -0.0062 345 pedestrian_0021
Pedestrian 1.00 1.00 7 4 10 56 0 0 0 0 -1000.00 -1000.00 -1000.00 -1000.00 1.3390 0.3253 0.2983 25.8507 1.7624 -15.9809 -0.3559 -0.0026 -0.0062 346 pedestrian_0014
Pedestrian 1.00 1.00 0 0 0 0 0 0 0 0 -1000.00 -1000.00 -1000.00 -1000.00 1.9158 0.4880 0.5700 172.3004 1.0701 -118.5606 0.1272 -0.0026 -0.0062 347 pedestrian_0023
Pedestrian 1.00 1.00 0 2 3 7 0 0 0 0 -1000.00 -1000.00 -1000.00 -1000.00 1.9158 0.4880 0.6661 -52.7274 2.5408 -125.4558 1.5130 -0.0026 -0.0062 348 pedestrian_0008
Pedestrian 1.00 1.00 0 0 0 0 0 0 0 0 -1000.00 -1000.00 -1000.00 -1000.00 1.9158 0.4880 0.7507 -15.2947 2.8973 -353.0656 2.8268 -0.0026 -0.0062 349 pedestrian_0006
Pedestrian 1.00 1.00 0 2 4 7 0 0 0 1 -1000.00 -1000.00 -1000.00 -1000.00 1.9158 0.4880 0.6768 123.9009 1.2434 -47.6249 2.8035 -0.0026 -0.0062 350 pedestrian_0022
Pedestrian 1.00 1.00 0 0 0 0 0 0 0 0 -1000.00 -1000.00 -1000.00 -1000.00 1.9158 0.4880 0.7507 131.0969 1.7471 -201.3424 -1.8944 -0.0026 -0.0062 351 pedestrian_0023
Pedestrian 1.00 1.00 0 1 1 0 0 0 0 0 -1000.00 -1000.00 -1000.00 -1000.00 1.9158 0.4880 0.7455 170.9117 1.1510 -65.9497 -0.2216 -0.0026 -0.0062 352 pedestrian_0006
Pedestrian 1.00 1.00 0 0 0 0 0 0 0 0 -1000.00 -1000.00 -1000.00 -1000.00 1.9158 0.4880 0.4608 14.4269 2.6865 -299.6902 -1.1795 -0.0026 -0.0062 353 pedestrian_0024
Pedestrian 0.00 1.00 0 0 0 0 0 0 0 0 646.09 366.75 649.00 370.55 1.1330 0.4333 0.6667 -167.8564 3.1699 -96.2793 -1.9405 -0.0026 -0.0062 354 pedestrian_0011
Pedestrian 1.00 1.00 0 1 2 9 0 0 0 0 -1000.00 -1000.00 -1000.00 -1000.00 1.9158 0.4880 0.4090 -34.8871 2.2965 -73.5813 2.8668 -0.0026 -0.0062 355 pedestrian_0017
Pedestrian 1.00 1.00 0 0 0 0 0 0 0 0 -1000.00 -1000.00 -1000.00 -1000.00 1.3390 0.3253 0.3490 222.5370 -9.5686 26.4199 -0.4985 -0.0026 -0.0062 356 pedestrian_0012
Pedestrian 1.00 1.00 0 0 0 0 0 0 0 0 -1000.00 -1000.00 -1000.00 -1000.00 1.9158 0.4880 0.4501 147.0332 1.9538 -379.0635 -2.7290 -0.0026 -0.0062 357 pedestrian_0020
Pedestrian 1.00 1.00 4 2 3 22 0 0 0 0 -1000.00 -1000.00 -1000.00 -1000.00 1.9158 0.4880 0.7507 84.8581 1.6074 -35.6470 2.9163 -0.0026 -0.0062 358 pedestrian_0017
Pedestrian 0.00 1.00 0 0 0 0 0 0 0 0 237.84 365.94 243.67 376.48 1.9158 0.4880 0.4965 -102.2652 3.0023 -133.6110 2.8647 -0.0026 -0.0062 359 pedestrian_0025
Pedestrian 1.00 1.00 0 0 0 0 0 0 0 0 -1000.00 -1000.00 -1000.00 -1000.00 1.3390 0.3253 0.5005 65.8212 2.4523 -379.6533 2.8119 -0.0026 -0.0062 360 pedestrian_0013
Pedestrian 1.00 1.00 0 0 0 0 0 0 0 0 -1000.00 -1000.00 -1000.00 -1000.00 1.3390 0.3253 0.4371 157.0476 1.8710 -374.5039 0.4690 -0.0026 -0.0062 361 pedestrian_0013
Pedestrian 1.00 1.00 0 0 0 0 0 0 0 0 -1000.00 -1000.00 -1000.00 -1000.00 1.3390 0.3253 0.3263 53.6614 1.8677 -85.2975 1.2203 -0.0026 -0.0062 362 pedestrian_0013
Pedestrian 1.00 1.00 0 0 0 0 0 0 0 0 -1000.00 -1000.00 -1000.00 -1000.00 1.1330 0.4333 0.6395 61.1430 1.9895 -190.3972 -0.3335 -0.0026 -0.0062 363 pedestrian_0011
Pedestrian 1.00 1.00 0 0 0 0 0 0 0 0 -1000.00 -1000.00 -1000.00 -1000.00 1.3390 0.3253 0.4144 0.7280 1.9907 -65.5388 2.7949 -0.0026 -0.0062 364 pedestrian_0012
Pedestrian 1.00 1.00 0 0 0 0 0 0 0 0 -1000.00 -1000.00 -1000.00 -1000.00 1.9158 0.4880 0.4959 102.3417 1.2744 49.2427 2.3558 -0.0026 -0.0062 365 pedestrian_0023
Pedestrian 1.00 1.00 0 1 4 13 0 0 0 0 -1000.00 -1000.00 -1000.00 -1000.00 1.9158 0.4880 0.5526 -49.2867 2.4931 -114.1539 1.2568 -0.0026 -0.0062 366 pedestrian_0005
Pedestrian 1.00 1.00 0 0 0 0 0 0 0 0 -1000.00 -1000.00 -1000.00 -1000.00 1.9158 0.4880 0.6294 -35.5474 2.9402 -277.7028 0.3326 -0.0026 -0.0062 367 pedestrian_0021
Pedestrian 1.00 1.00 0 0 0 0 0 0 0 0 -1000.00 -1000.00 -1000.00 -1000.00 1.1330 0.4333 0.4158 30.7246 2.0903 -155.0593 1.1357 -0.0026 -0.0062 368 pedestrian_0010
Pedestrian 1.00 1.00 0 0 0 0 0 0 0 0 -1000.00 -1000.00 -1000.00 -1000.00 1.9158 0.4880 0.5533 149.2429 1.3394 -145.9852 -1.9756 -0.0026 -0.0062 369 pedestrian_0020
Pedestrian 1.00 1.00 0 0 0 0 0 0 0 0 -1000.00 -1000.00 -1000.00 -1000.00 1.3390 0.3253 0.3261 0.9059 1.9705 -54.7329 2.9948 -0.0026 -0.0062 370 pedestrian_0012
Pedestrian 1.00 1.00 0 0 0 0 0 0 0 0 -1000.00 -1000.00 -1000.00 -1000.00 1.9158 0.4880 0.6451 195.2777 0.7297 -20.2863 -1.7737 -0.0026 -0.0062 371 pedestrian_0015
Pedestrian 1.00 1.00 0 0 0 0 0 0 0 0 -1000.00 -1000.00 -1000.00 -1000.00 1.9158 0.4880 0.5277 0.3994 1.9873 -60.1875 0.0721 -0.0026 -0.0062 372 pedestrian_0007
Pedestrian 1.00 1.00 0 0 0 0 0 0 0 0 -1000.00 -1000.00 -1000.00 -1000.00 1.9158 0.4880 0.4859 -128.6938 3.4969 -312.6145 2.7019 -0.0026 -0.0062 373 pedestrian_0008
Pedestrian 1.00 1.00 0 0 0 0 0 0 0 0 -1000.00 -1000.00 -1000.00 -1000.00 1.9158 0.4880 0.6253 12.7186 2.3479 -207.3424 -1.8905 -0.0026 -0.0062 374 pedestrian_0020
Pedestrian 1.00 1.00 0 0 0 0 0 0 0 0 -1000.00 -1000.00 -1000.00 -1000.00 1.9158 0.4880 0.5133 188.3654 0.8306 -42.7655 1.4708 -0.0026 -0.0062 375 pedestrian_0015
Pedestrian 1.00 1.00 0 0 0 0 0 0 0 0 -1000.00 -1000.00 -1000.00 -1000.00 1.3390 0.3253 0.3315 43.7009 1.7606 -79.4311 2.7481 -0.0026 -0.0062 376 pedestrian_0012
Pedestrian 1.00 1.00 0 0 0 0 0 0 0 0 -1000.00 -1000.00 -1000.00 -1000.00 1.9158 0.4880 0.4455 189.2015 0.8106 -37.9662 -2.1665 -0.0026 -0.0062 377 pedestrian_0017
Pedestrian 1.00 1.00 0 0 0 0 0 0 0 0 -1000.00 -1000.00 -1000.00 -1000.00 1.9158 0.4880 0.3965 61.0604 1.8925 -100.0842 -2.6758 -0.0026 -0.0062 378 pedestrian_0025
Pedestrian 1.00 1.00 0 0 0 0 0 0 0 0 -1000.00 -1000.00 -1000.00 -1000.00 1.1330 0.4333 0.6667 35.3197 1.7472 -41.8261 0.7166 -0.0026 -0.0062 379 pedestrian_0009
Pedestrian 1.00 1.00 8 8 19 100 2 0 0 0 -1000.00 -1000.00 -1000.00 -1000.00 1.9158 0.4880 0.6247 -25.9284 2.1747 -47.9388 -1.7547 -0.0026 -0.0062 380 pedestrian_0002
Pedestrian 1.00 1.00 0 0 0 0 0 0 0 0 -1000.00 -1000.00 -1000.00 -1000.00 1.3390 0.3253 0.3397 155.2599 1.8881 -376.2403 -2.7293 -0.0026 -0.0062 381 pedestrian_0013
Pedestrian 1.00 1.00 0 0 0 0 0 0 0 0 -1000.00 -1000.00 -1000.00 -1000.00 1.3390 0.3253 0.2502 76.9983 1.5855 -92.1572 2.9347 -0.0026 -0.0062 382 pedestrian_0012
Pedestrian 1.00 1.00 0 0 0 0 0 0 0 0 -1000.00 -1000.00 -1000.00 -1000.00 1.1330 0.4333 0.5211 116.2504 1.8526 -210.9116 -0.1425 -0.0026 -0.0062 383 pedestrian_0010
Pedestrian 1.00 1.00 0 0 0 0 0 0 0 0 -1000.00 -1000.00 -1000.00 -1000.00 1.3390 0.3253 0.5005 50.2186 2.5348 -374.4740 2.8147 -0.0026 -0.0062 384 pedestrian_0013
Pedestrian 1.00 1.00 0 0 0 0 0 0 0 0 -1000.00 -1000.00 -1000.00 -1000.00 1.9158 0.4880 0.6988 121.4290 1.8885 -305.1213 0.6843 -0.0026 -0.0062 385 pedestrian_0015
Pedestrian 1.00 1.00 0 0 0 0 0 0 0 0 -1000.00 -1000.00 -1000.00 -1000.00 1.9158 0.4880 0.4187 121.0209 1.1587 30.0557 -0.2220 -0.0026 -0.0062 386 pedestrian_0018
Pedestrian 1.00 1.00 0 0 0 0 0 0 0 0 -1000.00 -1000.00 -1000.00 -1000.00 1.3390 0.3253 0.4816 110.4178 2.1936 -386.8528 -3.0891 -0.0026 -0.0062 387 pedestrian_0013
Pedestrian 1.00 1.00 0 0 0 0 0 0 0 0 -1000.00 -1000.00 -1000.00 -1000.00 1.9158 0.4880 0.4799 207.8840 0.9104 -83.1957 2.8765 -0.0026 -0.0062 388 pedestrian_0022
Pedestrian 1.00 1.00 0 0 0 0 0 0 0 0 -1000.00 -1000.00 -1000.00 -1000.00 1.9158 0.4880 0.7401 -125.9816 3.4788 -312.9597 -0.5034 -0.0026 -0.0062 389 pedestrian_0003
Pedestrian 1.00 1.00 0 0 0 0 0 0 0 0 -1000.00 -1000.00 -1000.00 -1000.00 1.9158 0.4880 0.6515 129.6811 2.0765 -384.3255 0.1750 -0.0026 -0.0062 390 pedestrian_0021
Pedestrian 1.00 1.00 0 0 0 0 0 0 0 0 -1000.00 -1000.00 -1000.00 -1000.00 1.9158 0.4880 0.7507 179.3168 1.7067 -360.5629 0.7610 -0.0026 -0.0062 392 pedestrian_0005
Pedestrian 1.00 1.00 0 0 0 0 0 0 0 0 -1000.00 -1000.00 -1000.00 -1000.00 1.9158 0.4880 0.4774 243.1832 -9.6516 10.6277 2.3038 -0.0026 -0.0062 393 pedestrian_0026
Pedestrian 1.00 1.00 0 0 0 0 0 0 0 0 -1000.00 -1000.00 -1000.00 -1000.00 1.9158 0.4880 0.7507 -10.8633 2.3295 -144.4571 2.8607 -0.0026 -0.0062 394 pedestrian_0022
Pedestrian 1.00 1.00 0 1 0 6 0 0 0 0 -1000.00 -1000.00 -1000.00 -1000.00 1.1330 0.4333 0.6667 32.8856 -8.5070 93.4343 -0.3348 -0.0026 -0.0062 395 pedestrian_0010
Pedestrian 1.00 1.00 0 0 0 0 0 0 0 0 -1000.00 -1000.00 -1000.00 -1000.00 1.9158 0.4880 0.7507 51.6605 1.9753 -103.3795 -0.3919 -0.0026 -0.0062 396 pedestrian_0006
Pedestrian 1.00 1.00 0 0 0 0 0 0 0 0 -1000.00 -1000.00 -1000.00 -1000.00 1.3390 0.3253 0.3357 138.9638 1.4235 -114.2895 1.2492 -0.0026 -0.0062 397 pedestrian_0012
Pedestrian 1.00 1.00 0 0 0 0 0 0 0 0 -1000.00 -1000.00 -1000.00 -1000.00 1.1330 0.4333 0.3651 75.6283 1.7718 -103.1489 0.2847 -0.0026 -0.0062 398 pedestrian_0010
Pedestrian 1.00 1.00 0 0 0 0 0 0 0 0 -1000.00 -1000.00 -1000.00 -1000.00 1.9158 0.4880 0.4476 45.9101 2.0851 -186.3303 -0.2149 -0.0026 -0.0062 399 pedestrian_0007
Pedestrian 1.00 1.00 0 0 0 0 0 0 0 0 -1000.00 -1000.00 -1000.00 -1000.00 1.9158 0.4880 0.6437 247.6575 -9.7864 54.2362 -0.6090 -0.0026 -0.0062 400 pedestrian_0001
Pedestrian 1.00 1.00 0 0 0 0 0 0 0 0 -1000.00 -1000.00 -1000.00 -1000.00 1.9158 0.4880 0.7507 70.9909 1.9440 -192.0227 2.7604 -0.0026 -0.0062 401 pedestrian_0016
Pedestrian 1.00 1.00 0 0 0 0 0 0 0 0 -1000.00 -1000.00 -1000.00 -1000.00 1.9158 0.4880 0.6919 -127.1513 3.4870 -313.3268 3.0173 -0.0026 -0.0062 402 pedestrian_0021
Pedestrian 1.00 1.00 0 0 0 0 0 0 0 0 -1000.00 -1000.00 -1000.00 -1000.00 1.9158 0.4880 0.6351 166.1116 0.6222 91.7138 -0.3404 -0.0026 -0.0062 403 pedestrian_0006
Pedestrian 1.00 1.00 0 0 0 0 0 0 0 0 -1000.00 -1000.00 -1000.00 -1000.00 1.9158 0.4880 0.6747 74.7318 1.9313 -195.1390 -0.3845 -0.0026 -0.0062 404 pedestrian_0023
Pedestrian 1.00 1.00 0 0 0 0 0 0 0 0 -1000.00 -1000.00 -1000.00 -1000.00 1.1330 0.4333 0.4448 133.3182 1.3920 -132.4311 2.8015 -0.0026 -0.0062 405 pedestrian_0011
Pedestrian 1.00 1.00 0 0 0 0 0 0 0 0 -1000.00 -1000.00 -1000.00 -1000.00 1.9158 0.4880 0.5162 131.5375 1.3041 -110.7760 -0.3065 -0.0026 -0.0062 406 pedestrian_0004
Pedestrian 1.00 1.00 0 0 0 0 0 0 0 0 -1000.00 -1000.00 -1000.00 -1000.00 1.9158 0.4880 0.3920 171.1424 1.1320 -139.3675 0.2033 -0.0026 -0.0062 407 pedestrian_0026
Pedestrian 1.00 1.00 0 0 0 0 0 0 0 0 -1000.00 -1000.00 -1000.00 -1000.00 1.3390 0.3253 0.3546 204.5727 0.6776 11.8765 -1.6588 -0.0026 -0.0062 408 pedestrian_0013
Pedestrian 1.00 1.00 0 0 0 0 0 0 0 0 -1000.00 -1000.00 -1000.00 -1000.00 1.1330 0.4333 0.5831 27.4263 2.3211 -178.6750 2.7676 -0.0026 -0.0062 409 pedestrian_0010
Pedestrian 1.00 1.00 0 0 0 0 0 0 0 0 -1000.00 -1000.00 -1000.00 -1000.00 1.9158 0.4880 0.3778 107.8919 1.2219 46.1616 -0.3871 -0.0026 -0.0062 410 pedestrian_0020
Pedestrian 1.00 1.00 0 0 0 0 0 0 0 0 -1000.00 -1000.00 -1000.00 -1000.00 1.9158 0.4880 0.7113 167.8672 1.5690 -230.4230 2.7097 -0.0026 -0.0062 411 pedestrian_0025
Pedestrian 1.00 1.00 0 0 1 0 0 0 0 0 -1000.00 -1000.00 -1000.00 -1000.00 1.1330 0.4333 0.3655 -59.2548 2.7518 -136.8784 -0.5545 -0.0026 -0.0062 412 pedestrian_0010
Pedestrian 1.00 1.00 0 0 0 0 0 0 0 0 -1000.00 -1000.00 -1000.00 -1000.00 1.9158 0.4880 0.7507 -49.7750 2.6687 -181.2413 1.5381 -0.0026 -0.0062 413 pedestrian_0015
Pedestrian 1.00 1.00 0 0 0 0 0 0 0 0 -1000.00 -1000.00 -1000.00 -1000.00 1.1330 0.4333 0.6667 112.7248 0.9709 80.4957 -1.9142 -0.0026 -0.0062 414 pedestrian_0011
Pedestrian 0.00 0.01 198 244 384 2213 0 44 0 0 749.76 370.10 800.68 499.90 1.9158 0.4880 0.6224 -9.6028 2.0705 -5.0998 -0.2149 -0.0026 -0.0062 415 pedestrian_0025
Pedestrian 0.00 1.00 0 0 0 0 0 0 0 0 851.41 338.81 855.23 345.12 1.1330 0.4333 0.5261 -102.0409 -2.7186 -21.6819 1.0859 -0.0026 -0.0062 416 pedestrian_0009
Pedestrian 0.00 1.00 0 0 1 1 0 0 0 0 1260.29 303.24 1266.81 317.06 1.9158 0.4880 0.7507 -80.3569 -6.1721 41.1962 1.2073 -0.0026 -0.0062 417 pedestrian_0026
Pedestrian 0.00 1.00 0 0 0 0 0 0 0 0 134.46 365.52 137.82 371.49 1.9158 0.4880 0.4524 -179.6441 3.6972 -267.7363 2.1864 -0.0026 -0.0062 418 pedestrian_0019
Pedestrian 1.00 1.00 0 0 0 0 0 0 0 0 -1000.00 -1000.00 -1000.00 -1000.00 1.9158 0.4880 0.4043 126.3412 1.7429 -188.2313 1.3221 -0.0026 -0.0062 419 pedestrian_0018
Pedestrian 1.00 1.00 0 0 0 0 0 0 0 0 -1000.00 -1000.00 -1000.00 -1000.00 1.9158 0.4880 0.6610 109.1909 2.2080 -386.4935 3.1309 -0.0026 -0.0062 420 pedestrian_0026
Pedestrian 0.00 0.01 99 102 163 6813 0 23 24 0 1424.45 373.00 1479.00 483.00 1.9158 0.4880 0.7507 -10.6113 2.0922 6.2973 1.1117 -0.0026 -0.0062 421 pedestrian_0005
Pedestrian 1.00 1.00 0 0 0 0 0 0 0 0 -1000.00 -1000.00 -1000.00 -1000.00 1.9158 0.4880 0.4173 118.7831 1.1706 30.5898 0.4101 -0.0026 -0.0062 422 pedestrian_0021
Pedestrian 1.00 1.00 0 0 0 0 0 0 0 0 -1000.00 -1000.00 -1000.00 -1000.00 1.9158 0.4880 0.6419 194.4086 0.7836 20.0196 -0.4113 -0.0026 -0.0062 423 pedestrian_0025
Pedestrian 1.00 1.00 0 0 0 0 0 0 0 0 -1000.00 -1000.00 -1000.00 -1000.00 1.9158 0.4880 0.4770 53.2805 1.3879 44.9790 2.8211 -0.0026 -0.0062 424 pedestrian_0008
Pedestrian 1.00 1.00 5 5 9 59 0 0 0 1 -1000.00 -1000.00 -1000.00 -1000.00 1.9158 0.4880 0.4746 53.1896 1.6221 -24.1214 -0.3112 -0.0026 -0.0062 425 pedestrian_0018
Pedestrian 1.00 1.00 0 0 0 0 0 0 0 0 -1000.00 -1000.00 -1000.00 -1000.00 1.9158 0.4880 0.7507 144.0893 1.5644 -221.6855 2.7629 -0.0026 -0.0062 426 pedestrian_0020
Pedestrian 1.00 1.00 0 0 0 0 0 0 0 0 -1000.00 -1000.00 -1000.00 -1000.00 1.3390 0.3253 0.5005 2.2913 2.6084 -228.4345 0.9356 -0.0026 -0.0062 427 pedestrian_0012
Pedestrian 1.00 1.00 0 0 0 0 0 0 0 0 -1000.00 -1000.00 -1000.00 -1000.00 1.1330 0.4333 0.3601 188.0849 0.8267 -45.0544 -2.4499 -0.0026 -0.0062 428 pedestrian_0011
Pedestrian 1.00 1.00 0 0 0 0 0 0 0 0 -1000.00 -1000.00 -1000.00 -1000.00 1.9158 0.4880 0.5538 -3.1682 2.7634 -279.6565 2.9573 -0.0026 -0.0062 429 pedestrian_0006
Pedestrian 1.00 1.00 0 0 0 0 0 0 0 0 -1000.00 -1000.00 -1000.00 -1000.00 1.9158 0.4880 0.6322 105.9647 1.0730 61.7211 -1.9096 -0.0026 -0.0062 430 pedestrian_0021
Pedestrian 1.00 1.00 0 0 0 0 0 0 0 0 -1000.00 -1000.00 -1000.00 -1000.00 1.9158 0.4880 0.7507 169.0731 1.4745 -260.1535 1.1691 -0.0026 -0.0062 431 pedestrian_0026
Pedestrian 0.00 1.00 0 0 0 0 0 0 0 0 1313.70 300.84 1319.82 315.14 1.9158 0.4880 0.6559 -78.1421 -6.2733 47.3991 -2.0450 -0.0026 -0.0062 432 pedestrian_0026
Pedestrian 1.00 1.00 0 0 0 0 0 0 0 0 -1000.00 -1000.00 -1000.00 -1000.00 1.9158 0.4880 0.4404 133.8176 1.4014 -133.2445 -0.7217 -0.0026 -0.0062 433 pedestrian_0002
Pedestrian 1.00 1.00 0 0 0 0 0 0 0 0 -1000.00 -1000.00 -1000.00 -1000.00 1.9158 0.4880 0.7507 92.1121 1.5595 -115.2379 2.8001 -0.0026 -0.0062 434 pedestrian_0001
Pedestrian 1.00 1.00 0 0 0 0 0 0 0 0 -1000.00 -1000.00 -1000.00 -1000.00 1.9158 0.4880 0.7507 180.4713 -9.4380 79.5244 -0.3266 -0.0026 -0.0062 435 pedestrian_0022
Pedestrian 1.00 1.00 0 0 0 8 0 0 0 0 -1000.00 -1000.00 -1000.00 -1000.00 1.9158 0.4880 0.5096 118.0339 1.2736 -45.1987 -0.3471 -0.0026 -0.0062 436 pedestrian_0005
Pedestrian 1.00 1.00 0 0 0 0 0 0 0 0 -1000.00 -1000.00 -1000.00 -1000.00 1.3390 0.3253 0.3839 -10.3051 2.6327 -275.5803 -0.3592 -0.0026 -0.0062 437 pedestrian_0013
Pedestrian 1.00 1.00 0 0 0 0 0 0 0 0 -1000.00 -1000.00 -1000.00 -1000.00 1.1330 0.4333 0.6667 221.4833 1.2514 -290.2204 1.2446 -0.0026 -0.0062 438 pedestrian_0011
Pedestrian 1.00 1.00 0 0 0 0 0 0 0 0 -1000.00 -1000.00 -1000.00 -1000.00 1.9158 0.4880 0.7507 -41.5035 2.6251 -183.9975 -1.3446 -0.0026 -0.0062 439 pedestrian_0006
Pedestrian 0.00 1.00 0 0 0 0 0 0 0 0 1070.70 329.40 1073.11 335.48 1.3390 0.3253 0.4814 -125.1452 -5.5005 22.8157 1.2280 -0.0026 -0.0062 440 pedestrian_0014
Pedestrian 1.00 1.00 0 0 0 0 0 0 0 0 -1000.00 -1000.00 -1000.00 -1000.00 1.9158 0.4880 0.4774 31.5586 2.3085 -179.2968 -0.4018 -0.0026 -0.0062 441 pedestrian_0025
Pedestrian 1.00 1.00 0 0 0 0 0 0 0 0 -1000.00 -1000.00 -1000.00 -1000.00 1.9158 0.4880 0.4613 -125.2582 3.4722 -312.7891 -0.0871 -0.0026 -0.0062 442 pedestrian_0003
Pedestrian 1.00 1.00 0 0 0 0 0 0 0 0 -1000.00 -1000.00 -1000.00 -1000.00 1.9158 0.4880 0.7507 42.9189 1.9377 -122.0144 -2.0038 -0.0026 -0.0062 443 pedestrian_0024
Pedestrian 1.00 1.00 1 2 1 9 0 0 0 0 -1000.00 -1000.00 -1000.00 -1000.00 1.9158 0.4880 0.4630 96.1780 1.5375 -35.7922 0.0203 -0.0026 -0.0062 444 pedestrian_0007
Pedestrian 1.00 1.00 0 0 0 0 0 0 0 0 -1000.00 -1000.00 -1000.00 -1000.00 1.9158 0.4880 0.4070 19.8959 2.2336 -180.6644 -1.7841 -0.0026 -0.0062 445 pedestrian_0023
Pedestrian 1.00 1.00 0 0 0 0 0 0 0 0 -1000.00 -1000.00 -1000.00 -1000.00 1.9158 0.4880 0.6143 -110.2650 3.3982 -319.5542 -0.3321 -0.0026 -0.0062 446 pedestrian_0026
Pedestrian 1.00 1.00 0 0 0 0 0 0 0 0 -1000.00 -1000.00 -1000.00 -1000.00 1.1330 0.4333 0.6304 78.4709 -8.8075 77.1004 2.7954 -0.0026 -0.0062 447 pedestrian_0009
Pedestrian 1.00 1.00 0 0 0 0 0 0 0 0 -1000.00 -1000.00 -1000.00 -1000.00 1.9158 0.4880 0.7507 263.7689 -9.6182 -56.1905 -1.6399 -0.0026 -0.0062 448 pedestrian_0015
Pedestrian 1.00 1.00 0 0 0 0 0 0 0 0 -1000.00 -1000.00 -1000.00 -1000.00 1.9158 0.4880 0.3926 118.6749 1.0339 45.5148 2.2750 -0.0026 -0.0062 449 pedestrian_0017
Pedestrian 1.00 1.00 1 1 0 20 2 0 0 0 -1000.00 -1000.00 -1000.00 -1000.00 1.9158 0.4880 0.6535 -19.3593 2.2277 -84.2643 -1.9587 -0.0026 -0.0062 450 pedestrian_0023
Pedestrian 1.00 1.00 0 0 1 14 0 0 0 0 -1000.00 -1000.00 -1000.00 -1000.00 1.9158 0.4880 0.4169 -35.3867 2.2861 -72.3382 2.2222 -0.0026 -0.0062 451 pedestrian_0001
Pedestrian 1.00 1.00 0 0 0 0 0 0 0 0 -1000.00 -1000.00 -1000.00 -1000.00 1.9158 0.4880 0.7155 12.2626 2.4760 -263.4629 1.2556 -0.0026 -0.0062 452 pedestrian_0017
Pedestrian 1.00 1.00 0 0 0 0 0 0 0 0 -1000.00 -1000.00 -1000.00 -1000.00 1.1330 0.4333 0.3333 46.8407 2.3195 -297.1433 -2.8767 -0.0026 -0.0062 453 pedestrian_0011
Pedestrian 1.00 1.00 0 0 0 0 0 0 0 0 -1000.00 -1000.00 -1000.00 -1000.00 1.9158 0.4880 0.5792 240.1256 1.0111 -237.6047 1.1061 -0.0026 -0.0062 454 pedestrian_0018
Pedestrian 1.00 1.00 104 95 164 937 0 0 0 23 -1000.00 -1000.00 -1000.00 -1000.00 1.9158 0.4880 0.6940 12.6608 1.9797 -6.1395 -1.6883 -0.0026 -0.0062 455 pedestrian_0021
Pedestrian 1.00 1.00 0 0 0 0 0 0 0 0 -1000.00 -1000.00 -1000.00 -1000.00 1.9158 0.4880 0.4899 90.5159 1.2782 18.6655 -1.9219 -0.0026 -0.0062 456 pedestrian_0007
Pedestrian 1.00 1.00 0 0 0 0 0 0 0 0 -1000.00 -1000.00 -1000.00 -1000.00 1.9158 0.4880 0.5360 139.6482 1.2912 -112.2093 -0.4853 -0.0026 -0.0062 457 pedestrian_0021
Pedestrian 1.00 1.00 0 0 0 0 0 0 0 0 -1000.00 -1000.00 -1000.00 -1000.00 1.9158 0.4880 0.7507 147.5844 -9.1641 53.3695 -0.3379 -0.0026 -0.0062 458 pedestrian_0019
Pedestrian 0.00 1.00 0 0 0 0 0 0 0 0 756.38 366.10 759.09 370.25 1.1330 0.4333 0.5520 -153.7652 2.8186 -57.9770 1.2007 -0.0026 -0.0062 459 pedestrian_0009
Pedestrian 0.00 1.00 0 0 0 0 0 0 0 0 634.58 364.21 637.66 370.57 1.9158 0.4880 0.6375 -169.0966 3.1979 -100.4396 -1.8404 -0.0026 -0.0062 460 pedestrian_0004
Pedestrian 1.00 1.00 0 0 1 3 0 0 0 0 -1000.00 -1000.00 -1000.00 -1000.00 1.3390 0.3253 0.2639 -35.1180 2.2926 -74.6550 1.1399 -0.0026 -0.0062 461 pedestrian_0012
Pedestrian 1.00 1.00 0 0 0 0 0 0 0 0 -1000.00 -1000.00 -1000.00 -1000.00 1.9158 0.4880 0.4052 84.4331 1.8258 -178.5566 -0.3279 -0.0026 -0.0062 462 pedestrian_0006
Pedestrian 1.00 1.00 0 0 0 0 0 0 0 0 -1000.00 -1000.00 -1000.00 -1000.00 1.1330 0.4333 0.6667 131.9276 1.1917 -51.3396 -0.3371 -0.0026 -0.0062 463 pedestrian_0009
Pedestrian 1.00 1.00 0 0 0 0 0 0 0 0 -1000.00 -1000.00 -1000.00 -1000.00 1.3390 0.3253 0.4135 177.6855 0.9656 -72.7308 0.8005 -0.0026 -0.0062 464 pedestrian_0014
Pedestrian 1.00 1.00 0 0 0 0 0 0 0 0 -1000.00 -1000.00 -1000.00 -1000.00 1.1330 0.4333 0.6667 118.3176 1.7467 -233.9574 -2.1015 -0.0026 -0.0062 465 pedestrian_0010
Pedestrian 1.00 1.00 31 35 59 375 0 0 0 4 -1000.00 -1000.00 -1000.00 -1000.00 1.9158 0.4880 0.7208 23.8142 1.7801 -14.7142 -0.2461 -0.0026 -0.0062 466 pedestrian_0017
Pedestrian 0.00 1.00 0 0 0 0 0 0 0 0 6.69 365.79 15.13 378.98 1.9158 0.4880 0.5125 -81.9336 2.7617 -140.7766 2.8501 -0.0026 -0.0062 467 pedestrian_0004
Pedestrian 1.00 1.00 0 0 0 0 0 0 0 0 -1000.00 -1000.00 -1000.00 -1000.00 1.9158 0.4880 0.5909 13.4475 2.1867 -149.1437 -1.1124 -0.0026 -0.0062 468 pedestrian_0021
Pedestrian 1.00 1.00 0 0 0 2 0 0 0 0 -1000.00 -1000.00 -1000.00 -1000.00 1.3390 0.3253 0.2736 179.8331 0.9418 -68.6490 -1.8671 -0.0026 -0.0062 469 pedestrian_0013
Pedestrian 1.00 1.00 0 0 0 0 0 0 0 0 -1000.00 -1000.00 -1000.00 -1000.00 1.9158 0.4880 0.7507 29.3246 1.7761 -29.3933 -1.4369 -0.0026 -0.0062 470 pedestrian_0001
Pedestrian 1.00 1.00 2 4 6 10 0 0 0 0 -1000.00 -1000.00 -1000.00 -1000.00 1.9158 0.4880 0.7507 -25.5848 2.3099 -101.2386 -1.9306 -0.0026 -0.0062 471 pedestrian_0015
Pedestrian 0.00 1.00 0 0 0 0 0 0 0 0 546.77 364.45 549.87 370.35 1.9158 0.4880 0.7507 -182.1414 3.3730 -136.7606 1.1979 -0.0026 -0.0062 472 pedestrian_0024
Pedestrian 1.00 1.00 0 0 0 0 0 0 0 0 -1000.00 -1000.00 -1000.00 -1000.00 1.3390 0.3253 0.3293 137.1938 1.5237 -132.5930 2.6483 -0.0026 -0.0062 473 pedestrian_0013
Pedestrian 1.00 1.00 0 0 0 0 0 0 0 0 -1000.00 -1000.00 -1000.00 -1000.00 1.9158 0.4880 0.6820 133.7095 2.0486 -383.3779 0.2008 -0.0026 -0.0062 474 pedestrian_0018
Pedestrian 1.00 1.00 0 0 0 0 0 0 0 0 -1000.00 -1000.00 -1000.00 -1000.00 1.3390 0.3253 0.4782 149.1656 1.6953 -300.2808 -2.0828 -0.0026 -0.0062 475 pedestrian_0012
Pedestrian 1.00 1.00 0 0 0 0 0 0 0 0 -1000.00 -1000.00 -1000.00 -1000.00 1.9158 0.4880 0.6484 45.0201 1.9037 -114.3593 -1.8673 -0.0026 -0.0062 476 pedestrian_0026
Pedestrian 1.00 1.00 0 0 0 0 0 0 0 0 -1000.00 -1000.00 -1000.00 -1000.00 1.9158 0.4880 0.5236 175.4675 1.7359 -363.0611 -2.4225 -0.0026 -0.0062 477 pedestrian_0016
Pedestrian 1.00 1.00 0 0 0 0 0 0 0 0 -1000.00 -1000.00 -1000.00 -1000.00 1.9158 0.4880 0.3842 -60.8426 2.7712 -136.1592 1.4038 -0.0026 -0.0062 478 pedestrian_0006
Pedestrian 1.00 1.00 0 0 0 0 0 0 0 0 -1000.00 -1000.00 -1000.00 -1000.00 1.9158 0.4880 0.5895 60.6624 2.4900 -378.8303 2.7942 -0.0026 -0.0062 479 pedestrian_0001
Pedestrian 1.00 1.00 0 0 0 0 0 0 0 0 -1000.00 -1000.00 -1000.00 -1000.00 1.9158 0.4880 0.7507 87.9487 1.3200 9.2982 -1.9613 -0.0026 -0.0062 480 pedestrian_0021
Car 1.00 1.00 0 0 0 0 0 0 0 0 -1000.00 -1000.00 -1000.00 -1000.00 1.6980 1.9434 4.1871 130.2882 1.3684 -97.9719 -0.3366 -0.0026 -0.0062 481 citroen_c3
Car 1.00 1.00 0 0 0 0 0 0 0 0 -1000.00 -1000.00 -1000.00 -1000.00 1.9718 2.0005 4.0595 120.1227 1.3857 -93.5925 -0.3366 -0.0026 -0.0062 482 jeep_wrangler_rubicon
Car 1.00 1.00 0 0 0 0 0 0 0 0 -1000.00 -1000.00 -1000.00 -1000.00 1.9718 2.0005 4.0595 140.0061 1.2324 -68.3952 2.8050 -0.0026 -0.0062 483 jeep_wrangler_rubicon
Car 1.00 1.00 0 0 0 0 0 0 0 0 -1000.00 -1000.00 -1000.00 -1000.00 1.9718 2.0005 4.0595 119.1512 1.3989 -96.3686 -0.3366 -0.0026 -0.0062 484 jeep_wrangler_rubicon
Car 1.00 1.00 0 0 0 0 0 0 0 0 -1000.00 -1000.00 -1000.00 -1000.00 1.9718 2.0005 4.0595 81.0661 1.8565 -165.7433 1.2342 -0.0026 -0.0062 485 nissan_patrol
Car 1.00 1.00 0 0 0 0 0 0 0 0 -1000.00 -1000.00 -1000.00 -1000.00 1.5488 2.0688 3.9961 83.7956 1.8698 -166.7124 -1.9074 -0.0026 -0.0062 486 nissan_patrol
Car 1.00 1.00 0 0 0 0 0 0 0 0 -1000.00 -1000.00 -1000.00 -1000.00 1.4855 2.1349 -5.6254 67.2373 1.9020 -154.0980 -1.9074 -0.0026 -0.0062 487 nissan_patrol
Car 1.00 1.00 0 0 0 0 0 0 0 0 -1000.00 -1000.00 -1000.00 -1000.00 1.6244 1.8781 -3.8906 83.1875 1.8035 -159.6801 1.2342 -0.0026 -0.0062 488 nissan_patrol
Car 1.00 1.00 0 0 0 0 0 0 0 0 -1000.00 -1000.00 -1000.00 -1000.00 1.7506 2.3538 -4.8416 67.7048 1.9188 -135.7548 1.2342 -0.0026 -0.0062 489 nissan_patrol
Car 1.00 1.00 0 0 0 0 0 0 0 0 -1000.00 -1000.00 -1000.00 -1000.00 1.9718 2.0005 -4.0595 81.1860 1.7907 -140.5150 -1.9074 -0.0026 -0.0062 490 nissan_patrol
Car 1.00 1.00 0 0 0 0 0 0 0 0 -1000.00 -1000.00 -1000.00 -1000.00 1.9476 2.0282 4.8347 59.8264 1.9542 -158.2653 -1.9074 -0.0026 -0.0062 491 nissan_patrol
Car 1.00 1.00 0 0 0 0 0 0 0 0 -1000.00 -1000.00 -1000.00 -1000.00 1.9718 2.0005 4.0595 62.5391 1.9549 -159.2757 -1.9074 -0.0026 -0.0062 492 nissan_patrol
Car 1.00 1.00 0 0 0 0 0 0 0 0 -1000.00 -1000.00 -1000.00 -1000.00 1.6244 1.8781 3.8906 68.3089 1.8524 -142.7929 1.2342 -0.0026 -0.0062 493 nissan_patrol
Car 1.00 1.00 0 0 0 0 0 0 0 0 -1000.00 -1000.00 -1000.00 -1000.00 1.5488 2.0688 3.9961 70.8809 1.8907 -143.6913 -1.9074 -0.0026 -0.0062 494 nissan_patrol
Car 1.00 1.00 0 0 0 0 0 0 0 0 -1000.00 -1000.00 -1000.00 -1000.00 2.1397 2.1728 4.7017 79.0792 1.8059 -146.5372 -1.9074 -0.0026 -0.0062 495 nissan_patrol
Car 1.00 1.00 0 0 0 0 0 0 0 0 -1000.00 -1000.00 -1000.00 -1000.00 1.9476 2.0282 4.8347 86.8518 1.7630 -149.2061 -1.9074 -0.0026 -0.0062 496 nissan_patrol
Car 1.00 1.00 0 0 0 0 0 0 0 0 -1000.00 -1000.00 -1000.00 -1000.00 1.5100 1.8730 4.1000 89.5647 1.7405 -150.2259 -1.9074 -0.0026 -0.0062 497 nissan_patrol
Car 1.00 1.00 0 0 0 0 0 0 0 0 -1000.00 -1000.00 -1000.00 -1000.00 1.5488 2.0688 3.9961 81.3269 1.7940 -131.3540 1.2342 -0.0026 -0.0062 498 nissan_patrol
Car 1.00 1.00 0 0 0 0 0 0 0 0 -1000.00 -1000.00 -1000.00 -1000.00 1.5100 1.8730 4.1000 84.0579 1.7285 -132.3142 1.2342 -0.0026 -0.0062 499 nissan_patrol
Car 1.00 1.00 0 0 0 0 0 0 0 0 -1000.00 -1000.00 -1000.00 -1000.00 1.9476 2.0282 4.8347 86.6051 1.7232 -133.1563 -1.9074 -0.0026 -0.0062 500 nissan_patrol
Car 1.00 1.00 0 0 0 0 0 0 0 0 -1000.00 -1000.00 -1000.00 -1000.00 2.1397 2.1728 -4.7017 72.6724 1.7813 -121.5548 -1.9074 -0.0026 -0.0062 501 nissan_patrol
Car 1.00 1.00 0 0 0 0 0 0 0 0 -1000.00 -1000.00 -1000.00 -1000.00 1.9476 2.0282 -4.8347 75.4278 1.7650 -122.4479 1.2342 -0.0026 -0.0062 502 nissan_patrol
Car 1.00 1.00 0 0 0 0 0 0 0 0 -1000.00 -1000.00 -1000.00 -1000.00 1.6244 1.8781 -3.8906 91.4337 1.6710 -128.1255 -1.9074 -0.0026 -0.0062 503 nissan_patrol
Car 1.00 1.00 0 0 0 0 0 0 0 0 -1000.00 -1000.00 -1000.00 -1000.00 1.7506 2.3538 -4.8416 93.9167 1.7386 -129.0201 -1.9074 -0.0026 -0.0062 504 nissan_patrol
Car 1.00 1.00 0 0 0 0 0 0 0 0 -1000.00 -1000.00 -1000.00 -1000.00 1.9476 2.0282 4.8347 132.3975 1.3014 -93.9664 2.8050 -0.0026 -0.0062 505 nissan_patrol
Car 1.00 1.00 0 0 0 0 0 0 0 0 -1000.00 -1000.00 -1000.00 -1000.00 1.5475 1.9070 4.4025 138.7041 1.2244 -70.9040 2.8050 -0.0026 -0.0062 506 seat_leon
Car 1.00 1.00 0 0 0 0 0 0 0 0 -1000.00 -1000.00 -1000.00 -1000.00 2.5908 2.7453 5.4640 135.4385 1.3181 -85.0809 2.8050 -0.0026 -0.0062 507 carlamotors_carlacola
Car 1.00 1.00 0 0 0 0 0 0 0 0 -1000.00 -1000.00 -1000.00 -1000.00 2.5908 2.7453 5.4640 172.4687 0.9130 -8.8051 -0.3366 -0.0026 -0.0062 508 carlamotors_carlacola
Car 1.00 1.00 0 0 0 0 0 0 0 0 -1000.00 -1000.00 -1000.00 -1000.00 2.5908 2.7453 5.4640 173.6210 0.8974 -5.5123 -0.3366 -0.0026 -0.0062 509 carlamotors_carlacola
Car 1.00 1.00 0 0 0 0 0 0 0 0 -1000.00 -1000.00 -1000.00 -1000.00 2.5908 2.7453 5.4640 145.2740 0.9398 -1.0224 -1.9074 -0.0026 -0.0062 510 carlamotors_carlacola
Car 1.00 1.00 0 0 0 0 0 0 0 0 -1000.00 -1000.00 -1000.00 -1000.00 2.5908 2.7453 5.4640 134.0146 1.3374 -89.1499 2.8050 -0.0026 -0.0062 511 carlamotors_carlacola
Car 1.00 1.00 11 10 16 1446 0 0 0 1 -1000.00 -1000.00 -1000.00 -1000.00 2.2031 2.5091 6.5872 39.3240 1.7744 -26.2241 2.2814 -0.0026 -0.0062 512 tesla_cybertruck