Car 1.00 1.00 0 0 0 0 0 0 0 0 -1000.00 -1000.00 -1000.00 -1000.00 1.5542 2.3421 5.1370 -259.3069 2.3128 -135.7517 -1.5364 -0.0015 0.0004 0 lincoln2020_mkz2020
Car 1.00 1.00 6761 237645 381066 0 0 0 0 0 -1000.00 -1000.00 -1000.00 -1000.00 2.1397 2.1728 4.7045 -0.0005 2.0932 -2.2389 1.5708 0.0000 0.0000 1 volkswagen_t2
Motorcycle 1.00 1.00 0 0 0 0 0 0 0 0 -1000.00 -1000.00 -1000.00 -1000.00 1.6960 1.0692 2.4735 -89.4179 2.3920 -204.9592 -1.5835 0.0017 -0.0000 2 harley_davidson_low_rider
Motorcycle 1.00 1.00 0 0 0 0 0 0 0 0 -1000.00 -1000.00 -1000.00 -1000.00 1.6960 1.0692 2.4735 -262.8175 2.2827 -120.7471 -1.5425 0.0021 0.0002 3 harley_davidson_low_rider
Car 0.00 1.00 0 0 0 0 0 0 0 0 1161.35 362.08 1176.45 368.17 1.6320 2.1403 5.2230 155.0496 2.2247 -60.2487 -3.1236 -0.0056 -0.0000 4 dodge_charger_police
Car 1.00 1.00 0 0 0 0 0 0 0 0 -1000.00 -1000.00 -1000.00 -1000.00 1.5542 2.3421 5.1370 -67.4550 2.4753 -263.5419 -3.1234 -0.0004 -0.0000 5 lincoln2020_mkz2020
Car 1.00 1.00 0 0 0 0 0 0 0 0 -1000.00 -1000.00 -1000.00 -1000.00 1.4546 2.0938 4.3903 -250.6120 2.1054 27.7646 1.5487 -0.0014 -0.0007 6 audi_tt
Car 1.00 1.00 0 0 0 0 0 0 0 0 -1000.00 -1000.00 -1000.00 -1000.00 1.4477 1.5550 2.3177 -31.8243 2.3508 -160.8372 0.0209 -0.0102 -0.0001 7 bmw_isetta
Car 1.00 1.00 0 0 0 2 0 0 0 0 -1000.00 -1000.00 -1000.00 -1000.00 1.7173 2.2591 5.2781 -103.4279 1.9864 124.3184 0.0090 -0.0084 -0.0002 8 mercedes_benz_coupe
Car 1.00 1.00 287 303 490 17712 0 45 47 0 -1000.00 -1000.00 -1000.00 -1000.00 1.4812 2.1349 5.6254 -20.5128 2.1161 18.6810 0.0185 -0.0013 -0.0000 9 chevrolet_impala
Car 0.19 1.00 0 0 0 0 0 0 0 0 0.00 363.78 99.67 383.47 1.6115 2.2019 5.2564 50.4348 1.9732 79.5983 0.0222 0.0051 0.0005 10 charger2020_charger2020
Car 0.00 1.00 0 0 0 0 0 0 0 0 1520.99 360.28 1559.63 369.72 2.2031 2.5091 6.5872 132.3141 2.2762 -139.6464 -1.5561 -0.0016 -0.0000 11 tesla_cybertruck
Car 1.00 1.00 0 0 0 0 0 0 0 0 -1000.00 -1000.00 -1000.00 -1000.00 1.5140 2.1024 4.9073 -81.2915 2.2650 -100.4345 1.5224 -0.0005 -0.0001 12 mercedesccc_mercedesccc
Car 0.00 1.00 0 0 0 0 0 0 0 0 1370.20 361.79 1386.73 366.77 1.6980 1.9434 4.1871 194.9642 2.3358 -148.6327 -2.6888 -0.0009 -0.0017 13 citroen_c3
Car 0.00 1.00 0 0 0 0 0 0 0 0 1236.84 363.53 1262.21 371.24 1.4812 2.1349 5.6254 113.6390 2.2218 -60.9931 -3.1248 -0.0048 -0.0000 14 chevrolet_impala
Car 0.00 1.00 0 0 0 0 0 0 0 0 1317.37 362.35 1345.63 369.51 1.6320 2.1403 5.2230 131.8747 2.2089 -89.9057 -1.5723 -0.0067 0.0001 15 dodge_charger_police
Car 1.00 1.00 0 1 1 2 1 0 0 0 -1000.00 -1000.00 -1000.00 -1000.00 1.5863 2.2347 5.1468 -19.8823 2.3507 -164.2748 0.0129 -0.0013 -0.0000 16 lincoln_mkz2017
Car 1.00 1.00 0 0 0 0 0 0 0 0 -1000.00 -1000.00 -1000.00 -1000.00 1.7318 2.1344 5.0985 -247.1608 2.1615 -8.1096 1.5676 -0.0016 -0.0000 17 audi_etron
Car 1.00 1.00 0 0 0 0 0 0 0 0 -1000.00 -1000.00 -1000.00 -1000.00 1.7506 2.3538 4.8416 -29.1652 2.3481 -164.3972 0.0125 -0.0052 -0.0000 18 bmw_grandtourer
Car 1.00 1.00 20 21 32 287 0 0 4 0 -1000.00 -1000.00 -1000.00 -1000.00 1.5765 1.9374 3.8150 16.9314 1.9702 71.6163 0.5524 -0.0012 -0.0008 19 nissan_micra
Motorcycle 1.00 1.00 14 9 18 70 0 0 0 0 -1000.00 -1000.00 -1000.00 -1000.00 1.6960 1.0692 2.4735 -28.0919 2.2191 -73.8366 0.0165 0.0028 -0.0000 20 harley_davidson_low_rider
Car 1.00 1.00 0 0 0 0 0 0 0 0 -1000.00 -1000.00 -1000.00 -1000.00 1.5765 1.9374 3.8150 -78.7165 2.3628 -184.0081 1.5583 -0.0013 -0.0000 21 nissan_micra
Car 0.00 1.00 0 0 0 0 0 0 0 0 1249.64 362.26 1274.14 370.50 1.7203 2.2019 5.4994 121.3991 2.2246 -67.7377 0.0283 -0.0014 0.0006 22 chargercop2020_chargercop2020
Car 1.00 1.00 27 32 55 253 5 0 0 0 -1000.00 -1000.00 -1000.00 -1000.00 1.5475 1.9070 4.4025 -23.5400 2.2258 -70.2384 0.0161 -0.0013 -0.0000 23 seat_leon
Car 1.00 1.00 0 0 0 0 0 0 0 0 -1000.00 -1000.00 -1000.00 -1000.00 1.3660 1.9896 4.9534 -72.1974 2.3408 -158.3335 -3.0505 -0.0011 0.0002 24 mustang_mustang
Cyclist 1.00 1.00 0 0 0 0 0 0 0 0 -1000.00 -1000.00 -1000.00 -1000.00 1.9709 0.6705 1.7250 -86.8946 2.0198 76.8593 -1.5560 0.0025 -0.0000 25 diamondback_century
Cyclist 1.00 1.00 5 7 10 46 0 0 0 0 -1000.00 -1000.00 -1000.00 -1000.00 1.7065 0.8593 1.4873 -68.0284 2.0574 25.0786 -3.1412 -0.0014 0.0000 26 bh_crossbike
Car 1.00 1.00 0 0 0 0 0 0 0 0 -1000.00 -1000.00 -1000.00 -1000.00 2.1397 2.1728 4.7045 -63.1009 2.2292 -63.9187 -3.1244 0.0027 0.0001 27 volkswagen_t2
Car 1.00 1.00 0 0 0 0 0 0 0 0 -1000.00 -1000.00 -1000.00 -1000.00 1.9718 2.0005 4.0595 -242.9844 2.0891 38.4389 1.4556 -0.0026 -0.0035 28 jeep_wrangler_rubicon
Car 0.00 0.72 0 0 0 132 0 0 0 0 697.92 366.67 753.35 388.64 1.5627 2.2716 5.0314 44.5067 2.1163 16.0154 0.0128 -0.0004 -0.0000 29 tesla_model3
Car 1.00 1.00 0 0 0 0 0 0 0 0 -1000.00 -1000.00 -1000.00 -1000.00 1.4546 2.0938 4.3903 76.2038 2.3758 -179.8481 1.5780 -0.0013 -0.0000 30 audi_tt
Car 0.00 1.00 0 0 0 0 0 0 0 0 1302.63 362.57 1324.02 368.92 1.5488 2.0688 3.9961 138.6039 2.1945 -89.9174 1.5858 -0.0013 -0.0000 31 mini_cooperst
Car 0.00 1.00 0 0 0 0 0 0 0 0 933.38 364.01 970.23 376.61 1.6011 2.1072 4.7392 73.3991 2.1350 -1.1620 1.5938 -0.0013 -0.0000 32 toyota_prius
Car 1.00 1.00 0 0 0 0 0 0 0 0 -1000.00 -1000.00 -1000.00 -1000.00 2.1397 2.1728 4.7045 -107.9449 2.1192 21.4183 -3.1097 -0.0020 0.0068 33 volkswagen_t2
Car 1.00 1.00 0 0 0 1 0 0 0 0 -1000.00 -1000.00 -1000.00 -1000.00 1.6011 2.1072 4.7392 -83.6339 2.0107 94.4029 1.5845 -0.0013 -0.0000 34 toyota_prius
Car 0.00 1.00 0 0 0 0 0 0 0 0 1312.63 365.83 1349.88 376.10 1.3660 1.9896 4.9534 78.7437 2.2027 -54.2942 1.9847 -0.0013 -0.0009 35 mustang_mustang
Car 0.00 1.00 0 0 0 0 0 0 0 0 1133.67 361.70 1143.97 366.25 1.6011 2.1072 4.7392 200.4817 2.2199 -66.5651 0.0164 -0.0013 -0.0000 36 toyota_prius
Car 1.00 1.00 25 16 34 119 33 0 0 0 -1000.00 -1000.00 -1000.00 -1000.00 1.7506 2.3538 4.8416 -1.9156 2.1916 -89.1286 1.5909 -0.0013 -0.0000 37 bmw_grandtourer
Car 0.00 1.00 0 0 0 0 0 0 0 0 1480.57 360.49 1511.59 368.40 2.2031 2.5091 6.5872 159.9742 2.3527 -155.8714 -3.1395 -0.0019 -0.0011 38 tesla_cybertruck
Motorcycle 0.00 1.00 0 0 0 0 0 0 0 0 951.74 361.81 961.24 368.54 1.6387 1.2138 2.3199 137.3338 2.0884 -1.3705 1.5848 -0.0026 0.0000 39 yamaha_yzf
Car 1.00 1.00 0 0 0 0 0 0 0 0 -1000.00 -1000.00 -1000.00 -1000.00 1.9476 2.0282 4.8347 -77.5540 2.2506 -97.4134 1.5563 -0.0025 -0.0000 40 nissan_patrol
Car 1.00 1.00 0 4 6 20 6 0 0 0 -1000.00 -1000.00 -1000.00 -1000.00 1.6115 2.2019 5.2564 -1.6477 2.2042 -95.5183 1.6374 -0.0009 0.0007 41 charger2020_charger2020
Car 1.00 1.00 0 0 0 0 0 0 0 0 -1000.00 -1000.00 -1000.00 -1000.00 1.6115 2.2019 5.2564 72.1257 2.3185 -140.7260 -1.5256 -0.0014 0.0006 42 charger2020_charger2020
Motorcycle 0.00 1.00 0 0 0 0 0 0 0 0 925.93 361.59 936.18 368.42 1.6649 1.0692 2.4735 137.2472 2.0581 4.8668 1.5851 0.0017 -0.0000 43 harley_davidson_low_rider
Car 1.00 1.00 0 0 0 0 0 0 0 0 -1000.00 -1000.00 -1000.00 -1000.00 1.5542 2.3421 5.1370 -254.5144 2.3614 -172.4432 -1.5282 -0.0031 0.0023 44 lincoln2020_mkz2020
Motorcycle 0.00 1.00 0 0 0 0 0 0 0 0 1051.45 363.20 1070.98 375.71 1.6960 1.0692 2.4735 77.1871 2.1418 -16.1361 1.5898 -0.0020 0.0001 45 harley_davidson_low_rider
Cyclist 1.00 1.00 0 0 0 0 0 0 0 0 -1000.00 -1000.00 -1000.00 -1000.00 1.9310 0.5921 1.9272 52.4003 2.3215 -159.8798 0.0127 -0.0054 -0.0000 46 gazelle_omafiets
Car 1.00 1.00 2453 2828 4488 61353 0 0 819 0 -1000.00 -1000.00 -1000.00 -1000.00 1.7318 2.1344 5.0985 0.0330 2.0843 6.8079 1.5660 -0.0013 -0.0000 47 audi_etron
Car 0.00 1.00 0 0 0 0 0 0 0 0 860.37 360.61 873.92 370.39 1.9476 2.0282 4.8347 116.0615 2.0929 16.9842 0.0132 0.0172 -0.0000 48 nissan_patrol
Car 1.00 1.00 152 181 280 14137 0 32 40 0 -1000.00 -1000.00 -1000.00 -1000.00 1.7203 2.2019 5.4994 -27.0882 2.1125 18.4891 0.0596 -0.0014 0.0006 49 chargercop2020_chargercop2020
Car 1.00 1.00 0 0 0 0 0 0 0 0 -1000.00 -1000.00 -1000.00 -1000.00 1.6244 1.8781 3.8906 -153.0428 2.2770 -109.9479 1.6124 -0.0021 -0.0043 50 audi_a2
Car 1.00 1.00 0 0 0 0 0 0 0 0 -1000.00 -1000.00 -1000.00 -1000.00 1.5863 2.2347 5.1468 -85.1456 2.3271 -145.8894 -1.5795 -0.0013 -0.0000 51 lincoln_mkz2017
Cyclist 1.00 1.00 0 0 0 1 0 0 0 0 -1000.00 -1000.00 -1000.00 -1000.00 1.9709 0.6705 1.7250 -89.9535 2.0626 44.4115 -1.5576 0.0039 -0.0000 52 diamondback_century
Cyclist 1.00 1.00 0 0 0 9 2 0 0 0 -1000.00 -1000.00 -1000.00 -1000.00 1.9311 0.5921 1.9272 -30.1785 2.2046 -70.3730 0.0160 -0.0038 -0.0000 53 gazelle_omafiets
Car 0.00 1.00 0 0 0 0 0 0 0 0 1261.51 361.80 1287.31 368.81 1.7173 2.2591 5.2781 141.9911 2.2004 -82.1675 1.5852 -0.0084 -0.0002 54 mercedes_benz_coupe
Car 1.00 1.00 0 0 0 0 0 0 0 0 -1000.00 -1000.00 -1000.00 -1000.00 1.5542 2.3421 5.1370 59.1062 2.3499 -210.3994 0.0977 0.0122 0.0019 55 lincoln2020_mkz2020
Car 1.00 1.00 0 0 0 0 0 0 0 0 -1000.00 -1000.00 -1000.00 -1000.00 1.7506 2.3538 4.8416 23.4984 2.3358 -156.7836 3.1214 -0.0013 -0.0000 56 bmw_grandtourer
Car 0.00 1.00 0 0 0 0 0 0 0 0 1594.10 365.88 1645.13 377.06 1.4546 2.0938 4.3903 75.5640 2.2588 -90.8888 1.5778 -0.0013 -0.0000 57 audi_tt
Car 1.00 1.00 0 0 0 0 0 0 0 0 -1000.00 -1000.00 -1000.00 -1000.00 1.7173 2.2591 5.2781 -80.9500 2.2667 -88.9021 1.5598 -0.0084 -0.0002 58 mercedes_benz_coupe
Car 0.00 1.00 0 0 0 0 0 0 0 0 1728.19 367.40 1845.77 387.64 1.5542 2.3421 5.1370 48.3619 2.2257 -72.5882 0.0166 0.0049 -0.0000 59 lincoln2020_mkz2020
Car 0.00 1.00 0 0 0 0 0 0 0 0 447.39 359.39 497.04 375.61 2.1397 2.1728 4.7045 75.4243 2.0624 63.1786 1.5940 -0.0013 -0.0000 60 volkswagen_t2
Car 0.00 1.00 0 0 0 0 0 0 0 0 743.22 361.03 766.89 368.56 1.7506 2.3538 4.8416 133.2429 2.0119 46.6213 -1.4777 -0.0018 -0.0040 61 bmw_grandtourer
Car 0.00 1.00 0 0 0 0 0 0 0 0 1693.74 363.33 1737.53 371.40 1.6320 2.1403 5.2230 118.6954 2.3596 -162.5433 0.0120 -0.0056 -0.0000 62 dodge_charger_police
Car 1.00 1.00 0 1 3 4 1 0 0 0 -1000.00 -1000.00 -1000.00 -1000.00 1.6980 1.9434 4.1871 2.0706 2.2370 -113.7811 1.5905 -0.0021 -0.0000 63 citroen_c3
Car 1.00 1.00 0 0 0 0 0 0 0 0 -1000.00 -1000.00 -1000.00 -1000.00 1.4812 2.1349 5.6254 47.5119 2.3505 -159.9365 0.0126 -0.0013 -0.0000 64 chevrolet_impala
Car 1.00 1.00 49 60 99 368 0 13 0 0 -1000.00 -1000.00 -1000.00 -1000.00 1.6115 2.2019 5.2564 -49.5322 2.1151 14.6704 0.0500 -0.0012 0.0006 65 charger2020_charger2020
Car 0.00 0.66 0 1 2 143 0 0 0 0 554.47 365.68 606.35 377.21 1.3660 1.9896 4.9534 68.8563 2.0733 44.1598 -1.5479 -0.0013 -0.0000 66 mustang_mustang
Motorcycle 0.00 1.00 0 0 0 0 0 0 0 0 984.82 363.73 1001.08 375.50 1.5852 1.1236 2.1350 77.0288 2.1051 -6.7533 1.5935 0.0040 -0.0000 67 kawasaki_ninja
Car 1.00 1.00 0 0 0 0 0 0 0 0 -1000.00 -1000.00 -1000.00 -1000.00 1.5488 2.0688 3.9961 -139.7401 1.9979 74.0144 -3.0162 -0.0010 0.0001 68 mini_cooperst
Car 1.00 1.00 0 0 0 0 0 0 0 0 -1000.00 -1000.00 -1000.00 -1000.00 1.5542 2.3421 5.1370 -133.0538 2.1143 14.6197 -2.6149 -0.0029 0.0174 69 lincoln2020_mkz2020
Car 1.00 1.00 40 47 75 367 35 0 0 0 -1000.00 -1000.00 -1000.00 -1000.00 1.9718 2.0005 4.0595 6.8677 2.2156 -62.7513 -3.1272 0.0009 -0.0000 70 jeep_wrangler_rubicon
Car 1.00 1.00 0 0 0 0 0 0 0 0 -1000.00 -1000.00 -1000.00 -1000.00 1.7506 2.3538 4.8416 -78.5758 2.3648 -178.1241 1.5581 -0.0013 -0.0000 71 bmw_grandtourer
Car 0.00 1.00 0 0 0 0 0 0 0 0 1485.70 360.25 1522.71 369.44 2.2031 2.5091 6.5872 135.7409 2.2692 -134.4624 -1.5564 -0.0013 -0.0000 72 tesla_cybertruck
Car 1.00 1.00 0 0 0 0 0 0 0 0 -1000.00 -1000.00 -1000.00 -1000.00 1.6244 1.8781 3.8906 -78.8506 2.1299 1.3550 1.5853 -0.0018 -0.0011 73 audi_a2
Car 0.00 1.00 0 0 0 0 0 0 0 0 1391.43 363.45 1445.79 376.36 1.7203 2.2019 5.4994 79.2876 2.2238 -66.8893 -2.7054 -0.0014 0.0006 74 chargercop2020_chargercop2020
Car 1.00 1.00 0 0 0 0 0 0 0 0 -1000.00 -1000.00 -1000.00 -1000.00 1.6320 2.1403 5.2230 -82.2953 2.1504 -2.1741 1.5849 -0.0056 -0.0000 75 dodge_charger_police
Car 1.00 1.00 8 7 12 41 0 1 0 0 -1000.00 -1000.00 -1000.00 -1000.00 1.5140 2.1024 4.9073 -86.3524 2.0842 37.0476 -1.5571 -0.0013 -0.0000 76 mercedesccc_mercedesccc
Car 1.00 1.00 24 28 42 175 27 0 0 0 -1000.00 -1000.00 -1000.00 -1000.00 1.6244 1.8781 3.8906 -3.7577 2.1974 -74.0445 -2.0520 -0.0024 0.0051 77 audi_a2
Car 1.00 1.00 61 77 114 490 15 0 0 0 -1000.00 -1000.00 -1000.00 -1000.00 1.6244 1.8781 3.8906 -10.1212 2.1289 -46.3273 -1.5623 0.0137 -0.0011 78 audi_a2
Car 1.00 1.00 0 0 0 0 0 0 0 0 -1000.00 -1000.00 -1000.00 -1000.00 1.7203 2.2019 5.4994 16.6706 2.3425 -156.6686 -3.0898 -0.0014 0.0006 79 chargercop2020_chargercop2020
Car 1.00 1.00 23 31 43 199 0 1 0 0 -1000.00 -1000.00 -1000.00 -1000.00 2.1397 2.1728 4.7045 -89.8401 2.1004 35.4546 -1.5599 -0.0013 -0.0000 80 volkswagen_t2
Car 1.00 1.00 0 0 0 0 0 0 0 0 -1000.00 -1000.00 -1000.00 -1000.00 1.3660 1.9896 4.9534 53.3504 2.3464 -163.3618 0.0126 -0.0013 -0.0000 81 mustang_mustang
Car 1.00 1.00 2 2 3 24 3 0 0 0 -1000.00 -1000.00 -1000.00 -1000.00 1.7203 2.2019 5.4994 1.8161 2.2027 -92.4208 1.6238 -0.0014 0.0006 82 chargercop2020_chargercop2020
Car 1.00 1.00 0 0 1 2 0 0 0 0 -1000.00 -1000.00 -1000.00 -1000.00 1.6244 1.8781 3.8906 -80.0732 2.0155 89.1765 1.5846 -0.0040 -0.0011 83 audi_a2
Car 0.00 1.00 0 0 0 0 0 0 0 0 1521.18 364.32 1562.73 376.13 1.6244 1.8781 3.8906 79.0117 2.2410 -84.0790 1.5787 -0.0018 -0.0011 84 audi_a2
Car 0.00 1.00 0 0 0 0 0 0 0 0 1176.82 362.29 1191.95 365.93 1.3660 1.9896 4.9534 212.1319 2.2453 -87.6865 -1.5850 -0.0014 0.0000 85 mustang_mustang
Car 1.00 1.00 0 0 0 0 0 0 0 0 -1000.00 -1000.00 -1000.00 -1000.00 1.6244 1.8781 3.8906 -85.8596 2.3962 -200.9595 -1.5835 -0.0018 -0.0011 86 audi_a2
Car 1.00 1.00 0 0 0 0 0 0 0 0 -1000.00 -1000.00 -1000.00 -1000.00 1.9718 2.0005 4.0595 -184.5871 2.3641 -201.3039 2.5097 0.0019 -0.0030 87 jeep_wrangler_rubicon
Car 1.00 1.00 0 0 0 0 0 0 0 0 -1000.00 -1000.00 -1000.00 -1000.00 1.9718 2.0005 4.0595 -85.9383 2.4100 -206.6196 -1.5836 -0.0017 -0.0001 88 jeep_wrangler_rubicon
Car 1.00 1.00 0 0 0 0 0 0 0 0 -1000.00 -1000.00 -1000.00 -1000.00 1.3660 1.9896 4.9534 -66.9819 2.4699 -256.5309 -3.1232 -0.0012 0.0001 89 mustang_mustang
Motorcycle 0.00 1.00 0 0 0 0 0 0 0 0 925.09 361.54 935.09 368.20 1.6649 1.0692 2.4735 140.7418 2.0575 5.2926 1.5851 0.0017 -0.0000 90 harley_davidson_low_rider
Car 1.00 1.00 0 0 0 0 0 0 0 0 -1000.00 -1000.00 -1000.00 -1000.00 1.5475 1.9070 4.4025 -83.7177 2.0017 100.4957 1.5845 -0.0013 -0.0000 91 seat_leon
Motorcycle 0.00 1.00 0 0 0 0 0 0 0 0 1234.08 362.44 1246.01 369.65 1.6387 1.2138 2.3199 128.9715 2.2063 -66.8709 0.2680 -0.0018 -0.0007 92 yamaha_yzf
Cyclist 1.00 1.00 0 0 0 0 0 0 0 0 -1000.00 -1000.00 -1000.00 -1000.00 1.9311 0.5921 1.9272 -90.6062 2.0019 84.0117 -1.6091 -0.0054 -0.0000 93 gazelle_omafiets
Car 1.00 1.00 0 0 0 0 0 0 0 0 -1000.00 -1000.00 -1000.00 -1000.00 1.5140 2.1024 4.9073 -138.1532 2.2243 -69.0559 -3.1319 -0.0013 -0.0000 94 mercedesccc_mercedesccc
Car 1.00 1.00 0 0 0 0 0 0 0 0 -1000.00 -1000.00 -1000.00 -1000.00 1.4546 2.0938 4.3903 69.2765 2.3892 -190.0285 -1.5651 -0.0013 -0.0000 95 audi_tt
Car 1.00 1.00 0 0 0 0 0 0 0 0 -1000.00 -1000.00 -1000.00 -1000.00 2.1397 2.1728 4.7045 -78.2233 2.3068 -124.5853 1.5269 0.0082 -0.0010 96 volkswagen_t2
Car 1.00 1.00 0 0 0 0 0 0 0 0 -1000.00 -1000.00 -1000.00 -1000.00 1.5140 2.1024 4.9073 -86.9739 2.0249 82.1314 -1.5580 -0.0014 -0.0000 97 mercedesccc_mercedesccc
Car 0.00 1.00 0 0 0 0 0 0 0 0 949.78 362.37 972.25 368.35 1.4812 2.1349 5.6254 140.8570 2.0869 -2.4786 1.5851 -0.0012 -0.0000 98 chevrolet_impala
Car 0.00 1.00 0 0 0 0 0 0 0 0 494.89 363.42 535.07 375.43 1.5765 1.9374 3.8150 75.4832 2.0438 57.5004 1.5937 -0.0013 -0.0000 99 nissan_micra
Motorcycle 0.00 1.00 0 0 0 0 0 0 0 0 1571.16 364.60 1596.40 376.58 1.5853 1.1236 2.1350 75.5293 2.2101 -86.0653 1.5784 -0.0013 -0.0000 100 kawasaki_ninja
Car 1.00 1.00 0 0 0 0 0 0 0 0 -1000.00 -1000.00 -1000.00 -1000.00 1.9476 2.0282 4.8347 -177.0164 1.9540 128.5363 -2.9333 -0.0021 0.0106 101 nissan_patrol
Car 1.00 1.00 0 0 0 0 0 0 0 0 -1000.00 -1000.00 -1000.00 -1000.00 2.1397 2.1728 4.7045 -78.7035 2.1619 -11.7275 1.5827 -0.0002 -0.0000 102 volkswagen_t2
Car 1.00 1.00 0 0 0 0 0 0 0 0 -1000.00 -1000.00 -1000.00 -1000.00 1.3660 1.9896 4.9534 -205.6198 2.1207 -19.4829 1.5860 -0.0015 -0.0000 103 mustang_mustang
Car 0.00 1.00 0 0 0 1 0 0 0 0 684.10 365.94 735.31 385.39 1.5627 2.2716 5.0314 49.6648 2.1118 19.6045 0.0129 -0.0013 -0.0000 104 tesla_model3
Car 0.00 1.00 0 0 0 0 0 0 0 0 1173.59 362.33 1189.74 368.11 1.5542 2.3421 5.1370 154.9481 2.2145 -63.7579 -3.1208 -0.0013 -0.0000 105 lincoln2020_mkz2020
Car 0.00 1.00 0 0 0 0 0 0 0 0 1325.59 363.92 1361.12 373.99 1.5627 2.2716 5.0314 91.6858 2.2227 -64.8589 -3.1249 -0.0017 -0.0000 106 tesla_model3
Car 1.00 1.00 0 0 0 0 0 0 0 0 -1000.00 -1000.00 -1000.00 -1000.00 1.5765 1.9374 3.8150 -88.8491 2.1736 -42.1967 -1.5493 0.0058 -0.0002 107 nissan_micra
Cyclist 1.00 1.00 0 0 0 0 0 0 0 0 -1000.00 -1000.00 -1000.00 -1000.00 1.9311 0.5921 1.9272 -63.1530 2.2009 -67.4071 -3.1250 -0.0054 -0.0000 108 gazelle_omafiets
Cyclist 1.00 1.00 0 0 0 0 0 0 0 0 -1000.00 -1000.00 -1000.00 -1000.00 1.9311 0.5921 1.9272 -79.7033 2.4777 -277.7757 0.0183 -0.0044 -0.0000 109 gazelle_omafiets
Car 1.00 1.00 314 346 572 5657 0 0 89 0 -1000.00 -1000.00 -1000.00 -1000.00 1.4546 2.0938 4.3903 6.0072 2.0960 21.9708 -3.0470 -0.0120 -0.0003 110 audi_tt
Car 1.00 1.00 0 0 0 0 0 0 0 0 -1000.00 -1000.00 -1000.00 -1000.00 1.9476 2.0282 4.8347 -58.4332 2.2083 -67.3372 -3.1251 0.0067 -0.0000 111 nissan_patrol
Car 1.00 1.00 0 1 4 11 9 0 0 0 -1000.00 -1000.00 -1000.00 -1000.00 1.4546 2.0938 4.3903 1.6618 2.2527 -127.9725 1.6749 -0.0017 0.0008 112 audi_tt
Car 1.00 1.00 0 5 7 23 6 0 0 0 -1000.00 -1000.00 -1000.00 -1000.00 1.7506 2.3538 4.8416 -5.5972 2.3131 -181.1931 -1.3268 -0.0022 0.0006 113 bmw_grandtourer
Car 1.00 1.00 33 30 51 186 9 0 0 0 -1000.00 -1000.00 -1000.00 -1000.00 1.9718 2.0005 4.0595 -19.6442 2.2345 -73.7014 0.0168 -0.0017 -0.0001 114 jeep_wrangler_rubicon
Motorcycle 0.00 1.00 0 0 0 0 0 0 0 0 1288.19 362.24 1300.49 368.91 1.6387 1.2138 2.3199 138.5342 2.1986 -85.1764 1.5852 -0.0013 0.0000 115 yamaha_yzf
Car 1.00 1.00 47 58 85 350 46 0 0 0 -1000.00 -1000.00 -1000.00 -1000.00 1.7203 2.2019 5.4994 3.1914 2.1977 -67.1314 -2.8455 -0.0029 0.0009 116 chargercop2020_chargercop2020
Car 0.00 1.00 0 0 0 0 0 0 0 0 1129.11 361.88 1149.70 369.23 1.6980 1.9434 4.1871 130.9518 2.1440 -44.2734 -1.5566 -0.0013 -0.0000 117 citroen_c3
Car 1.00 1.00 0 0 0 0 0 0 0 0 -1000.00 -1000.00 -1000.00 -1000.00 1.5542 2.3421 5.1370 4.8002 -2.7913 122.0509 0.0165 -0.1193 -0.0002 118 lincoln2020_mkz2020
Car 0.00 0.65 44 46 80 5750 0 0 7 11 555.15 355.67 618.29 378.51 2.5908 2.7453 5.4640 65.4285 2.1027 41.0473 -1.5478 -0.0013 -0.0000 119 carlamotors_carlacola
Car 0.00 1.00 0 0 0 0 0 0 0 0 1639.62 364.90 1686.15 376.95 1.5765 1.9374 3.8150 75.5301 2.2466 -96.6717 1.5777 -0.0013 -0.0000 120 nissan_micra
Car 1.00 1.00 0 0 0 0 0 0 0 0 -1000.00 -1000.00 -1000.00 -1000.00 1.4477 1.5550 2.3177 8.4065 -3.1926 118.6284 0.0161 -0.1271 -0.0002 121 bmw_isetta
Car 0.00 1.00 0 0 0 0 0 0 0 0 1120.12 361.25 1130.20 365.89 1.7173 2.2591 5.2781 213.3648 2.2334 -65.5165 2.5597 -0.0091 0.0073 122 mercedes_benz_coupe
Car 1.00 1.00 160 177 287 3061 0 0 38 0 -1000.00 -1000.00 -1000.00 -1000.00 1.7173 2.2591 5.2781 8.8195 2.1146 26.0284 -3.0986 -0.0081 -0.0003 123 mercedes_benz_coupe
Car 0.00 1.00 0 0 0 0 0 0 0 0 1518.59 362.73 1542.36 369.32 1.5765 1.9374 3.8150 135.9034 2.2491 -141.0337 -1.5564 -0.0016 -0.0000 124 nissan_micra
Car 0.00 1.00 0 0 0 0 0 0 0 0 643.58 366.10 704.76 389.54 1.6115 2.2019 5.2564 43.2811 2.1080 19.3991 0.0589 -0.0014 0.0006 125 charger2020_charger2020
Car 0.00 1.00 0 0 0 0 0 0 0 0 503.52 360.83 556.47 377.05 1.9476 2.0282 4.8347 68.8881 2.0547 50.3506 -1.5260 -0.0017 -0.0000 126 nissan_patrol
Car 1.00 1.00 0 0 0 0 0 0 0 0 -1000.00 -1000.00 -1000.00 -1000.00 1.5140 2.1024 4.9073 -89.9066 2.4539 -243.9378 -1.5830 -0.0013 -0.0000 127 mercedesccc_mercedesccc
Car 1.00 1.00 0 0 0 0 0 0 0 0 -1000.00 -1000.00 -1000.00 -1000.00 1.7173 2.2591 5.2781 -85.0411 2.3320 -138.5469 -1.5918 -0.0084 -0.0002 128 mercedes_benz_coupe
Car 1.00 1.00 67 89 132 510 27 0 0 0 -1000.00 -1000.00 -1000.00 -1000.00 1.4812 2.1349 5.6254 -6.6375 2.1397 -44.2743 -1.5631 0.0049 -0.0000 129 chevrolet_impala
Car 1.00 1.00 0 0 0 0 0 0 0 0 -1000.00 -1000.00 -1000.00 -1000.00 2.1397 2.1728 4.7045 -147.9834 2.4961 -264.9985 -3.1236 -0.0016 -0.0001 130 volkswagen_t2
Car 0.00 1.00 0 0 0 0 0 0 0 0 1657.57 366.06 1731.22 384.10 1.6244 1.8781 3.8906 54.1389 2.2259 -72.4753 0.0169 -0.0018 -0.0011 131 audi_a2
Car 1.00 1.00 48 68 101 837 0 0 49 0 -1000.00 -1000.00 -1000.00 -1000.00 1.9476 2.0282 4.8347 -6.7089 1.9883 59.6288 -1.9850 -0.0036 0.0212 132 nissan_patrol
Car 1.00 1.00 0 0 0 0 0 0 0 0 -1000.00 -1000.00 -1000.00 -1000.00 1.9476 2.0282 4.8347 -35.3409 2.2134 -70.4536 0.0165 0.0023 -0.0000 133 nissan_patrol
Car 1.00 1.00 0 0 0 0 0 0 0 0 -1000.00 -1000.00 -1000.00 -1000.00 1.9476 2.0282 4.8347 -3.3806 -2.8882 -269.6050 0.0105 -0.1311 0.0003 134 nissan_patrol
Car 1.00 1.00 8195 24753 39645 254609 0 3303 0 0 -1000.00 -1000.00 -1000.00 -1000.00 1.7506 2.3538 4.8416 -3.4675 2.0760 -1.3356 1.5722 -0.0012 -0.0000 135 bmw_grandtourer
Car 1.00 1.00 0 0 0 0 0 0 0 0 -1000.00 -1000.00 -1000.00 -1000.00 1.9476 2.0282 4.8347 18.9809 2.3238 -153.2580 -3.1299 -0.0044 0.0000 136 nissan_patrol
Car 0.00 1.00 0 0 0 0 0 0 0 0 1642.63 365.23 1747.17 385.78 1.7203 2.2019 5.4994 51.7090 2.2271 -69.1717 0.0248 -0.0014 0.0006 137 chargercop2020_chargercop2020
Car 1.00 1.00 23 27 39 292 2 0 0 0 -1000.00 -1000.00 -1000.00 -1000.00 2.5908 2.7453 5.4640 17.3436 2.2505 -66.0766 -3.1251 -0.0094 -0.0000 138 carlamotors_carlacola
Car 0.00 1.00 0 0 0 0 0 0 0 0 841.25 362.47 856.91 370.54 1.5863 2.2347 5.1468 114.5779 2.1071 20.4486 0.0129 -0.0026 -0.0000 139 lincoln_mkz2017
Car 0.00 1.00 0 0 0 0 0 0 0 0 1139.52 360.71 1149.29 366.44 1.9718 2.0005 4.0595 194.7604 2.2236 -66.6742 0.0170 -0.0025 -0.0001 140 jeep_wrangler_rubicon
Car 1.00 1.00 0 0 0 0 0 0 0 0 -1000.00 -1000.00 -1000.00 -1000.00 1.6011 2.1072 4.7392 72.7730 2.3828 -189.4854 -1.5637 -0.0013 -0.0000 141 toyota_prius
Car 0.00 1.00 0 0 0 0 0 0 0 0 1113.08 361.70 1136.95 369.01 1.7318 2.1344 5.0985 134.4147 2.1472 -41.9272 -1.5565 -0.0013 -0.0000 142 audi_etron
Car 1.00 1.00 0 0 0 0 0 0 0 0 -1000.00 -1000.00 -1000.00 -1000.00 2.2031 2.5091 6.5872 -85.2372 2.2090 -45.0656 -1.5570 -0.0013 -0.0000 143 tesla_cybertruck
Car 1.00 1.00 0 0 0 0 0 0 0 0 -1000.00 -1000.00 -1000.00 -1000.00 1.5765 1.9374 3.8150 72.4531 2.2972 -135.1127 -1.5640 -0.0013 -0.0000 144 nissan_micra
Car 1.00 1.00 1 0 0 0 2 0 0 0 -1000.00 -1000.00 -1000.00 -1000.00 1.4546 2.0938 4.3903 1.8001 2.2160 -100.1203 1.5904 -0.0012 -0.0000 145 audi_tt
Car 1.00 1.00 0 0 0 0 0 0 0 0 -1000.00 -1000.00 -1000.00 -1000.00 1.4812 2.1349 5.6254 -207.8367 2.2408 -104.1952 -1.5567 -0.0016 0.0000 146 chevrolet_impala
Car 1.00 1.00 0 3 3 69 0 0 0 0 -1000.00 -1000.00 -1000.00 -1000.00 2.2031 2.5091 6.5872 -80.1986 2.0192 99.1792 1.5845 -0.0013 -0.0000 147 tesla_cybertruck
Car 1.00 1.00 0 0 0 0 0 0 0 0 -1000.00 -1000.00 -1000.00 -1000.00 1.9718 2.0005 4.0595 -50.5267 2.2210 -63.7104 -3.1250 0.0005 -0.0001 148 jeep_wrangler_rubicon
Car 1.00 1.00 0 0 0 0 0 0 0 0 -1000.00 -1000.00 -1000.00 -1000.00 1.3660 1.9896 4.9534 -88.6064 2.2037 -53.9716 -1.5569 -0.0013 -0.0000 149 mustang_mustang
Car 0.00 1.00 0 0 0 0 0 0 0 0 1831.70 367.35 1898.88 378.94 1.3660 1.9896 4.9534 68.7984 2.2796 -112.8610 -1.5723 -0.0008 -0.0000 150 mustang_mustang
Car 1.00 1.00 0 0 0 0 0 0 0 0 -1000.00 -1000.00 -1000.00 -1000.00 2.5908 2.7453 5.4640 -82.2872 2.1672 -8.6947 1.5491 0.0015 -0.0000 151 carlamotors_carlacola
Car 0.00 1.00 0 0 0 0 0 0 0 0 438.41 362.41 481.94 372.98 1.5863 2.2347 5.1468 88.1915 1.9783 76.2571 0.0109 -0.0022 -0.0000 152 lincoln_mkz2017
Car 1.00 1.00 0 0 0 0 0 0 0 0 -1000.00 -1000.00 -1000.00 -1000.00 1.7506 2.3538 4.8416 -258.4430 2.3390 -157.4054 -1.5450 -0.0015 -0.0000 153 bmw_grandtourer
Cyclist 1.00 1.00 0 0 0 0 0 0 0 0 -1000.00 -1000.00 -1000.00 -1000.00 1.9709 0.6705 1.7250 79.6693 2.3499 -175.0472 1.5780 0.0037 -0.0000 154 diamondback_century
Cyclist 1.00 1.00 0 0 0 0 0 0 0 0 -1000.00 -1000.00 -1000.00 -1000.00 1.9311 0.5921 1.9272 -170.3250 2.1931 -73.5340 0.0098 -0.0054 -0.0000 155 gazelle_omafiets
Motorcycle 0.00 1.00 0 0 0 0 0 0 0 0 1679.11 362.91 1699.29 370.95 1.6960 1.0692 2.4735 120.2192 2.3298 -159.0232 0.0131 0.0017 -0.0000 156 harley_davidson_low_rider
Car 1.00 1.00 0 0 0 0 0 0 0 0 -1000.00 -1000.00 -1000.00 -1000.00 2.1397 2.1728 4.7045 -83.5191 2.0357 84.8686 1.5863 -0.0021 -0.0000 157 volkswagen_t2
Car 1.00 1.00 0 0 0 0 0 0 0 0 -1000.00 -1000.00 -1000.00 -1000.00 1.5488 2.0688 3.9961 -64.2579 2.4685 -259.9828 -3.1235 -0.0004 -0.0000 158 mini_cooperst
Cyclist 1.00 1.00 0 0 0 0 0 0 0 0 -1000.00 -1000.00 -1000.00 -1000.00 1.9311 0.5921 1.9272 30.1878 2.3219 -159.9918 0.0182 -0.0043 0.0022 159 gazelle_omafiets
Car 1.00 1.00 1741 1954 3117 41727 89 282 0 0 -1000.00 -1000.00 -1000.00 -1000.00 1.4812 2.1349 5.6254 -10.3997 2.0988 -9.4369 -1.5635 -0.0038 -0.0000 160 chevrolet_impala
Car 1.00 1.00 0 0 0 0 0 0 0 0 -1000.00 -1000.00 -1000.00 -1000.00 1.7173 2.2591 5.2781 -5.6180 -2.5663 -273.4223 0.0260 -0.1348 -0.0019 161 mercedes_benz_coupe
Car 1.00 1.00 0 0 0 0 0 0 0 0 -1000.00 -1000.00 -1000.00 -1000.00 1.9718 2.0005 4.0595 -108.3377 2.3469 -158.2268 -3.1368 -0.0033 -0.0013 162 jeep_wrangler_rubicon
Car 0.00 1.00 0 0 0 0 0 0 0 0 437.55 362.27 492.17 376.29 1.7506 2.3538 4.8416 71.9673 2.0488 61.0670 1.5938 -0.0013 -0.0000 163 bmw_grandtourer
Car 0.00 1.00 0 0 0 0 0 0 0 0 976.08 361.90 998.31 368.57 1.6115 2.2019 5.2564 137.5045 2.0890 -8.9147 1.6301 -0.0015 0.0006 164 charger2020_charger2020
Car 0.00 1.00 0 0 0 0 0 0 0 0 992.85 363.88 1024.10 376.61 1.6244 1.8781 3.8906 73.5423 2.1423 -8.5544 1.5906 -0.0031 -0.0011 165 audi_a2
Car 1.00 1.00 0 0 0 0 0 0 0 0 -1000.00 -1000.00 -1000.00 -1000.00 1.5475 1.9070 4.4025 17.4535 -4.2687 125.7399 0.0166 -0.1170 -0.0002 166 seat_leon
Car 1.00 1.00 0 0 0 0 0 0 0 0 -1000.00 -1000.00 -1000.00 -1000.00 1.5765 1.9374 3.8150 -228.1126 2.4217 -227.5277 2.2132 -0.0023 -0.0092 167 nissan_micra
Car 1.00 1.00 0 0 0 1 0 0 0 0 -1000.00 -1000.00 -1000.00 -1000.00 1.5863 2.2347 5.1468 -104.0912 1.9810 117.3129 0.0092 -0.0013 -0.0000 168 lincoln_mkz2017
Car 1.00 1.00 0 0 0 0 0 0 0 0 -1000.00 -1000.00 -1000.00 -1000.00 1.7506 2.3538 4.8416 -21.8888 2.3415 -160.8040 0.0126 -0.0013 -0.0000 169 bmw_grandtourer
Car 0.00 1.00 0 0 0 0 0 0 0 0 1743.08 368.91 1880.07 390.20 1.4812 2.1349 5.6254 44.7985 2.2310 -69.1338 0.0165 -0.0013 -0.0000 170 chevrolet_impala
Car 0.00 1.00 0 0 0 0 0 0 0 0 1257.85 362.00 1275.57 366.06 1.4812 2.1349 5.6254 215.6103 2.2979 -120.9532 -1.6111 -0.0020 -0.0110 171 chevrolet_impala
Car 0.00 1.00 0 0 0 0 0 0 0 0 1138.37 362.21 1161.08 368.97 1.6011 2.1072 4.7392 134.5011 2.1405 -47.9048 -1.5564 -0.0013 -0.0000 172 toyota_prius
Car 1.00 1.00 0 1 2 0 1 0 0 0 -1000.00 -1000.00 -1000.00 -1000.00 1.6115 2.2019 5.2564 10.2927 2.3390 -156.7877 -3.0763 -0.0022 0.0005 173 charger2020_charger2020
Car 1.00 1.00 0 0 0 0 0 0 0 0 -1000.00 -1000.00 -1000.00 -1000.00 1.5475 1.9070 4.4025 -88.7001 2.1969 -47.7876 -1.5568 -0.0013 -0.0000 174 seat_leon
Car 1.00 1.00 0 0 0 0 0 0 0 0 -1000.00 -1000.00 -1000.00 -1000.00 2.5908 2.7453 5.4640 -79.0952 2.4497 -219.5122 1.5578 -0.0050 -0.0000 175 carlamotors_carlacola
Car 0.00 1.00 0 0 0 0 0 0 0 0 1807.73 364.63 1868.29 373.26 1.4812 2.1349 5.6254 102.4533 2.3549 -162.7445 0.0133 -0.0035 -0.0000 176 chevrolet_impala
Car 1.00 1.00 0 0 0 0 0 0 0 0 -1000.00 -1000.00 -1000.00 -1000.00 1.9718 2.0005 4.0595 -61.1059 2.4891 -273.9296 0.0183 -0.0042 -0.0001 177 jeep_wrangler_rubicon
Car 1.00 1.00 0 0 0 0 0 0 0 0 -1000.00 -1000.00 -1000.00 -1000.00 1.6980 1.9434 4.1871 -84.8587 2.2979 -117.5816 -1.4557 -0.0019 -0.0012 178 citroen_c3
Car 1.00 1.00 8 12 21 54 17 0 0 0 -1000.00 -1000.00 -1000.00 -1000.00 1.5488 2.0688 3.9961 1.5308 2.1911 -86.4050 1.5906 -0.0013 -0.0000 179 mini_cooperst
Motorcycle 0.00 1.00 0 0 0 0 0 0 0 0 1687.84 363.97 1715.44 376.16 1.6960 1.0692 2.4735 79.1805 2.2611 -106.7910 1.5780 -0.0018 -0.0000 180 harley_davidson_low_rider
Car 0.00 1.00 0 0 0 0 0 0 0 0 851.78 362.94 860.80 369.74 1.4477 1.5550 2.3177 122.8300 2.1105 20.5489 0.0128 -0.0128 -0.0000 181 bmw_isetta
Cyclist 0.00 1.00 0 0 0 0 0 0 0 0 1577.14 363.41 1594.83 375.87 1.7065 0.8593 1.4873 79.1381 2.2070 -90.4247 1.5770 -0.0228 0.0009 182 bh_crossbike
Car 1.00 1.00 0 0 0 0 0 0 0 0 -1000.00 -1000.00 -1000.00 -1000.00 1.6011 2.1072 4.7392 20.4269 -5.8666 -272.8128 0.0107 -0.1203 0.0002 183 toyota_prius
Car 1.00 1.00 0 0 0 0 0 0 0 0 -1000.00 -1000.00 -1000.00 -1000.00 1.5488 2.0688 3.9961 -82.0499 2.3653 -176.1212 1.5579 -0.0013 -0.0000 184 mini_cooperst
Car 1.00 1.00 0 0 0 0 0 0 0 0 -1000.00 -1000.00 -1000.00 -1000.00 1.6980 1.9434 4.1871 -88.8705 2.3309 -143.8620 -1.5742 0.0021 0.0002 185 citroen_c3
Car 0.00 1.00 0 0 0 0 0 0 0 0 1599.67 362.73 1623.80 368.96 1.5765 1.9374 3.8150 143.7496 2.2870 -170.0315 1.5211 -0.0013 -0.0001 186 nissan_micra
Car 0.00 1.00 0 0 0 0 0 0 0 0 1597.38 363.51 1651.63 376.27 1.7506 2.3538 4.8416 79.0986 2.2550 -95.7748 1.5780 -0.0011 -0.0000 187 bmw_grandtourer
Car 1.00 1.00 0 0 0 0 0 0 0 0 -1000.00 -1000.00 -1000.00 -1000.00 1.5488 2.0688 3.9961 47.4612 2.3474 -163.4359 0.0128 -0.0013 -0.0000 188 mini_cooperst
Car 1.00 1.00 0 0 0 0 0 0 0 0 -1000.00 -1000.00 -1000.00 -1000.00 1.5488 2.0688 3.9961 -85.1384 2.2016 -51.6801 -1.5570 -0.0013 -0.0000 189 mini_cooperst
Car 0.00 1.00 0 0 0 0 0 0 0 0 1143.93 361.71 1154.51 366.28 1.6011 2.1072 4.7392 199.7873 2.2245 -70.0704 0.0167 -0.0013 -0.0000 190 toyota_prius
Car 0.00 1.00 0 0 0 0 0 0 0 0 924.49 365.50 961.20 375.80 1.3660 1.9896 4.9534 76.8712 2.1312 0.0978 1.5938 -0.0013 -0.0000 191 mustang_mustang
Car 1.00 1.00 0 0 0 0 0 0 0 0 -1000.00 -1000.00 -1000.00 -1000.00 1.9476 2.0282 4.8347 -262.4201 2.3067 -138.9690 -1.5450 -0.0021 -0.0000 192 nissan_patrol
Pedestrian 1.00 1.00 0 0 0 0 0 0 0 0 -1000.00 -1000.00 -1000.00 -1000.00 1.9158 0.4880 0.7507 -270.0908 2.1761 -170.6019 1.6268 -0.0013 -0.0000 193 pedestrian_0019
Pedestrian 1.00 1.00 0 0 0 0 0 0 0 0 -1000.00 -1000.00 -1000.00 -1000.00 1.1330 0.4333 0.6667 -212.9092 2.0947 -148.1589 -1.5292 -0.0013 -0.0000 194 pedestrian_0010
Pedestrian 0.00 1.00 0 0 0 0 0 0 0 0 1785.43 361.26 1793.54 370.94 1.9158 0.4880 0.7507 111.1875 2.1667 -167.0887 0.0623 -0.0013 -0.0000 195 pedestrian_0005
Pedestrian 0.00 1.00 0 0 0 0 0 0 0 0 1501.56 360.62 1505.96 368.93 1.9158 0.4880 0.5602 129.0998 2.0595 -127.8790 -1.4053 -0.0013 -0.0000 196 pedestrian_0003
Pedestrian 0.00 1.00 0 0 0 0 0 0 0 0 1362.38 327.00 1365.23 333.53 1.9158 0.4880 0.4862 166.0158 -7.8928 -122.4364 1.5926 -0.0013 -0.0000 197 pedestrian_0021
Pedestrian 1.00 1.00 0 0 0 0 0 0 0 0 -1000.00 -1000.00 -1000.00 -1000.00 1.9158 0.4880 0.5519 -262.1779 1.8502 75.9899 1.3352 -0.0013 -0.0000 198 pedestrian_0003
Pedestrian 1.00 1.00 0 0 0 0 0 0 0 0 -1000.00 -1000.00 -1000.00 -1000.00 1.9158 0.4880 0.4806 -243.0014 2.2733 -244.2260 -0.7729 -0.0013 -0.0000 199 pedestrian_0004
Pedestrian 0.00 1.00 0 0 0 0 0 0 0 0 1293.48 360.34 1297.01 368.77 1.9158 0.4880 0.5533 127.3464 1.9948 -78.6387 1.3777 -0.0013 -0.0000 200 pedestrian_0022
Pedestrian 1.00 1.00 0 0 0 0 0 0 0 0 -1000.00 -1000.00 -1000.00 -1000.00 1.3390 0.3253 0.4771 -94.4117 2.3034 -160.1709 -1.5867 -0.0013 -0.0000 201 pedestrian_0014
Pedestrian 0.00 1.00 0 0 0 0 0 0 0 0 853.03 360.07 862.18 386.97 1.9158 0.4880 0.4678 40.8185 1.9212 5.1097 -0.2707 -0.0013 -0.0000 202 pedestrian_0022
Pedestrian 1.00 1.00 0 0 0 0 0 0 0 0 -1000.00 -1000.00 -1000.00 -1000.00 1.9158 0.4880 0.5708 29.2169 1.9866 -53.1666 3.1042 -0.0013 -0.0000 203 pedestrian_0023
Pedestrian 1.00 1.00 2 0 0 2 0 0 0 0 -1000.00 -1000.00 -1000.00 -1000.00 1.3390 0.3253 0.5005 6.7868 2.0150 -99.6322 1.6119 -0.0013 -0.0000 204 pedestrian_0012
Pedestrian 1.00 1.00 0 3 4 5 0 0 0 0 -1000.00 -1000.00 -1000.00 -1000.00 1.9158 0.4880 0.7507 -10.8297 2.1209 -173.6139 1.8028 -0.0013 -0.0000 205 pedestrian_0019
Pedestrian 1.00 1.00 13 8 13 158 0 0 2 0 -1000.00 -1000.00 -1000.00 -1000.00 1.9158 0.4880 0.7377 6.7896 1.8529 40.0335 -2.0626 -0.0013 -0.0000 206 pedestrian_0005
Pedestrian 0.00 1.00 0 0 0 0 0 0 0 0 1221.49 360.51 1225.40 369.80 1.9158 0.4880 0.7507 115.7694 2.0215 -56.7721 -0.0708 -0.0013 -0.0000 207 pedestrian_0026
Pedestrian 1.00 1.00 0 0 0 0 0 0 0 0 -1000.00 -1000.00 -1000.00 -1000.00 1.9158 0.4880 0.7507 -73.6755 2.0844 -103.3120 -1.5802 -0.0013 -0.0000 208 pedestrian_0015
Pedestrian 1.00 1.00 0 0 0 0 0 0 0 0 -1000.00 -1000.00 -1000.00 -1000.00 1.3390 0.3253 0.3368 -97.5443 1.7471 146.9229 0.0832 -0.0013 -0.0000 209 pedestrian_0014
Pedestrian 1.00 1.00 0 0 0 1 0 0 0 0 -1000.00 -1000.00 -1000.00 -1000.00 1.9158 0.4880 0.7507 -124.5521 1.7580 145.2071 -0.0070 -0.0013 -0.0000 210 pedestrian_0016
Pedestrian 0.00 1.00 1 1 1 0 0 0 0 0 654.16 366.21 659.61 378.09 1.3390 0.3253 0.5005 64.0713 2.0489 32.2332 3.0802 -0.0013 -0.0000 211 pedestrian_0012
Pedestrian 1.00 1.00 0 0 0 0 0 0 0 0 -1000.00 -1000.00 -1000.00 -1000.00 1.1330 0.4333 0.6496 63.3520 2.0903 -117.2676 1.5213 -0.0013 -0.0000 212 pedestrian_0009
Pedestrian 0.00 1.00 0 0 0 0 0 0 0 0 1123.78 363.16 1126.87 367.56 1.1330 0.4333 0.6667 144.1226 1.9494 -44.9198 1.5666 -0.0013 -0.0000 213 pedestrian_0010
Pedestrian 1.00 1.00 0 0 0 0 0 0 0 0 -1000.00 -1000.00 -1000.00 -1000.00 1.9158 0.4880 0.7507 -272.6121 1.9881 -28.7358 -1.5373 -0.0013 -0.0000 214 pedestrian_0021
Pedestrian 1.00 1.00 0 0 0 0 0 0 0 0 -1000.00 -1000.00 -1000.00 -1000.00 1.9158 0.4880 0.7507 -95.2177 1.9921 71.1453 -1.6090 -0.0013 -0.0000 215 pedestrian_0018
Pedestrian 1.00 1.00 0 0 0 0 0 0 0 0 -1000.00 -1000.00 -1000.00 -1000.00 1.9158 0.4880 0.4752 -268.2561 2.1893 -179.8593 -1.4461 -0.0013 -0.0000 216 pedestrian_0020
Pedestrian 0.00 1.00 0 0 0 0 0 0 0 0 1519.85 360.64 1525.34 369.02 1.9158 0.4880 0.7507 128.1804 2.0640 -131.2961 1.5345 -0.0013 -0.0000 217 pedestrian_0017
Pedestrian 1.00 1.00 0 0 0 0 0 0 0 0 -1000.00 -1000.00 -1000.00 -1000.00 1.9158 0.4880 0.7368 -32.0142 2.1700 -168.6322 -3.1166 -0.0013 -0.0000 218 pedestrian_0007
Pedestrian 1.00 1.00 0 0 0 0 0 0 0 0 -1000.00 -1000.00 -1000.00 -1000.00 1.1330 0.4333 0.5181 -156.0294 2.1685 -59.4967 0.1158 -0.0013 -0.0000 219 pedestrian_0010
Pedestrian 0.00 1.00 0 0 0 0 0 0 0 0 681.34 361.04 686.85 375.60 1.9158 0.4880 0.5342 74.3202 2.0546 34.2406 -3.0540 -0.0013 -0.0000 220 pedestrian_0023
Pedestrian 1.00 1.00 0 0 0 0 0 0 0 0 -1000.00 -1000.00 -1000.00 -1000.00 1.9158 0.4880 0.5132 89.2135 2.3286 -216.2708 -1.7070 -0.0013 -0.0000 221 pedestrian_0024
Pedestrian 1.00 1.00 0 0 0 0 0 0 0 0 -1000.00 -1000.00 -1000.00 -1000.00 1.1330 0.4333 0.3774 -196.9586 2.0816 -134.2425 -1.5701 -0.0013 -0.0000 222 pedestrian_0011
Pedestrian 1.00 1.00 0 0 0 0 0 0 0 0 -1000.00 -1000.00 -1000.00 -1000.00 1.9158 0.4880 0.7507 -271.3972 2.0892 -103.5844 -1.4778 -0.0013 -0.0000 223 pedestrian_0016
Pedestrian 1.00 1.00 0 0 0 0 0 0 0 0 -1000.00 -1000.00 -1000.00 -1000.00 1.9158 0.4880 0.6958 96.8914 -7.7009 -282.4925 0.0022 -0.0013 -0.0000 224 pedestrian_0017
Pedestrian 0.00 1.00 0 0 0 0 0 0 0 0 1349.30 326.93 1351.98 333.47 1.9158 0.4880 0.4496 165.7583 -7.8979 -118.3351 -1.5629 -0.0013 -0.0000 225 pedestrian_0001
Pedestrian 1.00 1.00 0 0 0 0 0 0 0 0 -1000.00 -1000.00 -1000.00 -1000.00 1.9158 0.4880 0.7507 -177.1176 2.0222 -63.7008 -3.1030 -0.0013 -0.0000 226 pedestrian_0003
Pedestrian 1.00 1.00 0 0 0 0 0 0 0 0 -1000.00 -1000.00 -1000.00 -1000.00 1.9158 0.4880 0.7507 -163.5492 2.0323 -62.5653 0.1207 -0.0013 -0.0000 227 pedestrian_0007
Pedestrian 0.00 1.00 0 0 0 0 0 0 0 0 1288.12 365.23 1293.27 372.05 1.1330 0.4333 0.6667 93.8565 2.0115 -57.6197 0.0762 -0.0013 -0.0000 228 pedestrian_0010
Pedestrian 1.00 1.00 0 0 0 0 0 0 0 0 -1000.00 -1000.00 -1000.00 -1000.00 1.1330 0.4333 0.5775 -76.6222 2.1665 -58.4538 0.3311 -0.0013 -0.0000 229 pedestrian_0010
Pedestrian 0.00 0.00 218 245 383 2872 0 0 0 53 956.00 432.95 1004.00 588.05 1.3390 0.3253 0.4554 5.7943 1.8871 -2.3557 -1.4777 -0.0013 -0.0000 230 pedestrian_0013
Pedestrian 0.00 1.00 0 0 0 0 0 0 0 0 1153.26 361.89 1154.58 365.53 1.3390 0.3253 0.3313 205.2530 2.0367 -73.6891 2.1608 -0.0013 -0.0000 231 pedestrian_0013
Pedestrian 1.00 1.00 0 0 0 0 0 0 0 0 -1000.00 -1000.00 -1000.00 -1000.00 1.9158 0.4880 0.7507 62.2263 2.1008 -115.1313 -1.5772 -0.0013 -0.0000 232 pedestrian_0020
Pedestrian 0.00 1.00 0 0 0 0 0 0 0 0 388.62 359.12 396.33 370.97 1.9158 0.4880 0.7422 91.0071 1.7734 89.8848 -0.0072 -0.0013 -0.0000 233 pedestrian_0021
Pedestrian 1.00 1.00 0 0 0 0 0 0 0 0 -1000.00 -1000.00 -1000.00 -1000.00 1.1330 0.4333 0.4302 -200.1216 1.9400 -28.5720 -1.3975 -0.0013 -0.0000 234 pedestrian_0009
Pedestrian 0.00 1.00 0 0 0 0 0 0 0 0 965.25 360.09 966.54 364.85 1.9158 0.4880 0.5026 224.2077 1.9520 -4.6123 -1.5456 -0.0013 -0.0000 235 pedestrian_0006
Pedestrian 1.00 1.00 0 0 0 0 0 0 0 0 -1000.00 -1000.00 -1000.00 -1000.00 1.1330 0.4333 0.5352 -60.6161 2.0160 -59.9124 -3.1224 -0.0013 -0.0000 236 pedestrian_0009
Pedestrian 1.00 1.00 0 0 0 0 0 0 0 0 -1000.00 -1000.00 -1000.00 -1000.00 1.9158 0.4880 0.7507 -91.3212 2.0644 -87.4616 1.4440 -0.0013 -0.0000 237 pedestrian_0026
Pedestrian 1.00 1.00 5 2 2 34 0 0 0 0 -1000.00 -1000.00 -1000.00 -1000.00 1.9158 0.4880 0.5230 12.3449 1.8136 59.8149 -2.3305 -0.0013 -0.0000 238 pedestrian_0021
Pedestrian 0.00 1.00 0 0 0 0 0 0 0 0 1725.57 366.54 1734.34 378.91 1.3390 0.3253 0.5005 61.4100 2.0538 -86.1092 1.5668 -0.0013 -0.0000 239 pedestrian_0012
Pedestrian 1.00 1.00 0 0 0 0 0 0 0 0 -1000.00 -1000.00 -1000.00 -1000.00 1.9158 0.4880 0.4248 -134.0413 2.3269 -286.9567 0.7926 -0.0013 -0.0000 240 pedestrian_0020
Pedestrian 0.00 1.00 0 0 0 0 0 0 0 0 986.12 334.49 988.05 337.69 1.1330 0.4333 0.6667 200.6423 -8.0452 -11.9927 -1.5618 -0.0013 -0.0000 241 pedestrian_0011
Pedestrian 1.00 1.00 0 0 0 0 0 0 0 0 -1000.00 -1000.00 -1000.00 -1000.00 1.9158 0.4880 0.4224 62.1415 2.1715 -170.4065 -3.1142 -0.0013 -0.0000 242 pedestrian_0002
Pedestrian 0.00 1.00 0 0 0 0 0 0 0 0 1373.66 362.96 1376.37 368.89 1.3390 0.3253 0.3674 126.4767 2.0094 -96.1672 1.6975 -0.0013 -0.0000 243 pedestrian_0014
Pedestrian 0.00 1.00 0 0 0 0 0 0 0 0 865.21 361.33 869.79 376.42 1.9158 0.4880 0.7507 71.8699 2.0870 9.5806 -3.0971 -0.0013 -0.0000 244 pedestrian_0006
Pedestrian 0.00 1.00 0 0 0 0 0 0 0 0 1082.91 332.44 1085.08 337.83 1.9158 0.4880 0.6637 200.5583 -7.9922 -46.8751 -1.5549 -0.0013 -0.0000 245 pedestrian_0020
Pedestrian 1.00 1.00 0 0 0 0 0 0 0 0 -1000.00 -1000.00 -1000.00 -1000.00 1.9158 0.4880 0.7507 -75.5652 2.2056 -79.5487 0.4305 -0.0013 -0.0000 246 pedestrian_0022
Pedestrian 1.00 1.00 0 0 0 0 0 0 0 0 -1000.00 -1000.00 -1000.00 -1000.00 1.9158 0.4880 0.5285 -74.9868 2.2211 -207.1885 1.5493 -0.0013 -0.0000 247 pedestrian_0002
Pedestrian 0.00 1.00 0 0 0 0 0 0 0 0 1354.77 360.43 1358.97 367.79 1.9158 0.4880 0.7483 145.7602 2.0300 -105.8674 1.6092 -0.0013 -0.0000 248 pedestrian_0022
Pedestrian 1.00 1.00 0 0 0 0 0 0 0 0 -1000.00 -1000.00 -1000.00 -1000.00 1.9158 0.4880 0.7507 -53.8665 1.9818 -41.2817 1.9812 -0.0013 -0.0000 249 pedestrian_0006
Pedestrian 1.00 1.00 0 0 0 0 0 0 0 0 -1000.00 -1000.00 -1000.00 -1000.00 1.9158 0.4880 0.4785 86.5931 2.1677 -167.6698 -2.7651 -0.0013 -0.0000 250 pedestrian_0019
Pedestrian 1.00 1.00 0 0 0 0 0 0 0 0 -1000.00 -1000.00 -1000.00 -1000.00 1.9158 0.4880 0.7507 -78.2763 2.0899 8.4297 3.1391 -0.0013 -0.0000 251 pedestrian_0018
Pedestrian 1.00 1.00 0 0 0 0 0 0 0 0 -1000.00 -1000.00 -1000.00 -1000.00 1.9158 0.4880 0.7507 -271.3716 2.0528 -77.8964 -1.5420 -0.0013 -0.0000 252 pedestrian_0007
Pedestrian 1.00 1.00 0 0 0 0 0 0 0 0 -1000.00 -1000.00 -1000.00 -1000.00 1.9158 0.4880 0.5973 60.3233 2.1428 -148.5476 -0.1714 -0.0013 -0.0000 253 pedestrian_0008
Pedestrian 1.00 1.00 0 0 0 0 0 0 0 0 -1000.00 -1000.00 -1000.00 -1000.00 1.9158 0.4880 0.5207 -250.8439 1.8254 94.7612 -2.1515 -0.0013 -0.0000 254 pedestrian_0022
Pedestrian 1.00 1.00 0 0 0 0 0 0 0 0 -1000.00 -1000.00 -1000.00 -1000.00 1.9158 0.4880 0.5923 -171.7518 1.7597 144.1913 0.0660 -0.0013 -0.0000 255 pedestrian_0024
Pedestrian 0.00 1.00 0 0 0 0 0 0 0 0 1048.35 362.27 1050.14 365.31 1.1330 0.4333 0.5854 208.3829 1.9823 -35.6253 -1.5381 -0.0013 -0.0000 256 pedestrian_0011
Pedestrian 1.00 1.00 0 0 0 0 0 0 0 0 -1000.00 -1000.00 -1000.00 -1000.00 1.9158 0.4880 0.7507 -150.1056 2.2036 -77.4884 -0.8404 -0.0013 -0.0000 257 pedestrian_0006
Pedestrian 0.00 1.00 0 0 0 0 0 0 0 0 1413.18 360.70 1416.72 366.74 1.9158 0.4880 0.7507 177.3169 2.1396 -146.9359 -3.0884 -0.0013 -0.0000 258 pedestrian_0005
Pedestrian 0.00 1.00 0 0 0 0 0 0 0 0 865.04 361.49 869.75 378.21 1.9158 0.4880 0.7507 65.0011 2.0886 8.4469 -3.0369 -0.0013 -0.0000 259 pedestrian_0003
Pedestrian 0.00 1.00 0 0 0 0 0 0 0 0 1365.66 327.02 1368.47 333.55 1.9158 0.4880 0.4696 166.1231 -7.8912 -123.4854 1.6498 -0.0013 -0.0000 260 pedestrian_0001
Pedestrian 1.00 1.00 0 0 0 0 0 0 0 0 -1000.00 -1000.00 -1000.00 -1000.00 1.3390 0.3253 0.5005 62.1765 2.0999 -122.3283 -1.5643 -0.0013 -0.0000 261 pedestrian_0014
Pedestrian 1.00 1.00 6 6 12 46 7 0 0 0 -1000.00 -1000.00 -1000.00 -1000.00 1.9158 0.4880 0.7507 -3.6572 2.1189 -56.2485 -2.9778 -0.0013 -0.0000 262 pedestrian_0020
Pedestrian 1.00 1.00 0 0 0 0 0 0 0 0 -1000.00 -1000.00 -1000.00 -1000.00 1.9158 0.4880 0.6043 -215.1536 1.8795 26.1286 -1.7148 -0.0013 -0.0000 263 pedestrian_0025
Pedestrian 0.00 1.00 3 5 10 7 0 0 0 0 632.24 361.30 639.99 379.25 1.9158 0.4880 0.7507 60.6506 2.0569 32.5953 -2.9674 -0.0013 -0.0000 264 pedestrian_0026
Pedestrian 1.00 1.00 0 0 0 0 0 0 0 0 -1000.00 -1000.00 -1000.00 -1000.00 1.9158 0.4880 0.5165 -131.9705 2.3249 -285.6638 -2.9688 -0.0013 -0.0000 265 pedestrian_0025
Pedestrian 1.00 1.00 0 0 0 0 0 0 0 0 -1000.00 -1000.00 -1000.00 -1000.00 1.3390 0.3253 0.4241 76.1447 2.3488 -197.8888 -3.0543 -0.0013 -0.0000 266 pedestrian_0013
Pedestrian 1.00 1.00 0 0 0 0 0 0 0 0 -1000.00 -1000.00 -1000.00 -1000.00 1.9158 0.4880 0.3795 86.7054 2.1730 -171.7165 2.0871 -0.0013 -0.0000 267 pedestrian_0015
Pedestrian 0.00 1.00 0 0 0 0 0 0 0 0 1578.44 360.72 1582.51 369.19 1.9158 0.4880 0.3863 126.6856 2.0793 -142.9008 3.1372 -0.0013 -0.0000 268 pedestrian_0021
Pedestrian 1.00 1.00 0 0 0 0 0 0 0 0 -1000.00 -1000.00 -1000.00 -1000.00 1.1330 0.4333 0.4221 -55.9513 1.7414 146.9759 -3.1028 -0.0013 -0.0000 269 pedestrian_0010
Pedestrian 1.00 1.00 10 15 23 180 3 0 0 0 -1000.00 -1000.00 -1000.00 -1000.00 1.9158 0.4880 0.4992 -14.4686 1.9394 -35.5893 1.5544 -0.0013 -0.0000 270 pedestrian_0023
Pedestrian 1.00 1.00 0 0 0 0 0 0 0 0 -1000.00 -1000.00 -1000.00 -1000.00 1.3390 0.3253 0.5005 23.6733 1.7952 67.3931 -2.5548 -0.0013 -0.0000 271 pedestrian_0013
Pedestrian 1.00 1.00 0 0 0 0 0 0 0 0 -1000.00 -1000.00 -1000.00 -1000.00 1.9158 0.4880 0.5934 -204.4251 2.3109 -273.6297 -0.4087 -0.0013 -0.0000 272 pedestrian_0016
Pedestrian 1.00 1.00 0 0 0 0 0 0 0 0 -1000.00 -1000.00 -1000.00 -1000.00 1.3390 0.3253 0.3594 -148.3194 1.8016 78.8634 0.1788 -0.0013 -0.0000 273 pedestrian_0014
Pedestrian 1.00 1.00 0 0 0 0 0 0 0 0 -1000.00 -1000.00 -1000.00 -1000.00 1.9158 0.4880 0.5973 -115.0836 2.1443 -148.5486 -0.1126 -0.0013 -0.0000 274 pedestrian_0019
Pedestrian 1.00 1.00 0 0 0 0 0 0 0 0 -1000.00 -1000.00 -1000.00 -1000.00 1.3390 0.3253 0.4294 24.7891 2.1613 -168.8006 3.0855 -0.0013 -0.0000 275 pedestrian_0013
Pedestrian 1.00 1.00 0 0 0 0 0 0 0 0 -1000.00 -1000.00 -1000.00 -1000.00 1.9158 0.4880 0.7507 36.2663 2.1693 -168.5672 -3.1130 -0.0013 -0.0000 276 pedestrian_0023
Pedestrian 0.00 1.00 0 0 0 0 0 0 0 0 1243.77 364.52 1248.00 370.43 1.1330 0.4333 0.6667 108.2822 2.0112 -57.5571 0.0999 -0.0013 -0.0000 277 pedestrian_0011
Pedestrian 0.00 1.00 0 0 0 0 0 0 0 0 1890.36 364.65 1894.91 372.19 1.3390 0.3253 0.2594 99.8551 2.1695 -168.5217 -0.2494 -0.0013 -0.0000 278 pedestrian_0012
Pedestrian 1.00 1.00 0 0 0 0 0 0 0 0 -1000.00 -1000.00 -1000.00 -1000.00 1.9158 0.4880 0.5464 3.3556 -3.9737 -247.5222 3.1244 -0.0013 -0.0000 279 pedestrian_0015
Pedestrian 0.00 1.00 0 0 0 0 0 0 0 0 585.28 359.41 589.39 369.50 1.9158 0.4880 0.4236 106.4657 1.8035 68.6493 -0.0943 -0.0013 -0.0000 280 pedestrian_0017
Pedestrian 0.00 1.00 0 0 0 0 0 0 0 0 806.35 332.28 808.63 337.73 1.9158 0.4880 0.7507 198.7052 -7.9547 52.1523 -1.3703 -0.0013 -0.0000 281 pedestrian_0005
Pedestrian 1.00 1.00 0 0 0 0 0 0 0 0 -1000.00 -1000.00 -1000.00 -1000.00 1.1330 0.4333 0.3631 85.0798 2.1931 -195.5951 -2.0518 -0.0013 -0.0000 282 pedestrian_0009
Pedestrian 1.00 1.00 0 0 0 0 0 0 0 0 -1000.00 -1000.00 -1000.00 -1000.00 1.1330 0.4333 0.6667 -108.3827 2.2000 -226.3752 -0.0216 -0.0013 -0.0000 283 pedestrian_0009
Pedestrian 0.00 1.00 0 0 0 0 0 0 0 0 1279.64 362.57 1281.23 365.61 1.1330 0.4333 0.3656 208.1683 2.0951 -121.9911 1.4840 -0.0013 -0.0000 284 pedestrian_0009
Pedestrian 1.00 1.00 0 0 0 0 0 0 0 0 -1000.00 -1000.00 -1000.00 -1000.00 1.9158 0.4880 0.6134 -188.2644 2.1636 -187.9541 2.2425 -0.0013 -0.0000 285 pedestrian_0024
Pedestrian 0.00 1.00 0 0 0 0 0 0 0 0 1268.55 361.18 1273.07 369.63 1.9158 0.4880 0.7507 126.9913 2.1843 -72.8702 -1.4620 -0.0013 -0.0000 286 pedestrian_0023
Pedestrian 1.00 1.00 0 0 0 0 0 0 0 0 -1000.00 -1000.00 -1000.00 -1000.00 1.9158 0.4880 0.7507 -93.3570 2.0063 -43.7938 1.6446 -0.0013 -0.0000 287 pedestrian_0015
Pedestrian 1.00 1.00 0 0 0 0 0 0 0 0 -1000.00 -1000.00 -1000.00 -1000.00 1.9158 0.4880 0.7507 0.0452 -3.5525 -248.2748 3.1047 -0.0013 -0.0000 288 pedestrian_0025
Pedestrian 0.00 1.00 0 0 0 0 0 0 0 0 584.79 331.24 586.90 335.06 1.1330 0.4333 0.4867 170.1478 -7.6241 111.9227 2.2763 -0.0013 -0.0000 289 pedestrian_0009
Pedestrian 1.00 1.00 0 0 0 0 0 0 0 0 -1000.00 -1000.00 -1000.00 -1000.00 1.9158 0.4880 0.6073 -166.6637 2.0425 -80.5635 -0.1188 -0.0013 -0.0000 290 pedestrian_0019
Pedestrian 1.00 1.00 0 0 0 0 0 0 0 0 -1000.00 -1000.00 -1000.00 -1000.00 1.9158 0.4880 0.4395 -213.3231 1.8671 33.7978 1.2124 -0.0013 -0.0000 291 pedestrian_0007
Pedestrian 1.00 1.00 0 0 0 0 0 0 0 0 -1000.00 -1000.00 -1000.00 -1000.00 1.9158 0.4880 0.4990 -272.8504 1.9354 11.3611 -2.0759 -0.0013 -0.0000 292 pedestrian_0021
Pedestrian 0.00 1.00 0 0 0 0 0 0 0 0 896.69 362.80 898.44 369.25 1.3390 0.3253 0.4300 116.5925 1.9243 10.7773 -3.1186 -0.0013 -0.0000 293 pedestrian_0014
Pedestrian 1.00 1.00 0 0 0 0 0 0 0 0 -1000.00 -1000.00 -1000.00 -1000.00 1.9158 0.4880 0.4562 7.7728 -3.3908 146.6779 -3.1211 -0.0013 -0.0000 294 pedestrian_0002
Pedestrian 1.00 1.00 33 43 64 478 0 10 0 0 -1000.00 -1000.00 -1000.00 -1000.00 1.9158 0.4880 0.6264 -19.4356 1.9342 9.0697 0.1717 -0.0013 -0.0000 295 pedestrian_0026
Pedestrian 1.00 1.00 98 105 161 3788 0 0 26 0 -1000.00 -1000.00 -1000.00 -1000.00 1.9158 0.4880 0.5074 6.3265 1.8793 8.9807 -2.1897 -0.0013 -0.0000 296 pedestrian_0020
Pedestrian 1.00 1.00 0 0 0 0 0 0 0 0 -1000.00 -1000.00 -1000.00 -1000.00 1.9158 0.4880 0.5791 25.4568 2.0228 -57.5183 -0.0977 -0.0013 -0.0000 297 pedestrian_0016
Pedestrian 1.00 1.00 0 0 0 0 0 0 0 0 -1000.00 -1000.00 -1000.00 -1000.00 1.9158 0.4880 0.7507 -127.5085 2.0325 -60.8724 -0.0321 -0.0013 -0.0000 298 pedestrian_0024
Pedestrian 0.00 1.00 0 0 0 0 0 0 0 0 54.80 292.39 67.31 308.11 1.9158 0.4880 0.6736 71.1998 -6.6014 111.5578 0.0001 -0.0013 -0.0000 299 pedestrian_0001
Pedestrian 1.00 1.00 0 0 0 0 0 0 0 0 -1000.00 -1000.00 -1000.00 -1000.00 1.9158 0.4880 0.7507 19.3049 2.1444 -190.6484 2.4658 -0.0013 -0.0000 300 pedestrian_0025
Pedestrian 1.00 1.00 0 2 2 8 2 0 0 0 -1000.00 -1000.00 -1000.00 -1000.00 1.9158 0.4880 0.7507 -15.9584 2.0748 -137.9676 1.7848 -0.0013 -0.0000 301 pedestrian_0016
Pedestrian 1.00 1.00 0 0 0 0 0 0 0 0 -1000.00 -1000.00 -1000.00 -1000.00 1.9158 0.4880 0.5423 21.7000 1.9778 -53.0961 -2.9733 -0.0013 -0.0000 302 pedestrian_0006
Pedestrian 0.00 1.00 1 1 2 0 0 0 0 0 643.95 366.43 649.08 378.69 1.3390 0.3253 0.4042 62.0240 2.0489 32.2550 3.0945 -0.0013 -0.0000 303 pedestrian_0012
Pedestrian 1.00 1.00 0 0 0 0 0 0 0 0 -1000.00 -1000.00 -1000.00 -1000.00 1.9158 0.4880 0.7507 -233.1042 2.2870 -253.8886 -0.7758 -0.0013 -0.0000 304 pedestrian_0024
Pedestrian 1.00 1.00 0 0 0 0 0 0 0 0 -1000.00 -1000.00 -1000.00 -1000.00 1.3390 0.3253 0.3596 -32.3030 1.0255 146.5301 0.0184 -0.0013 -0.0000 305 pedestrian_0013
Pedestrian 1.00 1.00 0 0 0 0 0 0 0 0 -1000.00 -1000.00 -1000.00 -1000.00 1.1330 0.4333 0.3729 -261.0860 1.8368 77.5708 -1.9417 -0.0013 -0.0000 306 pedestrian_0011
Pedestrian 1.00 1.00 0 0 0 0 0 0 0 0 -1000.00 -1000.00 -1000.00 -1000.00 1.9158 0.4880 0.7290 -76.9128 2.2973 -149.2656 3.1271 -0.0013 -0.0000 307 pedestrian_0024
Pedestrian 1.00 1.00 0 0 0 0 0 0 0 0 -1000.00 -1000.00 -1000.00 -1000.00 1.9158 0.4880 0.3905 -272.9165 1.9383 9.1599 -1.4635 -0.0013 -0.0000 308 pedestrian_0004
Pedestrian 0.00 1.00 0 0 0 0 0 0 0 0 796.23 360.17 802.71 381.97 1.9158 0.4880 0.6904 50.1372 1.9317 11.9802 -2.9518 -0.0013 -0.0000 309 pedestrian_0019
Pedestrian 0.00 1.00 0 0 0 0 0 0 0 0 1182.27 363.31 1184.49 368.97 1.3390 0.3253 0.5005 132.6268 2.1263 -55.2732 -0.0044 -0.0013 -0.0000 310 pedestrian_0012
Pedestrian 0.00 1.00 0 0 0 0 0 0 0 0 1678.39 361.77 1683.20 370.29 1.9158 0.4880 0.4662 125.9936 2.3159 -164.7441 -1.4651 -0.0013 -0.0000 311 pedestrian_0022
Pedestrian 1.00 1.00 0 0 0 0 0 0 0 0 -1000.00 -1000.00 -1000.00 -1000.00 1.9158 0.4880 0.7507 85.6255 2.1751 -173.3051 -1.4224 -0.0013 -0.0000 312 pedestrian_0018
Pedestrian 1.00 1.00 0 0 0 0 0 0 0 0 -1000.00 -1000.00 -1000.00 -1000.00 1.9158 0.4880 0.6849 -138.9104 1.9646 -10.7420 0.8000 -0.0013 -0.0000 313 pedestrian_0022
Pedestrian 1.00 1.00 0 0 0 0 0 0 0 0 -1000.00 -1000.00 -1000.00 -1000.00 1.9158 0.4880 0.3891 37.4693 2.1437 -149.0725 0.7013 -0.0013 -0.0000 314 pedestrian_0005
Pedestrian 1.00 1.00 25 23 48 261 0 4 0 0 -1000.00 -1000.00 -1000.00 -1000.00 1.9158 0.4880 0.6646 -25.6319 1.9368 8.6010 0.0381 -0.0013 -0.0000 315 pedestrian_0018
Pedestrian 1.00 1.00 0 0 0 0 0 0 0 0 -1000.00 -1000.00 -1000.00 -1000.00 1.9158 0.4880 0.6902 -264.9827 1.8595 68.9611 -1.8055 -0.0013 -0.0000 316 pedestrian_0024
Pedestrian 1.00 1.00 1 2 1 9 0 0 0 0 -1000.00 -1000.00 -1000.00 -1000.00 1.9158 0.4880 0.6459 -26.9033 2.0519 -78.5731 -3.1185 -0.0013 -0.0000 317 pedestrian_0002
Pedestrian 1.00 1.00 0 0 0 0 0 0 0 0 -1000.00 -1000.00 -1000.00 -1000.00 1.3390 0.3253 0.3419 -97.2726 2.2058 -226.4763 0.1659 -0.0013 -0.0000 318 pedestrian_0013
Pedestrian 1.00 1.00 0 0 0 0 0 0 0 0 -1000.00 -1000.00 -1000.00 -1000.00 1.9158 0.4880 0.3896 -73.7320 2.1070 -120.4261 -1.5396 -0.0013 -0.0000 319 pedestrian_0018
Pedestrian 1.00 1.00 0 0 0 0 0 0 0 0 -1000.00 -1000.00 -1000.00 -1000.00 1.9158 0.4880 0.7064 -131.5525 2.1327 -139.6316 2.6755 -0.0013 -0.0000 320 pedestrian_0006
Pedestrian 1.00 1.00 0 0 0 0 0 0 0 0 -1000.00 -1000.00 -1000.00 -1000.00 1.9158 0.4880 0.7507 -112.8812 2.3243 -285.1382 0.0171 -0.0013 -0.0000 321 pedestrian_0021
Pedestrian 1.00 1.00 0 0 0 0 0 0 0 0 -1000.00 -1000.00 -1000.00 -1000.00 1.1330 0.4333 0.5362 -96.5564 2.0454 -79.7218 0.0347 -0.0013 -0.0000 322 pedestrian_0010
Pedestrian 0.00 1.00 0 0 0 0 0 0 0 0 1312.96 360.69 1318.54 373.44 1.9158 0.4880 0.5238 84.6774 2.0207 -55.9244 0.4177 -0.0013 -0.0000 323 pedestrian_0022
Pedestrian 1.00 1.00 0 0 0 0 0 0 0 0 -1000.00 -1000.00 -1000.00 -1000.00 1.9158 0.4880 0.7507 -38.7208 2.0262 -59.9524 -3.1022 -0.0013 -0.0000 324 pedestrian_0015
Pedestrian 1.00 1.00 7 6 11 43 0 1 0 0 -1000.00 -1000.00 -1000.00 -1000.00 1.9158 0.4880 0.5743 -45.9540 1.9339 10.9099 -3.1011 -0.0013 -0.0000 325 pedestrian_0005
Pedestrian 0.00 1.00 0 0 0 0 0 0 0 0 776.92 332.08 778.92 337.59 1.9158 0.4880 0.6189 196.5940 -7.9197 62.0035 -1.3641 -0.0013 -0.0000 326 pedestrian_0006
Pedestrian 0.00 1.00 0 0 0 0 0 0 0 0 1101.58 360.28 1103.27 365.48 1.9158 0.4880 0.4487 205.4851 2.0181 -54.7751 1.7193 -0.0013 -0.0000 327 pedestrian_0002
Pedestrian 0.00 1.00 0 0 0 0 0 0 0 0 869.00 361.36 873.15 376.71 1.9158 0.4880 0.6787 70.6548 2.0879 8.9295 -3.0195 -0.0013 -0.0000 328 pedestrian_0015
Pedestrian 1.00 1.00 0 0 0 0 0 0 0 0 -1000.00 -1000.00 -1000.00 -1000.00 1.9158 0.4880 0.7507 -144.9560 1.7575 145.6585 -3.0838 -0.0013 -0.0000 329 pedestrian_0005
Pedestrian 1.00 1.00 0 0 0 0 0 0 0 0 -1000.00 -1000.00 -1000.00 -1000.00 1.1330 0.4333 0.6506 -155.0729 2.3146 -285.6828 -0.0167 -0.0013 -0.0000 330 pedestrian_0010
Pedestrian 0.00 0.33 4 4 7 38 0 0 0 0 621.29 359.90 628.29 379.06 1.9158 0.4880 0.4108 56.7162 1.9060 31.4355 1.5906 -0.0013 -0.0000 331 pedestrian_0001
Pedestrian 1.00 1.00 0 0 0 0 0 0 0 0 -1000.00 -1000.00 -1000.00 -1000.00 1.9158 0.4880 0.3843 -93.8890 1.9464 1.7284 -0.9907 -0.0013 -0.0000 332 pedestrian_0017
Pedestrian 1.00 1.00 0 0 0 0 0 0 0 0 -1000.00 -1000.00 -1000.00 -1000.00 1.9158 0.4880 0.4555 -74.0676 2.0813 -79.2645 0.1552 -0.0013 -0.0000 333 pedestrian_0023
Pedestrian 1.00 1.00 0 0 0 0 0 0 0 0 -1000.00 -1000.00 -1000.00 -1000.00 1.3390 0.3253 0.3329 -95.1037 1.8566 63.0296 -1.5295 -0.0013 -0.0000 334 pedestrian_0013
Pedestrian 1.00 1.00 0 0 0 0 0 0 0 0 -1000.00 -1000.00 -1000.00 -1000.00 1.9158 0.4880 0.5746 -112.0410 2.2137 -226.6562 0.0503 -0.0013 -0.0000 335 pedestrian_0019
Pedestrian 1.00 1.00 103 122 174 4023 0 0 32 0 -1000.00 -1000.00 -1000.00 -1000.00 1.9158 0.4880 0.6627 -6.3883 2.0331 8.9456 0.2899 -0.0013 -0.0000 336 pedestrian_0017
Pedestrian 1.00 1.00 0 0 0 0 0 0 0 0 -1000.00 -1000.00 -1000.00 -1000.00 1.9158 0.4880 0.4697 -134.4777 2.3266 -286.5284 -1.0384 -0.0013 -0.0000 337 pedestrian_0025
Pedestrian 1.00 1.00 0 0 0 0 0 0 0 0 -1000.00 -1000.00 -1000.00 -1000.00 1.9158 0.4880 0.7507 139.2875 -7.7078 -270.5183 -2.6061 -0.0013 -0.0000 338 pedestrian_0006
Pedestrian 1.00 1.00 0 0 0 0 0 0 0 0 -1000.00 -1000.00 -1000.00 -1000.00 1.1330 0.4333 0.6034 93.0754 -7.7581 -245.9631 -3.0511 -0.0013 -0.0000 339 pedestrian_0011
Pedestrian 0.00 1.00 0 0 0 0 0 0 0 0 827.49 364.15 830.20 369.30 1.1330 0.4333 0.5403 123.5637 2.0526 26.7542 -1.4430 -0.0013 -0.0000 340 pedestrian_0011
Pedestrian 0.00 1.00 0 0 0 0 0 0 0 0 1219.26 361.96 1220.53 365.55 1.3390 0.3253 0.3150 208.0128 2.0702 -99.2926 -1.5572 -0.0013 -0.0000 341 pedestrian_0013
Pedestrian 1.00 1.00 0 0 0 0 0 0 0 0 -1000.00 -1000.00 -1000.00 -1000.00 1.9158 0.4880 0.5104 -74.7537 2.2065 -80.2587 -0.0204 -0.0013 -0.0000 342 pedestrian_0007
Pedestrian 0.00 1.00 0 0 0 0 0 0 0 0 1504.26 361.06 1516.62 380.20 1.9158 0.4880 0.7507 56.9259 2.0233 -57.7413 -3.0985 -0.0013 -0.0000 343 pedestrian_0021
Pedestrian 0.00 1.00 0 0 0 0 0 0 0 0 1049.67 334.54 1051.58 337.74 1.1330 0.4333 0.6148 200.4736 -8.0188 -34.8493 -1.5683 -0.0013 -0.0000 344 pedestrian_0010
Pedestrian 1.00 1.00 38 42 70 621 0 0 18 0 -1000.00 -1000.00 -1000.00 -1000.00 1.9158 0.4880 0.5288 1.7136 2.0275 21.3609 -1.6327 -0.0013 -0.0000 345 pedestrian_0021
Pedestrian 0.00 1.00 0 0 0 0 0 0 0 0 539.12 362.76 542.23 370.64 1.3390 0.3253 0.3147 95.5645 1.8103 69.2771 -2.8858 -0.0013 -0.0000 346 pedestrian_0014
Pedestrian 1.00 1.00 0 0 0 0 0 0 0 0 -1000.00 -1000.00 -1000.00 -1000.00 1.9158 0.4880 0.5693 -71.7113 2.1825 -61.9744 -1.7512 -0.0013 -0.0000 347 pedestrian_0023
Pedestrian 0.00 1.00 0 0 0 0 0 0 0 0 1307.45 360.67 1313.52 372.95 1.9158 0.4880 0.6961 87.9328 2.0223 -57.1876 -3.0853 -0.0013 -0.0000 348 pedestrian_0008
Pedestrian 1.00 1.00 0 0 0 0 0 0 0 0 -1000.00 -1000.00 -1000.00 -1000.00 1.9158 0.4880 0.7507 -273.9951 1.9329 13.2202 1.5393 -0.0013 -0.0000 349 pedestrian_0006
Pedestrian 0.00 1.00 0 0 0 0 0 0 0 0 1518.59 360.64 1522.70 369.02 1.9158 0.4880 0.4437 128.0254 2.0632 -130.6932 -1.5230 -0.0013 -0.0000 350 pedestrian_0022
Pedestrian 1.00 1.00 0 0 0 0 0 0 0 0 -1000.00 -1000.00 -1000.00 -1000.00 1.9158 0.4880 0.7507 67.6866 2.3214 -168.4934 -0.0358 -0.0013 -0.0000 351 pedestrian_0023
Pedestrian 0.00 1.00 0 0 0 0 0 0 0 0 1799.60 361.28 1807.72 371.03 1.9158 0.4880 0.7319 110.4566 2.1691 -168.7930 3.1142 -0.0013 -0.0000 352 pedestrian_0006
Pedestrian 1.00 1.00 0 0 0 0 0 0 0 0 -1000.00 -1000.00 -1000.00 -1000.00 1.9158 0.4880 0.7507 62.5300 2.1366 -143.8708 1.5476 -0.0013 -0.0000 353 pedestrian_0024
Pedestrian 1.00 1.00 0 0 0 0 0 0 0 0 -1000.00 -1000.00 -1000.00 -1000.00 1.1330 0.4333 0.6044 -179.5049 1.7480 142.9673 0.2058 -0.0013 -0.0000 354 pedestrian_0011
Pedestrian 0.00 1.00 0 0 0 0 0 0 0 0 891.23 360.09 894.08 369.58 1.9158 0.4880 0.6619 113.2637 1.9335 11.3963 3.1331 -0.0013 -0.0000 355 pedestrian_0017
Pedestrian 0.00 1.00 0 0 0 0 0 0 0 0 1024.75 328.29 1026.05 332.87 1.3390 0.3253 0.3490 165.0175 -8.0336 -21.5879 -1.5831 -0.0013 -0.0000 356 pedestrian_0012
Pedestrian 1.00 1.00 0 0 0 0 0 0 0 0 -1000.00 -1000.00 -1000.00 -1000.00 1.9158 0.4880 0.4546 -174.2926 2.3233 -284.0481 2.8844 -0.0013 -0.0000 357 pedestrian_0020
Pedestrian 1.00 1.00 4 1 4 9 2 0 0 0 -1000.00 -1000.00 -1000.00 -1000.00 1.9158 0.4880 0.3754 4.6537 2.0003 -81.6426 1.7091 -0.0013 -0.0000 358 pedestrian_0017
Pedestrian 1.00 1.00 42 47 68 5665 0 5 11 0 -1000.00 -1000.00 -1000.00 -1000.00 1.9158 0.4880 0.4863 -17.3691 1.9332 10.9542 2.2667 -0.0013 -0.0000 359 pedestrian_0025
Pedestrian 1.00 1.00 0 0 0 0 0 0 0 0 -1000.00 -1000.00 -1000.00 -1000.00 1.3390 0.3253 0.4501 -269.3256 2.1682 -169.3290 -1.6202 -0.0013 -0.0000 360 pedestrian_0013
Pedestrian 1.00 1.00 0 0 0 0 0 0 0 0 -1000.00 -1000.00 -1000.00 -1000.00 1.3390 0.3253 0.2943 -192.7444 2.3100 -278.7060 -0.3584 -0.0013 -0.0000 361 pedestrian_0013
Pedestrian 0.00 1.00 0 0 0 0 0 0 0 0 760.47 363.37 763.21 371.49 1.3390 0.3253 0.4281 92.8648 1.8984 30.5920 -3.0605 -0.0013 -0.0000 362 pedestrian_0013
Pedestrian 1.00 1.00 0 0 0 1 0 0 0 0 -1000.00 -1000.00 -1000.00 -1000.00 1.1330 0.4333 0.6371 7.7617 2.0732 -144.9229 1.6180 -0.0013 -0.0000 363 pedestrian_0011
Pedestrian 1.00 1.00 0 0 0 0 0 0 0 0 -1000.00 -1000.00 -1000.00 -1000.00 1.3390 0.3253 0.4143 -3.3466 2.2651 -169.4632 -0.0978 -0.0013 -0.0000 364 pedestrian_0012
Pedestrian 0.00 1.00 0 0 0 0 0 0 0 0 819.27 360.49 822.04 369.07 1.9158 0.4880 0.5300 125.1328 2.0257 28.9594 -1.4825 -0.0013 -0.0000 365 pedestrian_0023
Pedestrian 1.00 1.00 0 0 0 0 0 0 0 0 -1000.00 -1000.00 -1000.00 -1000.00 1.9158 0.4880 0.5574 -172.6858 1.8207 72.2898 0.3881 -0.0013 -0.0000 366 pedestrian_0005
Pedestrian 1.00 1.00 0 0 0 0 0 0 0 0 -1000.00 -1000.00 -1000.00 -1000.00 1.9158 0.4880 0.6011 -189.9908 2.1612 -186.2525 2.2814 -0.0013 -0.0000 367 pedestrian_0021
Pedestrian 1.00 1.00 0 0 0 0 0 0 0 0 -1000.00 -1000.00 -1000.00 -1000.00 1.1330 0.4333 0.3948 -178.2708 2.0095 -62.9960 -0.0014 -0.0013 -0.0000 368 pedestrian_0010
Pedestrian 1.00 1.00 0 0 0 0 0 0 0 0 -1000.00 -1000.00 -1000.00 -1000.00 1.9158 0.4880 0.7507 -73.9682 2.0982 -112.6557 -1.5687 -0.0013 -0.0000 369 pedestrian_0020
Pedestrian 1.00 1.00 0 0 0 0 0 0 0 0 -1000.00 -1000.00 -1000.00 -1000.00 1.3390 0.3253 0.4335 13.0670 2.0399 -77.0332 0.0293 -0.0013 -0.0000 370 pedestrian_0012
Pedestrian 0.00 1.00 0 0 0 0 0 0 0 0 671.19 359.86 677.54 372.95 1.9158 0.4880 0.6740 82.4754 1.8951 39.7305 -1.8294 -0.0013 -0.0000 371 pedestrian_0015
Pedestrian 1.00 1.00 0 0 0 0 0 0 0 0 -1000.00 -1000.00 -1000.00 -1000.00 1.9158 0.4880 0.7507 61.1988 2.0956 -112.6746 1.6023 -0.0013 -0.0000 372 pedestrian_0007
Pedestrian 1.00 1.00 0 0 0 0 0 0 0 0 -1000.00 -1000.00 -1000.00 -1000.00 1.9158 0.4880 0.6520 -272.2201 2.0759 -93.8636 1.5773 -0.0013 -0.0000 373 pedestrian_0008
Pedestrian 0.00 1.00 0 0 0 0 0 0 0 0 1135.52 360.15 1138.45 367.55 1.9158 0.4880 0.5994 144.8005 1.9545 -48.1459 -1.5684 -0.0013 -0.0000 374 pedestrian_0020
Pedestrian 1.00 1.00 0 0 0 0 0 0 0 0 -1000.00 -1000.00 -1000.00 -1000.00 1.9158 0.4880 0.5227 -87.0878 2.3259 -170.9225 0.3681 -0.0013 -0.0000 375 pedestrian_0015
Pedestrian 1.00 1.00 0 0 0 0 0 0 0 0 -1000.00 -1000.00 -1000.00 -1000.00 1.3390 0.3253 0.3228 -94.3375 2.0477 -80.0105 -0.1299 -0.0013 -0.0000 376 pedestrian_0012
Pedestrian 1.00 1.00 0 0 0 0 0 0 0 0 -1000.00 -1000.00 -1000.00 -1000.00 1.9158 0.4880 0.4394 89.4490 2.1683 -171.8532 1.4137 -0.0013 -0.0000 377 pedestrian_0017
Pedestrian 0.00 1.00 0 0 0 0 0 0 0 0 1408.02 361.81 1415.59 374.39 1.9158 0.4880 0.7507 85.7984 2.1934 -71.3324 1.4440 -0.0013 -0.0000 378 pedestrian_0025
Pedestrian 0.00 1.00 0 0 0 0 0 0 0 0 689.85 366.80 695.60 375.41 1.1330 0.4333 0.6667 74.9339 2.0443 33.3950 3.1171 -0.0013 -0.0000 379 pedestrian_0009
Pedestrian 1.00 1.00 0 0 0 0 0 0 0 0 -1000.00 -1000.00 -1000.00 -1000.00 1.9158 0.4880 0.6255 74.5197 2.3204 -167.7781 3.1405 -0.0013 -0.0000 380 pedestrian_0002
Pedestrian 1.00 1.00 0 0 0 0 0 0 0 0 -1000.00 -1000.00 -1000.00 -1000.00 1.3390 0.3253 0.3937 -147.2652 2.3169 -285.7159 -0.1785 -0.0013 -0.0000 381 pedestrian_0013
Pedestrian 0.00 1.00 0 0 0 0 0 0 0 0 1743.15 363.43 1747.46 369.35 1.3390 0.3253 0.5005 126.7451 2.1180 -180.3534 -1.6116 -0.0013 -0.0000 382 pedestrian_0012
Pedestrian 0.00 1.00 0 0 0 0 0 0 0 0 227.70 367.40 240.23 379.32 1.1330 0.4333 0.6035 54.4163 1.8495 67.6826 -2.9952 -0.0013 -0.0000 383 pedestrian_0010
Pedestrian 1.00 1.00 0 0 0 0 0 0 0 0 -1000.00 -1000.00 -1000.00 -1000.00 1.3390 0.3253 0.5005 -262.1668 2.2185 -208.4991 -1.2008 -0.0013 -0.0000 384 pedestrian_0013
Pedestrian 0.00 1.00 0 0 0 0 0 0 0 0 680.87 361.54 691.12 381.30 1.9158 0.4880 0.7507 55.1436 2.0675 24.5088 -1.6937 -0.0013 -0.0000 385 pedestrian_0015
Pedestrian 1.00 1.00 0 2 4 18 0 0 0 0 -1000.00 -1000.00 -1000.00 -1000.00 1.9158 0.4880 0.7507 -96.0310 1.9099 28.0107 -1.6038 -0.0013 -0.0000 386 pedestrian_0018
Pedestrian 1.00 1.00 0 0 0 0 0 0 0 0 -1000.00 -1000.00 -1000.00 -1000.00 1.3390 0.3253 0.4760 -110.1036 2.3169 -285.7900 -0.0240 -0.0013 -0.0000 387 pedestrian_0013
Pedestrian 0.00 1.00 0 0 0 0 0 0 0 0 1472.40 360.79 1476.66 367.59 1.9158 0.4880 0.7507 157.8573 2.1409 -147.8196 0.0756 -0.0013 -0.0000 388 pedestrian_0022
Pedestrian 1.00 1.00 0 0 0 0 0 0 0 0 -1000.00 -1000.00 -1000.00 -1000.00 1.9158 0.4880 0.7507 -272.1828 2.0057 -42.0886 -1.5366 -0.0013 -0.0000 389 pedestrian_0003
Pedestrian 1.00 1.00 0 0 0 0 0 0 0 0 -1000.00 -1000.00 -1000.00 -1000.00 1.9158 0.4880 0.7507 -110.9624 2.3245 -285.1383 0.0053 -0.0013 -0.0000 390 pedestrian_0021
Pedestrian 1.00 1.00 9 10 18 599 0 1 1 0 -1000.00 -1000.00 -1000.00 -1000.00 1.9158 0.4880 0.7507 -34.6637 1.9096 29.3361 -3.1173 -0.0013 -0.0000 391 pedestrian_0016
Pedestrian 1.00 1.00 0 0 0 0 0 0 0 0 -1000.00 -1000.00 -1000.00 -1000.00 1.9158 0.4880 0.5581 -186.4925 2.3199 -280.9677 -0.2849 -0.0013 -0.0000 392 pedestrian_0005
Pedestrian 0.00 1.00 0 0 0 0 0 0 0 0 1682.15 325.44 1685.89 332.38 1.9158 0.4880 0.4774 156.9057 -7.7841 -205.8506 -2.0530 -0.0013 -0.0000 393 pedestrian_0026
Pedestrian 0.00 1.00 0 0 0 0 0 0 0 0 1437.27 360.53 1442.38 368.88 1.9158 0.4880 0.7507 128.5764 2.0395 -112.6517 1.5652 -0.0013 -0.0000 394 pedestrian_0022
Pedestrian 0.00 1.00 0 0 0 0 0 0 0 0 1371.91 329.60 1374.40 333.49 1.1330 0.4333 0.4133 165.9684 -7.9008 -125.1849 1.5982 -0.0013 -0.0000 395 pedestrian_0010
Pedestrian 0.00 1.00 0 0 0 0 0 0 0 0 567.27 359.39 572.02 368.04 1.9158 0.4880 0.7215 124.1366 1.7802 84.4595 -0.5210 -0.0013 -0.0000 396 pedestrian_0006
Pedestrian 1.00 1.00 0 0 0 0 0 0 0 0 -1000.00 -1000.00 -1000.00 -1000.00 1.3390 0.3253 0.5005 -73.2680 1.9546 -13.2594 -1.6810 -0.0013 -0.0000 397 pedestrian_0012
Pedestrian 0.00 1.00 0 0 0 0 0 0 0 0 1497.55 363.98 1502.31 368.95 1.1330 0.4333 0.6667 127.9988 2.0456 -125.9211 -1.5754 -0.0013 -0.0000 398 pedestrian_0010
Pedestrian 1.00 1.00 0 0 0 0 0 0 0 0 -1000.00 -1000.00 -1000.00 -1000.00 1.9158 0.4880 0.7507 -64.6486 1.9338 11.1299 3.0771 -0.0013 -0.0000 399 pedestrian_0007
Pedestrian 0.00 1.00 0 0 0 0 0 0 0 0 745.44 331.89 747.52 337.47 1.9158 0.4880 0.6409 194.5743 -7.8810 72.3211 2.0117 -0.0013 -0.0000 400 pedestrian_0001
Pedestrian 0.00 1.00 0 0 0 0 0 0 0 0 1190.29 360.98 1193.64 369.30 1.9158 0.4880 0.7507 129.1600 2.1427 -55.8598 3.0887 -0.0013 -0.0000 401 pedestrian_0016
Pedestrian 1.00 1.00 0 0 0 0 0 0 0 0 -1000.00 -1000.00 -1000.00 -1000.00 1.9158 0.4880 0.7507 -270.9608 2.0667 -86.5415 1.5638 -0.0013 -0.0000 402 pedestrian_0021
Pedestrian 1.00 1.00 1 2 2 11 0 0 0 0 -1000.00 -1000.00 -1000.00 -1000.00 1.9158 0.4880 0.6337 -11.9094 2.1186 -55.9767 -0.3001 -0.0013 -0.0000 403 pedestrian_0006
Pedestrian 1.00 1.00 0 0 0 0 0 0 0 0 -1000.00 -1000.00 -1000.00 -1000.00 1.9158 0.4880 0.7507 -25.6643 1.9777 -56.3117 2.9886 -0.0013 -0.0000 404 pedestrian_0023
Pedestrian 0.00 1.00 0 0 0 0 0 0 0 0 970.76 367.52 976.56 378.20 1.1330 0.4333 0.6069 60.3673 1.9408 -3.7007 -1.5644 -0.0013 -0.0000 405 pedestrian_0011
Pedestrian 0.00 0.98 0 0 0 403 0 0 1 0 216.84 360.93 239.34 403.19 1.9158 0.4880 0.5457 26.2887 1.9067 31.1437 -3.0275 -0.0013 -0.0000 406 pedestrian_0004
Pedestrian 1.00 1.00 0 0 0 0 0 0 0 0 -1000.00 -1000.00 -1000.00 -1000.00 1.9158 0.4880 0.5020 85.4521 2.1703 -169.6197 3.0866 -0.0013 -0.0000 407 pedestrian_0026
Pedestrian 0.00 1.00 0 0 0 0 0 0 0 0 831.29 362.13 833.02 367.28 1.3390 0.3253 0.3767 145.7078 1.8965 31.1302 -1.1245 -0.0013 -0.0000 408 pedestrian_0013
Pedestrian 1.00 1.00 0 0 0 0 0 0 0 0 -1000.00 -1000.00 -1000.00 -1000.00 1.1330 0.4333 0.5468 -116.0252 2.1333 -148.8336 -0.1898 -0.0013 -0.0000 409 pedestrian_0010
Pedestrian 0.00 1.00 0 0 0 0 0 0 0 0 566.37 359.46 569.86 368.17 1.9158 0.4880 0.5347 123.2138 1.7963 84.1473 -0.7389 -0.0013 -0.0000 410 pedestrian_0020
Pedestrian 1.00 1.00 0 0 0 0 0 0 0 0 -1000.00 -1000.00 -1000.00 -1000.00 1.9158 0.4880 0.7207 -73.8505 2.1924 -69.5397 -1.5833 -0.0013 -0.0000 411 pedestrian_0025
Pedestrian 0.00 1.00 0 0 0 0 0 0 0 0 882.00 368.55 886.69 378.97 1.1330 0.4333 0.5391 62.1306 2.0803 6.1007 0.2878 -0.0013 -0.0000 412 pedestrian_0010
Pedestrian 1.00 1.00 0 0 0 0 0 0 0 0 -1000.00 -1000.00 -1000.00 -1000.00 1.9158 0.4880 0.7507 62.8104 2.0959 -112.9041 -1.6238 -0.0013 -0.0000 413 pedestrian_0015
Pedestrian 0.00 1.00 0 0 0 0 0 0 0 0 1782.55 368.33 1794.32 378.65 1.1330 0.4333 0.6667 62.4713 2.0597 -94.0654 -1.5523 -0.0013 -0.0000 414 pedestrian_0011
Pedestrian 0.00 1.00 0 0 0 0 0 0 0 0 1650.47 361.23 1660.30 379.20 1.9158 0.4880 0.4385 60.4504 2.0484 -76.7813 2.9253 -0.0013 -0.0000 415 pedestrian_0025
Pedestrian 0.00 1.00 0 0 0 0 0 0 0 0 1405.94 329.69 1409.30 333.57 1.1330 0.4333 0.6527 166.2305 -7.8874 -135.6515 1.5850 -0.0013 -0.0000 416 pedestrian_0009
Pedestrian 0.00 1.00 0 0 0 0 0 0 0 0 454.39 317.03 459.91 326.31 1.9158 0.4880 0.7507 119.1372 -7.2061 104.9090 2.6369 -0.0013 -0.0000 417 pedestrian_0026
Pedestrian 1.00 1.00 0 0 0 0 0 0 0 0 -1000.00 -1000.00 -1000.00 -1000.00 1.9158 0.4880 0.7507 -270.8506 2.0727 -91.8646 1.5500 -0.0013 -0.0000 418 pedestrian_0019
Pedestrian 1.00 1.00 0 0 0 0 0 0 0 0 -1000.00 -1000.00 -1000.00 -1000.00 1.9158 0.4880 0.6227 -94.7307 2.0052 -41.6631 -1.4029 -0.0013 -0.0000 419 pedestrian_0018
Pedestrian 1.00 1.00 0 0 0 0 0 0 0 0 -1000.00 -1000.00 -1000.00 -1000.00 1.9158 0.4880 0.4993 -185.6307 2.3205 -281.3748 -0.2185 -0.0013 -0.0000 420 pedestrian_0026
Pedestrian 0.00 1.00 0 0 0 0 0 0 0 0 1432.16 360.54 1436.62 367.86 1.9158 0.4880 0.7507 146.4810 2.0579 -126.7268 1.5761 -0.0013 -0.0000 421 pedestrian_0005
Pedestrian 0.00 1.00 0 0 0 0 0 0 0 0 689.41 361.53 699.15 381.02 1.9158 0.4880 0.7507 55.8414 2.0682 24.0338 -1.4458 -0.0013 -0.0000 422 pedestrian_0021
Pedestrian 1.00 1.00 0 0 0 0 0 0 0 0 -1000.00 -1000.00 -1000.00 -1000.00 1.9158 0.4880 0.6577 69.6036 2.3224 -169.3216 -0.0720 -0.0013 -0.0000 423 pedestrian_0025
Pedestrian 0.00 1.00 0 0 0 0 0 0 0 0 1451.10 360.55 1455.06 369.04 1.9158 0.4880 0.4583 126.3649 2.0409 -113.7352 1.5591 -0.0013 -0.0000 424 pedestrian_0008
Pedestrian 1.00 1.00 12 14 20 283 0 0 4 0 -1000.00 -1000.00 -1000.00 -1000.00 1.9158 0.4880 0.4231 15.3070 1.9012 33.8755 -1.1508 -0.0013 -0.0000 425 pedestrian_0018
Pedestrian 1.00 1.00 0 0 0 0 0 0 0 0 -1000.00 -1000.00 -1000.00 -1000.00 1.9158 0.4880 0.7507 -33.1003 2.0728 -121.6748 3.1161 -0.0013 -0.0000 426 pedestrian_0020
Pedestrian 1.00 1.00 0 0 0 0 0 0 0 0 -1000.00 -1000.00 -1000.00 -1000.00 1.3390 0.3253 0.5005 54.1610 2.1604 -168.2819 -3.1064 -0.0013 -0.0000 427 pedestrian_0012
Pedestrian 0.00 1.00 0 0 0 0 0 0 0 0 1287.52 363.73 1290.50 368.73 1.1330 0.4333 0.3887 127.1777 1.9838 -77.1183 -1.3436 -0.0013 -0.0000 428 pedestrian_0011
Pedestrian 1.00 1.00 0 0 0 0 0 0 0 0 -1000.00 -1000.00 -1000.00 -1000.00 1.9158 0.4880 0.5496 -94.5651 2.3448 -212.1852 1.6044 -0.0013 -0.0000 429 pedestrian_0006
Pedestrian 0.00 1.00 0 0 0 0 0 0 0 0 783.77 360.98 788.55 373.46 1.9158 0.4880 0.6154 86.3902 2.0672 24.5314 -1.4672 -0.0013 -0.0000 430 pedestrian_0021
Pedestrian 1.00 1.00 116 136 212 2091 0 0 51 0 -1000.00 -1000.00 -1000.00 -1000.00 1.9158 0.4880 0.7507 -1.8521 2.0315 10.1670 0.3537 -0.0013 -0.0000 431 pedestrian_0026
Pedestrian 0.00 1.00 0 0 0 0 0 0 0 0 704.32 325.26 707.38 332.25 1.9158 0.4880 0.7507 156.3189 -7.7942 68.9644 1.9419 -0.0013 -0.0000 432 pedestrian_0026
Pedestrian 1.00 1.00 0 0 0 0 0 0 0 0 -1000.00 -1000.00 -1000.00 -1000.00 1.9158 0.4880 0.4888 -73.3300 2.1957 -72.0237 -1.5134 -0.0013 -0.0000 433 pedestrian_0002
Pedestrian 0.00 1.00 0 0 0 0 0 0 0 0 1736.45 361.18 1743.75 370.25 1.9158 0.4880 0.7507 118.6599 2.1676 -167.7911 0.0380 -0.0013 -0.0000 434 pedestrian_0001
Pedestrian 1.00 1.00 0 0 0 0 0 0 0 0 -1000.00 -1000.00 -1000.00 -1000.00 1.9158 0.4880 0.7507 54.4814 -7.7045 -283.4665 0.0245 -0.0013 -0.0000 435 pedestrian_0022
Pedestrian 0.00 1.00 0 0 0 0 0 0 0 0 391.58 359.63 401.75 378.78 1.9158 0.4880 0.5229 56.7548 1.8796 54.3918 -1.5583 -0.0013 -0.0000 436 pedestrian_0005
Pedestrian 0.00 1.00 0 0 0 0 0 0 0 0 1117.13 361.97 1118.52 365.90 1.3390 0.3253 0.5005 190.1897 2.0116 -56.1010 -3.1358 -0.0013 -0.0000 437 pedestrian_0013
Pedestrian 1.00 1.00 0 0 0 0 0 0 0 0 -1000.00 -1000.00 -1000.00 -1000.00 1.1330 0.4333 0.4326 -135.1594 2.3135 -285.6875 3.0499 -0.0013 -0.0000 438 pedestrian_0011
Pedestrian 1.00 1.00 5 6 9 59 0 0 2 0 -1000.00 -1000.00 -1000.00 -1000.00 1.9158 0.4880 0.3942 12.9842 1.8130 61.2814 0.8642 -0.0013 -0.0000 439 pedestrian_0006
Pedestrian 0.00 1.00 0 0 0 0 0 0 0 0 369.72 323.96 372.59 329.68 1.3390 0.3253 0.3783 133.3033 -7.2474 138.2835 -0.3928 -0.0013 -0.0000 440 pedestrian_0014
Pedestrian 1.00 1.00 0 0 0 0 0 0 0 0 -1000.00 -1000.00 -1000.00 -1000.00 1.9158 0.4880 0.4990 -93.9646 2.0076 69.1373 -1.6599 -0.0013 -0.0000 441 pedestrian_0025
Pedestrian 1.00 1.00 0 0 0 0 0 0 0 0 -1000.00 -1000.00 -1000.00 -1000.00 1.9158 0.4880 0.4931 -226.7674 1.7918 120.1421 0.6951 -0.0013 -0.0000 442 pedestrian_0003
Pedestrian 0.87 1.00 0 0 0 0 0 0 0 0 1916.98 361.70 1920.00 386.75 1.9158 0.4880 0.7507 43.8796 2.0487 -77.1095 -0.0324 -0.0013 -0.0000 443 pedestrian_0024
Pedestrian 1.00 1.00 0 0 0 6 1 0 0 0 -1000.00 -1000.00 -1000.00 -1000.00 1.9158 0.4880 0.5157 5.2955 2.2910 -155.0173 1.5558 -0.0013 -0.0000 444 pedestrian_0007
Pedestrian 1.00 1.00 0 0 0 0 0 0 0 0 -1000.00 -1000.00 -1000.00 -1000.00 1.9158 0.4880 0.4108 -119.2148 2.0309 -60.2924 0.0541 -0.0013 -0.0000 445 pedestrian_0023
Pedestrian 1.00 1.00 0 0 0 0 0 0 0 0 -1000.00 -1000.00 -1000.00 -1000.00 1.9158 0.4880 0.6431 -272.0684 1.9661 -11.9692 1.5691 -0.0013 -0.0000 446 pedestrian_0026
Pedestrian 0.00 1.00 0 0 0 0 0 0 0 0 988.80 328.90 991.03 332.82 1.1330 0.4333 0.6304 164.8947 -8.0480 -11.0834 -1.5640 -0.0013 -0.0000 447 pedestrian_0009
Pedestrian 1.00 1.00 0 0 0 0 0 0 0 0 -1000.00 -1000.00 -1000.00 -1000.00 1.9158 0.4880 0.7345 4.1469 -4.0719 -248.0133 -3.0001 -0.0013 -0.0000 448 pedestrian_0015
Pedestrian 0.00 1.00 0 0 0 0 0 0 0 0 1215.30 360.45 1217.61 367.25 1.9158 0.4880 0.3940 157.5451 2.0447 -74.6562 3.0465 -0.0013 -0.0000 449 pedestrian_0017
Pedestrian 1.00 1.00 0 0 0 3 4 0 0 0 -1000.00 -1000.00 -1000.00 -1000.00 1.9158 0.4880 0.6525 -1.4876 2.2688 -170.1986 0.1091 -0.0013 -0.0000 450 pedestrian_0023
Pedestrian 1.00 1.00 0 0 0 0 0 0 0 0 -1000.00 -1000.00 -1000.00 -1000.00 1.9158 0.4880 0.7507 -59.1463 2.0550 -78.6155 0.0106 -0.0013 -0.0000 451 pedestrian_0001
Pedestrian 1.00 1.00 0 0 0 0 0 0 0 0 -1000.00 -1000.00 -1000.00 -1000.00 1.9158 0.4880 0.6949 -95.2042 1.8415 82.1468 -1.6730 -0.0013 -0.0000 452 pedestrian_0017
Pedestrian 0.00 1.00 0 0 0 0 0 0 0 0 1246.89 364.63 1250.82 370.68 1.1330 0.4333 0.6141 105.7170 2.0103 -56.7947 3.1101 -0.0013 -0.0000 453 pedestrian_0011
Pedestrian 1.00 1.00 0 0 0 0 0 0 0 0 -1000.00 -1000.00 -1000.00 -1000.00 1.9158 0.4880 0.6802 -269.1143 2.1794 -172.1823 1.7393 -0.0013 -0.0000 454 pedestrian_0018
Pedestrian 1.00 1.00 0 0 0 0 0 0 0 0 -1000.00 -1000.00 -1000.00 -1000.00 1.9158 0.4880 0.6648 88.8459 2.3084 -200.9255 -1.1534 -0.0013 -0.0000 455 pedestrian_0021
Pedestrian 0.00 1.00 0 0 0 0 0 0 0 0 980.28 360.12 981.73 365.27 1.9158 0.4880 0.5028 207.3995 1.9595 -10.0594 -1.5342 -0.0013 -0.0000 456 pedestrian_0007
Pedestrian 0.00 1.00 1 1 1 0 0 0 0 0 657.30 361.16 663.92 377.25 1.9158 0.4880 0.7507 67.4828 2.0554 33.6517 -2.9617 -0.0013 -0.0000 457 pedestrian_0021
Pedestrian 0.00 1.00 0 0 0 0 0 0 0 0 939.55 326.11 942.15 332.71 1.9158 0.4880 0.7507 164.1818 -8.0443 3.3970 1.5773 -0.0013 -0.0000 458 pedestrian_0019
Pedestrian 1.00 1.00 0 0 0 0 0 0 0 0 -1000.00 -1000.00 -1000.00 -1000.00 1.1330 0.4333 0.5294 -185.2850 1.7527 140.9865 -2.8687 -0.0013 -0.0000 459 pedestrian_0009
Pedestrian 1.00 1.00 0 0 0 0 0 0 0 0 -1000.00 -1000.00 -1000.00 -1000.00 1.9158 0.4880 0.6465 -156.1718 1.7584 145.0747 -3.0643 -0.0013 -0.0000 460 pedestrian_0004
Pedestrian 1.00 1.00 0 0 0 0 0 0 0 0 -1000.00 -1000.00 -1000.00 -1000.00 1.3390 0.3253 0.4297 -92.9156 2.0938 -116.6961 1.4966 -0.0013 -0.0000 461 pedestrian_0012
Pedestrian 1.00 1.00 0 0 0 0 0 0 0 0 -1000.00 -1000.00 -1000.00 -1000.00 1.9158 0.4880 0.6073 -163.2007 2.1075 -120.2206 1.6713 -0.0013 -0.0000 462 pedestrian_0006
Pedestrian 0.00 1.00 0 0 0 0 0 0 0 0 1635.62 368.22 1643.15 378.68 1.1330 0.4333 0.3912 61.7399 2.0368 -76.6491 1.9913 -0.0013 -0.0000 463 pedestrian_0009
Pedestrian 1.00 1.00 0 0 0 0 0 0 0 0 -1000.00 -1000.00 -1000.00 -1000.00 1.3390 0.3253 0.5005 -160.6851 2.2003 -81.2893 -0.0442 -0.0013 -0.0000 464 pedestrian_0014
Pedestrian 1.00 1.00 0 0 0 0 0 0 0 0 -1000.00 -1000.00 -1000.00 -1000.00 1.1330 0.4333 0.6667 -94.4893 2.0605 22.2404 -1.5148 -0.0013 -0.0000 465 pedestrian_0010
Pedestrian 1.00 1.00 0 0 0 0 0 0 0 0 -1000.00 -1000.00 -1000.00 -1000.00 1.9158 0.4880 0.7460 -92.8275 2.0851 -103.6603 1.5445 -0.0013 -0.0000 466 pedestrian_0017
Pedestrian 0.00 0.04 0 0 1 1422 0 0 0 4 223.28 360.92 267.70 472.75 1.9158 0.4880 0.5016 10.8309 1.9342 10.3439 2.9342 -0.0013 -0.0000 467 pedestrian_0004
Pedestrian 0.00 1.00 0 0 0 0 0 0 0 0 784.87 359.94 788.32 369.61 1.9158 0.4880 0.5898 111.2280 1.9041 32.2349 3.1173 -0.0013 -0.0000 468 pedestrian_0021
Pedestrian 1.00 1.00 5 3 6 29 2 0 0 0 -1000.00 -1000.00 -1000.00 -1000.00 1.3390 0.3253 0.4408 3.8783 1.9546 -53.6378 1.3331 -0.0013 -0.0000 469 pedestrian_0013
Pedestrian 0.00 1.00 0 0 0 0 0 0 0 0 1886.92 361.41 1895.03 372.16 1.9158 0.4880 0.5956 100.1986 2.1691 -168.8004 -3.0166 -0.0013 -0.0000 470 pedestrian_0001
Pedestrian 1.00 1.00 3 6 9 54 3 0 0 0 -1000.00 -1000.00 -1000.00 -1000.00 1.9158 0.4880 0.7507 3.0119 2.1210 -57.3219 -0.0754 -0.0013 -0.0000 471 pedestrian_0015
Pedestrian 1.00 1.00 0 0 0 0 0 0 0 0 -1000.00 -1000.00 -1000.00 -1000.00 1.9158 0.4880 0.7507 -197.0396 1.7688 137.4337 0.3849 -0.0013 -0.0000 472 pedestrian_0024
Pedestrian 1.00 1.00 0 0 0 0 0 0 0 0 -1000.00 -1000.00 -1000.00 -1000.00 1.3390 0.3253 0.2993 -75.1459 2.2393 -226.0240 2.3775 -0.0013 -0.0000 473 pedestrian_0013
Pedestrian 1.00 1.00 0 0 0 0 0 0 0 0 -1000.00 -1000.00 -1000.00 -1000.00 1.9158 0.4880 0.6893 -98.3385 2.3261 -286.7333 -0.0354 -0.0013 -0.0000 474 pedestrian_0018
Pedestrian 1.00 1.00 0 0 0 0 0 0 0 0 -1000.00 -1000.00 -1000.00 -1000.00 1.3390 0.3253 0.3857 93.4671 2.1630 -168.9545 3.1073 -0.0013 -0.0000 475 pedestrian_0012
Pedestrian 1.00 1.00 0 0 0 3 0 0 0 0 -1000.00 -1000.00 -1000.00 -1000.00 1.9158 0.4880 0.6613 -94.0752 1.8081 107.5107 -1.5617 -0.0013 -0.0000 476 pedestrian_0026
Pedestrian 1.00 1.00 0 0 0 0 0 0 0 0 -1000.00 -1000.00 -1000.00 -1000.00 1.9158 0.4880 0.5200 -100.1648 2.3242 -285.3355 0.1376 -0.0013 -0.0000 477 pedestrian_0016
Pedestrian 0.00 1.00 0 0 0 0 0 0 0 0 1602.24 362.56 1613.81 380.27 1.9158 0.4880 0.7507 61.3419 2.1954 -72.7471 -1.4360 -0.0013 -0.0000 478 pedestrian_0006
Pedestrian 1.00 1.00 0 0 0 0 0 0 0 0 -1000.00 -1000.00 -1000.00 -1000.00 1.9158 0.4880 0.5847 -95.1952 2.3244 -285.5239 -3.0732 -0.0013 -0.0000 479 pedestrian_0001
Pedestrian 0.00 1.00 0 0 0 0 0 0 0 0 737.66 359.93 742.89 372.60 1.9158 0.4880 0.6169 85.1476 1.9062 31.1052 1.6392 -0.0013 -0.0000 480 pedestrian_0021
Car 1.00 1.00 0 0 0 0 0 0 0 0 -1000.00 -1000.00 -1000.00 -1000.00 1.6980 1.9434 4.1871 17.6632 2.1589 -133.9247 -1.5567 -0.0013 -0.0000 481 citroen_c3
Car 1.00 1.00 0 0 0 0 0 0 0 0 -1000.00 -1000.00 -1000.00 -1000.00 1.9718 2.0005 4.0595 18.2844 2.1099 -122.8743 -1.5567 -0.0013 -0.0000 482 jeep_wrangler_rubicon
Car 1.00 1.00 0 0 0 0 0 0 0 0 -1000.00 -1000.00 -1000.00 -1000.00 1.9718 2.0005 4.0595 48.7792 2.1578 -132.8914 1.5849 -0.0013 -0.0000 483 jeep_wrangler_rubicon
Car 1.00 1.00 0 0 0 0 0 0 0 0 -1000.00 -1000.00 -1000.00 -1000.00 1.9718 2.0005 4.0595 15.3436 2.1099 -122.9157 -1.5567 -0.0013 -0.0000 484 jeep_wrangler_rubicon
Car 1.00 1.00 0 0 0 0 0 0 0 0 -1000.00 -1000.00 -1000.00 -1000.00 1.9718 2.0005 4.0595 -62.8938 2.1372 -110.9806 0.0141 -0.0013 -0.0000 485 nissan_patrol
Car 1.00 1.00 0 0 0 0 0 0 0 0 -1000.00 -1000.00 -1000.00 -1000.00 1.5488 2.0688 3.9961 -62.8673 2.1688 -113.8754 -3.1275 -0.0013 -0.0000 486 nissan_patrol
Car 1.00 1.00 0 0 0 0 0 0 0 0 -1000.00 -1000.00 -1000.00 -1000.00 1.4855 2.1349 -5.6254 -56.7093 2.1045 -93.9912 -3.1275 -0.0013 -0.0000 487 nissan_patrol
Car 1.00 1.00 0 0 0 0 0 0 0 0 -1000.00 -1000.00 -1000.00 -1000.00 1.6244 1.8781 -3.8906 -56.4715 2.1128 -110.8891 0.0141 -0.0013 -0.0000 488 nissan_patrol
Car 1.00 1.00 3 1 3 67 1 0 0 0 -1000.00 -1000.00 -1000.00 -1000.00 1.7506 2.3538 -4.8416 -39.3215 2.1636 -88.1290 0.0141 -0.0013 -0.0000 489 nissan_patrol
Car 1.00 1.00 15 20 25 106 2 0 0 0 -1000.00 -1000.00 -1000.00 -1000.00 1.9718 2.0005 -4.0595 -39.1597 2.1258 -102.4263 -3.1275 -0.0013 -0.0000 490 nissan_patrol
Car 1.00 1.00 0 0 0 0 0 0 0 0 -1000.00 -1000.00 -1000.00 -1000.00 1.9476 2.0282 4.8347 -63.1680 2.0927 -88.4644 -3.1275 -0.0013 -0.0000 491 nissan_patrol
Car 1.00 1.00 0 0 0 0 0 0 0 0 -1000.00 -1000.00 -1000.00 -1000.00 1.9718 2.0005 4.0595 -63.1849 2.1114 -91.3591 -3.1275 -0.0013 -0.0000 492 nissan_patrol
Car 1.00 1.00 0 0 0 0 0 0 0 0 -1000.00 -1000.00 -1000.00 -1000.00 1.6244 1.8781 3.8906 -45.7237 2.0868 -91.1144 0.0141 -0.0013 -0.0000 493 nissan_patrol
Car 1.00 1.00 0 0 0 0 0 0 0 0 -1000.00 -1000.00 -1000.00 -1000.00 1.5488 2.0688 3.9961 -45.6842 2.1423 -93.8379 -3.1275 -0.0013 -0.0000 494 nissan_patrol
Car 1.00 1.00 2 2 2 22 1 0 0 0 -1000.00 -1000.00 -1000.00 -1000.00 2.1397 2.1728 4.7017 -45.5388 2.1125 -102.5171 -3.1275 -0.0013 -0.0000 495 nissan_patrol
Car 1.00 1.00 9 12 18 84 1 0 0 0 -1000.00 -1000.00 -1000.00 -1000.00 1.9476 2.0282 4.8347 -45.3753 2.1218 -110.7331 -3.1275 -0.0013 -0.0000 496 nissan_patrol
Car 1.00 1.00 0 0 3 3 0 0 0 0 -1000.00 -1000.00 -1000.00 -1000.00 1.5100 1.8730 4.1000 -45.4019 2.1173 -113.6299 -3.1275 -0.0013 -0.0000 497 nissan_patrol
Car 1.00 1.00 6 6 15 66 2 0 0 0 -1000.00 -1000.00 -1000.00 -1000.00 1.5488 2.0688 3.9961 -30.5089 2.1495 -99.4100 0.0141 -0.0013 -0.0000 498 nissan_patrol
Car 1.00 1.00 0 0 0 5 0 0 0 0 -1000.00 -1000.00 -1000.00 -1000.00 1.5100 1.8730 4.1000 -30.4722 2.1023 -102.3049 0.0141 -0.0013 -0.0000 499 nissan_patrol
Car 1.00 1.00 0 0 1 1 0 0 0 0 -1000.00 -1000.00 -1000.00 -1000.00 1.9476 2.0282 4.8347 -30.3871 2.1141 -104.9877 -3.1275 -0.0013 -0.0000 500 nissan_patrol
Car 1.00 1.00 22 24 34 133 5 0 0 0 -1000.00 -1000.00 -1000.00 -1000.00 2.1397 2.1728 -4.7017 -24.2779 2.0931 -87.9178 -3.1275 -0.0013 -0.0000 501 nissan_patrol
Car 1.00 1.00 0 6 10 33 3 0 0 0 -1000.00 -1000.00 -1000.00 -1000.00 1.9476 2.0282 -4.8347 -24.1704 2.0954 -90.8117 0.0141 -0.0013 -0.0000 502 nissan_patrol
Car 1.00 1.00 11 16 32 83 2 0 0 0 -1000.00 -1000.00 -1000.00 -1000.00 1.6244 1.8781 -3.8906 -24.0042 2.1085 -107.7932 -3.1275 -0.0013 -0.0000 503 nissan_patrol
Car 1.00 1.00 5 6 5 40 1 0 0 0 -1000.00 -1000.00 -1000.00 -1000.00 1.7506 2.3538 -4.8416 -23.9913 2.1927 -110.4324 -3.1275 -0.0013 -0.0000 504 nissan_patrol
Car 1.00 1.00 0 0 0 0 0 0 0 0 -1000.00 -1000.00 -1000.00 -1000.00 1.9476 2.0282 4.8347 22.1504 2.1161 -134.5306 1.5849 -0.0013 -0.0000 505 nissan_patrol
Car 1.00 1.00 0 0 0 0 0 0 0 0 -1000.00 -1000.00 -1000.00 -1000.00 1.5475 1.9070 4.4025 45.9750 2.1348 -132.5293 1.5849 -0.0013 -0.0000 506 seat_leon
Car 1.00 1.00 0 0 0 0 0 0 0 0 -1000.00 -1000.00 -1000.00 -1000.00 2.5908 2.7453 5.4640 31.5411 2.1742 -134.3357 1.5849 -0.0013 -0.0000 507 carlamotors_carlacola
Car 0.00 1.00 0 0 0 0 0 0 0 0 1617.87 358.10 1660.21 370.79 2.5908 2.7453 5.4640 115.8969 2.2062 -142.9089 -1.5567 -0.0013 -0.0000 508 carlamotors_carlacola
Car 0.00 1.00 0 0 0 0 0 0 0 0 1598.47 358.16 1639.10 370.47 2.5908 2.7453 5.4640 119.3852 2.2061 -142.8599 -1.5567 -0.0013 -0.0000 509 carlamotors_carlacola
Car 0.00 1.00 0 0 0 0 0 0 0 0 1492.69 357.25 1533.15 370.31 2.5908 2.7453 5.4640 113.8635 2.0470 -114.6961 -3.1275 -0.0013 -0.0000 510 carlamotors_carlacola
Car 1.00 1.00 0 0 0 0 0 0 0 0 -1000.00 -1000.00 -1000.00 -1000.00 2.5908 2.7453 5.4640 27.2306 2.1743 -134.3963 1.5849 -0.0013 -0.0000 511 carlamotors_carlacola
Car 0.00 1.00 0 0 0 0 0 0 0 0 1148.55 358.22 1226.25 382.62 2.2031 2.5091 6.5872 53.7940 2.0397 -23.8489 1.0613 -0.0013 -0.0000 512 tesla_cybertruck