Car 1.00 1.00 0 0 0 0 0 0 0 0 -1000.00 -1000.00 -1000.00 -1000.00 1.5542 2.3421 5.1370 -259.1549 2.0560 -137.7527 -1.5345 0.0004 0.0003 0 lincoln2020_mkz2020
Car 1.00 1.00 6707 237764 380887 0 0 0 0 0 -1000.00 -1000.00 -1000.00 -1000.00 2.1397 2.1728 4.7045 -0.0005 2.0932 -2.2389 1.5708 0.0000 0.0000 1 volkswagen_t2
Motorcycle 1.00 1.00 0 0 0 0 0 0 0 0 -1000.00 -1000.00 -1000.00 -1000.00 1.6960 1.0692 2.4735 -89.2869 1.9985 -205.0488 -1.5829 0.0037 -0.0000 2 harley_davidson_low_rider
Motorcycle 1.00 1.00 0 0 0 0 0 0 0 0 -1000.00 -1000.00 -1000.00 -1000.00 1.6960 1.0692 2.4735 -262.7022 2.0554 -122.2987 -1.5423 0.0037 0.0002 3 harley_davidson_low_rider
Car 0.00 1.00 0 0 0 0 0 0 0 0 1161.05 361.67 1176.14 367.73 1.6320 2.1403 5.2230 155.0872 2.1080 -60.1797 -3.1230 -0.0037 -0.0000 4 dodge_charger_police
Car 1.00 1.00 0 0 0 0 0 0 0 0 -1000.00 -1000.00 -1000.00 -1000.00 1.5542 2.3421 5.1370 -67.2861 1.9674 -263.6166 -3.1227 0.0016 -0.0000 5 lincoln2020_mkz2020
Car 1.00 1.00 0 0 0 0 0 0 0 0 -1000.00 -1000.00 -1000.00 -1000.00 1.4546 2.0938 4.3903 -250.5318 2.1697 30.7909 1.5298 0.0006 -0.0011 6 audi_tt
Car 1.00 1.00 0 0 0 0 0 0 0 0 -1000.00 -1000.00 -1000.00 -1000.00 1.4477 1.5550 2.3177 -31.2505 2.0421 -160.8823 0.0181 -0.0080 -0.0002 7 bmw_isetta
Car 1.00 1.00 0 0 0 1 0 0 0 0 -1000.00 -1000.00 -1000.00 -1000.00 1.7173 2.2591 5.2781 -103.5092 2.2337 124.2207 0.0096 -0.0064 -0.0003 8 mercedes_benz_coupe
Car 1.00 1.00 278 293 485 17855 0 52 49 0 -1000.00 -1000.00 -1000.00 -1000.00 1.4812 2.1349 5.6254 -20.5261 2.1563 18.6366 0.0192 0.0006 -0.0000 9 chevrolet_impala
Car 0.02 1.00 0 0 0 0 0 0 0 0 0.00 365.33 115.44 384.86 1.6115 2.2019 5.2564 51.4007 2.1309 79.5929 0.0186 0.0072 0.0007 10 charger2020_charger2020
Car 0.00 1.00 0 0 0 0 0 0 0 0 1520.38 359.15 1558.96 368.55 2.2031 2.5091 6.5872 132.4030 2.0054 -139.5916 -1.5555 0.0006 -0.0000 11 tesla_cybertruck
Car 1.00 1.00 0 0 0 0 0 0 0 0 -1000.00 -1000.00 -1000.00 -1000.00 1.5140 2.1024 4.9073 -81.1992 2.0751 -99.9392 1.5225 0.0010 -0.0000 12 mercedesccc_mercedesccc
Car 0.00 1.00 0 0 0 0 0 0 0 0 1373.99 360.98 1390.63 365.97 1.6980 1.9434 4.1871 193.7686 2.0463 -149.0672 -2.7382 0.0005 -0.0023 13 citroen_c3
Car 0.00 1.00 0 0 0 0 0 0 0 0 1236.62 362.95 1261.98 370.63 1.4812 2.1349 5.6254 113.6342 2.1001 -60.9520 -3.1246 0.0044 -0.0001 14 chevrolet_impala
Car 0.00 1.00 0 0 0 0 0 0 0 0 1319.26 361.65 1347.52 368.72 1.6320 2.1403 5.2230 131.9264 2.0333 -90.3886 -1.5744 -0.0024 -0.0011 15 dodge_charger_police
Car 1.00 1.00 0 0 2 1 0 0 0 0 -1000.00 -1000.00 -1000.00 -1000.00 1.5863 2.2347 5.1468 -19.7775 2.0350 -164.3188 0.0135 0.0006 -0.0000 16 lincoln_mkz2017
Car 1.00 1.00 0 0 0 0 0 0 0 0 -1000.00 -1000.00 -1000.00 -1000.00 1.7318 2.1344 5.0985 -247.1519 2.1551 -6.3969 1.5683 0.0003 -0.0000 17 audi_etron
Car 1.00 1.00 0 0 0 0 0 0 0 0 -1000.00 -1000.00 -1000.00 -1000.00 1.7506 2.3538 4.8416 -28.8009 2.0310 -164.4436 0.0131 -0.0005 -0.0000 18 bmw_grandtourer
Car 1.00 1.00 15 14 24 204 0 0 3 0 -1000.00 -1000.00 -1000.00 -1000.00 1.5765 1.9374 3.8150 17.2949 2.1125 71.8280 0.5409 0.0016 -0.0004 19 nissan_micra
Motorcycle 1.00 1.00 9 15 21 69 2 0 0 0 -1000.00 -1000.00 -1000.00 -1000.00 1.6960 1.0692 2.4735 -27.9326 2.0789 -73.8838 0.0171 -0.0007 -0.0000 20 harley_davidson_low_rider
Car 1.00 1.00 0 0 0 0 0 0 0 0 -1000.00 -1000.00 -1000.00 -1000.00 1.5765 1.9374 3.8150 -78.5990 2.0098 -184.0900 1.5590 0.0006 -0.0000 21 nissan_micra
Car 0.00 1.00 0 0 0 0 0 0 0 0 1249.32 361.67 1273.79 369.88 1.7203 2.2019 5.4994 121.4415 2.0940 -67.6903 0.0290 0.0005 0.0006 22 chargercop2020_chargercop2020
Car 1.00 1.00 34 30 59 249 2 0 0 0 -1000.00 -1000.00 -1000.00 -1000.00 1.5475 1.9070 4.4025 -23.4959 2.0931 -70.2848 0.0167 0.0006 -0.0000 23 seat_leon
Car 1.00 1.00 0 0 0 0 0 0 0 0 -1000.00 -1000.00 -1000.00 -1000.00 1.3660 1.9896 4.9534 -72.8526 2.0376 -158.4777 -3.0523 0.0011 -0.0001 24 mustang_mustang
Cyclist 1.00 1.00 0 0 0 0 0 0 0 0 -1000.00 -1000.00 -1000.00 -1000.00 1.9709 0.6705 1.7250 -86.9453 2.1746 76.7719 -1.5554 0.0054 -0.0000 25 diamondback_century
Cyclist 1.00 1.00 4 5 7 56 0 2 0 0 -1000.00 -1000.00 -1000.00 -1000.00 1.7065 0.8593 1.4873 -68.0458 2.1110 25.0038 -3.1405 0.0006 0.0000 26 bh_crossbike
Car 1.00 1.00 0 0 0 0 0 0 0 0 -1000.00 -1000.00 -1000.00 -1000.00 2.1397 2.1728 4.7045 -63.3748 2.1066 -63.9956 -3.1236 0.0114 0.0001 27 volkswagen_t2
Car 1.00 1.00 0 0 0 0 0 0 0 0 -1000.00 -1000.00 -1000.00 -1000.00 1.9718 2.0005 4.0595 -242.6357 2.1739 41.1961 1.4233 -0.0006 -0.0039 28 jeep_wrangler_rubicon
Car 0.00 0.78 0 0 0 106 0 0 0 0 697.98 367.06 753.38 389.12 1.5627 2.2716 5.0314 44.5132 2.1502 16.0133 0.0134 0.0013 -0.0000 29 tesla_model3
Car 1.00 1.00 0 0 0 0 0 0 0 0 -1000.00 -1000.00 -1000.00 -1000.00 1.4546 2.0938 4.3903 76.3186 2.0279 -179.8303 1.5786 0.0006 -0.0000 30 audi_tt
Car 0.00 1.00 0 0 0 0 0 0 0 0 1302.26 361.88 1323.63 368.20 1.5488 2.0688 3.9961 138.6607 2.0204 -89.8591 1.5864 0.0006 -0.0000 31 mini_cooperst
Car 0.00 1.00 0 0 0 0 0 0 0 0 933.25 364.02 970.09 376.62 1.6011 2.1072 4.7392 73.3986 2.1348 -1.1457 1.5945 0.0006 -0.0000 32 toyota_prius
Car 1.00 1.00 0 0 0 0 0 0 0 0 -1000.00 -1000.00 -1000.00 -1000.00 2.1397 2.1728 4.7045 -110.2926 2.1663 21.1995 -3.0821 0.0002 0.0100 33 volkswagen_t2
Car 1.00 1.00 0 0 1 2 0 0 0 0 -1000.00 -1000.00 -1000.00 -1000.00 1.6011 2.1072 4.7392 -83.6960 2.1994 94.3179 1.5851 0.0006 -0.0000 34 toyota_prius
Car 0.00 1.00 0 0 0 0 0 0 0 0 1306.76 365.11 1345.90 375.38 1.3660 1.9896 4.9534 78.5565 2.0996 -53.4747 1.9133 0.0005 -0.0006 35 mustang_mustang
Car 0.00 1.00 0 0 0 0 0 0 0 0 1133.36 361.34 1143.65 365.88 1.6011 2.1072 4.7392 200.5234 2.0901 -66.4669 0.0170 0.0006 -0.0000 36 toyota_prius
Car 1.00 1.00 18 16 34 123 31 0 0 0 -1000.00 -1000.00 -1000.00 -1000.00 1.7506 2.3538 4.8416 -1.8593 2.0217 -89.1606 1.5915 0.0006 -0.0000 37 bmw_grandtourer
Car 0.00 1.00 0 0 0 0 0 0 0 0 1489.10 359.45 1520.96 367.44 2.2031 2.5091 6.5872 157.2866 2.0499 -155.7961 3.1396 0.0001 -0.0007 38 tesla_cybertruck
Motorcycle 0.00 1.00 0 0 0 0 0 0 0 0 951.03 361.80 960.53 368.54 1.6387 1.2138 2.3199 137.3319 2.0866 -1.2013 1.5854 0.0029 -0.0000 39 yamaha_yzf
Car 1.00 1.00 0 0 0 0 0 0 0 0 -1000.00 -1000.00 -1000.00 -1000.00 1.9476 2.0282 4.8347 -77.4904 2.0658 -97.3580 1.5569 0.0008 -0.0000 40 nissan_patrol
Car 1.00 1.00 2 3 6 25 6 0 0 0 -1000.00 -1000.00 -1000.00 -1000.00 1.6115 2.2019 5.2564 -1.5873 2.0219 -95.5505 1.6381 0.0006 0.0006 41 charger2020_charger2020
Car 1.00 1.00 0 0 0 0 0 0 0 0 -1000.00 -1000.00 -1000.00 -1000.00 1.6115 2.2019 5.2564 72.2153 2.0468 -140.7105 -1.5250 0.0005 0.0006 42 charger2020_charger2020
Motorcycle 0.00 1.00 0 0 0 0 0 0 0 0 925.68 361.62 935.94 368.47 1.6649 1.0692 2.4735 137.2428 2.0684 4.9245 1.5857 0.0037 -0.0000 43 harley_davidson_low_rider
Car 1.00 1.00 0 0 0 0 0 0 0 0 -1000.00 -1000.00 -1000.00 -1000.00 1.5542 2.3421 5.1370 -254.2632 2.0325 -175.3298 -1.5118 -0.0012 0.0038 44 lincoln2020_mkz2020
Motorcycle 0.00 1.00 0 0 0 0 0 0 0 0 1047.62 363.01 1067.08 375.50 1.6960 1.0692 2.4735 77.1867 2.1128 -15.6072 1.5900 0.0005 -0.0000 45 harley_davidson_low_rider
Cyclist 1.00 1.00 0 0 0 0 0 0 0 0 -1000.00 -1000.00 -1000.00 -1000.00 1.9310 0.5921 1.9272 52.5022 2.0129 -159.8768 0.0133 -0.0034 -0.0000 46 gazelle_omafiets
Car 1.00 1.00 2524 2844 4546 62200 0 0 789 0 -1000.00 -1000.00 -1000.00 -1000.00 1.7318 2.1344 5.0985 0.0274 2.1010 6.7771 1.5666 0.0006 -0.0000 47 audi_etron
Car 0.00 1.00 0 0 0 0 0 0 0 0 860.17 360.76 873.73 370.56 1.9476 2.0282 4.8347 116.1094 2.1271 17.0292 0.0139 0.0197 -0.0000 48 nissan_patrol
Car 1.00 1.00 160 177 278 14257 0 19 36 0 -1000.00 -1000.00 -1000.00 -1000.00 1.7203 2.2019 5.4994 -27.1011 2.1524 18.4406 0.0603 0.0005 0.0006 49 chargercop2020_chargercop2020
Car 1.00 1.00 0 0 0 0 0 0 0 0 -1000.00 -1000.00 -1000.00 -1000.00 1.6244 1.8781 3.8906 -153.0457 2.0709 -107.9266 1.6023 -0.0002 -0.0037 50 audi_a2
Car 1.00 1.00 0 0 0 0 0 0 0 0 -1000.00 -1000.00 -1000.00 -1000.00 1.5863 2.2347 5.1468 -85.0526 2.0484 -145.9755 -1.5789 0.0006 -0.0000 51 lincoln_mkz2017
Cyclist 1.00 1.00 0 0 1 4 0 0 0 0 -1000.00 -1000.00 -1000.00 -1000.00 1.9709 0.6705 1.7250 -89.9792 2.1531 44.0224 -1.5570 -0.0148 -0.0000 52 diamondback_century
Cyclist 1.00 1.00 0 0 0 7 0 0 0 0 -1000.00 -1000.00 -1000.00 -1000.00 1.9311 0.5921 1.9272 -30.0306 2.0712 -70.4214 0.0171 -0.0097 -0.0001 53 gazelle_omafiets
Car 0.00 1.00 0 0 0 0 0 0 0 0 1261.16 361.20 1286.94 368.15 1.7173 2.2591 5.2781 142.0429 2.0413 -82.1068 1.5858 -0.0064 -0.0003 54 mercedes_benz_coupe
Car 1.00 1.00 0 0 0 0 0 0 0 0 -1000.00 -1000.00 -1000.00 -1000.00 1.5542 2.3421 5.1370 60.0161 1.9431 -210.3066 0.1034 0.0143 0.0009 55 lincoln2020_mkz2020
Car 1.00 1.00 0 0 0 0 0 0 0 0 -1000.00 -1000.00 -1000.00 -1000.00 1.7506 2.3538 4.8416 23.5983 2.0338 -156.7994 3.1221 0.0006 -0.0000 56 bmw_grandtourer
Car 0.00 1.00 0 0 0 0 0 0 0 0 1593.49 364.60 1644.44 375.72 1.4546 2.0938 4.3903 75.6215 2.0840 -90.8713 1.5785 0.0006 -0.0000 57 audi_tt
Car 1.00 1.00 0 0 0 0 0 0 0 0 -1000.00 -1000.00 -1000.00 -1000.00 1.7173 2.2591 5.2781 -80.8938 2.0987 -88.9854 1.5604 -0.0064 -0.0003 58 mercedes_benz_coupe
Car 0.00 1.00 0 0 0 0 0 0 0 0 1727.27 365.81 1844.67 385.93 1.5542 2.3421 5.1370 48.4174 2.0869 -72.5880 0.0173 0.0079 -0.0000 59 lincoln2020_mkz2020
Car 0.00 1.00 0 0 0 0 0 0 0 0 446.94 360.34 496.63 376.57 2.1397 2.1728 4.7045 75.3823 2.1874 63.1967 1.5946 0.0006 -0.0000 60 volkswagen_t2
Car 0.00 1.00 0 0 0 0 0 0 0 0 753.50 361.44 776.96 368.88 1.7506 2.3538 4.8416 133.4114 2.1020 44.2507 -1.4920 0.0001 -0.0017 61 bmw_grandtourer
Car 0.00 1.00 0 0 0 0 0 0 0 0 1692.89 361.88 1736.60 369.86 1.6320 2.1403 5.2230 118.7991 2.0446 -162.4979 0.0126 -0.0037 -0.0000 62 dodge_charger_police
Car 1.00 1.00 2 2 2 3 1 0 0 0 -1000.00 -1000.00 -1000.00 -1000.00 1.6980 1.9434 4.1871 2.1277 2.0195 -113.0703 1.5912 -0.0001 -0.0000 63 citroen_c3
Car 1.00 1.00 0 0 0 0 0 0 0 0 -1000.00 -1000.00 -1000.00 -1000.00 1.4812 2.1349 5.6254 47.6139 2.0419 -159.9372 0.0132 0.0006 -0.0000 64 chevrolet_impala
Car 1.00 1.00 46 61 97 376 0 3 0 0 -1000.00 -1000.00 -1000.00 -1000.00 1.6115 2.2019 5.2564 -49.5388 2.1481 14.6075 0.0506 0.0004 0.0006 65 charger2020_charger2020
Car 0.00 0.57 1 1 1 140 0 0 0 0 554.17 366.39 606.08 377.96 1.3660 1.9896 4.9534 68.8266 2.1613 44.1730 -1.5473 0.0006 -0.0000 66 mustang_mustang
Motorcycle 0.00 1.00 0 0 0 0 0 0 0 0 984.18 363.67 1000.43 375.41 1.5852 1.1236 2.1350 77.0302 2.0952 -6.6597 1.5941 -0.0030 -0.0000 67 kawasaki_ninja
Car 1.00 1.00 0 0 0 0 0 0 0 0 -1000.00 -1000.00 -1000.00 -1000.00 1.5488 2.0688 3.9961 -140.7805 2.1482 73.7536 -3.0074 0.0009 0.0000 68 mini_cooperst
Car 1.00 1.00 0 0 0 0 0 0 0 0 -1000.00 -1000.00 -1000.00 -1000.00 1.5542 2.3421 5.1370 -135.3217 2.1479 13.0848 -2.5558 -0.0009 0.0182 69 lincoln2020_mkz2020
Car 1.00 1.00 38 55 76 348 26 0 0 0 -1000.00 -1000.00 -1000.00 -1000.00 1.9718 2.0005 4.0595 6.9099 2.0983 -62.7776 -3.1265 -0.0027 -0.0000 70 jeep_wrangler_rubicon
Car 1.00 1.00 0 0 0 0 0 0 0 0 -1000.00 -1000.00 -1000.00 -1000.00 1.7506 2.3538 4.8416 -78.4621 2.0232 -178.2055 1.5588 0.0006 -0.0000 71 bmw_grandtourer
Car 0.00 1.00 0 0 0 0 0 0 0 0 1485.14 359.18 1522.10 368.35 2.2031 2.5091 6.5872 135.8264 2.0085 -134.4057 -1.5557 0.0006 -0.0000 72 tesla_cybertruck
Car 1.00 1.00 0 0 0 0 0 0 0 0 -1000.00 -1000.00 -1000.00 -1000.00 1.6244 1.8781 3.8906 -78.8526 2.1376 1.2731 1.5859 0.0001 -0.0011 73 audi_a2
Car 0.00 1.00 0 0 0 0 0 0 0 0 1391.05 362.57 1445.37 375.41 1.7203 2.2019 5.4994 79.3295 2.0957 -66.8691 -2.7047 0.0005 0.0006 74 chargercop2020_chargercop2020
Car 1.00 1.00 0 0 0 0 0 0 0 0 -1000.00 -1000.00 -1000.00 -1000.00 1.6320 2.1403 5.2230 -82.2950 2.1512 -2.2583 1.5855 -0.0037 -0.0000 75 dodge_charger_police
Car 1.00 1.00 7 8 16 82 0 1 0 0 -1000.00 -1000.00 -1000.00 -1000.00 1.5140 2.1024 4.9073 -86.3775 2.1615 36.9608 -1.5565 0.0007 -0.0000 76 mercedesccc_mercedesccc
Car 1.00 1.00 24 25 42 175 18 0 0 0 -1000.00 -1000.00 -1000.00 -1000.00 1.6244 1.8781 3.8906 -4.1536 2.0555 -75.1939 -1.9724 0.0004 0.0094 77 audi_a2
Car 1.00 1.00 64 78 112 471 18 0 0 0 -1000.00 -1000.00 -1000.00 -1000.00 1.6244 1.8781 3.8906 -10.0888 2.0482 -46.7333 -1.5614 0.0037 -0.0011 78 audi_a2
Car 1.00 1.00 0 0 0 0 0 0 0 0 -1000.00 -1000.00 -1000.00 -1000.00 1.7203 2.2019 5.4994 16.7705 2.0409 -156.6889 -3.0892 0.0005 0.0006 79 chargercop2020_chargercop2020
Car 1.00 1.00 17 28 45 202 0 6 0 0 -1000.00 -1000.00 -1000.00 -1000.00 2.1397 2.1728 4.7045 -89.8642 2.1746 35.3661 -1.5593 0.0006 -0.0000 80 volkswagen_t2
Car 1.00 1.00 0 0 0 0 0 0 0 0 -1000.00 -1000.00 -1000.00 -1000.00 1.3660 1.9896 4.9534 53.4546 2.0311 -163.3587 0.0132 0.0006 -0.0000 81 mustang_mustang
Car 1.00 1.00 0 1 3 28 1 0 0 0 -1000.00 -1000.00 -1000.00 -1000.00 1.7203 2.2019 5.4994 1.8746 2.0263 -92.4505 1.6245 0.0005 0.0006 82 chargercop2020_chargercop2020
Car 1.00 1.00 0 0 1 4 0 0 0 0 -1000.00 -1000.00 -1000.00 -1000.00 1.6244 1.8781 3.8906 -80.1371 2.1933 89.4576 1.5853 -0.0002 -0.0011 83 audi_a2
Car 0.00 1.00 0 0 0 0 0 0 0 0 1520.65 363.18 1562.16 374.97 1.6244 1.8781 3.8906 79.0647 2.0794 -84.0591 1.5794 0.0001 -0.0011 84 audi_a2
Car 0.00 1.00 0 0 0 0 0 0 0 0 1179.43 361.84 1194.58 365.47 1.3660 1.9896 4.9534 212.1738 2.0734 -88.7019 -1.5833 0.0006 -0.0000 85 mustang_mustang
Car 1.00 1.00 0 0 0 0 0 0 0 0 -1000.00 -1000.00 -1000.00 -1000.00 1.6244 1.8781 3.8906 -85.7311 2.0103 -201.0460 -1.5828 0.0001 -0.0011 86 audi_a2
Car 1.00 1.00 0 0 0 0 0 0 0 0 -1000.00 -1000.00 -1000.00 -1000.00 1.9718 2.0005 4.0595 -185.9598 1.9808 -200.2950 2.4732 0.0018 -0.0032 87 jeep_wrangler_rubicon
Car 1.00 1.00 0 0 0 0 0 0 0 0 -1000.00 -1000.00 -1000.00 -1000.00 1.9718 2.0005 4.0595 -85.8062 2.0131 -206.7059 -1.5829 0.0002 -0.0001 88 jeep_wrangler_rubicon
Car 1.00 1.00 0 0 0 0 0 0 0 0 -1000.00 -1000.00 -1000.00 -1000.00 1.3660 1.9896 4.9534 -66.8175 1.9756 -256.6055 -3.1226 0.0007 0.0001 89 mustang_mustang
Motorcycle 0.00 1.00 0 0 0 0 0 0 0 0 924.84 361.58 934.85 368.26 1.6649 1.0692 2.4735 140.7372 2.0686 5.3525 1.5858 0.0037 -0.0000 90 harley_davidson_low_rider
Car 1.00 1.00 0 0 0 4 0 0 0 0 -1000.00 -1000.00 -1000.00 -1000.00 1.5475 1.9070 4.4025 -83.7837 2.2023 100.4106 1.5852 0.0007 -0.0000 91 seat_leon
Motorcycle 0.00 1.00 0 0 0 0 0 0 0 0 1233.76 361.88 1245.68 369.08 1.6387 1.2138 2.3199 129.0134 2.0773 -66.8187 0.2686 0.0002 -0.0007 92 yamaha_yzf
Cyclist 1.00 1.00 0 0 0 0 0 0 0 0 -1000.00 -1000.00 -1000.00 -1000.00 1.9311 0.5921 1.9272 -90.6615 2.1705 83.9226 -1.6085 -0.0034 -0.0000 93 gazelle_omafiets
Car 1.00 1.00 0 0 0 0 0 0 0 0 -1000.00 -1000.00 -1000.00 -1000.00 1.5140 2.1024 4.9073 -138.1098 2.0961 -69.1762 -3.1313 0.0006 -0.0000 94 mercedesccc_mercedesccc
Car 1.00 1.00 0 0 0 0 0 0 0 0 -1000.00 -1000.00 -1000.00 -1000.00 1.4546 2.0938 4.3903 69.3979 2.0217 -190.0151 -1.5645 0.0006 -0.0000 95 audi_tt
Car 1.00 1.00 0 0 0 0 0 0 0 0 -1000.00 -1000.00 -1000.00 -1000.00 2.1397 2.1728 4.7045 -78.1090 2.0731 -123.9307 1.5263 0.0025 0.0006 96 volkswagen_t2
Car 1.00 1.00 0 0 0 0 0 0 0 0 -1000.00 -1000.00 -1000.00 -1000.00 1.5140 2.1024 4.9073 -87.0227 2.1895 81.6455 -1.5573 0.0021 -0.0000 97 mercedesccc_mercedesccc
Car 0.00 1.00 0 0 0 0 0 0 0 0 947.58 362.36 970.05 368.33 1.4812 2.1349 5.6254 140.8502 2.0833 -1.9288 1.5857 0.0007 -0.0000 98 chevrolet_impala
Car 0.00 1.00 0 0 0 0 0 0 0 0 494.50 364.26 534.71 376.30 1.5765 1.9374 3.8150 75.4449 2.1577 57.5181 1.5943 0.0007 -0.0000 99 nissan_micra
Motorcycle 0.00 1.00 0 0 0 0 0 0 0 0 1570.58 363.38 1595.78 375.32 1.5853 1.1236 2.1350 75.5836 2.0447 -86.0476 1.5791 0.0006 -0.0000 100 kawasaki_ninja
Car 1.00 1.00 0 0 0 0 0 0 0 0 -1000.00 -1000.00 -1000.00 -1000.00 1.9476 2.0282 4.8347 -179.4372 2.2105 127.8579 -2.9086 0.0007 0.0103 101 nissan_patrol
Car 1.00 1.00 0 0 0 0 0 0 0 0 -1000.00 -1000.00 -1000.00 -1000.00 2.1397 2.1728 4.7045 -78.7057 2.1415 -11.1079 1.5834 0.0086 0.0001 102 volkswagen_t2
Car 1.00 1.00 0 0 0 0 0 0 0 0 -1000.00 -1000.00 -1000.00 -1000.00 1.3660 1.9896 4.9534 -205.6471 2.0918 -17.1938 1.5866 0.0005 -0.0000 103 mustang_mustang
Car 0.00 1.00 0 0 0 0 0 0 0 0 684.01 366.38 735.21 385.90 1.5627 2.2716 5.0314 49.6510 2.1525 19.6055 0.0136 0.0006 -0.0000 104 tesla_model3
Car 0.00 1.00 0 0 0 0 0 0 0 0 1173.29 361.90 1189.43 367.66 1.5542 2.3421 5.1370 154.9880 2.0910 -63.6890 -3.1201 0.0006 -0.0000 105 lincoln2020_mkz2020
Car 0.00 1.00 0 0 0 0 0 0 0 0 1326.88 363.19 1362.64 373.26 1.5627 2.2716 5.0314 91.3235 2.0981 -64.8379 -3.1243 0.0005 -0.0000 106 tesla_model3
Car 1.00 1.00 0 0 0 0 0 0 0 0 -1000.00 -1000.00 -1000.00 -1000.00 1.5765 1.9374 3.8150 -88.8232 2.0983 -42.2835 -1.5486 0.0038 -0.0001 107 nissan_micra
Cyclist 1.00 1.00 0 0 0 0 0 0 0 0 -1000.00 -1000.00 -1000.00 -1000.00 1.9311 0.5921 1.9272 -63.1107 2.0744 -67.4786 -3.1244 -0.0034 -0.0000 108 gazelle_omafiets
Cyclist 1.00 1.00 0 0 0 0 0 0 0 0 -1000.00 -1000.00 -1000.00 -1000.00 1.9311 0.5921 1.9272 -78.3287 1.9422 -277.8353 0.0189 -0.0024 -0.0000 109 gazelle_omafiets
Car 1.00 1.00 308 343 574 5635 0 0 81 0 -1000.00 -1000.00 -1000.00 -1000.00 1.4546 2.0938 4.3903 5.9918 2.1421 21.9435 -3.0464 -0.0101 -0.0003 110 audi_tt
Car 1.00 1.00 0 0 0 0 0 0 0 0 -1000.00 -1000.00 -1000.00 -1000.00 1.9476 2.0282 4.8347 -58.5250 2.0794 -67.4080 -3.1245 0.0177 -0.0000 111 nissan_patrol
Car 1.00 1.00 0 3 3 14 7 0 0 0 -1000.00 -1000.00 -1000.00 -1000.00 1.4546 2.0938 4.3903 1.5567 2.0082 -126.5736 1.6954 0.0001 0.0005 112 audi_tt
Car 1.00 1.00 0 3 8 20 9 0 0 0 -1000.00 -1000.00 -1000.00 -1000.00 1.7506 2.3538 4.8416 -5.3102 1.9635 -181.8136 -1.3118 0.0005 0.0005 113 bmw_grandtourer
Car 1.00 1.00 30 31 51 211 2 0 0 0 -1000.00 -1000.00 -1000.00 -1000.00 1.9718 2.0005 4.0595 -19.5976 2.0950 -73.7448 0.0174 0.0002 -0.0001 114 jeep_wrangler_rubicon
Motorcycle 0.00 1.00 0 0 0 0 0 0 0 0 1287.83 361.58 1300.11 368.23 1.6387 1.2138 2.3199 138.5879 2.0337 -85.1180 1.5859 0.0006 -0.0000 115 yamaha_yzf
Car 1.00 1.00 65 57 95 393 55 0 0 0 -1000.00 -1000.00 -1000.00 -1000.00 1.7203 2.2019 5.4994 2.6915 2.0686 -67.3779 -2.8084 0.0007 0.0023 116 chargercop2020_chargercop2020
Car 0.00 1.00 0 0 0 0 0 0 0 0 1128.92 361.52 1149.50 368.85 1.6980 1.9434 4.1871 130.9794 2.0589 -44.2383 -1.5558 0.0004 -0.0000 117 citroen_c3
Car 1.00 1.00 0 0 0 0 0 0 0 0 -1000.00 -1000.00 -1000.00 -1000.00 1.5542 2.3421 5.1370 6.8601 -2.7987 122.0692 0.0172 -0.1173 -0.0002 118 lincoln2020_mkz2020
Car 0.00 0.65 33 48 73 5858 0 0 9 17 554.85 356.42 618.02 379.26 2.5908 2.7453 5.4640 65.4008 2.1848 41.0594 -1.5472 0.0006 -0.0000 119 carlamotors_carlacola
Car 0.00 1.00 0 0 0 0 0 0 0 0 1638.94 363.54 1685.39 375.53 1.5765 1.9374 3.8150 75.5913 2.0606 -96.6541 1.5784 0.0006 -0.0000 120 nissan_micra
Car 1.00 1.00 0 0 0 0 0 0 0 0 -1000.00 -1000.00 -1000.00 -1000.00 1.4477 1.5550 2.3177 11.2672 -3.2992 118.6620 0.0167 -0.1252 -0.0002 121 bmw_isetta
Car 0.00 1.00 0 0 0 0 0 0 0 0 1119.87 360.94 1128.51 365.58 1.7173 2.2591 5.2781 211.9631 2.1058 -64.7324 2.6792 -0.0072 0.0073 122 mercedes_benz_coupe
Car 1.00 1.00 142 158 263 2831 0 0 27 0 -1000.00 -1000.00 -1000.00 -1000.00 1.7173 2.2591 5.2781 8.5415 2.1681 25.9933 -3.0990 -0.0065 -0.0004 123 mercedes_benz_coupe
Car 0.00 1.00 0 0 0 0 0 0 0 0 1518.47 361.61 1542.21 368.20 1.5765 1.9374 3.8150 135.9950 1.9766 -141.0951 -1.5558 -0.0026 -0.0000 124 nissan_micra
Car 0.00 1.00 0 0 0 0 0 0 0 0 643.51 366.60 704.68 390.14 1.6115 2.2019 5.2564 43.2674 2.1485 19.3959 0.0595 0.0005 0.0006 125 charger2020_charger2020
Car 0.00 1.00 0 0 0 0 0 0 0 0 503.16 361.66 556.14 377.91 1.9476 2.0282 4.8347 68.8544 2.1548 50.3644 -1.5253 0.0003 -0.0000 126 nissan_patrol
Car 1.00 1.00 0 0 0 0 0 0 0 0 -1000.00 -1000.00 -1000.00 -1000.00 1.5140 2.1024 4.9073 -89.7504 1.9846 -244.0271 -1.5824 0.0006 -0.0000 127 mercedesccc_mercedesccc
Car 1.00 1.00 0 0 0 0 0 0 0 0 -1000.00 -1000.00 -1000.00 -1000.00 1.7173 2.2591 5.2781 -84.9630 2.0671 -139.1251 -1.5912 -0.0061 -0.0003 128 mercedes_benz_coupe
Car 1.00 1.00 80 82 129 491 30 0 0 0 -1000.00 -1000.00 -1000.00 -1000.00 1.4812 2.1349 5.6254 -6.6044 2.0601 -44.9749 -1.5623 0.0010 -0.0000 129 chevrolet_impala
Car 1.00 1.00 0 0 0 0 0 0 0 0 -1000.00 -1000.00 -1000.00 -1000.00 2.1397 2.1728 4.7045 -149.0402 1.9869 -265.1465 -3.1237 0.0003 -0.0003 130 volkswagen_t2
Car 0.00 1.00 0 0 0 0 0 0 0 0 1656.92 364.68 1730.49 382.58 1.6244 1.8781 3.8906 54.1845 2.0874 -72.4714 0.0175 0.0001 -0.0011 131 audi_a2
Car 1.00 1.00 46 65 112 804 0 0 25 0 -1000.00 -1000.00 -1000.00 -1000.00 1.9476 2.0282 4.8347 -7.6043 2.1066 57.4382 -1.9313 -0.0016 0.0215 132 nissan_patrol
Car 1.00 1.00 0 0 0 0 0 0 0 0 -1000.00 -1000.00 -1000.00 -1000.00 1.9476 2.0282 4.8347 -35.0562 2.0781 -70.5030 0.0171 0.0129 -0.0000 133 nissan_patrol
Car 1.00 1.00 0 0 0 0 0 0 0 0 -1000.00 -1000.00 -1000.00 -1000.00 1.9476 2.0282 4.8347 -2.0224 -3.5592 -269.6144 0.0111 -0.1292 0.0003 134 nissan_patrol
Car 1.00 1.00 8039 24839 39768 254738 0 3333 0 0 -1000.00 -1000.00 -1000.00 -1000.00 1.7506 2.3538 4.8416 -3.4678 2.0771 -1.3687 1.5729 0.0006 -0.0000 135 bmw_grandtourer
Car 1.00 1.00 0 0 0 0 0 0 0 0 -1000.00 -1000.00 -1000.00 -1000.00 1.9476 2.0282 4.8347 18.1269 2.0288 -153.2884 -3.1292 -0.0026 -0.0000 136 nissan_patrol
Car 0.00 1.00 0 0 0 0 0 0 0 0 1642.04 363.86 1746.40 384.25 1.7203 2.2019 5.4994 51.7524 2.0950 -69.1693 0.0255 0.0005 0.0006 137 chargercop2020_chargercop2020
Car 1.00 1.00 33 20 36 306 0 0 0 0 -1000.00 -1000.00 -1000.00 -1000.00 2.5908 2.7453 5.4640 17.3830 2.1230 -66.0956 -3.1244 -0.0048 -0.0001 138 carlamotors_carlacola
Car 0.00 1.00 0 0 0 0 0 0 0 0 841.44 362.67 857.01 370.69 1.5863 2.2347 5.1468 114.9824 2.1481 20.4971 0.0135 -0.0005 -0.0000 139 lincoln_mkz2017
Car 0.00 1.00 0 0 0 0 0 0 0 0 1139.21 360.34 1148.96 366.05 1.9718 2.0005 4.0595 194.8024 2.0935 -66.5792 0.0176 -0.0001 -0.0001 140 jeep_wrangler_rubicon
Car 1.00 1.00 0 0 0 0 0 0 0 0 -1000.00 -1000.00 -1000.00 -1000.00 1.6011 2.1072 4.7392 72.8941 2.0163 -189.4698 -1.5631 0.0006 -0.0000 141 toyota_prius
Car 0.00 1.00 0 0 0 0 0 0 0 0 1112.81 361.37 1136.67 368.66 1.7318 2.1344 5.0985 134.4406 2.0666 -41.8714 -1.5559 0.0006 -0.0000 142 audi_etron
Car 1.00 1.00 0 0 0 0 0 0 0 0 -1000.00 -1000.00 -1000.00 -1000.00 2.2031 2.5091 6.5872 -85.2093 2.1265 -45.1514 -1.5564 0.0006 -0.0000 143 tesla_cybertruck
Car 1.00 1.00 0 0 0 0 0 0 0 0 -1000.00 -1000.00 -1000.00 -1000.00 1.5765 1.9374 3.8150 72.5391 2.0364 -135.0970 -1.5633 0.0006 -0.0000 144 nissan_micra
Car 1.00 1.00 0 0 0 0 1 0 0 0 -1000.00 -1000.00 -1000.00 -1000.00 1.4546 2.0938 4.3903 1.8558 2.0246 -99.7714 1.5911 0.0015 -0.0000 145 audi_tt
Car 1.00 1.00 0 0 0 0 0 0 0 0 -1000.00 -1000.00 -1000.00 -1000.00 1.4812 2.1349 5.6254 -207.7498 2.0447 -105.7694 -1.5560 0.0003 -0.0000 146 chevrolet_impala
Car 1.00 1.00 0 0 1 68 0 0 1 0 -1000.00 -1000.00 -1000.00 -1000.00 2.2031 2.5091 6.5872 -80.2637 2.2172 99.0969 1.5851 0.0006 -0.0000 147 tesla_cybertruck
Car 1.00 1.00 0 0 0 0 0 0 0 0 -1000.00 -1000.00 -1000.00 -1000.00 1.9718 2.0005 4.0595 -51.1047 2.1024 -63.7844 -3.1244 -0.0004 -0.0001 148 jeep_wrangler_rubicon
Car 1.00 1.00 0 0 0 0 0 0 0 0 -1000.00 -1000.00 -1000.00 -1000.00 1.3660 1.9896 4.9534 -88.5728 2.1039 -54.0601 -1.5563 0.0006 -0.0000 149 mustang_mustang
Car 0.00 1.00 0 0 0 0 0 0 0 0 1830.69 365.59 1897.74 377.12 1.3660 1.9896 4.9534 68.8701 2.0624 -112.8478 -1.5717 0.0009 -0.0000 150 mustang_mustang
Car 1.00 1.00 0 0 0 0 0 0 0 0 -1000.00 -1000.00 -1000.00 -1000.00 2.5908 2.7453 5.4640 -82.2828 2.1551 -8.7778 1.5498 0.0036 -0.0000 151 carlamotors_carlacola
Car 0.00 1.00 0 0 0 0 0 0 0 0 441.16 363.33 484.27 373.87 1.5863 2.2347 5.1468 88.6732 2.1285 76.2891 0.0115 -0.0004 -0.0000 152 lincoln_mkz2017
Car 1.00 1.00 0 0 0 0 0 0 0 0 -1000.00 -1000.00 -1000.00 -1000.00 1.7506 2.3538 4.8416 -258.2984 2.0402 -159.2756 -1.5444 0.0005 -0.0000 153 bmw_grandtourer
Cyclist 1.00 1.00 0 0 0 0 0 0 0 0 -1000.00 -1000.00 -1000.00 -1000.00 1.9709 0.6705 1.7250 79.7810 2.0113 -175.0265 1.5787 0.0057 -0.0000 154 diamondback_century
Cyclist 1.00 1.00 0 0 0 0 0 0 0 0 -1000.00 -1000.00 -1000.00 -1000.00 1.9311 0.5921 1.9272 -170.2787 2.0568 -73.6746 0.0105 -0.0034 -0.0000 155 gazelle_omafiets
Motorcycle 0.00 1.00 0 0 0 0 0 0 0 0 1678.27 361.49 1698.44 369.50 1.6960 1.0692 2.4735 120.3206 2.0216 -158.9766 0.0137 0.0037 -0.0000 156 harley_davidson_low_rider
Car 1.00 1.00 0 0 0 0 0 0 0 0 -1000.00 -1000.00 -1000.00 -1000.00 2.1397 2.1728 4.7045 -83.5827 2.2059 85.2686 1.5869 0.0004 -0.0000 157 volkswagen_t2
Car 1.00 1.00 0 0 0 0 0 0 0 0 -1000.00 -1000.00 -1000.00 -1000.00 1.5488 2.0688 3.9961 -64.0913 1.9675 -260.0555 -3.1229 0.0015 -0.0000 158 mini_cooperst
Cyclist 1.00 1.00 0 0 0 0 0 0 0 0 -1000.00 -1000.00 -1000.00 -1000.00 1.9311 0.5921 1.9272 31.1945 2.0136 -159.9900 0.0140 -0.0017 0.0018 159 gazelle_omafiets
Car 1.00 1.00 1487 1652 2670 53540 135 237 0 0 -1000.00 -1000.00 -1000.00 -1000.00 1.4812 2.1349 5.6254 -10.3837 2.0833 -10.8695 -1.5629 -0.0018 -0.0000 160 chevrolet_impala
Car 1.00 1.00 0 0 0 0 0 0 0 0 -1000.00 -1000.00 -1000.00 -1000.00 1.7173 2.2591 5.2781 -3.6551 -3.3208 -273.3986 0.0269 -0.1330 -0.0020 161 mercedes_benz_coupe
Car 1.00 1.00 0 0 0 0 0 0 0 0 -1000.00 -1000.00 -1000.00 -1000.00 1.9718 2.0005 4.0595 -110.3249 2.0446 -158.3015 3.1188 -0.0013 -0.0025 162 jeep_wrangler_rubicon
Car 0.00 1.00 0 0 0 0 0 0 0 0 437.11 363.21 491.78 377.28 1.7506 2.3538 4.8416 71.9267 2.1697 61.0825 1.5944 0.0006 -0.0000 163 bmw_grandtourer
Car 0.00 1.00 0 0 0 0 0 0 0 0 973.94 361.86 996.13 368.50 1.6115 2.2019 5.2564 137.4922 2.0728 -8.3839 1.6303 0.0004 0.0006 164 charger2020_charger2020
Car 0.00 1.00 0 0 0 0 0 0 0 0 989.65 363.74 1020.84 376.52 1.6244 1.8781 3.8906 73.5384 2.1265 -8.1355 1.5912 0.0018 -0.0011 165 audi_a2
Car 1.00 1.00 0 0 0 0 0 0 0 0 -1000.00 -1000.00 -1000.00 -1000.00 1.5475 1.9070 4.4025 19.7938 -4.2975 125.7743 0.0173 -0.1113 -0.0003 166 seat_leon
Car 1.00 1.00 0 0 0 0 0 0 0 0 -1000.00 -1000.00 -1000.00 -1000.00 1.5765 1.9374 3.8150 -230.1231 1.9887 -224.7587 2.1752 -0.0002 -0.0093 167 nissan_micra
Car 1.00 1.00 0 0 0 1 0 0 0 0 -1000.00 -1000.00 -1000.00 -1000.00 1.5863 2.2347 5.1468 -104.1681 2.2147 117.2147 0.0098 0.0006 -0.0000 168 lincoln_mkz2017
Car 1.00 1.00 0 0 0 0 0 0 0 0 -1000.00 -1000.00 -1000.00 -1000.00 1.7506 2.3538 4.8416 -21.7862 2.0326 -160.8492 0.0133 0.0006 -0.0000 169 bmw_grandtourer
Car 0.00 1.00 0 0 0 0 0 0 0 0 1742.35 367.34 1879.11 388.40 1.4812 2.1349 5.6254 44.8419 2.0992 -69.1361 0.0172 0.0006 -0.0000 170 chevrolet_impala
Car 0.00 1.00 0 0 0 0 0 0 0 0 1264.52 361.36 1282.42 365.49 1.4812 2.1349 5.6254 215.4960 2.0603 -123.4983 -1.6624 0.0000 -0.0183 171 chevrolet_impala
Car 0.00 1.00 0 0 0 0 0 0 0 0 1138.10 361.84 1160.79 368.58 1.6011 2.1072 4.7392 134.5308 2.0482 -47.8490 -1.5557 0.0006 -0.0000 172 toyota_prius
Car 1.00 1.00 0 1 2 5 0 0 0 0 -1000.00 -1000.00 -1000.00 -1000.00 1.6115 2.2019 5.2564 10.3927 2.0373 -156.8122 -3.0757 -0.0003 0.0005 173 charger2020_charger2020
Car 1.00 1.00 0 0 0 0 0 0 0 0 -1000.00 -1000.00 -1000.00 -1000.00 1.5475 1.9070 4.4025 -88.6705 2.1091 -47.8760 -1.5562 0.0006 -0.0000 174 seat_leon
Car 1.00 1.00 0 0 0 0 0 0 0 0 -1000.00 -1000.00 -1000.00 -1000.00 2.5908 2.7453 5.4640 -78.9431 2.0276 -218.6469 1.5584 -0.0022 -0.0000 175 carlamotors_carlacola
Car 0.00 1.00 0 0 0 0 0 0 0 0 1804.97 362.95 1865.18 371.46 1.4812 2.1349 5.6254 102.7693 2.0410 -162.7068 0.0140 -0.0035 -0.0000 176 chevrolet_impala
Car 1.00 1.00 0 0 0 0 0 0 0 0 -1000.00 -1000.00 -1000.00 -1000.00 1.9718 2.0005 4.0595 -58.8084 1.9584 -273.9597 0.0189 -0.0029 -0.0001 177 jeep_wrangler_rubicon
Car 1.00 1.00 0 0 0 0 0 0 0 0 -1000.00 -1000.00 -1000.00 -1000.00 1.6980 1.9434 4.1871 -84.6751 2.0734 -119.0561 -1.4834 0.0001 -0.0010 178 citroen_c3
Car 1.00 1.00 7 8 16 43 12 0 0 0 -1000.00 -1000.00 -1000.00 -1000.00 1.5488 2.0688 3.9961 1.5854 2.0264 -86.4351 1.5912 0.0006 -0.0000 179 mini_cooperst
Motorcycle 0.00 1.00 0 0 0 0 0 0 0 0 1684.10 362.49 1711.65 374.72 1.6960 1.0692 2.4735 79.2449 2.0560 -106.3523 1.5787 0.0050 -0.0000 180 harley_davidson_low_rider
Car 0.00 1.00 0 0 0 0 0 0 0 0 852.32 363.09 861.26 369.84 1.4477 1.5550 2.3177 123.7368 2.1486 20.6094 0.0134 -0.0133 -0.0002 181 bmw_isetta
Cyclist 0.00 1.00 0 0 0 0 0 0 0 0 1575.73 362.26 1593.22 374.57 1.7065 0.8593 1.4873 79.1951 2.0349 -90.3050 1.5795 0.0120 0.0014 182 bh_crossbike
Car 1.00 1.00 0 0 0 0 0 0 0 0 -1000.00 -1000.00 -1000.00 -1000.00 1.6011 2.1072 4.7392 22.5306 -6.6163 -272.7927 0.0113 -0.1097 0.0002 183 toyota_prius
Car 1.00 1.00 0 0 0 0 0 0 0 0 -1000.00 -1000.00 -1000.00 -1000.00 1.5488 2.0688 3.9961 -81.9374 2.0277 -176.2035 1.5585 0.0006 -0.0000 184 mini_cooperst
Car 1.00 1.00 0 0 0 0 0 0 0 0 -1000.00 -1000.00 -1000.00 -1000.00 1.6980 1.9434 4.1871 -88.7766 2.0563 -144.0417 -1.5724 0.0035 -0.0002 185 citroen_c3
Car 0.00 1.00 0 0 0 0 0 0 0 0 1598.95 361.46 1623.05 367.65 1.5765 1.9374 3.8150 143.8581 1.9570 -169.9698 1.5217 0.0006 -0.0001 186 nissan_micra
Car 0.00 1.00 0 0 0 0 0 0 0 0 1593.54 362.22 1647.62 374.94 1.7506 2.3538 4.8416 79.1555 2.0708 -95.2918 1.5786 0.0012 -0.0000 187 bmw_grandtourer
Car 1.00 1.00 0 0 0 0 0 0 0 0 -1000.00 -1000.00 -1000.00 -1000.00 1.5488 2.0688 3.9961 47.5655 2.0321 -163.4365 0.0134 0.0006 -0.0000 188 mini_cooperst
Car 1.00 1.00 0 0 0 0 0 0 0 0 -1000.00 -1000.00 -1000.00 -1000.00 1.5488 2.0688 3.9961 -85.1062 2.1062 -51.7662 -1.5563 0.0006 -0.0000 189 mini_cooperst
Car 0.00 1.00 0 0 0 0 0 0 0 0 1143.62 361.34 1154.19 365.89 1.6011 2.1072 4.7392 199.8322 2.0879 -69.9726 0.0173 0.0006 -0.0000 190 toyota_prius
Car 0.00 1.00 0 0 0 0 0 0 0 0 924.35 365.52 961.06 375.82 1.3660 1.9896 4.9534 76.8699 2.1334 0.1161 1.5944 0.0006 -0.0000 191 mustang_mustang
Car 1.00 1.00 0 0 0 0 0 0 0 0 -1000.00 -1000.00 -1000.00 -1000.00 1.9476 2.0282 4.8347 -262.2911 2.0436 -140.7020 -1.5444 0.0008 -0.0000 192 nissan_patrol
Pedestrian 1.00 1.00 0 0 0 0 0 0 0 0 -1000.00 -1000.00 -1000.00 -1000.00 1.9158 0.4880 0.7507 -269.9967 1.8537 -169.4089 1.6024 0.0006 -0.0000 193 pedestrian_0019
Pedestrian 1.00 1.00 0 0 0 0 0 0 0 0 -1000.00 -1000.00 -1000.00 -1000.00 1.1330 0.4333 0.6667 -212.7642 1.8133 -149.5244 -1.5286 0.0006 -0.0000 194 pedestrian_0010
Pedestrian 0.00 1.00 0 0 0 0 0 0 0 0 1776.17 359.64 1784.13 369.21 1.9158 0.4880 0.7507 112.3641 1.8430 -166.9765 0.0642 0.0006 -0.0000 195 pedestrian_0005
Pedestrian 0.00 1.00 0 0 0 0 0 0 0 0 1502.91 359.55 1507.25 367.85 1.9158 0.4880 0.5488 129.2348 1.8114 -128.3167 -1.3907 0.0006 -0.0000 196 pedestrian_0003
Pedestrian 0.00 1.00 0 0 0 0 0 0 0 0 1359.16 326.21 1362.24 332.74 1.9158 0.4880 0.5629 166.0658 -8.1301 -121.5496 1.6255 0.0006 -0.0000 197 pedestrian_0021
Pedestrian 1.00 1.00 0 0 0 0 0 0 0 0 -1000.00 -1000.00 -1000.00 -1000.00 1.9158 0.4880 0.7070 -261.8910 2.0076 77.3586 1.3520 0.0006 -0.0000 198 pedestrian_0003
Pedestrian 1.00 1.00 0 0 0 0 0 0 0 0 -1000.00 -1000.00 -1000.00 -1000.00 1.9158 0.4880 0.4808 -242.6404 1.8061 -244.6139 -0.7737 0.0006 -0.0000 199 pedestrian_0004
Pedestrian 0.00 1.00 0 0 0 0 0 0 0 0 1291.51 359.68 1294.50 368.10 1.9158 0.4880 0.4064 127.3646 1.8431 -78.1401 1.5010 0.0006 -0.0000 200 pedestrian_0022
Pedestrian 1.00 1.00 0 0 0 0 0 0 0 0 -1000.00 -1000.00 -1000.00 -1000.00 1.3390 0.3253 0.4771 -94.3351 1.9966 -161.1696 -1.5914 0.0006 -0.0000 201 pedestrian_0014
Pedestrian 0.00 1.00 0 0 0 0 0 0 0 0 854.61 360.25 863.67 386.98 1.9158 0.4880 0.4678 41.0514 1.9338 5.0399 -0.2701 0.0006 -0.0000 202 pedestrian_0022
Pedestrian 1.00 1.00 0 0 0 0 0 0 0 0 -1000.00 -1000.00 -1000.00 -1000.00 1.9158 0.4880 0.5716 28.7277 1.8862 -53.1511 3.0945 0.0006 -0.0000 203 pedestrian_0023
Pedestrian 1.00 1.00 1 0 0 2 1 0 0 0 -1000.00 -1000.00 -1000.00 -1000.00 1.3390 0.3253 0.5005 6.7566 1.8254 -98.2839 1.6254 0.0006 -0.0000 204 pedestrian_0012
Pedestrian 1.00 1.00 0 0 0 5 0 0 0 0 -1000.00 -1000.00 -1000.00 -1000.00 1.9158 0.4880 0.7507 -11.0157 1.7877 -172.3008 1.7899 0.0006 -0.0000 205 pedestrian_0019
Pedestrian 1.00 1.00 14 14 27 203 0 0 9 0 -1000.00 -1000.00 -1000.00 -1000.00 1.9158 0.4880 0.7377 6.2549 1.9205 39.1847 -2.0914 0.0006 -0.0000 206 pedestrian_0005
Pedestrian 0.00 1.00 0 0 0 0 0 0 0 0 1219.05 359.98 1222.94 369.18 1.9158 0.4880 0.7507 116.8838 1.9123 -56.7919 -0.0580 0.0006 -0.0000 207 pedestrian_0026
Pedestrian 1.00 1.00 0 0 0 0 0 0 0 0 -1000.00 -1000.00 -1000.00 -1000.00 1.9158 0.4880 0.7507 -73.6435 1.8876 -104.5337 -1.5951 0.0006 -0.0000 208 pedestrian_0015
Pedestrian 1.00 1.00 0 0 0 0 0 0 0 0 -1000.00 -1000.00 -1000.00 -1000.00 1.3390 0.3253 0.3368 -97.2936 2.0382 146.8271 0.0263 0.0006 -0.0000 209 pedestrian_0014
Pedestrian 1.00 1.00 0 0 0 1 0 0 0 0 -1000.00 -1000.00 -1000.00 -1000.00 1.9158 0.4880 0.5056 -124.4946 2.0464 145.1411 0.0344 0.0006 -0.0000 210 pedestrian_0016
Pedestrian 0.00 1.00 0 0 1 0 0 0 0 0 646.56 366.93 652.28 379.07 1.3390 0.3253 0.5005 62.7367 2.1140 32.3334 3.0352 0.0006 -0.0000 211 pedestrian_0012
Pedestrian 1.00 1.00 0 0 0 0 0 0 0 0 -1000.00 -1000.00 -1000.00 -1000.00 1.1330 0.4333 0.6452 63.4409 1.8650 -116.3117 1.5363 0.0006 -0.0000 212 pedestrian_0009
Pedestrian 0.00 1.00 0 0 0 0 0 0 0 0 1119.50 362.79 1122.56 367.19 1.1330 0.4333 0.6667 144.1762 1.8552 -43.8262 1.5575 0.0006 -0.0000 213 pedestrian_0010
Pedestrian 1.00 1.00 0 0 0 0 0 0 0 0 -1000.00 -1000.00 -1000.00 -1000.00 1.9158 0.4880 0.7507 -272.5525 1.9401 -30.1773 -1.5366 0.0006 -0.0000 214 pedestrian_0021
Pedestrian 1.00 1.00 0 0 0 0 0 0 0 0 -1000.00 -1000.00 -1000.00 -1000.00 1.9158 0.4880 0.7507 -95.3095 2.1350 69.6524 -1.6024 0.0006 -0.0000 215 pedestrian_0018
Pedestrian 1.00 1.00 0 0 0 0 0 0 0 0 -1000.00 -1000.00 -1000.00 -1000.00 1.9158 0.4880 0.4840 -268.1084 1.8478 -180.3581 -1.4594 0.0006 -0.0000 216 pedestrian_0020
Pedestrian 0.00 1.00 0 0 0 0 0 0 0 0 1519.05 359.54 1523.08 367.90 1.9158 0.4880 0.4292 128.2994 1.8097 -131.0678 1.6309 0.0006 -0.0000 217 pedestrian_0017
Pedestrian 1.00 1.00 0 0 0 0 0 0 0 0 -1000.00 -1000.00 -1000.00 -1000.00 1.9158 0.4880 0.7507 -32.9869 1.8461 -168.7131 -3.1147 0.0006 -0.0000 218 pedestrian_0007
Pedestrian 1.00 1.00 0 0 0 0 0 0 0 0 -1000.00 -1000.00 -1000.00 -1000.00 1.1330 0.4333 0.5229 -155.4167 2.0593 -59.6081 0.0428 0.0006 -0.0000 219 pedestrian_0010
Pedestrian 0.00 1.00 0 0 0 0 0 0 0 0 679.67 361.57 685.26 376.22 1.9158 0.4880 0.5348 73.8733 2.1233 34.2302 -3.0719 0.0006 -0.0000 220 pedestrian_0023
Pedestrian 1.00 1.00 0 0 0 0 0 0 0 0 -1000.00 -1000.00 -1000.00 -1000.00 1.9158 0.4880 0.5033 89.1512 1.7570 -216.5267 -2.0441 0.0006 -0.0000 221 pedestrian_0024
Pedestrian 1.00 1.00 0 0 0 0 0 0 0 0 -1000.00 -1000.00 -1000.00 -1000.00 1.1330 0.4333 0.3774 -196.8729 1.8276 -134.5331 -1.5695 0.0006 -0.0000 222 pedestrian_0011
Pedestrian 1.00 1.00 0 0 0 0 0 0 0 0 -1000.00 -1000.00 -1000.00 -1000.00 1.9158 0.4880 0.7507 -271.2150 1.8957 -104.8297 -1.4677 0.0006 -0.0000 223 pedestrian_0016
Pedestrian 1.00 1.00 0 0 0 0 0 0 0 0 -1000.00 -1000.00 -1000.00 -1000.00 1.9158 0.4880 0.4651 97.1852 -8.2488 -282.4587 -0.0215 0.0006 -0.0000 224 pedestrian_0017
Pedestrian 0.00 1.00 0 0 0 0 0 0 0 0 1350.38 326.18 1353.25 332.72 1.9158 0.4880 0.5034 165.8966 -8.1281 -118.7847 -1.5202 0.0006 -0.0000 225 pedestrian_0001
Pedestrian 1.00 1.00 0 0 0 0 0 0 0 0 -1000.00 -1000.00 -1000.00 -1000.00 1.9158 0.4880 0.7507 -178.5648 1.9051 -63.9427 -3.0850 0.0006 -0.0000 226 pedestrian_0003
Pedestrian 1.00 1.00 0 0 0 0 0 0 0 0 -1000.00 -1000.00 -1000.00 -1000.00 1.9158 0.4880 0.7507 -162.7289 2.0682 -63.8994 -0.6677 0.0006 -0.0000 227 pedestrian_0007
Pedestrian 0.00 1.00 0 0 0 0 0 0 0 0 1281.17 364.49 1286.18 371.19 1.1330 0.4333 0.6667 95.5603 1.9011 -57.4403 0.0861 0.0006 -0.0000 228 pedestrian_0010
Pedestrian 1.00 1.00 0 0 0 0 0 0 0 0 -1000.00 -1000.00 -1000.00 -1000.00 1.1330 0.4333 0.3648 -76.5024 2.0577 -58.5000 0.3334 0.0006 -0.0000 229 pedestrian_0010
Pedestrian 0.00 0.00 219 253 377 3306 0 0 0 64 1037.30 432.15 1105.70 582.85 1.3390 0.3253 0.4554 5.8368 1.8854 -3.2027 -1.5061 0.0006 -0.0000 230 pedestrian_0013
Pedestrian 0.00 1.00 0 0 0 0 0 0 0 0 1153.32 361.51 1154.31 365.16 1.3390 0.3253 0.3520 204.7466 1.8930 -73.4757 2.7635 0.0006 -0.0000 231 pedestrian_0013
Pedestrian 1.00 1.00 0 0 0 0 0 0 0 0 -1000.00 -1000.00 -1000.00 -1000.00 1.9158 0.4880 0.7507 62.2847 1.8780 -116.9474 -1.5795 0.0006 -0.0000 232 pedestrian_0020
Pedestrian 0.00 1.00 0 0 0 0 0 0 0 0 394.27 360.21 401.85 371.94 1.9158 0.4880 0.7422 91.9252 1.9500 89.9069 -0.0066 0.0006 -0.0000 233 pedestrian_0021
Pedestrian 1.00 1.00 0 0 0 0 0 0 0 0 -1000.00 -1000.00 -1000.00 -1000.00 1.1330 0.4333 0.4562 -200.1361 1.8915 -29.1426 -1.5667 0.0006 -0.0000 234 pedestrian_0009
Pedestrian 0.00 1.00 0 0 0 0 0 0 0 0 965.80 360.06 967.10 364.83 1.9158 0.4880 0.5026 224.2182 1.9420 -4.8370 -1.5449 0.0006 -0.0000 235 pedestrian_0006
Pedestrian 1.00 1.00 0 0 0 0 0 0 0 0 -1000.00 -1000.00 -1000.00 -1000.00 1.1330 0.4333 0.5362 -61.1878 1.9041 -59.9877 -3.1277 0.0006 -0.0000 236 pedestrian_0009
Pedestrian 1.00 1.00 0 0 0 0 0 0 0 0 -1000.00 -1000.00 -1000.00 -1000.00 1.9158 0.4880 0.7507 -91.1245 1.9002 -86.4772 1.4412 0.0006 -0.0000 237 pedestrian_0026
Pedestrian 1.00 1.00 1 0 0 53 0 0 1 0 -1000.00 -1000.00 -1000.00 -1000.00 1.9158 0.4880 0.5453 12.0203 1.9330 59.3898 -2.2188 0.0006 -0.0000 238 pedestrian_0021
Pedestrian 0.00 1.00 0 0 0 0 0 0 0 0 1707.17 365.03 1715.93 377.35 1.3390 0.3253 0.5005 61.5769 1.8898 -84.3321 1.5261 0.0006 -0.0000 239 pedestrian_0012
Pedestrian 1.00 1.00 0 0 0 0 0 0 0 0 -1000.00 -1000.00 -1000.00 -1000.00 1.9158 0.4880 0.4807 -133.4571 1.7750 -286.6007 0.7955 0.0006 -0.0000 240 pedestrian_0020
Pedestrian 0.00 1.00 0 0 0 0 0 0 0 0 989.01 334.41 990.94 337.61 1.1330 0.4333 0.6667 200.6598 -8.0722 -13.0377 -1.5611 0.0006 -0.0000 241 pedestrian_0011
Pedestrian 1.00 1.00 0 0 0 0 0 0 0 0 -1000.00 -1000.00 -1000.00 -1000.00 1.9158 0.4880 0.6105 60.4010 1.8423 -170.4442 3.1232 0.0006 -0.0000 242 pedestrian_0002
Pedestrian 0.00 1.00 0 0 0 0 0 0 0 0 1371.52 362.14 1374.22 368.07 1.3390 0.3253 0.3671 126.4439 1.8237 -95.6586 1.7394 0.0006 -0.0000 243 pedestrian_0014
Pedestrian 0.00 1.00 0 0 0 0 0 0 0 0 863.68 361.53 868.32 376.96 1.9158 0.4880 0.7507 70.2958 2.1078 9.5041 -3.0882 0.0006 -0.0000 244 pedestrian_0006
Pedestrian 0.00 1.00 0 0 0 0 0 0 0 0 1084.68 332.19 1086.85 337.58 1.9158 0.4880 0.6637 200.5998 -8.0842 -47.5247 -1.5542 0.0006 -0.0000 245 pedestrian_0020
Pedestrian 1.00 1.00 0 0 0 0 0 0 0 0 -1000.00 -1000.00 -1000.00 -1000.00 1.9158 0.4880 0.5095 -75.5203 2.0558 -79.6133 0.4259 0.0006 -0.0000 246 pedestrian_0022
Pedestrian 1.00 1.00 0 0 0 0 0 0 0 0 -1000.00 -1000.00 -1000.00 -1000.00 1.9158 0.4880 0.6359 -74.8250 1.8237 -206.1564 1.5461 0.0006 -0.0000 247 pedestrian_0002
Pedestrian 0.00 1.00 0 0 0 0 0 0 0 0 1350.65 359.65 1354.83 367.00 1.9158 0.4880 0.7483 145.7885 1.8254 -104.8109 1.6098 0.0006 -0.0000 248 pedestrian_0022
Pedestrian 1.00 1.00 0 0 0 0 0 0 0 0 -1000.00 -1000.00 -1000.00 -1000.00 1.9158 0.4880 0.7507 -54.5640 1.9095 -39.8924 2.0132 0.0006 -0.0000 249 pedestrian_0006
Pedestrian 1.00 1.00 0 0 0 0 0 0 0 0 -1000.00 -1000.00 -1000.00 -1000.00 1.9158 0.4880 0.4814 86.4298 1.8433 -167.7468 -2.7772 0.0006 -0.0000 250 pedestrian_0019
Pedestrian 1.00 1.00 0 0 0 0 0 0 0 0 -1000.00 -1000.00 -1000.00 -1000.00 1.9158 0.4880 0.7507 -79.3889 2.1113 8.3225 -3.1231 0.0006 -0.0000 251 pedestrian_0018
Pedestrian 1.00 1.00 0 0 0 0 0 0 0 0 -1000.00 -1000.00 -1000.00 -1000.00 1.9158 0.4880 0.7507 -271.3157 1.9091 -79.3739 -1.5662 0.0006 -0.0000 252 pedestrian_0007
Pedestrian 1.00 1.00 0 0 0 0 0 0 0 0 -1000.00 -1000.00 -1000.00 -1000.00 1.9158 0.4880 0.4090 60.5798 1.8561 -148.5323 -0.1205 0.0006 -0.0000 253 pedestrian_0008
Pedestrian 1.00 1.00 0 0 0 0 0 0 0 0 -1000.00 -1000.00 -1000.00 -1000.00 1.9158 0.4880 0.5207 -251.1184 2.0179 94.2452 -2.1508 0.0006 -0.0000 254 pedestrian_0022
Pedestrian 1.00 1.00 0 0 0 0 0 0 0 0 -1000.00 -1000.00 -1000.00 -1000.00 1.9158 0.4880 0.5817 -171.2985 2.0470 144.0777 0.0538 0.0006 -0.0000 255 pedestrian_0024
Pedestrian 0.00 1.00 0 0 0 0 0 0 0 0 1050.07 362.08 1051.86 365.12 1.1330 0.4333 0.5854 208.4298 1.9120 -36.2779 -1.5375 0.0006 -0.0000 256 pedestrian_0011
Pedestrian 1.00 1.00 0 0 0 0 0 0 0 0 -1000.00 -1000.00 -1000.00 -1000.00 1.9158 0.4880 0.7507 -149.1968 2.0585 -78.5748 -0.8397 0.0006 -0.0000 257 pedestrian_0006
Pedestrian 0.00 1.00 0 0 0 0 0 0 0 0 1415.95 359.80 1419.51 365.88 1.9158 0.4880 0.7507 176.2198 1.8538 -146.9161 -3.0878 0.0006 -0.0000 258 pedestrian_0005
Pedestrian 0.00 1.00 0 0 0 0 0 0 0 0 863.86 361.69 868.60 378.82 1.9158 0.4880 0.7507 63.5062 2.1072 8.3267 -3.0253 0.0006 -0.0000 259 pedestrian_0003
Pedestrian 0.00 1.00 0 0 0 0 0 0 0 0 1363.52 326.23 1366.48 332.75 1.9158 0.4880 0.5170 166.1670 -8.1308 -122.9049 1.6596 0.0006 -0.0000 260 pedestrian_0001
Pedestrian 1.00 1.00 0 0 0 0 0 0 0 0 -1000.00 -1000.00 -1000.00 -1000.00 1.3390 0.3253 0.5005 62.2763 1.8633 -123.6536 -1.5585 0.0006 -0.0000 261 pedestrian_0014
Pedestrian 1.00 1.00 11 4 13 45 2 0 0 0 -1000.00 -1000.00 -1000.00 -1000.00 1.9158 0.4880 0.7507 -5.3597 2.0156 -56.6049 -2.9655 0.0006 -0.0000 262 pedestrian_0020
Pedestrian 1.00 1.00 0 0 0 0 0 0 0 0 -1000.00 -1000.00 -1000.00 -1000.00 1.9158 0.4880 0.6076 -215.2294 1.9376 25.3418 -1.6912 0.0006 -0.0000 263 pedestrian_0025
Pedestrian 0.00 1.00 3 3 7 10 0 0 0 0 632.27 361.91 639.17 379.85 1.9158 0.4880 0.5160 60.6127 2.1226 32.6148 -2.9717 0.0006 -0.0000 264 pedestrian_0026
Pedestrian 1.00 1.00 0 0 0 0 0 0 0 0 -1000.00 -1000.00 -1000.00 -1000.00 1.9158 0.4880 0.4243 -132.7767 1.7750 -286.0943 -2.8363 0.0006 -0.0000 265 pedestrian_0025
Pedestrian 1.00 1.00 0 0 0 0 0 0 0 0 -1000.00 -1000.00 -1000.00 -1000.00 1.3390 0.3253 0.4238 75.5806 1.9633 -197.9346 -3.0525 0.0006 -0.0000 266 pedestrian_0013
Pedestrian 1.00 1.00 0 0 0 0 0 0 0 0 -1000.00 -1000.00 -1000.00 -1000.00 1.9158 0.4880 0.3767 86.8221 1.8408 -171.6834 2.0424 0.0006 -0.0000 267 pedestrian_0015
Pedestrian 0.00 1.00 0 0 0 0 0 0 0 0 1577.89 359.50 1581.96 367.96 1.9158 0.4880 0.3863 126.7475 1.8024 -142.8474 3.1310 0.0006 -0.0000 268 pedestrian_0021
Pedestrian 1.00 1.00 0 0 0 0 0 0 0 0 -1000.00 -1000.00 -1000.00 -1000.00 1.1330 0.4333 0.4221 -56.3134 2.0319 146.8982 -3.1021 0.0006 -0.0000 269 pedestrian_0010
Pedestrian 1.00 1.00 13 17 27 158 4 0 0 0 -1000.00 -1000.00 -1000.00 -1000.00 1.9158 0.4880 0.4992 -14.4365 1.8741 -35.2991 1.5486 0.0006 -0.0000 270 pedestrian_0023
Pedestrian 1.00 1.00 0 0 0 0 0 0 0 0 -1000.00 -1000.00 -1000.00 -1000.00 1.3390 0.3253 0.5005 22.4349 1.9289 66.6639 -2.5946 0.0006 -0.0000 271 pedestrian_0013
Pedestrian 1.00 1.00 0 0 0 0 0 0 0 0 -1000.00 -1000.00 -1000.00 -1000.00 1.9158 0.4880 0.5933 -203.7284 1.7858 -274.0327 -0.4168 0.0006 -0.0000 272 pedestrian_0016
Pedestrian 1.00 1.00 0 0 0 0 0 0 0 0 -1000.00 -1000.00 -1000.00 -1000.00 1.3390 0.3253 0.4744 -146.6109 1.9615 79.0372 0.1748 0.0006 -0.0000 273 pedestrian_0014
Pedestrian 1.00 1.00 0 0 0 0 0 0 0 0 -1000.00 -1000.00 -1000.00 -1000.00 1.9158 0.4880 0.4368 -114.9152 1.8610 -148.6339 -0.0610 0.0006 -0.0000 274 pedestrian_0019
Pedestrian 1.00 1.00 0 0 0 0 0 0 0 0 -1000.00 -1000.00 -1000.00 -1000.00 1.3390 0.3253 0.2781 24.6345 1.8360 -168.7655 3.0516 0.0006 -0.0000 275 pedestrian_0013
Pedestrian 1.00 1.00 0 0 0 0 0 0 0 0 -1000.00 -1000.00 -1000.00 -1000.00 1.9158 0.4880 0.7507 35.0011 1.8442 -168.6084 -3.1142 0.0006 -0.0000 276 pedestrian_0023
Pedestrian 0.00 1.00 0 0 0 0 0 0 0 0 1238.59 363.90 1242.76 369.72 1.1330 0.4333 0.6667 109.8182 1.9008 -57.3272 0.1127 0.0006 -0.0000 277 pedestrian_0011
Pedestrian 0.00 1.00 0 0 0 0 0 0 0 0 1879.61 362.74 1884.46 370.19 1.3390 0.3253 0.3125 100.9502 1.8340 -168.4545 -0.2084 0.0006 -0.0000 278 pedestrian_0012
Pedestrian 1.00 1.00 0 0 0 0 0 0 0 0 -1000.00 -1000.00 -1000.00 -1000.00 1.9158 0.4880 0.5314 3.1439 -4.4048 -247.5416 3.1404 0.0006 -0.0000 279 pedestrian_0015
Pedestrian 0.00 1.00 0 0 0 0 0 0 0 0 592.33 360.10 597.15 370.03 1.9158 0.4880 0.6145 108.3137 1.9360 68.4559 -0.1884 0.0006 -0.0000 280 pedestrian_0017
Pedestrian 0.00 1.00 0 0 0 0 0 0 0 0 809.92 332.58 812.18 338.02 1.9158 0.4880 0.7507 198.9402 -7.8601 50.9435 -1.3698 0.0006 -0.0000 281 pedestrian_0005
Pedestrian 1.00 1.00 0 0 0 0 0 0 0 0 -1000.00 -1000.00 -1000.00 -1000.00 1.1330 0.4333 0.3633 85.1021 1.8252 -195.5501 -2.4672 0.0006 -0.0000 282 pedestrian_0009
Pedestrian 1.00 1.00 0 0 0 0 0 0 0 0 -1000.00 -1000.00 -1000.00 -1000.00 1.1330 0.4333 0.6667 -106.2043 1.7651 -226.5159 -0.0196 0.0006 -0.0000 283 pedestrian_0009
Pedestrian 0.00 1.00 0 0 0 0 0 0 0 0 1278.58 361.94 1280.22 364.97 1.1330 0.4333 0.3852 208.2639 1.8574 -121.6603 1.4871 0.0006 -0.0000 284 pedestrian_0009
Pedestrian 1.00 1.00 0 0 0 0 0 0 0 0 -1000.00 -1000.00 -1000.00 -1000.00 1.9158 0.4880 0.6134 -188.5445 1.8053 -187.6140 2.2475 0.0006 -0.0000 285 pedestrian_0024
Pedestrian 0.00 1.00 0 0 0 0 0 0 0 0 1273.37 360.55 1277.90 368.99 1.9158 0.4880 0.7507 127.0905 2.0409 -74.0253 -1.4849 0.0006 -0.0000 286 pedestrian_0023
Pedestrian 1.00 1.00 0 0 0 0 0 0 0 0 -1000.00 -1000.00 -1000.00 -1000.00 1.9158 0.4880 0.7507 -93.4160 1.9272 -42.6200 1.6393 0.0006 -0.0000 287 pedestrian_0015
Pedestrian 1.00 1.00 0 0 0 0 0 0 0 0 -1000.00 -1000.00 -1000.00 -1000.00 1.9158 0.4880 0.7507 -0.8977 -3.8925 -248.2215 3.0899 0.0006 -0.0000 288 pedestrian_0025
Pedestrian 0.00 1.00 0 0 0 0 0 0 0 0 584.27 331.95 585.97 335.75 1.1330 0.4333 0.3762 170.0296 -7.4061 112.0617 2.2966 0.0006 -0.0000 289 pedestrian_0009
Pedestrian 1.00 1.00 0 0 0 0 0 0 0 0 -1000.00 -1000.00 -1000.00 -1000.00 1.9158 0.4880 0.4960 -165.9588 1.9029 -80.8591 -0.1681 0.0006 -0.0000 290 pedestrian_0019
Pedestrian 1.00 1.00 0 0 0 0 0 0 0 0 -1000.00 -1000.00 -1000.00 -1000.00 1.9158 0.4880 0.5902 -212.7871 1.9412 34.9772 1.1769 0.0006 -0.0000 291 pedestrian_0007
Pedestrian 1.00 1.00 0 0 0 0 0 0 0 0 -1000.00 -1000.00 -1000.00 -1000.00 1.9158 0.4880 0.6176 -272.9138 1.9654 9.8511 -1.7653 0.0006 -0.0000 292 pedestrian_0021
Pedestrian 0.00 1.00 0 0 0 0 0 0 0 0 896.08 362.93 897.87 369.41 1.3390 0.3253 0.4326 115.8513 1.9465 10.8149 -3.1273 0.0006 -0.0000 293 pedestrian_0014
Pedestrian 1.00 1.00 0 0 0 0 0 0 0 0 -1000.00 -1000.00 -1000.00 -1000.00 1.9158 0.4880 0.5279 6.9319 -3.0157 146.6566 -3.1266 0.0006 -0.0000 294 pedestrian_0002
Pedestrian 1.00 1.00 37 43 64 498 0 4 0 0 -1000.00 -1000.00 -1000.00 -1000.00 1.9158 0.4880 0.4266 -19.5203 1.9557 8.9833 0.0740 0.0006 -0.0000 295 pedestrian_0026
Pedestrian 1.00 1.00 150 156 243 5548 0 0 26 0 -1000.00 -1000.00 -1000.00 -1000.00 1.9158 0.4880 0.6094 5.9144 1.8995 7.9782 -1.9371 0.0006 -0.0000 296 pedestrian_0020
Pedestrian 1.00 1.00 0 0 0 0 0 0 0 0 -1000.00 -1000.00 -1000.00 -1000.00 1.9158 0.4880 0.6845 26.5795 1.9138 -57.6289 -0.0908 0.0006 -0.0000 297 pedestrian_0016
Pedestrian 1.00 1.00 0 0 0 0 0 0 0 0 -1000.00 -1000.00 -1000.00 -1000.00 1.9158 0.4880 0.7507 -125.4805 1.9199 -61.0547 -0.0333 0.0006 -0.0000 298 pedestrian_0024
Pedestrian 0.00 1.00 0 0 0 0 0 0 0 0 63.79 294.74 76.07 310.27 1.9158 0.4880 0.6736 71.9210 -6.3906 111.5904 0.0007 0.0006 -0.0000 299 pedestrian_0001
Pedestrian 1.00 1.00 0 0 0 0 0 0 0 0 -1000.00 -1000.00 -1000.00 -1000.00 1.9158 0.4880 0.7507 18.3010 1.7772 -189.7650 2.4664 0.0006 -0.0000 300 pedestrian_0025
Pedestrian 1.00 1.00 0 0 0 6 2 0 0 0 -1000.00 -1000.00 -1000.00 -1000.00 1.9158 0.4880 0.7507 -16.2043 1.8139 -136.2960 1.7786 0.0006 -0.0000 301 pedestrian_0016
Pedestrian 1.00 1.00 0 0 0 0 0 0 0 0 -1000.00 -1000.00 -1000.00 -1000.00 1.9158 0.4880 0.6579 20.5851 1.8774 -53.4647 -2.8647 0.0006 -0.0000 302 pedestrian_0006
Pedestrian 0.00 1.00 0 1 1 0 0 0 0 0 641.99 367.09 646.50 379.49 1.3390 0.3253 0.4066 61.3896 2.1139 32.1422 -2.9054 0.0006 -0.0000 303 pedestrian_0012
Pedestrian 1.00 1.00 0 0 0 0 0 0 0 0 -1000.00 -1000.00 -1000.00 -1000.00 1.9158 0.4880 0.7507 -231.5608 1.8001 -255.4511 -0.7804 0.0006 -0.0000 304 pedestrian_0024
Pedestrian 1.00 1.00 0 0 0 0 0 0 0 0 -1000.00 -1000.00 -1000.00 -1000.00 1.3390 0.3253 0.2632 -32.3661 1.3122 146.4957 0.0595 0.0006 -0.0000 305 pedestrian_0013
Pedestrian 1.00 1.00 0 0 0 0 0 0 0 0 -1000.00 -1000.00 -1000.00 -1000.00 1.1330 0.4333 0.4300 -261.3643 1.9958 76.7511 -1.9284 0.0006 -0.0000 306 pedestrian_0011
Pedestrian 1.00 1.00 0 0 0 0 0 0 0 0 -1000.00 -1000.00 -1000.00 -1000.00 1.9158 0.4880 0.7126 -77.7161 2.0119 -149.4420 -3.0963 0.0006 -0.0000 307 pedestrian_0024
Pedestrian 1.00 1.00 0 0 0 0 0 0 0 0 -1000.00 -1000.00 -1000.00 -1000.00 1.9158 0.4880 0.3905 -272.9215 1.9648 8.9132 -1.4714 0.0006 -0.0000 308 pedestrian_0004
Pedestrian 0.00 1.00 0 0 0 0 0 0 0 0 795.40 360.47 801.91 382.66 1.9158 0.4880 0.6906 49.3066 1.9574 11.8091 -2.9403 0.0006 -0.0000 309 pedestrian_0019
Pedestrian 0.00 1.00 0 0 0 0 0 0 0 0 1179.93 362.83 1182.07 368.43 1.3390 0.3253 0.5005 134.0867 2.0200 -55.2928 -0.0309 0.0006 -0.0000 310 pedestrian_0012
Pedestrian 0.00 1.00 0 0 0 0 0 0 0 0 1679.82 360.36 1684.95 368.87 1.9158 0.4880 0.5151 126.0693 1.9962 -165.2027 -1.5943 0.0006 -0.0000 311 pedestrian_0022
Pedestrian 1.00 1.00 0 0 0 0 0 0 0 0 -1000.00 -1000.00 -1000.00 -1000.00 1.9158 0.4880 0.7507 85.8651 1.8388 -174.8622 -1.4489 0.0006 -0.0000 312 pedestrian_0018
Pedestrian 1.00 1.00 0 0 0 0 0 0 0 0 -1000.00 -1000.00 -1000.00 -1000.00 1.9158 0.4880 0.4621 -138.8381 1.9499 -10.7743 0.8208 0.0006 -0.0000 313 pedestrian_0022
Pedestrian 1.00 1.00 0 0 0 0 0 0 0 0 -1000.00 -1000.00 -1000.00 -1000.00 1.9158 0.4880 0.3891 37.5236 1.8564 -149.0765 1.0533 0.0006 -0.0000 314 pedestrian_0005
Pedestrian 1.00 1.00 27 35 59 289 0 6 0 0 -1000.00 -1000.00 -1000.00 -1000.00 1.9158 0.4880 0.7507 -24.1126 1.9575 8.6516 0.0470 0.0006 -0.0000 315 pedestrian_0018
Pedestrian 1.00 1.00 0 0 0 0 0 0 0 0 -1000.00 -1000.00 -1000.00 -1000.00 1.9158 0.4880 0.6983 -265.2301 2.0017 67.9146 -1.8048 0.0006 -0.0000 316 pedestrian_0024
Pedestrian 1.00 1.00 0 1 1 8 0 0 0 0 -1000.00 -1000.00 -1000.00 -1000.00 1.9158 0.4880 0.6448 -27.5706 1.9030 -78.6412 -3.1170 0.0006 -0.0000 317 pedestrian_0002
Pedestrian 1.00 1.00 0 0 0 0 0 0 0 0 -1000.00 -1000.00 -1000.00 -1000.00 1.3390 0.3253 0.3419 -96.8203 1.7656 -226.3468 0.4859 0.0006 -0.0000 318 pedestrian_0013
Pedestrian 1.00 1.00 0 0 0 0 0 0 0 0 -1000.00 -1000.00 -1000.00 -1000.00 1.9158 0.4880 0.3754 -73.6740 1.8775 -120.5882 -1.6221 0.0006 -0.0000 319 pedestrian_0018
Pedestrian 1.00 1.00 0 0 0 0 0 0 0 0 -1000.00 -1000.00 -1000.00 -1000.00 1.9158 0.4880 0.7064 -132.2517 1.8674 -139.3511 2.6761 0.0006 -0.0000 320 pedestrian_0006
Pedestrian 1.00 1.00 0 0 0 0 0 0 0 0 -1000.00 -1000.00 -1000.00 -1000.00 1.9158 0.4880 0.7507 -111.6823 1.7752 -285.2707 -0.0202 0.0006 -0.0000 321 pedestrian_0021
Pedestrian 1.00 1.00 0 0 0 0 0 0 0 0 -1000.00 -1000.00 -1000.00 -1000.00 1.1330 0.4333 0.5525 -95.8237 1.8956 -79.7925 0.0343 0.0006 -0.0000 322 pedestrian_0010
Pedestrian 0.00 1.00 0 0 0 0 0 0 0 0 1322.78 361.02 1327.97 374.11 1.9158 0.4880 0.5836 82.5300 2.0662 -55.9622 2.8540 0.0006 -0.0000 323 pedestrian_0022
Pedestrian 1.00 1.00 0 0 0 0 0 0 0 0 -1000.00 -1000.00 -1000.00 -1000.00 1.9158 0.4880 0.7507 -40.2837 1.9138 -60.0719 -3.1015 0.0006 -0.0000 324 pedestrian_0015
Pedestrian 1.00 1.00 7 9 16 32 0 0 0 0 -1000.00 -1000.00 -1000.00 -1000.00 1.9158 0.4880 0.5503 -46.3926 1.9595 10.8356 -3.1048 0.0006 -0.0000 325 pedestrian_0005
Pedestrian 0.00 1.00 0 0 0 0 0 0 0 0 778.48 332.43 780.47 337.93 1.9158 0.4880 0.6192 196.6872 -7.8029 61.4834 -1.3627 0.0006 -0.0000 326 pedestrian_0006
Pedestrian 0.00 1.00 0 0 0 0 0 0 0 0 1101.73 359.99 1103.56 365.19 1.9158 0.4880 0.4408 205.3281 1.9110 -54.8187 2.3006 0.0006 -0.0000 327 pedestrian_0002
Pedestrian 0.00 1.00 0 0 0 0 0 0 0 0 868.61 361.53 872.80 377.07 1.9158 0.4880 0.6804 69.8405 2.1074 8.8428 -3.0175 0.0006 -0.0000 328 pedestrian_0015
Pedestrian 1.00 1.00 0 0 0 0 0 0 0 0 -1000.00 -1000.00 -1000.00 -1000.00 1.9158 0.4880 0.7507 -146.2325 2.0472 145.4656 -3.0832 0.0006 -0.0000 329 pedestrian_0005
Pedestrian 1.00 1.00 0 0 0 0 0 0 0 0 -1000.00 -1000.00 -1000.00 -1000.00 1.1330 0.4333 0.6667 -152.9121 1.7652 -285.7737 0.0105 0.0006 -0.0000 330 pedestrian_0010
Pedestrian 0.00 0.56 4 2 5 45 0 0 0 0 610.95 360.54 618.95 379.73 1.9158 0.4880 0.5067 56.6395 1.9702 32.3740 1.6178 0.0006 -0.0000 331 pedestrian_0001
Pedestrian 1.00 1.00 0 0 0 0 0 0 0 0 -1000.00 -1000.00 -1000.00 -1000.00 1.9158 0.4880 0.3843 -93.8816 1.9551 1.6613 -0.7821 0.0006 -0.0000 332 pedestrian_0017
Pedestrian 1.00 1.00 0 0 0 0 0 0 0 0 -1000.00 -1000.00 -1000.00 -1000.00 1.9158 0.4880 0.5166 -73.3494 1.9035 -79.2725 0.1581 0.0006 -0.0000 333 pedestrian_0023
Pedestrian 1.00 1.00 0 0 0 0 0 0 0 0 -1000.00 -1000.00 -1000.00 -1000.00 1.3390 0.3253 0.3743 -95.1188 1.9842 62.2952 -1.5289 0.0006 -0.0000 334 pedestrian_0013
Pedestrian 1.00 1.00 0 0 0 0 0 0 0 0 -1000.00 -1000.00 -1000.00 -1000.00 1.9158 0.4880 0.7144 -110.4487 1.7784 -226.7061 0.0402 0.0006 -0.0000 335 pedestrian_0019
Pedestrian 1.00 1.00 129 139 213 4136 0 0 27 0 -1000.00 -1000.00 -1000.00 -1000.00 1.9158 0.4880 0.6617 -5.6637 2.0543 9.1249 0.2846 0.0006 -0.0000 336 pedestrian_0017
Pedestrian 1.00 1.00 0 0 0 0 0 0 0 0 -1000.00 -1000.00 -1000.00 -1000.00 1.9158 0.4880 0.4985 -133.8509 1.7755 -286.1013 0.5887 0.0006 -0.0000 337 pedestrian_0025
Pedestrian 1.00 1.00 0 0 0 0 0 0 0 0 -1000.00 -1000.00 -1000.00 -1000.00 1.9158 0.4880 0.7507 138.3479 -8.2336 -271.0302 -2.6381 0.0006 -0.0000 338 pedestrian_0006
Pedestrian 1.00 1.00 0 0 0 0 0 0 0 0 -1000.00 -1000.00 -1000.00 -1000.00 1.1330 0.4333 0.6097 92.3958 -8.2349 -245.9669 -3.0739 0.0006 -0.0000 339 pedestrian_0011
Pedestrian 0.00 1.00 0 0 0 0 0 0 0 0 830.39 364.38 833.00 369.53 1.1330 0.4333 0.5500 123.7547 2.1054 26.1679 -1.3140 0.0006 -0.0000 340 pedestrian_0011
Pedestrian 0.00 1.00 0 0 0 0 0 0 0 0 1219.59 361.44 1220.85 365.03 1.3390 0.3253 0.3150 208.0793 1.8764 -99.4482 -1.5566 0.0006 -0.0000 341 pedestrian_0013
Pedestrian 1.00 1.00 0 0 0 0 0 0 0 0 -1000.00 -1000.00 -1000.00 -1000.00 1.9158 0.4880 0.5080 -74.3302 1.9047 -80.3995 -0.0530 0.0006 -0.0000 342 pedestrian_0007
Pedestrian 0.00 1.00 0 0 0 0 0 0 0 0 1514.52 359.97 1527.23 379.46 1.9158 0.4880 0.7507 55.9217 1.9134 -57.7794 -3.0983 0.0006 -0.0000 343 pedestrian_0021
Pedestrian 0.00 1.00 0 0 0 0 0 0 0 0 1051.67 334.35 1053.59 337.55 1.1330 0.4333 0.6148 200.4973 -8.0874 -35.5761 -1.5676 0.0006 -0.0000 344 pedestrian_0010
Pedestrian 1.00 1.00 27 34 69 580 0 0 20 0 -1000.00 -1000.00 -1000.00 -1000.00 1.9158 0.4880 0.5375 1.7083 2.0723 20.8972 -1.5750 0.0006 -0.0000 345 pedestrian_0021
Pedestrian 0.00 1.00 0 0 0 0 0 0 0 0 538.41 363.60 541.36 371.51 1.3390 0.3253 0.3067 95.3117 1.9533 69.2189 -2.7762 0.0006 -0.0000 346 pedestrian_0014
Pedestrian 1.00 1.00 0 0 0 0 0 0 0 0 -1000.00 -1000.00 -1000.00 -1000.00 1.9158 0.4880 0.5706 -71.6967 2.0664 -62.5778 -1.7015 0.0006 -0.0000 347 pedestrian_0023
Pedestrian 0.00 1.00 0 0 0 0 0 0 0 0 1308.69 359.98 1313.77 372.29 1.9158 0.4880 0.4922 87.5609 1.9130 -57.0710 3.0981 0.0006 -0.0000 348 pedestrian_0008
Pedestrian 1.00 1.00 0 0 0 0 0 0 0 0 -1000.00 -1000.00 -1000.00 -1000.00 1.9158 0.4880 0.7507 -273.9584 1.9680 14.0354 1.5316 0.0006 -0.0000 349 pedestrian_0006
Pedestrian 0.00 1.00 0 0 0 0 0 0 0 0 1517.62 359.54 1521.04 367.91 1.9158 0.4880 0.4157 128.2295 1.8100 -130.5990 -2.0309 0.0006 -0.0000 350 pedestrian_0022
Pedestrian 1.00 1.00 0 0 0 0 0 0 0 0 -1000.00 -1000.00 -1000.00 -1000.00 1.9158 0.4880 0.7507 68.8084 1.9957 -168.5274 -0.0420 0.0006 -0.0000 351 pedestrian_0023
Pedestrian 0.00 1.00 0 0 0 0 0 0 0 0 1805.99 359.62 1814.30 369.44 1.9158 0.4880 0.7429 109.5873 1.8421 -168.7409 3.1234 0.0006 -0.0000 352 pedestrian_0006
Pedestrian 1.00 1.00 0 0 0 0 0 0 0 0 -1000.00 -1000.00 -1000.00 -1000.00 1.9158 0.4880 0.7507 62.6219 1.8602 -141.9926 1.5640 0.0006 -0.0000 353 pedestrian_0024
Pedestrian 1.00 1.00 0 0 0 0 0 0 0 0 -1000.00 -1000.00 -1000.00 -1000.00 1.1330 0.4333 0.6667 -177.9712 2.0332 143.1392 0.1959 0.0006 -0.0000 354 pedestrian_0011
Pedestrian 0.00 1.00 0 0 0 0 0 0 0 0 890.50 360.20 893.36 369.76 1.9158 0.4880 0.6603 112.4971 1.9570 11.4468 3.1322 0.0006 -0.0000 355 pedestrian_0017
Pedestrian 0.00 1.00 0 0 0 0 0 0 0 0 1025.75 328.15 1027.05 332.73 1.3390 0.3253 0.3490 165.0254 -8.0755 -21.8875 -1.5824 0.0006 -0.0000 356 pedestrian_0012
Pedestrian 1.00 1.00 0 0 0 0 0 0 0 0 -1000.00 -1000.00 -1000.00 -1000.00 1.9158 0.4880 0.4546 -174.3146 1.7775 -284.1374 2.8849 0.0006 -0.0000 357 pedestrian_0020
Pedestrian 1.00 1.00 2 0 3 12 3 0 0 0 -1000.00 -1000.00 -1000.00 -1000.00 1.9158 0.4880 0.3754 4.7052 1.8448 -81.6699 1.7098 0.0006 -0.0000 358 pedestrian_0017
Pedestrian 1.00 1.00 32 33 51 5703 0 8 14 0 -1000.00 -1000.00 -1000.00 -1000.00 1.9158 0.4880 0.4852 -17.6171 1.9584 11.0852 2.4413 0.0006 -0.0000 359 pedestrian_0025
Pedestrian 1.00 1.00 0 0 0 0 0 0 0 0 -1000.00 -1000.00 -1000.00 -1000.00 1.3390 0.3253 0.5005 -269.2574 1.8467 -170.5627 -1.6489 0.0006 -0.0000 360 pedestrian_0013
Pedestrian 1.00 1.00 0 0 0 0 0 0 0 0 -1000.00 -1000.00 -1000.00 -1000.00 1.3390 0.3253 0.3930 -191.2900 1.7745 -279.5097 -0.4450 0.0006 -0.0000 361 pedestrian_0013
Pedestrian 0.00 1.00 0 0 0 0 0 0 0 0 759.01 363.77 761.78 371.95 1.3390 0.3253 0.4273 92.1389 1.9596 30.5683 -3.0634 0.0006 -0.0000 362 pedestrian_0013
Pedestrian 1.00 1.00 0 0 0 1 0 0 0 0 -1000.00 -1000.00 -1000.00 -1000.00 1.1330 0.4333 0.6667 7.7517 1.7958 -143.1000 1.6235 0.0006 -0.0000 363 pedestrian_0011
Pedestrian 1.00 1.00 0 0 0 0 0 0 0 0 -1000.00 -1000.00 -1000.00 -1000.00 1.3390 0.3253 0.4143 -2.5867 1.9377 -169.5711 -0.1082 0.0006 -0.0000 364 pedestrian_0012
Pedestrian 0.00 1.00 0 0 0 0 0 0 0 0 820.79 360.74 823.56 369.32 1.9158 0.4880 0.5226 125.1359 2.0812 28.6187 -1.5025 0.0006 -0.0000 365 pedestrian_0023
Pedestrian 1.00 1.00 0 0 0 0 0 0 0 0 -1000.00 -1000.00 -1000.00 -1000.00 1.9158 0.4880 0.5574 -172.2612 1.9682 72.2895 0.3232 0.0006 -0.0000 366 pedestrian_0005
Pedestrian 1.00 1.00 0 0 0 0 0 0 0 0 -1000.00 -1000.00 -1000.00 -1000.00 1.9158 0.4880 0.5933 -190.2396 1.8062 -185.9702 2.2665 0.0006 -0.0000 367 pedestrian_0021
Pedestrian 1.00 1.00 0 0 0 0 0 0 0 0 -1000.00 -1000.00 -1000.00 -1000.00 1.1330 0.4333 0.3996 -178.0346 1.8938 -63.1126 0.0855 0.0006 -0.0000 368 pedestrian_0010
Pedestrian 1.00 1.00 0 0 0 0 0 0 0 0 -1000.00 -1000.00 -1000.00 -1000.00 1.9158 0.4880 0.7507 -73.8997 1.8830 -114.1862 -1.5613 0.0006 -0.0000 369 pedestrian_0020
Pedestrian 1.00 1.00 0 0 0 1 0 0 0 0 -1000.00 -1000.00 -1000.00 -1000.00 1.3390 0.3253 0.4347 13.8539 1.8933 -77.0527 0.0150 0.0006 -0.0000 370 pedestrian_0012
Pedestrian 0.00 1.00 0 0 0 0 0 0 0 0 675.45 360.39 681.80 373.53 1.9158 0.4880 0.6752 82.2367 1.9738 38.9813 -1.8355 0.0006 -0.0000 371 pedestrian_0015
Pedestrian 1.00 1.00 0 0 0 0 0 0 0 0 -1000.00 -1000.00 -1000.00 -1000.00 1.9158 0.4880 0.7507 61.2303 1.8794 -111.5515 1.6038 0.0006 -0.0000 372 pedestrian_0007
Pedestrian 1.00 1.00 0 0 0 0 0 0 0 0 -1000.00 -1000.00 -1000.00 -1000.00 1.9158 0.4880 0.6500 -272.1504 1.9025 -93.3396 1.5648 0.0006 -0.0000 373 pedestrian_0008
Pedestrian 0.00 1.00 0 0 0 0 0 0 0 0 1137.61 359.79 1140.49 367.19 1.9158 0.4880 0.5995 144.7867 1.8612 -48.6788 -1.6135 0.0006 -0.0000 374 pedestrian_0020
Pedestrian 1.00 1.00 0 0 0 0 0 0 0 0 -1000.00 -1000.00 -1000.00 -1000.00 1.9158 0.4880 0.5230 -86.6155 1.9986 -170.8576 0.3859 0.0006 -0.0000 375 pedestrian_0015
Pedestrian 1.00 1.00 0 0 0 0 0 0 0 0 -1000.00 -1000.00 -1000.00 -1000.00 1.3390 0.3253 0.3232 -93.9971 1.8974 -80.1365 -0.1201 0.0006 -0.0000 376 pedestrian_0012
Pedestrian 1.00 1.00 0 0 0 0 0 0 0 0 -1000.00 -1000.00 -1000.00 -1000.00 1.9158 0.4880 0.4433 89.5891 1.8359 -171.6467 1.4113 0.0006 -0.0000 377 pedestrian_0017
Pedestrian 0.00 1.00 0 0 0 0 0 0 0 0 1398.35 360.92 1405.83 373.47 1.9158 0.4880 0.7507 85.9809 2.0573 -69.9948 1.4597 0.0006 -0.0000 378 pedestrian_0025
Pedestrian 0.00 1.00 0 0 0 0 0 0 0 0 682.89 367.48 688.82 376.30 1.1330 0.4333 0.6667 73.1610 2.1114 33.4328 3.1252 0.0006 -0.0000 379 pedestrian_0009
Pedestrian 1.00 1.00 0 0 0 0 0 0 0 0 -1000.00 -1000.00 -1000.00 -1000.00 1.9158 0.4880 0.6230 73.9688 1.9960 -167.7623 -3.1407 0.0006 -0.0000 380 pedestrian_0002
Pedestrian 1.00 1.00 0 0 0 0 0 0 0 0 -1000.00 -1000.00 -1000.00 -1000.00 1.3390 0.3253 0.3949 -146.5175 1.7673 -285.9663 -0.1721 0.0006 -0.0000 381 pedestrian_0013
Pedestrian 0.00 1.00 0 0 0 0 0 0 0 0 1746.54 361.88 1750.81 367.80 1.3390 0.3253 0.5005 126.8668 1.7675 -181.2925 -1.5828 0.0006 -0.0000 382 pedestrian_0012
Pedestrian 0.00 1.00 0 0 0 0 0 0 0 0 216.89 368.92 229.75 381.07 1.1330 0.4333 0.6035 53.5579 1.9836 67.5662 -2.9946 0.0006 -0.0000 383 pedestrian_0010
Pedestrian 1.00 1.00 0 0 0 0 0 0 0 0 -1000.00 -1000.00 -1000.00 -1000.00 1.3390 0.3253 0.5005 -261.3681 1.8204 -210.2970 -1.1861 0.0006 -0.0000 384 pedestrian_0013
Pedestrian 0.00 1.00 0 0 0 0 0 0 0 0 702.08 362.04 712.12 381.79 1.9158 0.4880 0.7507 55.1143 2.1164 22.4331 -1.6072 0.0006 -0.0000 385 pedestrian_0015
Pedestrian 1.00 1.00 4 2 4 18 0 0 0 0 -1000.00 -1000.00 -1000.00 -1000.00 1.9158 0.4880 0.7507 -96.0903 2.1230 26.1101 -1.5948 0.0006 -0.0000 386 pedestrian_0018
Pedestrian 1.00 1.00 0 0 0 0 0 0 0 0 -1000.00 -1000.00 -1000.00 -1000.00 1.3390 0.3253 0.4751 -109.0206 1.7665 -285.9420 -0.0493 0.0006 -0.0000 387 pedestrian_0013
Pedestrian 0.00 1.00 0 0 0 0 0 0 0 0 1464.28 359.78 1468.45 366.48 1.9158 0.4880 0.7507 160.0703 1.8539 -147.5334 0.0869 0.0006 -0.0000 388 pedestrian_0022
Pedestrian 1.00 1.00 0 0 0 0 0 0 0 0 -1000.00 -1000.00 -1000.00 -1000.00 1.9158 0.4880 0.7507 -272.1167 1.9318 -43.4436 -1.5359 0.0006 -0.0000 389 pedestrian_0003
Pedestrian 1.00 1.00 0 0 0 0 0 0 0 0 -1000.00 -1000.00 -1000.00 -1000.00 1.9158 0.4880 0.7507 -109.7201 1.7753 -285.2482 0.0145 0.0006 -0.0000 390 pedestrian_0021
Pedestrian 1.00 1.00 11 8 13 635 0 0 1 0 -1000.00 -1000.00 -1000.00 -1000.00 1.9158 0.4880 0.7507 -36.4682 1.9709 29.2389 -3.1167 0.0006 -0.0000 391 pedestrian_0016
Pedestrian 1.00 1.00 0 0 0 0 0 0 0 0 -1000.00 -1000.00 -1000.00 -1000.00 1.9158 0.4880 0.4189 -186.3086 1.7803 -281.1150 -0.2308 0.0006 -0.0000 392 pedestrian_0005
Pedestrian 0.00 1.00 0 0 0 0 0 0 0 0 1682.65 324.01 1686.39 330.96 1.9158 0.4880 0.4774 156.9112 -8.1842 -206.0012 -2.0524 0.0006 -0.0000 393 pedestrian_0026
Pedestrian 0.00 1.00 0 0 0 0 0 0 0 0 1430.24 359.59 1435.32 367.93 1.9158 0.4880 0.7507 128.6755 1.8223 -111.1178 1.5609 0.0006 -0.0000 394 pedestrian_0022
Pedestrian 0.00 1.00 0 0 0 0 0 0 0 0 1370.82 328.80 1373.17 332.68 1.1330 0.4333 0.3821 166.0504 -8.1439 -124.9022 1.5386 0.0006 -0.0000 395 pedestrian_0010
Pedestrian 0.00 1.00 0 0 0 0 0 0 0 0 574.02 360.13 578.78 368.71 1.9158 0.4880 0.7507 125.2057 1.9451 83.6968 -0.5928 0.0006 -0.0000 396 pedestrian_0006
Pedestrian 1.00 1.00 0 0 0 0 0 0 0 0 -1000.00 -1000.00 -1000.00 -1000.00 1.3390 0.3253 0.2877 -73.2969 1.9361 -13.4751 -1.6964 0.0006 -0.0000 397 pedestrian_0012
Pedestrian 0.00 1.00 0 0 0 0 0 0 0 0 1502.06 362.91 1506.82 367.87 1.1330 0.4333 0.6667 128.1030 1.8009 -127.0579 -1.5667 0.0006 -0.0000 398 pedestrian_0010
Pedestrian 1.00 1.00 0 0 0 0 0 0 0 0 -1000.00 -1000.00 -1000.00 -1000.00 1.9158 0.4880 0.7507 -66.2250 1.9603 11.1590 3.0775 0.0006 -0.0000 399 pedestrian_0007
Pedestrian 0.00 1.00 0 0 0 0 0 0 0 0 742.84 332.25 744.95 337.84 1.9158 0.4880 0.6437 194.1915 -7.7371 73.0709 2.0341 0.0006 -0.0000 400 pedestrian_0001
Pedestrian 0.00 1.00 0 0 0 0 0 0 0 0 1190.39 360.51 1193.24 368.82 1.9158 0.4880 0.4341 129.1047 2.0351 -55.8045 3.0885 0.0006 -0.0000 401 pedestrian_0016
Pedestrian 1.00 1.00 0 0 0 0 0 0 0 0 -1000.00 -1000.00 -1000.00 -1000.00 1.9158 0.4880 0.7507 -271.0117 1.9081 -85.1056 1.6262 0.0006 -0.0000 402 pedestrian_0021
Pedestrian 1.00 1.00 2 2 5 28 2 0 0 0 -1000.00 -1000.00 -1000.00 -1000.00 1.9158 0.4880 0.6316 -11.1616 2.0134 -56.0316 -0.1794 0.0006 -0.0000 403 pedestrian_0006
Pedestrian 1.00 1.00 0 0 0 0 0 0 0 0 -1000.00 -1000.00 -1000.00 -1000.00 1.9158 0.4880 0.7507 -27.0662 1.8723 -56.1370 2.9889 0.0006 -0.0000 404 pedestrian_0023
Pedestrian 0.00 1.00 0 0 0 0 0 0 0 0 978.38 367.46 984.30 378.14 1.1330 0.4333 0.6098 60.3868 1.9354 -4.5244 -1.5554 0.0006 -0.0000 405 pedestrian_0011
Pedestrian 0.00 1.00 0 0 0 194 0 0 1 0 202.15 361.74 226.01 405.09 1.9158 0.4880 0.5457 25.8165 1.9702 31.0783 -3.0268 0.0006 -0.0000 406 pedestrian_0004
Pedestrian 1.00 1.00 0 0 0 0 0 0 0 0 -1000.00 -1000.00 -1000.00 -1000.00 1.9158 0.4880 0.4959 85.2367 1.8422 -169.5658 3.0709 0.0006 -0.0000 407 pedestrian_0026
Pedestrian 0.00 1.00 0 0 0 0 0 0 0 0 833.08 362.95 834.72 368.10 1.3390 0.3253 0.3767 145.6133 2.1101 30.6529 -1.4734 0.0006 -0.0000 408 pedestrian_0013
Pedestrian 1.00 1.00 0 0 0 0 0 0 0 0 -1000.00 -1000.00 -1000.00 -1000.00 1.1330 0.4333 0.5381 -115.3708 1.8493 -149.1596 -0.3196 0.0006 -0.0000 409 pedestrian_0010
Pedestrian 0.00 1.00 0 0 0 0 0 0 0 0 567.98 360.47 571.40 369.17 1.9158 0.4880 0.5161 123.4350 2.0197 83.9539 -0.7156 0.0006 -0.0000 410 pedestrian_0020
Pedestrian 1.00 1.00 0 0 0 0 0 0 0 0 -1000.00 -1000.00 -1000.00 -1000.00 1.9158 0.4880 0.7276 -73.8301 2.0614 -70.5557 -1.5953 0.0006 -0.0000 411 pedestrian_0025
Pedestrian 0.00 1.00 0 0 0 0 0 0 0 0 884.29 368.51 888.63 378.75 1.1330 0.4333 0.6305 63.2910 2.0944 6.0188 0.0521 0.0006 -0.0000 412 pedestrian_0010
Pedestrian 1.00 1.00 0 0 0 0 0 0 0 0 -1000.00 -1000.00 -1000.00 -1000.00 1.9158 0.4880 0.7507 62.7968 1.8774 -114.5849 -1.6202 0.0006 -0.0000 413 pedestrian_0015
Pedestrian 0.00 1.00 0 0 0 0 0 0 0 0 1796.34 366.69 1808.25 376.99 1.1330 0.4333 0.6667 62.5312 1.8780 -95.6939 -1.5627 0.0006 -0.0000 414 pedestrian_0011
Pedestrian 0.00 1.00 0 0 0 0 0 0 0 0 1658.53 359.86 1669.26 378.03 1.9158 0.4880 0.5106 59.7471 1.9013 -76.8021 -3.1300 0.0006 -0.0000 415 pedestrian_0025
Pedestrian 0.00 1.00 0 0 0 0 0 0 0 0 1402.21 328.83 1405.56 332.70 1.1330 0.4333 0.6527 166.3024 -8.1503 -134.5980 1.5856 0.0006 -0.0000 416 pedestrian_0009
Pedestrian 0.00 1.00 0 0 0 0 0 0 0 0 446.20 317.66 451.78 327.03 1.9158 0.4880 0.7507 117.9684 -6.9834 105.5681 2.6294 0.0006 -0.0000 417 pedestrian_0026
Pedestrian 1.00 1.00 0 0 0 0 0 0 0 0 -1000.00 -1000.00 -1000.00 -1000.00 1.9158 0.4880 0.7507 -270.8032 1.9037 -90.4531 1.5679 0.0006 -0.0000 418 pedestrian_0019
Pedestrian 1.00 1.00 0 0 0 0 0 0 0 0 -1000.00 -1000.00 -1000.00 -1000.00 1.9158 0.4880 0.7489 -94.4972 1.9286 -43.0445 -1.4091 0.0006 -0.0000 419 pedestrian_0018
Pedestrian 1.00 1.00 0 0 0 0 0 0 0 0 -1000.00 -1000.00 -1000.00 -1000.00 1.9158 0.4880 0.5849 -184.5862 1.7800 -281.7201 -0.2190 0.0006 -0.0000 420 pedestrian_0026
Pedestrian 0.00 1.00 0 0 0 0 0 0 0 0 1426.96 359.61 1431.40 366.92 1.9158 0.4880 0.7507 146.5542 1.8128 -125.4227 1.5768 0.0006 -0.0000 421 pedestrian_0005
Pedestrian 0.00 1.00 0 0 0 0 0 0 0 0 700.73 362.01 710.23 381.46 1.9158 0.4880 0.7507 55.9993 2.1167 22.9972 -1.4156 0.0006 -0.0000 422 pedestrian_0021
Pedestrian 1.00 1.00 0 0 0 0 0 0 0 0 -1000.00 -1000.00 -1000.00 -1000.00 1.9158 0.4880 0.6598 70.4681 1.9951 -169.3690 -0.0773 0.0006 -0.0000 423 pedestrian_0025
Pedestrian 0.00 1.00 0 0 0 0 0 0 0 0 1449.63 359.58 1453.57 368.06 1.9158 0.4880 0.4571 126.4357 1.8209 -113.4655 1.5699 0.0006 -0.0000 424 pedestrian_0008
Pedestrian 1.00 1.00 15 9 19 246 0 0 3 0 -1000.00 -1000.00 -1000.00 -1000.00 1.9158 0.4880 0.4507 15.5573 1.9700 33.5275 -1.0981 0.0006 -0.0000 425 pedestrian_0018
Pedestrian 1.00 1.00 0 0 0 0 0 0 0 0 -1000.00 -1000.00 -1000.00 -1000.00 1.9158 0.4880 0.7507 -34.7210 1.8403 -121.6853 3.1169 0.0006 -0.0000 426 pedestrian_0020
Pedestrian 1.00 1.00 0 0 0 0 0 0 0 0 -1000.00 -1000.00 -1000.00 -1000.00 1.3390 0.3253 0.5005 53.1695 1.8355 -168.3114 -3.1104 0.0006 -0.0000 427 pedestrian_0012
Pedestrian 0.00 1.00 0 0 0 0 0 0 0 0 1288.57 363.07 1291.66 368.07 1.1330 0.4333 0.4201 127.2800 1.8346 -77.4313 -1.3361 0.0006 -0.0000 428 pedestrian_0011
Pedestrian 1.00 1.00 0 0 0 0 0 0 0 0 -1000.00 -1000.00 -1000.00 -1000.00 1.9158 0.4880 0.5486 -94.4500 1.8131 -211.8164 1.6100 0.0006 -0.0000 429 pedestrian_0006
Pedestrian 0.00 1.00 0 0 0 0 0 0 0 0 787.84 361.30 792.60 373.78 1.9158 0.4880 0.6162 86.4328 2.1164 23.9168 -1.4728 0.0006 -0.0000 430 pedestrian_0021
Pedestrian 1.00 1.00 86 100 156 1072 0 0 39 0 -1000.00 -1000.00 -1000.00 -1000.00 1.9158 0.4880 0.7507 -1.2168 2.0553 11.0174 0.8881 0.0006 -0.0000 431 pedestrian_0026
Pedestrian 0.00 1.00 0 0 0 0 0 0 0 0 703.75 325.74 705.94 332.70 1.9158 0.4880 0.5187 156.2378 -7.6589 69.2067 1.9231 0.0006 -0.0000 432 pedestrian_0026
Pedestrian 1.00 1.00 0 0 0 0 0 0 0 0 -1000.00 -1000.00 -1000.00 -1000.00 1.9158 0.4880 0.4886 -73.2654 2.0603 -72.4031 -1.5090 0.0006 -0.0000 433 pedestrian_0002
Pedestrian 0.00 1.00 0 0 0 0 0 0 0 0 1724.59 359.66 1731.70 368.58 1.9158 0.4880 0.7507 120.4275 1.8424 -167.7047 0.0354 0.0006 -0.0000 434 pedestrian_0001
Pedestrian 1.00 1.00 0 0 0 0 0 0 0 0 -1000.00 -1000.00 -1000.00 -1000.00 1.9158 0.4880 0.7507 55.6784 -8.2535 -283.4168 0.0252 0.0006 -0.0000 435 pedestrian_0022
Pedestrian 0.00 1.00 0 0 0 0 0 0 0 0 395.12 360.71 405.24 379.87 1.9158 0.4880 0.5229 56.7236 1.9875 54.0050 -1.5577 0.0006 -0.0000 436 pedestrian_0005
Pedestrian 0.00 1.00 0 0 0 0 0 0 0 0 1118.27 361.66 1119.67 365.63 1.3390 0.3253 0.5005 188.5418 1.9024 -56.0199 -3.1352 0.0006 -0.0000 437 pedestrian_0013
Pedestrian 1.00 1.00 0 0 0 0 0 0 0 0 -1000.00 -1000.00 -1000.00 -1000.00 1.1330 0.4333 0.5504 -136.3513 1.7639 -285.7844 3.1164 0.0006 -0.0000 438 pedestrian_0011
Pedestrian 1.00 1.00 3 2 7 67 0 0 3 0 -1000.00 -1000.00 -1000.00 -1000.00 1.9158 0.4880 0.5417 14.1562 1.9360 62.1187 0.6560 0.0006 -0.0000 439 pedestrian_0006
Pedestrian 0.00 1.00 0 0 0 0 0 0 0 0 372.44 325.18 375.25 330.88 1.3390 0.3253 0.3718 133.7593 -6.9848 138.1232 -0.4006 0.0006 -0.0000 440 pedestrian_0014
Pedestrian 1.00 1.00 0 0 0 0 0 0 0 0 -1000.00 -1000.00 -1000.00 -1000.00 1.9158 0.4880 0.4991 -94.0257 2.1472 68.7167 -1.6347 0.0006 -0.0000 441 pedestrian_0025
Pedestrian 1.00 1.00 0 0 0 0 0 0 0 0 -1000.00 -1000.00 -1000.00 -1000.00 1.9158 0.4880 0.4931 -226.6054 2.0335 120.1663 0.6957 0.0006 -0.0000 442 pedestrian_0003
Pedestrian 0.00 1.00 0 0 0 0 0 0 0 0 1887.51 359.82 1909.57 384.02 1.9158 0.4880 0.7507 45.2889 1.9013 -77.1703 -0.0391 0.0006 -0.0000 443 pedestrian_0024
Pedestrian 1.00 1.00 0 0 0 5 0 0 0 0 -1000.00 -1000.00 -1000.00 -1000.00 1.9158 0.4880 0.4905 5.2621 1.9929 -154.7976 1.8480 0.0006 -0.0000 444 pedestrian_0007
Pedestrian 1.00 1.00 0 0 0 0 0 0 0 0 -1000.00 -1000.00 -1000.00 -1000.00 1.9158 0.4880 0.4025 -119.1097 1.9194 -60.3977 0.0491 0.0006 -0.0000 445 pedestrian_0023
Pedestrian 1.00 1.00 0 0 0 0 0 0 0 0 -1000.00 -1000.00 -1000.00 -1000.00 1.9158 0.4880 0.6431 -272.0610 1.9519 -11.4619 1.5697 0.0006 -0.0000 446 pedestrian_0026
Pedestrian 0.00 1.00 0 0 0 0 0 0 0 0 991.49 328.83 993.72 332.74 1.1330 0.4333 0.6304 164.9038 -8.0698 -11.8798 -1.5649 0.0006 -0.0000 447 pedestrian_0009
Pedestrian 1.00 1.00 0 0 0 0 0 0 0 0 -1000.00 -1000.00 -1000.00 -1000.00 1.9158 0.4880 0.6926 3.4831 -4.4471 -248.1184 -3.0229 0.0006 -0.0000 448 pedestrian_0015
Pedestrian 0.00 1.00 0 0 0 0 0 0 0 0 1215.03 359.94 1217.34 366.74 1.9158 0.4880 0.3940 157.5425 1.8999 -74.5800 3.0463 0.0006 -0.0000 449 pedestrian_0017
Pedestrian 1.00 1.00 0 0 1 3 1 0 0 0 -1000.00 -1000.00 -1000.00 -1000.00 1.9158 0.4880 0.6528 -0.6441 1.9412 -170.1491 0.1109 0.0006 -0.0000 450 pedestrian_0023
Pedestrian 1.00 1.00 0 0 0 0 0 0 0 0 -1000.00 -1000.00 -1000.00 -1000.00 1.9158 0.4880 0.7507 -56.8814 1.9067 -78.6594 0.0112 0.0006 -0.0000 451 pedestrian_0001
Pedestrian 1.00 1.00 0 0 0 0 0 0 0 0 -1000.00 -1000.00 -1000.00 -1000.00 1.9158 0.4880 0.7462 -95.3487 1.9987 80.9865 -1.6560 0.0006 -0.0000 452 pedestrian_0017
Pedestrian 0.00 1.00 0 0 0 0 0 0 0 0 1248.75 364.09 1252.70 370.17 1.1330 0.4333 0.6055 104.9380 1.9013 -56.7395 3.1131 0.0006 -0.0000 453 pedestrian_0011
Pedestrian 1.00 1.00 0 0 0 0 0 0 0 0 -1000.00 -1000.00 -1000.00 -1000.00 1.9158 0.4880 0.6776 -269.1407 1.8535 -171.5798 1.7611 0.0006 -0.0000 454 pedestrian_0018
Pedestrian 1.00 1.00 0 0 0 0 0 0 0 0 -1000.00 -1000.00 -1000.00 -1000.00 1.9158 0.4880 0.6769 89.0415 1.9187 -201.7640 -1.3334 0.0006 -0.0000 455 pedestrian_0021
Pedestrian 0.00 1.00 0 0 0 0 0 0 0 0 980.91 360.06 982.36 365.21 1.9158 0.4880 0.5028 207.4174 1.9393 -10.2953 -1.5336 0.0006 -0.0000 456 pedestrian_0007
Pedestrian 0.00 1.00 3 3 4 0 0 0 0 0 654.47 361.75 660.95 378.13 1.9158 0.4880 0.7507 66.3435 2.1229 33.3763 -2.9101 0.0006 -0.0000 457 pedestrian_0021
Pedestrian 0.00 1.00 0 0 0 0 0 0 0 0 932.79 326.15 935.41 332.75 1.9158 0.4880 0.7507 164.1627 -8.0334 5.3804 1.5784 0.0006 -0.0000 458 pedestrian_0019
Pedestrian 1.00 1.00 0 0 0 0 0 0 0 0 -1000.00 -1000.00 -1000.00 -1000.00 1.1330 0.4333 0.5349 -185.9652 2.0339 140.6869 -2.8865 0.0006 -0.0000 459 pedestrian_0009
Pedestrian 1.00 1.00 0 0 0 0 0 0 0 0 -1000.00 -1000.00 -1000.00 -1000.00 1.9158 0.4880 0.6540 -157.0188 2.0471 144.9203 -3.0925 0.0006 -0.0000 460 pedestrian_0004
Pedestrian 1.00 1.00 0 0 0 0 0 0 0 0 -1000.00 -1000.00 -1000.00 -1000.00 1.3390 0.3253 0.4289 -92.7712 1.8725 -116.0749 1.4872 0.0006 -0.0000 461 pedestrian_0012
Pedestrian 1.00 1.00 0 0 0 0 0 0 0 0 -1000.00 -1000.00 -1000.00 -1000.00 1.9158 0.4880 0.6073 -163.1868 1.8806 -119.7416 1.6720 0.0006 -0.0000 462 pedestrian_0006
Pedestrian 0.00 1.00 0 0 0 0 0 0 0 0 1643.03 366.98 1651.71 377.59 1.1330 0.4333 0.4637 60.8791 1.8901 -76.4552 2.6842 0.0006 -0.0000 463 pedestrian_0009
Pedestrian 1.00 1.00 0 0 0 0 0 0 0 0 -1000.00 -1000.00 -1000.00 -1000.00 1.3390 0.3253 0.5005 -159.4457 2.0486 -81.5257 -0.0741 0.0006 -0.0000 464 pedestrian_0014
Pedestrian 1.00 1.00 0 0 0 0 0 0 0 0 -1000.00 -1000.00 -1000.00 -1000.00 1.1330 0.4333 0.6667 -94.4189 2.1080 20.5801 -1.5150 0.0006 -0.0000 465 pedestrian_0010
Pedestrian 1.00 1.00 0 0 0 0 0 0 0 0 -1000.00 -1000.00 -1000.00 -1000.00 1.9158 0.4880 0.7460 -92.7363 1.8893 -102.7636 1.5451 0.0006 -0.0000 466 pedestrian_0017
Pedestrian 0.00 0.36 0 0 0 226 0 0 0 0 192.85 366.64 249.74 473.86 1.9158 0.4880 0.5032 10.4902 1.9576 10.3973 2.9255 0.0006 -0.0000 467 pedestrian_0004
Pedestrian 0.00 1.00 0 0 0 0 0 0 0 0 783.72 360.26 787.17 369.98 1.9158 0.4880 0.5951 110.6044 1.9682 32.2655 3.1326 0.0006 -0.0000 468 pedestrian_0021
Pedestrian 1.00 1.00 3 2 4 29 0 0 0 0 -1000.00 -1000.00 -1000.00 -1000.00 1.3390 0.3253 0.4415 4.0404 1.8541 -52.8971 1.3703 0.0006 -0.0000 469 pedestrian_0013
Pedestrian 0.00 1.00 0 0 0 0 0 0 0 0 1904.13 359.58 1913.59 370.53 1.9158 0.4880 0.6997 98.4108 1.8422 -168.9418 -3.0307 0.0006 -0.0000 470 pedestrian_0001
Pedestrian 1.00 1.00 1 5 7 38 3 0 0 0 -1000.00 -1000.00 -1000.00 -1000.00 1.9158 0.4880 0.7507 4.2134 1.8603 -57.4448 -0.0611 0.0006 -0.0000 471 pedestrian_0015
Pedestrian 1.00 1.00 0 0 0 0 0 0 0 0 -1000.00 -1000.00 -1000.00 -1000.00 1.9158 0.4880 0.7507 -196.0997 2.0437 137.7106 0.4065 0.0006 -0.0000 472 pedestrian_0024
Pedestrian 1.00 1.00 0 0 0 0 0 0 0 0 -1000.00 -1000.00 -1000.00 -1000.00 1.3390 0.3253 0.3063 -75.1569 1.8046 -225.9401 2.3415 0.0006 -0.0000 473 pedestrian_0013
Pedestrian 1.00 1.00 0 0 0 0 0 0 0 0 -1000.00 -1000.00 -1000.00 -1000.00 1.9158 0.4880 0.6891 -97.3193 1.7736 -286.8503 -0.0306 0.0006 -0.0000 474 pedestrian_0018
Pedestrian 1.00 1.00 0 0 0 0 0 0 0 0 -1000.00 -1000.00 -1000.00 -1000.00 1.3390 0.3253 0.4568 92.4715 1.8359 -169.0844 -3.0449 0.0006 -0.0000 475 pedestrian_0012
Pedestrian 1.00 1.00 0 0 0 1 0 0 0 0 -1000.00 -1000.00 -1000.00 -1000.00 1.9158 0.4880 0.6613 -94.0565 2.0221 106.6565 -1.5275 0.0006 -0.0000 476 pedestrian_0026
Pedestrian 1.00 1.00 0 0 0 0 0 0 0 0 -1000.00 -1000.00 -1000.00 -1000.00 1.9158 0.4880 0.5214 -99.5965 1.7745 -285.3845 0.1274 0.0006 -0.0000 477 pedestrian_0016
Pedestrian 0.00 1.00 0 0 0 0 0 0 0 0 1617.34 361.27 1629.11 378.90 1.9158 0.4880 0.7507 61.5806 2.0550 -74.6880 -1.4670 0.0006 -0.0000 478 pedestrian_0006
Pedestrian 1.00 1.00 0 0 0 0 0 0 0 0 -1000.00 -1000.00 -1000.00 -1000.00 1.9158 0.4880 0.5895 -95.5804 1.7742 -285.6499 -3.0774 0.0006 -0.0000 479 pedestrian_0001
Pedestrian 0.00 1.00 0 0 0 0 0 0 0 0 735.41 360.35 739.83 373.01 1.9158 0.4880 0.4714 85.1849 1.9688 31.5212 1.5585 0.0006 -0.0000 480 pedestrian_0021
Car 1.00 1.00 0 0 0 0 0 0 0 0 -1000.00 -1000.00 -1000.00 -1000.00 1.6980 1.9434 4.1871 17.7484 1.9015 -133.9440 -1.5561 0.0006 -0.0000 481 citroen_c3
Car 1.00 1.00 0 0 0 0 0 0 0 0 -1000.00 -1000.00 -1000.00 -1000.00 1.9718 2.0005 4.0595 18.3625 1.8740 -122.8929 -1.5561 0.0006 -0.0000 482 jeep_wrangler_rubicon
Car 1.00 1.00 0 0 0 0 0 0 0 0 -1000.00 -1000.00 -1000.00 -1000.00 1.9718 2.0005 4.0595 48.8638 1.9018 -132.8904 1.5855 0.0006 -0.0000 483 jeep_wrangler_rubicon
Car 1.00 1.00 0 0 0 0 0 0 0 0 -1000.00 -1000.00 -1000.00 -1000.00 1.9718 2.0005 4.0595 15.4217 1.8740 -122.9362 -1.5561 0.0006 -0.0000 484 jeep_wrangler_rubicon
Car 1.00 1.00 0 0 0 0 0 0 0 0 -1000.00 -1000.00 -1000.00 -1000.00 1.9718 2.0005 4.0595 -62.8234 1.9260 -111.0517 0.0147 0.0006 -0.0000 485 nissan_patrol
Car 1.00 1.00 0 0 0 0 0 0 0 0 -1000.00 -1000.00 -1000.00 -1000.00 1.5488 2.0688 3.9961 -62.7950 1.9519 -113.9470 -3.1269 0.0006 -0.0000 486 nissan_patrol
Car 1.00 1.00 0 0 0 0 0 0 0 0 -1000.00 -1000.00 -1000.00 -1000.00 1.4855 2.1349 -5.6254 -56.6499 1.9262 -94.0587 -3.1269 0.0006 -0.0000 487 nissan_patrol
Car 1.00 1.00 0 0 0 0 0 0 0 0 -1000.00 -1000.00 -1000.00 -1000.00 1.6244 1.8781 -3.8906 -56.4011 1.9017 -110.9563 0.0147 0.0006 -0.0000 488 nissan_patrol
Car 1.00 1.00 2 2 3 61 0 0 0 0 -1000.00 -1000.00 -1000.00 -1000.00 1.7506 2.3538 -4.8416 -39.2658 1.9963 -88.1852 0.0147 0.0006 -0.0000 489 nissan_patrol
Car 1.00 1.00 12 15 27 100 6 0 0 0 -1000.00 -1000.00 -1000.00 -1000.00 1.9718 2.0005 -4.0595 -39.0948 1.9307 -102.4820 -3.1269 0.0006 -0.0000 490 nissan_patrol
Car 1.00 1.00 0 0 0 0 0 0 0 0 -1000.00 -1000.00 -1000.00 -1000.00 1.9476 2.0282 4.8347 -63.1121 1.9253 -88.5356 -3.1269 0.0006 -0.0000 491 nissan_patrol
Car 1.00 1.00 0 0 0 0 0 0 0 0 -1000.00 -1000.00 -1000.00 -1000.00 1.9718 2.0005 4.0595 -63.1272 1.9384 -91.4303 -3.1269 0.0006 -0.0000 492 nissan_patrol
Car 1.00 1.00 0 0 0 0 0 0 0 0 -1000.00 -1000.00 -1000.00 -1000.00 1.6244 1.8781 3.8906 -45.6661 1.9139 -91.1747 0.0147 0.0006 -0.0000 493 nissan_patrol
Car 1.00 1.00 0 0 0 0 0 0 0 0 -1000.00 -1000.00 -1000.00 -1000.00 1.5488 2.0688 3.9961 -45.6249 1.9641 -93.8983 -3.1269 0.0006 -0.0000 494 nissan_patrol
Car 1.00 1.00 1 0 0 21 2 0 0 0 -1000.00 -1000.00 -1000.00 -1000.00 2.1397 2.1728 4.7017 -45.4738 1.9174 -102.5768 -3.1269 0.0006 -0.0000 495 nissan_patrol
Car 1.00 1.00 6 12 12 83 1 0 0 0 -1000.00 -1000.00 -1000.00 -1000.00 1.9476 2.0282 4.8347 -45.3051 1.9107 -110.7928 -3.1269 0.0006 -0.0000 496 nissan_patrol
Car 1.00 1.00 0 0 1 6 0 0 0 0 -1000.00 -1000.00 -1000.00 -1000.00 1.5100 1.8730 4.1000 -45.3298 1.9006 -113.6901 -3.1269 0.0006 -0.0000 497 nissan_patrol
Car 1.00 1.00 3 10 13 69 0 0 0 0 -1000.00 -1000.00 -1000.00 -1000.00 1.5488 2.0688 3.9961 -30.4460 1.9601 -99.4607 0.0147 0.0006 -0.0000 498 nissan_patrol
Car 1.00 1.00 0 0 0 2 0 0 0 0 -1000.00 -1000.00 -1000.00 -1000.00 1.5100 1.8730 4.1000 -30.4074 1.9073 -102.3555 0.0147 0.0006 -0.0000 499 nissan_patrol
Car 1.00 1.00 0 0 0 14 0 0 0 0 -1000.00 -1000.00 -1000.00 -1000.00 1.9476 2.0282 4.8347 -30.3205 1.9139 -105.0377 -3.1269 0.0006 -0.0000 500 nissan_patrol
Car 1.00 1.00 17 22 30 126 2 0 0 0 -1000.00 -1000.00 -1000.00 -1000.00 2.1397 2.1728 -4.7017 -24.2223 1.9260 -87.9638 -3.1269 0.0006 -0.0000 501 nissan_patrol
Car 1.00 1.00 6 4 7 30 0 0 0 0 -1000.00 -1000.00 -1000.00 -1000.00 1.9476 2.0282 -4.8347 -24.1130 1.9227 -90.8578 0.0147 0.0006 -0.0000 502 nissan_patrol
Car 1.00 1.00 9 15 29 77 3 0 0 0 -1000.00 -1000.00 -1000.00 -1000.00 1.6244 1.8781 -3.8906 -23.9358 1.9027 -107.8395 -3.1269 0.0006 -0.0000 503 nissan_patrol
Car 1.00 1.00 4 1 7 35 2 0 0 0 -1000.00 -1000.00 -1000.00 -1000.00 1.7506 2.3538 -4.8416 -23.9213 1.9818 -110.4787 -3.1269 0.0006 -0.0000 504 nissan_patrol
Car 1.00 1.00 0 0 0 0 0 0 0 0 -1000.00 -1000.00 -1000.00 -1000.00 1.9476 2.0282 4.8347 22.2360 1.8574 -134.5467 1.5855 0.0006 -0.0000 505 nissan_patrol
Car 1.00 1.00 0 0 0 0 0 0 0 0 -1000.00 -1000.00 -1000.00 -1000.00 1.5475 1.9070 4.4025 46.0593 1.8796 -132.5305 1.5855 0.0006 -0.0000 506 seat_leon
Car 1.00 1.00 0 0 0 0 0 0 0 0 -1000.00 -1000.00 -1000.00 -1000.00 2.5908 2.7453 5.4640 31.6265 1.9158 -134.3453 1.5855 0.0006 -0.0000 507 carlamotors_carlacola
Car 0.00 1.00 0 0 0 0 0 0 0 0 1617.14 356.77 1659.40 369.43 2.5908 2.7453 5.4640 115.9879 1.9294 -142.8641 -1.5561 0.0006 -0.0000 508 carlamotors_carlacola
Car 0.00 1.00 0 0 0 0 0 0 0 0 1597.76 356.86 1638.33 369.15 2.5908 2.7453 5.4640 119.4761 1.9293 -142.8128 -1.5561 0.0006 -0.0000 509 carlamotors_carlacola
Car 0.00 1.00 0 0 0 0 0 0 0 0 1492.13 356.14 1532.54 369.19 2.5908 2.7453 5.4640 113.9363 1.8251 -114.6523 -3.1269 0.0006 -0.0000 510 carlamotors_carlacola
Car 1.00 1.00 0 0 0 0 0 0 0 0 -1000.00 -1000.00 -1000.00 -1000.00 2.5908 2.7453 5.4640 27.3161 1.9158 -134.4087 1.5855 0.0006 -0.0000 511 carlamotors_carlacola
Car 0.00 1.00 0 0 0 0 0 0 0 0 1148.44 357.69 1226.09 382.08 2.2031 2.5091 6.5872 53.8082 1.9958 -23.8444 1.0619 0.0006 -0.0000 512 tesla_cybertruck