Car 1.00 1.00 0 0 0 0 0 0 0 0 -1000.00 -1000.00 -1000.00 -1000.00 1.5542 2.3421 5.1370 -106.8833 2.1320 -275.7904 -0.1593 0.0088 0.0002 0 lincoln2020_mkz2020
Car 1.00 1.00 6687 237726 380217 0 0 0 0 0 -1000.00 -1000.00 -1000.00 -1000.00 2.1397 2.1728 4.7045 -0.0005 2.0932 -2.2389 1.5708 0.0000 0.0000 1 volkswagen_t2
Motorcycle 1.00 1.00 0 0 0 0 0 0 0 0 -1000.00 -1000.00 -1000.00 -1000.00 1.6960 1.0692 2.4735 -89.6284 2.1237 -245.7685 -1.5831 0.0038 0.0000 2 harley_davidson_low_rider
Motorcycle 1.00 1.00 0 0 0 0 0 0 0 0 -1000.00 -1000.00 -1000.00 -1000.00 1.6960 1.0692 2.4735 -227.9147 2.1240 -251.2168 -0.7542 0.0058 -0.0005 3 harley_davidson_low_rider
Car 0.00 1.00 0 0 0 0 0 0 0 0 1221.96 362.22 1243.35 369.81 1.6320 2.1403 5.2230 125.2178 2.1460 -63.2761 -3.1233 -0.0037 -0.0004 4 dodge_charger_police
Car 1.00 1.00 0 0 0 0 0 0 0 0 -1000.00 -1000.00 -1000.00 -1000.00 1.5542 2.3421 5.1370 -237.7892 2.1344 -207.4921 1.8966 -0.0015 -0.0068 5 lincoln2020_mkz2020
Car 0.00 1.00 0 0 0 0 0 0 0 0 8.84 301.76 76.73 315.44 1.4546 2.0938 4.3903 77.4509 -6.3315 124.0903 0.0136 -0.0108 -0.0000 6 audi_tt
Car 1.00 1.00 0 0 0 0 0 0 0 0 -1000.00 -1000.00 -1000.00 -1000.00 1.4477 1.5550 2.3177 -23.3804 2.1404 -163.4139 0.0035 -0.0131 0.0000 7 bmw_isetta
Car 0.00 1.00 0 0 0 0 0 0 0 0 290.60 315.25 336.53 326.38 1.7173 2.2591 5.2781 107.6432 -6.6561 122.0258 -0.2214 -0.0189 -0.0060 8 mercedes_benz_coupe
Car 1.00 1.00 482 529 855 14444 0 14 90 0 -1000.00 -1000.00 -1000.00 -1000.00 1.4812 2.1349 5.6254 -10.8618 2.1162 18.1676 0.4126 0.0019 0.0006 9 chevrolet_impala
Car 0.00 1.00 0 0 0 0 0 0 0 0 776.27 361.94 801.02 368.81 1.6115 2.2019 5.2564 133.2730 2.0808 38.6142 -1.5250 -0.0001 0.0006 10 charger2020_charger2020
Car 0.00 1.00 0 0 0 0 0 0 0 0 1536.43 359.52 1575.29 368.94 2.2031 2.5091 6.5872 132.4960 2.0950 -143.5286 -1.5555 0.0014 0.0000 11 tesla_cybertruck
Car 1.00 1.00 0 0 0 0 0 0 0 0 -1000.00 -1000.00 -1000.00 -1000.00 1.5140 2.1024 4.9073 -80.9262 2.1345 -97.9291 1.5237 0.0001 -0.0000 12 mercedesccc_mercedesccc
Car 0.00 1.00 0 0 0 0 0 0 0 0 1499.73 361.60 1521.83 367.89 1.6980 1.9434 4.1871 153.8147 2.1443 -154.0202 3.1371 -0.0000 0.0000 13 citroen_c3
Car 0.00 1.00 0 0 0 0 0 0 0 0 1318.31 363.92 1355.13 373.50 1.4812 2.1349 5.6254 91.8059 2.1426 -63.8432 -3.1242 -0.0000 0.0000 14 chevrolet_impala
Car 0.00 1.00 0 0 0 0 0 0 0 0 1504.50 361.91 1535.36 368.91 1.6320 2.1403 5.2230 132.3571 2.0914 -134.8783 -1.5471 -0.0006 -0.0003 15 dodge_charger_police
Car 1.00 1.00 0 4 5 28 2 0 0 0 -1000.00 -1000.00 -1000.00 -1000.00 1.5863 2.2347 5.1468 -11.3353 2.1287 -166.7747 0.0132 -0.0053 0.0005 16 lincoln_mkz2017
Car 1.00 1.00 0 0 0 0 0 0 0 0 -1000.00 -1000.00 -1000.00 -1000.00 1.7318 2.1344 5.0985 -133.7601 2.1513 118.0445 -0.0043 -0.0001 -0.0001 17 audi_etron
Car 1.00 1.00 0 0 0 0 0 0 0 0 -1000.00 -1000.00 -1000.00 -1000.00 1.7506 2.3538 4.8416 -21.2093 2.1318 -166.9123 0.0137 0.0002 -0.0000 18 bmw_grandtourer
Car 0.00 0.62 19 25 31 1416 0 0 0 1 594.19 364.60 637.37 378.55 1.5765 1.9374 3.8150 65.4803 2.1219 37.7450 -1.5705 0.0015 -0.0000 19 nissan_micra
Motorcycle 1.00 1.00 10 17 25 90 0 0 0 0 -1000.00 -1000.00 -1000.00 -1000.00 1.6960 1.0692 2.4735 -23.7440 2.1236 -76.3817 0.0172 0.0006 0.0000 20 harley_davidson_low_rider
Car 1.00 1.00 0 0 0 0 0 0 0 0 -1000.00 -1000.00 -1000.00 -1000.00 1.5765 1.9374 3.8150 -78.5048 2.1221 -186.6504 1.5594 0.0001 -0.0000 21 nissan_micra
Car 0.00 1.00 0 0 0 0 0 0 0 0 1240.02 361.70 1265.75 369.40 1.7203 2.2019 5.4994 128.5975 2.1201 -69.5895 0.2154 -0.0040 -0.0020 22 chargercop2020_chargercop2020
Car 1.00 1.00 40 36 69 291 8 0 0 0 -1000.00 -1000.00 -1000.00 -1000.00 1.5475 1.9070 4.4025 -14.6559 2.1240 -72.5762 0.0690 -0.0036 -0.0009 23 seat_leon
Car 1.00 1.00 0 0 0 0 0 0 0 0 -1000.00 -1000.00 -1000.00 -1000.00 1.3660 1.9896 4.9534 -85.7594 2.1337 -205.3480 -1.5634 0.0010 -0.0000 24 mustang_mustang
Cyclist 1.00 1.00 0 1 1 8 0 0 0 0 -1000.00 -1000.00 -1000.00 -1000.00 1.9709 0.6705 1.7250 -86.4260 2.1228 36.9333 -1.5561 0.0050 0.0000 25 diamondback_century
Cyclist 1.00 1.00 4 3 8 37 0 0 0 0 -1000.00 -1000.00 -1000.00 -1000.00 1.7065 0.8593 1.4873 -68.0863 2.0923 22.4120 -3.1401 -0.0000 0.0000 26 bh_crossbike
Car 1.00 1.00 0 0 0 0 0 0 0 0 -1000.00 -1000.00 -1000.00 -1000.00 2.1397 2.1728 4.7045 -64.0844 2.1485 -66.5987 -3.1230 0.0000 0.0000 27 volkswagen_t2
Car 1.00 1.00 0 0 0 0 0 0 0 0 -1000.00 -1000.00 -1000.00 -1000.00 1.9718 2.0005 4.0595 -90.5356 2.1400 86.6627 -1.5700 -0.0004 -0.0001 28 jeep_wrangler_rubicon
Car 0.00 0.38 11 12 22 140 0 0 0 3 774.41 365.74 813.06 383.41 1.5627 2.2716 5.0314 54.2396 2.1404 13.6319 0.0162 0.0000 -0.0000 29 tesla_model3
Car 1.00 1.00 0 0 0 0 0 0 0 0 -1000.00 -1000.00 -1000.00 -1000.00 1.4546 2.0938 4.3903 76.4099 2.1418 -182.3253 1.5792 0.0000 -0.0000 30 audi_tt
Car 0.00 1.00 0 0 0 0 0 0 0 0 1311.95 362.12 1333.45 368.44 1.5488 2.0688 3.9961 138.7054 2.0795 -92.3110 1.5876 0.0000 -0.0000 31 mini_cooperst
Car 0.00 1.00 0 0 0 0 0 0 0 0 952.67 364.04 989.66 376.62 1.6011 2.1072 4.7392 73.3979 2.1364 -3.6643 1.5950 -0.0000 -0.0000 32 toyota_prius
Car 1.00 1.00 0 0 0 0 0 0 0 0 -1000.00 -1000.00 -1000.00 -1000.00 2.1397 2.1728 4.7045 -156.7259 2.1487 -54.5363 -1.5227 0.0000 0.0000 33 volkswagen_t2
Car 1.00 1.00 0 0 0 0 0 0 0 0 -1000.00 -1000.00 -1000.00 -1000.00 1.6011 2.1072 4.7392 -83.8302 2.1369 97.3267 1.5858 -0.0004 -0.0000 34 toyota_prius
Car 0.00 1.00 0 0 0 0 0 0 0 0 1052.11 365.51 1091.08 375.73 1.3660 1.9896 4.9534 77.2352 2.1342 -17.5482 1.5744 -0.0000 -0.0000 35 mustang_mustang
Car 0.00 1.00 0 0 0 0 0 0 0 0 863.32 361.99 873.67 368.20 1.6011 2.1072 4.7392 147.8866 2.1364 21.9820 -3.1088 0.0000 0.0000 36 toyota_prius
Car 1.00 1.00 0 2 3 41 0 0 0 0 -1000.00 -1000.00 -1000.00 -1000.00 1.7506 2.3538 4.8416 -1.8145 2.0765 -91.7182 1.5920 0.0000 -0.0000 37 bmw_grandtourer
Car 0.00 1.00 0 0 0 0 0 0 0 0 1565.75 359.64 1605.16 368.70 2.2031 2.5091 6.5872 139.1838 2.1265 -158.0205 3.1090 0.0002 0.0030 38 tesla_cybertruck
Motorcycle 0.00 1.00 0 0 0 0 0 0 0 0 935.00 361.83 944.56 368.54 1.6387 1.2138 2.3199 137.2365 2.0900 2.7235 1.5854 -0.0000 0.0000 39 yamaha_yzf
Car 1.00 1.00 0 0 0 0 0 0 0 0 -1000.00 -1000.00 -1000.00 -1000.00 1.9476 2.0282 4.8347 -77.3439 2.1238 -92.1524 1.5597 -0.0004 0.0000 40 nissan_patrol
Car 1.00 1.00 0 0 0 6 0 0 0 0 -1000.00 -1000.00 -1000.00 -1000.00 1.6115 2.2019 5.2564 -1.5392 2.0807 -98.1079 1.6386 -0.0001 0.0006 41 charger2020_charger2020
Car 0.00 1.00 0 0 0 0 0 0 0 0 1839.97 362.85 1897.19 372.34 1.6115 2.2019 5.2564 99.8201 2.1359 -164.0312 -0.2204 -0.0003 0.0006 42 charger2020_charger2020
Motorcycle 0.00 1.00 0 0 0 0 0 0 0 0 486.12 362.06 504.37 371.82 1.6649 1.0692 2.4735 100.6063 2.0682 81.2134 3.0767 0.0033 -0.0218 43 harley_davidson_low_rider
Car 1.00 1.00 0 0 0 0 0 0 0 0 -1000.00 -1000.00 -1000.00 -1000.00 1.5542 2.3421 5.1370 -98.3107 2.1340 -274.1236 0.6396 0.0000 0.0000 44 lincoln2020_mkz2020
Motorcycle 0.00 1.00 0 0 0 0 0 0 0 0 1023.68 363.07 1042.85 375.62 1.6960 1.0692 2.4735 77.0886 2.1239 -12.2869 1.5874 0.0028 0.0000 45 harley_davidson_low_rider
Cyclist 1.00 1.00 0 0 0 0 0 0 0 0 -1000.00 -1000.00 -1000.00 -1000.00 1.9310 0.5921 1.9272 56.0768 2.1137 -162.3578 0.0139 -0.0028 -0.0000 46 gazelle_omafiets
Car 1.00 1.00 2907 3155 4997 208364 0 0 1626 0 -1000.00 -1000.00 -1000.00 -1000.00 1.7318 2.1344 5.0985 0.0226 2.0957 4.2206 1.5672 -0.0000 -0.0000 47 audi_etron
Car 0.00 1.00 0 0 0 0 0 0 0 0 918.47 360.46 940.07 368.97 1.9476 2.0282 4.8347 130.2800 2.0686 4.9439 -1.4120 -0.0011 -0.0047 48 nissan_patrol
Car 1.00 1.00 54 59 94 4743 0 3 3 0 -1000.00 -1000.00 -1000.00 -1000.00 1.7203 2.2019 5.4994 -22.9406 2.1389 16.0209 0.0578 -0.0015 0.0005 49 chargercop2020_chargercop2020
Car 1.00 1.00 0 0 0 0 0 0 0 0 -1000.00 -1000.00 -1000.00 -1000.00 1.6244 1.8781 3.8906 -154.4352 2.1330 -79.8094 1.9351 -0.0006 -0.0011 50 audi_a2
Car 1.00 1.00 0 0 0 0 0 0 0 0 -1000.00 -1000.00 -1000.00 -1000.00 1.5863 2.2347 5.1468 -36.0251 2.1365 -165.1721 -0.2781 0.0000 0.0000 51 lincoln_mkz2017
Cyclist 1.00 1.00 1 3 5 30 0 0 0 0 -1000.00 -1000.00 -1000.00 -1000.00 1.9709 0.6705 1.7250 -89.9068 2.1229 28.8408 -1.6323 0.0072 0.0011 52 diamondback_century
Cyclist 1.00 1.00 4 6 9 31 1 0 0 0 -1000.00 -1000.00 -1000.00 -1000.00 1.9311 0.5921 1.9272 -26.0446 2.1139 -72.9225 0.0182 -0.0032 0.0000 53 gazelle_omafiets
Car 0.00 1.00 0 0 0 0 0 0 0 0 1270.76 361.40 1296.68 368.37 1.7173 2.2591 5.2781 142.0839 2.0956 -84.5900 1.5864 -0.0071 -0.0002 54 mercedes_benz_coupe
Car 1.00 1.00 0 0 0 0 0 0 0 0 -1000.00 -1000.00 -1000.00 -1000.00 1.5542 2.3421 5.1370 60.8342 2.0788 -212.7511 0.1076 0.0003 -0.0005 55 lincoln2020_mkz2020
Car 1.00 1.00 0 0 0 0 0 0 0 0 -1000.00 -1000.00 -1000.00 -1000.00 1.7506 2.3538 4.8416 20.3895 2.1318 -159.2990 3.1295 -0.0000 -0.0000 56 bmw_grandtourer
Car 0.00 1.00 0 0 0 0 0 0 0 0 1611.56 365.03 1662.97 376.14 1.4546 2.0938 4.3903 75.6671 2.1420 -93.3887 1.5790 0.0000 -0.0000 57 audi_tt
Car 1.00 1.00 0 0 0 0 0 0 0 0 -1000.00 -1000.00 -1000.00 -1000.00 1.7173 2.2591 5.2781 -80.8491 2.1513 -91.5836 1.5609 -0.0071 -0.0002 58 mercedes_benz_coupe
Car 0.00 1.00 0 0 0 0 0 0 0 0 1730.93 366.24 1844.61 385.51 1.5542 2.3421 5.1370 49.9899 2.1342 -75.0928 0.0172 -0.0000 -0.0000 59 lincoln2020_mkz2020
Car 0.00 1.00 0 0 0 0 0 0 0 0 429.57 359.28 459.28 374.77 2.1397 2.1728 4.7045 80.5778 2.1134 71.7099 0.5445 -0.0170 -0.0338 60 volkswagen_t2
Car 0.00 1.00 0 0 0 1 0 0 0 0 812.13 361.34 834.15 368.71 1.7506 2.3538 4.8416 134.5554 2.0767 30.7020 -1.4850 0.0000 0.0001 61 bmw_grandtourer
Car 1.00 1.00 0 0 0 0 0 0 0 0 -1000.00 -1000.00 -1000.00 -1000.00 1.6320 2.1403 5.2230 96.5525 2.0933 -205.9409 -3.1406 -0.0043 0.0000 62 dodge_charger_police
Car 1.00 1.00 1 2 2 2 2 0 0 0 -1000.00 -1000.00 -1000.00 -1000.00 1.6980 1.9434 4.1871 2.0172 2.0891 -107.5599 1.5916 -0.0000 0.0000 63 citroen_c3
Car 1.00 1.00 0 0 0 0 0 0 0 0 -1000.00 -1000.00 -1000.00 -1000.00 1.4812 2.1349 5.6254 49.2743 2.1431 -162.4468 0.0144 -0.0010 -0.0000 64 chevrolet_impala
Car 1.00 1.00 438 491 793 38248 0 63 79 0 -1000.00 -1000.00 -1000.00 -1000.00 1.6115 2.2019 5.2564 -17.7907 2.1335 12.4109 -0.0089 -0.0011 0.0040 65 charger2020_charger2020
Car 0.00 1.00 0 0 0 0 0 0 0 0 872.38 363.59 887.29 370.41 1.3660 1.9896 4.9534 117.1937 2.1343 14.5289 -0.0926 -0.0000 -0.0000 66 mustang_mustang
Motorcycle 0.00 1.00 0 0 0 0 0 0 0 0 993.94 363.73 1010.30 375.44 1.5852 1.1236 2.1350 77.0046 2.0998 -8.0056 1.5944 -0.0000 -0.0000 67 kawasaki_ninja
Car 1.00 1.00 0 0 0 0 0 0 0 0 -1000.00 -1000.00 -1000.00 -1000.00 1.5488 2.0688 3.9961 -209.2458 2.0966 -15.0984 -1.5391 -0.0000 0.0000 68 mini_cooperst
Car 1.00 1.00 0 0 0 0 0 0 0 0 -1000.00 -1000.00 -1000.00 -1000.00 1.5542 2.3421 5.1370 -156.8787 2.1336 -71.3482 -1.5192 -0.0001 -0.0003 69 lincoln2020_mkz2020
Car 1.00 1.00 40 50 83 346 87 0 0 0 -1000.00 -1000.00 -1000.00 -1000.00 1.9718 2.0005 4.0595 -1.8998 2.1091 -65.4669 -3.1278 -0.0027 0.0001 70 jeep_wrangler_rubicon
Car 1.00 1.00 0 0 0 0 0 0 0 0 -1000.00 -1000.00 -1000.00 -1000.00 1.7506 2.3538 4.8416 -78.3709 2.1318 -180.7634 1.5592 0.0002 -0.0000 71 bmw_grandtourer
Car 0.00 1.00 0 0 0 0 0 0 0 0 1512.70 359.55 1550.11 368.69 2.2031 2.5091 6.5872 135.9617 2.0955 -141.3017 -1.5552 0.0000 -0.0000 72 tesla_cybertruck
Car 1.00 1.00 0 0 0 0 0 0 0 0 -1000.00 -1000.00 -1000.00 -1000.00 1.6244 1.8781 3.8906 -78.8546 2.1335 -1.3241 1.5864 -0.0005 -0.0011 73 audi_a2
Car 1.00 1.00 0 0 0 0 0 0 0 0 -1000.00 -1000.00 -1000.00 -1000.00 1.7203 2.2019 5.4994 72.5730 2.1386 -143.5855 -1.5388 0.0062 0.0010 74 chargercop2020_chargercop2020
Car 1.00 1.00 0 0 0 0 0 0 0 0 -1000.00 -1000.00 -1000.00 -1000.00 1.6320 2.1403 5.2230 -82.2921 2.1492 -4.8372 1.5861 -0.0043 0.0000 75 dodge_charger_police
Car 1.00 1.00 160 188 312 1857 0 24 0 0 -1000.00 -1000.00 -1000.00 -1000.00 1.5140 2.1024 4.9073 -24.8604 2.1346 12.4512 0.0407 0.0000 -0.0000 76 mercedesccc_mercedesccc
Car 1.00 1.00 0 0 0 0 0 0 0 0 -1000.00 -1000.00 -1000.00 -1000.00 1.6244 1.8781 3.8906 33.8641 2.0673 -212.3497 -0.1353 0.0198 0.0093 77 audi_a2
Car 1.00 1.00 0 0 0 0 0 0 0 0 -1000.00 -1000.00 -1000.00 -1000.00 1.6244 1.8781 3.8906 -52.6777 2.1333 -70.0375 -3.0918 -0.0005 -0.0011 78 audi_a2
Car 1.00 1.00 0 1 5 17 0 0 0 0 -1000.00 -1000.00 -1000.00 -1000.00 1.7203 2.2019 5.4994 9.8172 2.1330 -159.4905 -3.0721 -0.0038 0.0013 79 chargercop2020_chargercop2020
Car 1.00 1.00 0 0 0 0 0 0 0 0 -1000.00 -1000.00 -1000.00 -1000.00 2.1397 2.1728 4.7045 -160.2850 2.1274 -56.8294 -1.5523 0.0541 0.0011 80 volkswagen_t2
Car 1.00 1.00 0 0 0 0 0 0 0 0 -1000.00 -1000.00 -1000.00 -1000.00 1.3660 1.9896 4.9534 62.0309 2.1340 -165.9410 -0.0622 0.0000 -0.0002 81 mustang_mustang
Car 1.00 1.00 1 0 2 24 2 0 0 0 -1000.00 -1000.00 -1000.00 -1000.00 1.7203 2.2019 5.4994 1.9210 2.0833 -95.0061 1.6250 -0.0001 0.0007 82 chargercop2020_chargercop2020
Car 1.00 1.00 0 0 1 13 0 0 0 0 -1000.00 -1000.00 -1000.00 -1000.00 1.6244 1.8781 3.8906 -80.3399 2.1341 97.2763 1.5857 -0.0013 -0.0011 83 audi_a2
Car 0.00 1.00 0 0 0 0 0 0 0 0 1538.02 363.56 1579.90 375.34 1.6244 1.8781 3.8906 79.1068 2.1332 -86.5748 1.5799 -0.0005 -0.0011 84 audi_a2
Car 0.00 1.00 0 0 0 0 0 0 0 0 1478.27 362.64 1501.47 367.57 1.3660 1.9896 4.9534 159.7709 2.1339 -153.9404 3.1163 -0.0000 -0.0000 85 mustang_mustang
Car 1.00 1.00 0 0 0 0 0 0 0 0 -1000.00 -1000.00 -1000.00 -1000.00 1.6244 1.8781 3.8906 -86.1382 2.1341 -248.0698 -1.5821 -0.0027 -0.0010 86 audi_a2
Car 1.00 1.00 0 0 0 0 0 0 0 0 -1000.00 -1000.00 -1000.00 -1000.00 1.9718 2.0005 4.0595 -177.5985 2.1220 -75.9868 -0.0047 0.0025 -0.0004 87 jeep_wrangler_rubicon
Car 1.00 1.00 0 0 0 0 0 0 0 0 -1000.00 -1000.00 -1000.00 -1000.00 1.9718 2.0005 4.0595 -85.0811 2.1393 -258.9970 -1.3305 -0.0006 0.0019 88 jeep_wrangler_rubicon
Car 1.00 1.00 0 0 0 0 0 0 0 0 -1000.00 -1000.00 -1000.00 -1000.00 1.3660 1.9896 4.9534 -242.0349 2.1342 -140.8039 1.5842 -0.0001 -0.0001 89 mustang_mustang
Motorcycle 0.00 1.00 0 0 0 0 0 0 0 0 755.59 361.58 766.99 368.31 1.6649 1.0692 2.4735 140.0533 2.0683 47.5901 1.5891 0.0049 -0.0004 90 harley_davidson_low_rider
Car 1.00 1.00 0 0 0 0 0 0 0 0 -1000.00 -1000.00 -1000.00 -1000.00 1.5475 1.9070 4.4025 -84.6150 2.1358 111.9107 1.7267 -0.0005 0.0033 91 seat_leon
Motorcycle 0.00 1.00 0 0 0 0 0 0 0 0 991.17 361.82 1000.96 368.54 1.6387 1.2138 2.3199 137.3479 2.0900 -11.1055 1.5769 0.0018 0.0000 92 yamaha_yzf
Cyclist 1.00 1.00 0 0 0 0 0 0 0 0 -1000.00 -1000.00 -1000.00 -1000.00 1.9311 0.5921 1.9272 -91.4830 2.1134 75.5428 -1.8356 -0.0041 -0.0006 93 gazelle_omafiets
Car 1.00 1.00 0 0 0 0 0 0 0 0 -1000.00 -1000.00 -1000.00 -1000.00 1.5140 2.1024 4.9073 -151.9774 2.1342 -72.0431 -3.1054 -0.0000 -0.0000 94 mercedesccc_mercedesccc
Car 1.00 1.00 0 0 0 0 0 0 0 0 -1000.00 -1000.00 -1000.00 -1000.00 1.4546 2.0938 4.3903 64.2556 2.1154 -203.9336 -2.5545 -0.0084 -0.0056 95 audi_tt
Car 1.00 1.00 0 0 0 0 0 0 0 0 -1000.00 -1000.00 -1000.00 -1000.00 2.1397 2.1728 4.7045 -77.3716 2.1485 -98.4897 1.5772 0.0000 -0.0000 96 volkswagen_t2
Car 1.00 1.00 0 0 0 0 0 0 0 0 -1000.00 -1000.00 -1000.00 -1000.00 1.5140 2.1024 4.9073 -86.5125 2.1347 41.7699 -1.5555 0.0000 -0.0000 97 mercedesccc_mercedesccc
Car 0.00 1.00 0 0 0 0 0 0 0 0 936.44 362.39 958.93 368.35 1.4812 2.1349 5.6254 140.7697 2.0873 0.8577 1.5864 0.0000 -0.0000 98 chevrolet_impala
Car 0.00 1.00 0 0 0 0 0 0 0 0 466.36 364.00 507.43 376.08 1.5765 1.9374 3.8150 75.2690 2.1219 61.0864 1.5946 0.0015 -0.0000 99 nissan_micra
Motorcycle 0.00 1.00 0 0 0 0 0 0 0 0 1588.32 363.79 1613.76 375.72 1.5853 1.1236 2.1350 75.6261 2.0997 -88.4987 1.5786 -0.0000 -0.0000 100 kawasaki_ninja
Car 1.00 1.00 0 0 0 0 0 0 0 0 -1000.00 -1000.00 -1000.00 -1000.00 1.9476 2.0282 4.8347 -254.1516 2.1242 -176.3699 -1.5032 -0.0022 0.0110 101 nissan_patrol
Car 1.00 1.00 0 0 0 0 0 0 0 0 -1000.00 -1000.00 -1000.00 -1000.00 2.1397 2.1728 4.7045 -78.7875 2.1487 -7.1448 1.5841 0.0000 -0.0000 102 volkswagen_t2
Car 1.00 1.00 0 0 0 0 0 0 0 0 -1000.00 -1000.00 -1000.00 -1000.00 1.3660 1.9896 4.9534 -98.6716 2.0982 68.4114 -0.0544 0.0015 -0.0015 103 mustang_mustang
Car 0.00 0.52 2 0 0 90 0 0 0 0 723.94 366.04 769.48 384.71 1.5627 2.2716 5.0314 51.5637 2.1404 17.1004 0.0134 -0.0001 -0.0000 104 tesla_model3
Car 0.00 1.00 0 0 0 0 0 0 0 0 1227.66 362.36 1249.21 369.30 1.5542 2.3421 5.1370 129.4739 2.1116 -66.7146 -3.1236 0.0008 0.0006 105 lincoln2020_mkz2020
Car 0.00 1.00 0 0 0 0 0 0 0 0 1790.59 364.50 1867.06 377.53 1.5627 2.2716 5.0314 70.3870 2.1403 -110.8401 -1.7791 -0.0005 -0.0000 106 tesla_model3
Car 1.00 1.00 0 0 0 0 0 0 0 0 -1000.00 -1000.00 -1000.00 -1000.00 1.5765 1.9374 3.8150 -88.4902 2.1224 -55.3079 -1.5423 0.0000 -0.0000 107 nissan_micra
Cyclist 1.00 1.00 0 0 0 0 0 0 0 0 -1000.00 -1000.00 -1000.00 -1000.00 1.9311 0.5921 1.9272 -63.1032 2.1139 -70.0682 -3.1243 -0.0041 -0.0000 108 gazelle_omafiets
Cyclist 1.00 1.00 0 0 0 0 0 0 0 0 -1000.00 -1000.00 -1000.00 -1000.00 1.9311 0.5921 1.9272 31.8133 -7.3007 -275.2388 0.0168 -0.0742 -0.0002 109 gazelle_omafiets
Car 1.00 1.00 763 855 1384 13240 0 0 203 0 -1000.00 -1000.00 -1000.00 -1000.00 1.4546 2.0938 4.3903 -4.0941 2.1019 13.6155 -2.2601 -0.0027 0.0035 110 audi_tt
Car 1.00 1.00 0 0 0 0 0 0 0 0 -1000.00 -1000.00 -1000.00 -1000.00 1.9476 2.0282 4.8347 -58.4819 2.1238 -69.9946 -3.1240 -0.0004 0.0000 111 nissan_patrol
Car 1.00 1.00 0 0 0 0 0 0 0 0 -1000.00 -1000.00 -1000.00 -1000.00 1.4546 2.0938 4.3903 -1.6907 2.0866 -104.2218 1.6056 0.0000 0.0000 112 audi_tt
Car 1.00 1.00 0 0 0 0 0 0 0 0 -1000.00 -1000.00 -1000.00 -1000.00 1.7506 2.3538 4.8416 53.4072 2.0762 -216.7742 0.0319 0.0000 -0.0000 113 bmw_grandtourer
Car 1.00 1.00 16 22 35 126 6 0 0 0 -1000.00 -1000.00 -1000.00 -1000.00 1.9718 2.0005 4.0595 -13.8608 2.1235 -76.6668 -0.1970 -0.0069 0.0019 114 jeep_wrangler_rubicon
Motorcycle 0.00 1.00 0 0 0 0 0 0 0 0 1297.70 361.81 1310.06 368.46 1.6387 1.2138 2.3199 138.6305 2.0899 -87.6029 1.5864 -0.0000 0.0000 115 yamaha_yzf
Car 1.00 1.00 0 6 12 37 28 0 0 0 -1000.00 -1000.00 -1000.00 -1000.00 1.7203 2.2019 5.4994 0.6498 2.1284 -159.4142 -0.8082 -0.0049 0.0010 116 chargercop2020_chargercop2020
Car 0.00 1.00 0 0 0 0 0 0 0 0 1183.02 361.64 1204.29 369.10 1.6980 1.9434 4.1871 130.9073 2.1021 -56.9739 -1.6610 0.0093 -0.0016 117 citroen_c3
Car 0.00 1.00 0 0 0 0 0 0 0 0 1134.24 329.83 1153.05 335.15 1.5542 2.3421 5.1370 175.3067 -7.8658 -59.9637 -1.5693 -0.0013 0.0018 118 lincoln2020_mkz2020
Car 0.00 0.24 28 35 61 385 0 0 0 6 770.80 356.03 824.39 379.23 2.5908 2.7453 5.4640 65.8954 2.1699 16.7114 -1.5469 -0.0126 -0.0000 119 carlamotors_carlacola
Car 0.00 1.00 0 0 0 0 0 0 0 0 1656.99 364.00 1703.85 375.98 1.5765 1.9374 3.8150 75.6399 2.1222 -99.1715 1.5789 0.0000 -0.0000 120 nissan_micra
Car 0.00 1.00 0 0 0 0 0 0 0 0 867.71 329.89 876.04 334.95 1.4477 1.5550 2.3177 172.1331 -7.7857 24.9682 -1.5573 -0.0140 -0.0019 121 bmw_isetta
Car 0.00 1.00 0 0 0 0 0 0 0 0 1022.38 361.41 1044.38 368.46 1.7173 2.2591 5.2781 140.9072 2.0961 -20.7275 1.5469 -0.0082 -0.0002 122 mercedes_benz_coupe
Car 1.00 1.00 53 45 72 331 0 9 0 0 -1000.00 -1000.00 -1000.00 -1000.00 1.7173 2.2591 5.2781 -63.2062 2.1515 22.5373 -3.1255 -0.0071 -0.0002 123 mercedes_benz_coupe
Car 0.00 1.00 0 0 0 0 0 0 0 0 1563.25 362.15 1584.15 368.68 1.5765 1.9374 3.8150 137.0785 2.1132 -152.8648 -1.2985 -0.0029 -0.0008 124 nissan_micra
Car 0.00 0.39 64 71 112 502 0 0 0 18 687.20 366.23 741.61 389.08 1.6115 2.2019 5.2564 44.5607 2.1364 16.9111 0.0600 0.0037 0.0009 125 charger2020_charger2020
Car 0.00 0.72 1 1 2 52 0 0 0 2 823.31 361.05 845.05 374.02 1.9476 2.0282 4.8347 87.7800 2.1241 17.4058 -0.0647 -0.0013 0.0029 126 nissan_patrol
Car 1.00 1.00 0 0 0 0 0 0 0 0 -1000.00 -1000.00 -1000.00 -1000.00 1.5140 2.1024 4.9073 -94.3196 2.1340 -257.5254 -2.5099 0.0001 -0.0067 127 mercedesccc_mercedesccc
Car 1.00 1.00 0 0 0 0 0 0 0 0 -1000.00 -1000.00 -1000.00 -1000.00 1.7173 2.2591 5.2781 -85.5380 2.1505 -191.0936 -1.5804 -0.0059 -0.0002 128 mercedes_benz_coupe
Car 1.00 1.00 30 29 45 171 20 0 0 0 -1000.00 -1000.00 -1000.00 -1000.00 1.4812 2.1349 5.6254 -5.9858 2.1133 -69.3267 -1.5266 -0.0001 0.0006 129 chevrolet_impala
Car 1.00 1.00 0 0 0 0 0 0 0 0 -1000.00 -1000.00 -1000.00 -1000.00 2.1397 2.1728 4.7045 -244.2547 2.1484 -197.1632 1.8460 -0.0003 -0.0027 130 volkswagen_t2
Car 0.00 1.00 0 0 0 0 0 0 0 0 1644.32 364.84 1712.93 381.80 1.6244 1.8781 3.8906 57.2010 2.1320 -74.9467 0.0178 0.0020 -0.0011 131 audi_a2
Car 1.00 1.00 33 42 71 301 0 6 0 0 -1000.00 -1000.00 -1000.00 -1000.00 1.9476 2.0282 4.8347 -66.6298 2.1240 18.7106 -3.1359 -0.0003 -0.0000 132 nissan_patrol
Car 1.00 1.00 0 0 0 9 0 0 0 0 -1000.00 -1000.00 -1000.00 -1000.00 1.9476 2.0282 4.8347 -31.7717 2.1245 -73.0168 0.0194 -0.0027 -0.0000 133 nissan_patrol
Car 1.00 1.00 0 0 0 0 0 0 0 0 -1000.00 -1000.00 -1000.00 -1000.00 1.9476 2.0282 4.8347 136.6720 -7.8867 -258.7863 0.4906 -0.0004 0.0037 134 nissan_patrol
Car 1.00 1.00 8029 21851 34915 254544 0 2237 0 0 -1000.00 -1000.00 -1000.00 -1000.00 1.7506 2.3538 4.8416 -3.4684 2.0767 -3.9271 1.5734 0.0000 -0.0000 135 bmw_grandtourer
Car 1.00 1.00 0 0 0 0 0 0 0 0 -1000.00 -1000.00 -1000.00 -1000.00 1.9476 2.0282 4.8347 15.5615 2.1236 -155.8714 -3.1280 -0.0003 -0.0000 136 nissan_patrol
Car 0.00 1.00 0 0 0 0 0 0 0 0 1597.88 363.87 1687.02 382.08 1.7203 2.2019 5.4994 57.5468 2.1387 -71.6032 0.0421 -0.0021 0.0008 137 chargercop2020_chargercop2020
Car 1.00 1.00 19 24 33 294 12 0 0 0 -1000.00 -1000.00 -1000.00 -1000.00 2.5908 2.7453 5.4640 17.4049 2.1595 -68.6435 -3.1239 -0.0000 -0.0000 138 carlamotors_carlacola
Car 0.00 1.00 0 0 0 0 0 0 0 0 861.65 362.21 875.33 369.78 1.5863 2.2347 5.1468 124.5251 2.1116 18.1311 0.0137 -0.0191 0.0003 139 lincoln_mkz2017
Car 0.00 1.00 0 0 0 0 0 0 0 0 969.74 360.42 980.44 365.49 1.9718 2.0005 4.0595 217.8607 2.1395 -8.1343 1.6109 -0.0006 -0.0002 140 jeep_wrangler_rubicon
Car 1.00 1.00 0 0 0 0 0 0 0 0 -1000.00 -1000.00 -1000.00 -1000.00 1.6011 2.1072 4.7392 73.0158 2.1361 -194.9942 -1.5627 -0.0000 -0.0000 141 toyota_prius
Car 0.00 1.00 0 0 0 0 0 0 0 0 1147.40 361.49 1171.78 368.77 1.7318 2.1344 5.0985 134.5558 2.0956 -50.2988 -1.5548 -0.0008 -0.0000 142 audi_etron
Car 1.00 1.00 0 0 0 0 0 0 0 0 -1000.00 -1000.00 -1000.00 -1000.00 2.2031 2.5091 6.5872 -84.8273 2.1513 -67.7481 -1.5505 0.0000 -0.0000 143 tesla_cybertruck
Car 1.00 1.00 0 0 0 0 0 0 0 0 -1000.00 -1000.00 -1000.00 -1000.00 1.5765 1.9374 3.8150 72.8307 2.1217 -167.2010 -1.5629 0.0011 -0.0000 144 nissan_micra
Car 1.00 1.00 0 0 0 1 0 0 0 0 -1000.00 -1000.00 -1000.00 -1000.00 1.4546 2.0938 4.3903 1.8963 2.0866 -101.8727 1.5909 0.0000 -0.0000 145 audi_tt
Car 1.00 1.00 0 0 0 0 0 0 0 0 -1000.00 -1000.00 -1000.00 -1000.00 1.4812 2.1349 5.6254 -160.3850 2.1031 -217.8165 -0.1940 0.0016 0.0009 146 chevrolet_impala
Car 1.00 1.00 0 0 0 7 0 0 0 0 -1000.00 -1000.00 -1000.00 -1000.00 2.2031 2.5091 6.5872 -78.1068 2.1517 110.4672 1.0116 -0.0003 -0.0124 147 tesla_cybertruck
Car 1.00 1.00 0 0 0 0 0 0 0 0 -1000.00 -1000.00 -1000.00 -1000.00 1.9718 2.0005 4.0595 -57.8696 2.1397 -66.4875 -3.1240 -0.0004 -0.0001 148 jeep_wrangler_rubicon
Car 1.00 1.00 0 0 0 0 0 0 0 0 -1000.00 -1000.00 -1000.00 -1000.00 1.3660 1.9896 4.9534 -88.1952 2.1343 -73.8824 -1.5453 -0.0001 0.0000 149 mustang_mustang
Car 1.00 1.00 0 0 0 0 0 0 0 0 -1000.00 -1000.00 -1000.00 -1000.00 1.3660 1.9896 4.9534 69.3033 2.1340 -169.6470 -1.5574 0.0000 -0.0000 150 mustang_mustang
Car 1.00 1.00 0 0 0 0 0 0 0 0 -1000.00 -1000.00 -1000.00 -1000.00 2.5908 2.7453 5.4640 -82.2796 2.1597 -11.3793 1.5503 0.0000 -0.0000 151 carlamotors_carlacola
Car 0.00 1.00 0 0 0 1 0 0 0 0 801.10 362.11 825.81 369.02 1.5863 2.2347 5.1468 130.0926 2.0813 31.8591 -1.5886 0.0000 -0.0000 152 lincoln_mkz2017
Car 1.00 1.00 0 0 0 0 0 0 0 0 -1000.00 -1000.00 -1000.00 -1000.00 1.7506 2.3538 4.8416 -148.4799 2.1317 -278.6283 -0.0065 -0.0002 0.0015 153 bmw_grandtourer
Cyclist 1.00 1.00 0 0 0 0 0 0 0 0 -1000.00 -1000.00 -1000.00 -1000.00 1.9709 0.6705 1.7250 79.8699 2.1222 -177.5111 1.5784 0.0047 0.0000 154 diamondback_century
Cyclist 1.00 1.00 0 0 0 0 0 0 0 0 -1000.00 -1000.00 -1000.00 -1000.00 1.9311 0.5921 1.9272 -160.6229 2.1131 -76.1999 0.0219 -0.0041 0.0001 155 gazelle_omafiets
Motorcycle 0.00 1.00 0 0 0 0 0 0 0 0 1439.97 361.30 1450.00 366.54 1.6960 1.0692 2.4735 182.0151 2.1234 -160.5949 0.0222 0.0032 -0.0026 156 harley_davidson_low_rider
Car 1.00 1.00 0 0 0 0 0 0 0 0 -1000.00 -1000.00 -1000.00 -1000.00 2.1397 2.1728 4.7045 -83.7050 2.1469 87.3988 1.5876 0.0046 0.0001 157 volkswagen_t2
Car 1.00 1.00 0 0 0 0 0 0 0 0 -1000.00 -1000.00 -1000.00 -1000.00 1.5488 2.0688 3.9961 -244.8448 2.1350 -163.4515 1.6113 -0.0001 -0.0003 158 mini_cooperst
Cyclist 1.00 1.00 0 0 0 0 0 0 0 0 -1000.00 -1000.00 -1000.00 -1000.00 1.9311 0.5921 1.9272 42.2533 2.1137 -162.5562 -0.0028 -0.0024 -0.0000 159 gazelle_omafiets
Car 1.00 1.00 17 13 19 70 7 0 0 0 -1000.00 -1000.00 -1000.00 -1000.00 1.4812 2.1349 5.6254 -8.9116 2.0851 -84.2509 -1.5353 0.0029 -0.0002 160 chevrolet_impala
Car 0.00 1.00 0 0 0 0 0 0 0 0 1681.56 329.19 1711.77 335.34 1.7173 2.2591 5.2781 175.4144 -7.8535 -233.9327 0.9336 -0.0071 0.0022 161 mercedes_benz_coupe
Car 1.00 1.00 0 0 0 0 0 0 0 0 -1000.00 -1000.00 -1000.00 -1000.00 1.9718 2.0005 4.0595 -149.2341 2.1398 -88.7457 1.6007 -0.0004 -0.0001 162 jeep_wrangler_rubicon
Car 0.00 1.00 0 0 0 0 0 0 0 0 336.46 362.88 399.71 377.43 1.7506 2.3538 4.8416 70.1074 2.1162 71.4159 1.9410 0.0008 0.0030 163 bmw_grandtourer
Car 0.00 1.00 0 0 0 0 0 0 0 0 948.99 361.89 970.72 368.53 1.6115 2.2019 5.2564 137.2803 2.0807 -2.1841 1.6110 -0.0001 0.0006 164 charger2020_charger2020
Car 0.00 1.00 0 0 0 0 0 0 0 0 1000.43 363.83 1031.87 376.55 1.6244 1.8781 3.8906 73.5182 2.1333 -9.5582 1.5915 -0.0005 -0.0011 165 audi_a2
Car 0.00 1.00 0 0 0 0 0 0 0 0 1311.09 330.73 1328.41 335.82 1.5475 1.9070 4.4025 180.3066 -7.8650 -118.5863 -1.5347 -0.0002 0.0001 166 seat_leon
Car 1.00 1.00 0 0 0 0 0 0 0 0 -1000.00 -1000.00 -1000.00 -1000.00 1.5765 1.9374 3.8150 -116.5203 2.1171 122.2776 -0.0196 0.0145 -0.0012 167 nissan_micra
Car 1.00 1.00 0 0 0 0 0 0 0 0 -1000.00 -1000.00 -1000.00 -1000.00 1.5863 2.2347 5.1468 -90.5359 2.1369 80.7435 -1.5991 -0.0001 0.0001 168 lincoln_mkz2017
Car 1.00 1.00 0 6 8 29 2 0 0 0 -1000.00 -1000.00 -1000.00 -1000.00 1.7506 2.3538 4.8416 -12.8302 2.1274 -163.1219 0.0670 0.0047 -0.0015 169 bmw_grandtourer
Car 0.00 1.00 0 0 0 0 0 0 0 0 1702.02 367.18 1820.68 386.20 1.4812 2.1349 5.6254 49.2102 2.1437 -71.5929 0.0176 -0.0017 -0.0000 170 chevrolet_impala
Car 0.00 1.00 0 0 0 0 0 0 0 0 1506.16 362.34 1533.72 367.86 1.4812 2.1349 5.6254 154.8997 2.1424 -157.6123 3.0952 0.0000 -0.0000 171 chevrolet_impala
Car 0.00 1.00 0 0 0 0 0 0 0 0 1197.52 362.02 1216.94 368.72 1.6011 2.1072 4.7392 137.5774 2.1112 -63.1533 -1.0034 -0.0015 0.0026 172 toyota_prius
Car 1.00 1.00 0 1 3 1 2 0 0 0 -1000.00 -1000.00 -1000.00 -1000.00 1.6115 2.2019 5.2564 -1.3475 2.1140 -165.6145 -2.2519 -0.0033 0.0051 173 charger2020_charger2020
Car 1.00 1.00 0 0 0 0 0 0 0 0 -1000.00 -1000.00 -1000.00 -1000.00 1.5475 1.9070 4.4025 -88.3328 2.1355 -67.5436 -1.5481 0.0000 -0.0000 174 seat_leon
Car 1.00 1.00 0 0 0 0 0 0 0 0 -1000.00 -1000.00 -1000.00 -1000.00 2.5908 2.7453 5.4640 -82.0923 2.1593 -184.8229 1.5728 0.0000 0.0000 175 carlamotors_carlacola
Car 0.00 1.00 0 0 0 0 0 0 0 0 1682.41 363.02 1728.18 370.28 1.4812 2.1349 5.6254 119.3961 2.1424 -161.2833 0.0289 0.0000 0.0000 176 chevrolet_impala
Car 0.00 1.00 0 0 0 0 0 0 0 0 1606.59 329.57 1628.14 336.10 1.9718 2.0005 4.0595 181.8006 -7.8633 -216.5928 1.1166 -0.0009 0.0039 177 jeep_wrangler_rubicon
Car 1.00 1.00 0 0 0 0 0 0 0 0 -1000.00 -1000.00 -1000.00 -1000.00 1.6980 1.9434 4.1871 -85.0761 2.1445 -147.7278 -1.5834 0.0000 0.0000 178 citroen_c3
Car 1.00 1.00 13 18 23 97 25 0 0 0 -1000.00 -1000.00 -1000.00 -1000.00 1.5488 2.0688 3.9961 1.6287 2.0796 -88.9907 1.5917 0.0000 -0.0000 179 mini_cooperst
Motorcycle 0.00 1.00 0 0 0 0 0 0 0 0 1654.29 362.98 1681.44 375.18 1.6960 1.0692 2.4735 79.2447 2.1238 -102.1153 1.5772 0.0030 0.0000 180 harley_davidson_low_rider
Car 0.00 1.00 0 0 0 0 0 0 0 0 957.07 361.76 963.55 365.62 1.4477 1.5550 2.3177 214.1466 2.1414 -2.3472 -1.4598 -0.0061 -0.0048 181 bmw_isetta
Cyclist 0.00 1.00 0 0 0 0 0 0 0 0 1582.79 362.72 1600.15 374.92 1.7065 0.8593 1.4873 79.2174 2.0920 -91.3081 1.5897 0.0000 -0.0000 182 bh_crossbike
Car 0.00 1.00 0 0 0 0 0 0 0 0 1419.94 332.50 1438.75 337.41 1.6011 2.1072 4.7392 192.8673 -7.8642 -164.6673 1.5779 -0.0000 0.0005 183 toyota_prius
Car 1.00 1.00 0 0 0 0 0 0 0 0 -1000.00 -1000.00 -1000.00 -1000.00 1.5488 2.0688 3.9961 -81.8473 2.1350 -178.7693 1.5591 -0.0000 -0.0000 184 mini_cooperst
Car 1.00 1.00 0 0 0 0 0 0 0 0 -1000.00 -1000.00 -1000.00 -1000.00 1.6980 1.9434 4.1871 -89.1229 2.1443 -197.5867 -1.5842 0.0002 0.0000 185 citroen_c3
Car 0.00 1.00 0 0 0 0 0 0 0 0 1493.99 361.81 1513.15 367.23 1.5765 1.9374 3.8150 165.7998 2.1229 -163.7939 0.0055 -0.0028 -0.0005 186 nissan_micra
Car 0.00 1.00 0 0 0 0 0 0 0 0 1601.53 362.66 1655.79 375.35 1.7506 2.3538 4.8416 79.1924 2.1319 -96.4741 1.5791 0.0000 -0.0000 187 bmw_grandtourer
Car 1.00 1.00 0 0 0 0 0 0 0 0 -1000.00 -1000.00 -1000.00 -1000.00 1.5488 2.0688 3.9961 52.4859 2.1349 -165.9010 0.0139 -0.0000 -0.0000 188 mini_cooperst
Car 1.00 1.00 0 0 0 0 0 0 0 0 -1000.00 -1000.00 -1000.00 -1000.00 1.5488 2.0688 3.9961 -84.6810 2.1352 -74.0875 -1.5431 0.0000 -0.0000 189 mini_cooperst
Car 0.00 1.00 0 0 0 0 0 0 0 0 1317.49 361.40 1333.25 365.77 1.6011 2.1072 4.7392 208.5439 2.1359 -139.0012 -2.0538 -0.0000 -0.0019 190 toyota_prius
Car 0.00 1.00 0 0 0 0 0 0 0 0 943.02 365.54 979.69 375.82 1.3660 1.9896 4.9534 76.8685 2.1343 -2.4006 1.5950 0.0000 -0.0000 191 mustang_mustang
Car 1.00 1.00 0 0 0 0 0 0 0 0 -1000.00 -1000.00 -1000.00 -1000.00 1.9476 2.0282 4.8347 -219.8801 2.1238 -258.2480 -0.6690 -0.0009 0.0003 192 nissan_patrol
Pedestrian 1.00 1.00 0 0 0 0 0 0 0 0 -1000.00 -1000.00 -1000.00 -1000.00 1.9158 0.4880 0.5405 -262.1722 1.9514 -210.7386 -1.2072 0.0000 -0.0000 193 pedestrian_0019
Pedestrian 1.00 1.00 0 0 0 0 0 0 0 0 -1000.00 -1000.00 -1000.00 -1000.00 1.1330 0.4333 0.6667 -146.7321 1.9022 -226.4110 -0.1591 0.0000 -0.0000 194 pedestrian_0010
Pedestrian 1.00 1.00 0 0 0 0 0 0 0 0 -1000.00 -1000.00 -1000.00 -1000.00 1.9158 0.4880 0.7507 81.0528 2.1023 -172.3319 -3.1310 0.0000 -0.0000 195 pedestrian_0005
Pedestrian 0.00 1.00 0 0 0 0 0 0 0 0 1470.03 359.91 1474.60 368.33 1.9158 0.4880 0.5882 127.3705 1.8945 -119.0147 1.5293 0.0000 -0.0000 196 pedestrian_0003
Pedestrian 0.00 1.00 0 0 0 0 0 0 0 0 826.05 326.35 828.90 332.99 1.9158 0.4880 0.7507 163.5010 -7.9306 36.6043 1.6614 0.0000 -0.0000 197 pedestrian_0021
Pedestrian 1.00 1.00 0 0 0 0 0 0 0 0 -1000.00 -1000.00 -1000.00 -1000.00 1.9158 0.4880 0.7507 -270.3027 1.9506 45.5688 -1.7121 0.0000 -0.0000 198 pedestrian_0003
Pedestrian 1.00 1.00 0 0 0 0 0 0 0 0 -1000.00 -1000.00 -1000.00 -1000.00 1.9158 0.4880 0.4804 -224.5118 1.9519 -265.4278 -0.7394 0.0000 -0.0000 199 pedestrian_0004
Pedestrian 0.00 1.00 2 1 1 0 0 0 0 0 622.89 360.34 629.27 379.44 1.9158 0.4880 0.4757 56.9493 1.9503 31.4444 -2.7439 0.0000 -0.0000 200 pedestrian_0022
Pedestrian 1.00 1.00 0 0 0 0 0 0 0 0 -1000.00 -1000.00 -1000.00 -1000.00 1.3390 0.3253 0.4771 -75.4050 1.9415 -230.1869 -1.5954 0.0000 -0.0000 201 pedestrian_0014
Pedestrian 0.00 1.00 0 0 0 0 0 0 0 0 1065.66 360.32 1072.40 379.67 1.9158 0.4880 0.4581 56.2394 1.9482 -13.0991 -1.1258 0.0000 -0.0000 202 pedestrian_0022
Pedestrian 1.00 1.00 3 4 8 32 1 0 0 0 -1000.00 -1000.00 -1000.00 -1000.00 1.9158 0.4880 0.5633 -24.2452 1.9501 -61.9312 -3.1025 0.0000 -0.0000 203 pedestrian_0023
Pedestrian 1.00 1.00 0 0 0 0 0 0 0 0 -1000.00 -1000.00 -1000.00 -1000.00 1.3390 0.3253 0.5005 27.1869 1.9416 -151.0674 -0.1088 0.0000 -0.0000 204 pedestrian_0012
Pedestrian 1.00 1.00 0 0 0 0 0 0 0 0 -1000.00 -1000.00 -1000.00 -1000.00 1.9158 0.4880 0.7507 -73.5333 1.9505 -103.6955 1.3836 0.0000 -0.0000 205 pedestrian_0019
Pedestrian 1.00 1.00 0 3 1 6 0 0 0 0 -1000.00 -1000.00 -1000.00 -1000.00 1.9158 0.4880 0.7034 -82.8601 2.1028 27.6775 -3.0190 0.0000 -0.0000 206 pedestrian_0005
Pedestrian 0.00 1.00 0 0 0 0 0 0 0 0 1406.96 359.92 1411.31 367.21 1.9158 0.4880 0.7507 146.8719 1.8945 -120.4162 -1.5548 0.0000 -0.0000 207 pedestrian_0026
Pedestrian 1.00 1.00 0 0 1 3 0 0 0 0 -1000.00 -1000.00 -1000.00 -1000.00 1.9158 0.4880 0.7507 1.9242 2.0574 -150.5342 0.0458 0.0000 -0.0000 208 pedestrian_0015
Pedestrian 1.00 1.00 0 0 0 0 0 0 0 0 -1000.00 -1000.00 -1000.00 -1000.00 1.3390 0.3253 0.3368 -68.5580 1.9422 143.1752 0.0152 0.0000 -0.0000 209 pedestrian_0014
Pedestrian 1.00 1.00 0 0 0 0 0 0 0 0 -1000.00 -1000.00 -1000.00 -1000.00 1.9158 0.4880 0.7043 -37.9667 1.5804 144.2171 3.0389 0.0000 -0.0000 210 pedestrian_0016
Pedestrian 1.00 1.00 22 25 34 1129 2 3 0 0 -1000.00 -1000.00 -1000.00 -1000.00 1.3390 0.3253 0.5005 -14.6206 1.8867 -19.8983 -1.5542 0.0000 -0.0000 211 pedestrian_0012
Pedestrian 0.00 1.00 0 0 0 0 0 0 0 0 1127.20 367.40 1134.56 377.94 1.1330 0.4333 0.6513 61.2232 1.9399 -20.7950 1.6423 0.0000 -0.0000 212 pedestrian_0009
Pedestrian 0.00 1.00 0 0 0 0 0 0 0 0 1052.56 362.89 1055.51 367.25 1.1330 0.4333 0.6639 145.3620 1.8856 -26.7264 -1.4541 0.0000 -0.0000 213 pedestrian_0010
Pedestrian 1.00 1.00 0 0 0 0 0 0 0 0 -1000.00 -1000.00 -1000.00 -1000.00 1.9158 0.4880 0.7507 -270.4610 1.9528 -107.0137 1.5916 0.0000 -0.0000 214 pedestrian_0021
Pedestrian 1.00 1.00 0 0 0 0 0 0 0 0 -1000.00 -1000.00 -1000.00 -1000.00 1.9158 0.4880 0.7507 -51.3044 1.9293 -48.6432 -1.2034 0.0000 -0.0000 215 pedestrian_0018
Pedestrian 1.00 1.00 0 0 0 0 0 0 0 0 -1000.00 -1000.00 -1000.00 -1000.00 1.9158 0.4880 0.4664 -262.6654 1.9525 -211.1990 -1.3249 0.0000 -0.0000 216 pedestrian_0020
Pedestrian 0.00 1.00 0 0 0 0 0 0 0 0 1092.04 359.91 1095.90 368.44 1.9158 0.4880 0.7507 125.7386 1.8946 -32.3810 1.5724 0.0000 -0.0000 217 pedestrian_0017
Pedestrian 1.00 1.00 0 0 0 0 0 0 0 0 -1000.00 -1000.00 -1000.00 -1000.00 1.9158 0.4880 0.7507 -94.4574 2.0675 -214.9964 -1.6189 0.0000 -0.0000 218 pedestrian_0007
Pedestrian 1.00 1.00 0 0 0 0 0 0 0 0 -1000.00 -1000.00 -1000.00 -1000.00 1.1330 0.4333 0.5346 -136.8437 1.9415 -14.2322 0.5614 0.0000 -0.0000 219 pedestrian_0010
Pedestrian 0.00 0.06 0 0 0 413 0 0 4 1 453.33 361.20 465.56 393.22 1.9158 0.4880 0.5093 34.3046 1.9503 27.7348 -3.0742 0.0000 -0.0000 220 pedestrian_0023
Pedestrian 1.00 1.00 0 0 0 0 0 0 0 0 -1000.00 -1000.00 -1000.00 -1000.00 1.9158 0.4880 0.4895 51.2605 1.8943 -220.7412 -3.1152 0.0000 -0.0000 221 pedestrian_0024
Pedestrian 1.00 1.00 0 0 0 0 0 0 0 0 -1000.00 -1000.00 -1000.00 -1000.00 1.1330 0.4333 0.3659 -196.7697 1.9055 -149.4131 -1.6151 0.0000 -0.0000 222 pedestrian_0011
Pedestrian 1.00 1.00 0 0 0 0 0 0 0 0 -1000.00 -1000.00 -1000.00 -1000.00 1.9158 0.4880 0.4280 -271.6353 1.9504 -51.6180 0.0075 0.0000 -0.0000 223 pedestrian_0016
Pedestrian 1.00 1.00 0 0 0 0 0 0 0 0 -1000.00 -1000.00 -1000.00 -1000.00 1.9158 0.4880 0.6778 129.7344 -8.0649 -277.0518 0.2971 0.0000 -0.0000 224 pedestrian_0017
Pedestrian 0.00 1.00 0 0 0 0 0 0 0 0 1318.68 326.44 1321.49 332.97 1.9158 0.4880 0.5161 165.8543 -8.0501 -109.3175 -1.5578 0.0000 -0.0000 225 pedestrian_0001
Pedestrian 1.00 1.00 0 0 0 0 0 0 0 0 -1000.00 -1000.00 -1000.00 -1000.00 1.9158 0.4880 0.7507 -211.1144 1.9115 -169.1743 -2.3683 0.0000 -0.0000 226 pedestrian_0003
Pedestrian 1.00 1.00 0 0 0 0 0 0 0 0 -1000.00 -1000.00 -1000.00 -1000.00 1.9158 0.4880 0.7507 -110.0983 1.9501 -151.8249 -0.0783 0.0000 -0.0000 227 pedestrian_0007
Pedestrian 0.00 1.00 0 0 0 0 0 0 0 0 1441.02 363.29 1445.65 368.29 1.1330 0.4333 0.6667 127.1999 1.8836 -112.2609 -1.6626 0.0000 -0.0000 228 pedestrian_0010
Pedestrian 1.00 1.00 0 0 0 0 0 0 0 0 -1000.00 -1000.00 -1000.00 -1000.00 1.1330 0.4333 0.3575 -48.5748 1.9343 1.1364 0.6887 0.0000 -0.0000 229 pedestrian_0010
Pedestrian 0.00 1.00 0 0 0 0 0 0 0 0 1433.36 365.68 1439.60 378.46 1.3390 0.3253 0.4547 59.5260 1.9404 -52.5232 -1.1944 0.0000 -0.0000 230 pedestrian_0013
Pedestrian 0.00 1.00 0 0 0 0 0 0 0 0 1147.84 362.10 1149.75 367.24 1.3390 0.3253 0.3686 145.5142 1.8861 -51.4537 1.6741 0.0000 -0.0000 231 pedestrian_0013
Pedestrian 1.00 1.00 0 0 0 0 0 0 0 0 -1000.00 -1000.00 -1000.00 -1000.00 1.9158 0.4880 0.7507 14.7274 1.8944 -213.0789 2.6368 0.0000 -0.0000 232 pedestrian_0020
Pedestrian 0.00 0.99 0 0 0 1 0 0 0 0 832.98 359.92 835.19 367.33 1.9158 0.4880 0.4347 144.5781 1.8947 30.3697 -1.6400 0.0000 -0.0000 233 pedestrian_0021
Pedestrian 1.00 1.00 0 0 0 0 0 0 0 0 -1000.00 -1000.00 -1000.00 -1000.00 1.1330 0.4333 0.4562 -215.1086 1.9004 -57.1325 -1.8091 0.0000 -0.0000 234 pedestrian_0009
Pedestrian 0.00 1.00 0 0 0 0 0 0 0 0 1056.80 360.08 1058.21 364.82 1.9158 0.4880 0.5026 225.6064 1.9500 -41.7450 -1.6140 0.0000 -0.0000 235 pedestrian_0006
Pedestrian 1.00 1.00 0 0 0 0 0 0 0 0 -1000.00 -1000.00 -1000.00 -1000.00 1.1330 0.4333 0.5656 -125.8460 1.9417 -63.9734 3.1145 0.0000 -0.0000 236 pedestrian_0009
Pedestrian 1.00 1.00 2 1 2 5 0 0 0 0 -1000.00 -1000.00 -1000.00 -1000.00 1.9158 0.4880 0.3754 -17.6977 1.9512 -79.5718 0.0670 0.0000 -0.0000 237 pedestrian_0026
Pedestrian 1.00 1.00 15 13 24 1011 0 0 2 0 -1000.00 -1000.00 -1000.00 -1000.00 1.9158 0.4880 0.5775 -20.9362 1.9510 27.0484 -3.1053 0.0000 -0.0000 238 pedestrian_0021
Pedestrian 1.00 1.00 140 153 242 13135 0 0 36 0 -1000.00 -1000.00 -1000.00 -1000.00 1.3390 0.3253 0.2502 3.8257 1.8874 4.0942 1.6553 0.0000 -0.0000 239 pedestrian_0012
Pedestrian 1.00 1.00 0 0 0 0 0 0 0 0 -1000.00 -1000.00 -1000.00 -1000.00 1.9158 0.4880 0.7507 -123.0096 1.9501 -288.7005 -3.1291 0.0000 -0.0000 240 pedestrian_0020
Pedestrian 0.00 1.00 0 0 0 0 0 0 0 0 1300.72 334.60 1303.09 337.78 1.1330 0.4333 0.5872 201.8351 -8.0598 -126.1070 -1.5088 0.0000 -0.0000 241 pedestrian_0011
Pedestrian 1.00 1.00 0 0 0 0 0 0 0 0 -1000.00 -1000.00 -1000.00 -1000.00 1.9158 0.4880 0.7507 -64.5162 1.9500 -171.1602 -3.1263 0.0000 -0.0000 242 pedestrian_0002
Pedestrian 0.00 1.00 0 0 0 0 0 0 0 0 1255.01 363.79 1257.57 370.57 1.3390 0.3253 0.3771 110.9651 2.0927 -61.0055 3.0523 0.0000 -0.0000 243 pedestrian_0014
Pedestrian 1.00 1.00 0 0 1 10 1 0 0 0 -1000.00 -1000.00 -1000.00 -1000.00 1.9158 0.4880 0.7507 7.2962 1.8972 -122.4615 -1.5861 0.0000 -0.0000 244 pedestrian_0006
Pedestrian 0.00 1.00 0 0 0 0 0 0 0 0 1300.40 332.57 1302.99 337.90 1.9158 0.4880 0.6363 202.6533 -8.0502 -126.5345 -1.4800 0.0000 -0.0000 245 pedestrian_0020
Pedestrian 0.00 1.00 0 0 0 0 0 0 0 0 1735.36 360.34 1751.04 379.89 1.9158 0.4880 0.7507 55.7575 1.9500 -79.5623 0.0924 0.0000 -0.0000 246 pedestrian_0022
Pedestrian 1.00 1.00 0 0 0 0 0 0 0 0 -1000.00 -1000.00 -1000.00 -1000.00 1.9158 0.4880 0.7145 -22.0895 1.9500 -170.8551 -0.0784 0.0000 -0.0000 247 pedestrian_0002
Pedestrian 0.00 1.00 0 0 0 0 0 0 0 0 1273.28 359.92 1276.10 367.25 1.9158 0.4880 0.4307 146.0966 1.8941 -84.6025 -1.4094 0.0000 -0.0000 248 pedestrian_0022
Pedestrian 1.00 1.00 0 0 0 0 0 0 0 0 -1000.00 -1000.00 -1000.00 -1000.00 1.9158 0.4880 0.4788 -99.4847 1.9167 78.6995 2.8014 0.0000 -0.0000 249 pedestrian_0006
Pedestrian 1.00 1.00 0 0 0 0 0 0 0 0 -1000.00 -1000.00 -1000.00 -1000.00 1.9158 0.4880 0.4822 57.7386 1.9499 -171.1638 -3.0219 0.0000 -0.0000 250 pedestrian_0019
Pedestrian 1.00 1.00 0 0 0 0 0 0 0 0 -1000.00 -1000.00 -1000.00 -1000.00 1.9158 0.4880 0.7507 -93.5817 1.9503 -8.0371 1.5191 0.0000 -0.0000 251 pedestrian_0018
Pedestrian 1.00 1.00 0 0 0 0 0 0 0 0 -1000.00 -1000.00 -1000.00 -1000.00 1.9158 0.4880 0.7507 -272.8340 1.9504 -47.5369 1.5876 0.0000 -0.0000 252 pedestrian_0007
Pedestrian 0.00 1.00 0 0 0 0 0 0 0 0 1641.45 361.70 1652.93 379.32 1.9158 0.4880 0.6590 61.5919 2.1025 -77.3189 1.5983 0.0000 -0.0000 253 pedestrian_0008
Pedestrian 1.00 1.00 0 0 0 0 0 0 0 0 -1000.00 -1000.00 -1000.00 -1000.00 1.9158 0.4880 0.5118 -266.9809 1.9506 58.5450 -1.9812 0.0000 -0.0000 254 pedestrian_0022
Pedestrian 1.00 1.00 0 0 0 0 0 0 0 0 -1000.00 -1000.00 -1000.00 -1000.00 1.9158 0.4880 0.5976 -114.8477 1.9506 144.1315 0.0046 0.0000 -0.0000 255 pedestrian_0024
Pedestrian 0.00 1.00 0 0 0 0 0 0 0 0 1167.17 362.97 1169.37 367.15 1.1330 0.4333 0.4024 151.5002 1.9394 -58.7807 -3.0834 0.0000 -0.0000 256 pedestrian_0011
Pedestrian 1.00 1.00 0 0 0 0 0 0 0 0 -1000.00 -1000.00 -1000.00 -1000.00 1.9158 0.4880 0.7507 -79.5610 2.1024 -152.5226 0.0281 0.0000 -0.0000 257 pedestrian_0006
Pedestrian 0.00 1.00 0 0 0 0 0 0 0 0 1688.24 359.92 1692.96 367.29 1.9158 0.4880 0.6163 145.3341 1.8943 -192.4488 -1.4880 0.0000 -0.0000 258 pedestrian_0005
Pedestrian 1.00 1.00 3 5 6 25 0 0 0 0 -1000.00 -1000.00 -1000.00 -1000.00 1.9158 0.4880 0.6951 -9.1651 2.0708 -76.8133 -2.4210 0.0000 -0.0000 259 pedestrian_0003
Pedestrian 0.00 1.00 0 0 0 0 0 0 0 0 1099.71 326.21 1102.64 332.79 1.9158 0.4880 0.7455 164.7311 -8.0500 -43.9343 1.5545 0.0000 -0.0000 260 pedestrian_0001
Pedestrian 1.00 1.00 0 0 0 0 0 0 0 0 -1000.00 -1000.00 -1000.00 -1000.00 1.3390 0.3253 0.5005 75.6197 1.8859 -219.3397 3.1337 0.0000 -0.0000 261 pedestrian_0014
Pedestrian 1.00 1.00 0 0 0 0 0 0 0 0 -1000.00 -1000.00 -1000.00 -1000.00 1.9158 0.4880 0.7507 -70.4150 2.1026 -74.2145 1.3108 0.0000 -0.0000 262 pedestrian_0020
Pedestrian 1.00 1.00 0 0 0 0 0 0 0 0 -1000.00 -1000.00 -1000.00 -1000.00 1.9158 0.4880 0.6221 -206.3672 2.0642 -30.8791 0.5689 0.0000 -0.0000 263 pedestrian_0025
Pedestrian 0.00 1.00 0 0 0 0 0 0 0 0 1322.49 360.33 1332.47 378.90 1.9158 0.4880 0.7121 58.4737 1.9501 -40.3208 1.5368 0.0000 -0.0000 264 pedestrian_0026
Pedestrian 1.00 1.00 0 0 0 0 0 0 0 0 -1000.00 -1000.00 -1000.00 -1000.00 1.9158 0.4880 0.4070 -234.0259 1.9500 -256.5248 2.6579 0.0000 -0.0000 265 pedestrian_0025
Pedestrian 1.00 1.00 0 0 0 0 0 0 0 0 -1000.00 -1000.00 -1000.00 -1000.00 1.3390 0.3253 0.3240 16.3704 1.8874 -190.7447 2.4673 0.0000 -0.0000 266 pedestrian_0013
Pedestrian 1.00 1.00 0 0 0 0 0 0 0 0 -1000.00 -1000.00 -1000.00 -1000.00 1.9158 0.4880 0.3819 87.1324 1.9499 -172.9540 -2.2347 0.0000 -0.0000 267 pedestrian_0015
Pedestrian 0.00 1.00 0 0 0 0 0 0 0 0 1592.75 359.90 1596.78 368.44 1.9158 0.4880 0.3803 125.6741 1.8944 -144.9834 -1.7851 0.0000 -0.0000 268 pedestrian_0021
Pedestrian 1.00 1.00 0 0 0 0 0 0 0 0 -1000.00 -1000.00 -1000.00 -1000.00 1.1330 0.4333 0.4221 -79.2985 1.9394 143.7122 -3.0882 0.0000 -0.0000 269 pedestrian_0010
Pedestrian 1.00 1.00 83 93 138 715 0 22 0 0 -1000.00 -1000.00 -1000.00 -1000.00 1.9158 0.4880 0.4992 -13.5472 1.8959 -5.4179 1.5595 0.0000 -0.0000 270 pedestrian_0023
Pedestrian 1.00 1.00 0 0 0 1 0 0 0 0 -1000.00 -1000.00 -1000.00 -1000.00 1.3390 0.3253 0.2502 -71.1227 1.9420 25.4354 -3.0308 0.0000 -0.0000 271 pedestrian_0013
Pedestrian 1.00 1.00 0 0 0 0 0 0 0 0 -1000.00 -1000.00 -1000.00 -1000.00 1.9158 0.4880 0.5658 -152.3138 1.9511 -288.4662 0.0284 0.0000 -0.0000 272 pedestrian_0016
Pedestrian 1.00 1.00 0 0 0 0 0 0 0 0 -1000.00 -1000.00 -1000.00 -1000.00 1.3390 0.3253 0.5005 -75.2175 1.9419 -4.4686 -1.4685 0.0000 -0.0000 273 pedestrian_0014
Pedestrian 1.00 1.00 0 0 0 0 0 0 0 0 -1000.00 -1000.00 -1000.00 -1000.00 1.9158 0.4880 0.4649 -70.9772 1.9500 -170.5981 -0.8339 0.0000 -0.0000 274 pedestrian_0019
Pedestrian 1.00 1.00 0 0 0 0 0 0 0 0 -1000.00 -1000.00 -1000.00 -1000.00 1.3390 0.3253 0.4668 -65.3505 1.9795 -170.1380 3.1116 0.0000 -0.0000 275 pedestrian_0013
Pedestrian 1.00 1.00 0 0 0 0 0 0 0 0 -1000.00 -1000.00 -1000.00 -1000.00 1.9158 0.4880 0.7507 -68.5421 1.9500 -171.0506 3.0064 0.0000 -0.0000 276 pedestrian_0023
Pedestrian 0.00 1.00 0 0 0 0 0 0 0 0 1266.60 362.86 1268.97 367.20 1.1330 0.4333 0.3429 146.3296 1.8831 -82.9245 -1.3669 0.0000 -0.0000 277 pedestrian_0011
Pedestrian 0.00 1.00 0 0 0 0 0 0 0 0 1246.52 363.43 1248.53 369.56 1.3390 0.3253 0.2855 122.6844 2.0936 -65.3478 2.3828 0.0000 -0.0000 278 pedestrian_0012
Pedestrian 1.00 1.00 0 0 0 0 0 0 0 0 -1000.00 -1000.00 -1000.00 -1000.00 1.9158 0.4880 0.5529 32.1625 -7.5119 -249.6099 0.0161 0.0000 -0.0000 279 pedestrian_0015
Pedestrian 0.00 1.00 0 0 0 0 0 0 0 0 801.20 359.91 803.86 368.38 1.9158 0.4880 0.4215 126.5432 1.8948 33.4173 0.0131 0.0000 -0.0000 280 pedestrian_0017
Pedestrian 0.00 1.00 0 0 0 0 0 0 0 0 1173.12 332.47 1175.53 337.82 1.9158 0.4880 0.6679 201.9278 -8.0485 -79.9230 1.6681 0.0000 -0.0000 281 pedestrian_0005
Pedestrian 1.00 1.00 0 0 0 0 0 0 0 0 -1000.00 -1000.00 -1000.00 -1000.00 1.1330 0.4333 0.3569 77.9115 2.0858 -200.9979 -2.0837 0.0000 -0.0000 282 pedestrian_0009
Pedestrian 1.00 1.00 0 0 0 0 0 0 0 0 -1000.00 -1000.00 -1000.00 -1000.00 1.1330 0.4333 0.6667 -93.3189 1.9389 -62.8884 1.5867 0.0000 -0.0000 283 pedestrian_0009
Pedestrian 0.00 1.00 0 0 0 0 0 0 0 0 1229.56 362.15 1231.22 365.19 1.1330 0.4333 0.4160 208.2321 1.9385 -103.3194 1.5503 0.0000 -0.0000 284 pedestrian_0009
Pedestrian 1.00 1.00 0 0 0 0 0 0 0 0 -1000.00 -1000.00 -1000.00 -1000.00 1.9158 0.4880 0.7507 -207.6846 2.0641 -70.8648 0.6329 0.0000 -0.0000 285 pedestrian_0024
Pedestrian 0.00 1.00 0 0 0 0 0 0 0 0 1689.66 360.83 1694.49 369.35 1.9158 0.4880 0.5035 125.9131 2.1022 -167.1820 -1.3621 0.0000 -0.0000 286 pedestrian_0023
Pedestrian 1.00 1.00 0 0 0 0 0 0 0 0 -1000.00 -1000.00 -1000.00 -1000.00 1.9158 0.4880 0.5715 -95.0652 2.0815 76.2189 1.4953 0.0000 -0.0000 287 pedestrian_0015
Pedestrian 1.00 1.00 0 0 0 0 0 0 0 0 -1000.00 -1000.00 -1000.00 -1000.00 1.9158 0.4880 0.7327 91.2480 -8.0687 -248.5995 0.0746 0.0000 -0.0000 288 pedestrian_0025
Pedestrian 0.00 1.00 0 0 0 0 0 0 0 0 496.60 329.28 499.37 333.54 1.1330 0.4333 0.4903 153.0385 -7.2735 124.4666 -0.6264 0.0000 -0.0000 289 pedestrian_0009
Pedestrian 1.00 1.00 0 0 0 0 0 0 0 0 -1000.00 -1000.00 -1000.00 -1000.00 1.9158 0.4880 0.4353 -73.2153 2.1024 -154.7865 -1.4302 0.0000 -0.0000 290 pedestrian_0019
Pedestrian 1.00 1.00 0 0 0 0 0 0 0 0 -1000.00 -1000.00 -1000.00 -1000.00 1.9158 0.4880 0.5700 -100.3649 1.9173 78.5067 0.0033 0.0000 -0.0000 291 pedestrian_0007
Pedestrian 1.00 1.00 0 0 0 0 0 0 0 0 -1000.00 -1000.00 -1000.00 -1000.00 1.9158 0.4880 0.7507 -272.6541 1.9505 6.8540 1.6397 0.0000 -0.0000 292 pedestrian_0021
Pedestrian 0.00 1.00 0 0 0 0 0 0 0 0 1058.25 366.21 1063.27 380.23 1.3390 0.3253 0.4294 54.3882 1.9392 -11.9401 -1.9114 0.0000 -0.0000 293 pedestrian_0014
Pedestrian 0.00 1.00 0 0 0 0 0 0 0 0 168.21 313.07 176.43 323.71 1.9158 0.4880 0.7475 104.1390 -6.7786 144.2846 -0.2051 0.0000 -0.0000 294 pedestrian_0002
Pedestrian 0.00 1.00 0 0 0 0 0 0 0 0 887.93 361.30 892.10 374.71 1.9158 0.4880 0.6903 80.6171 2.1026 7.8074 -0.0383 0.0000 -0.0000 295 pedestrian_0026
Pedestrian 1.00 1.00 0 0 0 23 0 0 0 0 -1000.00 -1000.00 -1000.00 -1000.00 1.9158 0.4880 0.7301 15.8381 1.9501 -78.8721 -0.0099 0.0000 -0.0000 296 pedestrian_0020
Pedestrian 1.00 1.00 0 0 0 0 0 0 0 0 -1000.00 -1000.00 -1000.00 -1000.00 1.9158 0.4880 0.7095 62.5871 1.9500 -122.2786 -1.5644 0.0000 -0.0000 297 pedestrian_0016
Pedestrian 1.00 1.00 0 0 0 0 0 0 0 0 -1000.00 -1000.00 -1000.00 -1000.00 1.9158 0.4880 0.7507 -94.4020 1.9497 96.0110 1.5062 0.0000 -0.0000 298 pedestrian_0024
Pedestrian 0.00 1.00 0 0 0 0 0 0 0 0 606.91 322.99 610.51 330.75 1.9158 0.4880 0.6736 141.3127 -7.4248 86.6685 -0.7703 0.0000 -0.0000 299 pedestrian_0001
Pedestrian 1.00 1.00 0 0 0 0 0 0 0 0 -1000.00 -1000.00 -1000.00 -1000.00 1.9158 0.4880 0.7507 -90.2010 2.1024 -173.5259 -2.9593 0.0000 -0.0000 300 pedestrian_0025
Pedestrian 1.00 1.00 0 0 0 0 0 0 0 0 -1000.00 -1000.00 -1000.00 -1000.00 1.9158 0.4880 0.4894 -93.3000 1.9502 -85.1465 -2.9981 0.0000 -0.0000 301 pedestrian_0016
Pedestrian 1.00 1.00 0 0 0 0 0 0 0 0 -1000.00 -1000.00 -1000.00 -1000.00 1.9158 0.4880 0.6049 -61.6654 1.9508 -62.6863 3.1367 0.0000 -0.0000 302 pedestrian_0006
Pedestrian 1.00 1.00 9 9 16 194 0 0 2 0 -1000.00 -1000.00 -1000.00 -1000.00 1.3390 0.3253 0.3996 1.4433 2.0389 28.1531 -3.1351 0.0000 -0.0000 303 pedestrian_0012
Pedestrian 1.00 1.00 0 0 0 0 0 0 0 0 -1000.00 -1000.00 -1000.00 -1000.00 1.9158 0.4880 0.7507 -94.8640 1.9499 -287.7354 0.0087 0.0000 -0.0000 304 pedestrian_0024
Pedestrian 1.00 1.00 0 0 0 0 0 0 0 0 -1000.00 -1000.00 -1000.00 -1000.00 1.3390 0.3253 0.5005 -187.5836 1.9423 137.9302 -2.8904 0.0000 -0.0000 305 pedestrian_0013
Pedestrian 1.00 1.00 0 0 0 0 0 0 0 0 -1000.00 -1000.00 -1000.00 -1000.00 1.1330 0.4333 0.5370 -272.1420 1.9408 11.3989 -1.5770 0.0000 -0.0000 306 pedestrian_0011
Pedestrian 1.00 1.00 0 0 0 0 0 0 0 0 -1000.00 -1000.00 -1000.00 -1000.00 1.9158 0.4880 0.7286 -52.0093 1.9500 -170.3313 -0.0119 0.0000 -0.0000 307 pedestrian_0024
Pedestrian 1.00 1.00 0 0 0 0 0 0 0 0 -1000.00 -1000.00 -1000.00 -1000.00 1.9158 0.4880 0.3918 -274.4161 1.9505 2.0038 -1.8806 0.0000 -0.0000 308 pedestrian_0004
Pedestrian 0.00 1.00 0 0 0 0 0 0 0 0 883.68 361.30 887.35 374.68 1.9158 0.4880 0.4150 80.6250 2.1026 8.4553 0.0481 0.0000 -0.0000 309 pedestrian_0019
Pedestrian 0.00 1.00 0 0 0 0 0 0 0 0 1088.88 361.61 1090.15 365.18 1.3390 0.3253 0.3619 209.0436 1.9425 -50.8470 -1.3858 0.0000 -0.0000 310 pedestrian_0012
Pedestrian 1.00 1.00 0 0 0 0 0 0 0 0 -1000.00 -1000.00 -1000.00 -1000.00 1.9158 0.4880 0.5531 83.7774 2.1023 -170.3647 3.0493 0.0000 -0.0000 311 pedestrian_0022
Pedestrian 0.00 1.00 0 0 0 0 0 0 0 0 1588.34 359.92 1593.38 367.18 1.9158 0.4880 0.7507 147.4582 1.8944 -168.9001 1.4944 0.0000 -0.0000 312 pedestrian_0018
Pedestrian 1.00 1.00 2 2 7 25 0 1 0 0 -1000.00 -1000.00 -1000.00 -1000.00 1.9158 0.4880 0.6652 -73.8545 2.1028 15.0586 1.5532 0.0000 -0.0000 313 pedestrian_0022
Pedestrian 1.00 1.00 0 0 0 0 0 0 0 0 -1000.00 -1000.00 -1000.00 -1000.00 1.9158 0.4880 0.3778 33.8177 1.9499 -151.8164 -3.0638 0.0000 -0.0000 314 pedestrian_0005
Pedestrian 0.00 1.00 0 0 0 0 0 0 0 0 897.94 360.19 900.99 370.76 1.9158 0.4880 0.7507 101.9129 1.9502 8.7757 0.0214 0.0000 -0.0000 315 pedestrian_0018
Pedestrian 1.00 1.00 0 0 0 0 0 0 0 0 -1000.00 -1000.00 -1000.00 -1000.00 1.9158 0.4880 0.5154 -272.0563 1.9505 -17.5731 -1.5601 0.0000 -0.0000 316 pedestrian_0024
Pedestrian 1.00 1.00 0 0 0 0 0 0 0 0 -1000.00 -1000.00 -1000.00 -1000.00 1.9158 0.4880 0.6265 -96.5201 1.9553 -83.9187 2.7233 0.0000 -0.0000 317 pedestrian_0002
Pedestrian 1.00 1.00 0 0 0 0 0 0 0 0 -1000.00 -1000.00 -1000.00 -1000.00 1.3390 0.3253 0.3320 -94.4992 1.9412 -195.7145 1.9040 0.0000 -0.0000 318 pedestrian_0013
Pedestrian 1.00 1.00 0 0 0 0 0 0 0 0 -1000.00 -1000.00 -1000.00 -1000.00 1.9158 0.4880 0.7507 20.9949 1.9500 -150.6928 -0.0050 0.0000 -0.0000 319 pedestrian_0018
Pedestrian 1.00 1.00 0 0 0 0 0 0 0 0 -1000.00 -1000.00 -1000.00 -1000.00 1.9158 0.4880 0.6966 -72.8376 2.1024 -155.6653 -1.4034 0.0000 -0.0000 320 pedestrian_0006
Pedestrian 1.00 1.00 0 0 0 0 0 0 0 0 -1000.00 -1000.00 -1000.00 -1000.00 1.9158 0.4880 0.7507 -141.5501 1.9502 -288.3611 -3.1409 0.0000 -0.0000 321 pedestrian_0021
Pedestrian 1.00 1.00 0 0 0 0 0 0 0 0 -1000.00 -1000.00 -1000.00 -1000.00 1.1330 0.4333 0.5589 -28.9853 1.9397 -80.8334 -0.0744 0.0000 -0.0000 322 pedestrian_0010
Pedestrian 0.00 1.00 0 0 0 0 0 0 0 0 1342.61 361.21 1348.47 373.71 1.9158 0.4880 0.5647 86.3165 2.1025 -61.5619 1.8062 0.0000 -0.0000 323 pedestrian_0022
Pedestrian 1.00 1.00 0 0 0 0 0 0 0 0 -1000.00 -1000.00 -1000.00 -1000.00 1.9158 0.4880 0.7507 -165.1538 2.0933 -74.2623 1.7495 0.0000 -0.0000 324 pedestrian_0015
Pedestrian 1.00 1.00 2 0 0 14 0 1 0 0 -1000.00 -1000.00 -1000.00 -1000.00 1.9158 0.4880 0.5090 -94.4937 1.9504 32.7448 1.8455 0.0000 -0.0000 325 pedestrian_0005
Pedestrian 0.00 1.00 0 0 0 0 0 0 0 0 973.39 332.30 975.16 337.68 1.9158 0.4880 0.6192 200.5543 -8.0434 -7.3770 -1.5603 0.0000 -0.0000 326 pedestrian_0006
Pedestrian 0.00 1.00 0 0 0 0 0 0 0 0 1302.18 360.20 1307.58 371.86 1.9158 0.4880 0.6323 92.4895 1.9494 -59.1454 -3.1141 0.0000 -0.0000 327 pedestrian_0002
Pedestrian 1.00 1.00 0 0 0 205 4 0 0 0 -1000.00 -1000.00 -1000.00 -1000.00 1.9158 0.4880 0.5654 14.5018 1.9096 -32.6715 -2.9179 0.0000 -0.0000 328 pedestrian_0015
Pedestrian 1.00 1.00 0 0 0 0 0 0 0 0 -1000.00 -1000.00 -1000.00 -1000.00 1.9158 0.4880 0.7507 -190.4533 1.9507 137.0526 0.3027 0.0000 -0.0000 329 pedestrian_0005
Pedestrian 1.00 1.00 0 0 0 0 0 0 0 0 -1000.00 -1000.00 -1000.00 -1000.00 1.1330 0.4333 0.6667 -121.6784 1.9384 -288.4159 3.1222 0.0000 -0.0000 330 pedestrian_0010
Pedestrian 1.00 1.00 0 0 0 0 0 0 0 0 -1000.00 -1000.00 -1000.00 -1000.00 1.9158 0.4880 0.6945 36.5132 1.8949 87.0499 3.0802 0.0000 -0.0000 331 pedestrian_0001
Pedestrian 1.00 1.00 0 0 0 0 0 0 0 0 -1000.00 -1000.00 -1000.00 -1000.00 1.9158 0.4880 0.3779 -93.9017 1.9503 -1.2639 -1.5657 0.0000 -0.0000 332 pedestrian_0017
Pedestrian 1.00 1.00 1 2 1 8 0 0 0 0 -1000.00 -1000.00 -1000.00 -1000.00 1.9158 0.4880 0.3967 -17.3037 1.9515 -80.1601 0.0854 0.0000 -0.0000 333 pedestrian_0023
Pedestrian 1.00 1.00 0 0 0 0 0 0 0 0 -1000.00 -1000.00 -1000.00 -1000.00 1.3390 0.3253 0.3981 -95.0605 1.9413 43.9132 1.6251 0.0000 -0.0000 334 pedestrian_0013
Pedestrian 1.00 1.00 0 0 0 0 0 0 0 0 -1000.00 -1000.00 -1000.00 -1000.00 1.9158 0.4880 0.7507 -92.3895 1.9501 -117.1320 1.4828 0.0000 -0.0000 335 pedestrian_0019
Pedestrian 1.00 1.00 29 51 89 661 0 6 0 0 -1000.00 -1000.00 -1000.00 -1000.00 1.9158 0.4880 0.4114 -16.4962 1.9078 7.4964 -2.8716 0.0000 -0.0000 336 pedestrian_0017
Pedestrian 1.00 1.00 0 0 0 0 0 0 0 0 -1000.00 -1000.00 -1000.00 -1000.00 1.9158 0.4880 0.7507 -109.2639 1.9504 -288.6876 -3.1399 0.0000 -0.0000 337 pedestrian_0025
Pedestrian 1.00 1.00 0 0 0 0 0 0 0 0 -1000.00 -1000.00 -1000.00 -1000.00 1.9158 0.4880 0.7195 118.5941 -8.0638 -281.2109 -2.8077 0.0000 -0.0000 338 pedestrian_0006
Pedestrian 1.00 1.00 0 0 0 0 0 0 0 0 -1000.00 -1000.00 -1000.00 -1000.00 1.1330 0.4333 0.6097 12.8890 -5.4789 -250.5001 3.1246 0.0000 -0.0000 339 pedestrian_0011
Pedestrian 0.00 1.00 0 0 0 0 0 0 0 0 1143.54 363.32 1146.67 368.34 1.1330 0.4333 0.5610 126.5402 1.8852 -44.1542 -1.5585 0.0000 -0.0000 340 pedestrian_0011
Pedestrian 0.00 1.00 0 0 0 0 0 0 0 0 1276.85 361.61 1278.11 365.20 1.3390 0.3253 0.2721 208.4625 1.9434 -121.0553 -1.5069 0.0000 -0.0000 341 pedestrian_0013
Pedestrian 0.00 1.00 0 0 0 0 0 0 0 0 1700.34 360.33 1714.90 379.02 1.9158 0.4880 0.7507 58.2428 1.9499 -79.4019 0.0818 0.0000 -0.0000 342 pedestrian_0007
Pedestrian 1.00 1.00 1 1 2 6 0 0 0 0 -1000.00 -1000.00 -1000.00 -1000.00 1.9158 0.4880 0.7507 -11.7902 1.8950 -104.2277 -1.5544 0.0000 -0.0000 343 pedestrian_0021
Pedestrian 0.00 1.00 0 0 0 0 0 0 0 0 1286.60 334.60 1288.94 337.78 1.1330 0.4333 0.5892 201.8619 -8.0609 -121.0038 -1.5556 0.0000 -0.0000 344 pedestrian_0010
Pedestrian 1.00 1.00 38 46 71 468 11 0 0 0 -1000.00 -1000.00 -1000.00 -1000.00 1.9158 0.4880 0.5388 5.8705 1.8952 -22.2991 -1.5551 0.0000 -0.0000 345 pedestrian_0021
Pedestrian 0.00 1.00 0 0 0 0 0 0 0 0 647.59 364.02 651.04 372.97 1.3390 0.3253 0.3147 84.3129 1.9437 44.4402 -1.8304 0.0000 -0.0000 346 pedestrian_0014
Pedestrian 1.00 1.00 0 0 0 0 0 0 0 0 -1000.00 -1000.00 -1000.00 -1000.00 1.9158 0.4880 0.5489 -73.5771 1.9501 -107.7655 -1.7137 0.0000 -0.0000 347 pedestrian_0023
Pedestrian 1.00 1.00 2 2 3 14 0 0 0 0 -1000.00 -1000.00 -1000.00 -1000.00 1.9158 0.4880 0.5943 -18.5508 1.9517 -80.2344 0.4242 0.0000 -0.0000 348 pedestrian_0008
Pedestrian 1.00 1.00 0 0 0 0 0 0 0 0 -1000.00 -1000.00 -1000.00 -1000.00 1.9158 0.4880 0.7507 -241.4621 1.9507 103.6365 0.8221 0.0000 -0.0000 349 pedestrian_0006
Pedestrian 1.00 1.00 0 0 0 0 0 0 0 0 -1000.00 -1000.00 -1000.00 -1000.00 1.9158 0.4880 0.6825 90.3124 1.9421 -177.2650 -1.7712 0.0000 -0.0000 350 pedestrian_0022
Pedestrian 1.00 1.00 0 0 0 0 0 0 0 0 -1000.00 -1000.00 -1000.00 -1000.00 1.9158 0.4880 0.7507 96.8900 1.9498 -170.7206 3.1067 0.0000 -0.0000 351 pedestrian_0023
Pedestrian 1.00 1.00 0 0 0 0 0 0 0 0 -1000.00 -1000.00 -1000.00 -1000.00 1.9158 0.4880 0.6943 29.4951 1.9069 -192.5984 -2.7971 0.0000 -0.0000 352 pedestrian_0006
Pedestrian 0.00 0.36 0 0 1 44 0 0 0 2 806.39 361.79 815.24 380.39 1.9158 0.4880 0.7507 58.5752 2.1026 13.2468 1.1205 0.0000 -0.0000 353 pedestrian_0024
Pedestrian 1.00 1.00 0 0 0 0 0 0 0 0 -1000.00 -1000.00 -1000.00 -1000.00 1.1330 0.4333 0.6667 -40.5292 1.6948 143.6826 -0.0489 0.0000 -0.0000 354 pedestrian_0011
Pedestrian 0.00 0.82 2 3 8 6 0 0 0 0 614.32 360.35 623.36 380.17 1.9158 0.4880 0.6636 54.9573 1.9503 30.9479 -3.0972 0.0000 -0.0000 355 pedestrian_0017
Pedestrian 0.00 1.00 0 0 0 0 0 0 0 0 1139.86 328.25 1141.38 332.83 1.3390 0.3253 0.3274 165.2597 -8.0584 -55.7564 -1.4899 0.0000 -0.0000 356 pedestrian_0012
Pedestrian 1.00 1.00 0 0 0 0 0 0 0 0 -1000.00 -1000.00 -1000.00 -1000.00 1.9158 0.4880 0.4546 -191.4500 1.9501 -281.7653 2.7546 0.0000 -0.0000 357 pedestrian_0020
Pedestrian 1.00 1.00 0 1 3 6 0 0 0 0 -1000.00 -1000.00 -1000.00 -1000.00 1.9158 0.4880 0.5106 -11.2284 1.8956 -148.2348 -1.5445 0.0000 -0.0000 358 pedestrian_0017
Pedestrian 1.00 1.00 8 7 11 57 0 1 0 0 -1000.00 -1000.00 -1000.00 -1000.00 1.9158 0.4880 0.4985 -47.8920 1.9499 8.5046 3.0079 0.0000 -0.0000 359 pedestrian_0025
Pedestrian 1.00 1.00 0 0 0 0 0 0 0 0 -1000.00 -1000.00 -1000.00 -1000.00 1.3390 0.3253 0.5005 -203.7504 1.9425 -276.6270 -0.4083 0.0000 -0.0000 360 pedestrian_0013
Pedestrian 1.00 1.00 0 0 0 0 0 0 0 0 -1000.00 -1000.00 -1000.00 -1000.00 1.3390 0.3253 0.5005 -115.0553 1.9414 -288.7961 3.1384 0.0000 -0.0000 361 pedestrian_0013
Pedestrian 0.00 1.00 0 0 0 0 0 0 0 0 1083.10 366.24 1086.70 380.29 1.3390 0.3253 0.3146 54.2070 1.9393 -14.2216 -1.7226 0.0000 -0.0000 362 pedestrian_0013
Pedestrian 1.00 1.00 0 0 0 0 0 0 0 0 -1000.00 -1000.00 -1000.00 -1000.00 1.1330 0.4333 0.6667 -56.7483 1.9227 -35.6727 1.6575 0.0000 -0.0000 363 pedestrian_0011
Pedestrian 1.00 1.00 0 0 0 0 0 0 0 0 -1000.00 -1000.00 -1000.00 -1000.00 1.3390 0.3253 0.4254 47.5889 1.8860 -202.6903 -0.0231 0.0000 -0.0000 364 pedestrian_0012
Pedestrian 0.00 1.00 0 0 0 0 0 0 0 0 1015.48 359.91 1018.26 368.44 1.9158 0.4880 0.5435 125.7917 1.8947 -15.0398 -1.4937 0.0000 -0.0000 365 pedestrian_0023
Pedestrian 1.00 1.00 0 0 0 37 0 0 0 0 -1000.00 -1000.00 -1000.00 -1000.00 1.9158 0.4880 0.3971 -127.2703 1.9169 78.3987 0.1343 0.0000 -0.0000 366 pedestrian_0005
Pedestrian 1.00 1.00 0 0 0 0 0 0 0 0 -1000.00 -1000.00 -1000.00 -1000.00 1.9158 0.4880 0.6294 -197.4148 1.9168 -128.9138 1.5840 0.0000 -0.0000 367 pedestrian_0021
Pedestrian 1.00 1.00 0 0 0 0 0 0 0 0 -1000.00 -1000.00 -1000.00 -1000.00 1.1330 0.4333 0.4158 -151.9035 2.0913 -62.8842 0.0340 0.0000 -0.0000 368 pedestrian_0010
Pedestrian 1.00 1.00 0 1 1 1 0 0 0 0 -1000.00 -1000.00 -1000.00 -1000.00 1.9158 0.4880 0.7507 10.1109 1.8947 -181.5613 -1.0170 0.0000 -0.0000 369 pedestrian_0020
Pedestrian 0.00 1.00 0 0 0 0 0 0 0 0 1881.51 365.47 1890.39 377.74 1.3390 0.3253 0.4186 61.8585 1.9408 -103.8521 -1.6055 0.0000 -0.0000 370 pedestrian_0012
Pedestrian 0.00 1.00 0 0 0 0 0 0 0 0 1102.36 360.63 1109.83 378.25 1.9158 0.4880 0.6610 61.6226 1.9855 -18.2087 -1.4731 0.0000 -0.0000 371 pedestrian_0015
Pedestrian 0.00 1.00 0 0 0 0 0 0 0 0 1113.36 360.29 1123.35 381.79 1.9158 0.4880 0.7507 50.8719 1.9422 -16.4773 0.4495 0.0000 -0.0000 372 pedestrian_0007
Pedestrian 1.00 1.00 0 0 0 0 0 0 0 0 -1000.00 -1000.00 -1000.00 -1000.00 1.9158 0.4880 0.4787 -272.3738 1.9525 -51.7950 -1.6999 0.0000 -0.0000 373 pedestrian_0008
Pedestrian 0.00 1.00 0 0 0 0 0 0 0 0 1325.21 360.21 1330.30 372.56 1.9158 0.4880 0.4645 87.2862 1.9487 -59.4677 3.1093 0.0000 -0.0000 374 pedestrian_0020
Pedestrian 1.00 1.00 0 0 0 0 0 0 0 0 -1000.00 -1000.00 -1000.00 -1000.00 1.9158 0.4880 0.5336 -46.5306 1.9501 -171.2536 -0.0123 0.0000 -0.0000 375 pedestrian_0015
Pedestrian 1.00 1.00 0 0 0 0 0 0 0 0 -1000.00 -1000.00 -1000.00 -1000.00 1.3390 0.3253 0.3267 -63.1577 1.9452 -81.1140 0.0229 0.0000 -0.0000 376 pedestrian_0012
Pedestrian 0.00 1.00 0 0 0 0 0 0 0 0 1853.98 360.17 1860.42 370.33 1.9158 0.4880 0.4352 105.7566 1.9475 -171.7569 -0.0755 0.0000 -0.0000 377 pedestrian_0017
Pedestrian 0.00 1.00 0 0 0 0 0 0 0 0 1041.25 359.91 1045.00 368.46 1.9158 0.4880 0.7507 125.5015 1.8947 -20.9066 1.6229 0.0000 -0.0000 378 pedestrian_0025
Pedestrian 1.00 1.00 0 0 0 0 0 0 0 0 -1000.00 -1000.00 -1000.00 -1000.00 1.1330 0.4333 0.5222 -72.7539 1.9390 26.4498 2.9346 0.0000 -0.0000 379 pedestrian_0009
Pedestrian 1.00 1.00 0 0 0 0 0 0 0 0 -1000.00 -1000.00 -1000.00 -1000.00 1.9158 0.4880 0.6265 61.5427 1.9500 -114.1986 1.6145 0.0000 -0.0000 380 pedestrian_0002
Pedestrian 1.00 1.00 0 0 0 0 0 0 0 0 -1000.00 -1000.00 -1000.00 -1000.00 1.3390 0.3253 0.4034 -86.9539 1.9416 -288.1504 -0.0996 0.0000 -0.0000 381 pedestrian_0013
Pedestrian 1.00 1.00 0 0 0 0 0 0 0 0 -1000.00 -1000.00 -1000.00 -1000.00 1.3390 0.3253 0.5005 65.6399 2.0939 -172.7714 2.7285 0.0000 -0.0000 382 pedestrian_0012
Pedestrian 1.00 1.00 7 11 15 137 0 0 3 0 -1000.00 -1000.00 -1000.00 -1000.00 1.1330 0.4333 0.5883 -6.8256 2.0359 29.0107 -2.9705 0.0000 -0.0000 383 pedestrian_0010
Pedestrian 1.00 1.00 0 0 0 0 0 0 0 0 -1000.00 -1000.00 -1000.00 -1000.00 1.3390 0.3253 0.5005 -172.5522 1.9439 -286.5455 -0.1867 0.0000 -0.0000 384 pedestrian_0013
Pedestrian 0.00 1.00 0 0 0 0 0 0 0 0 101.38 361.37 116.05 381.60 1.9158 0.4880 0.7507 53.8570 2.0473 78.8873 -1.7038 0.0000 -0.0000 385 pedestrian_0015
Pedestrian 1.00 1.00 1 2 3 16 0 0 0 0 -1000.00 -1000.00 -1000.00 -1000.00 1.9158 0.4880 0.4106 -72.2808 1.9504 25.5492 -0.4591 0.0000 -0.0000 386 pedestrian_0018
Pedestrian 1.00 1.00 0 0 0 0 0 0 0 0 -1000.00 -1000.00 -1000.00 -1000.00 1.3390 0.3253 0.4916 -132.3580 1.9414 -288.2069 3.1371 0.0000 -0.0000 387 pedestrian_0013
Pedestrian 0.00 1.00 0 0 0 0 0 0 0 0 1301.88 360.09 1304.67 365.23 1.9158 0.4880 0.7507 207.8650 1.9498 -130.3390 -1.7046 0.0000 -0.0000 388 pedestrian_0022
Pedestrian 1.00 1.00 0 0 0 0 0 0 0 0 -1000.00 -1000.00 -1000.00 -1000.00 1.9158 0.4880 0.7507 -270.7015 1.9530 -96.8469 1.5904 0.0000 -0.0000 389 pedestrian_0003
Pedestrian 1.00 1.00 0 0 0 0 0 0 0 0 -1000.00 -1000.00 -1000.00 -1000.00 1.9158 0.4880 0.7507 -143.8816 1.9504 -288.6573 -3.1075 0.0000 -0.0000 390 pedestrian_0021
Pedestrian 1.00 1.00 0 0 0 0 0 0 0 0 -1000.00 -1000.00 -1000.00 -1000.00 1.9158 0.4880 0.7507 -155.1865 1.9170 74.9008 -2.9426 0.0000 -0.0000 391 pedestrian_0016
Pedestrian 1.00 1.00 0 0 0 0 0 0 0 0 -1000.00 -1000.00 -1000.00 -1000.00 1.9158 0.4880 0.7507 -100.4999 1.9490 -288.5624 -3.1397 0.0000 -0.0000 392 pedestrian_0005
Pedestrian 0.00 1.00 0 0 0 0 0 0 0 0 1767.54 322.68 1771.47 329.99 1.9158 0.4880 0.4774 149.4371 -8.0542 -218.9845 0.8830 0.0000 -0.0000 393 pedestrian_0026
Pedestrian 0.00 1.00 0 0 0 0 0 0 0 0 1325.81 360.22 1330.97 372.44 1.9158 0.4880 0.4786 88.1455 1.9501 -60.1382 -3.1104 0.0000 -0.0000 394 pedestrian_0022
Pedestrian 0.00 1.00 0 0 0 0 0 0 0 0 1059.05 328.75 1061.58 332.67 1.1330 0.4333 0.6667 164.3465 -8.0636 -31.7972 1.5757 0.0000 -0.0000 395 pedestrian_0010
Pedestrian 0.00 1.00 0 0 0 0 0 0 0 0 802.65 360.16 805.02 369.07 1.9158 0.4880 0.7507 120.6199 1.9502 31.4522 -2.8718 0.0000 -0.0000 396 pedestrian_0006
Pedestrian 1.00 1.00 0 0 0 0 0 0 0 0 -1000.00 -1000.00 -1000.00 -1000.00 1.3390 0.3253 0.5005 -91.2877 1.9417 -114.4660 -1.5432 0.0000 -0.0000 397 pedestrian_0012
Pedestrian 1.00 1.00 0 0 0 0 0 0 0 0 -1000.00 -1000.00 -1000.00 -1000.00 1.1330 0.4333 0.6667 67.6154 2.0882 -199.9282 2.9470 0.0000 -0.0000 398 pedestrian_0010
Pedestrian 1.00 1.00 0 0 0 0 0 0 0 0 -1000.00 -1000.00 -1000.00 -1000.00 1.9158 0.4880 0.7507 -137.9680 1.9168 77.5835 -2.9985 0.0000 -0.0000 399 pedestrian_0007
Pedestrian 0.00 1.00 0 0 0 0 0 0 0 0 838.92 332.53 840.98 337.94 1.9158 0.4880 0.6437 199.7127 -7.9186 40.7936 -1.5417 0.0000 -0.0000 400 pedestrian_0001
Pedestrian 1.00 1.00 0 0 0 0 0 0 0 0 -1000.00 -1000.00 -1000.00 -1000.00 1.9158 0.4880 0.7507 20.3873 1.9133 -21.1544 2.8847 0.0000 -0.0000 401 pedestrian_0016
Pedestrian 1.00 1.00 0 0 0 0 0 0 0 0 -1000.00 -1000.00 -1000.00 -1000.00 1.9158 0.4880 0.7507 -262.0583 1.9506 72.3069 1.1307 0.0000 -0.0000 402 pedestrian_0021
Pedestrian 0.00 1.00 0 0 0 0 0 0 0 0 1540.81 360.34 1552.17 379.90 1.9158 0.4880 0.5970 55.6318 1.9496 -60.0097 -0.0093 0.0000 -0.0000 403 pedestrian_0006
Pedestrian 1.00 1.00 0 1 1 1 0 0 0 0 -1000.00 -1000.00 -1000.00 -1000.00 1.9158 0.4880 0.5417 -94.6481 1.9509 31.5064 2.7464 0.0000 -0.0000 404 pedestrian_0023
Pedestrian 0.00 1.00 0 0 0 0 0 0 0 0 1720.15 367.33 1731.12 377.78 1.1330 0.4333 0.5935 61.6962 1.9387 -86.0343 -1.5913 0.0000 -0.0000 405 pedestrian_0011
Pedestrian 0.00 0.00 327 371 605 6764 0 0 0 82 460.01 361.50 563.42 570.50 1.9158 0.4880 0.5445 6.2017 1.8952 1.8586 -1.5557 0.0000 -0.0000 406 pedestrian_0004
Pedestrian 1.00 1.00 0 0 0 0 0 0 0 0 -1000.00 -1000.00 -1000.00 -1000.00 1.9158 0.4880 0.5026 52.9460 1.9499 -172.1877 3.0204 0.0000 -0.0000 407 pedestrian_0026
Pedestrian 0.00 1.00 0 0 0 0 0 0 0 0 991.97 362.11 993.51 367.28 1.3390 0.3253 0.3681 145.0092 1.8883 -10.7458 -1.5284 0.0000 -0.0000 408 pedestrian_0013
Pedestrian 1.00 1.00 0 0 0 0 0 0 0 0 -1000.00 -1000.00 -1000.00 -1000.00 1.1330 0.4333 0.3657 -94.3090 1.9389 -208.4994 -1.5505 0.0000 -0.0000 409 pedestrian_0010
Pedestrian 0.00 1.00 0 0 0 0 0 0 0 0 763.01 359.92 765.53 367.37 1.9158 0.4880 0.5100 143.8988 1.8953 48.2103 -1.4685 0.0000 -0.0000 410 pedestrian_0020
Pedestrian 1.00 1.00 0 0 0 0 0 0 0 0 -1000.00 -1000.00 -1000.00 -1000.00 1.9158 0.4880 0.4915 -92.6336 1.9500 -151.9994 -1.7509 0.0000 -0.0000 411 pedestrian_0025
Pedestrian 0.00 1.00 0 0 0 0 0 0 0 0 724.29 363.42 727.49 368.61 1.1330 0.4333 0.5244 122.5411 1.8834 49.0819 1.5989 0.0000 -0.0000 412 pedestrian_0010
Pedestrian 0.00 1.00 0 0 0 0 0 0 0 0 1599.98 360.15 1605.90 368.62 1.9158 0.4880 0.7422 126.6751 1.9499 -147.9833 1.4577 0.0000 -0.0000 413 pedestrian_0015
Pedestrian 1.00 1.00 0 0 0 0 0 0 0 0 -1000.00 -1000.00 -1000.00 -1000.00 1.1330 0.4333 0.5436 85.9901 1.8829 -219.7424 0.1907 0.0000 -0.0000 414 pedestrian_0011
Pedestrian 1.00 1.00 2 4 5 27 1 0 0 0 -1000.00 -1000.00 -1000.00 -1000.00 1.9158 0.4880 0.6228 6.6089 2.1025 -64.5466 1.6249 0.0000 -0.0000 415 pedestrian_0025
Pedestrian 0.00 1.00 0 0 0 0 0 0 0 0 1143.52 328.81 1145.39 332.74 1.1330 0.4333 0.3579 164.6774 -8.0614 -56.7001 1.7610 0.0000 -0.0000 416 pedestrian_0009
Pedestrian 1.00 1.00 0 0 0 0 0 0 0 0 -1000.00 -1000.00 -1000.00 -1000.00 1.9158 0.4880 0.7507 44.6360 -6.1662 108.7983 0.0081 0.0000 -0.0000 417 pedestrian_0026
Pedestrian 1.00 1.00 0 0 0 0 0 0 0 0 -1000.00 -1000.00 -1000.00 -1000.00 1.9158 0.4880 0.4352 -272.3581 1.9521 -8.3234 -1.5272 0.0000 -0.0000 418 pedestrian_0019
Pedestrian 1.00 1.00 5 1 3 38 0 0 0 0 -1000.00 -1000.00 -1000.00 -1000.00 1.9158 0.4880 0.7507 -21.5146 1.9505 -62.5211 0.0250 0.0000 -0.0000 419 pedestrian_0018
Pedestrian 1.00 1.00 0 0 0 0 0 0 0 0 -1000.00 -1000.00 -1000.00 -1000.00 1.9158 0.4880 0.6807 -108.1993 1.9501 -287.8069 0.0267 0.0000 -0.0000 420 pedestrian_0026
Pedestrian 0.00 1.00 0 0 0 0 0 0 0 0 1276.92 359.92 1279.70 367.24 1.9158 0.4880 0.4393 146.3726 1.8945 -85.7079 -1.5329 0.0000 -0.0000 421 pedestrian_0005
Pedestrian 0.00 1.00 0 0 0 0 0 0 0 0 1667.72 360.31 1678.57 377.70 1.9158 0.4880 0.5755 62.3505 1.9501 -81.1308 -1.5583 0.0000 -0.0000 422 pedestrian_0021
Pedestrian 0.00 1.00 0 0 0 0 0 0 0 0 1632.99 360.83 1638.85 369.46 1.9158 0.4880 0.6696 124.5769 2.1023 -152.8986 1.3159 0.0000 -0.0000 423 pedestrian_0025
Pedestrian 0.00 1.00 0 0 0 0 0 0 0 0 1355.16 359.91 1358.77 368.38 1.9158 0.4880 0.4770 126.5260 1.8945 -92.1178 1.5197 0.0000 -0.0000 424 pedestrian_0008
Pedestrian 0.00 0.10 1 2 1 138 0 0 0 0 486.01 360.73 496.13 388.61 1.9158 0.4880 0.4556 38.6993 1.9483 29.5220 -0.0000 0.0000 -0.0000 425 pedestrian_0018
Pedestrian 1.00 1.00 0 0 0 0 0 0 0 0 -1000.00 -1000.00 -1000.00 -1000.00 1.9158 0.4880 0.4530 -141.9369 1.9535 -83.5814 3.1287 0.0000 -0.0000 426 pedestrian_0020
Pedestrian 1.00 1.00 0 0 0 0 0 0 0 0 -1000.00 -1000.00 -1000.00 -1000.00 1.3390 0.3253 0.5005 -37.5121 1.9437 -171.2529 -3.1000 0.0000 -0.0000 427 pedestrian_0012
Pedestrian 0.00 1.00 0 0 0 0 0 0 0 0 1439.73 363.28 1443.30 368.24 1.1330 0.4333 0.4406 128.0355 1.8856 -112.5723 -1.5747 0.0000 -0.0000 428 pedestrian_0011
Pedestrian 1.00 1.00 0 0 0 0 0 0 0 0 -1000.00 -1000.00 -1000.00 -1000.00 1.9158 0.4880 0.4005 -102.5765 1.9501 -172.9624 3.0950 0.0000 -0.0000 429 pedestrian_0006
Pedestrian 0.00 1.00 0 0 0 0 0 0 0 0 993.68 359.91 996.65 368.43 1.9158 0.4880 0.6099 125.9246 1.8954 -10.1635 -1.5038 0.0000 -0.0000 430 pedestrian_0021
Pedestrian 1.00 1.00 0 0 0 0 0 0 0 0 -1000.00 -1000.00 -1000.00 -1000.00 1.9158 0.4880 0.7507 -44.3996 1.9487 -62.9299 3.1324 0.0000 -0.0000 431 pedestrian_0026
Pedestrian 1.00 1.00 0 0 0 0 0 0 0 0 -1000.00 -1000.00 -1000.00 -1000.00 1.9158 0.4880 0.7167 9.3308 -3.3295 107.7147 3.0667 0.0000 -0.0000 432 pedestrian_0026
Pedestrian 1.00 1.00 0 0 0 0 0 0 0 0 -1000.00 -1000.00 -1000.00 -1000.00 1.9158 0.4880 0.4848 -72.3466 1.9529 -102.6207 -1.5750 0.0000 -0.0000 433 pedestrian_0002
Pedestrian 0.00 1.00 0 0 0 0 0 0 0 0 1310.94 360.47 1312.54 365.29 1.9158 0.4880 0.4340 221.7977 2.1022 -142.3404 0.7619 0.0000 -0.0000 434 pedestrian_0001
Pedestrian 1.00 1.00 0 0 0 0 0 0 0 0 -1000.00 -1000.00 -1000.00 -1000.00 1.9158 0.4880 0.6700 128.5177 -8.0651 -277.3789 0.3355 0.0000 -0.0000 435 pedestrian_0022
Pedestrian 0.00 1.00 0 0 0 0 0 0 0 0 789.77 361.79 794.99 380.36 1.9158 0.4880 0.5009 58.5983 2.1026 15.1691 -1.2382 0.0000 -0.0000 436 pedestrian_0005
Pedestrian 0.00 1.00 0 0 0 0 0 0 0 0 1647.02 367.08 1658.25 383.06 1.3390 0.3253 0.5005 47.9551 1.9417 -60.8725 -3.1381 0.0000 -0.0000 437 pedestrian_0013
Pedestrian 1.00 1.00 0 0 0 0 0 0 0 0 -1000.00 -1000.00 -1000.00 -1000.00 1.1330 0.4333 0.4795 -234.5394 1.9402 -255.3796 2.4137 0.0000 -0.0000 438 pedestrian_0011
Pedestrian 1.00 1.00 0 0 2 14 0 0 0 0 -1000.00 -1000.00 -1000.00 -1000.00 1.9158 0.4880 0.4418 -68.2672 1.9504 25.4963 -2.9255 0.0000 -0.0000 439 pedestrian_0006
Pedestrian 1.00 1.00 0 0 0 0 0 0 0 0 -1000.00 -1000.00 -1000.00 -1000.00 1.3390 0.3253 0.4934 40.2011 -6.0751 144.7882 -3.1185 0.0000 -0.0000 440 pedestrian_0014
Pedestrian 1.00 1.00 2 1 1 4 0 0 0 0 -1000.00 -1000.00 -1000.00 -1000.00 1.9158 0.4880 0.4863 -95.7264 1.9501 34.9731 -1.5167 0.0000 -0.0000 441 pedestrian_0025
Pedestrian 1.00 1.00 0 0 0 0 0 0 0 0 -1000.00 -1000.00 -1000.00 -1000.00 1.9158 0.4880 0.4930 -235.1178 1.9507 110.4749 -2.3853 0.0000 -0.0000 442 pedestrian_0003
Pedestrian 0.00 1.00 0 0 0 0 0 0 0 0 1342.30 360.17 1346.99 369.94 1.9158 0.4880 0.6227 110.0646 1.9500 -77.9040 0.0086 0.0000 -0.0000 443 pedestrian_0024
Pedestrian 1.00 1.00 2 0 0 2 1 0 0 0 -1000.00 -1000.00 -1000.00 -1000.00 1.9158 0.4880 0.4934 6.0800 1.8930 -121.5593 1.8030 0.0000 -0.0000 444 pedestrian_0007
Pedestrian 1.00 1.00 0 0 0 0 0 0 0 0 -1000.00 -1000.00 -1000.00 -1000.00 1.9158 0.4880 0.4108 -111.0632 1.9555 -62.0993 -0.0868 0.0000 -0.0000 445 pedestrian_0023
Pedestrian 1.00 1.00 0 0 0 0 0 0 0 0 -1000.00 -1000.00 -1000.00 -1000.00 1.9158 0.4880 0.5913 -268.6632 1.9489 51.2550 1.2855 0.0000 -0.0000 446 pedestrian_0026
Pedestrian 0.00 1.00 0 0 0 0 0 0 0 0 1222.97 329.02 1225.79 332.91 1.1330 0.4333 0.6304 165.7251 -8.0590 -80.7971 -1.5542 0.0000 -0.0000 447 pedestrian_0009
Pedestrian 1.00 1.00 0 0 0 0 0 0 0 0 -1000.00 -1000.00 -1000.00 -1000.00 1.9158 0.4880 0.6124 100.1281 -8.0674 -247.9905 0.0745 0.0000 -0.0000 448 pedestrian_0015
Pedestrian 0.00 1.00 0 0 0 0 0 0 0 0 1230.36 360.12 1232.75 367.09 1.9158 0.4880 0.3910 153.6980 1.9500 -77.0357 3.0288 0.0000 -0.0000 449 pedestrian_0017
Pedestrian 1.00 1.00 0 1 0 8 4 0 0 0 -1000.00 -1000.00 -1000.00 -1000.00 1.9158 0.4880 0.6716 7.4524 1.8948 -134.6095 1.5833 0.0000 -0.0000 450 pedestrian_0023
Pedestrian 1.00 1.00 0 0 0 0 0 0 0 0 -1000.00 -1000.00 -1000.00 -1000.00 1.9158 0.4880 0.7507 -53.7469 1.9294 -44.6970 2.0152 0.0000 -0.0000 451 pedestrian_0001
Pedestrian 1.00 1.00 0 0 0 0 0 0 0 0 -1000.00 -1000.00 -1000.00 -1000.00 1.9158 0.4880 0.5886 -176.2912 1.9169 49.2118 -2.7403 0.0000 -0.0000 452 pedestrian_0017
Pedestrian 1.00 1.00 0 0 0 0 0 0 0 0 -1000.00 -1000.00 -1000.00 -1000.00 1.1330 0.4333 0.6322 19.2105 1.9387 -60.4174 3.0586 0.0000 -0.0000 453 pedestrian_0011
Pedestrian 1.00 1.00 0 0 0 0 0 0 0 0 -1000.00 -1000.00 -1000.00 -1000.00 1.9158 0.4880 0.7130 -268.2714 1.9527 -180.9079 -1.4496 0.0000 -0.0000 454 pedestrian_0018
Pedestrian 0.00 1.00 0 0 0 0 0 0 0 0 1699.51 359.92 1704.85 367.35 1.9158 0.4880 0.6655 144.2534 1.8946 -194.0162 1.2586 0.0000 -0.0000 455 pedestrian_0021
Pedestrian 0.00 1.00 0 0 0 0 0 0 0 0 1076.92 360.09 1078.37 365.20 1.9158 0.4880 0.4709 209.1038 1.9502 -46.4028 -1.6418 0.0000 -0.0000 456 pedestrian_0007
Pedestrian 1.00 1.00 3 2 1 6 0 0 0 0 -1000.00 -1000.00 -1000.00 -1000.00 1.9158 0.4880 0.7507 12.6194 1.9033 -43.6696 -1.6992 0.0000 -0.0000 457 pedestrian_0021
Pedestrian 0.00 1.00 0 0 0 0 0 0 0 0 154.41 299.11 165.68 313.38 1.9158 0.4880 0.7507 78.2821 -6.5297 109.2470 -3.1334 0.0000 -0.0000 458 pedestrian_0019
Pedestrian 1.00 1.00 0 0 0 0 0 0 0 0 -1000.00 -1000.00 -1000.00 -1000.00 1.1330 0.4333 0.5333 -188.9648 1.9393 137.7158 0.2091 0.0000 -0.0000 459 pedestrian_0009
Pedestrian 1.00 1.00 0 0 0 0 0 0 0 0 -1000.00 -1000.00 -1000.00 -1000.00 1.9158 0.4880 0.6605 -211.0851 1.9507 128.8372 0.4108 0.0000 -0.0000 460 pedestrian_0004
Pedestrian 1.00 1.00 0 0 0 0 0 0 0 0 -1000.00 -1000.00 -1000.00 -1000.00 1.3390 0.3253 0.4371 -94.9046 1.9419 -46.1387 1.5091 0.0000 -0.0000 461 pedestrian_0012
Pedestrian 1.00 1.00 0 0 0 0 0 0 0 0 -1000.00 -1000.00 -1000.00 -1000.00 1.9158 0.4880 0.5903 -145.3605 2.1026 -82.1942 1.3864 0.0000 -0.0000 462 pedestrian_0006
Pedestrian 1.00 1.00 6 4 6 33 1 0 0 0 -1000.00 -1000.00 -1000.00 -1000.00 1.1330 0.4333 0.6238 6.2619 1.8833 -49.1763 1.6157 0.0000 -0.0000 463 pedestrian_0009
Pedestrian 1.00 1.00 0 0 0 0 0 0 0 0 -1000.00 -1000.00 -1000.00 -1000.00 1.3390 0.3253 0.5005 -88.6081 2.0940 -152.2501 -0.0337 0.0000 -0.0000 464 pedestrian_0014
Pedestrian 1.00 1.00 0 0 0 0 0 0 0 0 -1000.00 -1000.00 -1000.00 -1000.00 1.1330 0.4333 0.6667 -92.1747 1.9389 -134.2500 -1.5834 0.0000 -0.0000 465 pedestrian_0010
Pedestrian 1.00 1.00 0 0 0 0 0 0 0 0 -1000.00 -1000.00 -1000.00 -1000.00 1.9158 0.4880 0.5151 -58.2468 1.9374 -38.1241 0.8186 0.0000 -0.0000 466 pedestrian_0017
Pedestrian 1.00 1.00 16 14 23 232 0 5 0 0 -1000.00 -1000.00 -1000.00 -1000.00 1.9158 0.4880 0.3883 -18.0009 1.9506 8.3445 2.3946 0.0000 -0.0000 467 pedestrian_0004
Pedestrian 0.00 1.00 0 0 0 0 0 0 0 0 632.75 360.36 640.60 380.26 1.9158 0.4880 0.5758 54.7249 1.9506 29.0774 -2.9653 0.0000 -0.0000 468 pedestrian_0021
Pedestrian 0.00 1.00 0 0 0 0 0 0 0 0 1428.03 366.23 1433.93 377.40 1.3390 0.3253 0.4552 67.9863 2.0941 -59.1311 -0.0007 0.0000 -0.0000 469 pedestrian_0013
Pedestrian 0.00 1.00 0 0 0 0 0 0 0 0 1414.97 359.91 1419.99 368.24 1.9158 0.4880 0.7507 128.7675 1.8945 -107.6684 1.5503 0.0000 -0.0000 470 pedestrian_0001
Pedestrian 0.00 1.00 0 0 0 0 0 0 0 0 1233.01 360.16 1237.11 369.33 1.9158 0.4880 0.7507 117.2982 1.9500 -59.9368 -0.0003 0.0000 -0.0000 471 pedestrian_0015
Pedestrian 1.00 1.00 0 0 0 0 0 0 0 0 -1000.00 -1000.00 -1000.00 -1000.00 1.9158 0.4880 0.7507 -89.1333 1.9506 144.1025 -0.0345 0.0000 -0.0000 472 pedestrian_0024
Pedestrian 1.00 1.00 0 0 0 0 0 0 0 0 -1000.00 -1000.00 -1000.00 -1000.00 1.3390 0.3253 0.3191 -74.3590 1.9434 -192.1327 1.5482 0.0000 -0.0000 473 pedestrian_0013
Pedestrian 1.00 1.00 0 0 0 0 0 0 0 0 -1000.00 -1000.00 -1000.00 -1000.00 1.9158 0.4880 0.4998 -129.9731 1.9498 -288.4209 3.0092 0.0000 -0.0000 474 pedestrian_0018
Pedestrian 1.00 1.00 0 0 0 1 0 0 0 0 -1000.00 -1000.00 -1000.00 -1000.00 1.3390 0.3253 0.4790 1.7132 2.0428 -171.7263 -3.0606 0.0000 -0.0000 475 pedestrian_0012
Pedestrian 1.00 1.00 2 2 3 11 0 2 0 0 -1000.00 -1000.00 -1000.00 -1000.00 1.9158 0.4880 0.5170 -93.4263 1.9487 31.1361 -1.1889 0.0000 -0.0000 476 pedestrian_0026
Pedestrian 1.00 1.00 0 0 0 0 0 0 0 0 -1000.00 -1000.00 -1000.00 -1000.00 1.9158 0.4880 0.4889 -88.4657 1.9499 -287.5100 -3.0903 0.0000 -0.0000 477 pedestrian_0016
Pedestrian 0.00 1.00 0 0 0 0 0 0 0 0 1788.50 360.30 1801.79 377.44 1.9158 0.4880 0.7507 63.2597 1.9500 -95.9971 1.5602 0.0000 -0.0000 478 pedestrian_0006
Pedestrian 1.00 1.00 0 0 0 0 0 0 0 0 -1000.00 -1000.00 -1000.00 -1000.00 1.9158 0.4880 0.4029 -154.1707 1.9499 -289.0185 3.0227 0.0000 -0.0000 479 pedestrian_0001
Pedestrian 1.00 1.00 0 0 0 0 0 0 0 0 -1000.00 -1000.00 -1000.00 -1000.00 1.9158 0.4880 0.6936 30.2202 1.8949 86.6395 -0.0632 0.0000 -0.0000 480 pedestrian_0021
Car 1.00 1.00 0 0 0 0 0 0 0 0 -1000.00 -1000.00 -1000.00 -1000.00 1.6980 1.9434 4.1871 17.8163 1.9850 -136.4914 -1.5556 0.0000 -0.0000 481 citroen_c3
Car 1.00 1.00 0 0 0 0 0 0 0 0 -1000.00 -1000.00 -1000.00 -1000.00 1.9718 2.0005 4.0595 18.4247 1.9505 -125.4402 -1.5556 0.0000 -0.0000 482 jeep_wrangler_rubicon
Car 1.00 1.00 0 0 0 0 0 0 0 0 -1000.00 -1000.00 -1000.00 -1000.00 1.9718 2.0005 4.0595 48.9311 1.9855 -135.4218 1.5860 0.0000 -0.0000 483 jeep_wrangler_rubicon
Car 1.00 1.00 0 0 0 0 0 0 0 0 -1000.00 -1000.00 -1000.00 -1000.00 1.9718 2.0005 4.0595 15.4838 1.9505 -125.4849 -1.5556 0.0000 -0.0000 484 jeep_wrangler_rubicon
Car 1.00 1.00 0 0 0 0 0 0 0 0 -1000.00 -1000.00 -1000.00 -1000.00 1.9718 2.0005 4.0595 -62.7673 1.9929 -113.6408 0.0152 0.0000 -0.0000 485 nissan_patrol
Car 1.00 1.00 0 0 0 0 0 0 0 0 -1000.00 -1000.00 -1000.00 -1000.00 1.5488 2.0688 3.9961 -62.7374 2.0206 -116.5359 -3.1264 0.0000 -0.0000 486 nissan_patrol
Car 1.00 1.00 0 0 0 0 0 0 0 0 -1000.00 -1000.00 -1000.00 -1000.00 1.4855 2.1349 -5.6254 -56.6026 1.9826 -96.6445 -3.1264 0.0000 -0.0000 487 nissan_patrol
Car 1.00 1.00 0 0 0 0 0 0 0 0 -1000.00 -1000.00 -1000.00 -1000.00 1.6244 1.8781 -3.8906 -56.3451 1.9687 -113.5420 0.0152 0.0000 -0.0000 488 nissan_patrol
Car 1.00 1.00 0 0 0 12 0 0 0 0 -1000.00 -1000.00 -1000.00 -1000.00 1.7506 2.3538 -4.8416 -39.2216 2.0495 -90.7620 0.0152 0.0000 -0.0000 489 nissan_patrol
Car 1.00 1.00 14 18 23 108 3 0 0 0 -1000.00 -1000.00 -1000.00 -1000.00 1.9718 2.0005 -4.0595 -39.0432 1.9929 -105.0589 -3.1264 0.0000 -0.0000 490 nissan_patrol
Car 1.00 1.00 0 0 0 0 0 0 0 0 -1000.00 -1000.00 -1000.00 -1000.00 1.9476 2.0282 4.8347 -63.0677 1.9780 -91.1249 -3.1264 0.0000 -0.0000 491 nissan_patrol
Car 1.00 1.00 0 0 0 0 0 0 0 0 -1000.00 -1000.00 -1000.00 -1000.00 1.9718 2.0005 4.0595 -63.0813 1.9929 -94.0196 -3.1264 0.0000 -0.0000 492 nissan_patrol
Car 1.00 1.00 0 0 0 0 0 0 0 0 -1000.00 -1000.00 -1000.00 -1000.00 1.6244 1.8781 3.8906 -45.6203 1.9687 -93.7548 0.0152 0.0000 -0.0000 493 nissan_patrol
Car 1.00 1.00 0 0 0 0 0 0 0 0 -1000.00 -1000.00 -1000.00 -1000.00 1.5488 2.0688 3.9961 -45.5777 2.0207 -96.4784 -3.1264 0.0000 -0.0000 494 nissan_patrol
Car 1.00 1.00 0 0 0 4 0 0 0 0 -1000.00 -1000.00 -1000.00 -1000.00 2.1397 2.1728 4.7017 -45.4222 1.9794 -105.1570 -3.1264 0.0000 -0.0000 495 nissan_patrol
Car 1.00 1.00 4 5 12 62 1 0 0 0 -1000.00 -1000.00 -1000.00 -1000.00 1.9476 2.0282 4.8347 -45.2492 1.9779 -113.3729 -3.1264 0.0000 -0.0000 496 nissan_patrol
Car 1.00 1.00 0 0 1 5 0 0 0 0 -1000.00 -1000.00 -1000.00 -1000.00 1.5100 1.8730 4.1000 -45.2724 1.9696 -116.2700 -3.1264 0.0000 -0.0000 497 nissan_patrol
Car 1.00 1.00 5 9 15 72 2 0 0 0 -1000.00 -1000.00 -1000.00 -1000.00 1.5488 2.0688 3.9961 -30.3959 2.0206 -102.0329 0.0152 0.0000 -0.0000 498 nissan_patrol
Car 1.00 1.00 0 0 0 5 0 0 0 0 -1000.00 -1000.00 -1000.00 -1000.00 1.5100 1.8730 4.1000 -30.3558 1.9696 -104.9277 0.0152 0.0000 -0.0000 499 nissan_patrol
Car 1.00 1.00 0 0 0 0 0 0 0 0 -1000.00 -1000.00 -1000.00 -1000.00 1.9476 2.0282 4.8347 -30.2676 1.9779 -107.6101 -3.1264 0.0000 -0.0000 500 nissan_patrol
Car 1.00 1.00 29 43 62 246 7 0 0 0 -1000.00 -1000.00 -1000.00 -1000.00 2.1397 2.1728 -4.7017 -24.1782 1.9795 -90.5330 -3.1264 0.0000 -0.0000 501 nissan_patrol
Car 1.00 1.00 9 8 11 47 4 0 0 0 -1000.00 -1000.00 -1000.00 -1000.00 1.9476 2.0282 -4.8347 -24.0673 1.9779 -93.4269 0.0152 0.0000 -0.0000 502 nissan_patrol
Car 1.00 1.00 4 6 8 36 1 0 0 0 -1000.00 -1000.00 -1000.00 -1000.00 1.6244 1.8781 -3.8906 -23.8814 1.9686 -110.4084 -3.1264 0.0000 -0.0000 503 nissan_patrol
Car 1.00 1.00 1 1 1 20 0 0 0 0 -1000.00 -1000.00 -1000.00 -1000.00 1.7506 2.3538 -4.8416 -23.8655 2.0494 -113.0476 -3.1264 0.0000 -0.0000 504 nissan_patrol
Car 1.00 1.00 0 0 0 0 0 0 0 0 -1000.00 -1000.00 -1000.00 -1000.00 1.9476 2.0282 4.8347 22.3042 1.9414 -137.0920 1.5860 0.0000 -0.0000 505 nissan_patrol
Car 1.00 1.00 0 0 0 0 0 0 0 0 -1000.00 -1000.00 -1000.00 -1000.00 1.5475 1.9070 4.4025 46.1264 1.9629 -135.0633 1.5860 0.0000 -0.0000 506 seat_leon
Car 1.00 1.00 0 0 0 0 0 0 0 0 -1000.00 -1000.00 -1000.00 -1000.00 2.5908 2.7453 5.4640 31.6946 1.9999 -136.8858 1.5860 0.0000 -0.0000 507 carlamotors_carlacola
Car 0.00 1.00 0 0 0 0 0 0 0 0 1628.63 357.22 1671.13 369.86 2.5908 2.7453 5.4640 116.0604 2.0212 -145.3610 -1.5556 0.0000 -0.0000 508 carlamotors_carlacola
Car 0.00 1.00 0 0 0 0 0 0 0 0 1608.93 357.30 1649.71 369.57 2.5908 2.7453 5.4640 119.5486 2.0212 -145.3079 -1.5556 0.0000 -0.0000 509 carlamotors_carlacola
Car 0.00 1.00 0 0 0 0 0 0 0 0 1503.84 356.52 1544.80 369.55 2.5908 2.7453 5.4640 113.9942 1.8991 -117.1504 -3.1264 0.0000 -0.0000 510 carlamotors_carlacola
Car 1.00 1.00 0 0 0 0 0 0 0 0 -1000.00 -1000.00 -1000.00 -1000.00 2.5908 2.7453 5.4640 27.3842 1.9999 -136.9514 1.5860 0.0000 -0.0000 511 carlamotors_carlacola
Car 0.00 1.00 0 0 0 0 0 0 0 0 1174.72 357.88 1252.84 382.26 2.2031 2.5091 6.5872 53.8192 2.0111 -26.3733 1.0624 0.0000 -0.0000 512 tesla_cybertruck