Car 1.00 1.00 0 0 0 0 0 0 0 0 -1000.00 -1000.00 -1000.00 -1000.00 1.5542 2.3421 5.1370 -106.8724 2.1340 -275.7925 -0.1596 0.0000 0.0000 0 lincoln2020_mkz2020
Car 1.00 1.00 6749 237834 380204 0 0 0 0 0 -1000.00 -1000.00 -1000.00 -1000.00 2.1397 2.1728 4.7045 -0.0005 2.0932 -2.2389 1.5708 0.0000 0.0000 1 volkswagen_t2
Motorcycle 1.00 1.00 0 0 0 0 0 0 0 0 -1000.00 -1000.00 -1000.00 -1000.00 1.6960 1.0692 2.4735 -111.1500 2.1235 -260.4888 -3.1260 0.0038 0.0023 2 harley_davidson_low_rider
Motorcycle 1.00 1.00 0 0 0 0 0 0 0 0 -1000.00 -1000.00 -1000.00 -1000.00 1.6960 1.0692 2.4735 -214.4999 2.1233 -262.2793 -0.6206 0.0006 -0.0047 3 harley_davidson_low_rider
Car 0.00 1.00 0 0 0 0 0 0 0 0 1222.41 362.24 1243.86 369.82 1.6320 2.1403 5.2230 125.0033 2.1466 -63.2788 -3.1222 -0.0027 -0.0000 4 dodge_charger_police
Car 1.00 1.00 0 0 0 0 0 0 0 0 -1000.00 -1000.00 -1000.00 -1000.00 1.5542 2.3421 5.1370 -245.3593 2.1345 -132.8220 1.5815 -0.0014 -0.0004 5 lincoln2020_mkz2020
Car 0.00 1.00 0 0 0 0 0 0 0 0 593.93 327.82 614.27 334.08 1.4546 2.0938 4.3903 153.6612 -7.2597 95.7612 -0.8196 -0.0104 -0.0029 6 audi_tt
Car 1.00 1.00 0 0 0 0 0 0 0 0 -1000.00 -1000.00 -1000.00 -1000.00 1.4477 1.5550 2.3177 -16.8129 2.1407 -163.3802 0.0074 -0.0116 0.0000 7 bmw_isetta
Car 0.00 1.00 0 0 2 0 0 0 0 0 725.78 329.50 744.46 336.02 1.7173 2.2591 5.2781 172.2879 -7.5475 67.2346 -1.1946 -0.0147 -0.0074 8 mercedes_benz_coupe
Car 1.00 1.00 465 541 850 9594 0 0 96 0 -1000.00 -1000.00 -1000.00 -1000.00 1.4812 2.1349 5.6254 -9.5786 2.1196 18.9463 0.5123 0.0006 -0.0023 9 chevrolet_impala
Car 0.00 0.79 0 3 6 24 0 0 0 0 776.27 361.94 801.02 368.81 1.6115 2.2019 5.2564 133.2730 2.0808 38.6142 -1.5250 -0.0001 0.0006 10 charger2020_charger2020
Car 0.00 1.00 0 0 0 0 0 0 0 0 1537.20 359.54 1576.07 368.92 2.2031 2.5091 6.5872 132.4989 2.0955 -143.7145 -1.5561 -0.0000 0.0000 11 tesla_cybertruck
Car 1.00 1.00 0 0 0 0 0 0 0 0 -1000.00 -1000.00 -1000.00 -1000.00 1.5140 2.1024 4.9073 -80.9258 2.1345 -97.9220 1.5238 -0.0000 -0.0000 12 mercedesccc_mercedesccc
Car 0.00 1.00 0 0 0 0 0 0 0 0 1499.73 361.60 1521.83 367.89 1.6980 1.9434 4.1871 153.8147 2.1443 -154.0202 3.1371 -0.0000 0.0000 13 citroen_c3
Car 0.00 1.00 0 0 0 0 0 0 0 0 1318.31 363.92 1355.13 373.50 1.4812 2.1349 5.6254 91.8059 2.1426 -63.8432 -3.1242 -0.0000 0.0000 14 chevrolet_impala
Car 0.00 1.00 0 0 0 0 0 0 0 0 1511.17 361.88 1542.14 368.95 1.6320 2.1403 5.2230 132.3949 2.0934 -136.5078 -1.5474 -0.0043 0.0000 15 dodge_charger_police
Car 1.00 1.00 0 7 9 30 5 0 0 0 -1000.00 -1000.00 -1000.00 -1000.00 1.5863 2.2347 5.1468 -8.0172 2.1221 -166.7283 0.0132 0.0001 -0.0027 16 lincoln_mkz2017
Car 1.00 1.00 0 0 0 22 0 0 0 0 -1000.00 -1000.00 -1000.00 -1000.00 1.7318 2.1344 5.0985 -101.9101 2.1516 117.9833 0.0149 -0.0008 0.0000 17 audi_etron
Car 1.00 1.00 0 1 3 1 0 0 0 0 -1000.00 -1000.00 -1000.00 -1000.00 1.7506 2.3538 4.8416 -18.1461 2.1335 -166.8704 0.0141 -0.0036 0.0000 18 bmw_grandtourer
Car 0.00 0.58 26 27 38 1419 0 0 0 0 594.20 364.63 637.36 378.53 1.5765 1.9374 3.8150 65.4803 2.1225 37.7456 -1.5705 0.0000 -0.0000 19 nissan_micra
Motorcycle 1.00 1.00 6 9 12 39 1 0 0 0 -1000.00 -1000.00 -1000.00 -1000.00 1.6960 1.0692 2.4735 -20.2061 2.1241 -76.3218 0.0168 0.0053 -0.0000 20 harley_davidson_low_rider
Car 1.00 1.00 0 0 0 0 0 0 0 0 -1000.00 -1000.00 -1000.00 -1000.00 1.5765 1.9374 3.8150 -78.5048 2.1221 -186.6483 1.5594 0.0001 -0.0000 21 nissan_micra
Car 0.00 1.00 0 0 0 0 0 0 0 0 1214.01 361.60 1241.44 369.02 1.7203 2.2019 5.4994 133.8818 2.1136 -66.3748 0.6947 -0.0002 0.0008 22 chargercop2020_chargercop2020
Car 1.00 1.00 3 11 13 64 4 0 0 0 -1000.00 -1000.00 -1000.00 -1000.00 1.5475 1.9070 4.4025 -9.0028 2.1075 -70.5779 0.4653 -0.0008 0.0008 23 seat_leon
Car 1.00 1.00 0 0 0 0 0 0 0 0 -1000.00 -1000.00 -1000.00 -1000.00 1.3660 1.9896 4.9534 -85.7546 2.1340 -205.9325 -1.5630 -0.0000 -0.0000 24 mustang_mustang
Cyclist 1.00 1.00 1 1 1 4 0 0 0 0 -1000.00 -1000.00 -1000.00 -1000.00 1.9709 0.6705 1.7250 -86.4260 2.1228 36.9333 -1.5561 0.0050 0.0000 25 diamondback_century
Cyclist 1.00 1.00 4 3 9 37 0 1 0 0 -1000.00 -1000.00 -1000.00 -1000.00 1.7065 0.8593 1.4873 -68.0905 2.0923 22.4120 -3.1401 -0.0000 0.0000 26 bh_crossbike
Car 1.00 1.00 0 0 0 0 0 0 0 0 -1000.00 -1000.00 -1000.00 -1000.00 2.1397 2.1728 4.7045 -64.0844 2.1485 -66.5987 -3.1230 0.0000 0.0000 27 volkswagen_t2
Car 1.00 1.00 0 0 0 0 0 0 0 0 -1000.00 -1000.00 -1000.00 -1000.00 1.9718 2.0005 4.0595 -90.5377 2.1403 85.9165 -1.5720 -0.0013 -0.0001 28 jeep_wrangler_rubicon
Car 0.00 0.46 8 7 12 117 0 0 0 0 779.22 365.60 816.41 382.77 1.5627 2.2716 5.0314 55.6509 2.1406 13.6569 0.0182 -0.0006 -0.0000 29 tesla_model3
Car 1.00 1.00 0 0 0 0 0 0 0 0 -1000.00 -1000.00 -1000.00 -1000.00 1.4546 2.0938 4.3903 76.4099 2.1418 -182.3236 1.5792 0.0000 -0.0000 30 audi_tt
Car 0.00 1.00 0 0 0 0 0 0 0 0 1311.90 362.12 1333.40 368.44 1.5488 2.0688 3.9961 138.7052 2.0795 -92.2993 1.5876 0.0000 -0.0000 31 mini_cooperst
Car 0.00 1.00 0 0 0 0 0 0 0 0 952.67 364.04 989.66 376.62 1.6011 2.1072 4.7392 73.3979 2.1364 -3.6643 1.5950 -0.0000 -0.0000 32 toyota_prius
Car 1.00 1.00 0 0 0 0 0 0 0 0 -1000.00 -1000.00 -1000.00 -1000.00 2.1397 2.1728 4.7045 -156.4794 2.1460 -62.5486 -1.5451 0.0061 0.0006 33 volkswagen_t2
Car 1.00 1.00 0 0 0 4 0 0 0 0 -1000.00 -1000.00 -1000.00 -1000.00 1.6011 2.1072 4.7392 -99.6069 2.1368 127.3950 2.8762 -0.0002 0.0032 34 toyota_prius
Car 0.00 1.00 0 0 0 0 0 0 0 0 1052.09 365.51 1091.06 375.73 1.3660 1.9896 4.9534 77.2352 2.1342 -17.5449 1.5744 -0.0000 -0.0000 35 mustang_mustang
Car 0.00 1.00 0 0 0 0 0 0 0 0 863.32 361.99 873.67 368.20 1.6011 2.1072 4.7392 147.8866 2.1364 21.9820 -3.1088 -0.0000 -0.0000 36 toyota_prius
Car 1.00 1.00 11 20 34 112 36 0 0 0 -1000.00 -1000.00 -1000.00 -1000.00 1.7506 2.3538 4.8416 -1.8145 2.0765 -91.7182 1.5920 0.0000 -0.0000 37 bmw_grandtourer
Car 0.00 1.00 0 0 0 0 0 0 0 0 1570.49 359.65 1610.37 368.80 2.2031 2.5091 6.5872 138.0555 2.1282 -157.9731 3.1053 -0.0015 0.0021 38 tesla_cybertruck
Motorcycle 0.00 1.00 0 0 0 0 0 0 0 0 935.00 361.83 944.56 368.54 1.6387 1.2138 2.3199 137.2365 2.0900 2.7235 1.5854 -0.0000 0.0000 39 yamaha_yzf
Car 1.00 1.00 0 0 0 0 0 0 0 0 -1000.00 -1000.00 -1000.00 -1000.00 1.9476 2.0282 4.8347 -77.3439 2.1238 -92.1524 1.5597 -0.0004 0.0000 40 nissan_patrol
Car 1.00 1.00 2 4 6 23 11 0 0 0 -1000.00 -1000.00 -1000.00 -1000.00 1.6115 2.2019 5.2564 -1.5392 2.0807 -98.1079 1.6386 -0.0001 0.0006 41 charger2020_charger2020
Car 0.00 1.00 0 0 0 0 0 0 0 0 1784.38 362.64 1837.26 371.45 1.6115 2.2019 5.2564 107.3495 2.1359 -165.3098 -0.0613 -0.0022 0.0011 42 charger2020_charger2020
Motorcycle 0.00 1.00 0 0 0 0 0 0 0 0 439.02 362.42 459.64 372.79 1.6649 1.0692 2.4735 91.9415 2.0682 81.4920 3.1220 0.0030 0.0000 43 harley_davidson_low_rider
Car 1.00 1.00 0 0 0 0 0 0 0 0 -1000.00 -1000.00 -1000.00 -1000.00 1.5542 2.3421 5.1370 -98.3107 2.1340 -274.1236 0.6396 0.0000 0.0000 44 lincoln2020_mkz2020
Motorcycle 0.00 1.00 0 0 0 0 0 0 0 0 1023.56 363.07 1042.74 375.62 1.6960 1.0692 2.4735 77.0884 2.1239 -12.2719 1.5873 0.0030 0.0000 45 harley_davidson_low_rider
Cyclist 1.00 1.00 0 0 0 0 0 0 0 0 -1000.00 -1000.00 -1000.00 -1000.00 1.9310 0.5921 1.9272 70.3889 2.1137 -158.6940 0.6467 -0.0030 -0.0169 46 gazelle_omafiets
Car 1.00 1.00 2854 3168 5029 208364 0 0 1594 0 -1000.00 -1000.00 -1000.00 -1000.00 1.7318 2.1344 5.0985 0.0226 2.0957 4.2206 1.5672 -0.0000 -0.0000 47 audi_etron
Car 0.00 1.00 0 0 0 0 0 0 0 0 972.81 360.50 993.75 368.94 1.9476 2.0282 4.8347 130.5897 2.0686 -7.6613 -1.5863 -0.0013 -0.0000 48 nissan_patrol
Car 1.00 1.00 459 475 758 29859 0 95 66 0 -1000.00 -1000.00 -1000.00 -1000.00 1.7203 2.2019 5.4994 -16.0052 2.1282 16.3068 0.0903 -0.0066 -0.0031 49 chargercop2020_chargercop2020
Car 1.00 1.00 0 0 0 0 0 0 0 0 -1000.00 -1000.00 -1000.00 -1000.00 1.6244 1.8781 3.8906 -154.4360 2.1330 -79.8076 1.9353 -0.0006 -0.0011 50 audi_a2
Car 1.00 1.00 0 0 0 0 0 0 0 0 -1000.00 -1000.00 -1000.00 -1000.00 1.5863 2.2347 5.1468 -25.5298 2.1365 -167.1458 -0.0378 0.0000 0.0002 51 lincoln_mkz2017
Cyclist 1.00 1.00 1 1 6 28 0 2 0 0 -1000.00 -1000.00 -1000.00 -1000.00 1.9709 0.6705 1.7250 -95.2563 2.1229 22.7982 -2.8630 0.0062 0.0044 52 diamondback_century
Cyclist 1.00 1.00 2 7 14 32 1 0 0 0 -1000.00 -1000.00 -1000.00 -1000.00 1.9311 0.5921 1.9272 -18.8355 2.1139 -72.7925 0.0176 -0.0042 -0.0000 53 gazelle_omafiets
Car 0.00 1.00 0 0 0 0 0 0 0 0 1270.76 361.40 1296.68 368.37 1.7173 2.2591 5.2781 142.0839 2.0956 -84.5900 1.5864 -0.0071 -0.0002 54 mercedes_benz_coupe
Car 1.00 1.00 0 0 0 0 0 0 0 0 -1000.00 -1000.00 -1000.00 -1000.00 1.5542 2.3421 5.1370 60.8342 2.0788 -212.7511 0.1076 0.0003 -0.0005 55 lincoln2020_mkz2020
Car 1.00 1.00 0 0 0 0 0 0 0 0 -1000.00 -1000.00 -1000.00 -1000.00 1.7506 2.3538 4.8416 20.3895 2.1318 -159.2990 3.1295 -0.0000 -0.0000 56 bmw_grandtourer
Car 0.00 1.00 0 0 0 0 0 0 0 0 1611.56 365.03 1662.97 376.14 1.4546 2.0938 4.3903 75.6671 2.1420 -93.3887 1.5790 0.0000 -0.0000 57 audi_tt
Car 1.00 1.00 0 0 0 0 0 0 0 0 -1000.00 -1000.00 -1000.00 -1000.00 1.7173 2.2591 5.2781 -80.8491 2.1513 -91.5836 1.5609 -0.0071 -0.0002 58 mercedes_benz_coupe
Car 0.00 1.00 0 0 0 0 0 0 0 0 1698.52 365.97 1803.59 384.34 1.5542 2.3421 5.1370 52.2219 2.1341 -75.0549 0.0170 0.0003 0.0000 59 lincoln2020_mkz2020
Car 0.00 1.00 0 0 0 0 0 0 0 0 626.50 359.63 654.27 369.75 2.1397 2.1728 4.7045 120.6914 2.0913 66.7422 -0.6715 0.0041 -0.0141 60 volkswagen_t2
Car 0.00 1.00 0 0 0 0 0 0 0 0 836.26 361.31 858.22 368.71 1.7506 2.3538 4.8416 135.9397 2.0810 25.2063 -1.1540 -0.0025 0.0048 61 bmw_grandtourer
Car 1.00 1.00 0 0 0 0 0 0 0 0 -1000.00 -1000.00 -1000.00 -1000.00 1.6320 2.1403 5.2230 96.5525 2.0933 -205.9409 -3.1406 -0.0043 0.0000 62 dodge_charger_police
Car 1.00 1.00 2 1 2 2 3 0 0 0 -1000.00 -1000.00 -1000.00 -1000.00 1.6980 1.9434 4.1871 2.0172 2.0891 -107.5599 1.5916 -0.0000 0.0000 63 citroen_c3
Car 1.00 1.00 0 0 0 0 0 0 0 0 -1000.00 -1000.00 -1000.00 -1000.00 1.4812 2.1349 5.6254 61.2659 2.1424 -162.2336 0.0354 0.0001 0.0019 64 chevrolet_impala
Car 1.00 1.00 2525 2819 4451 22877 0 466 0 0 -1000.00 -1000.00 -1000.00 -1000.00 1.6115 2.2019 5.2564 -10.3385 2.0807 1.1296 -1.4435 -0.0017 -0.0015 65 charger2020_charger2020
Car 0.00 1.00 0 0 0 0 0 0 0 0 872.38 363.59 887.29 370.41 1.3660 1.9896 4.9534 117.1937 2.1343 14.5289 -0.0926 -0.0000 -0.0000 66 mustang_mustang
Motorcycle 0.00 1.00 0 0 0 0 0 0 0 0 993.94 363.73 1010.30 375.44 1.5852 1.1236 2.1350 77.0046 2.0998 -8.0056 1.5944 -0.0000 -0.0000 67 kawasaki_ninja
Car 1.00 1.00 0 0 0 0 0 0 0 0 -1000.00 -1000.00 -1000.00 -1000.00 1.5488 2.0688 3.9961 -208.4822 2.0966 -49.2749 -1.5574 -0.0000 -0.0000 68 mini_cooperst
Car 1.00 1.00 0 0 0 0 0 0 0 0 -1000.00 -1000.00 -1000.00 -1000.00 1.5542 2.3421 5.1370 -156.8787 2.1336 -71.3482 -1.5192 -0.0001 -0.0003 69 lincoln2020_mkz2020
Car 1.00 1.00 42 52 86 371 23 0 0 0 -1000.00 -1000.00 -1000.00 -1000.00 1.9718 2.0005 4.0595 -8.8063 2.1118 -65.5730 -3.1264 0.0012 0.0000 70 jeep_wrangler_rubicon
Car 1.00 1.00 0 0 0 0 0 0 0 0 -1000.00 -1000.00 -1000.00 -1000.00 1.7506 2.3538 4.8416 -78.3709 2.1318 -180.7619 1.5592 0.0001 -0.0000 71 bmw_grandtourer
Car 0.00 1.00 0 0 0 0 0 0 0 0 1512.71 359.55 1550.11 368.69 2.2031 2.5091 6.5872 135.9617 2.0955 -141.3026 -1.5552 0.0000 -0.0000 72 tesla_cybertruck
Car 1.00 1.00 0 0 0 0 0 0 0 0 -1000.00 -1000.00 -1000.00 -1000.00 1.6244 1.8781 3.8906 -78.8546 2.1335 -1.3241 1.5864 -0.0005 -0.0011 73 audi_a2
Car 1.00 1.00 0 0 0 0 0 0 0 0 -1000.00 -1000.00 -1000.00 -1000.00 1.7203 2.2019 5.4994 72.5891 2.1386 -145.5599 -1.5399 -0.0001 0.0007 74 chargercop2020_chargercop2020
Car 1.00 1.00 0 0 0 0 0 0 0 0 -1000.00 -1000.00 -1000.00 -1000.00 1.6320 2.1403 5.2230 -82.2912 2.1492 -4.8360 1.5861 -0.0043 0.0000 75 dodge_charger_police
Car 1.00 1.00 287 313 479 11218 0 34 23 0 -1000.00 -1000.00 -1000.00 -1000.00 1.5140 2.1024 4.9073 -22.3726 2.1347 12.5455 0.0363 -0.0018 -0.0000 76 mercedesccc_mercedesccc
Car 1.00 1.00 0 0 0 0 0 0 0 0 -1000.00 -1000.00 -1000.00 -1000.00 1.6244 1.8781 3.8906 52.3655 2.0762 -213.1295 0.0197 0.0021 -0.0011 77 audi_a2
Car 1.00 1.00 0 0 0 0 0 0 0 0 -1000.00 -1000.00 -1000.00 -1000.00 1.6244 1.8781 3.8906 -52.7331 2.1333 -70.0388 -3.0929 -0.0005 -0.0011 78 audi_a2
Car 1.00 1.00 0 3 4 19 4 0 0 0 -1000.00 -1000.00 -1000.00 -1000.00 1.7203 2.2019 5.4994 9.8172 2.1330 -159.4905 -3.0721 -0.0038 0.0013 79 chargercop2020_chargercop2020
Car 1.00 1.00 0 0 0 0 0 0 0 0 -1000.00 -1000.00 -1000.00 -1000.00 2.1397 2.1728 4.7045 -160.2819 2.1487 -56.8598 -1.5529 0.0000 0.0000 80 volkswagen_t2
Car 1.00 1.00 0 0 0 0 0 0 0 0 -1000.00 -1000.00 -1000.00 -1000.00 1.3660 1.9896 4.9534 66.7344 2.1340 -167.9003 -0.5364 0.0000 0.0000 81 mustang_mustang
Car 1.00 1.00 1 0 1 22 1 0 0 0 -1000.00 -1000.00 -1000.00 -1000.00 1.7203 2.2019 5.4994 1.9210 2.0833 -95.0061 1.6250 -0.0001 0.0007 82 chargercop2020_chargercop2020
Car 1.00 1.00 0 0 0 0 0 0 0 0 -1000.00 -1000.00 -1000.00 -1000.00 1.6244 1.8781 3.8906 -65.9097 2.1356 115.0926 0.1118 -0.0046 -0.0070 83 audi_a2
Car 0.00 1.00 0 0 0 0 0 0 0 0 1538.02 363.56 1579.90 375.34 1.6244 1.8781 3.8906 79.1068 2.1332 -86.5748 1.5799 -0.0005 -0.0011 84 audi_a2
Car 0.00 1.00 0 0 0 0 0 0 0 0 1478.27 362.64 1501.47 367.57 1.3660 1.9896 4.9534 159.7709 2.1339 -153.9404 3.1163 -0.0000 -0.0000 85 mustang_mustang
Car 1.00 1.00 0 0 0 0 0 0 0 0 -1000.00 -1000.00 -1000.00 -1000.00 1.6244 1.8781 3.8906 -72.1600 2.1347 -272.0733 -0.2728 -0.0043 0.0143 86 audi_a2
Car 1.00 1.00 0 0 0 0 0 0 0 0 -1000.00 -1000.00 -1000.00 -1000.00 1.9718 2.0005 4.0595 -163.0230 2.1380 -77.8183 -0.5719 -0.0008 -0.0036 87 jeep_wrangler_rubicon
Car 1.00 1.00 0 0 0 0 0 0 0 0 -1000.00 -1000.00 -1000.00 -1000.00 1.9718 2.0005 4.0595 -46.5744 1.7425 -273.2809 0.0219 -0.0608 -0.0002 88 jeep_wrangler_rubicon
Car 1.00 1.00 0 0 0 0 0 0 0 0 -1000.00 -1000.00 -1000.00 -1000.00 1.3660 1.9896 4.9534 -243.3855 2.1344 -35.8532 1.5836 -0.0001 -0.0000 89 mustang_mustang
Motorcycle 0.00 1.00 0 0 0 0 0 0 0 0 587.83 361.58 602.82 369.72 1.6649 1.0692 2.4735 123.2564 2.0687 78.1248 2.5673 0.0047 -0.0402 90 harley_davidson_low_rider
Car 1.00 1.00 0 0 0 0 0 0 0 0 -1000.00 -1000.00 -1000.00 -1000.00 1.5475 1.9070 4.4025 -127.3337 2.1358 128.8688 -3.1256 -0.0007 0.0008 91 seat_leon
Motorcycle 0.00 1.00 0 0 0 0 0 0 0 0 978.66 361.82 988.33 368.55 1.6387 1.2138 2.3199 137.3389 2.0901 -8.0113 1.5734 -0.0020 -0.0000 92 yamaha_yzf
Cyclist 1.00 1.00 0 0 0 0 0 0 0 0 -1000.00 -1000.00 -1000.00 -1000.00 1.9311 0.5921 1.9272 -93.5277 2.1128 72.8847 -2.4918 -0.0037 0.0171 93 gazelle_omafiets
Car 1.00 1.00 0 0 0 0 0 0 0 0 -1000.00 -1000.00 -1000.00 -1000.00 1.5140 2.1024 4.9073 -151.9774 2.1342 -72.0431 -3.1054 -0.0000 -0.0000 94 mercedesccc_mercedesccc
Car 1.00 1.00 0 0 0 0 0 0 0 0 -1000.00 -1000.00 -1000.00 -1000.00 1.4546 2.0938 4.3903 47.4377 2.0863 -206.3150 3.1302 0.0001 0.0000 95 audi_tt
Car 1.00 1.00 0 0 0 0 0 0 0 0 -1000.00 -1000.00 -1000.00 -1000.00 2.1397 2.1728 4.7045 -77.3716 2.1485 -98.4897 1.5772 0.0000 -0.0000 96 volkswagen_t2
Car 1.00 1.00 0 0 0 0 0 0 0 0 -1000.00 -1000.00 -1000.00 -1000.00 1.5140 2.1024 4.9073 -86.5125 2.1347 41.7699 -1.5555 0.0000 -0.0000 97 mercedesccc_mercedesccc
Car 0.00 1.00 0 0 0 0 0 0 0 0 936.44 362.39 958.93 368.35 1.4812 2.1349 5.6254 140.7697 2.0873 0.8577 1.5864 0.0000 -0.0000 98 chevrolet_impala
Car 0.00 1.00 0 0 0 0 0 0 0 0 511.65 362.71 537.40 371.78 1.5765 1.9374 3.8150 100.1646 2.0671 75.5994 0.1275 -0.0006 -0.0015 99 nissan_micra
Motorcycle 0.00 1.00 0 0 0 0 0 0 0 0 1588.29 363.79 1613.73 375.72 1.5853 1.1236 2.1350 75.6260 2.0997 -88.4944 1.5785 -0.0001 -0.0000 100 kawasaki_ninja
Car 1.00 1.00 0 0 0 0 0 0 0 0 -1000.00 -1000.00 -1000.00 -1000.00 1.9476 2.0282 4.8347 -209.2061 2.1244 -257.3163 -0.5772 -0.0020 0.0304 101 nissan_patrol
Car 1.00 1.00 0 0 0 0 0 0 0 0 -1000.00 -1000.00 -1000.00 -1000.00 2.1397 2.1728 4.7045 -78.7875 2.1487 -7.1448 1.5841 0.0000 -0.0000 102 volkswagen_t2
Car 1.00 1.00 0 0 0 0 0 0 0 0 -1000.00 -1000.00 -1000.00 -1000.00 1.3660 1.9896 4.9534 -91.1716 2.1345 63.4959 -1.0376 0.0000 0.0000 103 mustang_mustang
Car 0.00 0.38 12 12 13 151 0 0 0 2 751.93 364.76 780.87 379.55 1.5627 2.2716 5.0314 64.6670 2.1403 20.0294 0.5160 -0.0003 0.0029 104 tesla_model3
Car 0.00 1.00 0 0 0 0 0 0 0 0 1258.41 362.71 1283.84 370.51 1.5542 2.3421 5.1370 116.3884 2.1347 -66.9314 -3.1253 -0.0034 -0.0000 105 lincoln2020_mkz2020
Car 1.00 1.00 0 0 0 0 0 0 0 0 -1000.00 -1000.00 -1000.00 -1000.00 1.5627 2.2716 5.0314 68.7554 2.1401 -131.1688 -1.5620 -0.0004 0.0000 106 tesla_model3
Car 1.00 1.00 0 0 0 0 0 0 0 0 -1000.00 -1000.00 -1000.00 -1000.00 1.5765 1.9374 3.8150 -88.4902 2.1224 -55.3079 -1.5423 0.0000 -0.0000 107 nissan_micra
Cyclist 1.00 1.00 0 0 0 0 0 0 0 0 -1000.00 -1000.00 -1000.00 -1000.00 1.9311 0.5921 1.9272 -63.1086 2.1139 -70.0683 -3.1244 -0.0039 -0.0000 108 gazelle_omafiets
Cyclist 1.00 1.00 0 0 0 0 0 0 0 0 -1000.00 -1000.00 -1000.00 -1000.00 1.9311 0.5921 1.9272 55.3234 -7.9116 -274.8868 0.0135 -0.0028 0.0000 109 gazelle_omafiets
Car 1.00 1.00 220 232 383 1805 42 0 0 0 -1000.00 -1000.00 -1000.00 -1000.00 1.4546 2.0938 4.3903 -6.9844 2.0867 -27.9654 -1.5457 -0.0005 0.0000 110 audi_tt
Car 1.00 1.00 0 0 0 0 0 0 0 0 -1000.00 -1000.00 -1000.00 -1000.00 1.9476 2.0282 4.8347 -58.4819 2.1238 -69.9946 -3.1240 -0.0004 0.0000 111 nissan_patrol
Car 1.00 1.00 0 0 0 0 0 0 0 0 -1000.00 -1000.00 -1000.00 -1000.00 1.4546 2.0938 4.3903 -1.6907 2.0866 -104.2218 1.6056 0.0000 0.0000 112 audi_tt
Car 1.00 1.00 0 0 0 0 0 0 0 0 -1000.00 -1000.00 -1000.00 -1000.00 1.7506 2.3538 4.8416 53.4072 2.0762 -216.7742 0.0319 0.0000 -0.0000 113 bmw_grandtourer
Car 1.00 1.00 19 23 36 136 5 0 0 0 -1000.00 -1000.00 -1000.00 -1000.00 1.9718 2.0005 4.0595 -12.0324 2.1134 -77.5898 -0.4859 -0.0045 -0.0006 114 jeep_wrangler_rubicon
Motorcycle 0.00 1.00 0 0 0 0 0 0 0 0 1297.70 361.81 1310.06 368.46 1.6387 1.2138 2.3199 138.6305 2.0899 -87.6029 1.5864 -0.0000 0.0000 115 yamaha_yzf
Car 1.00 1.00 0 0 1 3 0 0 0 0 -1000.00 -1000.00 -1000.00 -1000.00 1.7203 2.2019 5.4994 10.9427 2.1390 -163.1514 -0.0883 0.0042 0.0004 116 chargercop2020_chargercop2020
Car 0.00 1.00 0 0 0 0 0 0 0 0 1194.49 361.75 1215.00 369.17 1.6980 1.9434 4.1871 130.1446 2.1182 -59.2268 -1.8853 0.0058 -0.0005 117 citroen_c3
Car 0.00 1.00 0 0 0 0 0 0 0 0 1431.40 330.29 1453.64 335.56 1.5542 2.3421 5.1370 178.0817 -7.8660 -156.3505 -1.5381 -0.0012 -0.0004 118 lincoln2020_mkz2020
Car 0.00 0.69 7 3 8 120 0 0 0 1 823.84 355.46 875.29 379.26 2.5908 2.7453 5.4640 66.0414 2.1391 10.6119 -1.5467 0.0257 0.0001 119 carlamotors_carlacola
Car 0.00 1.00 0 0 0 0 0 0 0 0 1656.99 364.00 1703.85 375.98 1.5765 1.9374 3.8150 75.6399 2.1222 -99.1715 1.5789 0.0000 -0.0000 120 nissan_micra
Car 0.00 1.00 0 0 0 0 0 0 0 0 978.48 329.67 986.22 334.70 1.4477 1.5550 2.3177 172.0492 -7.8548 -9.1220 -1.5791 -0.0121 0.0000 121 bmw_isetta
Car 0.00 1.00 0 0 0 0 0 0 0 0 1006.95 361.41 1028.67 368.46 1.7173 2.2591 5.2781 141.0015 2.0961 -16.8082 1.5468 -0.0082 -0.0002 122 mercedes_benz_coupe
Car 1.00 1.00 47 46 74 331 0 11 0 0 -1000.00 -1000.00 -1000.00 -1000.00 1.7173 2.2591 5.2781 -63.2062 2.1515 22.5373 -3.1255 -0.0071 -0.0002 123 mercedes_benz_coupe
Car 0.00 1.00 0 0 0 0 0 0 0 0 1563.25 362.15 1584.16 368.68 1.5765 1.9374 3.8150 137.0787 2.1132 -152.8653 -1.2985 -0.0029 -0.0008 124 nissan_micra
Car 0.00 0.46 3 2 2 105 0 0 0 0 727.01 365.40 770.40 384.47 1.6115 2.2019 5.2564 52.1166 2.1363 17.1289 0.0461 -0.0005 0.0005 125 charger2020_charger2020
Car 0.00 1.00 0 0 0 0 0 0 0 0 856.98 360.75 870.12 370.37 1.9476 2.0282 4.8347 117.4431 2.1203 17.9768 0.0295 0.0119 -0.0000 126 nissan_patrol
Car 1.00 1.00 0 0 0 0 0 0 0 0 -1000.00 -1000.00 -1000.00 -1000.00 1.5140 2.1024 4.9073 -141.7003 2.1341 -260.7673 3.1404 -0.0011 -0.0001 127 mercedesccc_mercedesccc
Car 1.00 1.00 0 0 0 0 0 0 0 0 -1000.00 -1000.00 -1000.00 -1000.00 1.7173 2.2591 5.2781 -85.6097 2.1511 -199.2969 -1.5791 -0.0071 -0.0002 128 mercedes_benz_coupe
Car 1.00 1.00 12 12 23 85 12 0 0 0 -1000.00 -1000.00 -1000.00 -1000.00 1.4812 2.1349 5.6254 -5.1853 2.0868 -84.9135 -1.5524 0.0000 -0.0004 129 chevrolet_impala
Car 1.00 1.00 0 0 0 0 0 0 0 0 -1000.00 -1000.00 -1000.00 -1000.00 2.1397 2.1728 4.7045 -247.7824 2.1485 -168.3936 1.5952 -0.0003 -0.0006 130 volkswagen_t2
Car 0.00 1.00 0 0 0 0 0 0 0 0 1630.59 364.77 1696.73 381.32 1.6244 1.8781 3.8906 58.3773 2.1332 -74.9257 0.0165 -0.0005 -0.0011 131 audi_a2
Car 1.00 1.00 36 40 67 301 0 6 0 0 -1000.00 -1000.00 -1000.00 -1000.00 1.9476 2.0282 4.8347 -66.6298 2.1240 18.7106 -3.1359 -0.0003 -0.0000 132 nissan_patrol
Car 1.00 1.00 28 39 64 307 6 0 0 0 -1000.00 -1000.00 -1000.00 -1000.00 1.9476 2.0282 4.8347 -24.0209 2.1232 -72.8712 0.0184 0.0019 -0.0000 133 nissan_patrol
Car 0.00 1.00 0 0 0 0 0 0 0 0 1750.82 325.91 1782.04 333.41 1.9476 2.0282 4.8347 163.1076 -7.8820 -237.9789 0.8245 -0.0005 0.0036 134 nissan_patrol
Car 1.00 1.00 8148 21809 34952 254544 0 2311 0 0 -1000.00 -1000.00 -1000.00 -1000.00 1.7506 2.3538 4.8416 -3.4684 2.0767 -3.9271 1.5734 0.0000 -0.0000 135 bmw_grandtourer
Car 1.00 1.00 0 0 0 0 0 0 0 0 -1000.00 -1000.00 -1000.00 -1000.00 1.9476 2.0282 4.8347 15.5578 2.1236 -155.8714 -3.1280 -0.0005 -0.0000 136 nissan_patrol
Car 0.00 1.00 0 0 0 0 0 0 0 0 1536.40 363.55 1614.34 380.05 1.7203 2.2019 5.4994 63.1101 2.1387 -70.9838 0.1849 -0.0001 0.0007 137 chargercop2020_chargercop2020
Car 1.00 1.00 24 25 34 295 8 0 0 0 -1000.00 -1000.00 -1000.00 -1000.00 2.5908 2.7453 5.4640 17.4032 2.1595 -68.6435 -3.1239 0.0000 -0.0000 138 carlamotors_carlacola
Car 0.00 1.00 0 0 0 0 0 0 0 0 882.09 361.89 892.03 367.59 1.5863 2.2347 5.1468 159.6367 2.1365 18.6080 0.0137 -0.0001 -0.0000 139 lincoln_mkz2017
Car 0.00 1.00 0 0 0 0 0 0 0 0 883.67 360.48 892.25 366.35 1.9718 2.0005 4.0595 189.4837 2.1395 22.2397 3.0355 -0.0005 0.0025 140 jeep_wrangler_rubicon
Car 1.00 1.00 0 0 0 0 0 0 0 0 -1000.00 -1000.00 -1000.00 -1000.00 1.6011 2.1072 4.7392 73.8576 2.1261 -202.3218 -1.3282 -0.0035 0.0005 141 toyota_prius
Car 0.00 1.00 0 0 0 0 0 0 0 0 1211.32 361.44 1221.60 368.36 1.7318 2.1344 5.0985 145.0899 2.1220 -68.8706 -0.3760 0.0014 0.0034 142 audi_etron
Car 1.00 1.00 0 0 0 0 0 0 0 0 -1000.00 -1000.00 -1000.00 -1000.00 2.2031 2.5091 6.5872 -84.5803 2.1509 -78.9062 -1.5479 0.0009 0.0000 143 tesla_cybertruck
Car 1.00 1.00 0 0 0 0 0 0 0 0 -1000.00 -1000.00 -1000.00 -1000.00 1.5765 1.9374 3.8150 72.8716 2.1230 -171.9589 -1.5618 -0.0024 -0.0000 144 nissan_micra
Car 1.00 1.00 0 0 0 0 0 0 0 0 -1000.00 -1000.00 -1000.00 -1000.00 1.4546 2.0938 4.3903 1.8963 2.0866 -101.8727 1.5909 0.0000 -0.0000 145 audi_tt
Car 1.00 1.00 0 0 0 0 0 0 0 0 -1000.00 -1000.00 -1000.00 -1000.00 1.4812 2.1349 5.6254 -134.9326 2.1053 -221.4706 -0.1049 -0.0027 0.0004 146 chevrolet_impala
Car 1.00 1.00 0 0 0 5 0 0 0 0 -1000.00 -1000.00 -1000.00 -1000.00 2.2031 2.5091 6.5872 -28.8482 1.1755 115.8208 -0.0082 -0.0886 0.0021 147 tesla_cybertruck
Car 1.00 1.00 0 0 0 0 0 0 0 0 -1000.00 -1000.00 -1000.00 -1000.00 1.9718 2.0005 4.0595 -57.8696 2.1397 -66.4875 -3.1240 -0.0004 -0.0001 148 jeep_wrangler_rubicon
Car 1.00 1.00 0 0 0 0 0 0 0 0 -1000.00 -1000.00 -1000.00 -1000.00 1.3660 1.9896 4.9534 -87.8653 2.1343 -86.6007 -1.5471 -0.0002 -0.0000 149 mustang_mustang
Car 1.00 1.00 0 0 0 0 0 0 0 0 -1000.00 -1000.00 -1000.00 -1000.00 1.3660 1.9896 4.9534 69.5245 2.1338 -188.1509 -1.5604 -0.0001 -0.0000 150 mustang_mustang
Car 1.00 1.00 0 0 0 0 0 0 0 0 -1000.00 -1000.00 -1000.00 -1000.00 2.5908 2.7453 5.4640 -82.2796 2.1597 -11.3793 1.5503 0.0000 -0.0000 151 carlamotors_carlacola
Car 0.00 0.60 0 4 7 63 0 0 0 3 801.10 362.11 825.81 369.02 1.5863 2.2347 5.1468 130.0926 2.0813 31.8591 -1.5886 0.0000 -0.0000 152 lincoln_mkz2017
Car 1.00 1.00 0 0 0 0 0 0 0 0 -1000.00 -1000.00 -1000.00 -1000.00 1.7506 2.3538 4.8416 -118.2819 2.1319 -278.0350 -0.1088 -0.0005 -0.0035 153 bmw_grandtourer
Cyclist 1.00 1.00 0 0 0 0 0 0 0 0 -1000.00 -1000.00 -1000.00 -1000.00 1.9709 0.6705 1.7250 79.8699 2.1222 -177.5071 1.5783 0.0046 0.0000 154 diamondback_century
Cyclist 1.00 1.00 0 0 0 0 0 0 0 0 -1000.00 -1000.00 -1000.00 -1000.00 1.9311 0.5921 1.9272 -160.6229 2.1131 -76.1999 0.0219 -0.0041 0.0001 155 gazelle_omafiets
Motorcycle 0.00 1.00 0 0 0 0 0 0 0 0 1338.34 361.07 1346.66 365.64 1.6960 1.0692 2.4735 211.5266 2.1235 -147.5177 0.8605 0.0042 -0.0141 156 harley_davidson_low_rider
Car 1.00 1.00 0 0 0 0 0 0 0 0 -1000.00 -1000.00 -1000.00 -1000.00 2.1397 2.1728 4.7045 -84.5417 2.1514 111.3319 1.7169 -0.0060 0.0108 157 volkswagen_t2
Car 1.00 1.00 0 0 0 0 0 0 0 0 -1000.00 -1000.00 -1000.00 -1000.00 1.5488 2.0688 3.9961 -246.5751 2.1352 -59.5032 1.5863 -0.0001 -0.0000 158 mini_cooperst
Cyclist 1.00 1.00 0 0 0 0 0 0 0 0 -1000.00 -1000.00 -1000.00 -1000.00 1.9311 0.5921 1.9272 49.2583 2.1137 -162.5024 0.0145 -0.0024 -0.0001 159 gazelle_omafiets
Car 1.00 1.00 5 6 14 31 4 0 0 0 -1000.00 -1000.00 -1000.00 -1000.00 1.4812 2.1349 5.6254 -8.2817 2.0885 -113.0716 -1.5560 -0.0025 0.0000 160 chevrolet_impala
Car 0.00 1.00 0 0 0 0 0 0 0 0 1456.17 332.59 1477.74 337.84 1.7173 2.2591 5.2781 195.8352 -7.8497 -180.3814 1.4697 -0.0071 0.0022 161 mercedes_benz_coupe
Car 1.00 1.00 0 0 0 0 0 0 0 0 -1000.00 -1000.00 -1000.00 -1000.00 1.9718 2.0005 4.0595 -149.2341 2.1398 -88.7457 1.6007 -0.0004 -0.0001 162 jeep_wrangler_rubicon
Car 0.00 1.00 0 0 0 0 0 0 0 0 114.09 363.10 205.76 381.03 1.7506 2.3538 4.8416 58.2181 2.0779 80.1350 2.9411 -0.0025 0.0036 163 bmw_grandtourer
Car 0.00 1.00 0 0 0 0 0 0 0 0 948.99 361.89 970.72 368.53 1.6115 2.2019 5.2564 137.2803 2.0807 -2.1841 1.6110 -0.0001 0.0006 164 charger2020_charger2020
Car 0.00 1.00 0 0 0 0 0 0 0 0 1000.43 363.83 1031.87 376.55 1.6244 1.8781 3.8906 73.5182 2.1333 -9.5582 1.5915 -0.0005 -0.0011 165 audi_a2
Car 0.00 1.00 0 0 0 0 0 0 0 0 1596.84 329.78 1620.39 335.12 1.5475 1.9070 4.4025 175.0283 -7.8670 -205.8068 -1.9663 -0.0002 -0.0097 166 seat_leon
Car 1.00 1.00 0 0 0 4 0 0 0 0 -1000.00 -1000.00 -1000.00 -1000.00 1.5765 1.9374 3.8150 -103.7710 2.1228 121.9283 -0.0359 0.0000 -0.0000 167 nissan_micra
Car 1.00 1.00 0 0 0 16 0 0 0 0 -1000.00 -1000.00 -1000.00 -1000.00 1.5863 2.2347 5.1468 -90.6039 2.1369 76.6263 -1.5838 -0.0007 -0.0005 168 lincoln_mkz2017
Car 1.00 1.00 0 6 10 21 4 0 0 0 -1000.00 -1000.00 -1000.00 -1000.00 1.7506 2.3538 4.8416 -3.8170 2.1196 -158.1986 0.7557 0.0006 0.0016 169 bmw_grandtourer
Car 0.00 1.00 0 0 0 0 0 0 0 0 1615.68 366.36 1709.94 382.86 1.4812 2.1349 5.6254 55.8236 2.1427 -71.4762 0.0176 0.0000 -0.0000 170 chevrolet_impala
Car 0.00 1.00 0 0 0 0 0 0 0 0 1506.16 362.34 1533.72 367.86 1.4812 2.1349 5.6254 154.8997 2.1424 -157.6123 3.0952 0.0000 -0.0000 171 chevrolet_impala
Car 0.00 1.00 0 0 0 0 0 0 0 0 1159.48 361.61 1171.68 366.61 1.6011 2.1072 4.7392 182.6131 2.1362 -69.5646 0.0337 -0.0003 0.0000 172 toyota_prius
Car 1.00 1.00 0 4 5 21 12 0 0 0 -1000.00 -1000.00 -1000.00 -1000.00 1.6115 2.2019 5.2564 -1.7871 2.1129 -166.2986 -2.1922 -0.0013 0.0038 173 charger2020_charger2020
Car 1.00 1.00 0 0 0 0 0 0 0 0 -1000.00 -1000.00 -1000.00 -1000.00 1.5475 1.9070 4.4025 -88.1026 2.1355 -76.7664 -1.5450 -0.0000 0.0000 174 seat_leon
Car 1.00 1.00 0 0 0 0 0 0 0 0 -1000.00 -1000.00 -1000.00 -1000.00 2.5908 2.7453 5.4640 -82.0922 2.1593 -184.8192 1.5728 0.0000 0.0000 175 carlamotors_carlacola
Car 0.00 1.00 0 0 0 0 0 0 0 0 1682.37 363.02 1728.14 370.28 1.4812 2.1349 5.6254 119.4019 2.1424 -161.2832 0.0288 0.0000 0.0000 176 chevrolet_impala
Car 0.00 1.00 0 0 0 0 0 0 0 0 1356.13 331.15 1371.69 337.27 1.9718 2.0005 4.0595 191.3155 -7.8606 -140.8921 1.7066 -0.0011 0.0014 177 jeep_wrangler_rubicon
Car 1.00 1.00 0 0 0 0 0 0 0 0 -1000.00 -1000.00 -1000.00 -1000.00 1.6980 1.9434 4.1871 -85.1010 2.1445 -150.9089 -1.5789 0.0000 0.0000 178 citroen_c3
Car 1.00 1.00 7 14 16 65 24 0 0 0 -1000.00 -1000.00 -1000.00 -1000.00 1.5488 2.0688 3.9961 1.6287 2.0796 -88.9907 1.5917 0.0000 -0.0000 179 mini_cooperst
Motorcycle 0.00 1.00 0 0 0 0 0 0 0 0 1654.20 362.99 1681.34 375.18 1.6960 1.0692 2.4735 79.2447 2.1237 -102.1013 1.5772 0.0028 0.0000 180 harley_davidson_low_rider
Car 0.00 1.00 0 0 0 0 0 0 0 0 1042.95 361.77 1049.65 365.58 1.4477 1.5550 2.3177 215.1091 2.1413 -35.5637 -1.5556 -0.0061 0.0001 181 bmw_isetta
Cyclist 0.00 1.00 0 0 0 0 0 0 0 0 1582.79 362.72 1600.15 374.92 1.7065 0.8593 1.4873 79.2174 2.0920 -91.3081 1.5897 0.0000 -0.0000 182 bh_crossbike
Car 0.00 1.00 0 0 0 0 0 0 0 0 1268.27 332.19 1285.55 337.17 1.6011 2.1072 4.7392 190.7895 -7.8640 -110.7223 1.6099 -0.0001 -0.0001 183 toyota_prius
Car 1.00 1.00 0 0 0 0 0 0 0 0 -1000.00 -1000.00 -1000.00 -1000.00 1.5488 2.0688 3.9961 -81.8472 2.1350 -178.7598 1.5589 0.0000 -0.0000 184 mini_cooperst
Car 1.00 1.00 0 0 0 0 0 0 0 0 -1000.00 -1000.00 -1000.00 -1000.00 1.6980 1.9434 4.1871 -89.2098 2.1444 -204.9603 -1.5814 0.0000 0.0000 185 citroen_c3
Car 0.00 1.00 0 0 0 0 0 0 0 0 1323.53 361.34 1335.45 365.58 1.5765 1.9374 3.8150 216.1349 2.1226 -145.6115 0.9838 -0.0019 0.0108 186 nissan_micra
Car 0.00 1.00 0 0 0 0 0 0 0 0 1601.52 362.66 1655.78 375.35 1.7506 2.3538 4.8416 79.1924 2.1319 -96.4726 1.5791 0.0000 -0.0000 187 bmw_grandtourer
Car 1.00 1.00 0 0 0 0 0 0 0 0 -1000.00 -1000.00 -1000.00 -1000.00 1.5488 2.0688 3.9961 60.6492 2.1348 -165.8243 -0.0061 0.0002 0.0000 188 mini_cooperst
Car 1.00 1.00 0 0 0 0 0 0 0 0 -1000.00 -1000.00 -1000.00 -1000.00 1.5488 2.0688 3.9961 -84.2417 2.1350 -97.0222 -1.5689 -0.0002 -0.0000 189 mini_cooperst
Car 0.00 1.00 0 0 0 0 0 0 0 0 1429.32 361.65 1449.18 366.84 1.6011 2.1072 4.7392 176.6397 2.1351 -154.0401 -3.1109 0.0019 -0.0004 190 toyota_prius
Car 0.00 1.00 0 0 0 0 0 0 0 0 943.02 365.54 979.69 375.82 1.3660 1.9896 4.9534 76.8685 2.1343 -2.4006 1.5950 0.0000 -0.0000 191 mustang_mustang
Car 1.00 1.00 0 0 0 0 0 0 0 0 -1000.00 -1000.00 -1000.00 -1000.00 1.9476 2.0282 4.8347 -199.1798 2.1244 -271.2538 -0.4567 -0.0038 0.0037 192 nissan_patrol
Pedestrian 1.00 1.00 0 0 0 0 0 0 0 0 -1000.00 -1000.00 -1000.00 -1000.00 1.9158 0.4880 0.6067 -251.0272 1.9515 -236.3552 -1.1898 0.0000 -0.0000 193 pedestrian_0019
Pedestrian 1.00 1.00 0 0 0 0 0 0 0 0 -1000.00 -1000.00 -1000.00 -1000.00 1.1330 0.4333 0.6667 -119.8997 1.9047 -228.8530 -0.0497 0.0000 -0.0000 194 pedestrian_0010
Pedestrian 1.00 1.00 0 0 0 0 0 0 0 0 -1000.00 -1000.00 -1000.00 -1000.00 1.9158 0.4880 0.4866 64.1021 1.9499 -173.1943 3.0409 0.0000 -0.0000 195 pedestrian_0005
Pedestrian 0.00 1.00 0 0 0 0 0 0 0 0 1409.71 359.91 1414.11 368.30 1.9158 0.4880 0.6073 127.7882 1.8945 -105.5867 1.5382 0.0000 -0.0000 196 pedestrian_0003
Pedestrian 0.00 1.00 0 0 0 0 0 0 0 0 699.20 325.29 702.42 332.38 1.9158 0.4880 0.7507 154.4888 -7.6673 69.5209 2.1371 0.0000 -0.0000 197 pedestrian_0021
Pedestrian 1.00 1.00 0 0 0 0 0 0 0 0 -1000.00 -1000.00 -1000.00 -1000.00 1.9158 0.4880 0.7507 -272.2188 1.9505 7.1057 -1.5963 0.0000 -0.0000 198 pedestrian_0003
Pedestrian 1.00 1.00 0 0 0 0 0 0 0 0 -1000.00 -1000.00 -1000.00 -1000.00 1.9158 0.4880 0.4198 -219.3850 1.9519 -268.6890 -0.6722 0.0000 -0.0000 199 pedestrian_0004
Pedestrian 1.00 1.00 16 16 27 305 0 0 2 0 -1000.00 -1000.00 -1000.00 -1000.00 1.9158 0.4880 0.7507 10.8070 1.9503 30.4214 3.1103 0.0000 -0.0000 200 pedestrian_0022
Pedestrian 1.00 1.00 0 0 0 0 0 0 0 0 -1000.00 -1000.00 -1000.00 -1000.00 1.3390 0.3253 0.3006 -74.8850 1.9415 -221.8300 1.4964 0.0000 -0.0000 201 pedestrian_0014
Pedestrian 0.00 1.00 0 0 0 0 0 0 0 0 1111.06 360.31 1117.60 379.13 1.9158 0.4880 0.4409 57.7949 1.9482 -18.0444 -1.2019 0.0000 -0.0000 202 pedestrian_0022
Pedestrian 1.00 1.00 0 0 0 0 0 0 0 0 -1000.00 -1000.00 -1000.00 -1000.00 1.9158 0.4880 0.5871 -36.6894 1.9501 -62.5276 -3.1348 0.0000 -0.0000 203 pedestrian_0023
Pedestrian 1.00 1.00 0 0 0 0 0 0 0 0 -1000.00 -1000.00 -1000.00 -1000.00 1.3390 0.3253 0.5005 58.2102 1.9416 -152.2315 -0.0555 0.0000 -0.0000 204 pedestrian_0012
Pedestrian 1.00 1.00 0 0 0 0 0 0 0 0 -1000.00 -1000.00 -1000.00 -1000.00 1.9158 0.4880 0.7507 -70.2306 2.1026 -74.5606 1.3498 0.0000 -0.0000 205 pedestrian_0019
Pedestrian 1.00 1.00 1 0 0 9 0 0 0 0 -1000.00 -1000.00 -1000.00 -1000.00 1.9158 0.4880 0.7349 -94.4368 1.9504 36.1060 1.6135 0.0000 -0.0000 206 pedestrian_0005
Pedestrian 0.00 1.00 0 0 0 0 0 0 0 0 1504.30 359.92 1508.98 367.19 1.9158 0.4880 0.7507 147.2286 1.8944 -146.4247 -1.5771 0.0000 -0.0000 207 pedestrian_0026
Pedestrian 1.00 1.00 0 0 0 0 0 0 0 0 -1000.00 -1000.00 -1000.00 -1000.00 1.9158 0.4880 0.6103 26.8749 1.9505 -150.8062 -0.0688 0.0000 -0.0000 208 pedestrian_0015
Pedestrian 1.00 1.00 0 0 0 0 0 0 0 0 -1000.00 -1000.00 -1000.00 -1000.00 1.3390 0.3253 0.3207 -60.8773 1.9422 143.3103 0.0352 0.0000 -0.0000 209 pedestrian_0014
Pedestrian 1.00 1.00 0 0 0 0 0 0 0 0 -1000.00 -1000.00 -1000.00 -1000.00 1.9158 0.4880 0.7047 -65.5410 1.9490 144.0110 -3.0246 0.0000 -0.0000 210 pedestrian_0016
Pedestrian 1.00 1.00 2 4 7 19 0 0 0 0 -1000.00 -1000.00 -1000.00 -1000.00 1.3390 0.3253 0.5005 -14.0606 1.8863 -53.5066 -1.5541 0.0000 -0.0000 211 pedestrian_0012
Pedestrian 0.00 1.00 0 0 0 0 0 0 0 0 913.48 367.43 919.73 377.99 1.1330 0.4333 0.6667 61.0431 1.9405 2.4567 1.6310 0.0000 -0.0000 212 pedestrian_0009
Pedestrian 0.00 1.00 0 0 0 0 0 0 0 0 1145.91 362.88 1148.39 367.25 1.1330 0.4333 0.4910 145.4996 1.8855 -51.0189 -1.5345 0.0000 -0.0000 213 pedestrian_0010
Pedestrian 1.00 1.00 0 0 0 0 0 0 0 0 -1000.00 -1000.00 -1000.00 -1000.00 1.9158 0.4880 0.7507 -271.1172 1.9504 -78.5303 1.5625 0.0000 -0.0000 214 pedestrian_0021
Pedestrian 1.00 1.00 3 2 6 36 1 0 0 0 -1000.00 -1000.00 -1000.00 -1000.00 1.9158 0.4880 0.7507 -23.3329 1.9049 -59.0790 -0.1499 0.0000 -0.0000 215 pedestrian_0018
Pedestrian 1.00 1.00 0 0 0 0 0 0 0 0 -1000.00 -1000.00 -1000.00 -1000.00 1.9158 0.4880 0.4928 -259.8579 1.9525 -217.3784 -1.1139 0.0000 -0.0000 216 pedestrian_0020
Pedestrian 0.00 1.00 0 0 0 0 0 0 0 0 985.98 359.91 989.53 368.47 1.9158 0.4880 0.7507 125.2576 1.8947 -8.4602 1.6195 0.0000 -0.0000 217 pedestrian_0017
Pedestrian 1.00 1.00 0 0 0 0 0 0 0 0 -1000.00 -1000.00 -1000.00 -1000.00 1.9158 0.4880 0.7507 -105.8185 1.9169 -229.1931 -3.1319 0.0000 -0.0000 218 pedestrian_0007
Pedestrian 1.00 1.00 0 0 0 0 0 0 0 0 -1000.00 -1000.00 -1000.00 -1000.00 1.1330 0.4333 0.5347 -124.8294 1.9415 -6.6760 0.5614 0.0000 -0.0000 219 pedestrian_0010
Pedestrian 0.00 0.58 13 10 20 467 0 0 2 0 268.01 361.18 291.13 405.56 1.9158 0.4880 0.5348 25.2390 1.9503 27.4319 3.0853 0.0000 -0.0000 220 pedestrian_0023
Pedestrian 1.00 1.00 0 0 0 0 0 0 0 0 -1000.00 -1000.00 -1000.00 -1000.00 1.9158 0.4880 0.5199 43.8747 1.8944 -220.7720 3.0404 0.0000 -0.0000 221 pedestrian_0024
Pedestrian 1.00 1.00 0 0 0 0 0 0 0 0 -1000.00 -1000.00 -1000.00 -1000.00 1.1330 0.4333 0.3774 -196.7409 1.9055 -152.5399 -1.5387 0.0000 -0.0000 222 pedestrian_0011
Pedestrian 1.00 1.00 0 0 0 0 0 0 0 0 -1000.00 -1000.00 -1000.00 -1000.00 1.9158 0.4880 0.7507 -272.0111 1.9505 -27.7414 1.5652 0.0000 -0.0000 223 pedestrian_0016
Pedestrian 1.00 1.00 0 0 0 0 0 0 0 0 -1000.00 -1000.00 -1000.00 -1000.00 1.9158 0.4880 0.6637 146.4284 -8.0623 -269.6859 0.4721 0.0000 -0.0000 224 pedestrian_0017
Pedestrian 0.00 1.00 0 0 0 0 0 0 0 0 1452.92 326.58 1456.88 333.09 1.9158 0.4880 0.7507 166.5751 -8.0502 -150.0513 -1.5566 0.0000 -0.0000 225 pedestrian_0001
Pedestrian 1.00 1.00 0 0 0 0 0 0 0 0 -1000.00 -1000.00 -1000.00 -1000.00 1.9158 0.4880 0.7507 -205.9888 1.9115 -192.8128 -1.0443 0.0000 -0.0000 226 pedestrian_0003
Pedestrian 1.00 1.00 0 0 0 0 0 0 0 0 -1000.00 -1000.00 -1000.00 -1000.00 1.9158 0.4880 0.6987 -87.1470 2.1024 -153.7305 -0.3964 0.0000 -0.0000 227 pedestrian_0007
Pedestrian 0.00 1.00 0 0 0 0 0 0 0 0 1528.81 363.27 1532.61 368.24 1.1330 0.4333 0.4246 127.9369 1.8836 -132.9089 -1.5510 0.0000 -0.0000 228 pedestrian_0010
Pedestrian 1.00 1.00 7 8 16 75 0 2 0 0 -1000.00 -1000.00 -1000.00 -1000.00 1.1330 0.4333 0.5701 -31.6880 1.9343 4.1186 0.1174 0.0000 -0.0000 229 pedestrian_0010
Pedestrian 0.00 1.00 0 0 0 0 0 0 0 0 1552.84 367.11 1559.36 379.84 1.3390 0.3253 0.3399 59.7221 2.0941 -65.3569 -1.6699 0.0000 -0.0000 230 pedestrian_0013
Pedestrian 0.00 1.00 0 0 0 0 0 0 0 0 1076.15 362.11 1078.19 367.29 1.3390 0.3253 0.4591 144.5707 1.8861 -32.5842 1.5682 0.0000 -0.0000 231 pedestrian_0013
Pedestrian 1.00 1.00 0 0 0 3 2 0 0 0 -1000.00 -1000.00 -1000.00 -1000.00 1.9158 0.4880 0.7507 -7.3732 1.8945 -186.9700 1.9175 0.0000 -0.0000 232 pedestrian_0020
Pedestrian 0.00 1.00 0 0 0 0 0 0 0 0 853.17 360.12 855.32 366.56 1.9158 0.4880 0.7422 166.1703 1.9513 29.2690 -0.0167 0.0000 -0.0000 233 pedestrian_0021
Pedestrian 1.00 1.00 0 0 0 0 0 0 0 0 -1000.00 -1000.00 -1000.00 -1000.00 1.1330 0.4333 0.4562 -212.9817 1.9003 -62.4191 -0.1907 0.0000 -0.0000 234 pedestrian_0009
Pedestrian 0.00 1.00 0 0 0 0 0 0 0 0 1076.11 360.08 1077.60 364.82 1.9158 0.4880 0.5026 225.3819 1.9500 -49.5383 -1.5750 0.0000 -0.0000 235 pedestrian_0006
Pedestrian 1.00 1.00 0 0 0 0 0 0 0 0 -1000.00 -1000.00 -1000.00 -1000.00 1.1330 0.4333 0.5569 -142.0863 1.9417 -63.6217 3.1197 0.0000 -0.0000 236 pedestrian_0009
Pedestrian 1.00 1.00 0 0 0 0 0 0 0 0 -1000.00 -1000.00 -1000.00 -1000.00 1.9158 0.4880 0.7507 -40.2821 1.9512 -80.8874 -3.1181 0.0000 -0.0000 237 pedestrian_0026
Pedestrian 1.00 1.00 6 6 16 758 0 1 2 0 -1000.00 -1000.00 -1000.00 -1000.00 1.9158 0.4880 0.5775 -33.5854 1.9510 26.5897 -3.1053 0.0000 -0.0000 238 pedestrian_0021
Pedestrian 1.00 1.00 140 140 234 9902 0 0 35 0 -1000.00 -1000.00 -1000.00 -1000.00 1.3390 0.3253 0.2502 3.7505 1.8874 4.6385 1.6870 0.0000 -0.0000 239 pedestrian_0012
Pedestrian 1.00 1.00 0 0 0 0 0 0 0 0 -1000.00 -1000.00 -1000.00 -1000.00 1.9158 0.4880 0.7507 -151.4619 1.9502 -288.9393 3.0491 0.0000 -0.0000 240 pedestrian_0020
Pedestrian 0.00 1.00 0 0 0 0 0 0 0 0 1365.12 334.69 1367.83 337.86 1.1330 0.4333 0.6667 202.5587 -8.0599 -150.0311 -1.5416 0.0000 -0.0000 241 pedestrian_0011
Pedestrian 1.00 1.00 0 0 0 0 0 0 0 0 -1000.00 -1000.00 -1000.00 -1000.00 1.9158 0.4880 0.4305 -90.2287 2.1024 -174.9095 -2.8649 0.0000 -0.0000 242 pedestrian_0002
Pedestrian 0.00 1.00 0 0 0 0 0 0 0 0 1288.31 363.44 1291.30 371.11 1.3390 0.3253 0.3780 98.1925 1.9441 -60.0528 3.0206 0.0000 -0.0000 243 pedestrian_0014
Pedestrian 1.00 1.00 0 3 4 6 0 0 0 0 -1000.00 -1000.00 -1000.00 -1000.00 1.9158 0.4880 0.7507 -6.1233 2.0473 -147.1118 -3.1087 0.0000 -0.0000 244 pedestrian_0006
Pedestrian 0.00 1.00 0 0 0 0 0 0 0 0 1347.90 332.63 1350.66 337.94 1.9158 0.4880 0.6631 203.0870 -8.0502 -144.1512 -1.5883 0.0000 -0.0000 245 pedestrian_0020
Pedestrian 0.00 1.00 0 0 0 0 0 0 0 0 1470.98 360.22 1476.92 372.89 1.9158 0.4880 0.6392 85.2919 1.9500 -80.3701 0.7736 0.0000 -0.0000 246 pedestrian_0022
Pedestrian 1.00 1.00 0 0 0 0 0 0 0 0 -1000.00 -1000.00 -1000.00 -1000.00 1.9158 0.4880 0.5986 -5.7824 2.0763 -170.4180 0.0419 0.0000 -0.0000 247 pedestrian_0002
Pedestrian 0.00 1.00 0 0 0 0 0 0 0 0 1225.53 360.62 1228.78 367.93 1.9158 0.4880 0.6975 146.7785 2.0801 -72.4885 1.2960 0.0000 -0.0000 248 pedestrian_0022
Pedestrian 1.00 1.00 0 0 0 0 0 0 0 0 -1000.00 -1000.00 -1000.00 -1000.00 1.9158 0.4880 0.5501 -134.7003 1.9167 77.9849 -3.0740 0.0000 -0.0000 249 pedestrian_0006
Pedestrian 1.00 1.00 0 0 0 0 0 0 0 0 -1000.00 -1000.00 -1000.00 -1000.00 1.9158 0.4880 0.4705 50.8679 1.9499 -171.0925 2.9786 0.0000 -0.0000 250 pedestrian_0019
Pedestrian 1.00 1.00 4 2 6 15 0 0 0 0 -1000.00 -1000.00 -1000.00 -1000.00 1.9158 0.4880 0.7507 -93.7486 2.1028 15.8072 1.4584 0.0000 -0.0000 251 pedestrian_0018
Pedestrian 1.00 1.00 0 0 0 0 0 0 0 0 -1000.00 -1000.00 -1000.00 -1000.00 1.9158 0.4880 0.7507 -272.3225 1.9505 -20.7993 1.5026 0.0000 -0.0000 252 pedestrian_0007
Pedestrian 0.00 1.00 0 0 0 0 0 0 0 0 1607.04 361.67 1615.49 378.92 1.9158 0.4880 0.3898 62.9083 2.1025 -74.9414 -0.3990 0.0000 -0.0000 253 pedestrian_0008
Pedestrian 1.00 1.00 0 0 0 0 0 0 0 0 -1000.00 -1000.00 -1000.00 -1000.00 1.9158 0.4880 0.5207 -269.1987 1.9506 50.9293 -1.7398 0.0000 -0.0000 254 pedestrian_0022
Pedestrian 1.00 1.00 0 0 0 0 0 0 0 0 -1000.00 -1000.00 -1000.00 -1000.00 1.9158 0.4880 0.5976 -100.9332 1.9506 144.1952 0.0046 0.0000 -0.0000 255 pedestrian_0024
Pedestrian 0.00 1.00 0 0 0 0 0 0 0 0 1182.09 363.74 1184.49 368.41 1.1330 0.4333 0.5367 136.1432 2.0464 -56.6702 2.9888 0.0000 -0.0000 256 pedestrian_0011
Pedestrian 1.00 1.00 0 0 0 0 0 0 0 0 -1000.00 -1000.00 -1000.00 -1000.00 1.9158 0.4880 0.5779 -71.1426 1.9500 -170.5519 -0.6042 0.0000 -0.0000 257 pedestrian_0006
Pedestrian 0.00 1.00 0 0 0 0 0 0 0 0 1858.72 359.91 1865.16 368.16 1.9158 0.4880 0.7507 130.1247 1.8943 -212.3057 -2.5159 0.0000 -0.0000 258 pedestrian_0005
Pedestrian 1.00 1.00 2 1 2 5 0 0 0 0 -1000.00 -1000.00 -1000.00 -1000.00 1.9158 0.4880 0.7507 -11.9470 1.8949 -102.4588 -1.5473 0.0000 -0.0000 259 pedestrian_0003
Pedestrian 0.00 1.00 0 0 0 0 0 0 0 0 1023.22 326.22 1025.94 332.80 1.9158 0.4880 0.7455 164.8193 -8.0500 -21.3238 1.5777 0.0000 -0.0000 260 pedestrian_0001
Pedestrian 1.00 1.00 0 0 0 0 0 0 0 0 -1000.00 -1000.00 -1000.00 -1000.00 1.3390 0.3253 0.4199 57.0676 2.0384 -213.8590 2.1220 0.0000 -0.0000 261 pedestrian_0014
Pedestrian 1.00 1.00 0 0 0 0 0 0 0 0 -1000.00 -1000.00 -1000.00 -1000.00 1.9158 0.4880 0.6628 -95.9305 1.9502 -60.3864 -2.7728 0.0000 -0.0000 262 pedestrian_0020
Pedestrian 1.00 1.00 0 0 0 0 0 0 0 0 -1000.00 -1000.00 -1000.00 -1000.00 1.9158 0.4880 0.6221 -200.5160 1.9118 -38.4153 -1.5470 0.0000 -0.0000 263 pedestrian_0025
Pedestrian 0.00 1.00 0 0 0 0 0 0 0 0 963.79 360.32 971.10 378.47 1.9158 0.4880 0.7507 59.8350 1.9502 -3.0312 1.5036 0.0000 -0.0000 264 pedestrian_0026
Pedestrian 1.00 1.00 0 0 0 0 0 0 0 0 -1000.00 -1000.00 -1000.00 -1000.00 1.9158 0.4880 0.7340 -253.1664 1.9501 -231.8088 2.0509 0.0000 -0.0000 265 pedestrian_0025
Pedestrian 1.00 1.00 0 0 0 1 0 0 0 0 -1000.00 -1000.00 -1000.00 -1000.00 1.3390 0.3253 0.4254 8.9618 1.8874 -177.0554 2.0369 0.0000 -0.0000 266 pedestrian_0013
Pedestrian 1.00 1.00 0 0 0 0 0 0 0 0 -1000.00 -1000.00 -1000.00 -1000.00 1.9158 0.4880 0.3863 87.5775 1.9499 -172.7426 0.4340 0.0000 -0.0000 267 pedestrian_0015
Pedestrian 0.00 1.00 0 0 0 0 0 0 0 0 1597.04 359.94 1601.17 368.49 1.9158 0.4880 0.3897 125.6056 1.9032 -145.8803 -1.7539 0.0000 -0.0000 268 pedestrian_0021
Pedestrian 1.00 1.00 0 0 0 0 0 0 0 0 -1000.00 -1000.00 -1000.00 -1000.00 1.1330 0.4333 0.4221 -84.5879 1.9395 143.1168 -3.1077 0.0000 -0.0000 269 pedestrian_0010
Pedestrian 1.00 1.00 74 68 114 596 0 21 0 0 -1000.00 -1000.00 -1000.00 -1000.00 1.9158 0.4880 0.4864 -14.4772 1.8959 0.8728 1.9357 0.0000 -0.0000 270 pedestrian_0023
Pedestrian 1.00 1.00 0 0 0 2 0 0 0 0 -1000.00 -1000.00 -1000.00 -1000.00 1.3390 0.3253 0.5005 -84.8273 2.0944 28.3612 3.0209 0.0000 -0.0000 271 pedestrian_0013
Pedestrian 1.00 1.00 0 0 0 0 0 0 0 0 -1000.00 -1000.00 -1000.00 -1000.00 1.9158 0.4880 0.4511 -142.5058 1.9511 -288.6066 0.1180 0.0000 -0.0000 272 pedestrian_0016
Pedestrian 1.00 1.00 0 0 0 0 0 0 0 0 -1000.00 -1000.00 -1000.00 -1000.00 1.3390 0.3253 0.5005 -73.9627 1.9418 -40.4369 -1.5538 0.0000 -0.0000 273 pedestrian_0014
Pedestrian 1.00 1.00 0 0 0 0 0 0 0 0 -1000.00 -1000.00 -1000.00 -1000.00 1.9158 0.4880 0.6123 -55.9325 2.1024 -169.7835 0.1588 0.0000 -0.0000 274 pedestrian_0019
Pedestrian 1.00 1.00 0 0 0 0 0 0 0 0 -1000.00 -1000.00 -1000.00 -1000.00 1.3390 0.3253 0.4990 -86.1324 2.0940 -173.0219 -3.0610 0.0000 -0.0000 275 pedestrian_0013
Pedestrian 1.00 1.00 0 0 0 0 0 0 0 0 -1000.00 -1000.00 -1000.00 -1000.00 1.9158 0.4880 0.6391 -92.1882 1.9500 -177.8414 -1.7443 0.0000 -0.0000 276 pedestrian_0023
Pedestrian 0.00 1.00 0 0 0 0 0 0 0 0 1317.40 362.85 1321.01 367.19 1.1330 0.4333 0.6667 146.4627 1.8831 -96.4881 -1.5615 0.0000 -0.0000 277 pedestrian_0011
Pedestrian 0.00 1.00 0 0 0 0 0 0 0 0 1241.13 362.96 1243.94 369.59 1.3390 0.3253 0.5005 113.4851 1.9416 -59.5611 3.1098 0.0000 -0.0000 278 pedestrian_0012
Pedestrian 1.00 1.00 0 0 0 0 0 0 0 0 -1000.00 -1000.00 -1000.00 -1000.00 1.9158 0.4880 0.5529 43.2750 -8.0185 -249.4314 0.0161 0.0000 -0.0000 279 pedestrian_0015
Pedestrian 0.00 1.00 0 0 0 0 0 0 0 0 800.00 360.17 802.92 369.67 1.9158 0.4880 0.5212 113.0985 1.9498 29.8139 -3.0259 0.0000 -0.0000 280 pedestrian_0017
Pedestrian 0.00 1.00 0 0 0 0 0 0 0 0 1084.95 332.41 1087.35 337.77 1.9158 0.4880 0.7507 201.4380 -8.0484 -47.8530 1.5880 0.0000 -0.0000 281 pedestrian_0005
Pedestrian 1.00 1.00 0 0 0 0 0 0 0 0 -1000.00 -1000.00 -1000.00 -1000.00 1.1330 0.4333 0.3520 78.6355 2.0807 -202.3861 -0.5462 0.0000 -0.0000 282 pedestrian_0009
Pedestrian 1.00 1.00 0 0 0 0 0 0 0 0 -1000.00 -1000.00 -1000.00 -1000.00 1.1330 0.4333 0.6667 -93.7081 1.9390 -17.5303 1.5847 0.0000 -0.0000 283 pedestrian_0009
Pedestrian 0.00 1.00 0 0 0 0 0 0 0 0 1213.83 362.15 1215.47 365.19 1.1330 0.4333 0.4160 208.3514 1.9385 -97.4903 1.5503 0.0000 -0.0000 284 pedestrian_0009
Pedestrian 1.00 1.00 0 0 0 0 0 0 0 0 -1000.00 -1000.00 -1000.00 -1000.00 1.9158 0.4880 0.7507 -176.5718 1.9382 -66.5607 0.0148 0.0000 -0.0000 285 pedestrian_0024
Pedestrian 1.00 1.00 0 0 0 0 0 0 0 0 -1000.00 -1000.00 -1000.00 -1000.00 1.9158 0.4880 0.7507 96.5065 1.9498 -171.4233 -3.1035 0.0000 -0.0000 286 pedestrian_0023
Pedestrian 1.00 1.00 0 0 0 0 0 0 0 0 -1000.00 -1000.00 -1000.00 -1000.00 1.9158 0.4880 0.7507 -119.6313 1.9173 79.1499 3.1367 0.0000 -0.0000 287 pedestrian_0015
Pedestrian 1.00 1.00 0 0 0 0 0 0 0 0 -1000.00 -1000.00 -1000.00 -1000.00 1.9158 0.4880 0.7507 117.1534 -8.0637 -243.2488 0.3620 0.0000 -0.0000 288 pedestrian_0025
Pedestrian 0.00 1.00 0 0 0 0 0 0 0 0 543.48 330.63 545.98 334.65 1.1330 0.4333 0.4692 161.8214 -7.3690 118.2265 -0.6127 0.0000 -0.0000 289 pedestrian_0009
Pedestrian 1.00 1.00 0 0 0 0 0 0 0 0 -1000.00 -1000.00 -1000.00 -1000.00 1.9158 0.4880 0.7507 -56.6145 1.9500 -170.3003 0.0666 0.0000 -0.0000 290 pedestrian_0019
Pedestrian 1.00 1.00 0 0 0 0 0 0 0 0 -1000.00 -1000.00 -1000.00 -1000.00 1.9158 0.4880 0.3754 -96.8976 1.9149 77.5793 -0.5852 0.0000 -0.0000 291 pedestrian_0007
Pedestrian 1.00 1.00 0 0 0 0 0 0 0 0 -1000.00 -1000.00 -1000.00 -1000.00 1.9158 0.4880 0.7507 -271.4322 1.9506 36.6829 1.4281 0.0000 -0.0000 292 pedestrian_0021
Pedestrian 0.00 1.00 0 0 0 0 0 0 0 0 1191.75 367.57 1199.25 385.01 1.3390 0.3253 0.4270 44.0890 1.9308 -20.5330 -2.5650 0.0000 -0.0000 293 pedestrian_0014
Pedestrian 0.00 1.00 0 0 0 0 0 0 0 0 326.69 320.21 331.27 328.95 1.9158 0.4880 0.5275 125.2396 -6.9767 139.1670 -0.3132 0.0000 -0.0000 294 pedestrian_0002
Pedestrian 0.00 1.00 0 0 0 0 0 0 0 0 898.28 360.19 901.41 370.79 1.9158 0.4880 0.7507 101.6251 1.9502 8.6760 0.0001 0.0000 -0.0000 295 pedestrian_0026
Pedestrian 1.00 1.00 0 0 0 0 0 0 0 0 -1000.00 -1000.00 -1000.00 -1000.00 1.9158 0.4880 0.7301 38.0456 1.9501 -79.0906 -0.0098 0.0000 -0.0000 296 pedestrian_0020
Pedestrian 1.00 1.00 0 0 0 0 0 0 0 0 -1000.00 -1000.00 -1000.00 -1000.00 1.9158 0.4880 0.7274 62.0389 1.9500 -111.2856 1.5411 0.0000 -0.0000 297 pedestrian_0016
Pedestrian 1.00 1.00 0 0 0 0 0 0 0 0 -1000.00 -1000.00 -1000.00 -1000.00 1.9158 0.4880 0.7507 -95.3009 1.9527 84.4774 -1.6405 0.0000 -0.0000 298 pedestrian_0024
Pedestrian 0.00 1.00 0 0 0 0 0 0 0 0 683.66 324.94 686.55 332.12 1.9158 0.4880 0.6366 152.2828 -7.6264 72.7746 -0.9481 0.0000 -0.0000 299 pedestrian_0001
Pedestrian 1.00 1.00 0 0 0 0 0 0 0 0 -1000.00 -1000.00 -1000.00 -1000.00 1.9158 0.4880 0.7507 -114.1272 1.9500 -172.6593 3.0584 0.0000 -0.0000 300 pedestrian_0025
Pedestrian 1.00 1.00 0 0 0 0 0 0 0 0 -1000.00 -1000.00 -1000.00 -1000.00 1.9158 0.4880 0.5958 -122.2766 1.9525 -83.4846 -0.4012 0.0000 -0.0000 301 pedestrian_0016
Pedestrian 1.00 1.00 0 0 0 0 0 0 0 0 -1000.00 -1000.00 -1000.00 -1000.00 1.9158 0.4880 0.7507 -84.0062 2.1026 -63.0583 -3.0407 0.0000 -0.0000 302 pedestrian_0006
Pedestrian 1.00 1.00 3 6 4 108 0 0 1 0 -1000.00 -1000.00 -1000.00 -1000.00 1.3390 0.3253 0.3170 -12.6531 2.0393 28.1334 3.1352 0.0000 -0.0000 303 pedestrian_0012
Pedestrian 1.00 1.00 0 0 0 0 0 0 0 0 -1000.00 -1000.00 -1000.00 -1000.00 1.9158 0.4880 0.7507 -80.2668 1.9498 -288.2935 -3.1129 0.0000 -0.0000 304 pedestrian_0024
Pedestrian 1.00 1.00 0 0 0 0 0 0 0 0 -1000.00 -1000.00 -1000.00 -1000.00 1.3390 0.3253 0.3656 -214.4651 1.9423 126.2945 -2.3611 0.0000 -0.0000 305 pedestrian_0013
Pedestrian 1.00 1.00 0 0 0 0 0 0 0 0 -1000.00 -1000.00 -1000.00 -1000.00 1.1330 0.4333 0.5343 -271.9981 1.9408 -2.6296 -1.5762 0.0000 -0.0000 306 pedestrian_0011
Pedestrian 1.00 1.00 0 0 0 0 0 0 0 0 -1000.00 -1000.00 -1000.00 -1000.00 1.9158 0.4880 0.7164 -30.5835 1.9500 -170.8390 -0.0947 0.0000 -0.0000 307 pedestrian_0024
Pedestrian 1.00 1.00 0 0 0 0 0 0 0 0 -1000.00 -1000.00 -1000.00 -1000.00 1.9158 0.4880 0.3953 -274.3933 1.9505 0.9875 -1.5628 0.0000 -0.0000 308 pedestrian_0004
Pedestrian 0.00 0.56 2 2 7 16 0 0 0 0 782.35 361.21 788.16 373.70 1.9158 0.4880 0.7167 86.3920 2.1026 24.6702 1.4546 0.0000 -0.0000 309 pedestrian_0019
Pedestrian 0.00 1.00 0 0 0 0 0 0 0 0 1131.60 361.85 1133.08 365.96 1.3390 0.3253 0.5005 181.7885 1.9425 -58.4438 -3.1321 0.0000 -0.0000 310 pedestrian_0012
Pedestrian 1.00 1.00 0 0 0 0 0 0 0 0 -1000.00 -1000.00 -1000.00 -1000.00 1.9158 0.4880 0.3926 75.4731 2.1023 -172.0977 -2.1560 0.0000 -0.0000 311 pedestrian_0022
Pedestrian 0.00 1.00 0 0 0 0 0 0 0 0 1469.29 360.12 1473.45 366.79 1.9158 0.4880 0.7507 160.6160 1.9498 -149.4722 0.0587 0.0000 -0.0000 312 pedestrian_0018
Pedestrian 1.00 1.00 3 4 4 26 0 1 0 0 -1000.00 -1000.00 -1000.00 -1000.00 1.9158 0.4880 0.5995 -67.3567 1.9504 26.1035 0.1505 0.0000 -0.0000 313 pedestrian_0022
Pedestrian 1.00 1.00 0 0 0 0 0 0 0 0 -1000.00 -1000.00 -1000.00 -1000.00 1.9158 0.4880 0.3822 34.1067 1.9499 -151.9528 -0.7154 0.0000 -0.0000 314 pedestrian_0005
Pedestrian 0.00 1.00 0 0 0 0 0 0 0 0 939.80 359.91 943.49 368.43 1.9158 0.4880 0.7507 125.9075 1.8948 1.8955 -1.3427 0.0000 -0.0000 315 pedestrian_0018
Pedestrian 1.00 1.00 0 0 0 0 0 0 0 0 -1000.00 -1000.00 -1000.00 -1000.00 1.9158 0.4880 0.7083 -272.5398 1.9504 -36.2435 -1.5367 0.0000 -0.0000 316 pedestrian_0024
Pedestrian 1.00 1.00 0 0 0 0 0 0 0 0 -1000.00 -1000.00 -1000.00 -1000.00 1.9158 0.4880 0.6544 -112.4588 1.9553 -83.3391 -3.1365 0.0000 -0.0000 317 pedestrian_0002
Pedestrian 1.00 1.00 0 0 0 0 0 0 0 0 -1000.00 -1000.00 -1000.00 -1000.00 1.3390 0.3253 0.3419 -94.8026 1.9412 -187.3368 1.5462 0.0000 -0.0000 318 pedestrian_0013
Pedestrian 1.00 1.00 0 0 0 0 0 0 0 0 -1000.00 -1000.00 -1000.00 -1000.00 1.9158 0.4880 0.7507 57.5362 1.9499 -151.5899 -0.0394 0.0000 -0.0000 319 pedestrian_0018
Pedestrian 1.00 1.00 0 0 0 0 0 0 0 0 -1000.00 -1000.00 -1000.00 -1000.00 1.9158 0.4880 0.6968 -67.8205 1.9502 -170.6389 -0.0370 0.0000 -0.0000 320 pedestrian_0006
Pedestrian 1.00 1.00 0 0 0 0 0 0 0 0 -1000.00 -1000.00 -1000.00 -1000.00 1.9158 0.4880 0.5894 -164.1066 1.9500 -288.3889 2.9300 0.0000 -0.0000 321 pedestrian_0021
Pedestrian 1.00 1.00 1 0 0 10 0 0 0 0 -1000.00 -1000.00 -1000.00 -1000.00 1.1330 0.4333 0.3333 -15.5248 1.9397 -80.7738 0.0728 0.0000 -0.0000 322 pedestrian_0010
Pedestrian 0.00 1.00 0 0 0 0 0 0 0 0 1247.63 360.17 1252.26 370.04 1.9158 0.4880 0.7507 109.0177 1.9500 -58.7267 0.0463 0.0000 -0.0000 323 pedestrian_0022
Pedestrian 1.00 1.00 0 0 0 0 0 0 0 0 -1000.00 -1000.00 -1000.00 -1000.00 1.9158 0.4880 0.7507 -181.9143 1.9364 -65.5275 0.0331 0.0000 -0.0000 324 pedestrian_0015
Pedestrian 1.00 1.00 0 0 0 0 0 0 0 0 -1000.00 -1000.00 -1000.00 -1000.00 1.9158 0.4880 0.6446 -95.0413 1.9504 49.9230 1.5264 0.0000 -0.0000 325 pedestrian_0005
Pedestrian 0.00 1.00 0 0 0 0 0 0 0 0 1015.70 332.31 1017.57 337.69 1.9158 0.4880 0.6192 200.7138 -8.0485 -22.6425 -1.5603 0.0000 -0.0000 326 pedestrian_0006
Pedestrian 0.00 1.00 0 0 0 0 0 0 0 0 1397.77 361.42 1406.19 376.20 1.9158 0.4880 0.7507 73.3366 2.1025 -59.8927 -3.1059 0.0000 -0.0000 327 pedestrian_0002
Pedestrian 1.00 1.00 7 8 13 67 7 0 0 0 -1000.00 -1000.00 -1000.00 -1000.00 1.9158 0.4880 0.6805 5.2790 1.8947 -47.2616 -1.7419 0.0000 -0.0000 328 pedestrian_0015
Pedestrian 1.00 1.00 0 0 0 0 0 0 0 0 -1000.00 -1000.00 -1000.00 -1000.00 1.9158 0.4880 0.7507 -166.4959 1.9507 141.7585 0.0847 0.0000 -0.0000 329 pedestrian_0005
Pedestrian 1.00 1.00 0 0 0 0 0 0 0 0 -1000.00 -1000.00 -1000.00 -1000.00 1.1330 0.4333 0.6667 -155.4913 1.9386 -288.7470 3.0416 0.0000 -0.0000 330 pedestrian_0010
Pedestrian 1.00 1.00 0 0 0 0 0 0 0 0 -1000.00 -1000.00 -1000.00 -1000.00 1.9158 0.4880 0.7026 37.1914 1.8949 86.8833 -0.0063 0.0000 -0.0000 331 pedestrian_0001
Pedestrian 1.00 1.00 0 0 0 0 0 0 0 0 -1000.00 -1000.00 -1000.00 -1000.00 1.9158 0.4880 0.3843 -93.8795 1.9503 -1.1067 2.8229 0.0000 -0.0000 332 pedestrian_0017
Pedestrian 1.00 1.00 3 1 3 15 0 0 0 0 -1000.00 -1000.00 -1000.00 -1000.00 1.9158 0.4880 0.3754 -17.3573 1.9515 -80.1663 0.0854 0.0000 -0.0000 333 pedestrian_0023
Pedestrian 1.00 1.00 0 0 0 0 0 0 0 0 -1000.00 -1000.00 -1000.00 -1000.00 1.3390 0.3253 0.3961 -95.2271 1.9413 57.0786 1.5229 0.0000 -0.0000 334 pedestrian_0013
Pedestrian 1.00 1.00 0 0 0 0 0 0 0 0 -1000.00 -1000.00 -1000.00 -1000.00 1.9158 0.4880 0.4399 -92.2939 1.9528 -86.7997 1.5577 0.0000 -0.0000 335 pedestrian_0019
Pedestrian 1.00 1.00 10 8 17 50 0 3 0 0 -1000.00 -1000.00 -1000.00 -1000.00 1.9158 0.4880 0.6856 -36.5172 1.9517 5.8084 3.0882 0.0000 -0.0000 336 pedestrian_0017
Pedestrian 1.00 1.00 0 0 0 0 0 0 0 0 -1000.00 -1000.00 -1000.00 -1000.00 1.9158 0.4880 0.4171 -127.7250 1.9504 -289.1409 3.1233 0.0000 -0.0000 337 pedestrian_0025
Pedestrian 1.00 1.00 0 0 0 0 0 0 0 0 -1000.00 -1000.00 -1000.00 -1000.00 1.9158 0.4880 0.7507 90.1273 -8.0689 -285.0661 -3.1169 0.0000 -0.0000 338 pedestrian_0006
Pedestrian 1.00 1.00 0 0 0 0 0 0 0 0 -1000.00 -1000.00 -1000.00 -1000.00 1.1330 0.4333 0.4715 -5.4844 -3.1545 -250.2477 3.1332 0.0000 -0.0000 339 pedestrian_0011
Pedestrian 0.00 1.00 0 0 0 0 0 0 0 0 1195.86 363.31 1198.35 368.34 1.1330 0.4333 0.3333 126.5775 1.8852 -55.9465 -1.3855 0.0000 -0.0000 340 pedestrian_0011
Pedestrian 0.00 1.00 0 0 0 0 0 0 0 0 1293.78 361.62 1295.11 365.21 1.3390 0.3253 0.3150 208.0652 1.9434 -127.1661 -1.6576 0.0000 -0.0000 341 pedestrian_0013
Pedestrian 0.00 1.00 0 0 0 0 0 0 0 0 1460.55 360.22 1468.14 372.80 1.9158 0.4880 0.7507 85.8921 1.9500 -79.4550 0.5381 0.0000 -0.0000 342 pedestrian_0007
Pedestrian 1.00 1.00 0 0 0 7 2 0 0 0 -1000.00 -1000.00 -1000.00 -1000.00 1.9158 0.4880 0.7507 -11.3198 1.8949 -128.6514 -1.5465 0.0000 -0.0000 343 pedestrian_0021
Pedestrian 0.00 1.00 0 0 0 0 0 0 0 0 1336.18 334.66 1338.62 337.83 1.1330 0.4333 0.5885 202.3287 -8.0609 -139.3034 -1.5574 0.0000 -0.0000 344 pedestrian_0010
Pedestrian 1.00 1.00 18 26 43 188 6 0 0 0 -1000.00 -1000.00 -1000.00 -1000.00 1.9158 0.4880 0.5388 6.0270 1.8977 -32.5293 -1.5548 0.0000 -0.0000 345 pedestrian_0021
Pedestrian 0.00 0.75 1 1 2 6 0 0 0 0 681.36 364.09 684.78 373.21 1.3390 0.3253 0.3147 82.7600 1.9437 38.5929 -1.8304 0.0000 -0.0000 346 pedestrian_0014
Pedestrian 1.00 1.00 0 0 0 0 0 0 0 0 -1000.00 -1000.00 -1000.00 -1000.00 1.9158 0.4880 0.5693 -73.7557 1.9501 -118.8297 -1.5429 0.0000 -0.0000 347 pedestrian_0023
Pedestrian 1.00 1.00 3 3 4 25 1 0 0 0 -1000.00 -1000.00 -1000.00 -1000.00 1.9158 0.4880 0.3754 -17.0922 1.9517 -79.6997 0.1820 0.0000 -0.0000 348 pedestrian_0008
Pedestrian 1.00 1.00 0 0 0 0 0 0 0 0 -1000.00 -1000.00 -1000.00 -1000.00 1.9158 0.4880 0.7507 -226.8542 1.9507 117.3020 0.6889 0.0000 -0.0000 349 pedestrian_0006
Pedestrian 1.00 1.00 0 0 0 0 0 0 0 0 -1000.00 -1000.00 -1000.00 -1000.00 1.9158 0.4880 0.6657 85.8676 1.9498 -195.5909 -1.7917 0.0000 -0.0000 350 pedestrian_0022
Pedestrian 1.00 1.00 0 0 0 0 0 0 0 0 -1000.00 -1000.00 -1000.00 -1000.00 1.9158 0.4880 0.7037 76.5032 2.1023 -169.5534 2.7079 0.0000 -0.0000 351 pedestrian_0023
Pedestrian 1.00 1.00 0 0 0 0 0 0 0 0 -1000.00 -1000.00 -1000.00 -1000.00 1.9158 0.4880 0.7455 13.5161 1.8951 -185.8065 1.9570 0.0000 -0.0000 352 pedestrian_0006
Pedestrian 0.00 1.00 0 0 0 0 0 0 0 0 432.78 360.34 444.63 379.35 1.9158 0.4880 0.7507 57.1701 1.9503 50.5540 1.5315 0.0000 -0.0000 353 pedestrian_0024
Pedestrian 1.00 1.00 0 0 0 0 0 0 0 0 -1000.00 -1000.00 -1000.00 -1000.00 1.1330 0.4333 0.6667 -47.0928 1.8967 143.9526 3.1378 0.0000 -0.0000 354 pedestrian_0011
Pedestrian 0.00 0.16 0 0 0 340 0 0 0 0 453.54 360.70 468.22 389.21 1.9158 0.4880 0.4501 38.5608 1.9503 31.5535 2.9477 0.0000 -0.0000 355 pedestrian_0017
Pedestrian 0.00 1.00 0 0 0 0 0 0 0 0 1169.11 328.29 1170.71 332.87 1.3390 0.3253 0.3490 165.4785 -8.0584 -64.5181 -1.5577 0.0000 -0.0000 356 pedestrian_0012
Pedestrian 1.00 1.00 0 0 0 0 0 0 0 0 -1000.00 -1000.00 -1000.00 -1000.00 1.9158 0.4880 0.4504 -194.9183 1.9501 -281.0976 2.6029 0.0000 -0.0000 357 pedestrian_0020
Pedestrian 1.00 1.00 0 0 0 1 0 0 0 0 -1000.00 -1000.00 -1000.00 -1000.00 1.9158 0.4880 0.7507 -16.8325 1.9500 -170.4573 -3.1134 0.0000 -0.0000 358 pedestrian_0017
Pedestrian 1.00 1.00 6 7 10 47 0 0 0 0 -1000.00 -1000.00 -1000.00 -1000.00 1.9158 0.4880 0.4989 -55.4974 1.9499 8.8600 3.1349 0.0000 -0.0000 359 pedestrian_0025
Pedestrian 1.00 1.00 0 0 0 0 0 0 0 0 -1000.00 -1000.00 -1000.00 -1000.00 1.3390 0.3253 0.4064 -184.4966 1.9425 -284.1130 -0.2734 0.0000 -0.0000 360 pedestrian_0013
Pedestrian 1.00 1.00 0 0 0 0 0 0 0 0 -1000.00 -1000.00 -1000.00 -1000.00 1.3390 0.3253 0.4875 -142.8056 1.9415 -289.2737 -2.9481 0.0000 -0.0000 361 pedestrian_0013
Pedestrian 0.00 1.00 0 0 0 0 0 0 0 0 1218.42 367.92 1226.22 386.29 1.3390 0.3253 0.4071 41.9119 1.9267 -21.5863 -2.6195 0.0000 -0.0000 362 pedestrian_0013
Pedestrian 1.00 1.00 0 0 0 0 0 0 0 0 -1000.00 -1000.00 -1000.00 -1000.00 1.1330 0.4333 0.6667 -64.0025 1.9312 -3.3336 2.1390 0.0000 -0.0000 363 pedestrian_0011
Pedestrian 1.00 1.00 0 0 0 0 0 0 0 0 -1000.00 -1000.00 -1000.00 -1000.00 1.3390 0.3253 0.4040 32.5943 1.8860 -201.8783 -2.9314 0.0000 -0.0000 364 pedestrian_0012
Pedestrian 0.00 1.00 0 0 0 0 0 0 0 0 1057.66 359.91 1060.47 368.38 1.9158 0.4880 0.5237 126.6165 1.8946 -24.6863 -1.5009 0.0000 -0.0000 365 pedestrian_0023
Pedestrian 1.00 1.00 0 0 0 0 0 0 0 0 -1000.00 -1000.00 -1000.00 -1000.00 1.9158 0.4880 0.5405 -116.9745 1.9169 78.7127 0.2793 0.0000 -0.0000 366 pedestrian_0005
Pedestrian 1.00 1.00 0 0 0 0 0 0 0 0 -1000.00 -1000.00 -1000.00 -1000.00 1.9158 0.4880 0.5199 -199.4325 1.9143 -114.5347 1.6440 0.0000 -0.0000 367 pedestrian_0021
Pedestrian 1.00 1.00 0 0 0 0 0 0 0 0 -1000.00 -1000.00 -1000.00 -1000.00 1.1330 0.4333 0.4090 -146.0695 1.9390 -62.8474 -0.0226 0.0000 -0.0000 368 pedestrian_0010
Pedestrian 1.00 1.00 0 0 0 0 0 0 0 0 -1000.00 -1000.00 -1000.00 -1000.00 1.9158 0.4880 0.6398 31.9588 1.8946 -201.8654 -0.2537 0.0000 -0.0000 369 pedestrian_0020
Pedestrian 0.00 1.00 0 0 0 0 0 0 0 0 1879.86 365.47 1887.78 377.76 1.3390 0.3253 0.3066 61.8100 1.9408 -103.5377 1.3624 0.0000 -0.0000 370 pedestrian_0012
Pedestrian 0.00 1.00 0 0 0 0 0 0 0 0 1269.86 360.32 1278.54 377.88 1.9158 0.4880 0.6762 61.7691 1.9515 -36.6677 -1.5928 0.0000 -0.0000 371 pedestrian_0015
Pedestrian 0.00 1.00 0 0 0 0 0 0 0 0 924.39 360.33 931.81 379.27 1.9158 0.4880 0.7507 57.3929 1.9499 1.0020 1.6230 0.0000 -0.0000 372 pedestrian_0007
Pedestrian 1.00 1.00 0 0 0 0 0 0 0 0 -1000.00 -1000.00 -1000.00 -1000.00 1.9158 0.4880 0.6262 -271.6649 1.9525 -69.0726 -1.5058 0.0000 -0.0000 373 pedestrian_0008
Pedestrian 0.00 1.00 0 0 0 0 0 0 0 0 1394.56 361.43 1401.53 376.27 1.9158 0.4880 0.6092 73.0136 2.1025 -59.1249 2.9392 0.0000 -0.0000 374 pedestrian_0020
Pedestrian 1.00 1.00 0 0 0 0 0 0 0 0 -1000.00 -1000.00 -1000.00 -1000.00 1.9158 0.4880 0.5336 -37.6942 1.9501 -171.3829 0.0104 0.0000 -0.0000 375 pedestrian_0015
Pedestrian 1.00 1.00 0 0 0 0 0 0 0 0 -1000.00 -1000.00 -1000.00 -1000.00 1.3390 0.3253 0.3315 -55.5231 1.9452 -80.8175 0.0389 0.0000 -0.0000 376 pedestrian_0012
Pedestrian 0.00 1.00 0 0 0 0 0 0 0 0 1822.83 360.16 1828.11 369.98 1.9158 0.4880 0.4358 109.4746 1.9475 -171.5684 0.2775 0.0000 -0.0000 377 pedestrian_0017
Pedestrian 0.00 1.00 0 0 0 0 0 0 0 0 930.82 359.91 934.21 368.49 1.9158 0.4880 0.7507 124.9629 1.8947 3.9061 1.6357 0.0000 -0.0000 378 pedestrian_0025
Pedestrian 1.00 1.00 0 0 0 0 0 0 0 0 -1000.00 -1000.00 -1000.00 -1000.00 1.1330 0.4333 0.6667 -94.9444 1.9390 43.4761 1.6413 0.0000 -0.0000 379 pedestrian_0009
Pedestrian 0.00 1.00 0 0 0 0 0 0 0 0 1860.11 360.32 1873.10 378.21 1.9158 0.4880 0.6028 60.6329 1.9500 -99.7229 1.5779 0.0000 -0.0000 380 pedestrian_0002
Pedestrian 1.00 1.00 0 0 0 0 0 0 0 0 -1000.00 -1000.00 -1000.00 -1000.00 1.3390 0.3253 0.3492 -75.1336 1.9416 -287.4148 0.0921 0.0000 -0.0000 381 pedestrian_0013
Pedestrian 1.00 1.00 0 0 0 0 0 0 0 0 -1000.00 -1000.00 -1000.00 -1000.00 1.3390 0.3253 0.2502 63.9384 1.9612 -171.6282 2.6011 0.0000 -0.0000 382 pedestrian_0012
Pedestrian 1.00 1.00 0 0 0 94 0 0 0 0 -1000.00 -1000.00 -1000.00 -1000.00 1.1330 0.4333 0.4818 -18.5758 2.0913 20.2359 -2.0666 0.0000 -0.0000 383 pedestrian_0010
Pedestrian 1.00 1.00 0 0 0 0 0 0 0 0 -1000.00 -1000.00 -1000.00 -1000.00 1.3390 0.3253 0.4589 -146.7228 1.9416 -288.5036 0.0144 0.0000 -0.0000 384 pedestrian_0013
Pedestrian 1.00 1.00 0 0 0 0 0 0 0 0 -1000.00 -1000.00 -1000.00 -1000.00 1.9158 0.4880 0.7507 19.6493 1.8949 62.6184 -2.5865 0.0000 -0.0000 385 pedestrian_0015
Pedestrian 1.00 1.00 4 3 5 38 0 0 0 0 -1000.00 -1000.00 -1000.00 -1000.00 1.9158 0.4880 0.4034 -64.8286 1.9504 26.0953 0.0918 0.0000 -0.0000 386 pedestrian_0018
Pedestrian 1.00 1.00 0 0 0 0 0 0 0 0 -1000.00 -1000.00 -1000.00 -1000.00 1.3390 0.3253 0.2784 -129.9735 1.9414 -288.2097 0.0104 0.0000 -0.0000 387 pedestrian_0013
Pedestrian 0.00 1.00 0 0 0 0 0 0 0 0 1402.87 360.10 1406.25 365.92 1.9158 0.4880 0.7507 184.0291 1.9498 -149.0156 -3.0665 0.0000 -0.0000 388 pedestrian_0022
Pedestrian 1.00 1.00 0 0 0 0 0 0 0 0 -1000.00 -1000.00 -1000.00 -1000.00 1.9158 0.4880 0.5312 -271.4599 1.9504 -71.7006 1.6494 0.0000 -0.0000 389 pedestrian_0003
Pedestrian 1.00 1.00 0 0 0 0 0 0 0 0 -1000.00 -1000.00 -1000.00 -1000.00 1.9158 0.4880 0.4802 -165.6927 1.9500 -288.3615 3.0830 0.0000 -0.0000 390 pedestrian_0021
Pedestrian 1.00 1.00 0 0 0 0 0 0 0 0 -1000.00 -1000.00 -1000.00 -1000.00 1.9158 0.4880 0.5609 -147.6618 1.9170 76.2322 0.1804 0.0000 -0.0000 391 pedestrian_0016
Pedestrian 1.00 1.00 0 0 0 0 0 0 0 0 -1000.00 -1000.00 -1000.00 -1000.00 1.9158 0.4880 0.4656 -128.4699 1.9490 -288.4564 3.0162 0.0000 -0.0000 392 pedestrian_0005
Pedestrian 0.00 1.00 0 0 0 0 0 0 0 0 1728.22 323.67 1731.87 330.78 1.9158 0.4880 0.4774 153.4913 -8.0542 -214.0505 0.8829 0.0000 -0.0000 393 pedestrian_0026
Pedestrian 0.00 1.00 0 0 0 0 0 0 0 0 1460.25 360.31 1470.30 377.89 1.9158 0.4880 0.6516 61.8107 1.9501 -57.6427 -2.9341 0.0000 -0.0000 394 pedestrian_0022
Pedestrian 0.00 1.00 0 0 0 0 0 0 0 0 953.38 328.75 955.66 332.68 1.1330 0.4333 0.6667 164.1184 -8.0503 -0.6286 1.5709 0.0000 -0.0000 395 pedestrian_0010
Pedestrian 0.00 0.78 0 0 0 8 0 0 0 0 763.11 360.21 767.71 371.73 1.9158 0.4880 0.7507 93.5327 1.9502 30.2329 3.1152 0.0000 -0.0000 396 pedestrian_0006
Pedestrian 1.00 1.00 0 0 0 0 0 0 0 0 -1000.00 -1000.00 -1000.00 -1000.00 1.3390 0.3253 0.5005 -92.0321 1.9417 -141.4722 -1.6086 0.0000 -0.0000 397 pedestrian_0012
Pedestrian 1.00 1.00 0 0 0 0 0 0 0 0 -1000.00 -1000.00 -1000.00 -1000.00 1.1330 0.4333 0.6667 40.4963 1.8830 -201.2085 -3.0613 0.0000 -0.0000 398 pedestrian_0010
Pedestrian 1.00 1.00 0 0 0 0 0 0 0 0 -1000.00 -1000.00 -1000.00 -1000.00 1.9158 0.4880 0.7507 -170.9287 1.9143 70.0569 -2.8414 0.0000 -0.0000 399 pedestrian_0007
Pedestrian 0.00 1.00 0 0 0 0 0 0 0 0 884.61 332.44 886.25 337.83 1.9158 0.4880 0.5288 200.1970 -7.9763 24.5545 -1.5549 0.0000 -0.0000 400 pedestrian_0001
Pedestrian 0.00 0.00 587 869 1369 12305 0 0 0 170 646.84 374.70 752.83 667.30 1.9158 0.4880 0.7507 4.5179 1.8973 -0.5639 1.5633 0.0000 -0.0000 401 pedestrian_0016
Pedestrian 1.00 1.00 0 0 0 0 0 0 0 0 -1000.00 -1000.00 -1000.00 -1000.00 1.9158 0.4880 0.7507 -241.7112 1.9507 103.4379 0.8143 0.0000 -0.0000 402 pedestrian_0021
Pedestrian 0.00 1.00 0 0 0 0 0 0 0 0 1420.77 361.52 1429.06 377.25 1.9158 0.4880 0.6144 68.9130 2.1025 -59.1746 0.0691 0.0000 -0.0000 403 pedestrian_0006
Pedestrian 1.00 1.00 0 0 0 0 0 0 0 0 -1000.00 -1000.00 -1000.00 -1000.00 1.9158 0.4880 0.7507 -95.3060 1.9455 63.3771 1.6413 0.0000 -0.0000 404 pedestrian_0023
Pedestrian 0.00 1.00 0 0 0 0 0 0 0 0 1879.80 367.36 1890.16 377.86 1.1330 0.4333 0.3896 61.4671 1.9386 -103.0912 -1.8496 0.0000 -0.0000 405 pedestrian_0011
Pedestrian 0.00 0.00 286 316 522 24956 32 0 0 76 1578.50 359.20 1668.50 596.80 1.9158 0.4880 0.5271 5.6987 1.8951 -7.8045 -1.6758 0.0000 -0.0000 406 pedestrian_0004
Pedestrian 1.00 1.00 0 0 0 0 0 0 0 0 -1000.00 -1000.00 -1000.00 -1000.00 1.9158 0.4880 0.4942 46.0114 1.9499 -170.7042 -3.1155 0.0000 -0.0000 407 pedestrian_0026
Pedestrian 0.00 1.00 0 0 0 0 0 0 0 0 1029.27 362.11 1030.72 367.27 1.3390 0.3253 0.3379 145.1329 1.8882 -20.4382 -1.5822 0.0000 -0.0000 408 pedestrian_0013
Pedestrian 1.00 1.00 0 0 0 0 0 0 0 0 -1000.00 -1000.00 -1000.00 -1000.00 1.1330 0.4333 0.5879 -93.7082 2.0583 -226.1935 -1.5382 0.0000 -0.0000 409 pedestrian_0010
Pedestrian 0.00 1.00 0 0 0 0 0 0 0 0 801.80 359.92 804.37 367.35 1.9158 0.4880 0.5435 144.2759 1.8953 38.3116 -1.5177 0.0000 -0.0000 410 pedestrian_0020
Pedestrian 1.00 1.00 0 0 0 0 0 0 0 0 -1000.00 -1000.00 -1000.00 -1000.00 1.9158 0.4880 0.6334 -94.6551 1.9530 -173.5311 -1.6523 0.0000 -0.0000 411 pedestrian_0025
Pedestrian 0.00 1.00 0 0 0 0 0 0 0 0 729.65 363.38 733.25 368.52 1.1330 0.4333 0.6667 123.7916 1.8834 48.3775 -1.3739 0.0000 -0.0000 412 pedestrian_0010
Pedestrian 0.00 1.00 0 0 0 0 0 0 0 0 1544.61 359.91 1549.50 368.28 1.9158 0.4880 0.5945 128.1142 1.8944 -136.8382 1.4761 0.0000 -0.0000 413 pedestrian_0015
Pedestrian 1.00 1.00 0 0 0 0 0 0 0 0 -1000.00 -1000.00 -1000.00 -1000.00 1.1330 0.4333 0.6667 86.8279 1.9384 -186.0202 1.6743 0.0000 -0.0000 414 pedestrian_0011
Pedestrian 1.00 1.00 7 3 13 47 7 0 0 0 -1000.00 -1000.00 -1000.00 -1000.00 1.9158 0.4880 0.6101 -2.8645 2.0481 -59.3284 2.9991 0.0000 -0.0000 415 pedestrian_0025
Pedestrian 0.00 1.00 0 0 0 0 0 0 0 0 1068.69 328.78 1071.21 332.70 1.1330 0.4333 0.6527 164.4954 -8.0614 -34.6660 1.5789 0.0000 -0.0000 416 pedestrian_0009
Pedestrian 0.00 1.00 0 0 0 0 0 0 0 0 140.16 298.10 148.85 312.49 1.9158 0.4880 0.4819 76.7604 -6.5129 109.1759 -0.0360 0.0000 -0.0000 417 pedestrian_0026
Pedestrian 1.00 1.00 0 0 0 0 0 0 0 0 -1000.00 -1000.00 -1000.00 -1000.00 1.9158 0.4880 0.7507 -272.6277 1.9520 -45.0611 -1.5186 0.0000 -0.0000 418 pedestrian_0019
Pedestrian 1.00 1.00 7 4 8 44 7 0 0 0 -1000.00 -1000.00 -1000.00 -1000.00 1.9158 0.4880 0.4612 1.5712 2.0603 -61.1025 -0.3584 0.0000 -0.0000 419 pedestrian_0018
Pedestrian 1.00 1.00 0 0 0 0 0 0 0 0 -1000.00 -1000.00 -1000.00 -1000.00 1.9158 0.4880 0.6648 -90.1660 1.9500 -288.2006 0.0255 0.0000 -0.0000 420 pedestrian_0026
Pedestrian 0.00 1.00 0 0 0 0 0 0 0 0 1265.98 359.92 1268.68 367.29 1.9158 0.4880 0.3754 145.4278 1.8945 -82.3039 1.9115 0.0000 -0.0000 421 pedestrian_0005
Pedestrian 0.00 1.00 0 0 0 0 0 0 0 0 1878.44 360.30 1892.19 377.50 1.9158 0.4880 0.7507 63.0470 1.9500 -105.7654 -1.5369 0.0000 -0.0000 422 pedestrian_0021
Pedestrian 0.00 1.00 0 0 0 0 0 0 0 0 1548.25 360.70 1552.96 368.40 1.9158 0.4880 0.6429 139.2873 2.0916 -149.5578 0.0127 0.0000 -0.0000 423 pedestrian_0025
Pedestrian 0.00 1.00 0 0 0 0 0 0 0 0 1330.03 359.91 1333.48 368.39 1.9158 0.4880 0.4770 126.5081 1.8945 -86.3974 1.4628 0.0000 -0.0000 424 pedestrian_0008
Pedestrian 0.00 0.99 5 7 11 97 0 0 0 1 558.75 360.42 569.29 385.23 1.9158 0.4880 0.4559 44.0714 1.9483 28.5048 -0.0660 0.0000 -0.0000 425 pedestrian_0018
Pedestrian 1.00 1.00 0 0 0 0 0 0 0 0 -1000.00 -1000.00 -1000.00 -1000.00 1.9158 0.4880 0.7507 -177.6312 1.9337 -83.1194 3.1300 0.0000 -0.0000 426 pedestrian_0020
Pedestrian 1.00 1.00 0 0 0 0 0 0 0 0 -1000.00 -1000.00 -1000.00 -1000.00 1.3390 0.3253 0.4732 -59.4038 1.9437 -171.1472 -3.0945 0.0000 -0.0000 427 pedestrian_0012
Pedestrian 0.00 1.00 0 0 0 0 0 0 0 0 1470.43 363.27 1474.14 368.22 1.1330 0.4333 0.4530 128.4395 1.8856 -119.9957 -1.5968 0.0000 -0.0000 428 pedestrian_0011
Pedestrian 1.00 1.00 0 0 0 0 0 0 0 0 -1000.00 -1000.00 -1000.00 -1000.00 1.9158 0.4880 0.5415 -113.8203 1.9502 -171.9829 2.8309 0.0000 -0.0000 429 pedestrian_0006
Pedestrian 0.00 1.00 0 0 0 0 0 0 0 0 1056.25 359.91 1059.22 368.42 1.9158 0.4880 0.6057 125.9877 1.8953 -24.2733 -1.6218 0.0000 -0.0000 430 pedestrian_0021
Pedestrian 1.00 1.00 0 0 0 0 0 0 0 0 -1000.00 -1000.00 -1000.00 -1000.00 1.9158 0.4880 0.5515 -62.6219 1.9512 -62.7454 -3.1332 0.0000 -0.0000 431 pedestrian_0026
Pedestrian 1.00 1.00 0 0 0 0 0 0 0 0 -1000.00 -1000.00 -1000.00 -1000.00 1.9158 0.4880 0.5705 39.2049 -6.0108 108.4163 -0.0037 0.0000 -0.0000 432 pedestrian_0026
Pedestrian 1.00 1.00 0 0 0 0 0 0 0 0 -1000.00 -1000.00 -1000.00 -1000.00 1.9158 0.4880 0.3893 -73.6213 1.9501 -109.1207 -1.6314 0.0000 -0.0000 433 pedestrian_0002
Pedestrian 0.00 1.00 0 0 0 0 0 0 0 0 1327.47 360.50 1329.87 365.65 1.9158 0.4880 0.6527 207.5600 2.1022 -139.6128 3.0650 0.0000 -0.0000 434 pedestrian_0001
Pedestrian 1.00 1.00 0 0 0 0 0 0 0 0 -1000.00 -1000.00 -1000.00 -1000.00 1.9158 0.4880 0.6375 144.7152 -8.0601 -269.9032 0.5055 0.0000 -0.0000 435 pedestrian_0022
Pedestrian 0.00 1.00 0 0 0 0 0 0 0 0 859.29 360.32 864.97 378.41 1.9158 0.4880 0.5166 60.0538 1.9502 8.1822 -1.2172 0.0000 -0.0000 436 pedestrian_0005
Pedestrian 1.00 1.00 2 4 4 24 0 0 0 0 -1000.00 -1000.00 -1000.00 -1000.00 1.3390 0.3253 0.5005 8.5415 1.9417 -60.5924 -3.0763 0.0000 -0.0000 437 pedestrian_0013
Pedestrian 1.00 1.00 0 0 0 0 0 0 0 0 -1000.00 -1000.00 -1000.00 -1000.00 1.1330 0.4333 0.6328 -250.3565 1.9402 -236.1051 2.1367 0.0000 -0.0000 438 pedestrian_0011
Pedestrian 1.00 1.00 2 1 3 7 0 0 0 0 -1000.00 -1000.00 -1000.00 -1000.00 1.9158 0.4880 0.7154 -93.8319 1.9504 31.2700 2.0001 0.0000 -0.0000 439 pedestrian_0006
Pedestrian 1.00 1.00 0 0 0 0 0 0 0 0 -1000.00 -1000.00 -1000.00 -1000.00 1.3390 0.3253 0.4934 17.3760 -4.3386 144.2618 -3.1185 0.0000 -0.0000 440 pedestrian_0014
Pedestrian 1.00 1.00 0 1 0 1 0 0 0 0 -1000.00 -1000.00 -1000.00 -1000.00 1.9158 0.4880 0.4632 -95.4872 1.9501 28.3609 -1.7030 0.0000 -0.0000 441 pedestrian_0025
Pedestrian 1.00 1.00 0 0 0 0 0 0 0 0 -1000.00 -1000.00 -1000.00 -1000.00 1.9158 0.4880 0.4673 -239.2837 1.9507 107.0346 -2.3462 0.0000 -0.0000 442 pedestrian_0003
Pedestrian 0.00 1.00 0 0 0 0 0 0 0 0 1241.82 360.72 1244.81 369.14 1.9158 0.4880 0.5605 127.6215 2.0811 -66.9461 0.9928 0.0000 -0.0000 443 pedestrian_0024
Pedestrian 1.00 1.00 2 2 3 11 4 0 0 0 -1000.00 -1000.00 -1000.00 -1000.00 1.9158 0.4880 0.5050 5.7385 1.8930 -113.3013 1.5647 0.0000 -0.0000 444 pedestrian_0007
Pedestrian 1.00 1.00 0 0 0 0 0 0 0 0 -1000.00 -1000.00 -1000.00 -1000.00 1.9158 0.4880 0.4108 -108.8498 1.9555 -62.0980 0.0123 0.0000 -0.0000 445 pedestrian_0023
Pedestrian 1.00 1.00 0 0 0 0 0 0 0 0 -1000.00 -1000.00 -1000.00 -1000.00 1.9158 0.4880 0.6431 -264.8611 1.9490 65.4373 1.1811 0.0000 -0.0000 446 pedestrian_0026
Pedestrian 0.00 1.00 0 0 0 0 0 0 0 0 1292.67 329.09 1295.67 332.97 1.1330 0.4333 0.6304 166.0586 -8.0590 -101.7350 -1.5536 0.0000 -0.0000 447 pedestrian_0009
Pedestrian 1.00 1.00 0 0 0 0 0 0 0 0 -1000.00 -1000.00 -1000.00 -1000.00 1.9158 0.4880 0.4702 129.0784 -8.0598 -237.8703 0.4684 0.0000 -0.0000 448 pedestrian_0015
Pedestrian 0.00 1.00 0 0 0 0 0 0 0 0 1231.95 360.12 1234.43 367.13 1.9158 0.4880 0.3846 152.9106 1.9500 -77.0989 -3.1376 0.0000 -0.0000 449 pedestrian_0017
Pedestrian 1.00 1.00 1 0 0 10 1 0 0 0 -1000.00 -1000.00 -1000.00 -1000.00 1.9158 0.4880 0.6432 7.4957 1.8949 -117.0884 1.5607 0.0000 -0.0000 450 pedestrian_0023
Pedestrian 1.00 1.00 0 0 0 0 0 0 0 0 -1000.00 -1000.00 -1000.00 -1000.00 1.9158 0.4880 0.7507 -65.9924 1.9451 -0.7878 2.1906 0.0000 -0.0000 451 pedestrian_0001
Pedestrian 1.00 1.00 0 0 0 0 0 0 0 0 -1000.00 -1000.00 -1000.00 -1000.00 1.9158 0.4880 0.7483 -191.9450 1.9169 34.8717 -2.0325 0.0000 -0.0000 452 pedestrian_0017
Pedestrian 1.00 1.00 4 3 3 21 3 0 0 0 -1000.00 -1000.00 -1000.00 -1000.00 1.1330 0.4333 0.5386 0.6292 2.0425 -60.2656 3.1394 0.0000 -0.0000 453 pedestrian_0011
Pedestrian 1.00 1.00 0 0 0 0 0 0 0 0 -1000.00 -1000.00 -1000.00 -1000.00 1.9158 0.4880 0.7130 -265.0209 1.9527 -200.6465 -1.3051 0.0000 -0.0000 454 pedestrian_0018
Pedestrian 0.00 1.00 0 0 0 0 0 0 0 0 1618.60 359.92 1623.50 367.23 1.9158 0.4880 0.6982 146.5779 1.8944 -175.8266 1.5517 0.0000 -0.0000 455 pedestrian_0021
Pedestrian 0.00 1.00 0 0 0 0 0 0 0 0 1096.71 360.09 1098.26 365.24 1.9158 0.4880 0.5028 207.8255 1.9502 -53.5364 -1.9465 0.0000 -0.0000 456 pedestrian_0007
Pedestrian 1.00 1.00 1 3 6 11 2 0 0 0 -1000.00 -1000.00 -1000.00 -1000.00 1.9158 0.4880 0.7507 7.5719 2.1025 -68.0178 -1.6578 0.0000 -0.0000 457 pedestrian_0021
Pedestrian 1.00 1.00 0 0 0 0 0 0 0 0 -1000.00 -1000.00 -1000.00 -1000.00 1.9158 0.4880 0.7507 39.9012 -6.0375 108.3411 -3.1197 0.0000 -0.0000 458 pedestrian_0019
Pedestrian 1.00 1.00 0 0 0 0 0 0 0 0 -1000.00 -1000.00 -1000.00 -1000.00 1.1330 0.4333 0.5505 -176.3457 1.9393 140.3158 0.1559 0.0000 -0.0000 459 pedestrian_0009
Pedestrian 1.00 1.00 0 0 0 0 0 0 0 0 -1000.00 -1000.00 -1000.00 -1000.00 1.9158 0.4880 0.6605 -196.1604 1.9507 135.0150 0.3514 0.0000 -0.0000 460 pedestrian_0004
Pedestrian 1.00 1.00 0 0 0 0 0 0 0 0 -1000.00 -1000.00 -1000.00 -1000.00 1.3390 0.3253 0.4371 -94.8829 1.9419 -29.4403 1.5854 0.0000 -0.0000 461 pedestrian_0012
Pedestrian 1.00 1.00 0 0 0 0 0 0 0 0 -1000.00 -1000.00 -1000.00 -1000.00 1.9158 0.4880 0.5970 -143.1865 2.1027 -68.5657 1.5417 0.0000 -0.0000 462 pedestrian_0006
Pedestrian 1.00 1.00 1 2 5 21 0 0 0 0 -1000.00 -1000.00 -1000.00 -1000.00 1.1330 0.4333 0.6667 -4.0286 2.0357 -58.9439 -3.0191 0.0000 -0.0000 463 pedestrian_0009
Pedestrian 1.00 1.00 0 0 0 0 0 0 0 0 -1000.00 -1000.00 -1000.00 -1000.00 1.3390 0.3253 0.5005 -71.5840 2.0940 -164.8557 -1.4627 0.0000 -0.0000 464 pedestrian_0014
Pedestrian 1.00 1.00 0 0 0 0 0 0 0 0 -1000.00 -1000.00 -1000.00 -1000.00 1.1330 0.4333 0.6667 -94.2488 2.0910 -168.4106 -1.7295 0.0000 -0.0000 465 pedestrian_0010
Pedestrian 1.00 1.00 0 0 0 0 0 0 0 0 -1000.00 -1000.00 -1000.00 -1000.00 1.9158 0.4880 0.5313 -57.2272 1.9349 -16.1860 1.6123 0.0000 -0.0000 466 pedestrian_0017
Pedestrian 1.00 1.00 26 30 43 245 0 4 0 0 -1000.00 -1000.00 -1000.00 -1000.00 1.9158 0.4880 0.5188 -23.9251 1.9506 8.2945 -3.0747 0.0000 -0.0000 467 pedestrian_0004
Pedestrian 0.00 0.36 12 5 13 116 0 0 0 0 549.02 360.47 561.16 386.65 1.9158 0.4880 0.5917 41.9131 1.9506 27.6196 -3.0512 0.0000 -0.0000 468 pedestrian_0021
Pedestrian 0.00 1.00 0 0 0 0 0 0 0 0 1336.19 364.00 1339.56 372.92 1.3390 0.3253 0.2780 84.4955 1.9418 -59.1407 -0.0832 0.0000 -0.0000 469 pedestrian_0013
Pedestrian 0.00 1.00 0 0 0 0 0 0 0 0 1264.91 360.54 1268.88 368.18 1.9158 0.4880 0.7507 140.4449 2.0510 -79.4315 0.2714 0.0000 -0.0000 470 pedestrian_0001
Pedestrian 0.00 1.00 0 0 0 0 0 0 0 0 1217.86 360.16 1220.90 368.89 1.9158 0.4880 0.3754 122.8228 1.9500 -59.2348 0.0297 0.0000 -0.0000 471 pedestrian_0015
Pedestrian 1.00 1.00 0 0 0 0 0 0 0 0 -1000.00 -1000.00 -1000.00 -1000.00 1.9158 0.4880 0.6981 -66.7800 1.9506 143.9439 -0.0632 0.0000 -0.0000 472 pedestrian_0024
Pedestrian 1.00 1.00 0 0 0 0 0 0 0 0 -1000.00 -1000.00 -1000.00 -1000.00 1.3390 0.3253 0.3340 -74.2392 1.9434 -185.2241 1.5454 0.0000 -0.0000 473 pedestrian_0013
Pedestrian 1.00 1.00 0 0 0 0 0 0 0 0 -1000.00 -1000.00 -1000.00 -1000.00 1.9158 0.4880 0.6879 -148.4329 1.9499 -289.5772 3.0309 0.0000 -0.0000 474 pedestrian_0018
Pedestrian 1.00 1.00 0 0 0 0 0 0 0 0 -1000.00 -1000.00 -1000.00 -1000.00 1.3390 0.3253 0.3000 -14.0833 1.9415 -171.3390 -2.5583 0.0000 -0.0000 475 pedestrian_0012
Pedestrian 1.00 1.00 0 0 0 18 0 0 0 0 -1000.00 -1000.00 -1000.00 -1000.00 1.9158 0.4880 0.6645 -88.0714 2.1028 28.0128 -0.1040 0.0000 -0.0000 476 pedestrian_0026
Pedestrian 1.00 1.00 0 0 0 0 0 0 0 0 -1000.00 -1000.00 -1000.00 -1000.00 1.9158 0.4880 0.5190 -96.5187 1.9499 -287.5710 -3.1136 0.0000 -0.0000 477 pedestrian_0016
Pedestrian 0.00 1.00 0 0 0 0 0 0 0 0 1420.95 361.22 1428.59 373.78 1.9158 0.4880 0.7507 85.8504 2.1025 -73.3603 1.4777 0.0000 -0.0000 478 pedestrian_0006
Pedestrian 1.00 1.00 0 0 0 0 0 0 0 0 -1000.00 -1000.00 -1000.00 -1000.00 1.9158 0.4880 0.5888 -166.8597 1.9499 -287.8114 3.0177 0.0000 -0.0000 479 pedestrian_0001
Pedestrian 0.00 1.00 0 0 0 0 0 0 0 0 48.90 361.41 66.71 382.28 1.9158 0.4880 0.7507 52.2610 2.0473 81.1387 -1.4023 0.0000 -0.0000 480 pedestrian_0021
Car 1.00 1.00 0 0 0 0 0 0 0 0 -1000.00 -1000.00 -1000.00 -1000.00 1.6980 1.9434 4.1871 17.8163 1.9850 -136.4914 -1.5556 0.0000 -0.0000 481 citroen_c3
Car 1.00 1.00 0 0 0 0 0 0 0 0 -1000.00 -1000.00 -1000.00 -1000.00 1.9718 2.0005 4.0595 18.4247 1.9505 -125.4402 -1.5556 0.0000 -0.0000 482 jeep_wrangler_rubicon
Car 1.00 1.00 0 0 0 0 0 0 0 0 -1000.00 -1000.00 -1000.00 -1000.00 1.9718 2.0005 4.0595 48.9311 1.9855 -135.4218 1.5860 0.0000 -0.0000 483 jeep_wrangler_rubicon
Car 1.00 1.00 0 0 0 0 0 0 0 0 -1000.00 -1000.00 -1000.00 -1000.00 1.9718 2.0005 4.0595 15.4838 1.9505 -125.4849 -1.5556 0.0000 -0.0000 484 jeep_wrangler_rubicon
Car 1.00 1.00 0 0 0 0 0 0 0 0 -1000.00 -1000.00 -1000.00 -1000.00 1.9718 2.0005 4.0595 -62.7673 1.9929 -113.6408 0.0152 0.0000 -0.0000 485 nissan_patrol
Car 1.00 1.00 0 0 0 0 0 0 0 0 -1000.00 -1000.00 -1000.00 -1000.00 1.5488 2.0688 3.9961 -62.7374 2.0206 -116.5359 -3.1264 0.0000 -0.0000 486 nissan_patrol
Car 1.00 1.00 0 0 0 0 0 0 0 0 -1000.00 -1000.00 -1000.00 -1000.00 1.4855 2.1349 -5.6254 -56.6026 1.9826 -96.6445 -3.1264 0.0000 -0.0000 487 nissan_patrol
Car 1.00 1.00 0 0 0 0 0 0 0 0 -1000.00 -1000.00 -1000.00 -1000.00 1.6244 1.8781 -3.8906 -56.3451 1.9687 -113.5420 0.0152 0.0000 -0.0000 488 nissan_patrol
Car 1.00 1.00 0 0 0 2 0 0 0 0 -1000.00 -1000.00 -1000.00 -1000.00 1.7506 2.3538 -4.8416 -39.2216 2.0495 -90.7620 0.0152 0.0000 -0.0000 489 nissan_patrol
Car 1.00 1.00 11 18 23 109 6 0 0 0 -1000.00 -1000.00 -1000.00 -1000.00 1.9718 2.0005 -4.0595 -39.0432 1.9929 -105.0589 -3.1264 0.0000 -0.0000 490 nissan_patrol
Car 1.00 1.00 0 0 0 0 0 0 0 0 -1000.00 -1000.00 -1000.00 -1000.00 1.9476 2.0282 4.8347 -63.0677 1.9780 -91.1249 -3.1264 0.0000 -0.0000 491 nissan_patrol
Car 1.00 1.00 0 0 0 0 0 0 0 0 -1000.00 -1000.00 -1000.00 -1000.00 1.9718 2.0005 4.0595 -63.0813 1.9929 -94.0196 -3.1264 0.0000 -0.0000 492 nissan_patrol
Car 1.00 1.00 0 0 0 0 0 0 0 0 -1000.00 -1000.00 -1000.00 -1000.00 1.6244 1.8781 3.8906 -45.6203 1.9687 -93.7548 0.0152 0.0000 -0.0000 493 nissan_patrol
Car 1.00 1.00 0 0 0 0 0 0 0 0 -1000.00 -1000.00 -1000.00 -1000.00 1.5488 2.0688 3.9961 -45.5777 2.0207 -96.4784 -3.1264 0.0000 -0.0000 494 nissan_patrol
Car 1.00 1.00 0 0 0 4 0 0 0 0 -1000.00 -1000.00 -1000.00 -1000.00 2.1397 2.1728 4.7017 -45.4222 1.9794 -105.1570 -3.1264 0.0000 -0.0000 495 nissan_patrol
Car 1.00 1.00 6 5 11 74 2 0 0 0 -1000.00 -1000.00 -1000.00 -1000.00 1.9476 2.0282 4.8347 -45.2492 1.9779 -113.3729 -3.1264 0.0000 -0.0000 496 nissan_patrol
Car 1.00 1.00 0 0 2 6 0 0 0 0 -1000.00 -1000.00 -1000.00 -1000.00 1.5100 1.8730 4.1000 -45.2724 1.9696 -116.2700 -3.1264 0.0000 -0.0000 497 nissan_patrol
Car 1.00 1.00 5 12 16 59 1 0 0 0 -1000.00 -1000.00 -1000.00 -1000.00 1.5488 2.0688 3.9961 -30.3959 2.0206 -102.0329 0.0152 0.0000 -0.0000 498 nissan_patrol
Car 1.00 1.00 0 0 0 3 0 0 0 0 -1000.00 -1000.00 -1000.00 -1000.00 1.5100 1.8730 4.1000 -30.3558 1.9696 -104.9277 0.0152 0.0000 -0.0000 499 nissan_patrol
Car 1.00 1.00 0 0 0 0 0 0 0 0 -1000.00 -1000.00 -1000.00 -1000.00 1.9476 2.0282 4.8347 -30.2676 1.9779 -107.6101 -3.1264 0.0000 -0.0000 500 nissan_patrol
Car 1.00 1.00 23 33 50 204 11 0 0 0 -1000.00 -1000.00 -1000.00 -1000.00 2.1397 2.1728 -4.7017 -24.1782 1.9795 -90.5330 -3.1264 0.0000 -0.0000 501 nissan_patrol
Car 1.00 1.00 5 9 11 58 3 0 0 0 -1000.00 -1000.00 -1000.00 -1000.00 1.9476 2.0282 -4.8347 -24.0673 1.9779 -93.4269 0.0152 0.0000 -0.0000 502 nissan_patrol
Car 1.00 1.00 7 16 21 98 5 0 0 0 -1000.00 -1000.00 -1000.00 -1000.00 1.6244 1.8781 -3.8906 -23.8814 1.9686 -110.4084 -3.1264 0.0000 -0.0000 503 nissan_patrol
Car 1.00 1.00 3 3 9 32 1 0 0 0 -1000.00 -1000.00 -1000.00 -1000.00 1.7506 2.3538 -4.8416 -23.8655 2.0494 -113.0476 -3.1264 0.0000 -0.0000 504 nissan_patrol
Car 1.00 1.00 0 0 0 0 0 0 0 0 -1000.00 -1000.00 -1000.00 -1000.00 1.9476 2.0282 4.8347 22.3042 1.9414 -137.0920 1.5860 0.0000 -0.0000 505 nissan_patrol
Car 1.00 1.00 0 0 0 0 0 0 0 0 -1000.00 -1000.00 -1000.00 -1000.00 1.5475 1.9070 4.4025 46.1264 1.9629 -135.0633 1.5860 0.0000 -0.0000 506 seat_leon
Car 1.00 1.00 0 0 0 0 0 0 0 0 -1000.00 -1000.00 -1000.00 -1000.00 2.5908 2.7453 5.4640 31.6946 1.9999 -136.8858 1.5860 0.0000 -0.0000 507 carlamotors_carlacola
Car 0.00 1.00 0 0 0 0 0 0 0 0 1628.63 357.22 1671.13 369.86 2.5908 2.7453 5.4640 116.0604 2.0212 -145.3610 -1.5556 0.0000 -0.0000 508 carlamotors_carlacola
Car 0.00 1.00 0 0 0 0 0 0 0 0 1608.93 357.30 1649.71 369.57 2.5908 2.7453 5.4640 119.5486 2.0212 -145.3079 -1.5556 0.0000 -0.0000 509 carlamotors_carlacola
Car 0.00 1.00 0 0 0 0 0 0 0 0 1503.84 356.52 1544.80 369.55 2.5908 2.7453 5.4640 113.9942 1.8991 -117.1504 -3.1264 0.0000 -0.0000 510 carlamotors_carlacola
Car 1.00 1.00 0 0 0 0 0 0 0 0 -1000.00 -1000.00 -1000.00 -1000.00 2.5908 2.7453 5.4640 27.3842 1.9999 -136.9514 1.5860 0.0000 -0.0000 511 carlamotors_carlacola
Car 0.00 1.00 0 0 0 0 0 0 0 0 1174.72 357.88 1252.84 382.26 2.2031 2.5091 6.5872 53.8192 2.0111 -26.3733 1.0624 0.0000 -0.0000 512 tesla_cybertruck