Car 1.00 1.00 0 0 0 0 0 0 0 0 -1000.00 -1000.00 -1000.00 -1000.00 1.5542 2.3421 5.1370 -57.5494 3.6052 -284.7366 0.0418 -0.0086 -0.0003 0 lincoln2020_mkz2020
Car 1.00 1.00 6736 237631 380476 0 0 0 0 0 -1000.00 -1000.00 -1000.00 -1000.00 2.1397 2.1728 4.7045 -0.0005 2.0932 -2.2389 1.5708 0.0000 0.0000 1 volkswagen_t2
Motorcycle 1.00 1.00 0 0 0 0 0 0 0 0 -1000.00 -1000.00 -1000.00 -1000.00 1.6960 1.0692 2.4735 -246.6265 2.2883 -18.7031 1.5909 -0.0013 0.0006 2 harley_davidson_low_rider
Motorcycle 1.00 1.00 0 0 0 0 0 0 0 0 -1000.00 -1000.00 -1000.00 -1000.00 1.6960 1.0692 2.4735 -165.3900 3.6652 -290.1311 -0.1542 0.0007 -0.0009 3 harley_davidson_low_rider
Car 0.00 1.00 0 0 0 0 0 0 0 0 1322.75 364.52 1355.51 374.31 1.6320 2.1403 5.2230 99.6712 2.4683 -69.6272 -3.1140 -0.0095 -0.0003 4 dodge_charger_police
Car 1.00 1.00 0 0 0 5 0 0 0 0 -1000.00 -1000.00 -1000.00 -1000.00 1.5542 2.3421 5.1370 -112.5056 1.5933 109.4652 -0.0152 0.0024 -0.0005 5 lincoln2020_mkz2020
Car 1.00 1.00 0 0 0 0 0 0 0 0 -1000.00 -1000.00 -1000.00 -1000.00 1.4546 2.0938 4.3903 118.8941 -6.5464 -265.5668 -2.8552 -0.0056 -0.0045 6 audi_tt
Car 1.00 1.00 2 2 3 24 6 0 0 0 -1000.00 -1000.00 -1000.00 -1000.00 1.4477 1.5550 2.3177 2.2238 2.7099 -122.8589 1.3258 -0.0178 -0.0007 7 bmw_isetta
Car 1.00 1.00 0 0 0 0 0 0 0 0 -1000.00 -1000.00 -1000.00 -1000.00 1.7173 2.2591 5.2781 52.5664 -6.4942 -272.0443 -3.1308 -0.0116 -0.0013 8 mercedes_benz_coupe
Car 1.00 1.00 459 509 807 7303 0 0 144 0 -1000.00 -1000.00 -1000.00 -1000.00 1.4812 2.1349 5.6254 -4.6677 1.9975 19.3200 1.2323 -0.0144 0.0015 9 chevrolet_impala
Car 0.00 1.00 0 0 0 0 0 0 0 0 798.70 360.98 823.10 367.93 1.6115 2.2019 5.2564 132.7605 1.8586 33.1726 -1.5111 -0.0053 0.0003 10 charger2020_charger2020
Car 0.99 1.00 0 0 0 0 0 0 0 0 1918.83 364.48 1920.00 379.42 2.2031 2.5091 6.5872 88.6115 2.9435 -160.5424 3.0382 -0.0052 -0.0003 11 tesla_cybertruck
Car 1.00 1.00 0 0 0 0 0 0 0 0 -1000.00 -1000.00 -1000.00 -1000.00 1.5140 2.1024 4.9073 -83.4008 2.5855 -84.0555 2.2208 -0.0050 0.0011 12 mercedesccc_mercedesccc
Car 0.00 1.00 0 0 0 0 0 0 0 0 1568.97 364.69 1595.50 371.66 1.6980 1.9434 4.1871 141.1468 2.9026 -159.4857 -3.1110 -0.0060 0.0028 13 citroen_c3
Car 0.00 1.00 0 0 0 0 0 0 0 0 1349.91 365.73 1388.72 375.41 1.4812 2.1349 5.6254 92.7225 2.4653 -69.8495 -3.1103 -0.0052 -0.0003 14 chevrolet_impala
Car 0.00 1.00 0 0 0 0 0 0 0 0 1549.49 364.73 1580.41 371.85 1.6320 2.1403 5.2230 134.5282 2.8062 -147.9078 -1.5365 -0.0095 -0.0003 15 dodge_charger_police
Car 1.00 1.00 0 3 5 16 4 0 0 0 -1000.00 -1000.00 -1000.00 -1000.00 1.5863 2.2347 5.1468 -5.6599 3.0141 -174.1120 0.0272 -0.0050 -0.0030 16 lincoln_mkz2017
Car 1.00 1.00 0 0 0 13 0 0 0 0 -1000.00 -1000.00 -1000.00 -1000.00 1.7318 2.1344 5.0985 -103.4287 1.6096 109.2866 0.0265 -0.0052 -0.0003 17 audi_etron
Car 1.00 1.00 0 1 4 6 2 0 0 0 -1000.00 -1000.00 -1000.00 -1000.00 1.7506 2.3538 4.8416 -12.0317 3.0267 -174.2898 0.0287 -0.0051 -0.0003 18 bmw_grandtourer
Car 0.00 0.44 24 33 56 282 0 0 0 9 647.50 362.94 689.48 377.08 1.5765 1.9374 3.8150 64.9865 1.9308 31.3616 -1.5566 -0.0052 -0.0003 19 nissan_micra
Motorcycle 1.00 1.00 0 2 2 2 0 0 0 0 -1000.00 -1000.00 -1000.00 -1000.00 1.6960 1.0692 2.4735 -2.4390 2.7824 -139.9100 -1.5358 -0.0037 -0.0001 20 harley_davidson_low_rider
Car 1.00 1.00 0 0 0 0 0 0 0 0 -1000.00 -1000.00 -1000.00 -1000.00 1.5765 1.9374 3.8150 -75.8605 3.0840 -183.4026 1.5522 -0.0050 -0.0003 21 nissan_micra
Car 0.00 1.00 0 0 0 0 0 0 0 0 1212.42 362.73 1237.71 369.98 1.7203 2.2019 5.4994 137.6866 2.4112 -67.5798 1.0666 -0.0049 -0.0006 22 chargercop2020_chargercop2020
Car 1.00 1.00 147 171 273 1107 65 0 0 0 -1000.00 -1000.00 -1000.00 -1000.00 1.5475 1.9070 4.4025 -3.0373 2.2309 -30.8485 1.6055 -0.0052 -0.0005 23 seat_leon
Car 1.00 1.00 0 0 0 0 0 0 0 0 -1000.00 -1000.00 -1000.00 -1000.00 1.3660 1.9896 4.9534 -82.5503 3.4581 -253.1018 -1.5737 -0.0052 -0.0003 24 mustang_mustang
Cyclist 1.00 1.00 0 0 0 0 0 0 0 0 -1000.00 -1000.00 -1000.00 -1000.00 1.9709 0.6705 1.7250 -86.8939 1.9936 28.4357 -1.5421 -0.0001 -0.0003 25 diamondback_century
Cyclist 1.00 1.00 2 4 4 15 0 0 0 0 -1000.00 -1000.00 -1000.00 -1000.00 1.7065 0.8593 1.4873 -68.3938 2.0310 14.1714 -3.1223 -0.0052 -0.0003 26 bh_crossbike
Car 1.00 1.00 0 0 0 0 0 0 0 0 -1000.00 -1000.00 -1000.00 -1000.00 2.1397 2.1728 4.7045 -63.1144 2.5452 -74.7744 -3.1091 -0.0052 -0.0003 27 volkswagen_t2
Car 1.00 1.00 0 1 3 70 0 0 1 0 -1000.00 -1000.00 -1000.00 -1000.00 1.9718 2.0005 4.0595 -92.9454 1.8189 65.7565 -1.9544 -0.0057 -0.0011 28 jeep_wrangler_rubicon
Car 0.00 0.31 14 16 22 154 0 0 0 1 873.80 363.65 895.28 376.22 1.5627 2.2716 5.0314 74.4142 2.0682 7.7053 0.0255 -0.0057 -0.0003 29 tesla_model3
Car 1.00 1.00 0 0 0 0 0 0 0 0 -1000.00 -1000.00 -1000.00 -1000.00 1.4546 2.0938 4.3903 74.6316 2.9872 -169.8716 2.2587 -0.0059 0.0009 30 audi_tt
Car 0.00 1.00 0 0 0 0 0 0 0 0 1263.06 363.61 1283.73 369.97 1.5488 2.0688 3.9961 139.4847 2.4651 -80.5028 1.6007 -0.0047 -0.0009 31 mini_cooperst
Car 0.00 1.00 0 0 0 0 0 0 0 0 902.76 363.67 941.25 376.46 1.6011 2.1072 4.7392 72.5646 2.0906 2.6883 1.7537 -0.0052 -0.0003 32 toyota_prius
Car 1.00 1.00 0 0 0 0 0 0 0 0 -1000.00 -1000.00 -1000.00 -1000.00 2.1397 2.1728 4.7045 -155.3110 2.5711 -74.2326 -1.4542 -0.0053 -0.0003 33 volkswagen_t2
Car 1.00 1.00 0 0 0 0 0 0 0 0 -1000.00 -1000.00 -1000.00 -1000.00 1.6011 2.1072 4.7392 -261.7521 2.2296 -3.9993 -1.5448 -0.0053 -0.0001 34 toyota_prius
Car 0.00 1.00 0 0 0 0 0 0 0 0 1023.12 365.70 1061.69 376.07 1.3660 1.9896 4.9534 77.1942 2.1706 -13.5286 1.6095 -0.0050 -0.0003 35 mustang_mustang
Car 0.00 0.97 0 2 3 5 0 0 0 0 883.18 361.44 892.75 367.73 1.6011 2.1072 4.7392 147.0344 1.9952 16.7195 -3.0950 -0.0062 -0.0003 36 toyota_prius
Car 1.00 1.00 30 40 50 234 33 0 0 0 -1000.00 -1000.00 -1000.00 -1000.00 1.7506 2.3538 4.8416 -3.8015 2.5162 -81.9906 2.1106 -0.0052 0.0000 37 bmw_grandtourer
Car 1.00 1.00 0 0 0 0 0 0 0 0 -1000.00 -1000.00 -1000.00 -1000.00 2.2031 2.5091 6.5872 90.4286 2.9623 -164.3068 -3.1009 -0.0052 -0.0003 38 tesla_cybertruck
Motorcycle 0.00 1.00 0 0 0 0 0 0 0 0 912.38 361.49 922.21 368.37 1.6387 1.2138 2.3199 136.9173 2.0237 8.2371 1.5989 -0.0132 0.0026 39 yamaha_yzf
Car 1.00 1.00 0 0 0 0 0 0 0 0 -1000.00 -1000.00 -1000.00 -1000.00 1.9476 2.0282 4.8347 -77.8140 2.3893 -48.3710 1.6052 -0.0082 -0.0007 40 nissan_patrol
Car 1.00 1.00 18 18 36 124 27 0 0 0 -1000.00 -1000.00 -1000.00 -1000.00 1.6115 2.2019 5.2564 -1.0523 2.5379 -88.0148 1.6903 0.0028 0.0005 41 charger2020_charger2020
Car 0.00 1.00 0 0 0 0 0 0 0 0 1689.63 365.89 1731.77 373.53 1.6115 2.2019 5.2564 125.5740 2.9700 -170.8188 0.0717 -0.0053 0.0003 42 charger2020_charger2020
Motorcycle 0.00 0.63 4 0 1 6 0 0 0 0 645.36 362.05 670.83 376.02 1.6649 1.0692 2.4735 67.8918 1.9165 34.1634 -1.4686 -0.0021 -0.0003 43 harley_davidson_low_rider
Car 1.00 1.00 0 0 0 0 0 0 0 0 -1000.00 -1000.00 -1000.00 -1000.00 1.5542 2.3421 5.1370 -79.3428 3.2321 -209.4890 1.5849 -0.0071 -0.0006 44 lincoln2020_mkz2020
Motorcycle 0.00 0.54 1 4 6 18 0 0 0 1 991.51 363.11 1010.43 375.70 1.6960 1.0692 2.4735 76.9442 2.1308 -7.8389 1.6061 -0.0050 -0.0003 45 harley_davidson_low_rider
Cyclist 0.00 1.00 0 0 0 0 0 0 0 0 1648.47 364.71 1667.81 379.00 1.9310 0.5921 1.9272 76.9633 2.5861 -97.8672 1.5916 -0.0079 -0.0003 46 gazelle_omafiets
Car 0.00 0.33 58 59 107 407 0 0 0 11 800.31 363.40 837.16 383.42 1.7318 2.1344 5.0985 52.6602 2.0693 10.8374 0.0023 -0.0052 -0.0003 47 audi_etron
Car 0.00 1.00 0 0 0 0 0 0 0 0 1163.93 361.38 1187.83 369.86 1.9476 2.0282 4.8347 131.7659 2.2926 -53.1327 -1.5360 -0.0064 -0.0003 48 nissan_patrol
Car 1.00 1.00 977 1070 1715 31754 0 24 180 0 -1000.00 -1000.00 -1000.00 -1000.00 1.7203 2.2019 5.4994 -7.8556 2.0413 13.0779 0.7309 -0.0059 -0.0019 49 chargercop2020_chargercop2020
Car 1.00 1.00 0 0 0 0 0 0 0 0 -1000.00 -1000.00 -1000.00 -1000.00 1.6244 1.8781 3.8906 -153.5649 2.6298 -88.7066 1.9975 -0.0057 -0.0015 50 audi_a2
Car 1.00 1.00 0 0 0 0 0 0 0 0 -1000.00 -1000.00 -1000.00 -1000.00 1.5863 2.2347 5.1468 -18.4292 3.0352 -174.6294 0.0361 -0.0052 -0.0003 51 lincoln_mkz2017
Cyclist 1.00 1.00 0 0 0 0 0 0 0 0 -1000.00 -1000.00 -1000.00 -1000.00 1.9709 0.6705 1.7250 -147.2879 2.1807 -4.1298 -2.2897 0.0018 -0.0095 52 diamondback_century
Cyclist 1.00 1.00 6 6 9 42 5 0 0 0 -1000.00 -1000.00 -1000.00 -1000.00 1.9311 0.5921 1.9272 -5.8214 2.4709 -76.1431 0.7641 -0.0080 -0.0014 53 gazelle_omafiets
Car 0.00 1.00 0 0 0 0 0 0 0 0 1228.28 362.74 1253.39 369.74 1.7173 2.2591 5.2781 142.8154 2.4480 -74.0465 1.5998 -0.0104 -0.0012 54 mercedes_benz_coupe
Car 1.00 1.00 0 0 0 0 0 0 0 0 -1000.00 -1000.00 -1000.00 -1000.00 1.5542 2.3421 5.1370 77.1438 3.1755 -211.8523 0.8857 -0.0015 -0.0027 55 lincoln2020_mkz2020
Car 1.00 1.00 0 0 0 0 0 0 0 0 -1000.00 -1000.00 -1000.00 -1000.00 1.7506 2.3538 4.8416 22.6407 2.9746 -166.2888 -3.1397 -0.0052 -0.0003 56 bmw_grandtourer
Car 0.00 1.00 0 0 0 0 0 0 0 0 1505.89 367.66 1553.24 378.85 1.4546 2.0938 4.3903 76.3948 2.5202 -79.6381 1.6142 -0.0050 -0.0003 57 audi_tt
Car 1.00 1.00 0 0 0 0 0 0 0 0 -1000.00 -1000.00 -1000.00 -1000.00 1.7173 2.2591 5.2781 -103.7098 2.5867 -79.7775 -3.1381 -0.0133 -0.0001 58 mercedes_benz_coupe
Car 0.00 1.00 0 0 0 0 0 0 0 0 1737.39 369.65 1842.60 387.76 1.5542 2.3421 5.1370 54.1814 2.5294 -81.5831 0.0315 -0.0051 -0.0003 59 lincoln2020_mkz2020
Car 0.00 0.69 0 12 16 55 0 0 0 1 796.62 358.78 819.53 368.22 2.1397 2.1728 4.7045 129.2785 1.8734 32.8957 -1.5585 -0.0051 -0.0003 60 volkswagen_t2
Car 0.00 1.00 0 0 0 0 0 0 0 0 1076.58 361.43 1090.69 366.12 1.7506 2.3538 4.8416 212.6887 2.3116 -49.4322 -1.5622 -0.0052 -0.0003 61 bmw_grandtourer
Car 1.00 1.00 0 0 0 0 0 0 0 0 -1000.00 -1000.00 -1000.00 -1000.00 1.6320 2.1403 5.2230 99.4450 3.1476 -211.8662 -3.1266 -0.0095 -0.0003 62 dodge_charger_police
Car 1.00 1.00 5 0 3 4 3 0 0 0 -1000.00 -1000.00 -1000.00 -1000.00 1.6980 1.9434 4.1871 3.2571 2.6282 -106.3586 1.6054 -0.0050 -0.0003 63 citroen_c3
Car 0.00 1.00 0 0 0 0 0 0 0 0 1678.01 368.31 1739.43 379.70 1.4812 2.1349 5.6254 77.0651 2.6513 -104.8856 1.5874 -0.0054 -0.0003 64 chevrolet_impala
Car 1.00 1.00 47 37 78 289 7 0 0 0 -1000.00 -1000.00 -1000.00 -1000.00 1.6115 2.2019 5.2564 -9.1666 2.3952 -62.1173 -1.4970 -0.0053 0.0003 65 charger2020_charger2020
Car 0.00 1.00 0 0 0 0 0 0 0 0 900.01 363.15 913.58 370.00 1.3660 1.9896 4.9534 117.0179 2.0426 8.8673 -0.0787 -0.0052 -0.0003 66 mustang_mustang
Motorcycle 0.00 0.58 0 0 1 8 0 0 0 0 961.38 363.59 977.53 375.42 1.5852 1.1236 2.1350 76.7444 2.0849 -3.5196 1.6107 -0.0063 -0.0003 67 kawasaki_ninja
Car 1.00 1.00 0 0 0 0 0 0 0 0 -1000.00 -1000.00 -1000.00 -1000.00 1.5488 2.0688 3.9961 -196.3666 2.6130 -85.9047 -0.2526 -0.0039 -0.0002 68 mini_cooperst
Car 1.00 1.00 0 0 0 0 0 0 0 0 -1000.00 -1000.00 -1000.00 -1000.00 1.5542 2.3421 5.1370 -155.8336 2.5904 -80.8125 -1.5053 -0.0053 -0.0006 69 lincoln2020_mkz2020
Car 1.00 1.00 0 0 0 0 0 0 0 0 -1000.00 -1000.00 -1000.00 -1000.00 1.9718 2.0005 4.0595 -51.4964 2.5308 -74.4001 -3.1084 -0.0056 -0.0004 70 jeep_wrangler_rubicon
Car 1.00 1.00 0 0 0 0 0 0 0 0 -1000.00 -1000.00 -1000.00 -1000.00 1.7506 2.3538 4.8416 -65.3855 3.0509 -175.5763 0.1026 -0.0069 -0.0005 71 bmw_grandtourer
Car 0.00 1.00 0 0 0 0 0 0 0 0 1543.52 362.65 1576.80 371.05 2.2031 2.5091 6.5872 152.7351 2.9508 -166.3948 -0.1224 -0.0053 0.0006 72 tesla_cybertruck
Car 1.00 1.00 24 19 33 94 0 4 0 0 -1000.00 -1000.00 -1000.00 -1000.00 1.6244 1.8781 3.8906 -79.5464 2.0679 15.6540 1.6006 -0.0057 -0.0014 73 audi_a2
Car 1.00 1.00 0 0 0 0 0 0 0 0 -1000.00 -1000.00 -1000.00 -1000.00 1.7203 2.2019 5.4994 74.6442 2.8904 -151.8251 -1.5260 -0.0053 0.0003 74 chargercop2020_chargercop2020
Car 1.00 1.00 22 22 39 168 0 11 0 0 -1000.00 -1000.00 -1000.00 -1000.00 1.6320 2.1403 5.2230 -82.8961 2.1092 11.2105 1.6010 -0.0117 0.0000 75 dodge_charger_police
Car 0.00 0.33 42 54 80 335 0 0 0 13 838.75 365.98 871.81 384.74 1.5140 2.1024 4.9073 50.0335 2.0737 6.9476 0.0253 -0.0051 -0.0003 76 mercedesccc_mercedesccc
Car 1.00 1.00 0 0 0 0 0 0 0 0 -1000.00 -1000.00 -1000.00 -1000.00 1.6244 1.8781 3.8906 70.8721 3.1833 -217.1281 0.3957 -0.0047 -0.0024 77 audi_a2
Car 1.00 1.00 0 0 0 0 0 0 0 0 -1000.00 -1000.00 -1000.00 -1000.00 1.6244 1.8781 3.8906 -52.1164 2.5433 -78.0699 -3.0854 -0.0051 -0.0014 78 audi_a2
Car 1.00 1.00 0 3 5 20 6 0 0 0 -1000.00 -1000.00 -1000.00 -1000.00 1.7203 2.2019 5.4994 1.1000 2.9996 -172.7293 -2.2637 -0.0062 0.0037 79 chargercop2020_chargercop2020
Car 1.00 1.00 0 0 0 0 0 0 0 0 -1000.00 -1000.00 -1000.00 -1000.00 2.1397 2.1728 4.7045 -169.3060 2.6067 -82.6989 -3.0127 -0.0153 -0.0054 80 volkswagen_t2
Car 1.00 1.00 0 0 0 0 0 0 0 0 -1000.00 -1000.00 -1000.00 -1000.00 1.3660 1.9896 4.9534 71.8865 3.1558 -203.9538 -1.6865 -0.0053 -0.0000 81 mustang_mustang
Car 1.00 1.00 12 15 22 92 17 0 0 0 -1000.00 -1000.00 -1000.00 -1000.00 1.7203 2.2019 5.4994 2.8308 2.5539 -93.0807 1.6414 -0.0077 0.0002 82 chargercop2020_chargercop2020
Car 0.00 1.00 0 0 0 0 0 0 0 0 993.31 329.83 1006.07 335.38 1.6244 1.8781 3.8906 176.4370 -7.8515 -14.7817 -1.5717 -0.0071 -0.0030 83 audi_a2
Car 0.00 1.00 0 0 0 0 0 0 0 0 1182.04 364.37 1216.23 376.87 1.6244 1.8781 3.8906 77.7757 2.2717 -35.3377 1.6046 0.0157 -0.0020 84 audi_a2
Car 0.00 1.00 0 0 0 0 0 0 0 0 1504.83 365.34 1529.74 370.48 1.3660 1.9896 4.9534 157.0179 2.8972 -159.0170 -3.1298 -0.0052 -0.0003 85 mustang_mustang
Car 0.00 1.00 0 0 0 0 0 0 0 0 1695.98 332.92 1719.29 338.49 1.6244 1.8781 3.8906 173.1530 -6.7236 -234.3501 0.9627 -0.0063 0.0117 86 audi_a2
Car 1.00 1.00 0 0 0 0 0 0 0 0 -1000.00 -1000.00 -1000.00 -1000.00 1.9718 2.0005 4.0595 -137.3699 3.0410 -167.7238 -0.6479 -0.0098 -0.0002 87 jeep_wrangler_rubicon
Car 0.00 1.00 0 0 0 0 0 0 0 0 1550.35 333.56 1570.15 339.69 1.9718 2.0005 4.0595 187.6059 -6.8748 -204.2555 1.2981 -0.0059 0.0043 88 jeep_wrangler_rubicon
Car 1.00 1.00 0 0 0 0 0 0 0 0 -1000.00 -1000.00 -1000.00 -1000.00 1.3660 1.9896 4.9534 -88.4866 1.6031 106.4068 0.0014 -0.0052 -0.0003 89 mustang_mustang
Motorcycle 1.00 1.00 5 5 7 41 0 0 0 0 -1000.00 -1000.00 -1000.00 -1000.00 1.6649 1.0692 2.4735 -10.5455 1.8562 39.8074 -1.7813 -0.0038 -0.0152 90 harley_davidson_low_rider
Car 1.00 1.00 0 0 0 0 0 0 0 0 -1000.00 -1000.00 -1000.00 -1000.00 1.5475 1.9070 4.4025 -251.9545 3.1007 -173.4338 -1.5262 -0.0055 0.0000 91 seat_leon
Motorcycle 0.00 1.00 0 0 0 0 0 0 0 0 995.45 361.85 1005.32 368.59 1.6387 1.2138 2.3199 137.4550 2.1006 -12.1733 1.5866 -0.0032 -0.0003 92 yamaha_yzf
Cyclist 1.00 1.00 0 0 0 0 0 0 0 0 -1000.00 -1000.00 -1000.00 -1000.00 1.9311 0.5921 1.9272 -97.4070 1.7808 63.3439 -2.9567 -0.0137 -0.0015 93 gazelle_omafiets
Car 1.00 1.00 0 0 0 0 0 0 0 0 -1000.00 -1000.00 -1000.00 -1000.00 1.5140 2.1024 4.9073 -150.9231 2.5927 -81.4390 -3.0915 -0.0052 -0.0003 94 mercedesccc_mercedesccc
Car 1.00 1.00 0 3 4 2 1 0 0 0 -1000.00 -1000.00 -1000.00 -1000.00 1.4546 2.0938 4.3903 6.6739 3.0357 -185.9388 1.8503 -0.0052 -0.0003 95 audi_tt
Car 1.00 1.00 0 0 0 0 0 0 0 0 -1000.00 -1000.00 -1000.00 -1000.00 2.1397 2.1728 4.7045 -76.5861 2.5663 -79.1779 1.6108 0.0085 -0.0002 96 volkswagen_t2
Car 1.00 1.00 0 1 0 0 0 0 0 0 -1000.00 -1000.00 -1000.00 -1000.00 1.5140 2.1024 4.9073 -87.0476 1.9806 33.2719 -1.5416 -0.0051 -0.0003 97 mercedesccc_mercedesccc
Car 0.00 1.00 0 0 0 0 0 0 0 0 1057.24 362.03 1072.82 365.97 1.4812 2.1349 5.6254 215.8145 2.2875 -42.9224 -1.5696 -0.0049 -0.0003 98 chevrolet_impala
Car 0.00 1.00 0 0 0 0 0 0 0 0 776.84 360.95 795.30 367.73 1.5765 1.9374 3.8150 132.7074 1.8143 39.0660 -1.5178 -0.0051 -0.0003 99 nissan_micra
Motorcycle 0.00 1.00 0 0 0 0 0 0 0 0 1316.43 365.52 1337.97 377.66 1.5853 1.1236 2.1350 74.8854 2.3311 -51.1529 1.6167 -0.0043 0.0009 100 kawasaki_ninja
Car 1.00 1.00 0 0 0 0 0 0 0 0 -1000.00 -1000.00 -1000.00 -1000.00 1.9476 2.0282 4.8347 -79.6363 3.5136 -265.8481 1.3603 -0.0093 0.0079 101 nissan_patrol
Car 1.00 1.00 22 20 38 142 0 21 0 0 -1000.00 -1000.00 -1000.00 -1000.00 2.1397 2.1728 4.7045 -79.1043 2.1574 1.9290 1.5976 -0.0128 -0.0004 102 volkswagen_t2
Car 1.00 1.00 0 1 3 0 0 0 0 0 -1000.00 -1000.00 -1000.00 -1000.00 1.3660 1.9896 4.9534 -90.5389 1.9650 36.4896 -1.5640 -0.0055 -0.0003 103 mustang_mustang
Car 0.00 1.00 0 0 0 0 0 0 0 0 479.63 361.94 534.91 374.70 1.5627 2.2716 5.0314 71.2578 1.8244 55.0589 1.6392 -0.0052 -0.0003 104 tesla_model3
Car 0.00 1.00 0 0 0 0 0 0 0 0 1352.07 365.13 1388.15 374.70 1.5542 2.3421 5.1370 97.0624 2.4728 -73.2071 -3.1115 -0.0051 -0.0003 105 lincoln2020_mkz2020
Car 1.00 1.00 0 0 0 0 0 0 0 0 -1000.00 -1000.00 -1000.00 -1000.00 1.5627 2.2716 5.0314 71.0427 2.8960 -152.4087 -1.5401 -0.0051 -0.0003 106 tesla_model3
Car 1.00 1.00 0 0 0 0 0 0 0 0 -1000.00 -1000.00 -1000.00 -1000.00 1.5765 1.9374 3.8150 -87.6748 2.4702 -63.8230 -1.5284 -0.0052 -0.0003 107 nissan_micra
Cyclist 1.00 1.00 0 0 0 0 0 0 0 0 -1000.00 -1000.00 -1000.00 -1000.00 1.9311 0.5921 1.9272 -62.1263 2.5281 -78.2309 -3.1108 -0.0093 -0.0003 108 gazelle_omafiets
Cyclist 0.00 1.00 0 0 0 0 0 0 0 0 1770.62 331.14 1782.58 337.86 1.9311 0.5921 1.9272 167.2500 -6.6771 -247.1234 0.8202 -0.0086 -0.0069 109 gazelle_omafiets
Car 1.00 1.00 26 26 36 142 6 0 0 0 -1000.00 -1000.00 -1000.00 -1000.00 1.4546 2.0938 4.3903 -5.7193 2.3744 -57.1634 -1.5381 -0.0051 -0.0003 110 audi_tt
Car 1.00 1.00 0 0 0 0 0 0 0 0 -1000.00 -1000.00 -1000.00 -1000.00 1.9476 2.0282 4.8347 -57.4653 2.5359 -78.0917 -3.1101 -0.0055 -0.0003 111 nissan_patrol
Car 1.00 1.00 2 3 4 12 5 0 0 0 -1000.00 -1000.00 -1000.00 -1000.00 1.4546 2.0938 4.3903 -0.6283 2.5653 -94.4135 1.5965 -0.0052 -0.0003 112 audi_tt
Car 1.00 1.00 0 0 0 0 0 0 0 0 -1000.00 -1000.00 -1000.00 -1000.00 1.7506 2.3538 4.8416 106.7117 3.1800 -221.9000 0.0163 -0.0053 -0.0003 113 bmw_grandtourer
Car 1.00 1.00 0 2 6 18 2 0 0 0 -1000.00 -1000.00 -1000.00 -1000.00 1.9718 2.0005 4.0595 -5.9445 2.8283 -145.4840 -1.5241 -0.0055 -0.0004 114 jeep_wrangler_rubicon
Motorcycle 0.00 1.00 0 0 0 0 0 0 0 0 1237.54 363.18 1249.35 369.85 1.6387 1.2138 2.3199 139.2793 2.4408 -72.9286 1.6004 -0.0049 -0.0008 115 yamaha_yzf
Car 1.00 1.00 0 0 0 0 0 0 0 0 -1000.00 -1000.00 -1000.00 -1000.00 1.7203 2.2019 5.4994 55.8527 3.0038 -172.6536 0.0722 -0.0053 0.0003 116 chargercop2020_chargercop2020
Car 0.00 1.00 0 0 0 0 0 0 0 0 1287.35 363.74 1310.26 372.67 1.6980 1.9434 4.1871 110.9395 2.4591 -69.3752 -3.1314 -0.0054 -0.0003 117 citroen_c3
Car 1.00 1.00 0 0 0 0 0 0 0 0 -1000.00 -1000.00 -1000.00 -1000.00 1.5542 2.3421 5.1370 -89.3489 3.5557 -271.5821 -3.0852 -0.0051 -0.0003 118 lincoln2020_mkz2020
Car 0.00 1.00 0 0 0 0 0 0 0 0 1191.83 357.23 1248.63 380.06 2.5908 2.7453 5.4640 67.3457 2.3099 -33.2882 -1.5324 -0.0158 -0.0003 119 carlamotors_carlacola
Car 0.00 1.00 0 0 0 0 0 0 0 0 1573.25 366.96 1617.07 378.98 1.5765 1.9374 3.8150 76.6802 2.5484 -88.8871 1.5959 -0.0057 -0.0003 120 nissan_micra
Car 0.00 1.00 0 0 0 0 0 0 0 0 1474.79 333.15 1486.60 337.92 1.4477 1.5550 2.3177 177.3420 -7.0542 -167.8658 -1.5326 0.0030 -0.0010 121 bmw_isetta
Car 0.00 1.00 0 0 0 0 0 0 0 0 954.16 361.23 975.57 368.36 1.7173 2.2591 5.2781 140.8012 2.0603 -3.4379 1.6089 -0.0122 -0.0005 122 mercedes_benz_coupe
Car 1.00 1.00 46 43 66 291 0 11 0 0 -1000.00 -1000.00 -1000.00 -1000.00 1.7173 2.2591 5.2781 -63.4761 2.0877 14.3651 -3.1116 -0.0122 -0.0005 123 mercedes_benz_coupe
Car 0.00 1.00 0 0 0 0 0 0 0 0 1485.32 364.31 1503.92 369.65 1.5765 1.9374 3.8150 170.8610 2.9178 -166.0123 0.0379 -0.0073 -0.0001 124 nissan_micra
Car 0.00 1.00 0 0 0 0 0 0 0 0 521.76 361.73 577.33 374.88 1.6115 2.2019 5.2564 71.2495 1.8480 49.6924 1.6815 -0.0053 0.0003 125 charger2020_charger2020
Car 0.00 0.49 2 3 4 33 0 0 0 0 885.74 360.27 897.13 369.61 1.9476 2.0282 4.8347 119.7646 2.0129 12.4267 0.0425 -0.0055 -0.0003 126 nissan_patrol
Car 1.00 1.00 0 0 0 0 0 0 0 0 -1000.00 -1000.00 -1000.00 -1000.00 1.5140 2.1024 4.9073 -242.0917 2.0396 31.2243 1.3798 -0.0055 -0.0099 127 mercedesccc_mercedesccc
Car 1.00 1.00 0 0 0 0 0 0 0 0 -1000.00 -1000.00 -1000.00 -1000.00 1.7173 2.2591 5.2781 -82.6374 3.4410 -246.5592 -1.5699 -0.0113 -0.0005 128 mercedes_benz_coupe
Car 1.00 1.00 0 2 2 3 4 0 0 0 -1000.00 -1000.00 -1000.00 -1000.00 1.4812 2.1349 5.6254 -2.3227 2.8462 -148.5780 -1.5309 -0.0052 -0.0003 129 chevrolet_impala
Car 1.00 1.00 0 0 0 0 0 0 0 0 -1000.00 -1000.00 -1000.00 -1000.00 2.1397 2.1728 4.7045 -250.1063 2.4647 -47.4395 1.5881 -0.0105 -0.0010 130 volkswagen_t2
Car 0.00 1.00 0 0 0 0 0 0 0 0 1407.78 365.11 1438.71 375.25 1.6244 1.8781 3.8906 94.5110 2.5117 -80.3066 0.0321 -0.0107 -0.0014 131 audi_a2
Car 1.00 1.00 41 46 73 259 0 8 0 0 -1000.00 -1000.00 -1000.00 -1000.00 1.9476 2.0282 4.8347 -66.8462 2.0813 10.4905 -3.1220 -0.0055 -0.0003 132 nissan_patrol
Car 1.00 1.00 22 22 38 118 12 0 0 0 -1000.00 -1000.00 -1000.00 -1000.00 1.9476 2.0282 4.8347 -11.2956 2.5108 -80.1128 0.0328 -0.0096 -0.0004 133 nissan_patrol
Car 0.00 1.00 0 0 0 0 0 0 0 0 1293.82 332.43 1311.67 338.54 1.9476 2.0282 4.8347 188.9541 -7.3331 -118.4278 1.6136 -0.0058 -0.0005 134 nissan_patrol
Car 1.00 1.00 6883 12063 19209 322431 0 1359 346 0 -1000.00 -1000.00 -1000.00 -1000.00 1.7506 2.3538 4.8416 -4.1778 2.0625 1.5075 1.7796 -0.0027 0.0014 135 bmw_grandtourer
Car 1.00 1.00 0 0 0 0 0 0 0 0 -1000.00 -1000.00 -1000.00 -1000.00 1.9476 2.0282 4.8347 17.7362 2.9505 -162.9301 -3.1141 -0.0054 -0.0003 136 nissan_patrol
Car 0.00 0.86 12 15 27 88 0 0 0 10 991.05 363.16 1035.68 376.82 1.7203 2.2019 5.4994 73.4268 2.1539 -9.1695 1.6452 -0.0053 0.0003 137 chargercop2020_chargercop2020
Car 1.00 1.00 0 0 0 146 2 0 0 0 -1000.00 -1000.00 -1000.00 -1000.00 2.5908 2.7453 5.4640 18.3765 2.5354 -75.6874 -3.1100 -0.0052 -0.0003 138 carlamotors_carlacola
Car 0.00 1.00 0 0 0 0 0 0 0 0 1081.56 361.87 1096.27 366.07 1.5863 2.2347 5.1468 216.0180 2.3296 -52.2255 -1.5377 -0.0052 -0.0003 139 lincoln_mkz2017
Car 0.00 1.00 0 0 0 0 0 0 0 0 886.22 360.06 894.64 367.39 1.9718 2.0005 4.0595 153.2802 1.9954 16.8600 -3.0876 -0.0056 -0.0004 140 jeep_wrangler_rubicon
Car 0.00 1.00 0 0 0 0 0 0 0 0 1630.64 365.23 1659.21 371.64 1.6011 2.1072 4.7392 142.5589 2.9477 -177.1030 1.5837 -0.0009 -0.0017 141 toyota_prius
Car 0.00 1.00 0 0 0 0 0 0 0 0 1156.47 361.97 1167.93 366.79 1.7318 2.1344 5.0985 205.9806 2.4749 -76.9778 0.0562 -0.0052 -0.0003 142 audi_etron
Car 1.00 1.00 0 0 0 0 0 0 0 0 -1000.00 -1000.00 -1000.00 -1000.00 2.2031 2.5091 6.5872 -82.8633 2.9095 -143.5971 -1.5837 -0.0049 -0.0003 143 tesla_cybertruck
Car 1.00 1.00 0 0 0 0 0 0 0 0 -1000.00 -1000.00 -1000.00 -1000.00 1.5765 1.9374 3.8150 75.7134 3.1033 -196.3094 -1.5484 -0.0051 -0.0003 144 nissan_micra
Car 1.00 1.00 0 0 0 5 0 0 0 0 -1000.00 -1000.00 -1000.00 -1000.00 1.4546 2.0938 4.3903 3.0495 2.5953 -100.4530 1.6052 -0.0051 -0.0003 145 audi_tt
Car 1.00 1.00 0 0 0 0 0 0 0 0 -1000.00 -1000.00 -1000.00 -1000.00 1.4812 2.1349 5.6254 -102.1829 3.3233 -231.6453 0.0137 -0.0051 -0.0003 146 chevrolet_impala
Car 0.00 1.00 0 0 0 0 0 0 0 0 601.74 321.03 633.42 331.20 2.2031 2.5091 6.5872 146.0148 -7.7321 87.3068 -0.7529 -0.0179 -0.0015 147 tesla_cybertruck
Car 1.00 1.00 0 0 0 0 0 0 0 0 -1000.00 -1000.00 -1000.00 -1000.00 1.9718 2.0005 4.0595 -56.9018 2.5334 -74.5765 -3.1100 -0.0056 -0.0004 148 jeep_wrangler_rubicon
Car 1.00 1.00 0 0 0 0 0 0 0 0 -1000.00 -1000.00 -1000.00 -1000.00 1.3660 1.9896 4.9534 -86.4544 2.9499 -154.4833 -1.5708 -0.0052 -0.0003 149 mustang_mustang
Car 1.00 1.00 0 2 3 4 1 0 0 0 -1000.00 -1000.00 -1000.00 -1000.00 1.3660 1.9896 4.9534 4.8837 3.0575 -191.6041 1.9962 -0.0047 -0.0004 150 mustang_mustang
Car 1.00 1.00 26 42 78 318 0 162 0 0 -1000.00 -1000.00 -1000.00 -1000.00 2.5908 2.7453 5.4640 -82.5123 2.1947 -1.1351 1.6113 -0.0208 -0.0004 151 carlamotors_carlacola
Car 0.00 1.00 0 0 0 0 0 0 0 0 999.71 362.14 1022.94 369.14 1.5863 2.2347 5.1468 130.4644 2.1045 -14.2002 -1.5332 -0.0051 -0.0003 152 lincoln_mkz2017
Car 1.00 1.00 0 0 0 0 0 0 0 0 -1000.00 -1000.00 -1000.00 -1000.00 1.7506 2.3538 4.8416 -82.6900 3.6418 -289.0808 0.0460 -0.0052 -0.0003 153 bmw_grandtourer
Cyclist 1.00 1.00 0 0 0 0 0 0 0 0 -1000.00 -1000.00 -1000.00 -1000.00 1.9709 0.6705 1.7250 82.0545 2.9606 -168.9939 1.5925 0.0011 -0.0003 154 diamondback_century
Cyclist 1.00 1.00 0 0 0 0 0 0 0 0 -1000.00 -1000.00 -1000.00 -1000.00 1.9311 0.5921 1.9272 -159.5100 2.5963 -85.7168 0.0358 -0.0092 -0.0002 155 gazelle_omafiets
Motorcycle 0.00 1.00 0 0 0 0 0 0 0 0 1177.00 362.04 1184.34 366.36 1.6960 1.0692 2.4735 220.3128 2.5082 -89.5393 1.6072 -0.0021 -0.0003 156 harley_davidson_low_rider
Car 1.00 1.00 0 0 0 0 0 0 0 0 -1000.00 -1000.00 -1000.00 -1000.00 2.1397 2.1728 4.7045 -256.5539 2.5531 -64.3438 -1.5333 -0.0084 -0.0001 157 volkswagen_t2
Car 1.00 1.00 0 0 1 14 0 0 0 0 -1000.00 -1000.00 -1000.00 -1000.00 1.5488 2.0688 3.9961 -105.2020 1.6062 106.9844 -0.2445 -0.0052 -0.0003 158 mini_cooperst
Cyclist 1.00 1.00 0 0 0 0 0 0 0 0 -1000.00 -1000.00 -1000.00 -1000.00 1.9311 0.5921 1.9272 61.8604 2.9570 -168.7657 0.0327 -0.0077 -0.0003 159 gazelle_omafiets
Car 1.00 1.00 0 0 1 2 0 0 0 0 -1000.00 -1000.00 -1000.00 -1000.00 1.4812 2.1349 5.6254 -5.7268 2.8639 -151.8077 -1.5361 -0.0052 -0.0003 160 chevrolet_impala
Car 0.00 1.00 0 0 0 0 0 0 0 0 962.56 332.05 978.03 337.47 1.7173 2.2591 5.2781 192.9466 -7.8763 -5.7799 1.5801 -0.0108 -0.0006 161 mercedes_benz_coupe
Car 1.00 1.00 0 0 0 0 0 0 0 0 -1000.00 -1000.00 -1000.00 -1000.00 1.9718 2.0005 4.0595 -148.4909 2.6194 -85.7215 1.6072 -0.0056 -0.0004 162 jeep_wrangler_rubicon
Car 1.00 1.00 78 83 144 1087 0 0 14 0 -1000.00 -1000.00 -1000.00 -1000.00 1.7506 2.3538 4.8416 -7.8531 1.9020 32.4799 -1.6657 -0.0051 -0.0003 163 bmw_grandtourer
Car 0.00 1.00 0 0 0 0 0 0 0 0 957.87 361.70 979.85 368.48 1.6115 2.2019 5.2564 137.2509 2.0513 -4.3926 1.6201 -0.0069 0.0002 164 charger2020_charger2020
Car 0.00 0.36 13 10 20 142 0 0 0 1 952.42 363.68 983.02 376.52 1.6244 1.8781 3.8906 73.2429 2.1178 -3.2180 1.6066 -0.0057 -0.0014 165 audi_a2
Car 1.00 1.00 0 0 0 0 0 0 0 0 -1000.00 -1000.00 -1000.00 -1000.00 1.5475 1.9070 4.4025 -49.2470 3.4314 -273.8706 -3.1113 0.0269 -0.0004 166 seat_leon
Car 1.00 1.00 0 0 0 3 0 0 0 0 -1000.00 -1000.00 -1000.00 -1000.00 1.5765 1.9374 3.8150 -105.4194 1.5615 113.1812 -0.0220 -0.0052 -0.0003 167 nissan_micra
Car 1.00 1.00 0 0 0 0 0 0 0 0 -1000.00 -1000.00 -1000.00 -1000.00 1.5863 2.2347 5.1468 -91.2399 1.8670 55.8800 -1.5315 -0.0045 -0.0003 168 lincoln_mkz2017
Car 1.00 1.00 6 2 4 20 7 0 0 0 -1000.00 -1000.00 -1000.00 -1000.00 1.7506 2.3538 4.8416 -0.4476 2.5935 -101.8492 1.5996 -0.0052 -0.0003 169 bmw_grandtourer
Car 0.00 1.00 0 0 0 0 0 0 0 0 1434.84 367.02 1496.36 379.47 1.4812 2.1349 5.6254 74.3051 2.4666 -68.9448 1.1042 -0.0055 0.0065 170 chevrolet_impala
Car 0.00 1.00 0 0 0 0 0 0 0 0 1529.32 365.13 1558.52 370.89 1.4812 2.1349 5.6254 153.3777 2.9277 -162.6566 3.1273 -0.0086 -0.0001 171 chevrolet_impala
Car 0.00 1.00 0 0 0 0 0 0 0 0 911.57 361.03 923.37 365.49 1.6011 2.1072 4.7392 203.7525 1.9946 13.3036 2.6616 -0.0053 0.0044 172 toyota_prius
Car 1.00 1.00 0 1 1 1 0 0 0 0 -1000.00 -1000.00 -1000.00 -1000.00 1.6115 2.2019 5.2564 -0.7447 3.0289 -185.3193 -1.4207 -0.0072 0.0011 173 charger2020_charger2020
Car 1.00 1.00 0 0 0 0 0 0 0 0 -1000.00 -1000.00 -1000.00 -1000.00 1.5475 1.9070 4.4025 -82.7728 2.8575 -136.5652 -1.5468 -0.0051 -0.0003 174 seat_leon
Car 1.00 1.00 0 0 0 0 0 0 0 0 -1000.00 -1000.00 -1000.00 -1000.00 2.5908 2.7453 5.4640 -79.3864 3.1395 -185.1731 1.5563 -0.0150 -0.0003 175 carlamotors_carlacola
Car 0.00 1.00 0 0 0 0 0 0 0 0 1693.89 366.60 1739.47 373.92 1.4812 2.1349 5.6254 121.7267 2.9574 -166.8938 0.0419 -0.0051 -0.0003 176 chevrolet_impala
Car 0.00 1.00 0 0 0 0 0 0 0 0 172.49 303.56 218.55 317.77 1.9718 2.0005 4.0595 93.3449 -7.2044 125.0025 3.0748 0.0045 0.0041 177 jeep_wrangler_rubicon
Car 1.00 1.00 0 0 0 0 0 0 0 0 -1000.00 -1000.00 -1000.00 -1000.00 1.6980 1.9434 4.1871 -82.6949 3.3269 -225.6598 -1.5728 -0.0055 -0.0003 178 citroen_c3
Car 1.00 1.00 1 0 0 9 0 0 0 0 -1000.00 -1000.00 -1000.00 -1000.00 1.5488 2.0688 3.9961 18.9858 2.5454 -82.3755 0.0414 -0.0051 -0.0004 179 mini_cooperst
Motorcycle 0.00 1.00 0 0 0 0 0 0 0 0 1621.42 366.26 1647.46 378.27 1.6960 1.0692 2.4735 80.5080 2.6007 -98.9349 1.5919 0.0004 -0.0003 180 harley_davidson_low_rider
Car 0.00 1.00 0 0 0 0 0 0 0 0 1176.42 362.71 1184.02 366.53 1.4477 1.5550 2.3177 216.9096 2.5189 -87.9987 -1.5617 -0.0113 -0.0003 181 bmw_isetta
Cyclist 0.00 1.00 0 0 0 0 0 0 0 0 1531.80 365.49 1548.35 377.64 1.7065 0.8593 1.4873 79.9781 2.4962 -84.8509 1.6206 -0.0038 0.0011 182 bh_crossbike
Car 0.00 1.00 0 0 0 0 0 0 0 0 646.86 328.01 665.85 334.11 1.6011 2.1072 4.7392 167.7030 -7.8898 89.0558 2.2247 0.0033 0.0007 183 toyota_prius
Car 1.00 1.00 0 0 0 0 0 0 0 0 -1000.00 -1000.00 -1000.00 -1000.00 1.5488 2.0688 3.9961 -85.0225 3.0400 -171.8330 2.3461 -0.0053 -0.0003 184 mini_cooperst
Car 1.00 1.00 0 0 0 0 0 0 0 0 -1000.00 -1000.00 -1000.00 -1000.00 1.6980 1.9434 4.1871 -86.2233 3.3477 -229.4898 -1.5653 -0.0052 -0.0003 185 citroen_c3
Car 0.00 1.00 0 0 0 0 0 0 0 0 1135.17 362.09 1146.35 366.09 1.5765 1.9374 3.8150 223.6942 2.4297 -74.8441 1.6359 -0.0052 -0.0005 186 nissan_micra
Car 0.00 1.00 0 0 0 0 0 0 0 0 1555.03 365.54 1606.88 378.32 1.7506 2.3538 4.8416 80.3010 2.5681 -90.9873 1.5943 -0.0063 -0.0003 187 bmw_grandtourer
Car 1.00 1.00 0 0 0 0 0 0 0 0 -1000.00 -1000.00 -1000.00 -1000.00 1.5488 2.0688 3.9961 62.9936 2.9959 -172.2531 0.0077 -0.0052 -0.0003 188 mini_cooperst
Car 1.00 1.00 0 0 0 0 0 0 0 0 -1000.00 -1000.00 -1000.00 -1000.00 1.5488 2.0688 3.9961 -82.8822 2.9284 -150.3624 -1.5787 -0.0051 -0.0003 189 mini_cooperst
Car 0.00 1.00 0 0 0 0 0 0 0 0 1483.44 364.34 1506.37 370.06 1.6011 2.1072 4.7392 163.3719 2.8966 -158.8576 -3.1318 -0.0052 -0.0003 190 toyota_prius
Car 0.00 0.26 10 17 30 109 0 0 0 5 825.87 364.78 865.21 375.28 1.3660 1.9896 4.9534 76.1161 2.0328 13.2297 1.6092 -0.0051 -0.0003 191 mustang_mustang
Car 1.00 1.00 0 0 0 0 0 0 0 0 -1000.00 -1000.00 -1000.00 -1000.00 1.9476 2.0282 4.8347 -150.9075 3.6677 -291.3614 -0.0314 -0.0095 0.0013 192 nissan_patrol
Pedestrian 1.00 1.00 0 0 0 0 0 0 0 0 -1000.00 -1000.00 -1000.00 -1000.00 1.9158 0.4880 0.7507 -158.5856 3.5294 -297.6535 -0.0798 -0.0052 -0.0003 193 pedestrian_0019
Pedestrian 1.00 1.00 0 0 0 0 0 0 0 0 -1000.00 -1000.00 -1000.00 -1000.00 1.1330 0.4333 0.6263 -91.1760 2.9530 -163.1319 1.7599 -0.0052 -0.0003 194 pedestrian_0010
Pedestrian 1.00 1.00 0 1 2 0 0 0 0 0 -1000.00 -1000.00 -1000.00 -1000.00 1.9158 0.4880 0.5455 -0.4729 2.9707 -179.1932 -2.8495 -0.0052 -0.0003 195 pedestrian_0005
Pedestrian 0.00 1.00 0 0 0 0 0 0 0 0 1245.83 361.43 1248.71 368.33 1.9158 0.4880 0.5815 155.5133 2.3154 -82.3000 0.0107 -0.0052 -0.0003 196 pedestrian_0003
Pedestrian 1.00 1.00 0 0 0 0 0 0 0 0 -1000.00 -1000.00 -1000.00 -1000.00 1.9158 0.4880 0.7507 37.2799 -6.5373 101.3300 -3.1018 -0.0052 -0.0003 197 pedestrian_0021
Pedestrian 1.00 1.00 0 0 0 0 0 0 0 0 -1000.00 -1000.00 -1000.00 -1000.00 1.9158 0.4880 0.4870 -268.1445 2.7376 -137.5084 -1.4638 -0.0052 -0.0003 198 pedestrian_0003
Pedestrian 1.00 1.00 0 0 0 0 0 0 0 0 -1000.00 -1000.00 -1000.00 -1000.00 1.9158 0.4880 0.4802 -198.2341 3.4894 -287.4175 -0.3723 -0.0052 -0.0003 199 pedestrian_0004
Pedestrian 1.00 1.00 2 2 2 6 0 1 0 0 -1000.00 -1000.00 -1000.00 -1000.00 1.9158 0.4880 0.7507 -96.0298 1.8274 27.7961 -1.5213 -0.0052 -0.0003 200 pedestrian_0022
Pedestrian 1.00 1.00 0 0 0 0 0 0 0 0 -1000.00 -1000.00 -1000.00 -1000.00 1.3390 0.3253 0.3189 -69.4494 2.8828 -179.7852 0.0821 -0.0052 -0.0003 201 pedestrian_0014
Pedestrian 0.00 1.00 0 0 0 0 0 0 0 0 1365.58 362.25 1373.56 380.77 1.9158 0.4880 0.4500 58.7290 2.1522 -44.8671 -1.4939 -0.0052 -0.0003 202 pedestrian_0022
Pedestrian 1.00 1.00 0 0 0 0 0 0 0 0 -1000.00 -1000.00 -1000.00 -1000.00 1.9158 0.4880 0.5729 -80.4059 2.4842 -70.8037 -3.1346 -0.0052 -0.0003 203 pedestrian_0023
Pedestrian 1.00 1.00 0 0 0 0 0 0 0 0 -1000.00 -1000.00 -1000.00 -1000.00 1.3390 0.3253 0.5005 89.4176 2.9025 -193.2075 -1.4613 -0.0052 -0.0003 204 pedestrian_0012
Pedestrian 1.00 1.00 0 0 0 0 0 0 0 0 -1000.00 -1000.00 -1000.00 -1000.00 1.9158 0.4880 0.7507 -110.2444 1.9860 -1.5462 0.1087 -0.0052 -0.0003 205 pedestrian_0019
Pedestrian 1.00 1.00 0 0 0 0 0 0 0 0 -1000.00 -1000.00 -1000.00 -1000.00 1.9158 0.4880 0.6402 -121.1603 1.5812 70.2417 3.0711 -0.0052 -0.0003 206 pedestrian_0005
Pedestrian 0.00 1.00 0 0 0 0 0 0 0 0 1263.84 361.49 1266.56 366.58 1.9158 0.4880 0.7507 210.2259 2.4799 -117.4266 1.5640 -0.0052 -0.0003 207 pedestrian_0026
Pedestrian 1.00 1.00 0 0 0 0 0 0 0 0 -1000.00 -1000.00 -1000.00 -1000.00 1.9158 0.4880 0.7507 87.9889 2.8608 -183.4345 -1.5363 -0.0052 -0.0003 208 pedestrian_0015
Pedestrian 1.00 1.00 0 0 0 0 0 0 0 0 -1000.00 -1000.00 -1000.00 -1000.00 1.3390 0.3253 0.2613 -34.3903 0.5157 136.0564 -0.0329 -0.0052 -0.0003 209 pedestrian_0014
Pedestrian 1.00 1.00 0 0 0 0 0 0 0 0 -1000.00 -1000.00 -1000.00 -1000.00 1.9158 0.4880 0.7507 -163.6761 1.3063 132.4758 -3.0638 -0.0052 -0.0003 210 pedestrian_0016
Pedestrian 1.00 1.00 0 0 0 0 0 0 0 0 -1000.00 -1000.00 -1000.00 -1000.00 1.3390 0.3253 0.2796 -9.2205 2.6484 -148.7818 -1.6432 -0.0052 -0.0003 211 pedestrian_0012
Pedestrian 0.00 1.00 0 0 0 0 0 0 0 0 527.59 363.22 531.77 371.14 1.1330 0.4333 0.4173 80.8375 1.5988 59.7193 2.0968 -0.0052 -0.0003 212 pedestrian_0009
Pedestrian 0.00 1.00 0 0 0 0 0 0 0 0 1508.79 365.47 1512.92 369.75 1.1330 0.4333 0.6667 149.2331 2.6000 -149.5258 -1.5734 -0.0052 -0.0003 213 pedestrian_0010
Pedestrian 1.00 1.00 0 0 0 0 0 0 0 0 -1000.00 -1000.00 -1000.00 -1000.00 1.9158 0.4880 0.7507 -272.3101 1.9649 11.8569 1.5497 -0.0052 -0.0003 214 pedestrian_0021
Pedestrian 1.00 1.00 0 3 3 5 2 0 0 0 -1000.00 -1000.00 -1000.00 -1000.00 1.9158 0.4880 0.4297 -9.1409 2.6510 -147.5894 -1.4957 -0.0052 -0.0003 215 pedestrian_0018
Pedestrian 1.00 1.00 0 0 0 0 0 0 0 0 -1000.00 -1000.00 -1000.00 -1000.00 1.9158 0.4880 0.4703 -245.9134 3.3050 -248.7460 -0.8721 -0.0052 -0.0003 216 pedestrian_0020
Pedestrian 0.00 1.00 0 0 0 0 0 0 0 0 935.73 361.04 940.16 374.72 1.9158 0.4880 0.5214 79.0662 2.0641 0.8703 -2.8207 -0.0052 -0.0003 217 pedestrian_0017
Pedestrian 1.00 1.00 0 0 0 0 0 0 0 0 -1000.00 -1000.00 -1000.00 -1000.00 1.9158 0.4880 0.5496 -191.8141 3.0982 -218.8430 2.4910 -0.0052 -0.0003 218 pedestrian_0007
Pedestrian 1.00 1.00 0 0 0 0 0 0 0 0 -1000.00 -1000.00 -1000.00 -1000.00 1.1330 0.4333 0.3401 -86.1098 2.1118 -0.5695 -0.1285 -0.0052 -0.0003 219 pedestrian_0010
Pedestrian 0.00 0.00 303 352 520 7098 0 0 0 70 527.41 352.85 609.95 576.15 1.9158 0.4880 0.3901 6.1437 1.8854 1.3609 -2.3043 -0.0052 -0.0003 220 pedestrian_0023
Pedestrian 1.00 1.00 0 1 1 1 0 0 0 0 -1000.00 -1000.00 -1000.00 -1000.00 1.9158 0.4880 0.5235 13.6121 3.0069 -217.9386 2.6504 -0.0052 -0.0003 221 pedestrian_0024
Pedestrian 1.00 1.00 0 0 0 0 0 0 0 0 -1000.00 -1000.00 -1000.00 -1000.00 1.1330 0.4333 0.3774 -194.0087 2.8586 -174.5758 -1.5247 -0.0052 -0.0003 222 pedestrian_0011
Pedestrian 1.00 1.00 0 0 0 0 0 0 0 0 -1000.00 -1000.00 -1000.00 -1000.00 1.9158 0.4880 0.7174 -268.5544 1.8000 43.5393 1.3083 -0.0052 -0.0003 223 pedestrian_0016
Pedestrian 0.00 1.00 0 0 0 0 0 0 0 0 1596.43 334.56 1600.04 340.12 1.9158 0.4880 0.6751 194.7495 -6.9609 -225.2990 1.1754 -0.0052 -0.0003 224 pedestrian_0017
Pedestrian 0.00 1.00 0 0 0 0 0 0 0 0 1307.24 328.29 1310.38 334.79 1.9158 0.4880 0.6218 166.9507 -7.5606 -106.6511 1.6192 -0.0052 -0.0003 225 pedestrian_0001
Pedestrian 1.00 1.00 0 0 0 0 0 0 0 0 -1000.00 -1000.00 -1000.00 -1000.00 1.9158 0.4880 0.4015 -93.2264 3.1633 -238.4987 0.0345 -0.0052 -0.0003 226 pedestrian_0003
Pedestrian 1.00 1.00 0 0 0 0 0 0 0 0 -1000.00 -1000.00 -1000.00 -1000.00 1.9158 0.4880 0.5078 -19.0258 2.8692 -178.5847 0.0695 -0.0052 -0.0003 227 pedestrian_0007
Pedestrian 1.00 1.00 0 0 0 0 0 0 0 0 -1000.00 -1000.00 -1000.00 -1000.00 1.1330 0.4333 0.5936 49.1794 2.8297 -177.2566 3.1179 -0.0052 -0.0003 228 pedestrian_0010
Pedestrian 1.00 1.00 10 14 21 262 0 0 5 0 -1000.00 -1000.00 -1000.00 -1000.00 1.1330 0.4333 0.3592 5.3075 1.7884 21.8175 -0.2795 -0.0052 -0.0003 229 pedestrian_0010
Pedestrian 1.00 1.00 0 0 0 0 0 0 0 0 -1000.00 -1000.00 -1000.00 -1000.00 1.3390 0.3253 0.4442 62.2759 2.4850 -110.6963 -1.5992 -0.0052 -0.0003 230 pedestrian_0013
Pedestrian 0.00 0.98 0 1 1 3 0 0 0 0 850.52 361.42 852.55 366.68 1.3390 0.3253 0.4283 142.8612 1.7045 25.5177 2.7815 -0.0052 -0.0003 231 pedestrian_0013
Pedestrian 1.00 1.00 2 6 9 37 5 0 0 0 -1000.00 -1000.00 -1000.00 -1000.00 1.9158 0.4880 0.7507 7.8515 2.2945 -68.9359 1.5329 -0.0052 -0.0003 232 pedestrian_0020
Pedestrian 0.00 0.97 0 0 0 4 0 0 0 1 869.01 360.08 872.24 367.45 1.9158 0.4880 0.6778 145.7344 1.9387 21.0979 -2.2048 -0.0052 -0.0003 233 pedestrian_0021
Pedestrian 1.00 1.00 0 0 0 0 0 0 0 0 -1000.00 -1000.00 -1000.00 -1000.00 1.1330 0.4333 0.4490 -182.5408 2.3629 -75.1910 0.0160 -0.0052 -0.0003 234 pedestrian_0009
Pedestrian 0.00 1.00 0 0 0 0 0 0 0 0 1124.20 360.78 1126.01 366.05 1.9158 0.4880 0.5026 203.1206 2.2014 -62.4334 -3.1127 -0.0052 -0.0003 235 pedestrian_0006
Pedestrian 1.00 1.00 0 0 0 0 0 0 0 0 -1000.00 -1000.00 -1000.00 -1000.00 1.1330 0.4333 0.5511 -192.6388 2.3720 -75.9433 3.0264 -0.0052 -0.0003 236 pedestrian_0009
Pedestrian 1.00 1.00 0 0 0 0 0 0 0 0 -1000.00 -1000.00 -1000.00 -1000.00 1.9158 0.4880 0.7507 -91.0847 2.6733 -136.2911 -1.5838 -0.0052 -0.0003 237 pedestrian_0026
Pedestrian 1.00 1.00 2 2 1 14 0 0 0 0 -1000.00 -1000.00 -1000.00 -1000.00 1.9158 0.4880 0.3754 -70.9598 1.8750 17.0630 -2.8895 -0.0052 -0.0003 238 pedestrian_0021
Pedestrian 0.00 1.00 0 0 0 0 0 0 0 0 1753.07 369.74 1759.45 382.72 1.3390 0.3253 0.2502 58.5572 2.3526 -84.8747 0.1113 -0.0052 -0.0003 239 pedestrian_0012
Pedestrian 1.00 1.00 0 0 0 0 0 0 0 0 -1000.00 -1000.00 -1000.00 -1000.00 1.9158 0.4880 0.7507 -236.2425 3.3627 -260.9140 2.3799 -0.0052 -0.0003 240 pedestrian_0020
Pedestrian 0.00 1.00 0 0 0 0 0 0 0 0 1689.08 335.72 1692.73 339.23 1.1330 0.4333 0.6157 184.1332 -6.8727 -243.6910 -2.1588 -0.0052 -0.0003 241 pedestrian_0011
Pedestrian 1.00 1.00 0 0 0 0 0 0 0 0 -1000.00 -1000.00 -1000.00 -1000.00 1.9158 0.4880 0.7507 -156.2735 3.0772 -217.0002 2.9162 -0.0052 -0.0003 242 pedestrian_0002
Pedestrian 0.00 1.00 0 0 0 0 0 0 0 0 1542.50 368.33 1546.22 380.62 1.3390 0.3253 0.2605 61.8825 2.2560 -66.3879 -2.3345 -0.0052 -0.0003 243 pedestrian_0014
Pedestrian 1.00 1.00 0 0 0 2 0 0 0 0 -1000.00 -1000.00 -1000.00 -1000.00 1.9158 0.4880 0.5102 -15.4616 2.6160 -139.8164 1.6414 -0.0052 -0.0003 244 pedestrian_0006
Pedestrian 0.00 1.00 0 0 0 0 0 0 0 0 1540.00 335.14 1543.29 340.52 1.9158 0.4880 0.6501 200.7088 -7.0282 -211.7756 -1.7922 -0.0052 -0.0003 245 pedestrian_0020
Pedestrian 0.00 1.00 0 0 0 0 0 0 0 0 1140.64 360.87 1142.90 366.61 1.9158 0.4880 0.7507 186.6275 2.2084 -63.1018 0.0224 -0.0052 -0.0003 246 pedestrian_0022
Pedestrian 1.00 1.00 0 0 0 0 0 0 0 0 -1000.00 -1000.00 -1000.00 -1000.00 1.9158 0.4880 0.7389 57.4447 2.7351 -157.2391 0.0162 -0.0052 -0.0003 247 pedestrian_0002
Pedestrian 0.00 1.00 0 0 0 0 0 0 0 0 1020.81 360.06 1024.38 368.61 1.9158 0.4880 0.7120 125.5949 1.9304 -16.3019 1.6344 -0.0052 -0.0003 248 pedestrian_0022
Pedestrian 1.00 1.00 0 0 0 15 0 0 0 0 -1000.00 -1000.00 -1000.00 -1000.00 1.9158 0.4880 0.3813 -96.9189 1.6011 69.7673 -0.1204 -0.0052 -0.0003 249 pedestrian_0006
Pedestrian 1.00 1.00 0 0 0 0 0 0 0 0 -1000.00 -1000.00 -1000.00 -1000.00 1.9158 0.4880 0.4803 29.9882 2.8526 -178.3236 -3.0921 -0.0052 -0.0003 250 pedestrian_0019
Pedestrian 1.00 1.00 0 0 0 0 0 0 0 0 -1000.00 -1000.00 -1000.00 -1000.00 1.9158 0.4880 0.7093 -114.9375 1.5824 69.9908 2.9335 -0.0052 -0.0003 251 pedestrian_0018
Pedestrian 1.00 1.00 0 0 0 0 0 0 0 0 -1000.00 -1000.00 -1000.00 -1000.00 1.9158 0.4880 0.5859 -256.9310 1.6414 73.5481 1.0084 -0.0052 -0.0003 252 pedestrian_0007
Pedestrian 0.00 1.00 0 0 0 0 0 0 0 0 1214.83 361.48 1223.12 379.23 1.9158 0.4880 0.6570 61.2211 2.0785 -30.3558 1.6039 -0.0052 -0.0003 253 pedestrian_0008
Pedestrian 1.00 1.00 0 0 0 0 0 0 0 0 -1000.00 -1000.00 -1000.00 -1000.00 1.9158 0.4880 0.4962 -273.0817 1.9772 9.5124 -1.6172 -0.0052 -0.0003 254 pedestrian_0022
Pedestrian 1.00 1.00 0 0 0 0 0 0 0 0 -1000.00 -1000.00 -1000.00 -1000.00 1.9158 0.4880 0.5976 -54.9577 1.2551 136.1079 -0.0047 -0.0052 -0.0003 255 pedestrian_0024
Pedestrian 0.00 1.00 0 0 0 0 0 0 0 0 1303.17 366.05 1306.96 372.35 1.1330 0.4333 0.4344 101.5611 2.2340 -64.8214 3.0371 -0.0052 -0.0003 256 pedestrian_0011
Pedestrian 1.00 1.00 0 0 0 0 0 0 0 0 -1000.00 -1000.00 -1000.00 -1000.00 1.9158 0.4880 0.6449 -3.0923 2.9118 -198.5281 -1.1890 -0.0052 -0.0003 257 pedestrian_0006
Pedestrian 1.00 1.00 0 0 0 0 0 0 0 0 -1000.00 -1000.00 -1000.00 -1000.00 1.9158 0.4880 0.7507 51.0733 3.0433 -227.1816 0.0166 -0.0052 -0.0003 258 pedestrian_0005
Pedestrian 1.00 1.00 0 0 0 3 0 0 0 0 -1000.00 -1000.00 -1000.00 -1000.00 1.9158 0.4880 0.3858 -9.2351 2.6705 -151.3836 -1.5167 -0.0052 -0.0003 259 pedestrian_0003
Pedestrian 0.00 1.00 0 0 0 0 0 0 0 0 769.32 324.88 771.01 331.69 1.9158 0.4880 0.3776 159.6169 -8.1151 52.0791 1.7409 -0.0052 -0.0003 260 pedestrian_0001
Pedestrian 1.00 1.00 0 0 0 0 0 0 0 0 -1000.00 -1000.00 -1000.00 -1000.00 1.3390 0.3253 0.5005 10.8083 2.9341 -166.3988 1.6857 -0.0052 -0.0003 261 pedestrian_0014
Pedestrian 1.00 1.00 0 0 0 0 0 0 0 0 -1000.00 -1000.00 -1000.00 -1000.00 1.9158 0.4880 0.5922 -196.8930 2.3647 -75.5932 -3.1236 -0.0052 -0.0003 262 pedestrian_0020
Pedestrian 1.00 1.00 0 0 0 0 0 0 0 0 -1000.00 -1000.00 -1000.00 -1000.00 1.9158 0.4880 0.6221 -208.8760 2.6197 -96.7346 -2.8100 -0.0052 -0.0003 263 pedestrian_0025
Pedestrian 0.00 1.00 0 0 0 0 0 0 0 0 482.33 358.25 489.96 371.12 1.9158 0.4880 0.7507 83.9961 1.6568 68.6904 1.4209 -0.0052 -0.0003 264 pedestrian_0026
Pedestrian 1.00 1.00 0 0 0 0 0 0 0 0 -1000.00 -1000.00 -1000.00 -1000.00 1.9158 0.4880 0.7507 -267.5787 2.8828 -165.8968 -1.5076 -0.0052 -0.0003 265 pedestrian_0025
Pedestrian 1.00 1.00 0 0 0 0 0 0 0 0 -1000.00 -1000.00 -1000.00 -1000.00 1.3390 0.3253 0.2561 -9.6015 2.8579 -179.4872 2.6408 -0.0052 -0.0003 266 pedestrian_0013
Pedestrian 1.00 1.00 0 0 0 0 0 0 0 0 -1000.00 -1000.00 -1000.00 -1000.00 1.9158 0.4880 0.3807 90.1229 2.8360 -178.7586 0.9154 -0.0052 -0.0003 267 pedestrian_0015
Pedestrian 0.00 1.00 0 0 0 0 0 0 0 0 1624.18 363.41 1627.62 371.92 1.9158 0.4880 0.3861 126.4083 2.6898 -152.8614 -2.2093 -0.0052 -0.0003 268 pedestrian_0021
Pedestrian 1.00 1.00 0 0 0 0 0 0 0 0 -1000.00 -1000.00 -1000.00 -1000.00 1.1330 0.4333 0.4221 -102.7872 1.2626 135.3872 -3.0930 -0.0052 -0.0003 269 pedestrian_0010
Pedestrian 0.00 0.01 346 401 638 4480 0 0 0 70 716.29 358.00 774.88 534.00 1.9158 0.4880 0.4845 7.2924 1.9158 0.1807 -0.0938 -0.0052 -0.0003 270 pedestrian_0023
Pedestrian 1.00 1.00 0 0 0 0 0 0 0 0 -1000.00 -1000.00 -1000.00 -1000.00 1.3390 0.3253 0.5005 -115.7840 1.5726 70.3893 -3.0930 -0.0052 -0.0003 271 pedestrian_0013
Pedestrian 1.00 1.00 0 0 0 0 0 0 0 0 -1000.00 -1000.00 -1000.00 -1000.00 1.9158 0.4880 0.5745 -97.4170 3.5044 -296.5776 0.0604 -0.0052 -0.0003 272 pedestrian_0016
Pedestrian 1.00 1.00 0 0 0 0 0 0 0 0 -1000.00 -1000.00 -1000.00 -1000.00 1.3390 0.3253 0.5005 -90.3636 2.9649 -164.9020 -1.5646 -0.0052 -0.0003 273 pedestrian_0014
Pedestrian 1.00 1.00 0 0 0 0 0 0 0 0 -1000.00 -1000.00 -1000.00 -1000.00 1.9158 0.4880 0.6118 -7.7825 2.8405 -184.4689 -1.3532 -0.0052 -0.0003 274 pedestrian_0019
Pedestrian 1.00 1.00 0 0 0 0 0 0 0 0 -1000.00 -1000.00 -1000.00 -1000.00 1.3390 0.3253 0.4865 -153.9630 2.7751 -153.8063 2.1249 -0.0052 -0.0003 275 pedestrian_0013
Pedestrian 1.00 1.00 0 0 0 0 0 0 0 0 -1000.00 -1000.00 -1000.00 -1000.00 1.9158 0.4880 0.7507 -155.5317 3.1690 -234.7116 3.0468 -0.0052 -0.0003 276 pedestrian_0023
Pedestrian 0.00 1.00 0 0 0 0 0 0 0 0 1275.40 365.50 1279.49 371.25 1.1330 0.4333 0.6667 111.4658 2.2329 -65.4841 3.1289 -0.0052 -0.0003 277 pedestrian_0011
Pedestrian 1.00 1.00 0 0 0 10 0 0 0 0 -1000.00 -1000.00 -1000.00 -1000.00 1.3390 0.3253 0.5005 12.4498 2.2882 -69.6278 -3.1084 -0.0052 -0.0003 278 pedestrian_0012
Pedestrian 1.00 1.00 0 0 0 0 0 0 0 0 -1000.00 -1000.00 -1000.00 -1000.00 1.9158 0.4880 0.5292 88.0521 -6.7910 -254.9512 0.0375 -0.0052 -0.0003 279 pedestrian_0015
Pedestrian 1.00 1.00 14 25 24 206 2 0 0 0 -1000.00 -1000.00 -1000.00 -1000.00 1.9158 0.4880 0.7507 12.9097 2.0608 -32.7317 -2.8722 -0.0052 -0.0003 280 pedestrian_0017
Pedestrian 0.00 1.00 0 0 0 0 0 0 0 0 843.32 331.71 845.72 337.14 1.9158 0.4880 0.7449 199.2143 -8.1851 39.0550 1.5611 -0.0052 -0.0003 281 pedestrian_0005
Pedestrian 1.00 1.00 0 0 0 0 0 0 0 0 -1000.00 -1000.00 -1000.00 -1000.00 1.1330 0.4333 0.3604 77.2718 3.1174 -206.1316 1.8264 -0.0052 -0.0003 282 pedestrian_0009
Pedestrian 1.00 1.00 0 0 0 0 0 0 0 0 -1000.00 -1000.00 -1000.00 -1000.00 1.1330 0.4333 0.6667 -132.0283 2.7624 -152.8200 -2.5504 -0.0052 -0.0003 283 pedestrian_0009
Pedestrian 0.00 1.00 0 0 0 0 0 0 0 0 1174.28 363.10 1175.84 366.15 1.1330 0.4333 0.3972 207.8861 2.2906 -82.4999 2.4479 -0.0052 -0.0003 284 pedestrian_0009
Pedestrian 1.00 1.00 2 1 3 12 0 5 0 0 -1000.00 -1000.00 -1000.00 -1000.00 1.9158 0.4880 0.4486 -96.8358 2.0038 -5.8183 0.2730 -0.0052 -0.0003 285 pedestrian_0024
Pedestrian 1.00 1.00 0 0 0 0 0 0 0 0 -1000.00 -1000.00 -1000.00 -1000.00 1.9158 0.4880 0.5203 22.6318 2.8488 -177.1398 2.8468 -0.0052 -0.0003 286 pedestrian_0023
Pedestrian 1.00 1.00 0 0 0 0 0 0 0 0 -1000.00 -1000.00 -1000.00 -1000.00 1.9158 0.4880 0.7089 -195.0401 1.7200 48.1512 0.6509 -0.0052 -0.0003 287 pedestrian_0015
Pedestrian 1.00 1.00 0 0 0 0 0 0 0 0 -1000.00 -1000.00 -1000.00 -1000.00 1.9158 0.4880 0.7507 82.7775 -6.7817 -255.9406 -3.0854 -0.0052 -0.0003 288 pedestrian_0025
Pedestrian 0.00 1.00 0 0 0 0 0 0 0 0 595.28 329.17 597.55 333.08 1.1330 0.4333 0.4903 166.7147 -8.0638 106.4458 2.3389 -0.0052 -0.0003 289 pedestrian_0009
Pedestrian 1.00 1.00 0 0 0 0 0 0 0 0 -1000.00 -1000.00 -1000.00 -1000.00 1.9158 0.4880 0.7507 36.1923 2.8516 -178.5202 0.0947 -0.0052 -0.0003 290 pedestrian_0019
Pedestrian 1.00 1.00 0 0 0 15 0 0 0 0 -1000.00 -1000.00 -1000.00 -1000.00 1.9158 0.4880 0.3754 -97.2158 1.5884 68.9126 -1.1370 -0.0052 -0.0003 291 pedestrian_0007
Pedestrian 1.00 1.00 0 0 0 0 0 0 0 0 -1000.00 -1000.00 -1000.00 -1000.00 1.9158 0.4880 0.4553 -222.1423 1.4333 111.7418 2.5275 -0.0052 -0.0003 292 pedestrian_0021
Pedestrian 1.00 1.00 1 3 3 13 2 0 0 0 -1000.00 -1000.00 -1000.00 -1000.00 1.3390 0.3253 0.4463 2.4867 2.3673 -65.5491 -2.9860 -0.0052 -0.0003 293 pedestrian_0014
Pedestrian 0.00 1.00 0 0 0 0 0 0 0 0 166.22 307.00 172.94 318.00 1.9158 0.4880 0.5201 99.9894 -7.5199 138.8817 2.9968 -0.0052 -0.0003 294 pedestrian_0002
Pedestrian 0.00 1.00 0 0 0 0 0 0 0 0 932.30 359.86 934.84 369.07 1.9158 0.4880 0.7507 116.8225 1.8874 3.2852 -3.1354 -0.0052 -0.0003 295 pedestrian_0026
Pedestrian 0.00 1.00 0 0 0 0 0 0 0 0 1621.98 364.68 1629.44 379.34 1.9158 0.4880 0.3877 73.8813 2.5337 -89.7294 1.6759 -0.0052 -0.0003 296 pedestrian_0020
Pedestrian 0.00 1.00 0 0 0 0 0 0 0 0 1339.72 362.01 1345.61 373.63 1.9158 0.4880 0.6557 92.9540 2.2511 -65.6961 0.0968 -0.0052 -0.0003 297 pedestrian_0016
Pedestrian 1.00 1.00 0 0 0 0 0 0 0 0 -1000.00 -1000.00 -1000.00 -1000.00 1.9158 0.4880 0.7507 -114.3138 1.5852 69.3343 -0.1912 -0.0052 -0.0003 298 pedestrian_0024
Pedestrian 0.00 1.00 0 0 0 0 0 0 0 0 931.53 325.89 933.90 332.51 1.9158 0.4880 0.6736 164.1532 -8.1042 5.7949 -1.5447 -0.0052 -0.0003 299 pedestrian_0001
Pedestrian 1.00 1.00 0 0 0 0 0 0 0 0 -1000.00 -1000.00 -1000.00 -1000.00 1.9158 0.4880 0.6328 -170.0070 2.4569 -92.8650 -3.1304 -0.0052 -0.0003 300 pedestrian_0025
Pedestrian 1.00 1.00 0 0 0 0 0 0 0 0 -1000.00 -1000.00 -1000.00 -1000.00 1.9158 0.4880 0.5572 -72.6073 2.9084 -182.8758 -1.1525 -0.0052 -0.0003 301 pedestrian_0016
Pedestrian 1.00 1.00 0 0 0 0 0 0 0 0 -1000.00 -1000.00 -1000.00 -1000.00 1.9158 0.4880 0.6515 -166.0523 2.3772 -76.5050 -0.9141 -0.0052 -0.0003 302 pedestrian_0006
Pedestrian 1.00 1.00 0 1 2 19 0 1 0 0 -1000.00 -1000.00 -1000.00 -1000.00 1.3390 0.3253 0.2709 -62.1492 1.8586 18.3761 -3.1366 -0.0052 -0.0003 303 pedestrian_0012
Pedestrian 1.00 1.00 0 0 0 0 0 0 0 0 -1000.00 -1000.00 -1000.00 -1000.00 1.9158 0.4880 0.7507 -199.2110 3.4899 -287.8319 2.8387 -0.0052 -0.0003 304 pedestrian_0024
Pedestrian 1.00 1.00 0 0 0 0 0 0 0 0 -1000.00 -1000.00 -1000.00 -1000.00 1.3390 0.3253 0.3064 -69.9892 1.2533 135.7445 0.0968 -0.0052 -0.0003 305 pedestrian_0013
Pedestrian 1.00 1.00 0 0 0 0 0 0 0 0 -1000.00 -1000.00 -1000.00 -1000.00 1.1330 0.4333 0.5343 -271.2167 2.3795 -70.6786 -1.5036 -0.0052 -0.0003 306 pedestrian_0011
Pedestrian 1.00 1.00 0 0 0 0 0 0 0 0 -1000.00 -1000.00 -1000.00 -1000.00 1.9158 0.4880 0.5824 25.5321 2.8508 -178.0333 -0.1066 -0.0052 -0.0003 307 pedestrian_0024
Pedestrian 1.00 1.00 0 0 0 0 0 0 0 0 -1000.00 -1000.00 -1000.00 -1000.00 1.9158 0.4880 0.4062 -274.2841 2.1061 -15.3618 -1.5101 -0.0052 -0.0003 308 pedestrian_0004
Pedestrian 0.00 1.00 0 0 0 0 0 0 0 0 767.43 358.78 771.55 367.62 1.9158 0.4880 0.7167 121.7223 1.6530 39.2471 -1.5829 -0.0052 -0.0003 309 pedestrian_0019
Pedestrian 0.00 1.00 0 0 0 0 0 0 0 0 1352.52 365.62 1356.26 374.03 1.3390 0.3253 0.3780 89.8183 2.2421 -65.4114 3.1301 -0.0052 -0.0003 310 pedestrian_0012
Pedestrian 1.00 1.00 0 0 0 0 0 0 0 0 -1000.00 -1000.00 -1000.00 -1000.00 1.9158 0.4880 0.5360 42.2538 2.8429 -177.1959 2.9821 -0.0052 -0.0003 311 pedestrian_0022
Pedestrian 0.00 1.00 0 0 0 0 0 0 0 0 1471.63 362.59 1475.63 369.08 1.9158 0.4880 0.7507 165.6230 2.6884 -154.7586 3.1217 -0.0052 -0.0003 312 pedestrian_0018
Pedestrian 1.00 1.00 17 13 23 278 0 0 1 0 -1000.00 -1000.00 -1000.00 -1000.00 1.9158 0.4880 0.4664 -7.6383 1.9227 22.7610 0.5086 -0.0052 -0.0003 313 pedestrian_0022
Pedestrian 1.00 1.00 0 0 0 0 0 0 0 0 -1000.00 -1000.00 -1000.00 -1000.00 1.9158 0.4880 0.3891 37.4302 2.7502 -158.9617 -2.6974 -0.0052 -0.0003 314 pedestrian_0005
Pedestrian 0.00 1.00 0 0 0 0 0 0 0 0 1222.95 361.31 1225.73 367.74 1.9158 0.4880 0.7507 166.9415 2.3100 -81.3593 -0.0470 -0.0052 -0.0003 315 pedestrian_0018
Pedestrian 1.00 1.00 0 0 0 0 0 0 0 0 -1000.00 -1000.00 -1000.00 -1000.00 1.9158 0.4880 0.6864 -270.8107 2.3531 -63.4030 1.6073 -0.0052 -0.0003 316 pedestrian_0024
Pedestrian 1.00 1.00 0 0 0 0 0 0 0 0 -1000.00 -1000.00 -1000.00 -1000.00 1.9158 0.4880 0.6332 -175.4278 2.4587 -92.6944 3.1354 -0.0052 -0.0003 317 pedestrian_0002
Pedestrian 1.00 1.00 0 0 0 0 0 0 0 0 -1000.00 -1000.00 -1000.00 -1000.00 1.3390 0.3253 0.3326 -91.8481 2.9783 -167.4091 1.5002 -0.0052 -0.0003 318 pedestrian_0013
Pedestrian 1.00 1.00 0 0 0 0 0 0 0 0 -1000.00 -1000.00 -1000.00 -1000.00 1.9158 0.4880 0.7507 86.0302 2.9880 -178.4249 -0.0496 -0.0052 -0.0003 319 pedestrian_0018
Pedestrian 1.00 1.00 0 1 0 0 0 0 0 0 -1000.00 -1000.00 -1000.00 -1000.00 1.9158 0.4880 0.6600 -7.8167 2.8338 -183.1282 -1.2521 -0.0052 -0.0003 320 pedestrian_0006
Pedestrian 1.00 1.00 0 0 0 0 0 0 0 0 -1000.00 -1000.00 -1000.00 -1000.00 1.9158 0.4880 0.5527 -241.3923 3.3389 -255.7385 2.3797 -0.0052 -0.0003 321 pedestrian_0021
Pedestrian 1.00 1.00 0 0 0 0 0 0 0 0 -1000.00 -1000.00 -1000.00 -1000.00 1.1330 0.4333 0.5679 41.8468 2.3600 -85.9256 0.1387 -0.0052 -0.0003 322 pedestrian_0010
Pedestrian 0.00 1.00 0 0 0 0 0 0 0 0 981.23 359.86 984.03 367.27 1.9158 0.4880 0.6974 144.9235 1.8820 -8.1103 1.5714 -0.0052 -0.0003 323 pedestrian_0022
Pedestrian 1.00 1.00 0 0 0 0 0 0 0 0 -1000.00 -1000.00 -1000.00 -1000.00 1.9158 0.4880 0.7507 -64.7746 2.3302 -71.2811 0.0817 -0.0052 -0.0003 324 pedestrian_0015
Pedestrian 1.00 1.00 1 2 0 7 0 0 0 0 -1000.00 -1000.00 -1000.00 -1000.00 1.9158 0.4880 0.6350 -89.3087 2.0163 20.3202 -0.1417 -0.0052 -0.0003 325 pedestrian_0005
Pedestrian 0.00 1.00 0 0 0 0 0 0 0 0 1181.12 333.53 1183.40 338.87 1.9158 0.4880 0.6192 202.4703 -7.6924 -83.0111 -1.5488 -0.0052 -0.0003 326 pedestrian_0006
Pedestrian 1.00 1.00 0 0 0 0 0 0 0 0 -1000.00 -1000.00 -1000.00 -1000.00 1.9158 0.4880 0.7507 -29.3611 2.3112 -70.2401 -3.0941 -0.0052 -0.0003 327 pedestrian_0002
Pedestrian 1.00 1.00 0 0 0 0 0 0 0 0 -1000.00 -1000.00 -1000.00 -1000.00 1.9158 0.4880 0.6293 -48.4388 2.3184 -70.4384 3.0938 -0.0052 -0.0003 328 pedestrian_0015
Pedestrian 1.00 1.00 0 0 0 0 0 0 0 0 -1000.00 -1000.00 -1000.00 -1000.00 1.9158 0.4880 0.3958 -68.0962 1.2610 135.7647 1.2533 -0.0052 -0.0003 329 pedestrian_0005
Pedestrian 1.00 1.00 0 0 0 0 0 0 0 0 -1000.00 -1000.00 -1000.00 -1000.00 1.1330 0.4333 0.4407 -240.3802 3.3320 -256.8371 2.4561 -0.0052 -0.0003 330 pedestrian_0010
Pedestrian 0.00 0.46 3 2 4 46 0 0 0 0 700.54 358.86 706.97 378.17 1.9158 0.4880 0.4176 56.3249 1.8041 23.3260 -1.5308 -0.0052 -0.0003 331 pedestrian_0001
Pedestrian 1.00 1.00 2 2 4 13 0 0 0 0 -1000.00 -1000.00 -1000.00 -1000.00 1.9158 0.4880 0.3791 -93.2566 2.0223 -10.1074 -1.1385 -0.0052 -0.0003 332 pedestrian_0017
Pedestrian 1.00 1.00 0 0 0 0 0 0 0 0 -1000.00 -1000.00 -1000.00 -1000.00 1.9158 0.4880 0.5987 30.5291 2.3784 -86.6309 0.0282 -0.0052 -0.0003 333 pedestrian_0023
Pedestrian 1.00 1.00 0 0 0 0 0 0 0 0 -1000.00 -1000.00 -1000.00 -1000.00 1.3390 0.3253 0.4011 -121.5193 1.5769 69.6707 -2.9025 -0.0052 -0.0003 334 pedestrian_0013
Pedestrian 1.00 1.00 0 0 0 0 0 0 0 0 -1000.00 -1000.00 -1000.00 -1000.00 1.9158 0.4880 0.5102 -50.7361 1.9967 -9.1894 1.2378 -0.0052 -0.0003 335 pedestrian_0019
Pedestrian 1.00 1.00 0 0 0 10 0 0 0 0 -1000.00 -1000.00 -1000.00 -1000.00 1.9158 0.4880 0.6878 -94.0975 1.8537 22.6759 1.9618 -0.0052 -0.0003 336 pedestrian_0017
Pedestrian 1.00 1.00 0 0 0 0 0 0 0 0 -1000.00 -1000.00 -1000.00 -1000.00 1.9158 0.4880 0.7507 -178.1213 3.5186 -294.6514 2.8851 -0.0052 -0.0003 337 pedestrian_0025
Pedestrian 1.00 1.00 0 0 0 0 0 0 0 0 -1000.00 -1000.00 -1000.00 -1000.00 1.9158 0.4880 0.7507 8.5424 -2.8358 -293.8784 0.0203 -0.0052 -0.0003 338 pedestrian_0006
Pedestrian 1.00 1.00 0 0 0 0 0 0 0 0 -1000.00 -1000.00 -1000.00 -1000.00 1.1330 0.4333 0.6097 70.9567 -6.7969 -255.4618 0.0319 -0.0052 -0.0003 339 pedestrian_0011
Pedestrian 0.00 1.00 0 0 0 0 0 0 0 0 1329.57 364.99 1333.19 369.93 1.1330 0.4333 0.5612 128.9428 2.2883 -87.9420 -1.2667 -0.0052 -0.0003 340 pedestrian_0011
Pedestrian 0.00 1.00 0 0 0 0 0 0 0 0 1367.85 363.62 1369.05 367.34 1.3390 0.3253 0.3046 200.7618 2.6434 -149.4226 -2.3282 -0.0052 -0.0003 341 pedestrian_0013
Pedestrian 0.00 1.00 0 0 0 0 0 0 0 0 1174.06 361.06 1176.76 367.67 1.9158 0.4880 0.7507 162.2704 2.2253 -64.8981 -0.0065 -0.0052 -0.0003 342 pedestrian_0007
Pedestrian 1.00 1.00 0 0 1 4 0 0 0 0 -1000.00 -1000.00 -1000.00 -1000.00 1.9158 0.4880 0.3859 -9.9395 2.9773 -170.5404 -1.2594 -0.0052 -0.0003 343 pedestrian_0021
Pedestrian 0.00 1.00 0 0 0 0 0 0 0 0 1534.70 337.33 1537.61 340.52 1.1330 0.4333 0.5848 201.2797 -7.0462 -210.3921 -1.8481 -0.0052 -0.0003 344 pedestrian_0010
Pedestrian 1.00 1.00 2 5 8 30 1 0 0 0 -1000.00 -1000.00 -1000.00 -1000.00 1.9158 0.4880 0.5379 0.5288 2.4360 -72.9982 -2.3600 -0.0052 -0.0003 345 pedestrian_0021
Pedestrian 0.00 1.00 1 1 2 2 0 0 0 1 747.68 365.02 750.85 376.22 1.3390 0.3253 0.3101 67.6654 1.9444 23.0975 -2.6978 -0.0052 -0.0003 346 pedestrian_0014
Pedestrian 1.00 1.00 0 0 0 0 0 0 0 0 -1000.00 -1000.00 -1000.00 -1000.00 1.9158 0.4880 0.5720 -29.1642 2.5978 -132.2452 -0.0141 -0.0052 -0.0003 347 pedestrian_0023
Pedestrian 1.00 1.00 0 0 0 0 0 0 0 0 -1000.00 -1000.00 -1000.00 -1000.00 1.9158 0.4880 0.7507 -150.4741 2.6213 -93.1017 -3.0845 -0.0052 -0.0003 348 pedestrian_0008
Pedestrian 1.00 1.00 0 0 0 0 0 0 0 0 -1000.00 -1000.00 -1000.00 -1000.00 1.9158 0.4880 0.5506 -266.2081 1.7485 53.3842 -1.9267 -0.0052 -0.0003 349 pedestrian_0006
Pedestrian 1.00 1.00 0 0 0 0 0 0 0 0 -1000.00 -1000.00 -1000.00 -1000.00 1.9158 0.4880 0.6664 49.7020 3.0375 -226.0610 3.0767 -0.0052 -0.0003 350 pedestrian_0022
Pedestrian 1.00 1.00 0 0 0 0 0 0 0 0 -1000.00 -1000.00 -1000.00 -1000.00 1.9158 0.4880 0.6343 45.3111 2.8429 -177.3726 -3.0775 -0.0052 -0.0003 351 pedestrian_0023
Pedestrian 1.00 1.00 1 2 2 13 2 0 0 0 -1000.00 -1000.00 -1000.00 -1000.00 1.9158 0.4880 0.7367 7.3041 2.4432 -108.4263 1.5884 -0.0052 -0.0003 352 pedestrian_0006
Pedestrian 1.00 1.00 28 23 41 191 0 18 0 0 -1000.00 -1000.00 -1000.00 -1000.00 1.9158 0.4880 0.7507 -29.6733 1.9652 -3.1368 -2.9752 -0.0052 -0.0003 353 pedestrian_0024
Pedestrian 1.00 1.00 0 0 0 0 0 0 0 0 -1000.00 -1000.00 -1000.00 -1000.00 1.1330 0.4333 0.6667 -175.4623 1.3062 131.0134 -2.9665 -0.0052 -0.0003 354 pedestrian_0011
Pedestrian 1.00 1.00 17 16 34 1568 0 4 5 0 -1000.00 -1000.00 -1000.00 -1000.00 1.9158 0.4880 0.6694 -23.8036 1.8494 19.3497 -3.1028 -0.0052 -0.0003 355 pedestrian_0017
Pedestrian 0.00 1.00 0 0 0 0 0 0 0 0 1299.66 330.24 1301.42 334.77 1.3390 0.3253 0.3053 167.3812 -7.5806 -104.4408 -1.3895 -0.0052 -0.0003 356 pedestrian_0012
Pedestrian 1.00 1.00 0 0 0 0 0 0 0 0 -1000.00 -1000.00 -1000.00 -1000.00 1.9158 0.4880 0.4451 -206.2318 3.4781 -285.0915 2.6837 -0.0052 -0.0003 357 pedestrian_0020
Pedestrian 1.00 1.00 0 0 0 1 1 0 0 0 -1000.00 -1000.00 -1000.00 -1000.00 1.9158 0.4880 0.4529 -8.9558 2.8511 -179.2513 -0.6304 -0.0052 -0.0003 358 pedestrian_0017
Pedestrian 1.00 1.00 0 1 0 21 0 0 0 0 -1000.00 -1000.00 -1000.00 -1000.00 1.9158 0.4880 0.4960 -74.4994 2.0477 13.3450 1.7654 -0.0052 -0.0003 359 pedestrian_0025
Pedestrian 1.00 1.00 0 0 0 0 0 0 0 0 -1000.00 -1000.00 -1000.00 -1000.00 1.3390 0.3253 0.5005 -76.2117 3.4857 -295.8932 0.0023 -0.0052 -0.0003 360 pedestrian_0013
Pedestrian 1.00 1.00 0 0 0 0 0 0 0 0 -1000.00 -1000.00 -1000.00 -1000.00 1.3390 0.3253 0.5005 -222.5019 3.4128 -273.0450 2.5057 -0.0052 -0.0003 361 pedestrian_0013
Pedestrian 1.00 1.00 0 0 0 2 0 0 0 0 -1000.00 -1000.00 -1000.00 -1000.00 1.3390 0.3253 0.4027 9.9477 2.2797 -67.8177 -2.1900 -0.0052 -0.0003 362 pedestrian_0013
Pedestrian 1.00 1.00 0 0 0 0 0 0 0 0 -1000.00 -1000.00 -1000.00 -1000.00 1.1330 0.4333 0.3520 -94.3805 1.7914 61.4375 -0.1952 -0.0052 -0.0003 363 pedestrian_0011
Pedestrian 1.00 1.00 0 0 0 1 0 0 0 0 -1000.00 -1000.00 -1000.00 -1000.00 1.3390 0.3253 0.4170 10.2568 2.9119 -161.8726 1.7121 -0.0052 -0.0003 364 pedestrian_0012
Pedestrian 0.00 1.00 0 0 0 0 0 0 0 0 1200.68 361.62 1203.64 369.49 1.9158 0.4880 0.5498 136.6316 2.3151 -61.4781 -0.0332 -0.0052 -0.0003 365 pedestrian_0023
Pedestrian 1.00 1.00 0 0 0 10 0 0 0 0 -1000.00 -1000.00 -1000.00 -1000.00 1.9158 0.4880 0.3931 -97.0805 1.7569 65.7191 -2.8767 -0.0052 -0.0003 366 pedestrian_0005
Pedestrian 1.00 1.00 0 0 0 0 0 0 0 0 -1000.00 -1000.00 -1000.00 -1000.00 1.9158 0.4880 0.6230 -199.4735 2.3073 -65.8615 1.6923 -0.0052 -0.0003 367 pedestrian_0021
Pedestrian 1.00 1.00 0 0 0 0 0 0 0 0 -1000.00 -1000.00 -1000.00 -1000.00 1.1330 0.4333 0.4254 -123.1179 2.3405 -71.3399 0.0297 -0.0052 -0.0003 368 pedestrian_0010
Pedestrian 1.00 1.00 0 0 0 0 0 0 0 0 -1000.00 -1000.00 -1000.00 -1000.00 1.9158 0.4880 0.5576 95.5139 3.0188 -225.2059 0.0327 -0.0052 -0.0003 369 pedestrian_0020
Pedestrian 1.00 1.00 0 0 0 0 0 0 0 0 -1000.00 -1000.00 -1000.00 -1000.00 1.3390 0.3253 0.4326 40.0724 2.3734 -87.7964 -3.0350 -0.0052 -0.0003 370 pedestrian_0012
Pedestrian 0.00 1.00 0 0 0 0 0 0 0 0 1831.93 364.65 1844.85 381.86 1.9158 0.4880 0.6761 63.2188 2.4417 -100.7823 -1.5522 -0.0052 -0.0003 371 pedestrian_0015
Pedestrian 1.00 1.00 7 7 11 243 0 0 2 0 -1000.00 -1000.00 -1000.00 -1000.00 1.9158 0.4880 0.6913 -4.8774 1.9171 23.6796 2.7360 -0.0052 -0.0003 372 pedestrian_0007
Pedestrian 1.00 1.00 0 0 0 0 0 0 0 0 -1000.00 -1000.00 -1000.00 -1000.00 1.9158 0.4880 0.5256 -268.8518 2.7333 -136.7206 1.7047 -0.0052 -0.0003 373 pedestrian_0008
Pedestrian 1.00 1.00 0 0 0 24 0 0 0 0 -1000.00 -1000.00 -1000.00 -1000.00 1.9158 0.4880 0.6089 17.4267 2.2830 -67.2799 -3.1329 -0.0052 -0.0003 374 pedestrian_0020
Pedestrian 1.00 1.00 0 0 0 1 0 0 0 0 -1000.00 -1000.00 -1000.00 -1000.00 1.9158 0.4880 0.5516 0.4460 2.9803 -178.4325 -0.0160 -0.0052 -0.0003 375 pedestrian_0015
Pedestrian 1.00 1.00 0 1 3 8 0 0 0 0 -1000.00 -1000.00 -1000.00 -1000.00 1.3390 0.3253 0.3315 -26.2188 2.3921 -87.2115 0.0378 -0.0052 -0.0003 376 pedestrian_0012
Pedestrian 0.00 1.00 0 0 0 0 0 0 0 0 1726.06 363.93 1730.70 372.47 1.9158 0.4880 0.4333 125.9858 2.8054 -175.4588 0.1579 -0.0052 -0.0003 377 pedestrian_0017
Pedestrian 0.00 1.00 0 0 0 0 0 0 0 0 939.07 361.11 943.22 375.36 1.9158 0.4880 0.4034 75.9227 2.0679 0.3128 1.9685 -0.0052 -0.0003 378 pedestrian_0025
Pedestrian 1.00 1.00 0 0 0 1 0 0 0 0 -1000.00 -1000.00 -1000.00 -1000.00 1.1330 0.4333 0.3368 -71.3052 1.8598 17.8191 -0.7835 -0.0052 -0.0003 379 pedestrian_0009
Pedestrian 0.00 1.00 0 0 0 0 0 0 0 0 1529.22 363.11 1539.73 381.50 1.9158 0.4880 0.6076 59.1625 2.2451 -62.4819 1.6759 -0.0052 -0.0003 380 pedestrian_0002
Pedestrian 1.00 1.00 0 0 0 0 0 0 0 0 -1000.00 -1000.00 -1000.00 -1000.00 1.3390 0.3253 0.3884 -121.9343 3.5089 -297.7775 3.0461 -0.0052 -0.0003 381 pedestrian_0013
Pedestrian 0.00 1.00 0 0 0 0 0 0 0 0 1721.39 366.43 1724.24 372.38 1.3390 0.3253 0.2502 126.2485 2.7947 -174.5665 0.1352 -0.0052 -0.0003 382 pedestrian_0012
Pedestrian 1.00 1.00 0 0 0 0 0 0 0 0 -1000.00 -1000.00 -1000.00 -1000.00 1.1330 0.4333 0.5973 -56.1287 2.0449 -22.2702 -2.0579 -0.0052 -0.0003 383 pedestrian_0010
Pedestrian 1.00 1.00 0 0 0 0 0 0 0 0 -1000.00 -1000.00 -1000.00 -1000.00 1.3390 0.3253 0.5005 -95.4623 3.4974 -297.1729 -3.0925 -0.0052 -0.0003 384 pedestrian_0013
Pedestrian 1.00 1.00 0 0 0 5 0 0 0 0 -1000.00 -1000.00 -1000.00 -1000.00 1.9158 0.4880 0.7507 -96.5637 1.7521 42.4091 1.6727 -0.0052 -0.0003 385 pedestrian_0015
Pedestrian 1.00 1.00 133 141 222 1957 26 0 0 0 -1000.00 -1000.00 -1000.00 -1000.00 1.9158 0.4880 0.7507 5.7848 1.9573 -14.1254 -1.5449 -0.0052 -0.0003 386 pedestrian_0018
Pedestrian 1.00 1.00 0 0 0 0 0 0 0 0 -1000.00 -1000.00 -1000.00 -1000.00 1.3390 0.3253 0.4906 -89.1300 3.4973 -297.5523 -3.1398 -0.0052 -0.0003 387 pedestrian_0013
Pedestrian 1.00 1.00 0 0 0 0 0 0 0 0 -1000.00 -1000.00 -1000.00 -1000.00 1.9158 0.4880 0.3754 66.4390 2.9867 -177.0004 2.9874 -0.0052 -0.0003 388 pedestrian_0022
Pedestrian 1.00 1.00 0 0 0 0 0 0 0 0 -1000.00 -1000.00 -1000.00 -1000.00 1.9158 0.4880 0.7507 -272.3890 1.9509 14.5609 1.5971 -0.0052 -0.0003 389 pedestrian_0003
Pedestrian 1.00 1.00 0 0 0 0 0 0 0 0 -1000.00 -1000.00 -1000.00 -1000.00 1.9158 0.4880 0.4137 -241.6745 3.3354 -255.0602 2.1865 -0.0052 -0.0003 390 pedestrian_0021
Pedestrian 1.00 1.00 0 0 0 17 0 0 0 0 -1000.00 -1000.00 -1000.00 -1000.00 1.9158 0.4880 0.3754 -97.9493 1.5810 68.7540 -0.5968 -0.0052 -0.0003 391 pedestrian_0016
Pedestrian 1.00 1.00 0 0 0 0 0 0 0 0 -1000.00 -1000.00 -1000.00 -1000.00 1.9158 0.4880 0.7507 -206.8283 3.4695 -283.5743 2.6414 -0.0052 -0.0003 392 pedestrian_0005
Pedestrian 0.00 1.00 0 0 0 0 0 0 0 0 1617.91 329.79 1621.30 336.30 1.9158 0.4880 0.4492 166.4354 -7.0845 -199.0727 -1.8655 -0.0052 -0.0003 393 pedestrian_0026
Pedestrian 0.00 1.00 0 0 0 0 0 0 0 0 1319.28 362.01 1329.47 380.27 1.9158 0.4880 0.7507 59.5546 2.1309 -40.7049 -1.4684 -0.0052 -0.0003 394 pedestrian_0022
Pedestrian 0.00 1.00 0 0 0 0 0 0 0 0 598.58 323.02 602.26 327.87 1.1330 0.4333 0.6544 136.1998 -7.8594 85.4518 2.4210 -0.0052 -0.0003 395 pedestrian_0010
Pedestrian 1.00 1.00 16 21 22 300 0 0 3 0 -1000.00 -1000.00 -1000.00 -1000.00 1.9158 0.4880 0.7507 -9.4351 1.9209 23.2086 -2.9258 -0.0052 -0.0003 396 pedestrian_0006
Pedestrian 1.00 1.00 0 0 0 0 0 0 0 0 -1000.00 -1000.00 -1000.00 -1000.00 1.3390 0.3253 0.5005 -100.5561 3.1612 -238.1613 -3.0899 -0.0052 -0.0003 397 pedestrian_0012
Pedestrian 1.00 1.00 0 0 0 0 0 0 0 0 -1000.00 -1000.00 -1000.00 -1000.00 1.1330 0.4333 0.3333 -10.2007 2.8598 -179.4998 2.5913 -0.0052 -0.0003 398 pedestrian_0010
Pedestrian 1.00 1.00 0 0 0 0 0 0 0 0 -1000.00 -1000.00 -1000.00 -1000.00 1.9158 0.4880 0.7507 -201.6847 1.7545 41.2860 0.8647 -0.0052 -0.0003 399 pedestrian_0007
Pedestrian 0.00 1.00 0 0 0 0 0 0 0 0 1063.37 332.77 1065.46 338.14 1.9158 0.4880 0.6437 201.4142 -7.9143 -39.9829 -1.5473 -0.0052 -0.0003 400 pedestrian_0001
Pedestrian 1.00 1.00 5 9 11 66 0 6 0 0 -1000.00 -1000.00 -1000.00 -1000.00 1.9158 0.4880 0.7254 -48.5697 1.9874 -6.8331 -2.5632 -0.0052 -0.0003 401 pedestrian_0016
Pedestrian 1.00 1.00 0 0 0 0 0 0 0 0 -1000.00 -1000.00 -1000.00 -1000.00 1.9158 0.4880 0.7507 -270.6110 1.8407 35.7841 -1.7257 -0.0052 -0.0003 402 pedestrian_0021
Pedestrian 0.00 1.00 0 0 0 0 0 0 0 0 1263.26 361.57 1267.56 371.09 1.9158 0.4880 0.6313 113.1847 2.2362 -64.0317 0.0776 -0.0052 -0.0003 403 pedestrian_0006
Pedestrian 1.00 1.00 0 0 0 0 0 0 0 0 -1000.00 -1000.00 -1000.00 -1000.00 1.9158 0.4880 0.7507 -192.9249 1.7031 51.2950 -2.5863 -0.0052 -0.0003 404 pedestrian_0023
Pedestrian 1.00 1.00 0 0 0 0 0 0 0 0 -1000.00 -1000.00 -1000.00 -1000.00 1.1330 0.4333 0.5891 65.1259 2.8312 -178.5281 -1.5741 -0.0052 -0.0003 405 pedestrian_0011
Pedestrian 1.00 1.00 5 5 10 59 3 0 0 0 -1000.00 -1000.00 -1000.00 -1000.00 1.9158 0.4880 0.5457 6.9019 2.1618 -53.9151 -1.5298 -0.0052 -0.0003 406 pedestrian_0004
Pedestrian 1.00 1.00 0 0 0 0 0 0 0 0 -1000.00 -1000.00 -1000.00 -1000.00 1.9158 0.4880 0.4828 22.2032 2.8516 -177.6693 -2.9290 -0.0052 -0.0003 407 pedestrian_0026
Pedestrian 0.00 1.00 0 0 0 0 0 0 0 0 1206.74 363.90 1208.76 369.00 1.3390 0.3253 0.3674 147.1852 2.3700 -67.5651 -1.4755 -0.0052 -0.0003 408 pedestrian_0013
Pedestrian 1.00 1.00 0 0 0 0 0 0 0 0 -1000.00 -1000.00 -1000.00 -1000.00 1.1330 0.4333 0.5858 -91.4764 3.2301 -223.5345 1.5865 -0.0052 -0.0003 409 pedestrian_0010
Pedestrian 0.00 1.00 0 0 0 0 0 0 0 0 947.21 359.69 949.55 367.12 1.9158 0.4880 0.4409 144.5082 1.8374 0.7726 -1.9400 -0.0052 -0.0003 410 pedestrian_0020
Pedestrian 1.00 1.00 0 0 0 0 0 0 0 0 -1000.00 -1000.00 -1000.00 -1000.00 1.9158 0.4880 0.7333 -118.1593 3.1739 -237.9111 3.0641 -0.0052 -0.0003 411 pedestrian_0025
Pedestrian 0.00 0.66 0 2 4 11 0 0 0 0 767.11 365.64 771.92 373.80 1.1330 0.4333 0.6667 78.9560 1.9304 24.5412 3.1255 -0.0052 -0.0003 412 pedestrian_0010
Pedestrian 0.00 1.00 0 0 0 0 0 0 0 0 1334.33 361.69 1338.60 370.07 1.9158 0.4880 0.6392 128.2857 2.3057 -88.6671 1.6582 -0.0052 -0.0003 413 pedestrian_0015
Pedestrian 1.00 1.00 0 0 0 0 0 0 0 0 -1000.00 -1000.00 -1000.00 -1000.00 1.1330 0.4333 0.6667 64.2930 2.6002 -133.7530 1.5689 -0.0052 -0.0003 414 pedestrian_0011
Pedestrian 1.00 1.00 42 44 81 2509 9 14 0 0 -1000.00 -1000.00 -1000.00 -1000.00 1.9158 0.4880 0.6250 -13.6187 1.9892 -19.0553 1.5616 -0.0052 -0.0003 415 pedestrian_0025
Pedestrian 0.00 1.00 0 0 0 0 0 0 0 0 801.83 327.96 803.60 331.96 1.1330 0.4333 0.4154 161.8929 -8.1515 43.4106 1.6640 -0.0052 -0.0003 416 pedestrian_0009
Pedestrian 0.00 1.00 0 0 0 0 0 0 0 0 766.54 324.76 768.45 331.59 1.9158 0.4880 0.3915 159.0476 -8.1123 52.6455 -1.5000 -0.0052 -0.0003 417 pedestrian_0026
Pedestrian 1.00 1.00 0 0 0 0 0 0 0 0 -1000.00 -1000.00 -1000.00 -1000.00 1.9158 0.4880 0.7507 -269.7407 2.5145 -94.4030 1.6045 -0.0052 -0.0003 418 pedestrian_0019
Pedestrian 1.00 1.00 0 0 0 0 0 0 0 0 -1000.00 -1000.00 -1000.00 -1000.00 1.9158 0.4880 0.7507 64.6179 2.5061 -113.3385 -1.5331 -0.0052 -0.0003 419 pedestrian_0018
Pedestrian 1.00 1.00 0 0 0 0 0 0 0 0 -1000.00 -1000.00 -1000.00 -1000.00 1.9158 0.4880 0.6717 -122.8967 3.5145 -297.1775 3.1378 -0.0052 -0.0003 420 pedestrian_0026
Pedestrian 0.00 1.00 0 0 0 0 0 0 0 0 1180.60 361.07 1182.80 366.47 1.9158 0.4880 0.5563 198.3135 2.2979 -81.1446 -2.9202 -0.0052 -0.0003 421 pedestrian_0005
Pedestrian 1.00 1.00 0 0 0 0 0 0 0 0 -1000.00 -1000.00 -1000.00 -1000.00 1.9158 0.4880 0.5231 65.8515 2.9556 -200.4399 -1.5476 -0.0052 -0.0003 422 pedestrian_0021
Pedestrian 0.00 1.00 0 0 0 0 0 0 0 0 1374.92 362.49 1377.52 367.76 1.9158 0.4880 0.6417 203.1291 2.8252 -153.9981 -1.1934 -0.0052 -0.0003 423 pedestrian_0025
Pedestrian 0.00 1.00 0 0 0 0 0 0 0 0 1254.93 362.17 1258.20 370.62 1.9158 0.4880 0.4770 127.2812 2.4129 -69.7852 1.5639 -0.0052 -0.0003 424 pedestrian_0008
Pedestrian 0.00 0.79 1 0 1 14 0 0 0 0 824.99 360.95 831.00 379.58 1.9158 0.4880 0.4672 58.4297 2.0160 11.4352 -1.0214 -0.0052 -0.0003 425 pedestrian_0018
Pedestrian 1.00 1.00 0 0 0 0 0 0 0 0 -1000.00 -1000.00 -1000.00 -1000.00 1.9158 0.4880 0.7507 -200.2509 2.1117 -27.8619 -1.5781 -0.0052 -0.0003 426 pedestrian_0020
Pedestrian 1.00 1.00 0 0 0 0 0 0 0 0 -1000.00 -1000.00 -1000.00 -1000.00 1.3390 0.3253 0.5005 -143.3009 2.8481 -168.5891 2.5496 -0.0052 -0.0003 427 pedestrian_0012
Pedestrian 0.00 1.00 0 0 0 0 0 0 0 0 1614.75 366.71 1618.92 371.67 1.1330 0.4333 0.4384 128.8517 2.6850 -153.7087 -1.6308 -0.0052 -0.0003 428 pedestrian_0011
Pedestrian 1.00 1.00 0 0 0 0 0 0 0 0 -1000.00 -1000.00 -1000.00 -1000.00 1.9158 0.4880 0.5563 -149.5924 2.8190 -160.9235 2.1244 -0.0052 -0.0003 429 pedestrian_0006
Pedestrian 0.00 1.00 0 0 0 0 0 0 0 0 1180.46 361.10 1183.14 368.00 1.9158 0.4880 0.6159 155.4038 2.2229 -64.0088 0.0086 -0.0052 -0.0003 430 pedestrian_0021
Pedestrian 1.00 1.00 0 0 0 0 0 0 0 0 -1000.00 -1000.00 -1000.00 -1000.00 1.9158 0.4880 0.4048 -163.9990 2.3788 -74.0198 -2.3267 -0.0052 -0.0003 431 pedestrian_0026
Pedestrian 0.00 1.00 0 0 0 0 0 0 0 0 650.48 321.74 653.48 329.33 1.9158 0.4880 0.5517 144.3078 -7.9491 77.3867 -0.7758 -0.0052 -0.0003 432 pedestrian_0026
Pedestrian 1.00 1.00 0 0 0 0 0 0 0 0 -1000.00 -1000.00 -1000.00 -1000.00 1.9158 0.4880 0.4919 -57.9758 2.6328 -131.8229 -0.0146 -0.0052 -0.0003 433 pedestrian_0002
Pedestrian 0.63 1.00 0 0 0 0 0 0 0 0 1916.32 364.96 1920.00 375.57 1.9158 0.4880 0.7507 101.9875 2.8248 -177.3149 -3.1124 -0.0052 -0.0003 434 pedestrian_0001
Pedestrian 0.00 1.00 0 0 0 0 0 0 0 0 1600.95 334.56 1604.60 340.13 1.9158 0.4880 0.6982 194.6512 -6.9535 -226.7725 1.0855 -0.0052 -0.0003 435 pedestrian_0022
Pedestrian 0.00 1.00 0 0 0 0 0 0 0 0 1231.23 361.57 1238.17 379.66 1.9158 0.4880 0.5139 60.1089 2.0849 -31.5116 -1.6708 -0.0052 -0.0003 436 pedestrian_0005
Pedestrian 1.00 1.00 0 0 0 0 0 0 0 0 -1000.00 -1000.00 -1000.00 -1000.00 1.3390 0.3253 0.5005 -91.1535 2.4735 -99.2184 -1.4047 -0.0052 -0.0003 437 pedestrian_0013
Pedestrian 1.00 1.00 0 0 0 0 0 0 0 0 -1000.00 -1000.00 -1000.00 -1000.00 1.1330 0.4333 0.4564 -268.5933 2.7557 -143.3833 1.8595 -0.0052 -0.0003 438 pedestrian_0011
Pedestrian 1.00 1.00 0 0 0 2 0 0 0 0 -1000.00 -1000.00 -1000.00 -1000.00 1.9158 0.4880 0.3786 -93.9816 1.8000 62.1890 2.1431 -0.0052 -0.0003 439 pedestrian_0006
Pedestrian 1.00 1.00 0 0 0 0 0 0 0 0 -1000.00 -1000.00 -1000.00 -1000.00 1.3390 0.3253 0.4934 76.5974 -7.2996 139.1505 0.0276 -0.0052 -0.0003 440 pedestrian_0014
Pedestrian 1.00 1.00 1 1 3 12 0 1 0 0 -1000.00 -1000.00 -1000.00 -1000.00 1.9158 0.4880 0.4858 -93.9489 2.0118 -7.9479 -1.5251 -0.0052 -0.0003 441 pedestrian_0025
Pedestrian 1.00 1.00 0 0 0 0 0 0 0 0 -1000.00 -1000.00 -1000.00 -1000.00 1.9158 0.4880 0.4708 -255.5816 1.6257 76.5091 -2.4212 -0.0052 -0.0003 442 pedestrian_0003
Pedestrian 0.00 1.00 0 0 0 0 0 0 0 0 962.28 359.75 965.79 368.37 1.9158 0.4880 0.7507 124.7695 1.8626 -3.1356 1.6095 -0.0052 -0.0003 443 pedestrian_0024
Pedestrian 1.00 1.00 4 2 3 23 4 0 0 0 -1000.00 -1000.00 -1000.00 -1000.00 1.9158 0.4880 0.3754 6.7292 2.3558 -91.2936 1.9012 -0.0052 -0.0003 444 pedestrian_0007
Pedestrian 1.00 1.00 0 0 0 0 0 0 0 0 -1000.00 -1000.00 -1000.00 -1000.00 1.9158 0.4880 0.3994 -101.7570 2.3423 -70.7152 0.0304 -0.0052 -0.0003 445 pedestrian_0023
Pedestrian 1.00 1.00 0 0 0 0 0 0 0 0 -1000.00 -1000.00 -1000.00 -1000.00 1.9158 0.4880 0.6431 -233.0330 1.4824 102.8789 0.7037 -0.0052 -0.0003 446 pedestrian_0026
Pedestrian 0.00 1.00 0 0 0 0 0 0 0 0 1557.23 332.56 1560.97 336.37 1.1330 0.4333 0.6304 169.0516 -7.1740 -183.8472 -1.7458 -0.0052 -0.0003 447 pedestrian_0009
Pedestrian 1.00 1.00 0 0 0 0 0 0 0 0 -1000.00 -1000.00 -1000.00 -1000.00 1.9158 0.4880 0.7507 50.5777 -6.7716 -256.6143 -3.1253 -0.0052 -0.0003 448 pedestrian_0015
Pedestrian 0.00 1.00 0 0 0 0 0 0 0 0 1248.87 361.45 1251.45 368.48 1.9158 0.4880 0.3817 152.4377 2.3141 -81.4963 -2.8517 -0.0052 -0.0003 449 pedestrian_0017
Pedestrian 1.00 1.00 0 0 0 9 0 0 0 0 -1000.00 -1000.00 -1000.00 -1000.00 1.9158 0.4880 0.4373 14.0159 2.2181 -63.8763 1.0973 -0.0052 -0.0003 450 pedestrian_0023
Pedestrian 1.00 1.00 0 0 0 0 0 0 0 0 -1000.00 -1000.00 -1000.00 -1000.00 1.9158 0.4880 0.4278 -93.5747 1.7487 71.9504 2.2751 -0.0052 -0.0003 451 pedestrian_0001
Pedestrian 1.00 1.00 0 0 0 0 0 0 0 0 -1000.00 -1000.00 -1000.00 -1000.00 1.9158 0.4880 0.7287 -199.0369 2.2825 -61.0734 -1.5629 -0.0052 -0.0003 452 pedestrian_0017
Pedestrian 1.00 1.00 0 0 0 0 0 0 0 0 -1000.00 -1000.00 -1000.00 -1000.00 1.1330 0.4333 0.5235 -72.3723 2.3196 -70.9142 -3.1263 -0.0052 -0.0003 453 pedestrian_0011
Pedestrian 1.00 1.00 0 0 0 0 0 0 0 0 -1000.00 -1000.00 -1000.00 -1000.00 1.9158 0.4880 0.4364 -239.3173 3.3452 -256.8868 -0.0066 -0.0052 -0.0003 454 pedestrian_0018
Pedestrian 0.00 1.00 0 0 0 0 0 0 0 0 1347.17 361.76 1351.14 369.04 1.9158 0.4880 0.6981 147.5930 2.3835 -105.1359 1.5760 -0.0052 -0.0003 455 pedestrian_0021
Pedestrian 0.00 1.00 0 0 0 0 0 0 0 0 1147.31 360.91 1149.47 366.77 1.9158 0.4880 0.4751 182.7219 2.2145 -63.9889 -2.9425 -0.0052 -0.0003 456 pedestrian_0007
Pedestrian 1.00 1.00 0 0 1 0 0 0 0 0 -1000.00 -1000.00 -1000.00 -1000.00 1.9158 0.4880 0.7507 7.6566 2.4704 -113.2150 1.6516 -0.0052 -0.0003 457 pedestrian_0021
Pedestrian 1.00 1.00 0 0 0 0 0 0 0 0 -1000.00 -1000.00 -1000.00 -1000.00 1.9158 0.4880 0.7507 22.2217 -5.4884 100.9525 0.0345 -0.0052 -0.0003 458 pedestrian_0019
Pedestrian 1.00 1.00 0 0 0 0 0 0 0 0 -1000.00 -1000.00 -1000.00 -1000.00 1.1330 0.4333 0.5520 -120.9372 1.2707 134.8762 0.0313 -0.0052 -0.0003 459 pedestrian_0009
Pedestrian 1.00 1.00 0 0 0 8 0 0 0 0 -1000.00 -1000.00 -1000.00 -1000.00 1.9158 0.4880 0.6605 -134.3508 1.2940 133.3767 0.0170 -0.0052 -0.0003 460 pedestrian_0004
Pedestrian 1.00 1.00 0 0 0 3 0 0 0 0 -1000.00 -1000.00 -1000.00 -1000.00 1.3390 0.3253 0.4296 -96.3562 1.8298 25.7285 1.4139 -0.0052 -0.0003 461 pedestrian_0012
Pedestrian 1.00 1.00 0 0 0 0 0 0 0 0 -1000.00 -1000.00 -1000.00 -1000.00 1.9158 0.4880 0.6073 -110.8437 2.2443 -52.0143 1.5817 -0.0052 -0.0003 462 pedestrian_0006
Pedestrian 1.00 1.00 0 0 0 0 0 0 0 0 -1000.00 -1000.00 -1000.00 -1000.00 1.1330 0.4333 0.6667 -143.5620 2.5039 -102.5177 -1.5380 -0.0052 -0.0003 463 pedestrian_0009
Pedestrian 1.00 1.00 0 0 0 0 0 0 0 0 -1000.00 -1000.00 -1000.00 -1000.00 1.3390 0.3253 0.5005 2.7389 2.9578 -179.8660 -0.1448 -0.0052 -0.0003 464 pedestrian_0014
Pedestrian 1.00 1.00 0 0 0 0 0 0 0 0 -1000.00 -1000.00 -1000.00 -1000.00 1.1330 0.4333 0.6487 -90.1110 3.0797 -217.4058 1.6776 -0.0052 -0.0003 465 pedestrian_0010
Pedestrian 1.00 1.00 28 27 46 634 0 0 5 0 -1000.00 -1000.00 -1000.00 -1000.00 1.9158 0.4880 0.6498 -8.9565 1.9241 22.5689 0.4321 -0.0052 -0.0003 466 pedestrian_0017
Pedestrian 1.00 1.00 5 6 12 29 0 8 0 0 -1000.00 -1000.00 -1000.00 -1000.00 1.9158 0.4880 0.5285 -59.3988 2.1046 1.4200 -3.0853 -0.0052 -0.0003 467 pedestrian_0004
Pedestrian 0.00 0.00 229 261 425 5889 0 0 0 44 418.15 368.70 512.90 551.30 1.9158 0.4880 0.5606 6.9347 1.9701 3.0114 -1.6408 -0.0052 -0.0003 468 pedestrian_0021
Pedestrian 0.00 1.00 0 0 0 0 0 0 0 0 1319.16 364.08 1321.43 369.93 1.3390 0.3253 0.2854 128.3163 2.2777 -84.9767 -1.3901 -0.0052 -0.0003 469 pedestrian_0013
Pedestrian 0.00 1.00 0 0 0 0 0 0 0 0 961.66 359.76 963.73 367.18 1.9158 0.4880 0.5218 144.6649 1.8553 -2.9346 1.5525 -0.0052 -0.0003 470 pedestrian_0001
Pedestrian 0.00 1.00 0 0 0 0 0 0 0 0 1177.72 361.08 1180.76 367.86 1.9158 0.4880 0.7507 158.2954 2.2241 -64.4403 -3.0114 -0.0052 -0.0003 471 pedestrian_0015
Pedestrian 1.00 1.00 0 0 0 0 0 0 0 0 -1000.00 -1000.00 -1000.00 -1000.00 1.9158 0.4880 0.4802 -67.7271 1.2624 135.3452 -3.0725 -0.0052 -0.0003 472 pedestrian_0024
Pedestrian 1.00 1.00 0 0 0 0 0 0 0 0 -1000.00 -1000.00 -1000.00 -1000.00 1.3390 0.3253 0.3292 -55.9678 2.8764 -178.9991 -0.0696 -0.0052 -0.0003 473 pedestrian_0013
Pedestrian 1.00 1.00 0 0 0 0 0 0 0 0 -1000.00 -1000.00 -1000.00 -1000.00 1.9158 0.4880 0.6627 -208.7512 3.4691 -283.2354 2.7051 -0.0052 -0.0003 474 pedestrian_0018
Pedestrian 1.00 1.00 0 0 0 0 0 0 0 0 -1000.00 -1000.00 -1000.00 -1000.00 1.3390 0.3253 0.4751 -67.6358 2.8806 -179.4019 2.9910 -0.0052 -0.0003 475 pedestrian_0012
Pedestrian 1.00 1.00 13 16 26 93 0 10 0 0 -1000.00 -1000.00 -1000.00 -1000.00 1.9158 0.4880 0.6680 -39.1795 1.9492 0.7706 0.0210 -0.0052 -0.0003 476 pedestrian_0026
Pedestrian 1.00 1.00 0 0 0 0 0 0 0 0 -1000.00 -1000.00 -1000.00 -1000.00 1.9158 0.4880 0.5257 -129.2395 3.5175 -297.4089 3.1385 -0.0052 -0.0003 477 pedestrian_0016
Pedestrian 0.00 1.00 0 0 0 0 0 0 0 0 951.71 359.70 955.32 368.31 1.9158 0.4880 0.7507 124.8244 1.8505 -0.7867 1.6886 -0.0052 -0.0003 478 pedestrian_0006
Pedestrian 1.00 1.00 0 0 0 0 0 0 0 0 -1000.00 -1000.00 -1000.00 -1000.00 1.9158 0.4880 0.5725 -208.0786 3.4665 -282.6391 2.6995 -0.0052 -0.0003 479 pedestrian_0001
Pedestrian 0.00 1.00 0 0 0 0 0 0 0 0 916.40 359.82 920.01 371.45 1.9158 0.4880 0.7507 92.8350 1.8877 4.6857 -0.0619 -0.0052 -0.0003 480 pedestrian_0021
Car 1.00 1.00 0 0 0 0 0 0 0 0 -1000.00 -1000.00 -1000.00 -1000.00 1.6980 1.9434 4.1871 19.7505 2.7110 -143.5202 -1.5417 -0.0052 -0.0003 481 citroen_c3
Car 1.00 1.00 0 0 0 0 0 0 0 0 -1000.00 -1000.00 -1000.00 -1000.00 1.9718 2.0005 4.0595 20.2050 2.6192 -132.4625 -1.5417 -0.0052 -0.0003 482 jeep_wrangler_rubicon
Car 1.00 1.00 0 0 0 0 0 0 0 0 -1000.00 -1000.00 -1000.00 -1000.00 1.9718 2.0005 4.0595 50.8473 2.6941 -142.0187 1.5999 -0.0052 -0.0003 483 jeep_wrangler_rubicon
Car 1.00 1.00 0 0 0 0 0 0 0 0 -1000.00 -1000.00 -1000.00 -1000.00 1.9718 2.0005 4.0595 17.2651 2.6206 -132.5482 -1.5417 -0.0052 -0.0003 484 jeep_wrangler_rubicon
Car 1.00 1.00 0 0 0 0 0 0 0 0 -1000.00 -1000.00 -1000.00 -1000.00 1.9718 2.0005 4.0595 -61.1432 2.6319 -121.7934 0.0291 -0.0052 -0.0003 485 nissan_patrol
Car 1.00 1.00 0 0 0 0 0 0 0 0 -1000.00 -1000.00 -1000.00 -1000.00 1.5488 2.0688 3.9961 -61.0730 2.6745 -124.6865 -3.1125 -0.0052 -0.0003 486 nissan_patrol
Car 1.00 1.00 0 0 0 0 0 0 0 0 -1000.00 -1000.00 -1000.00 -1000.00 1.4855 2.1349 -5.6254 -55.2154 2.5315 -104.7120 -3.1125 -0.0052 -0.0003 487 nissan_patrol
Car 1.00 1.00 0 0 0 0 0 0 0 0 -1000.00 -1000.00 -1000.00 -1000.00 1.6244 1.8781 -3.8906 -54.7229 2.6047 -121.6045 0.0291 -0.0052 -0.0003 488 nissan_patrol
Car 1.00 1.00 0 0 0 0 0 0 0 0 -1000.00 -1000.00 -1000.00 -1000.00 1.7506 2.3538 -4.8416 -37.9179 2.5614 -98.5888 0.0291 -0.0052 -0.0003 489 nissan_patrol
Car 1.00 1.00 7 13 19 105 3 0 0 0 -1000.00 -1000.00 -1000.00 -1000.00 1.9718 2.0005 -4.0595 -37.5408 2.5785 -112.8825 -3.1125 -0.0052 -0.0003 490 nissan_patrol
Car 1.00 1.00 0 0 0 0 0 0 0 0 -1000.00 -1000.00 -1000.00 -1000.00 1.9476 2.0282 4.8347 -61.7568 2.5009 -99.2841 -3.1125 -0.0052 -0.0003 491 nissan_patrol
Car 1.00 1.00 0 0 0 0 0 0 0 0 -1000.00 -1000.00 -1000.00 -1000.00 1.9718 2.0005 4.0595 -61.7300 2.5308 -102.1787 -3.1125 -0.0052 -0.0003 492 nissan_patrol
Car 1.00 1.00 0 0 0 0 0 0 0 0 -1000.00 -1000.00 -1000.00 -1000.00 1.6244 1.8781 3.8906 -44.2744 2.4985 -101.6704 0.0291 -0.0052 -0.0003 493 nissan_patrol
Car 1.00 1.00 0 0 0 0 0 0 0 0 -1000.00 -1000.00 -1000.00 -1000.00 1.5488 2.0688 3.9961 -44.1939 2.5645 -104.3926 -3.1125 -0.0052 -0.0003 494 nissan_patrol
Car 1.00 1.00 0 0 0 0 0 0 0 0 -1000.00 -1000.00 -1000.00 -1000.00 2.1397 2.1728 4.7017 -43.9178 2.5680 -113.0698 -3.1125 -0.0052 -0.0003 495 nissan_patrol
Car 1.00 1.00 0 0 0 3 0 0 0 0 -1000.00 -1000.00 -1000.00 -1000.00 1.9476 2.0282 4.8347 -43.6305 2.6088 -121.2819 -3.1125 -0.0052 -0.0003 496 nissan_patrol
Car 1.00 1.00 0 0 0 0 0 0 0 0 -1000.00 -1000.00 -1000.00 -1000.00 1.5100 1.8730 4.1000 -43.6134 2.6155 -124.1780 -3.1125 -0.0052 -0.0003 497 nissan_patrol
Car 1.00 1.00 12 11 19 75 3 0 0 0 -1000.00 -1000.00 -1000.00 -1000.00 1.5488 2.0688 3.9961 -28.9363 2.5873 -109.7353 0.0291 -0.0052 -0.0003 498 nissan_patrol
Car 1.00 1.00 1 0 0 5 0 0 0 0 -1000.00 -1000.00 -1000.00 -1000.00 1.5100 1.8730 4.1000 -28.8560 2.5512 -112.6294 0.0291 -0.0052 -0.0003 499 nissan_patrol
Car 1.00 1.00 0 0 0 2 0 0 0 0 -1000.00 -1000.00 -1000.00 -1000.00 1.9476 2.0282 4.8347 -28.7305 2.5733 -115.3114 -3.1125 -0.0052 -0.0003 500 nissan_patrol
Car 1.00 1.00 21 44 52 211 5 0 0 0 -1000.00 -1000.00 -1000.00 -1000.00 2.1397 2.1728 -4.7017 -22.8793 2.4844 -98.1520 -3.1125 -0.0052 -0.0003 501 nissan_patrol
Car 1.00 1.00 3 4 8 37 0 0 0 0 -1000.00 -1000.00 -1000.00 -1000.00 1.9476 2.0282 -4.8347 -22.7281 2.4977 -101.0435 0.0291 -0.0052 -0.0003 502 nissan_patrol
Car 1.00 1.00 10 14 16 90 7 0 0 0 -1000.00 -1000.00 -1000.00 -1000.00 1.6244 1.8781 -3.8906 -22.3060 2.5760 -118.0198 -3.1125 -0.0052 -0.0003 503 nissan_patrol
Car 1.00 1.00 3 3 4 17 0 0 0 0 -1000.00 -1000.00 -1000.00 -1000.00 1.7506 2.3538 -4.8416 -22.2534 2.6704 -120.6584 -3.1125 -0.0052 -0.0003 504 nissan_patrol
Car 1.00 1.00 0 0 0 0 0 0 0 0 -1000.00 -1000.00 -1000.00 -1000.00 1.9476 2.0282 4.8347 24.2462 2.6688 -144.0591 1.5999 -0.0052 -0.0003 505 nissan_patrol
Car 1.00 1.00 0 0 0 0 0 0 0 0 -1000.00 -1000.00 -1000.00 -1000.00 1.5475 1.9070 4.4025 48.0380 2.6707 -141.6982 1.5999 -0.0052 -0.0003 506 seat_leon
Car 1.00 1.00 0 0 0 0 0 0 0 0 -1000.00 -1000.00 -1000.00 -1000.00 2.5908 2.7453 5.4640 33.6328 2.7226 -143.7237 1.5999 -0.0052 -0.0003 507 carlamotors_carlacola
Car 0.00 1.00 0 0 0 0 0 0 0 0 1643.72 360.70 1685.58 373.26 2.5908 2.7453 5.4640 118.1083 2.7553 -151.0246 -1.5417 -0.0052 -0.0003 508 carlamotors_carlacola
Car 0.00 1.00 0 0 0 0 0 0 0 0 1623.69 360.67 1663.89 372.87 2.5908 2.7453 5.4640 121.5954 2.7537 -150.9230 -1.5417 -0.0052 -0.0003 509 carlamotors_carlacola
Car 0.00 1.00 0 0 0 0 0 0 0 0 1522.99 359.46 1564.51 372.36 2.5908 2.7453 5.4640 115.6499 2.4884 -122.8464 -3.1125 -0.0052 -0.0003 510 carlamotors_carlacola
Car 1.00 1.00 0 0 0 0 0 0 0 0 -1000.00 -1000.00 -1000.00 -1000.00 2.5908 2.7453 5.4640 29.3237 2.7246 -143.8493 1.5999 -0.0052 -0.0003 511 carlamotors_carlacola
Car 0.00 1.00 0 0 0 0 0 0 0 0 1240.84 359.32 1321.95 383.76 2.2031 2.5091 6.5872 54.2182 2.1549 -32.9147 1.0763 -0.0052 -0.0003 512 tesla_cybertruck