Car 0.00 1.00 0 0 0 0 0 0 0 0 1173.09 338.95 1186.40 342.97 1.5542 2.3421 5.1370 243.5593 -7.5465 -98.3824 1.9198 -0.0025 0.0117 0 lincoln2020_mkz2020
Car 1.00 1.00 6714 238215 380475 0 0 0 0 0 -1000.00 -1000.00 -1000.00 -1000.00 2.1397 2.1728 4.7045 -0.0005 2.0932 -2.2389 1.5708 0.0000 0.0000 1 volkswagen_t2
Motorcycle 1.00 1.00 0 0 0 0 0 0 0 0 -1000.00 -1000.00 -1000.00 -1000.00 1.6960 1.0692 2.4735 0.4218 -6.1916 120.9072 0.3880 -0.0084 0.0011 2 harley_davidson_low_rider
Motorcycle 1.00 1.00 0 0 0 0 0 0 0 0 -1000.00 -1000.00 -1000.00 -1000.00 1.6960 1.0692 2.4735 6.2642 2.4987 -310.7736 0.3815 0.0018 0.0008 3 harley_davidson_low_rider
Car 0.00 1.00 0 0 0 0 0 0 0 0 1117.78 363.15 1143.76 371.69 1.6320 2.1403 5.2230 112.0271 2.2831 -36.3857 -2.7546 -0.0055 0.0008 4 dodge_charger_police
Car 1.00 1.00 0 0 0 0 0 0 0 0 -1000.00 -1000.00 -1000.00 -1000.00 1.5542 2.3421 5.1370 -30.7885 -3.3859 101.0212 0.2842 -0.1193 0.0173 5 lincoln2020_mkz2020
Car 1.00 1.00 0 0 0 0 0 0 0 0 -1000.00 -1000.00 -1000.00 -1000.00 1.4546 2.0938 4.3903 -125.3351 2.4036 -308.6320 2.5940 -0.0015 -0.0022 6 audi_tt
Car 1.00 1.00 0 0 0 0 0 0 0 0 -1000.00 -1000.00 -1000.00 -1000.00 1.4477 1.5550 2.3177 40.3108 2.2400 -103.0442 1.9721 -0.0069 0.0008 7 bmw_isetta
Car 1.00 1.00 0 0 0 0 0 0 0 0 -1000.00 -1000.00 -1000.00 -1000.00 1.7173 2.2591 5.2781 -135.0342 2.3916 -297.8107 2.4476 -0.0087 -0.0054 8 mercedes_benz_coupe
Car 1.00 1.00 0 0 0 0 0 0 0 0 -1000.00 -1000.00 -1000.00 -1000.00 1.4812 2.1349 5.6254 18.6413 2.0045 78.5227 0.3453 -0.0012 0.0008 9 chevrolet_impala
Car 0.00 1.00 0 0 0 0 0 0 0 0 978.89 362.26 1000.62 368.58 1.6115 2.2019 5.2564 146.0704 2.2117 -10.0273 -1.1436 -0.0013 0.0015 10 charger2020_charger2020
Car 0.00 1.00 0 0 0 0 0 0 0 0 1300.80 360.57 1335.32 371.85 2.2031 2.5091 6.5872 111.9560 2.3310 -73.8972 1.9667 -0.0031 0.0008 11 tesla_cybertruck
Car 1.00 1.00 0 0 0 0 0 0 0 0 -1000.00 -1000.00 -1000.00 -1000.00 1.5140 2.1024 4.9073 -112.6439 2.1858 -124.9379 2.6282 -0.0010 0.0009 12 mercedesccc_mercedesccc
Car 0.00 1.00 0 0 0 0 0 0 0 0 1406.18 362.70 1429.16 369.40 1.6980 1.9434 4.1871 145.1952 2.4085 -121.2462 -2.7568 -0.0012 0.0008 13 citroen_c3
Car 0.00 1.00 0 0 0 0 0 0 0 0 1196.70 364.64 1233.82 374.19 1.4812 2.1349 5.6254 92.6397 2.2704 -44.3535 -2.7527 -0.0018 0.0008 14 chevrolet_impala
Car 0.00 1.00 0 0 0 0 0 0 0 0 1379.19 362.83 1405.31 369.10 1.6320 2.1403 5.2230 150.7153 2.4148 -118.9189 -2.7998 -0.0055 0.0009 15 dodge_charger_police
Car 1.00 1.00 0 0 1 11 0 0 0 0 -1000.00 -1000.00 -1000.00 -1000.00 1.5863 2.2347 5.1468 55.9929 2.3690 -168.7531 0.3884 -0.0022 -0.0027 16 lincoln_mkz2017
Car 1.00 1.00 0 0 0 0 0 0 0 0 -1000.00 -1000.00 -1000.00 -1000.00 1.7318 2.1344 5.0985 -1.1145 -6.0900 116.9092 0.3903 -0.0243 0.0008 17 audi_etron
Car 1.00 1.00 0 2 3 12 0 0 0 0 -1000.00 -1000.00 -1000.00 -1000.00 1.7506 2.3538 4.8416 49.4951 2.3757 -171.3962 0.3870 -0.0011 0.0008 18 bmw_grandtourer
Car 0.00 0.23 46 45 67 2966 0 0 6 8 468.49 365.61 527.67 383.49 1.5765 1.9374 3.8150 52.5200 2.1137 40.5819 -1.1838 -0.0013 0.0009 19 nissan_micra
Motorcycle 1.00 1.00 0 0 0 0 0 0 0 0 -1000.00 -1000.00 -1000.00 -1000.00 1.6960 1.0692 2.4735 52.1301 2.2891 -150.1534 -1.1855 0.0029 0.0002 20 harley_davidson_low_rider
Car 1.00 1.00 0 0 0 0 0 0 0 0 -1000.00 -1000.00 -1000.00 -1000.00 1.5765 1.9374 3.8150 37.9766 2.3619 -176.0798 0.3980 -0.0011 0.0008 21 nissan_micra
Car 0.00 1.00 0 0 0 0 0 0 0 0 824.89 361.79 849.65 369.06 1.7203 2.2019 5.4994 134.9543 2.1599 27.4122 1.9978 -0.0008 0.0015 22 chargercop2020_chargercop2020
Car 1.00 1.00 1383 1533 2492 13411 477 0 0 0 -1000.00 -1000.00 -1000.00 -1000.00 1.5475 1.9070 4.4025 -0.4199 2.0924 -13.9447 1.9456 -0.0011 0.0008 23 seat_leon
Car 1.00 1.00 0 0 0 0 0 0 0 0 -1000.00 -1000.00 -1000.00 -1000.00 1.3660 1.9896 4.9534 25.2385 2.4991 -289.2730 -0.4152 -0.0013 0.0024 24 mustang_mustang
Cyclist 1.00 1.00 1 1 0 6 0 0 0 0 -1000.00 -1000.00 -1000.00 -1000.00 1.9709 0.6705 1.7250 -89.5856 2.0589 -13.1024 -1.1839 0.0056 0.0008 25 diamondback_century
Cyclist 1.00 1.00 1 2 2 4 0 0 0 0 -1000.00 -1000.00 -1000.00 -1000.00 1.7065 0.8593 1.4873 -76.5683 2.0456 -17.5015 -2.7349 0.0135 0.0000 26 bh_crossbike
Car 1.00 1.00 0 0 0 0 0 0 0 0 -1000.00 -1000.00 -1000.00 -1000.00 2.1397 2.1728 4.7045 -99.2312 2.2090 -123.6135 -2.7568 -0.0001 0.0008 27 volkswagen_t2
Car 1.00 1.00 0 0 0 0 0 0 0 0 -1000.00 -1000.00 -1000.00 -1000.00 1.9718 2.0005 4.0595 -121.0938 1.9740 18.2016 -2.8014 -0.0041 0.0008 28 jeep_wrangler_rubicon
Car 0.00 0.36 4 7 16 68 0 0 0 1 679.19 363.15 693.98 371.99 1.5627 2.2716 5.0314 103.9552 2.1654 48.4939 0.4202 -0.0012 0.0008 29 tesla_model3
Car 1.00 1.00 0 0 0 0 0 0 0 0 -1000.00 -1000.00 -1000.00 -1000.00 1.4546 2.0938 4.3903 -9.2425 2.2753 -180.9621 -3.1063 -0.0012 -0.1028 30 audi_tt
Car 0.00 1.00 0 0 0 0 0 0 0 0 914.91 362.47 932.29 368.62 1.5488 2.0688 3.9961 143.1670 2.1873 7.0972 1.9578 -0.0005 0.0008 31 mini_cooperst
Car 1.00 1.00 33 44 71 271 13 0 0 0 -1000.00 -1000.00 -1000.00 -1000.00 1.6011 2.1072 4.7392 11.0698 2.1502 -53.2317 -1.3243 -0.0010 0.0007 32 toyota_prius
Car 1.00 1.00 0 0 0 0 0 0 0 0 -1000.00 -1000.00 -1000.00 -1000.00 2.1397 2.1728 4.7045 -119.8003 2.1973 -127.9584 -1.0958 -0.0013 0.0008 33 volkswagen_t2
Car 1.00 1.00 0 0 0 0 0 0 0 0 -1000.00 -1000.00 -1000.00 -1000.00 1.6011 2.1072 4.7392 -44.6107 2.4888 -327.8303 0.2994 -0.0013 0.0023 34 toyota_prius
Car 0.00 0.93 0 0 0 22 0 0 0 0 838.58 365.89 878.09 376.46 1.3660 1.9896 4.9534 76.1764 2.1804 11.5427 1.9683 -0.0012 0.0008 35 mustang_mustang
Car 0.00 0.29 17 15 23 133 0 0 0 1 639.47 363.62 660.36 375.05 1.6011 2.1072 4.7392 82.7187 2.1498 43.4114 -2.7573 -0.0012 0.0008 36 toyota_prius
Car 1.00 1.00 25 25 36 180 6 0 0 0 -1000.00 -1000.00 -1000.00 -1000.00 1.7506 2.3538 4.8416 24.8050 2.2163 -82.0823 2.4690 -0.0013 0.0012 37 bmw_grandtourer
Car 1.00 1.00 0 0 0 0 0 0 0 0 -1000.00 -1000.00 -1000.00 -1000.00 2.2031 2.5091 6.5872 73.8587 2.3945 -154.0248 -2.7609 -0.0012 0.0008 38 tesla_cybertruck
Motorcycle 0.00 1.00 0 0 0 0 0 0 0 0 8.55 363.40 49.73 378.82 1.6387 1.2138 2.3199 61.7340 2.0182 99.6560 -2.7025 -0.0014 0.0008 39 yamaha_yzf
Car 1.00 1.00 19 23 33 287 0 1 0 0 -1000.00 -1000.00 -1000.00 -1000.00 1.9476 2.0282 4.8347 -70.6780 2.1097 -41.1130 1.9515 -0.0016 0.0008 40 nissan_patrol
Car 1.00 1.00 0 2 2 3 0 0 0 0 -1000.00 -1000.00 -1000.00 -1000.00 1.6115 2.2019 5.2564 29.4926 2.2173 -86.7598 2.0486 0.0067 0.0016 41 charger2020_charger2020
Car 0.00 1.00 0 0 0 0 0 0 0 0 1536.60 362.80 1565.94 368.67 1.6115 2.2019 5.2564 158.0799 2.4217 -169.7261 -2.8892 0.0096 0.0045 42 charger2020_charger2020
Motorcycle 0.00 0.29 13 17 30 1373 0 0 6 4 522.18 364.43 555.47 381.46 1.6649 1.0692 2.4735 56.7498 2.1187 40.0676 -1.1760 -0.0005 0.0010 43 harley_davidson_low_rider
Car 1.00 1.00 0 0 0 0 0 0 0 0 -1000.00 -1000.00 -1000.00 -1000.00 1.5542 2.3421 5.1370 -8.2841 2.3748 -209.2101 1.9186 -0.0012 0.0009 44 lincoln2020_mkz2020
Motorcycle 0.00 0.81 0 0 0 16 0 0 0 0 806.99 363.49 827.38 376.64 1.6960 1.0692 2.4735 74.0411 2.1622 16.5707 1.9650 0.0017 0.0009 45 harley_davidson_low_rider
Cyclist 0.00 1.00 0 0 0 0 0 0 0 0 1301.06 361.82 1311.22 372.14 1.9310 0.5921 1.9272 105.5661 2.2799 -67.5164 1.9513 -0.0053 0.0008 46 gazelle_omafiets
Car 0.00 0.31 49 58 93 1036 0 0 0 11 597.97 364.99 643.01 388.93 1.7318 2.1344 5.0985 45.1201 2.1553 24.6530 0.3607 -0.0012 0.0008 47 audi_etron
Car 0.00 1.00 0 0 0 0 0 0 0 0 976.91 360.96 997.49 368.72 1.9476 2.0282 4.8347 142.3231 2.1951 -9.1734 -1.1797 -0.0016 0.0008 48 nissan_patrol
Car 1.00 1.00 0 0 0 0 0 0 0 0 -1000.00 -1000.00 -1000.00 -1000.00 1.7203 2.2019 5.4994 24.1110 2.0075 76.6336 0.3741 -0.0012 0.0015 49 chargercop2020_chargercop2020
Car 1.00 1.00 0 0 0 0 0 0 0 0 -1000.00 -1000.00 -1000.00 -1000.00 1.6244 1.8781 3.8906 -113.1040 2.2029 -140.8876 2.3579 -0.0017 -0.0003 50 audi_a2
Car 1.00 1.00 0 0 0 0 0 0 0 0 -1000.00 -1000.00 -1000.00 -1000.00 1.5863 2.2347 5.1468 43.5999 2.3785 -173.9680 0.3944 -0.0012 0.0008 51 lincoln_mkz2017
Cyclist 1.00 1.00 0 0 0 0 0 0 0 0 -1000.00 -1000.00 -1000.00 -1000.00 1.9709 0.6705 1.7250 -126.2776 2.1590 -122.0476 -1.1875 0.0038 0.0008 52 diamondback_century
Cyclist 1.00 1.00 6 5 13 46 3 0 0 0 -1000.00 -1000.00 -1000.00 -1000.00 1.9311 0.5921 1.9272 21.8286 2.1873 -73.9273 1.3838 -0.0055 0.0004 53 gazelle_omafiets
Car 0.00 1.00 0 0 0 0 0 0 0 0 898.43 361.78 920.47 368.52 1.7173 2.2591 5.2781 145.3855 2.2001 10.9314 1.9574 -0.0057 0.0006 54 mercedes_benz_coupe
Car 0.00 1.00 0 0 0 0 0 0 0 0 1547.53 363.47 1570.49 369.86 1.5542 2.3421 5.1370 139.5770 2.4304 -151.9670 1.9836 -0.0012 0.0008 55 lincoln2020_mkz2020
Car 1.00 1.00 0 0 0 0 0 0 0 0 -1000.00 -1000.00 -1000.00 -1000.00 1.7506 2.3538 4.8416 64.0219 2.3406 -177.6677 -1.0833 -0.0028 0.0044 56 bmw_grandtourer
Car 0.00 1.00 0 0 0 0 0 0 0 0 907.45 365.40 943.20 376.61 1.4546 2.0938 4.3903 76.0854 2.1991 2.4605 1.9574 -0.0012 0.0008 57 audi_tt
Car 1.00 1.00 0 0 0 0 0 0 0 0 -1000.00 -1000.00 -1000.00 -1000.00 1.7173 2.2591 5.2781 -106.1464 2.2146 -130.3854 -2.7247 -0.0083 0.0006 58 mercedes_benz_coupe
Car 0.00 1.00 0 0 0 0 0 0 0 0 1356.06 364.90 1406.24 376.77 1.5542 2.3421 5.1370 78.9613 2.2704 -61.3637 0.3899 -0.0012 0.0008 59 lincoln2020_mkz2020
Car 0.00 0.69 0 5 8 469 0 0 2 0 562.39 359.76 594.01 370.92 2.1397 2.1728 4.7045 109.1377 2.0941 72.1742 -1.2001 -0.0011 0.0008 60 volkswagen_t2
Car 0.00 1.00 0 0 0 0 0 0 0 0 1047.98 361.44 1060.44 365.50 1.7506 2.3538 4.8416 243.0343 2.3848 -43.3702 -1.1947 -0.0019 0.0004 61 bmw_grandtourer
Car 0.00 1.00 0 0 0 0 0 0 0 0 1526.77 363.13 1550.06 369.71 1.6320 2.1403 5.2230 141.7121 2.4435 -149.0415 1.9153 -0.0055 0.0008 62 dodge_charger_police
Car 1.00 1.00 0 0 0 0 0 0 0 0 -1000.00 -1000.00 -1000.00 -1000.00 1.6980 1.9434 4.1871 38.3106 2.2357 -98.4413 1.9637 -0.0012 0.0008 63 citroen_c3
Car 0.00 1.00 0 0 0 0 0 0 0 0 1309.83 364.29 1340.91 372.27 1.4812 2.1349 5.6254 107.4824 2.3162 -72.4110 1.9460 -0.0011 0.0008 64 chevrolet_impala
Car 1.00 1.00 7 12 17 85 3 0 0 0 -1000.00 -1000.00 -1000.00 -1000.00 1.6115 2.2019 5.2564 14.2682 2.1770 -68.8220 -1.1608 0.0027 0.0017 65 charger2020_charger2020
Car 0.00 1.00 0 0 0 2 0 0 0 0 713.88 362.73 721.80 367.54 1.3660 1.9896 4.9534 164.5482 2.1853 69.1818 0.3816 -0.0012 0.0008 66 mustang_mustang
Motorcycle 0.00 1.00 0 0 0 0 0 0 0 0 50.59 365.20 102.08 383.84 1.5852 1.1236 2.1350 49.5147 2.0473 75.0114 1.9627 -0.0013 0.0008 67 kawasaki_ninja
Car 1.00 1.00 0 0 0 0 0 0 0 0 -1000.00 -1000.00 -1000.00 -1000.00 1.5488 2.0688 3.9961 -108.8609 2.2381 -165.2132 -1.2273 -0.0015 0.0008 68 mini_cooperst
Car 1.00 1.00 0 0 0 0 0 0 0 0 -1000.00 -1000.00 -1000.00 -1000.00 1.5542 2.3421 5.1370 -117.9816 2.1916 -134.3047 -1.1469 -0.0013 0.0006 69 lincoln2020_mkz2020
Car 1.00 1.00 0 0 0 0 0 0 0 0 -1000.00 -1000.00 -1000.00 -1000.00 1.9718 2.0005 4.0595 -34.0994 2.2229 -96.4736 -2.7533 -0.0016 0.0008 70 jeep_wrangler_rubicon
Car 1.00 1.00 0 0 0 0 0 0 0 0 -1000.00 -1000.00 -1000.00 -1000.00 1.7506 2.3538 4.8416 40.9166 2.3678 -170.8435 0.3511 -0.0011 0.0008 71 bmw_grandtourer
Car 0.00 1.00 0 0 0 0 0 0 0 0 960.38 360.34 976.77 365.52 2.2031 2.5091 6.5872 239.3151 2.3558 -5.9272 1.9684 -0.0013 0.0008 72 tesla_cybertruck
Car 1.00 1.00 0 0 1 38 0 0 0 0 -1000.00 -1000.00 -1000.00 -1000.00 1.6244 1.8781 3.8906 -95.9019 1.9589 74.7895 0.4396 -0.0025 -0.0070 73 audi_a2
Car 0.00 1.00 0 0 0 0 0 0 0 0 1485.00 362.74 1510.33 370.43 1.7203 2.2019 5.4994 132.5187 2.4020 -129.7150 -0.3376 -0.0030 0.0063 74 chargercop2020_chargercop2020
Car 1.00 1.00 0 0 0 0 0 0 0 0 -1000.00 -1000.00 -1000.00 -1000.00 1.6320 2.1403 5.2230 -126.5332 1.9527 71.3039 2.6734 -0.0056 -0.0083 75 dodge_charger_police
Car 0.00 0.34 58 55 87 444 0 0 0 6 652.29 367.62 689.65 389.49 1.5140 2.1024 4.9073 44.0247 2.1433 20.0887 0.3837 -0.0012 0.0008 76 mercedesccc_mercedesccc
Car 0.00 1.00 0 0 0 0 0 0 0 0 1563.13 363.17 1581.03 369.70 1.6244 1.8781 3.8906 141.8418 2.4383 -157.7342 1.9724 -0.0017 -0.0003 77 audi_a2
Car 1.00 1.00 0 0 0 0 0 0 0 0 -1000.00 -1000.00 -1000.00 -1000.00 1.6244 1.8781 3.8906 -30.0425 2.2226 -98.6488 -2.7661 -0.0016 -0.0003 78 audi_a2
Car 1.00 1.00 0 0 0 0 0 0 0 0 -1000.00 -1000.00 -1000.00 -1000.00 1.7203 2.2019 5.4994 99.5769 2.4052 -201.3466 -0.2461 -0.0005 0.0014 79 chargercop2020_chargercop2020
Car 1.00 1.00 0 0 0 0 0 0 0 0 -1000.00 -1000.00 -1000.00 -1000.00 2.1397 2.1728 4.7045 -149.2719 2.2133 -193.7144 -1.1633 -0.0019 0.0009 80 volkswagen_t2
Car 0.00 1.00 0 0 0 0 0 0 0 0 1630.40 364.32 1656.49 369.93 1.3660 1.9896 4.9534 139.0449 2.4513 -172.4054 -1.3801 -0.0034 0.0016 81 mustang_mustang
Car 0.00 1.00 0 0 0 0 0 0 0 0 1380.29 364.05 1439.29 378.39 1.7203 2.2019 5.4994 72.4873 2.2680 -60.1137 0.4216 -0.0013 0.0015 82 chargercop2020_chargercop2020
Car 1.00 1.00 0 0 0 0 0 0 0 0 -1000.00 -1000.00 -1000.00 -1000.00 1.6244 1.8781 3.8906 37.5668 2.4896 -278.7907 -2.7446 -0.0008 -0.0003 83 audi_a2
Car 0.00 1.00 0 0 0 0 0 0 0 0 885.91 363.97 916.58 375.98 1.6244 1.8781 3.8906 78.4807 2.1881 5.9744 1.9589 -0.0017 -0.0003 84 audi_a2
Car 0.00 1.00 0 0 0 0 0 0 0 0 1234.28 362.97 1243.66 367.01 1.3660 1.9896 4.9534 193.6853 2.4078 -99.1833 2.8709 -0.0007 0.0022 85 mustang_mustang
Car 0.00 1.00 0 0 0 0 0 0 0 0 592.37 326.68 609.42 333.12 1.6244 1.8781 3.8906 157.9244 -7.6980 99.3835 2.0536 0.0001 0.0023 86 audi_a2
Car 1.00 1.00 0 0 0 0 0 0 0 0 -1000.00 -1000.00 -1000.00 -1000.00 1.9718 2.0005 4.0595 -26.0643 2.3570 -202.3997 0.4110 -0.0016 0.0008 87 jeep_wrangler_rubicon
Car 1.00 1.00 0 0 0 0 0 0 0 0 -1000.00 -1000.00 -1000.00 -1000.00 1.9718 2.0005 4.0595 -3.7806 -6.1701 131.3417 -2.7367 0.0093 0.0012 88 jeep_wrangler_rubicon
Car 1.00 1.00 0 0 0 0 0 0 0 0 -1000.00 -1000.00 -1000.00 -1000.00 1.3660 1.9896 4.9534 46.5752 -6.6424 132.3313 0.3266 -0.0137 0.0003 89 mustang_mustang
Motorcycle 1.00 1.00 82 93 144 6762 0 15 12 0 -1000.00 -1000.00 -1000.00 -1000.00 1.6649 1.0692 2.4735 -19.7436 2.0289 15.3184 -1.1773 0.0018 0.0008 90 harley_davidson_low_rider
Car 1.00 1.00 0 0 0 0 0 0 0 0 -1000.00 -1000.00 -1000.00 -1000.00 1.5475 1.9070 4.4025 7.3946 2.5020 -303.0485 1.6540 -0.0011 0.0009 91 seat_leon
Motorcycle 0.00 1.00 0 0 0 0 0 0 0 0 791.17 362.17 801.90 369.22 1.6387 1.2138 2.3199 131.2899 2.1530 36.1787 1.9450 -0.0013 0.0008 92 yamaha_yzf
Cyclist 1.00 1.00 0 0 0 0 0 0 0 0 -1000.00 -1000.00 -1000.00 -1000.00 1.9311 0.5921 1.9272 -156.8447 1.9356 2.9592 -2.6128 -0.0072 0.0006 93 gazelle_omafiets
Car 1.00 1.00 0 0 0 0 0 0 0 0 -1000.00 -1000.00 -1000.00 -1000.00 1.5140 2.1024 4.9073 -113.1633 2.1949 -133.1691 -2.7331 -0.0012 0.0008 94 mercedesccc_mercedesccc
Car 1.00 1.00 0 2 2 0 0 0 0 0 -1000.00 -1000.00 -1000.00 -1000.00 1.4546 2.0938 4.3903 68.5015 2.3462 -171.3326 2.0631 -0.0012 0.0008 95 audi_tt
Car 1.00 1.00 8 10 22 126 0 1 0 0 -1000.00 -1000.00 -1000.00 -1000.00 2.1397 2.1728 4.7045 -74.0689 2.1333 -42.5543 1.9649 -0.0012 0.0008 96 volkswagen_t2
Car 1.00 1.00 0 0 0 0 0 0 0 0 -1000.00 -1000.00 -1000.00 -1000.00 1.5140 2.1024 4.9073 -92.1773 2.0610 -6.7823 -1.1826 -0.0018 0.0008 97 mercedesccc_mercedesccc
Car 0.00 1.00 0 0 0 0 0 0 0 0 883.23 362.04 898.55 365.88 1.4812 2.1349 5.6254 219.3376 2.2932 24.9794 -1.1864 -0.0012 0.0008 98 chevrolet_impala
Car 0.00 0.98 0 0 0 30 0 0 0 0 572.10 362.41 597.00 370.44 1.5765 1.9374 3.8150 112.5349 2.0694 73.2535 -1.1956 -0.0010 0.0008 99 nissan_micra
Motorcycle 0.00 1.00 0 0 0 3 0 0 0 0 828.91 364.31 847.40 377.01 1.5853 1.1236 2.1350 71.6308 2.1401 13.2827 1.9597 -0.0013 0.0008 100 kawasaki_ninja
Car 1.00 1.00 0 0 0 0 0 0 0 0 -1000.00 -1000.00 -1000.00 -1000.00 1.9476 2.0282 4.8347 -6.0200 2.3733 -215.1488 1.9190 -0.0016 0.0008 101 nissan_patrol
Car 1.00 1.00 0 0 0 0 0 0 0 0 -1000.00 -1000.00 -1000.00 -1000.00 2.1397 2.1728 4.7045 -106.2294 1.9996 46.1822 1.9570 -0.0016 0.0008 102 volkswagen_t2
Car 1.00 1.00 0 0 0 0 0 0 0 0 -1000.00 -1000.00 -1000.00 -1000.00 1.3660 1.9896 4.9534 -94.1933 2.0645 -11.3102 -1.1930 -0.0012 0.0008 103 mustang_mustang
Car 1.00 1.00 0 0 0 0 0 0 0 0 -1000.00 -1000.00 -1000.00 -1000.00 1.5627 2.2716 5.0314 28.3392 2.0026 84.6919 -3.0515 -0.0012 0.0035 104 tesla_model3
Car 0.00 1.00 0 0 0 0 0 0 0 0 1168.43 363.76 1200.51 372.53 1.5542 2.3421 5.1370 104.1854 2.2708 -43.9703 -2.5835 -0.0012 0.0008 105 lincoln2020_mkz2020
Car 0.00 1.00 0 0 0 0 0 0 0 0 1516.83 363.78 1548.46 371.22 1.5627 2.2716 5.0314 120.5764 2.3889 -125.7270 -1.4120 -0.0011 0.0009 106 tesla_model3
Car 1.00 1.00 0 0 0 0 0 0 0 0 -1000.00 -1000.00 -1000.00 -1000.00 1.5765 1.9374 3.8150 -58.9240 2.1957 -105.7517 -2.0369 -0.0010 -0.0041 107 nissan_micra
Cyclist 1.00 1.00 0 0 0 0 0 0 0 0 -1000.00 -1000.00 -1000.00 -1000.00 1.9311 0.5921 1.9272 -43.2467 2.1986 -104.0243 -2.7426 -0.0034 0.0006 108 gazelle_omafiets
Cyclist 0.00 1.00 0 0 0 0 0 0 0 0 1026.61 334.86 1031.80 340.06 1.9311 0.5921 1.9272 213.6004 -7.6759 -28.7772 1.9728 -0.0047 0.0008 109 gazelle_omafiets
Car 1.00 1.00 29 23 43 191 9 0 0 0 -1000.00 -1000.00 -1000.00 -1000.00 1.4546 2.0938 4.3903 17.6636 2.1839 -67.6581 -1.1685 0.0024 0.0013 110 audi_tt
Car 1.00 1.00 0 0 0 0 0 0 0 0 -1000.00 -1000.00 -1000.00 -1000.00 1.9476 2.0282 4.8347 -37.9549 2.2106 -101.8492 -2.7489 -0.0028 0.0008 111 nissan_patrol
Car 1.00 1.00 0 0 0 0 0 0 0 0 -1000.00 -1000.00 -1000.00 -1000.00 1.4546 2.0938 4.3903 32.1341 2.2210 -92.6037 1.9548 -0.0012 0.0008 112 audi_tt
Car 0.00 1.00 0 0 0 0 0 0 0 0 1282.65 361.76 1298.27 366.72 1.7506 2.3538 4.8416 199.4145 2.3852 -120.5136 1.9553 -0.0012 0.0008 113 bmw_grandtourer
Car 1.00 1.00 0 2 5 20 0 0 0 0 -1000.00 -1000.00 -1000.00 -1000.00 1.9718 2.0005 4.0595 47.3069 2.2981 -147.4844 -1.1641 -0.0044 0.0007 114 jeep_wrangler_rubicon
Motorcycle 0.00 1.00 0 0 0 0 0 0 0 0 877.43 362.13 887.83 368.83 1.6387 1.2138 2.3199 139.1067 2.1828 17.0439 1.9583 -0.0101 0.0009 115 yamaha_yzf
Car 0.00 1.00 0 0 0 0 0 0 0 0 1652.00 363.30 1699.60 372.31 1.7203 2.2019 5.4994 112.4695 2.4050 -146.0632 0.4305 -0.0013 0.0015 116 chargercop2020_chargercop2020
Car 0.00 1.00 0 0 0 0 0 0 0 0 1100.82 362.72 1120.89 371.04 1.6980 1.9434 4.1871 117.7412 2.2805 -33.9759 -2.7600 -0.0012 0.0008 117 citroen_c3
Car 1.00 1.00 0 0 0 0 0 0 0 0 -1000.00 -1000.00 -1000.00 -1000.00 1.5542 2.3421 5.1370 -171.9934 2.2728 -238.8704 1.9588 -0.0026 -0.0009 118 lincoln2020_mkz2020
Car 0.00 1.00 0 0 0 0 0 0 0 0 1184.93 357.72 1227.02 375.29 2.5908 2.7453 5.4640 86.1361 2.2687 -40.0024 -1.2491 0.0080 0.0005 119 carlamotors_carlacola
Car 0.00 1.00 0 0 0 0 0 0 0 0 948.43 364.32 979.07 376.02 1.5765 1.9374 3.8150 78.2318 2.1875 -2.7560 1.9542 -0.0012 0.0008 120 nissan_micra
Car 1.00 1.00 0 0 0 0 0 0 0 0 -1000.00 -1000.00 -1000.00 -1000.00 1.4477 1.5550 2.3177 49.4959 2.2853 -270.3061 -2.7569 0.0369 0.0006 121 bmw_isetta
Car 0.00 0.34 0 9 8 48 0 0 0 1 708.80 361.86 722.64 369.06 1.7173 2.2591 5.2781 137.8392 2.1936 58.0822 0.5836 -0.0092 -0.0034 122 mercedes_benz_coupe
Car 1.00 1.00 24 26 45 175 0 12 0 0 -1000.00 -1000.00 -1000.00 -1000.00 1.7173 2.2591 5.2781 -71.5828 2.1056 -15.5285 -2.7524 -0.0083 0.0006 123 mercedes_benz_coupe
Car 0.00 1.00 0 0 0 0 0 0 0 0 977.79 361.75 987.82 365.49 1.5765 1.9374 3.8150 237.8422 2.3341 -11.9788 1.9697 -0.0043 0.0007 124 nissan_micra
Car 0.11 1.00 0 0 0 0 0 0 0 0 0.00 365.59 116.51 386.37 1.6115 2.2019 5.2564 46.7384 2.0844 72.4422 2.0007 -0.0034 0.0012 125 charger2020_charger2020
Car 0.00 0.41 0 3 5 34 0 0 0 2 700.28 360.74 708.87 367.61 1.9476 2.0282 4.8347 161.8183 2.1695 71.8375 0.3833 -0.0019 0.0008 126 nissan_patrol
Car 1.00 1.00 0 0 0 0 0 0 0 0 -1000.00 -1000.00 -1000.00 -1000.00 1.5140 2.1024 4.9073 8.6012 -6.2131 117.1510 0.3883 -0.0085 0.0008 127 mercedesccc_mercedesccc
Car 1.00 1.00 0 0 0 0 0 0 0 0 -1000.00 -1000.00 -1000.00 -1000.00 1.7173 2.2591 5.2781 10.7467 2.4799 -269.3060 -1.2111 -0.0080 0.0006 128 mercedes_benz_coupe
Car 1.00 1.00 0 0 0 0 0 0 0 0 -1000.00 -1000.00 -1000.00 -1000.00 1.4812 2.1349 5.6254 60.9707 2.3702 -158.6689 -0.4754 -0.0020 0.0069 129 chevrolet_impala
Car 1.00 1.00 0 0 0 2 0 0 0 0 -1000.00 -1000.00 -1000.00 -1000.00 2.1397 2.1728 4.7045 -140.9931 1.9539 59.7755 0.3954 -0.0012 0.0008 130 volkswagen_t2
Car 0.00 1.00 0 0 0 0 0 0 0 0 1014.46 362.11 1025.61 367.36 1.6244 1.8781 3.8906 176.5705 2.3016 -21.2404 0.3902 0.0019 -0.0003 131 audi_a2
Car 1.00 1.00 25 38 56 206 0 12 0 0 -1000.00 -1000.00 -1000.00 -1000.00 1.9476 2.0282 4.8347 -75.0329 2.0840 -21.3007 -2.5780 -0.0075 0.0105 132 nissan_patrol
Car 1.00 1.00 15 19 35 124 1 0 0 0 -1000.00 -1000.00 -1000.00 -1000.00 1.9476 2.0282 4.8347 17.6491 2.2074 -82.7373 0.3917 -0.0021 0.0007 133 nissan_patrol
Car 0.00 1.00 0 0 0 0 0 0 0 0 538.68 324.10 561.00 332.24 1.9476 2.0282 4.8347 151.7485 -7.6644 109.2481 2.1865 0.0041 0.0047 134 nissan_patrol
Car 1.00 1.00 37 37 72 274 0 12 0 0 -1000.00 -1000.00 -1000.00 -1000.00 1.7506 2.3538 4.8416 -63.4578 2.0940 -16.1506 -2.7587 -0.0012 0.0008 135 bmw_grandtourer
Car 1.00 1.00 0 0 0 0 0 0 0 0 -1000.00 -1000.00 -1000.00 -1000.00 1.9476 2.0282 4.8347 36.6844 2.2200 -103.8232 1.9350 -0.0015 0.0008 136 nissan_patrol
Car 0.46 0.00 545 623 1011 33599 0 0 101 75 0.00 383.00 233.00 485.00 1.7203 2.2019 5.4994 11.3278 2.1270 14.3617 -2.7388 -0.0012 0.0015 137 chargercop2020_chargercop2020
Car 1.00 1.00 71 85 141 693 18 0 0 0 -1000.00 -1000.00 -1000.00 -1000.00 2.5908 2.7453 5.4640 27.9229 2.2432 -77.9702 -2.1824 -0.0015 0.0008 138 carlamotors_carlacola
Car 0.00 1.00 0 0 0 0 0 0 0 0 956.18 361.78 969.69 365.66 1.5863 2.2347 5.1468 231.0607 2.3312 -3.4563 -1.1962 -0.0014 0.0008 139 lincoln_mkz2017
Car 0.00 1.00 0 4 4 18 0 0 0 0 678.90 360.80 688.92 368.98 1.9718 2.0005 4.0595 137.2352 2.1723 65.5860 -2.7293 -0.0016 0.0008 140 jeep_wrangler_rubicon
Car 0.00 1.00 0 0 0 0 0 0 0 0 1234.12 362.22 1249.94 367.13 1.6011 2.1072 4.7392 185.0697 2.3448 -95.8846 1.9637 -0.0004 0.0008 141 toyota_prius
Car 0.00 1.00 0 0 0 0 0 0 0 0 1193.22 361.82 1208.59 366.40 1.7318 2.1344 5.0985 215.0035 2.4414 -95.2232 -2.5572 0.0037 0.0005 142 audi_etron
Car 1.00 1.00 0 0 0 0 0 0 0 0 -1000.00 -1000.00 -1000.00 -1000.00 2.2031 2.5091 6.5872 -23.0943 2.3446 -179.9705 -1.2187 -0.0029 0.0009 143 tesla_cybertruck
Car 0.00 1.00 0 0 0 0 0 0 0 0 1587.24 363.05 1607.74 369.08 1.5765 1.9374 3.8150 152.0984 2.4305 -175.9448 -0.2989 -0.0029 0.0051 144 nissan_micra
Car 1.00 1.00 0 0 0 0 0 0 0 0 -1000.00 -1000.00 -1000.00 -1000.00 1.4546 2.0938 4.3903 36.0733 2.2248 -93.0478 1.9630 -0.0012 0.0008 145 audi_tt
Car 1.00 1.00 0 0 0 0 0 0 0 0 -1000.00 -1000.00 -1000.00 -1000.00 1.4812 2.1349 5.6254 9.0053 2.4766 -274.6595 -1.2316 -0.0014 0.0008 146 chevrolet_impala
Car 0.00 1.00 0 0 0 0 0 0 0 0 956.45 329.72 977.74 337.06 2.2031 2.5091 6.5872 184.5193 -7.6924 -4.5903 -1.1916 -0.0005 0.0009 147 tesla_cybertruck
Car 1.00 1.00 0 0 0 0 0 0 0 0 -1000.00 -1000.00 -1000.00 -1000.00 1.9718 2.0005 4.0595 -48.5554 2.2178 -102.5509 -2.7175 -0.0008 0.0009 148 jeep_wrangler_rubicon
Car 1.00 1.00 0 0 0 0 0 0 0 0 -1000.00 -1000.00 -1000.00 -1000.00 1.3660 1.9896 4.9534 -21.3306 2.3456 -194.3252 -1.2073 -0.0009 0.0008 149 mustang_mustang
Car 1.00 1.00 0 0 0 0 0 0 0 0 -1000.00 -1000.00 -1000.00 -1000.00 1.3660 1.9896 4.9534 70.5293 2.3514 -180.7461 2.3244 -0.0012 0.0008 150 mustang_mustang
Car 1.00 1.00 1 0 3 23 0 1 0 0 -1000.00 -1000.00 -1000.00 -1000.00 2.5908 2.7453 5.4640 -98.1437 2.0649 17.2777 1.9599 -0.0168 0.0008 151 carlamotors_carlacola
Car 0.00 1.00 0 0 0 0 0 0 0 0 953.26 362.41 975.65 368.90 1.5863 2.2347 5.1468 139.9321 2.1990 -3.3546 -1.1901 -0.0012 0.0008 152 lincoln_mkz2017
Car 0.00 1.00 0 0 0 0 0 0 0 0 1610.35 333.34 1633.89 338.97 1.7506 2.3538 4.8416 194.7198 -7.4438 -233.5768 0.4482 -0.0029 0.0026 153 bmw_grandtourer
Cyclist 0.00 1.00 0 0 0 0 0 0 0 0 1292.32 361.63 1301.73 371.78 1.9709 0.6705 1.7250 109.6226 2.2928 -68.2713 1.9501 0.0027 0.0009 154 diamondback_century
Cyclist 1.00 1.00 0 0 0 0 0 0 0 0 -1000.00 -1000.00 -1000.00 -1000.00 1.9311 0.5921 1.9272 -119.7044 2.1767 -140.1862 0.3942 -0.0053 0.0010 155 gazelle_omafiets
Motorcycle 0.00 1.00 0 0 0 0 0 0 0 0 999.96 361.89 1006.70 367.44 1.6960 1.0692 2.4735 172.2858 2.2835 -15.6250 -2.7493 0.0020 0.0015 156 harley_davidson_low_rider
Car 1.00 1.00 0 0 0 0 0 0 0 0 -1000.00 -1000.00 -1000.00 -1000.00 2.1397 2.1728 4.7045 2.9003 2.5171 -307.9623 0.0883 -0.0012 0.0008 157 volkswagen_t2
Car 1.00 1.00 0 0 0 0 0 0 0 0 -1000.00 -1000.00 -1000.00 -1000.00 1.5488 2.0688 3.9961 30.8627 -6.4575 126.1524 0.3876 -0.0113 0.0008 158 mini_cooperst
Cyclist 0.00 1.00 0 0 0 0 0 0 0 0 1322.45 361.47 1329.87 367.71 1.9311 0.5921 1.9272 174.5139 2.3972 -116.8357 0.3919 -0.0053 0.0008 159 gazelle_omafiets
Car 1.00 1.00 0 0 0 0 0 0 0 0 -1000.00 -1000.00 -1000.00 -1000.00 1.4812 2.1349 5.6254 36.9987 2.3698 -165.6038 -2.7094 -0.0030 -0.0037 160 chevrolet_impala
Car 1.00 1.00 0 0 0 0 0 0 0 0 -1000.00 -1000.00 -1000.00 -1000.00 1.7173 2.2591 5.2781 27.2570 -6.5208 147.6603 -2.7509 0.0028 0.0007 161 mercedes_benz_coupe
Car 1.00 1.00 0 0 0 0 0 0 0 0 -1000.00 -1000.00 -1000.00 -1000.00 1.9718 2.0005 4.0595 -109.3837 2.2072 -136.3257 1.9656 -0.0016 0.0008 162 jeep_wrangler_rubicon
Car 1.00 1.00 285 307 519 18473 0 56 51 0 -1000.00 -1000.00 -1000.00 -1000.00 1.7506 2.3538 4.8416 -17.2327 2.0369 18.4740 -1.2000 -0.0035 0.0009 163 bmw_grandtourer
Car 0.00 1.00 0 0 0 0 0 0 0 0 760.84 362.24 785.56 369.35 1.6115 2.2019 5.2564 129.3036 2.1363 40.9919 1.9774 -0.0013 0.0015 164 charger2020_charger2020
Car 0.87 0.37 185 205 340 5325 0 0 32 0 0.00 387.00 63.48 450.72 1.6244 1.8781 3.8906 12.0827 2.1179 18.5833 -2.7313 -0.0033 -0.0003 165 audi_a2
Car 1.00 1.00 0 0 0 0 0 0 0 0 -1000.00 -1000.00 -1000.00 -1000.00 1.5475 1.9070 4.4025 -155.0029 2.3389 -281.1692 2.1723 -0.0014 -0.0082 166 seat_leon
Car 0.00 1.00 0 1 0 0 0 0 0 0 480.77 322.27 501.40 329.90 1.5765 1.9374 3.8150 138.3934 -7.6046 113.9816 -0.8403 -0.0095 -0.0149 167 nissan_micra
Car 1.00 1.00 2 0 2 0 0 0 0 0 -1000.00 -1000.00 -1000.00 -1000.00 1.5863 2.2347 5.1468 -96.4823 2.0578 -5.3354 -1.1871 -0.0012 0.0008 168 lincoln_mkz2017
Car 1.00 1.00 0 0 0 0 0 0 0 0 -1000.00 -1000.00 -1000.00 -1000.00 1.7506 2.3538 4.8416 34.3717 2.2195 -98.1812 1.9579 -0.0012 0.0008 169 bmw_grandtourer
Car 0.00 1.00 0 0 0 0 0 0 0 0 856.60 365.31 902.74 377.18 1.4812 2.1349 5.6254 73.5921 2.1907 8.2737 1.9586 -0.0012 0.0008 170 chevrolet_impala
Car 0.00 1.00 0 0 0 0 0 0 0 0 1405.56 363.45 1434.83 369.29 1.4812 2.1349 5.6254 147.7844 2.4122 -124.0279 -2.7613 -0.0012 0.0008 171 chevrolet_impala
Car 0.00 1.00 0 1 1 2 0 0 0 0 680.76 362.20 690.85 368.66 1.6011 2.1072 4.7392 142.5227 2.1709 67.7329 -2.7246 -0.0012 0.0008 172 toyota_prius
Car 0.00 1.00 0 0 0 0 0 0 0 0 1770.58 363.44 1814.33 370.89 1.6115 2.2019 5.2564 126.9405 2.4135 -191.2648 0.4526 -0.0013 0.0014 173 charger2020_charger2020
Car 1.00 1.00 0 0 0 0 0 0 0 0 -1000.00 -1000.00 -1000.00 -1000.00 1.5475 1.9070 4.4025 -27.2739 2.3108 -168.2874 -1.2186 -0.0016 0.0008 174 seat_leon
Car 1.00 1.00 0 0 0 0 0 0 0 0 -1000.00 -1000.00 -1000.00 -1000.00 2.5908 2.7453 5.4640 -38.8529 2.2768 -128.1695 1.9335 -0.0012 0.0008 175 carlamotors_carlacola
Car 0.00 1.00 0 0 0 0 0 0 0 0 1060.68 362.68 1081.66 368.05 1.4812 2.1349 5.6254 159.7579 2.2679 -34.0806 1.9469 0.0050 0.0009 176 chevrolet_impala
Car 1.00 1.00 0 0 0 41 0 0 0 0 -1000.00 -1000.00 -1000.00 -1000.00 1.9718 2.0005 4.0595 -115.7739 1.9428 79.3245 -2.5136 -0.0016 0.0008 177 jeep_wrangler_rubicon
Car 1.00 1.00 0 0 0 0 0 0 0 0 -1000.00 -1000.00 -1000.00 -1000.00 1.6980 1.9434 4.1871 8.4115 2.4637 -263.2903 -1.2107 -0.0002 0.0008 178 citroen_c3
Car 0.00 1.00 0 0 0 0 0 0 0 0 1340.63 365.02 1380.51 376.85 1.5488 2.0688 3.9961 77.8408 2.2659 -57.6940 0.3665 -0.0012 0.0008 179 mini_cooperst
Motorcycle 0.00 1.00 0 0 0 0 0 0 0 0 1271.93 363.04 1286.13 371.98 1.6960 1.0692 2.4735 107.8348 2.2872 -63.7149 1.9532 0.0018 0.0009 180 harley_davidson_low_rider
Car 0.00 1.00 0 0 0 0 0 0 0 0 1232.08 362.69 1240.65 366.77 1.4477 1.5550 2.3177 201.3669 2.4299 -102.1200 -2.7660 -0.0070 0.0008 181 bmw_isetta
Cyclist 0.00 1.00 0 0 0 0 0 0 0 0 1077.86 362.99 1088.81 373.72 1.7065 0.8593 1.4873 90.1260 2.1904 -22.0621 1.9392 -0.0008 0.0018 182 bh_crossbike
Car 1.00 1.00 0 0 0 2 0 0 0 0 -1000.00 -1000.00 -1000.00 -1000.00 1.6011 2.1072 4.7392 -112.9709 1.9336 86.2374 -2.7711 -0.0012 0.0008 183 toyota_prius
Car 1.00 1.00 0 0 0 0 0 0 0 0 -1000.00 -1000.00 -1000.00 -1000.00 1.5488 2.0688 3.9961 -106.5347 2.2251 -152.8106 1.9400 -0.0012 0.0008 184 mini_cooperst
Car 1.00 1.00 0 0 0 0 0 0 0 0 -1000.00 -1000.00 -1000.00 -1000.00 1.6980 1.9434 4.1871 -1.2307 2.4900 -291.3978 -2.6645 -0.0017 -0.0007 185 citroen_c3
Car 0.00 0.95 0 4 8 41 0 0 0 0 661.26 362.35 671.87 369.07 1.5765 1.9374 3.8150 134.3952 2.1492 68.3444 -2.7398 -0.0012 0.0008 186 nissan_micra
Car 0.00 1.00 0 0 0 0 0 0 0 0 1184.34 362.77 1215.06 372.99 1.7506 2.3538 4.8416 99.9554 2.2633 -45.0217 1.9820 0.0053 0.0008 187 bmw_grandtourer
Car 0.00 1.00 0 0 0 0 0 0 0 0 1615.26 363.60 1636.16 370.06 1.5488 2.0688 3.9961 137.5217 2.4466 -166.1675 -1.2192 -0.0012 0.0008 188 mini_cooperst
Car 1.00 1.00 0 0 0 0 0 0 0 0 -1000.00 -1000.00 -1000.00 -1000.00 1.5488 2.0688 3.9961 -16.2352 2.3555 -198.1600 -1.2107 -0.0014 0.0008 189 mini_cooperst
Car 0.00 1.00 0 0 0 0 0 0 0 0 1210.89 362.21 1225.62 366.68 1.6011 2.1072 4.7392 204.4301 2.4209 -96.9874 -2.7599 -0.0011 0.0009 190 toyota_prius
Car 0.90 1.00 0 0 0 0 0 0 0 0 0.00 367.62 7.74 384.67 1.3660 1.9896 4.9534 48.9793 2.0562 83.5232 1.3534 -0.0045 0.0003 191 mustang_mustang
Car 1.00 1.00 0 0 0 0 0 0 0 0 -1000.00 -1000.00 -1000.00 -1000.00 1.9476 2.0282 4.8347 11.3604 2.5004 -308.6391 0.3884 -0.0016 0.0008 192 nissan_patrol
Pedestrian 1.00 1.00 0 0 0 0 0 0 0 0 -1000.00 -1000.00 -1000.00 -1000.00 1.9158 0.4880 0.7507 -11.5114 2.3292 -325.5086 -2.7607 -0.0012 0.0008 193 pedestrian_0019
Pedestrian 1.00 1.00 0 0 0 0 0 0 0 0 -1000.00 -1000.00 -1000.00 -1000.00 1.1330 0.4333 0.4429 -47.3596 1.9869 -78.6715 1.9528 -0.0012 0.0008 194 pedestrian_0010
Pedestrian 0.00 1.00 0 0 0 0 0 0 0 0 1907.28 361.50 1913.70 370.69 1.9158 0.4880 0.6503 117.1743 2.2314 -201.4037 0.4762 -0.0012 0.0008 195 pedestrian_0005
Pedestrian 0.00 1.00 0 0 0 0 0 0 0 0 921.29 360.51 922.57 365.44 1.9158 0.4880 0.4393 216.4727 2.1132 12.5594 1.7573 -0.0012 0.0008 196 pedestrian_0003
Pedestrian 0.00 1.00 0 0 0 0 0 0 0 0 326.11 310.61 331.50 320.86 1.9158 0.4880 0.5631 107.6244 -7.5518 119.1458 -0.4148 -0.0012 0.0008 197 pedestrian_0021
Pedestrian 1.00 1.00 0 0 0 0 0 0 0 0 -1000.00 -1000.00 -1000.00 -1000.00 1.9158 0.4880 0.7507 -268.3172 1.7845 -53.4376 1.7402 -0.0012 0.0008 198 pedestrian_0003
Pedestrian 1.00 1.00 0 0 0 0 0 0 0 0 -1000.00 -1000.00 -1000.00 -1000.00 1.9158 0.4880 0.3958 -60.7065 2.3079 -341.7833 -1.0622 -0.0012 0.0008 199 pedestrian_0004
Pedestrian 1.00 1.00 4 5 7 26 0 1 0 0 -1000.00 -1000.00 -1000.00 -1000.00 1.9158 0.4880 0.3953 -73.1421 1.9002 -12.9737 -0.7093 -0.0012 0.0008 200 pedestrian_0022
Pedestrian 1.00 1.00 0 0 0 0 0 0 0 0 -1000.00 -1000.00 -1000.00 -1000.00 1.3390 0.3253 0.2502 50.0597 2.1907 -175.2857 0.5282 -0.0012 0.0008 201 pedestrian_0014
Pedestrian 0.00 1.00 0 0 0 0 0 0 0 0 1281.62 362.14 1286.83 375.53 1.9158 0.4880 0.4671 80.8115 2.2253 -48.9064 -0.9974 -0.0012 0.0008 202 pedestrian_0022
Pedestrian 1.00 1.00 0 0 0 0 0 0 0 0 -1000.00 -1000.00 -1000.00 -1000.00 1.9158 0.4880 0.3878 -107.4514 2.0037 -121.0465 -2.7201 -0.0012 0.0008 203 pedestrian_0023
Pedestrian 0.00 1.00 0 0 0 0 0 0 0 0 1170.27 362.63 1172.49 367.34 1.3390 0.3253 0.5005 159.2843 2.0916 -62.5916 1.9590 -0.0012 0.0008 204 pedestrian_0012
Pedestrian 1.00 1.00 0 0 0 2 0 0 0 0 -1000.00 -1000.00 -1000.00 -1000.00 1.9158 0.4880 0.3754 -78.4773 1.8961 -12.9489 0.3063 -0.0012 0.0008 205 pedestrian_0019
Pedestrian 1.00 1.00 0 0 0 0 0 0 0 0 -1000.00 -1000.00 -1000.00 -1000.00 1.9158 0.4880 0.7377 -180.0434 1.7668 -5.7444 0.6710 -0.0012 0.0008 206 pedestrian_0005
Pedestrian 0.00 1.00 0 0 0 0 0 0 0 0 779.42 360.41 781.59 365.44 1.9158 0.4880 0.7507 212.5658 2.0735 66.2667 1.9522 -0.0012 0.0008 207 pedestrian_0026
Pedestrian 0.00 1.00 0 0 0 0 0 0 0 0 1398.53 361.19 1404.66 372.68 1.9158 0.4880 0.7507 93.9276 2.1168 -76.2494 1.9390 -0.0012 0.0008 208 pedestrian_0015
Pedestrian 1.00 1.00 0 0 0 0 0 0 0 0 -1000.00 -1000.00 -1000.00 -1000.00 1.3390 0.3253 0.3260 -112.7891 1.7238 98.0330 -2.7578 -0.0012 0.0008 209 pedestrian_0014
Pedestrian 1.00 1.00 0 0 0 0 0 0 0 0 -1000.00 -1000.00 -1000.00 -1000.00 1.9158 0.4880 0.7507 -181.7216 1.7057 71.4221 0.3892 -0.0012 0.0008 210 pedestrian_0016
Pedestrian 1.00 1.00 0 0 0 3 0 0 0 0 -1000.00 -1000.00 -1000.00 -1000.00 1.3390 0.3253 0.5005 37.0375 2.0703 -130.4978 1.9304 -0.0012 0.0008 211 pedestrian_0012
Pedestrian 1.00 1.00 15 21 31 1861 0 4 2 0 -1000.00 -1000.00 -1000.00 -1000.00 1.1330 0.4333 0.6667 -17.0522 2.0061 11.5560 -2.5499 -0.0012 0.0008 212 pedestrian_0009
Pedestrian 0.00 1.00 0 0 0 0 0 0 0 0 1087.57 362.33 1088.73 364.75 1.1330 0.4333 0.4310 261.3648 2.2299 -62.4313 1.0844 -0.0012 0.0008 213 pedestrian_0010
Pedestrian 1.00 1.00 0 0 0 0 0 0 0 0 -1000.00 -1000.00 -1000.00 -1000.00 1.9158 0.4880 0.6318 -248.3144 1.7088 23.4481 1.2909 -0.0012 0.0008 214 pedestrian_0021
Pedestrian 1.00 1.00 0 1 2 10 1 0 0 0 -1000.00 -1000.00 -1000.00 -1000.00 1.9158 0.4880 0.7507 34.5042 2.0693 -124.1468 1.9399 -0.0012 0.0008 215 pedestrian_0018
Pedestrian 1.00 1.00 0 0 0 0 0 0 0 0 -1000.00 -1000.00 -1000.00 -1000.00 1.9158 0.4880 0.4867 -119.1898 2.2499 -335.8861 -0.3933 -0.0012 0.0008 216 pedestrian_0020
Pedestrian 0.00 1.00 0 0 0 0 0 0 0 0 1580.46 361.51 1592.40 378.78 1.9158 0.4880 0.7507 63.0154 2.0860 -72.2891 -2.8397 -0.0012 0.0008 217 pedestrian_0017
Pedestrian 1.00 1.00 0 0 0 0 0 0 0 0 -1000.00 -1000.00 -1000.00 -1000.00 1.9158 0.4880 0.5492 -5.0775 2.2213 -259.8125 0.2264 -0.0012 0.0008 218 pedestrian_0007
Pedestrian 1.00 1.00 1 0 1 3 0 1 0 0 -1000.00 -1000.00 -1000.00 -1000.00 1.1330 0.4333 0.3365 -72.9606 1.8881 -12.3005 0.0655 -0.0012 0.0008 219 pedestrian_0010
Pedestrian 1.00 1.00 17 24 40 297 0 5 0 0 -1000.00 -1000.00 -1000.00 -1000.00 1.9158 0.4880 0.5348 -24.3271 1.9452 -15.6861 -2.6156 -0.0012 0.0008 220 pedestrian_0023
Pedestrian 0.00 1.00 0 0 0 0 0 0 0 0 1870.92 361.46 1875.77 370.35 1.9158 0.4880 0.5180 120.9482 2.2327 -199.8396 0.4965 -0.0012 0.0008 221 pedestrian_0024
Pedestrian 1.00 1.00 0 0 0 0 0 0 0 0 -1000.00 -1000.00 -1000.00 -1000.00 1.1330 0.4333 0.3774 -113.8571 2.1042 -248.3629 -1.0136 -0.0012 0.0008 222 pedestrian_0011
Pedestrian 1.00 1.00 0 0 0 0 0 0 0 0 -1000.00 -1000.00 -1000.00 -1000.00 1.9158 0.4880 0.7507 -258.9324 1.7254 1.7163 -1.9441 -0.0012 0.0008 223 pedestrian_0016
Pedestrian 0.00 1.00 0 0 0 0 0 0 0 0 1094.83 337.49 1096.86 341.99 1.9158 0.4880 0.6909 240.0809 -7.7787 -60.8261 1.9382 -0.0012 0.0008 224 pedestrian_0017
Pedestrian 0.00 1.00 0 0 0 0 0 0 0 0 386.80 313.26 392.71 322.93 1.9158 0.4880 0.7507 114.7293 -7.6350 114.7362 2.5994 -0.0012 0.0008 225 pedestrian_0001
Pedestrian 1.00 1.00 0 0 0 0 0 0 0 0 -1000.00 -1000.00 -1000.00 -1000.00 1.9158 0.4880 0.7507 -39.9979 2.1001 -156.1084 1.8971 -0.0012 0.0008 226 pedestrian_0003
Pedestrian 0.00 1.00 0 0 0 0 0 0 0 0 1764.09 361.33 1770.80 370.11 1.9158 0.4880 0.7507 122.6739 2.2096 -179.4411 0.4090 -0.0012 0.0008 227 pedestrian_0007
Pedestrian 1.00 1.00 0 0 0 0 0 0 0 0 -1000.00 -1000.00 -1000.00 -1000.00 1.1330 0.4333 0.3333 53.6898 2.1714 -175.9024 -2.3934 -0.0012 0.0008 228 pedestrian_0010
Pedestrian 1.00 1.00 1 0 0 0 0 0 0 0 -1000.00 -1000.00 -1000.00 -1000.00 1.1330 0.4333 0.5419 -44.2898 1.9275 -28.4088 -2.0849 -0.0012 0.0008 229 pedestrian_0010
Pedestrian 0.00 1.00 0 0 0 0 0 0 0 0 1304.97 365.15 1308.61 372.79 1.3390 0.3253 0.4428 98.7654 2.2494 -63.3870 0.2215 -0.0012 0.0008 230 pedestrian_0013
Pedestrian 1.00 1.00 0 0 0 0 0 0 0 0 -1000.00 -1000.00 -1000.00 -1000.00 1.3390 0.3253 0.4411 49.8731 1.9569 99.5673 2.1366 -0.0012 0.0008 231 pedestrian_0013
Pedestrian 1.00 1.00 0 0 0 0 0 0 0 0 -1000.00 -1000.00 -1000.00 -1000.00 1.9158 0.4880 0.7507 42.7045 2.0779 -79.6991 0.2845 -0.0012 0.0008 232 pedestrian_0020
Pedestrian 0.00 1.00 0 0 0 0 0 0 0 0 978.16 360.41 981.14 367.27 1.9158 0.4880 0.7312 156.2513 2.0318 -7.7411 -1.3429 -0.0012 0.0008 233 pedestrian_0021
Pedestrian 1.00 1.00 0 0 0 0 0 0 0 0 -1000.00 -1000.00 -1000.00 -1000.00 1.1330 0.4333 0.4151 -113.7693 2.1369 -121.0694 -0.0035 -0.0012 0.0008 234 pedestrian_0009
Pedestrian 0.00 1.00 0 0 0 0 0 0 0 0 968.18 360.59 970.18 366.58 1.9158 0.4880 0.5026 178.5291 2.1042 -5.1798 -2.7810 -0.0012 0.0008 235 pedestrian_0006
Pedestrian 1.00 1.00 0 0 0 0 0 0 0 0 -1000.00 -1000.00 -1000.00 -1000.00 1.1330 0.4333 0.5656 -141.3887 1.9708 -138.7352 0.2989 -0.0012 0.0008 236 pedestrian_0009
Pedestrian 1.00 1.00 0 0 0 0 0 0 0 0 -1000.00 -1000.00 -1000.00 -1000.00 1.9158 0.4880 0.4801 41.2392 2.1959 -178.9443 0.2453 -0.0012 0.0008 237 pedestrian_0026
Pedestrian 1.00 1.00 0 0 0 4 0 0 0 0 -1000.00 -1000.00 -1000.00 -1000.00 1.9158 0.4880 0.4000 -104.6350 1.8532 3.9983 0.8548 -0.0012 0.0008 238 pedestrian_0021
Pedestrian 1.00 1.00 0 0 0 0 0 0 0 0 -1000.00 -1000.00 -1000.00 -1000.00 1.3390 0.3253 0.5005 -50.5838 1.9323 -42.4529 2.3632 -0.0012 0.0008 239 pedestrian_0012
Pedestrian 1.00 1.00 0 0 0 0 0 0 0 0 -1000.00 -1000.00 -1000.00 -1000.00 1.9158 0.4880 0.7507 -190.5074 2.1019 -260.6974 -1.1427 -0.0012 0.0008 240 pedestrian_0020
Pedestrian 0.00 1.00 0 0 0 0 0 0 0 0 1775.62 331.21 1779.95 335.05 1.1330 0.4333 0.6667 170.3454 -7.6404 -252.0505 -2.7536 -0.0012 0.0008 241 pedestrian_0011
Pedestrian 1.00 1.00 0 0 0 0 0 0 0 0 -1000.00 -1000.00 -1000.00 -1000.00 1.9158 0.4880 0.7507 -136.3639 1.9994 -153.7446 0.3717 -0.0012 0.0008 242 pedestrian_0002
Pedestrian 1.00 1.00 0 1 2 18 0 0 0 0 -1000.00 -1000.00 -1000.00 -1000.00 1.3390 0.3253 0.3593 21.6233 2.1486 -68.5029 -2.4846 -0.0012 0.0008 243 pedestrian_0014
Pedestrian 1.00 1.00 0 0 0 0 0 0 0 0 -1000.00 -1000.00 -1000.00 -1000.00 1.9158 0.4880 0.5255 -119.3804 2.0232 -147.7306 -2.9830 -0.0012 0.0008 244 pedestrian_0006
Pedestrian 0.00 1.00 0 0 0 0 0 0 0 0 1426.17 337.87 1427.92 342.37 1.9158 0.4880 0.5738 240.1012 -7.6155 -203.6900 -2.2735 -0.0012 0.0008 245 pedestrian_0020
Pedestrian 0.00 1.00 0 0 0 2 0 0 0 0 649.44 360.24 652.09 368.11 1.9158 0.4880 0.4793 136.2841 1.9749 73.2196 -2.8047 -0.0012 0.0008 246 pedestrian_0022
Pedestrian 0.00 1.00 0 0 0 0 0 0 0 0 1195.75 361.70 1200.04 371.57 1.9158 0.4880 0.5912 109.0357 2.2487 -48.5941 1.7809 -0.0012 0.0008 247 pedestrian_0002
Pedestrian 0.00 1.00 0 0 0 0 0 0 0 0 244.47 360.10 265.58 388.50 1.9158 0.4880 0.7483 38.8220 1.9237 45.8175 2.0192 -0.0012 0.0008 248 pedestrian_0022
Pedestrian 1.00 1.00 0 0 0 3 0 0 0 0 -1000.00 -1000.00 -1000.00 -1000.00 1.9158 0.4880 0.3754 -95.9352 1.8847 -16.1180 -0.8407 -0.0012 0.0008 249 pedestrian_0006
Pedestrian 1.00 1.00 0 0 0 0 0 0 0 0 -1000.00 -1000.00 -1000.00 -1000.00 1.9158 0.4880 0.4821 63.2877 2.3198 -168.8484 -2.7480 -0.0012 0.0008 250 pedestrian_0019
Pedestrian 1.00 1.00 0 0 0 0 0 0 0 0 -1000.00 -1000.00 -1000.00 -1000.00 1.9158 0.4880 0.7507 -153.1040 1.7696 12.2673 0.4446 -0.0012 0.0008 251 pedestrian_0018
Pedestrian 1.00 1.00 0 0 0 0 0 0 0 0 -1000.00 -1000.00 -1000.00 -1000.00 1.9158 0.4880 0.7507 -268.3521 1.7730 -43.8433 -1.6206 -0.0012 0.0008 252 pedestrian_0007
Pedestrian 0.00 0.53 2 4 6 213 0 0 1 0 588.05 360.24 592.91 373.10 1.9158 0.4880 0.6562 84.0717 1.9530 53.1193 0.3972 -0.0012 0.0008 253 pedestrian_0008
Pedestrian 1.00 1.00 0 0 0 0 0 0 0 0 -1000.00 -1000.00 -1000.00 -1000.00 1.9158 0.4880 0.5189 -243.8823 1.8952 -128.4134 -1.1832 -0.0012 0.0008 254 pedestrian_0022
Pedestrian 1.00 1.00 0 0 0 0 0 0 0 0 -1000.00 -1000.00 -1000.00 -1000.00 1.9158 0.4880 0.5808 -113.1916 1.7301 99.0819 -2.7653 -0.0012 0.0008 255 pedestrian_0024
Pedestrian 0.00 1.00 0 0 0 0 0 0 0 0 1014.66 367.60 1021.12 377.71 1.1330 0.4333 0.5854 63.8938 1.9991 -8.8045 2.0263 -0.0012 0.0008 256 pedestrian_0011
Pedestrian 0.00 1.00 0 0 0 0 0 0 0 0 1610.10 362.10 1615.88 370.92 1.9158 0.4880 0.7485 121.8431 2.3749 -144.5659 1.7090 -0.0012 0.0008 257 pedestrian_0006
Pedestrian 0.00 1.00 0 0 0 0 0 0 0 0 1287.79 360.80 1289.88 366.04 1.9158 0.4880 0.4407 204.0174 2.2103 -122.6661 1.9204 -0.0012 0.0008 258 pedestrian_0005
Pedestrian 1.00 1.00 0 0 0 4 0 0 0 0 -1000.00 -1000.00 -1000.00 -1000.00 1.9158 0.4880 0.3887 50.5313 2.3425 -167.6069 -1.1569 -0.0012 0.0008 259 pedestrian_0003
Pedestrian 1.00 1.00 0 0 0 0 0 0 0 0 -1000.00 -1000.00 -1000.00 -1000.00 1.9158 0.4880 0.7384 41.9261 -6.7174 121.6172 -2.7916 -0.0012 0.0008 260 pedestrian_0001
Pedestrian 1.00 1.00 0 0 0 6 0 0 0 0 -1000.00 -1000.00 -1000.00 -1000.00 1.3390 0.3253 0.5005 56.4594 2.0859 -129.4328 -1.1685 -0.0012 0.0008 261 pedestrian_0014
Pedestrian 1.00 1.00 0 0 0 0 0 0 0 0 -1000.00 -1000.00 -1000.00 -1000.00 1.9158 0.4880 0.7507 -102.8893 2.0300 -141.7696 0.4155 -0.0012 0.0008 262 pedestrian_0020
Pedestrian 1.00 1.00 0 0 0 0 0 0 0 0 -1000.00 -1000.00 -1000.00 -1000.00 1.9158 0.4880 0.6221 -154.8683 2.1276 -162.5834 0.5347 -0.0012 0.0008 263 pedestrian_0025
Pedestrian 1.00 1.00 17 21 34 182 0 2 0 0 -1000.00 -1000.00 -1000.00 -1000.00 1.9158 0.4880 0.7507 -29.3739 1.9146 5.6576 -2.7479 -0.0012 0.0008 264 pedestrian_0026
Pedestrian 1.00 1.00 0 0 0 0 0 0 0 0 -1000.00 -1000.00 -1000.00 -1000.00 1.9158 0.4880 0.5394 -101.6939 2.2718 -341.0564 -0.1615 -0.0012 0.0008 265 pedestrian_0025
Pedestrian 1.00 1.00 0 0 0 0 0 0 0 0 -1000.00 -1000.00 -1000.00 -1000.00 1.3390 0.3253 0.2502 53.3599 2.1931 -175.1195 2.5552 -0.0012 0.0008 266 pedestrian_0013
Pedestrian 0.00 1.00 0 0 0 0 0 0 0 0 1484.91 361.23 1488.20 368.57 1.9158 0.4880 0.3885 145.9561 2.2372 -139.9185 3.0014 -0.0012 0.0008 267 pedestrian_0015
Pedestrian 0.00 1.00 0 0 0 0 0 0 0 0 1281.01 360.96 1283.35 367.17 1.9158 0.4880 0.3913 172.3070 2.2131 -101.7968 0.0481 -0.0012 0.0008 268 pedestrian_0021
Pedestrian 1.00 1.00 0 0 0 0 0 0 0 0 -1000.00 -1000.00 -1000.00 -1000.00 1.1330 0.4333 0.4221 -170.6552 1.7015 74.7182 -2.7544 -0.0012 0.0008 269 pedestrian_0010
Pedestrian 0.00 0.04 9 6 12 109 0 0 0 4 755.32 360.70 763.96 387.50 1.9158 0.4880 0.4695 40.9466 1.9672 12.1865 0.1131 -0.0012 0.0008 270 pedestrian_0023
Pedestrian 1.00 1.00 0 0 0 0 0 0 0 0 -1000.00 -1000.00 -1000.00 -1000.00 1.3390 0.3253 0.4158 -197.8573 1.8425 -90.5613 -0.7778 -0.0012 0.0008 271 pedestrian_0013
Pedestrian 1.00 1.00 0 0 0 0 0 0 0 0 -1000.00 -1000.00 -1000.00 -1000.00 1.9158 0.4880 0.5933 0.8361 2.3345 -321.4708 -2.8276 -0.0012 0.0008 272 pedestrian_0016
Pedestrian 1.00 1.00 0 0 0 0 0 0 0 0 -1000.00 -1000.00 -1000.00 -1000.00 1.3390 0.3253 0.5005 -19.1563 2.1801 -216.3536 1.9794 -0.0012 0.0008 273 pedestrian_0014
Pedestrian 0.00 1.00 0 0 0 0 0 0 0 0 1896.08 361.49 1902.49 370.57 1.9158 0.4880 0.6205 118.4093 2.2320 -201.1481 0.3822 -0.0012 0.0008 274 pedestrian_0019
Pedestrian 1.00 1.00 0 0 0 0 0 0 0 0 -1000.00 -1000.00 -1000.00 -1000.00 1.3390 0.3253 0.3007 -159.5377 1.9430 -145.4158 2.3192 -0.0012 0.0008 275 pedestrian_0013
Pedestrian 1.00 1.00 0 0 0 0 0 0 0 0 -1000.00 -1000.00 -1000.00 -1000.00 1.9158 0.4880 0.4390 -22.4681 2.1816 -207.1719 2.0871 -0.0012 0.0008 276 pedestrian_0023
Pedestrian 0.00 0.00 301 311 521 8683 0 0 0 52 1449.13 482.45 1548.26 692.55 1.1330 0.4333 0.3333 4.3925 1.8909 -5.5019 2.3333 -0.0012 0.0008 277 pedestrian_0011
Pedestrian 1.00 1.00 0 0 0 0 0 0 0 0 -1000.00 -1000.00 -1000.00 -1000.00 1.3390 0.3253 0.2566 33.5939 2.1694 -88.3595 -2.8364 -0.0012 0.0008 278 pedestrian_0012
Pedestrian 0.00 1.00 0 0 0 0 0 0 0 0 1434.34 334.66 1436.47 339.79 1.9158 0.4880 0.5488 211.0206 -7.6681 -182.3492 0.9916 -0.0012 0.0008 279 pedestrian_0015
Pedestrian 0.00 1.00 0 0 0 0 0 0 0 0 1574.53 362.10 1579.72 371.39 1.9158 0.4880 0.6868 115.8928 2.3525 -130.1249 -1.2401 -0.0012 0.0008 280 pedestrian_0017
Pedestrian 0.00 1.00 0 0 0 0 0 0 0 0 770.63 330.84 773.04 336.59 1.9158 0.4880 0.7507 189.0141 -7.9554 61.5769 -1.1941 -0.0012 0.0008 281 pedestrian_0005
Pedestrian 0.00 1.00 0 0 0 0 0 0 0 0 1632.96 364.96 1635.44 369.40 1.1330 0.4333 0.3553 143.0717 2.4053 -175.0153 -2.3364 -0.0012 0.0008 282 pedestrian_0009
Pedestrian 1.00 1.00 0 0 0 0 0 0 0 0 -1000.00 -1000.00 -1000.00 -1000.00 1.1330 0.4333 0.6667 -198.5503 1.8375 -90.1974 1.6903 -0.0012 0.0008 283 pedestrian_0009
Pedestrian 0.00 1.00 0 0 0 0 0 0 0 0 993.92 362.73 995.48 365.86 1.1330 0.4333 0.4160 201.9654 2.1225 -14.8190 -2.7764 -0.0012 0.0008 284 pedestrian_0009
Pedestrian 0.00 0.35 11 8 14 567 0 0 1 1 99.17 363.46 138.26 416.14 1.9158 0.4880 0.7507 20.4915 1.9306 27.2520 0.2337 -0.0012 0.0008 285 pedestrian_0024
Pedestrian 1.00 1.00 0 0 0 3 0 0 0 0 -1000.00 -1000.00 -1000.00 -1000.00 1.9158 0.4880 0.4561 46.9834 2.1979 -176.9648 -2.7393 -0.0012 0.0008 286 pedestrian_0023
Pedestrian 1.00 1.00 0 0 0 0 0 0 0 0 -1000.00 -1000.00 -1000.00 -1000.00 1.9158 0.4880 0.6423 -105.1753 1.8527 3.4776 -1.2037 -0.0012 0.0008 287 pedestrian_0015
Pedestrian 0.00 1.00 0 0 0 0 0 0 0 0 1897.29 319.90 1904.00 328.15 1.9158 0.4880 0.7507 133.6294 -7.6449 -227.2660 0.3889 -0.0012 0.0008 288 pedestrian_0025
Pedestrian 0.00 1.00 0 0 0 0 0 0 0 0 292.96 321.61 296.88 326.75 1.1330 0.4333 0.4903 127.5947 -7.6107 149.6267 2.6583 -0.0012 0.0008 289 pedestrian_0009
Pedestrian 0.00 1.00 0 0 0 0 0 0 0 0 1166.78 360.80 1169.08 365.62 1.9158 0.4880 0.7507 221.9271 2.2368 -85.1049 0.3308 -0.0012 0.0008 290 pedestrian_0019
Pedestrian 1.00 1.00 0 0 0 3 0 0 0 0 -1000.00 -1000.00 -1000.00 -1000.00 1.9158 0.4880 0.5858 -104.8763 1.8550 2.1326 -1.2409 -0.0012 0.0008 291 pedestrian_0007
Pedestrian 1.00 1.00 0 0 0 0 0 0 0 0 -1000.00 -1000.00 -1000.00 -1000.00 1.9158 0.4880 0.4401 -253.1611 1.8576 -104.7517 -1.1962 -0.0012 0.0008 292 pedestrian_0021
Pedestrian 1.00 1.00 0 0 0 0 0 0 0 0 -1000.00 -1000.00 -1000.00 -1000.00 1.3390 0.3253 0.3274 -41.1014 2.1740 -98.5490 -1.6356 -0.0012 0.0008 293 pedestrian_0014
Pedestrian 1.00 1.00 0 0 0 0 0 0 0 0 -1000.00 -1000.00 -1000.00 -1000.00 1.9158 0.4880 0.7475 -30.3574 -4.9673 131.5194 0.3920 -0.0012 0.0008 294 pedestrian_0002
Pedestrian 0.00 0.36 7 12 15 540 0 0 0 2 17.78 362.05 63.22 420.53 1.9158 0.4880 0.7507 19.0157 1.9289 27.5972 -2.8136 -0.0012 0.0008 295 pedestrian_0026
Pedestrian 0.00 1.00 0 0 0 0 0 0 0 0 1087.16 361.09 1089.34 368.03 1.9158 0.4880 0.7001 154.6605 2.2189 -37.7866 -0.0768 -0.0012 0.0008 296 pedestrian_0020
Pedestrian 0.00 1.00 0 0 0 0 0 0 0 0 774.62 360.15 778.46 369.28 1.9158 0.4880 0.7207 117.7140 1.9474 36.3830 1.9838 -0.0012 0.0008 297 pedestrian_0016
Pedestrian 1.00 1.00 0 0 0 0 0 0 0 0 -1000.00 -1000.00 -1000.00 -1000.00 1.9158 0.4880 0.7507 -108.7255 1.8443 8.5782 2.1320 -0.0012 0.0008 298 pedestrian_0024
Pedestrian 0.00 1.00 0 0 0 0 0 0 0 0 1032.60 330.66 1035.10 336.50 1.9158 0.4880 0.6736 186.1370 -7.8636 -26.9043 -1.1872 -0.0012 0.0008 299 pedestrian_0001
Pedestrian 1.00 1.00 0 0 0 0 0 0 0 0 -1000.00 -1000.00 -1000.00 -1000.00 1.9158 0.4880 0.7507 -183.4583 1.7997 -34.2907 1.0928 -0.0012 0.0008 300 pedestrian_0025
Pedestrian 1.00 1.00 0 0 0 0 0 0 0 0 -1000.00 -1000.00 -1000.00 -1000.00 1.9158 0.4880 0.7507 -11.6450 2.3093 -183.4854 2.2682 -0.0012 0.0008 301 pedestrian_0016
Pedestrian 1.00 1.00 0 0 0 0 0 0 0 0 -1000.00 -1000.00 -1000.00 -1000.00 1.9158 0.4880 0.7438 -128.9947 2.0635 -217.0724 -1.1290 -0.0012 0.0008 302 pedestrian_0006
Pedestrian 1.00 1.00 0 0 0 0 0 0 0 0 -1000.00 -1000.00 -1000.00 -1000.00 1.3390 0.3253 0.3952 -106.7565 1.8432 3.9096 2.0006 -0.0012 0.0008 303 pedestrian_0012
Pedestrian 1.00 1.00 0 0 0 0 0 0 0 0 -1000.00 -1000.00 -1000.00 -1000.00 1.9158 0.4880 0.5174 -201.9758 2.0587 -232.7111 1.9511 -0.0012 0.0008 304 pedestrian_0024
Pedestrian 1.00 1.00 0 0 0 0 0 0 0 0 -1000.00 -1000.00 -1000.00 -1000.00 1.3390 0.3253 0.3919 -198.0187 1.6944 63.7346 -2.7377 -0.0012 0.0008 305 pedestrian_0013
Pedestrian 1.00 1.00 0 0 0 0 0 0 0 0 -1000.00 -1000.00 -1000.00 -1000.00 1.1330 0.4333 0.5492 -205.4763 2.0321 -222.6745 1.9038 -0.0012 0.0008 306 pedestrian_0011
Pedestrian 0.00 1.00 0 0 0 0 0 0 0 0 1585.79 362.04 1591.46 370.49 1.9158 0.4880 0.7227 127.2167 2.3803 -145.3523 -2.8077 -0.0012 0.0008 307 pedestrian_0024
Pedestrian 1.00 1.00 0 0 0 0 0 0 0 0 -1000.00 -1000.00 -1000.00 -1000.00 1.9158 0.4880 0.4028 -249.6552 1.8809 -120.5166 -1.2430 -0.0012 0.0008 308 pedestrian_0004
Pedestrian 0.00 0.06 13 11 20 729 0 0 3 1 196.64 361.00 226.86 405.01 1.9158 0.4880 0.6925 24.5153 1.9313 29.4434 -2.6812 -0.0012 0.0008 309 pedestrian_0019
Pedestrian 1.00 1.00 0 0 0 0 0 0 0 0 -1000.00 -1000.00 -1000.00 -1000.00 1.3390 0.3253 0.5005 -35.4025 2.0214 -92.8998 -2.7523 -0.0012 0.0008 310 pedestrian_0012
Pedestrian 1.00 1.00 0 0 0 0 0 0 0 0 -1000.00 -1000.00 -1000.00 -1000.00 1.9158 0.4880 0.5513 62.7136 2.3190 -170.4169 -2.6743 -0.0012 0.0008 311 pedestrian_0022
Pedestrian 0.00 1.00 0 0 0 0 0 0 0 0 1594.47 362.11 1598.67 371.29 1.9158 0.4880 0.7507 117.3577 2.3606 -135.8369 2.1637 -0.0012 0.0008 312 pedestrian_0018
Pedestrian 0.00 0.91 2 2 4 193 0 0 3 1 544.89 360.23 551.43 375.44 1.9158 0.4880 0.6500 71.3002 1.9461 49.9694 0.3274 -0.0012 0.0008 313 pedestrian_0022
Pedestrian 0.00 1.00 0 0 0 0 0 0 0 0 1802.20 361.69 1807.42 373.54 1.9158 0.4880 0.3796 90.9136 2.1900 -139.2356 -2.7489 -0.0012 0.0008 314 pedestrian_0005
Pedestrian 0.00 1.00 0 0 0 0 0 0 0 0 1274.75 361.09 1282.00 374.90 1.9158 0.4880 0.7281 78.3630 2.0681 -46.6571 -2.7138 -0.0012 0.0008 315 pedestrian_0018
Pedestrian 1.00 1.00 0 0 0 0 0 0 0 0 -1000.00 -1000.00 -1000.00 -1000.00 1.9158 0.4880 0.6639 -265.9683 1.8024 -66.7711 1.7794 -0.0012 0.0008 316 pedestrian_0024
Pedestrian 1.00 1.00 0 0 0 0 0 0 0 0 -1000.00 -1000.00 -1000.00 -1000.00 1.9158 0.4880 0.6243 -129.8022 2.0603 -213.5749 -1.1810 -0.0012 0.0008 317 pedestrian_0002
Pedestrian 1.00 1.00 0 0 0 0 0 0 0 0 -1000.00 -1000.00 -1000.00 -1000.00 1.3390 0.3253 0.3266 -40.9816 2.0910 -156.1902 1.8821 -0.0012 0.0008 318 pedestrian_0013
Pedestrian 0.00 1.00 0 0 0 0 0 0 0 0 1129.74 360.59 1133.13 367.55 1.9158 0.4880 0.7507 153.9455 2.0798 -49.5336 1.9590 -0.0012 0.0008 319 pedestrian_0018
Pedestrian 0.00 1.00 0 0 0 0 0 0 0 0 1868.31 361.46 1875.20 370.29 1.9158 0.4880 0.6850 121.7499 2.2345 -200.8161 -2.8284 -0.0012 0.0008 320 pedestrian_0006
Pedestrian 1.00 1.00 0 0 0 0 0 0 0 0 -1000.00 -1000.00 -1000.00 -1000.00 1.9158 0.4880 0.4458 -201.3988 2.0566 -231.5660 1.8001 -0.0012 0.0008 321 pedestrian_0021
Pedestrian 0.00 1.00 0 0 0 0 0 0 0 0 1098.32 364.56 1101.81 370.15 1.1330 0.4333 0.5563 114.3352 2.0680 -30.8709 0.4491 -0.0012 0.0008 322 pedestrian_0010
Pedestrian 0.00 0.97 0 0 2 13 0 0 0 0 742.66 360.79 745.55 369.47 1.9158 0.4880 0.7507 123.9308 2.0925 45.6307 -2.9188 -0.0012 0.0008 323 pedestrian_0022
Pedestrian 0.00 1.00 0 0 0 0 0 0 0 0 1254.41 361.05 1259.47 374.47 1.9158 0.4880 0.4801 80.5786 2.0678 -44.8533 0.6631 -0.0012 0.0008 324 pedestrian_0015
Pedestrian 1.00 1.00 10 15 18 91 0 6 0 0 -1000.00 -1000.00 -1000.00 -1000.00 1.9158 0.4880 0.5731 -36.7775 1.9120 2.8761 0.3641 -0.0012 0.0008 325 pedestrian_0005
Pedestrian 0.00 1.00 0 0 0 0 0 0 0 0 1130.03 338.06 1131.90 342.46 1.9158 0.4880 0.6192 245.6428 -7.7523 -77.6905 -1.1628 -0.0012 0.0008 326 pedestrian_0006
Pedestrian 1.00 1.00 0 0 0 0 0 0 0 0 -1000.00 -1000.00 -1000.00 -1000.00 1.9158 0.4880 0.7507 -66.2357 2.0825 -155.7851 -2.6314 -0.0012 0.0008 327 pedestrian_0002
Pedestrian 1.00 1.00 0 0 0 0 0 0 0 0 -1000.00 -1000.00 -1000.00 -1000.00 1.9158 0.4880 0.6805 -44.3445 2.0820 -142.5211 -1.2230 -0.0012 0.0008 328 pedestrian_0015
Pedestrian 1.00 1.00 0 0 0 0 0 0 0 0 -1000.00 -1000.00 -1000.00 -1000.00 1.9158 0.4880 0.7507 -159.8186 1.7147 79.7446 -2.7405 -0.0012 0.0008 329 pedestrian_0005
Pedestrian 1.00 1.00 0 0 0 0 0 0 0 0 -1000.00 -1000.00 -1000.00 -1000.00 1.1330 0.4333 0.6667 -188.7933 2.0927 -262.1128 -1.1590 -0.0012 0.0008 330 pedestrian_0010
Pedestrian 0.00 1.00 0 0 0 0 0 0 0 0 1291.75 362.16 1298.39 375.59 1.9158 0.4880 0.7000 80.5447 2.2268 -50.3056 -1.2009 -0.0012 0.0008 331 pedestrian_0001
Pedestrian 1.00 1.00 1 1 2 5 0 0 0 0 -1000.00 -1000.00 -1000.00 -1000.00 1.9158 0.4880 0.3843 -83.9646 1.9304 -45.7170 1.8755 -0.0012 0.0008 332 pedestrian_0017
Pedestrian 0.00 1.00 0 0 0 0 0 0 0 0 1191.07 361.69 1195.32 371.52 1.9158 0.4880 0.5930 109.4221 2.2481 -47.8403 1.7487 -0.0012 0.0008 333 pedestrian_0023
Pedestrian 1.00 1.00 0 0 0 0 0 0 0 0 -1000.00 -1000.00 -1000.00 -1000.00 1.3390 0.3253 0.2888 -115.9940 1.7796 26.6769 0.1276 -0.0012 0.0008 334 pedestrian_0013
Pedestrian 0.00 0.00 494 524 860 6433 0 0 0 122 759.40 364.50 838.60 617.50 1.9158 0.4880 0.5396 5.4175 1.9063 -0.9867 -1.1899 -0.0012 0.0008 335 pedestrian_0019
Pedestrian 1.00 1.00 0 0 0 0 0 0 0 0 -1000.00 -1000.00 -1000.00 -1000.00 1.9158 0.4880 0.6951 -109.8581 1.9783 14.9928 -1.1951 -0.0012 0.0008 336 pedestrian_0017
Pedestrian 1.00 1.00 0 0 0 0 0 0 0 0 -1000.00 -1000.00 -1000.00 -1000.00 1.9158 0.4880 0.5443 -153.1754 2.1957 -314.7739 2.3722 -0.0012 0.0008 337 pedestrian_0025
Pedestrian 0.00 1.00 0 0 0 0 0 0 0 0 1486.04 336.70 1487.66 341.44 1.9158 0.4880 0.4362 228.0582 -7.6133 -218.0358 0.7213 -0.0012 0.0008 338 pedestrian_0006
Pedestrian 0.00 1.00 0 0 0 0 0 0 0 0 1399.41 337.29 1401.00 340.27 1.1330 0.4333 0.4499 216.5006 -7.6831 -173.3691 -2.3264 -0.0012 0.0008 339 pedestrian_0011
Pedestrian 0.00 1.00 0 0 0 0 0 0 0 0 1299.53 363.87 1302.01 367.43 1.1330 0.4333 0.5559 178.1368 2.3706 -111.1277 -1.1653 -0.0012 0.0008 340 pedestrian_0011
Pedestrian 0.00 1.00 0 0 0 0 0 0 0 0 1179.96 362.29 1181.20 365.74 1.3390 0.3253 0.3142 216.0576 2.2270 -87.8144 -2.9233 -0.0012 0.0008 341 pedestrian_0013
Pedestrian 0.00 1.00 0 0 0 0 0 0 0 0 848.61 360.42 850.71 365.20 1.9158 0.4880 0.7507 223.4649 2.0846 42.0410 -1.1992 -0.0012 0.0008 342 pedestrian_0007
Pedestrian 1.00 1.00 0 1 1 1 0 0 0 0 -1000.00 -1000.00 -1000.00 -1000.00 1.9158 0.4880 0.6136 44.0222 2.1514 -155.8333 2.8880 -0.0012 0.0008 343 pedestrian_0021
Pedestrian 0.00 1.00 0 0 0 0 0 0 0 0 1426.54 339.71 1428.52 342.39 1.1330 0.4333 0.6137 240.5872 -7.6243 -204.3092 -2.1768 -0.0012 0.0008 344 pedestrian_0010
Pedestrian 1.00 1.00 1 2 2 24 2 0 0 0 -1000.00 -1000.00 -1000.00 -1000.00 1.9158 0.4880 0.5304 13.9865 2.1755 -76.4228 2.7129 -0.0012 0.0008 345 pedestrian_0021
Pedestrian 0.00 1.00 0 0 0 0 0 0 0 0 672.67 368.07 677.37 382.33 1.3390 0.3253 0.3105 53.4759 2.1054 24.7228 -1.4046 -0.0012 0.0008 346 pedestrian_0014
Pedestrian 1.00 1.00 0 0 0 2 2 0 0 0 -1000.00 -1000.00 -1000.00 -1000.00 1.9158 0.4880 0.4122 51.2064 2.3349 -167.3849 -1.0078 -0.0012 0.0008 347 pedestrian_0023
Pedestrian 1.00 1.00 0 0 0 0 0 0 0 0 -1000.00 -1000.00 -1000.00 -1000.00 1.9158 0.4880 0.7507 -125.7963 2.1476 -128.9244 0.8028 -0.0012 0.0008 348 pedestrian_0008
Pedestrian 1.00 1.00 0 0 0 0 0 0 0 0 -1000.00 -1000.00 -1000.00 -1000.00 1.9158 0.4880 0.7507 -231.1008 1.9441 -160.1128 -1.1818 -0.0012 0.0008 349 pedestrian_0006
Pedestrian 0.00 1.00 0 0 0 0 0 0 0 0 1672.74 361.46 1677.63 369.54 1.9158 0.4880 0.6286 132.8389 2.2651 -172.3114 1.7895 -0.0012 0.0008 350 pedestrian_0022
Pedestrian 1.00 1.00 0 0 2 1 0 0 0 0 -1000.00 -1000.00 -1000.00 -1000.00 1.9158 0.4880 0.4139 53.1751 2.2006 -174.4962 -2.9289 -0.0012 0.0008 351 pedestrian_0023
Pedestrian 1.00 1.00 0 0 0 14 0 0 0 0 -1000.00 -1000.00 -1000.00 -1000.00 1.9158 0.4880 0.7455 50.7484 2.0719 -115.2560 -1.1867 -0.0012 0.0008 352 pedestrian_0006
Pedestrian 1.00 1.00 0 0 0 0 0 0 0 0 -1000.00 -1000.00 -1000.00 -1000.00 1.9158 0.4880 0.7507 -58.2396 2.1073 -172.9552 -1.6722 -0.0012 0.0008 353 pedestrian_0024
Pedestrian 1.00 1.00 0 0 0 0 0 0 0 0 -1000.00 -1000.00 -1000.00 -1000.00 1.1330 0.4333 0.6667 -139.4807 1.7090 88.7931 0.3545 -0.0012 0.0008 354 pedestrian_0011
Pedestrian 1.00 1.00 3 4 6 28 0 3 0 0 -1000.00 -1000.00 -1000.00 -1000.00 1.9158 0.4880 0.4043 -71.9799 1.9013 -11.9900 2.4116 -0.0012 0.0008 355 pedestrian_0017
Pedestrian 0.00 1.00 0 0 0 0 0 0 0 0 1162.90 335.45 1164.26 339.09 1.3390 0.3253 0.3490 207.4201 -7.7939 -78.0454 -1.1919 -0.0012 0.0008 356 pedestrian_0012
Pedestrian 1.00 1.00 0 0 0 0 0 0 0 0 -1000.00 -1000.00 -1000.00 -1000.00 1.9158 0.4880 0.4283 -114.3429 2.2556 -337.3092 2.8187 -0.0012 0.0008 357 pedestrian_0020
Pedestrian 0.00 1.00 0 0 0 0 0 0 0 0 1700.54 361.91 1705.25 369.98 1.9158 0.4880 0.7507 133.0613 2.3712 -179.2001 1.9447 -0.0012 0.0008 358 pedestrian_0017
Pedestrian 1.00 1.00 1 0 2 3 0 0 0 0 -1000.00 -1000.00 -1000.00 -1000.00 1.9158 0.4880 0.4892 -100.5058 1.8740 -10.3604 2.0704 -0.0012 0.0008 359 pedestrian_0025
Pedestrian 1.00 1.00 0 0 0 0 0 0 0 0 -1000.00 -1000.00 -1000.00 -1000.00 1.3390 0.3253 0.4513 -81.5371 2.2825 -342.9909 3.1010 -0.0012 0.0008 360 pedestrian_0013
Pedestrian 1.00 1.00 0 0 0 0 0 0 0 0 -1000.00 -1000.00 -1000.00 -1000.00 1.3390 0.3253 0.5005 -202.1507 1.9755 -232.2515 1.5907 -0.0012 0.0008 361 pedestrian_0013
Pedestrian 1.00 1.00 1 0 1 13 1 0 0 0 -1000.00 -1000.00 -1000.00 -1000.00 1.3390 0.3253 0.2963 12.4260 2.1712 -74.5049 2.8536 -0.0012 0.0008 362 pedestrian_0013
Pedestrian 1.00 1.00 0 0 0 0 0 0 0 0 -1000.00 -1000.00 -1000.00 -1000.00 1.1330 0.4333 0.6667 -106.7761 1.8365 6.6488 -1.1346 -0.0012 0.0008 363 pedestrian_0011
Pedestrian 1.00 1.00 1 0 0 16 1 0 0 0 -1000.00 -1000.00 -1000.00 -1000.00 1.3390 0.3253 0.4235 36.5268 2.2160 -80.3924 1.8986 -0.0012 0.0008 364 pedestrian_0012
Pedestrian 0.00 1.00 0 0 0 0 0 0 0 0 1020.07 360.65 1022.20 366.50 1.9158 0.4880 0.4943 182.7904 2.1292 -22.2877 -2.5247 -0.0012 0.0008 365 pedestrian_0023
Pedestrian 1.00 1.00 2 2 5 13 0 0 0 0 -1000.00 -1000.00 -1000.00 -1000.00 1.9158 0.4880 0.4284 -96.0583 1.8850 -17.7501 -0.0706 -0.0012 0.0008 366 pedestrian_0005
Pedestrian 1.00 1.00 0 0 0 0 0 0 0 0 -1000.00 -1000.00 -1000.00 -1000.00 1.9158 0.4880 0.4750 -201.9612 1.8395 -84.7905 1.8727 -0.0012 0.0008 367 pedestrian_0021
Pedestrian 1.00 1.00 0 0 0 0 0 0 0 0 -1000.00 -1000.00 -1000.00 -1000.00 1.1330 0.4333 0.3911 -64.4033 2.0056 -102.9025 0.4526 -0.0012 0.0008 368 pedestrian_0010
Pedestrian 1.00 1.00 0 0 1 0 0 0 0 0 -1000.00 -1000.00 -1000.00 -1000.00 1.9158 0.4880 0.7507 59.7712 2.1614 -183.3200 2.2487 -0.0012 0.0008 369 pedestrian_0020
Pedestrian 1.00 1.00 1 1 0 18 0 0 0 0 -1000.00 -1000.00 -1000.00 -1000.00 1.3390 0.3253 0.4330 36.3406 2.2150 -79.0882 1.8390 -0.0012 0.0008 370 pedestrian_0012
Pedestrian 0.00 1.00 0 0 0 0 0 0 0 0 1612.40 362.11 1617.66 370.97 1.9158 0.4880 0.6544 121.2377 2.3740 -144.2969 -1.3494 -0.0012 0.0008 371 pedestrian_0015
Pedestrian 1.00 1.00 3 6 8 31 0 0 0 0 -1000.00 -1000.00 -1000.00 -1000.00 1.9158 0.4880 0.3810 -70.9353 1.8998 -11.1083 -2.3597 -0.0012 0.0008 372 pedestrian_0007
Pedestrian 1.00 1.00 0 0 0 0 0 0 0 0 -1000.00 -1000.00 -1000.00 -1000.00 1.9158 0.4880 0.6574 -236.8022 1.9265 -147.7178 1.9245 -0.0012 0.0008 373 pedestrian_0008
Pedestrian 1.00 1.00 0 0 0 0 0 0 0 0 -1000.00 -1000.00 -1000.00 -1000.00 1.9158 0.4880 0.6022 -27.7831 2.0299 -90.3526 -2.8640 -0.0012 0.0008 374 pedestrian_0020
Pedestrian 0.00 1.00 0 0 0 0 0 0 0 0 1724.97 361.56 1730.64 371.40 1.9158 0.4880 0.5049 109.3234 2.2211 -152.2474 0.2611 -0.0012 0.0008 375 pedestrian_0015
Pedestrian 1.00 1.00 1 0 1 12 1 0 0 0 -1000.00 -1000.00 -1000.00 -1000.00 1.3390 0.3253 0.2866 11.6351 1.9855 -72.0161 1.0853 -0.0012 0.0008 376 pedestrian_0012
Pedestrian 0.00 1.00 0 0 0 0 0 0 0 0 1375.16 361.07 1377.63 367.37 1.9158 0.4880 0.4313 169.9472 2.2420 -129.1389 -2.6620 -0.0012 0.0008 377 pedestrian_0017
Pedestrian 1.00 1.00 4 4 6 24 0 0 0 0 -1000.00 -1000.00 -1000.00 -1000.00 1.9158 0.4880 0.3938 19.5696 2.1815 -79.1818 -1.0781 -0.0012 0.0008 378 pedestrian_0025
Pedestrian 1.00 1.00 2 0 0 6 0 0 0 0 -1000.00 -1000.00 -1000.00 -1000.00 1.1330 0.4333 0.3372 -74.0094 1.8896 -12.2270 -2.5417 -0.0012 0.0008 379 pedestrian_0009
Pedestrian 0.00 1.00 0 0 0 0 0 0 0 0 788.77 360.61 795.95 380.72 1.9158 0.4880 0.6215 54.1928 1.9749 13.8405 1.9369 -0.0012 0.0008 380 pedestrian_0002
Pedestrian 1.00 1.00 0 0 0 0 0 0 0 0 -1000.00 -1000.00 -1000.00 -1000.00 1.3390 0.3253 0.3901 -71.8215 2.2896 -342.7918 -3.0998 -0.0012 0.0008 381 pedestrian_0013
Pedestrian 0.00 1.00 0 0 0 0 0 0 0 0 1784.67 365.12 1790.65 373.34 1.3390 0.3253 0.4860 91.9424 2.1810 -137.9897 -2.7740 -0.0012 0.0008 382 pedestrian_0012
Pedestrian 1.00 1.00 0 0 0 0 0 0 0 0 -1000.00 -1000.00 -1000.00 -1000.00 1.1330 0.4333 0.6035 -54.7558 2.1827 -117.8170 -1.2040 -0.0012 0.0008 383 pedestrian_0010
Pedestrian 1.00 1.00 0 0 0 0 0 0 0 0 -1000.00 -1000.00 -1000.00 -1000.00 1.3390 0.3253 0.2568 -101.1036 2.2629 -341.1357 3.0050 -0.0012 0.0008 384 pedestrian_0013
Pedestrian 1.00 1.00 0 0 0 0 0 0 0 0 -1000.00 -1000.00 -1000.00 -1000.00 1.9158 0.4880 0.7507 -154.5968 2.1350 -152.7327 -1.2221 -0.0012 0.0008 385 pedestrian_0015
Pedestrian 0.00 1.00 0 0 0 0 0 0 0 0 1155.22 361.67 1160.19 371.73 1.9158 0.4880 0.7507 107.0733 2.2368 -40.0628 1.8793 -0.0012 0.0008 386 pedestrian_0018
Pedestrian 1.00 1.00 0 0 0 0 0 0 0 0 -1000.00 -1000.00 -1000.00 -1000.00 1.3390 0.3253 0.4874 -78.5252 2.2824 -343.0415 3.1268 -0.0012 0.0008 387 pedestrian_0013
Pedestrian 0.00 1.00 0 0 0 0 0 0 0 0 1278.47 360.79 1280.41 366.09 1.9158 0.4880 0.3754 201.8193 2.2023 -117.9589 2.1440 -0.0012 0.0008 388 pedestrian_0022
Pedestrian 1.00 1.00 0 0 0 0 0 0 0 0 -1000.00 -1000.00 -1000.00 -1000.00 1.9158 0.4880 0.5916 -247.1512 1.7100 23.3687 1.0776 -0.0012 0.0008 389 pedestrian_0003
Pedestrian 1.00 1.00 0 0 0 0 0 0 0 0 -1000.00 -1000.00 -1000.00 -1000.00 1.9158 0.4880 0.5001 -201.4139 2.0574 -232.2561 1.7635 -0.0012 0.0008 390 pedestrian_0021
Pedestrian 1.00 1.00 0 0 0 0 0 0 0 0 -1000.00 -1000.00 -1000.00 -1000.00 1.9158 0.4880 0.3754 -94.6570 1.4390 -13.0661 -0.3065 -0.0012 0.0008 391 pedestrian_0016
Pedestrian 1.00 1.00 0 0 0 0 0 0 0 0 -1000.00 -1000.00 -1000.00 -1000.00 1.9158 0.4880 0.7507 -199.0694 2.0653 -237.0172 -1.1455 -0.0012 0.0008 392 pedestrian_0005
Pedestrian 0.00 1.00 0 0 0 0 0 0 0 0 1365.58 335.73 1367.50 340.63 1.9158 0.4880 0.4774 220.4267 -7.6761 -163.1595 -1.8657 -0.0012 0.0008 393 pedestrian_0026
Pedestrian 1.00 1.00 2 2 2 17 0 0 0 0 -1000.00 -1000.00 -1000.00 -1000.00 1.9158 0.4880 0.3928 21.0884 2.1831 -79.6400 -1.8465 -0.0012 0.0008 394 pedestrian_0022
Pedestrian 1.00 1.00 0 0 0 0 0 0 0 0 -1000.00 -1000.00 -1000.00 -1000.00 1.1330 0.4333 0.6232 56.5201 -6.9280 126.9176 0.2316 -0.0012 0.0008 395 pedestrian_0010
Pedestrian 1.00 1.00 5 5 5 42 0 8 0 0 -1000.00 -1000.00 -1000.00 -1000.00 1.9158 0.4880 0.7507 -60.6144 1.9057 -7.7372 0.4192 -0.0012 0.0008 396 pedestrian_0006
Pedestrian 1.00 1.00 0 0 0 0 0 0 0 0 -1000.00 -1000.00 -1000.00 -1000.00 1.3390 0.3253 0.5005 18.8940 2.1823 -187.8669 0.3973 -0.0012 0.0008 397 pedestrian_0012
Pedestrian 1.00 1.00 0 1 0 0 0 0 0 0 -1000.00 -1000.00 -1000.00 -1000.00 1.1330 0.4333 0.3333 52.2944 2.1891 -175.0043 1.4144 -0.0012 0.0008 398 pedestrian_0010
Pedestrian 1.00 1.00 1 0 0 5 0 1 0 0 -1000.00 -1000.00 -1000.00 -1000.00 1.9158 0.4880 0.7222 -96.8295 1.8830 -15.8003 -0.9958 -0.0012 0.0008 399 pedestrian_0007
Pedestrian 0.00 1.00 0 0 0 0 0 0 0 0 1070.88 336.85 1072.84 341.47 1.9158 0.4880 0.6437 233.9426 -7.7964 -49.2467 -1.1774 -0.0012 0.0008 400 pedestrian_0001
Pedestrian 1.00 1.00 0 0 0 0 0 0 0 0 -1000.00 -1000.00 -1000.00 -1000.00 1.9158 0.4880 0.7507 -37.1400 2.1090 -161.4689 -1.2091 -0.0012 0.0008 401 pedestrian_0016
Pedestrian 1.00 1.00 0 0 0 0 0 0 0 0 -1000.00 -1000.00 -1000.00 -1000.00 1.9158 0.4880 0.5857 -203.6935 2.0464 -226.0278 -1.2961 -0.0012 0.0008 402 pedestrian_0021
Pedestrian 0.00 1.00 0 0 0 0 0 0 0 0 952.96 360.55 954.95 366.18 1.9158 0.4880 0.6351 190.0182 2.1044 -0.1767 0.3587 -0.0012 0.0008 403 pedestrian_0006
Pedestrian 1.00 1.00 0 1 1 11 0 1 0 0 -1000.00 -1000.00 -1000.00 -1000.00 1.9158 0.4880 0.7507 -96.4241 1.8870 -18.6922 -1.1267 -0.0012 0.0008 404 pedestrian_0023
Pedestrian 1.00 1.00 0 0 0 0 0 0 0 0 -1000.00 -1000.00 -1000.00 -1000.00 1.1330 0.4333 0.3570 102.2404 2.2120 -205.2346 -2.9567 -0.0012 0.0008 405 pedestrian_0011
Pedestrian 1.00 1.00 2 2 5 21 1 0 0 0 -1000.00 -1000.00 -1000.00 -1000.00 1.9158 0.4880 0.5375 43.8616 2.0474 -96.8292 -1.1540 -0.0012 0.0008 406 pedestrian_0004
Pedestrian 1.00 1.00 0 1 2 3 0 0 0 0 -1000.00 -1000.00 -1000.00 -1000.00 1.9158 0.4880 0.4089 54.2102 2.1709 -175.4729 -2.6944 -0.0012 0.0008 407 pedestrian_0026
Pedestrian 0.00 1.00 0 0 0 0 0 0 0 0 1164.18 362.38 1165.80 366.48 1.3390 0.3253 0.3767 182.6093 2.1201 -69.3951 -1.1983 -0.0012 0.0008 408 pedestrian_0013
Pedestrian 1.00 1.00 0 0 0 0 0 0 0 0 -1000.00 -1000.00 -1000.00 -1000.00 1.1330 0.4333 0.5879 -34.2184 2.1162 -174.9485 1.8831 -0.0012 0.0008 409 pedestrian_0010
Pedestrian 0.00 1.00 0 0 0 0 0 0 0 0 882.22 360.29 884.67 367.59 1.9158 0.4880 0.5215 146.9446 1.9928 17.9149 -1.1472 -0.0012 0.0008 410 pedestrian_0020
Pedestrian 1.00 1.00 0 0 0 0 0 0 0 0 -1000.00 -1000.00 -1000.00 -1000.00 1.9158 0.4880 0.5262 -88.5750 2.1718 -279.0638 -0.2221 -0.0012 0.0008 411 pedestrian_0025
Pedestrian 1.00 1.00 3 6 9 57 0 4 0 0 -1000.00 -1000.00 -1000.00 -1000.00 1.1330 0.4333 0.6616 -35.7739 1.9015 2.5309 -2.6716 -0.0012 0.0008 412 pedestrian_0010
Pedestrian 1.00 1.00 3 5 6 21 3 0 0 0 -1000.00 -1000.00 -1000.00 -1000.00 1.9158 0.4880 0.5281 7.2253 2.0427 -75.0458 -2.7213 -0.0012 0.0008 413 pedestrian_0015
Pedestrian 0.00 1.00 0 0 0 0 0 0 0 0 1102.45 364.64 1106.28 370.34 1.1330 0.4333 0.6667 112.1871 2.0666 -31.1900 0.3653 -0.0012 0.0008 414 pedestrian_0011
Pedestrian 1.00 1.00 21 22 37 486 0 0 2 0 -1000.00 -1000.00 -1000.00 -1000.00 1.9158 0.4880 0.6231 13.1713 1.9259 26.0116 0.5333 -0.0012 0.0008 415 pedestrian_0025
Pedestrian 1.00 1.00 0 0 0 0 0 0 0 0 -1000.00 -1000.00 -1000.00 -1000.00 1.1330 0.4333 0.6313 57.7250 -6.9406 126.2528 -2.9745 -0.0012 0.0008 416 pedestrian_0009
Pedestrian 1.00 1.00 0 0 0 0 0 0 0 0 -1000.00 -1000.00 -1000.00 -1000.00 1.9158 0.4880 0.7507 48.6833 -6.8105 124.2942 -2.7799 -0.0012 0.0008 417 pedestrian_0026
Pedestrian 1.00 1.00 0 0 0 0 0 0 0 0 -1000.00 -1000.00 -1000.00 -1000.00 1.9158 0.4880 0.7507 -231.3208 1.9468 -161.2128 2.0725 -0.0012 0.0008 418 pedestrian_0019
Pedestrian 1.00 1.00 0 0 0 0 0 0 0 0 -1000.00 -1000.00 -1000.00 -1000.00 1.9158 0.4880 0.5114 63.4462 2.3199 -167.9191 -2.8951 -0.0012 0.0008 419 pedestrian_0018
Pedestrian 1.00 1.00 0 0 0 0 0 0 0 0 -1000.00 -1000.00 -1000.00 -1000.00 1.9158 0.4880 0.6593 -97.7790 2.2744 -341.3289 3.0294 -0.0012 0.0008 420 pedestrian_0026
Pedestrian 0.00 1.00 0 0 0 0 0 0 0 0 800.44 360.17 804.39 369.14 1.9158 0.4880 0.7507 119.9036 1.9536 31.5582 1.9892 -0.0012 0.0008 421 pedestrian_0005
Pedestrian 0.00 1.00 0 0 0 0 0 0 0 0 1308.85 361.47 1312.05 367.47 1.9158 0.4880 0.7507 178.3896 2.3861 -114.3781 1.8475 -0.0012 0.0008 422 pedestrian_0021
Pedestrian 0.00 1.00 0 0 0 0 0 0 0 0 1089.98 361.04 1091.43 365.30 1.9158 0.4880 0.6685 250.7588 2.3830 -61.1289 -3.1277 -0.0012 0.0008 423 pedestrian_0025
Pedestrian 0.00 1.00 0 0 0 0 0 0 0 0 955.49 360.37 958.01 368.42 1.9158 0.4880 0.4502 133.3602 2.0052 -1.4626 1.9550 -0.0012 0.0008 424 pedestrian_0008
Pedestrian 0.00 1.00 0 0 0 0 0 0 0 0 930.82 360.74 936.68 378.20 1.9158 0.4880 0.4639 62.2113 1.9978 0.6579 -1.0022 -0.0012 0.0008 425 pedestrian_0018
Pedestrian 1.00 1.00 0 0 0 0 0 0 0 0 -1000.00 -1000.00 -1000.00 -1000.00 1.9158 0.4880 0.5519 -125.1442 2.1159 -260.8986 -0.9463 -0.0012 0.0008 426 pedestrian_0020
Pedestrian 1.00 1.00 0 0 0 0 0 0 0 0 -1000.00 -1000.00 -1000.00 -1000.00 1.3390 0.3253 0.5005 -155.8580 2.1246 -151.7719 2.0651 -0.0012 0.0008 427 pedestrian_0012
Pedestrian 0.00 1.00 0 0 0 0 0 0 0 0 1360.56 363.55 1362.92 367.24 1.1330 0.4333 0.4444 172.2105 2.2315 -126.3121 -2.6548 -0.0012 0.0008 428 pedestrian_0011
Pedestrian 1.00 1.00 0 0 0 0 0 0 0 0 -1000.00 -1000.00 -1000.00 -1000.00 1.9158 0.4880 0.5400 -116.5691 2.0422 -161.3897 1.9560 -0.0012 0.0008 429 pedestrian_0006
Pedestrian 0.00 1.00 0 0 0 0 0 0 0 0 876.15 360.45 878.05 365.55 1.9158 0.4880 0.5945 209.7801 2.0878 28.9836 1.9859 -0.0012 0.0008 430 pedestrian_0021
Pedestrian 1.00 1.00 0 0 0 0 0 0 0 0 -1000.00 -1000.00 -1000.00 -1000.00 1.9158 0.4880 0.7507 -121.4259 2.0945 -236.5964 -1.2574 -0.0012 0.0008 431 pedestrian_0026
Pedestrian 0.00 0.98 0 0 0 4 0 0 0 0 687.59 322.47 690.88 329.91 1.9158 0.4880 0.7507 147.1383 -7.9522 69.1343 1.9701 -0.0012 0.0008 432 pedestrian_0026
Pedestrian 1.00 1.00 0 1 1 5 0 0 0 0 -1000.00 -1000.00 -1000.00 -1000.00 1.9158 0.4880 0.4919 25.4403 2.0885 -136.0497 -0.5251 -0.0012 0.0008 433 pedestrian_0002
Pedestrian 1.00 1.00 0 1 1 0 0 0 0 0 -1000.00 -1000.00 -1000.00 -1000.00 1.9158 0.4880 0.3911 54.5866 2.1482 -176.2761 1.9079 -0.0012 0.0008 434 pedestrian_0001
Pedestrian 0.00 1.00 0 0 0 0 0 0 0 0 1095.67 337.35 1097.80 341.88 1.9158 0.4880 0.7421 238.7026 -7.7820 -60.8700 2.0093 -0.0012 0.0008 435 pedestrian_0022
Pedestrian 0.00 1.00 0 0 0 0 0 0 0 0 1288.06 362.11 1293.34 375.06 1.9158 0.4880 0.5082 83.4781 2.2306 -51.4294 -1.0449 -0.0012 0.0008 436 pedestrian_0005
Pedestrian 1.00 1.00 0 0 0 0 0 0 0 0 -1000.00 -1000.00 -1000.00 -1000.00 1.3390 0.3253 0.5005 -178.0955 1.8679 -94.0713 1.9466 -0.0012 0.0008 437 pedestrian_0013
Pedestrian 1.00 1.00 0 0 0 0 0 0 0 0 -1000.00 -1000.00 -1000.00 -1000.00 1.1330 0.4333 0.3732 -125.5527 2.2305 -332.8303 -0.4294 -0.0012 0.0008 438 pedestrian_0011
Pedestrian 1.00 1.00 0 0 0 5 0 0 0 0 -1000.00 -1000.00 -1000.00 -1000.00 1.9158 0.4880 0.4766 -115.7870 1.7823 26.0507 -0.0172 -0.0012 0.0008 439 pedestrian_0006
Pedestrian 1.00 1.00 0 0 0 0 0 0 0 0 -1000.00 -1000.00 -1000.00 -1000.00 1.3390 0.3253 0.4934 12.9014 -6.6106 149.3093 -2.7536 -0.0012 0.0008 440 pedestrian_0014
Pedestrian 1.00 1.00 0 0 0 0 0 0 0 0 -1000.00 -1000.00 -1000.00 -1000.00 1.9158 0.4880 0.5004 -71.9683 1.9821 -79.8849 -1.1653 -0.0012 0.0008 441 pedestrian_0025
Pedestrian 1.00 1.00 0 0 0 0 0 0 0 0 -1000.00 -1000.00 -1000.00 -1000.00 1.9158 0.4880 0.4691 -267.4399 1.7867 -54.6073 -1.3633 -0.0012 0.0008 442 pedestrian_0003
Pedestrian 0.00 0.98 0 0 1 4 0 0 0 0 765.12 361.97 771.40 380.12 1.9158 0.4880 0.7507 60.0587 2.1272 18.1806 -2.6040 -0.0012 0.0008 443 pedestrian_0024
Pedestrian 0.00 1.00 0 0 0 0 0 0 0 0 1596.48 361.53 1605.25 378.94 1.9158 0.4880 0.4811 62.3915 2.0858 -73.1814 0.3183 -0.0012 0.0008 444 pedestrian_0007
Pedestrian 1.00 1.00 0 0 0 0 0 0 0 0 -1000.00 -1000.00 -1000.00 -1000.00 1.9158 0.4880 0.4055 -63.3999 2.0172 -102.1832 0.7678 -0.0012 0.0008 445 pedestrian_0023
Pedestrian 1.00 1.00 0 0 0 0 0 0 0 0 -1000.00 -1000.00 -1000.00 -1000.00 1.9158 0.4880 0.6431 -267.3336 1.7582 -30.8080 -1.6810 -0.0012 0.0008 446 pedestrian_0026
Pedestrian 0.00 1.00 0 0 0 0 0 0 0 0 1118.98 334.91 1121.21 338.16 1.1330 0.4333 0.6304 199.2829 -7.8261 -59.5029 1.9567 -0.0012 0.0008 447 pedestrian_0009
Pedestrian 0.00 1.00 0 0 0 0 0 0 0 0 1496.29 333.21 1499.38 338.66 1.9158 0.4880 0.7507 199.6483 -7.6642 -194.9655 0.7120 -0.0012 0.0008 448 pedestrian_0015
Pedestrian 0.00 1.00 0 0 0 0 0 0 0 0 1044.41 360.68 1046.08 366.99 1.9158 0.4880 0.3826 169.6292 2.1227 -28.1697 -2.0023 -0.0012 0.0008 449 pedestrian_0017
Pedestrian 0.00 1.00 0 0 0 0 0 0 0 0 900.41 360.72 908.85 380.53 1.9158 0.4880 0.6647 55.0415 1.9866 3.1571 2.1536 -0.0012 0.0008 450 pedestrian_0023
Pedestrian 1.00 1.00 2 2 5 10 0 1 0 0 -1000.00 -1000.00 -1000.00 -1000.00 1.9158 0.4880 0.3980 -74.4888 1.8989 -12.8958 -0.4920 -0.0012 0.0008 451 pedestrian_0001
Pedestrian 1.00 1.00 0 0 0 0 0 0 0 0 -1000.00 -1000.00 -1000.00 -1000.00 1.9158 0.4880 0.4816 -140.2231 2.0685 -232.0837 1.4531 -0.0012 0.0008 452 pedestrian_0017
Pedestrian 1.00 1.00 0 0 0 0 0 0 0 0 -1000.00 -1000.00 -1000.00 -1000.00 1.1330 0.4333 0.6141 -130.4933 1.9755 -133.9119 -2.6595 -0.0012 0.0008 453 pedestrian_0011
Pedestrian 1.00 1.00 0 0 0 0 0 0 0 0 -1000.00 -1000.00 -1000.00 -1000.00 1.9158 0.4880 0.6181 -48.1305 2.3161 -339.3017 0.2762 -0.0012 0.0008 454 pedestrian_0018
Pedestrian 0.00 1.00 0 0 0 0 0 0 0 0 881.81 360.28 885.41 368.72 1.9158 0.4880 0.6981 127.1495 1.9795 15.1436 1.9877 -0.0012 0.0008 455 pedestrian_0021
Pedestrian 0.00 1.00 0 0 0 0 0 0 0 0 991.07 360.51 993.12 367.22 1.9158 0.4880 0.4505 159.5587 2.0606 -11.4190 -2.9516 -0.0012 0.0008 456 pedestrian_0007
Pedestrian 1.00 1.00 0 0 0 0 0 0 0 0 -1000.00 -1000.00 -1000.00 -1000.00 1.9158 0.4880 0.3766 29.6747 2.1913 -82.3962 -2.5040 -0.0012 0.0008 457 pedestrian_0021
Pedestrian 0.00 1.00 0 0 0 0 0 0 0 0 439.41 315.44 443.82 324.54 1.9158 0.4880 0.5950 121.0505 -7.7030 110.0078 -0.5672 -0.0012 0.0008 458 pedestrian_0019
Pedestrian 1.00 1.00 0 0 0 0 0 0 0 0 -1000.00 -1000.00 -1000.00 -1000.00 1.1330 0.4333 0.5292 -95.4626 1.7095 105.1095 0.3773 -0.0012 0.0008 459 pedestrian_0009
Pedestrian 1.00 1.00 0 0 0 0 0 0 0 0 -1000.00 -1000.00 -1000.00 -1000.00 1.9158 0.4880 0.6312 -99.4409 1.7378 103.6776 0.3865 -0.0012 0.0008 460 pedestrian_0004
Pedestrian 1.00 1.00 0 3 3 4 0 0 0 0 -1000.00 -1000.00 -1000.00 -1000.00 1.3390 0.3253 0.3821 -80.5706 2.0396 -14.3875 0.2572 -0.0012 0.0008 461 pedestrian_0012
Pedestrian 1.00 1.00 0 0 0 0 0 0 0 0 -1000.00 -1000.00 -1000.00 -1000.00 1.9158 0.4880 0.5927 -45.4187 2.0215 -94.3265 -0.2214 -0.0012 0.0008 462 pedestrian_0006
Pedestrian 1.00 1.00 1 0 0 12 0 0 0 0 -1000.00 -1000.00 -1000.00 -1000.00 1.1330 0.4333 0.3861 11.5777 2.0053 -73.0017 -3.0538 -0.0012 0.0008 463 pedestrian_0009
Pedestrian 0.00 1.00 0 0 0 0 0 0 0 0 1532.21 362.92 1534.96 367.27 1.3390 0.3253 0.5005 172.3898 2.2433 -179.5712 -2.8161 -0.0012 0.0008 464 pedestrian_0014
Pedestrian 1.00 1.00 0 0 0 0 0 0 0 0 -1000.00 -1000.00 -1000.00 -1000.00 1.1330 0.4333 0.3488 48.3144 2.1864 -175.2878 1.9479 -0.0012 0.0008 465 pedestrian_0010
Pedestrian 0.00 1.00 0 0 0 0 0 0 0 0 37.04 361.44 54.61 383.18 1.9158 0.4880 0.7382 50.3958 2.0457 79.1678 0.4515 -0.0012 0.0008 466 pedestrian_0017
Pedestrian 1.00 1.00 0 0 0 3 0 0 0 0 -1000.00 -1000.00 -1000.00 -1000.00 1.9158 0.4880 0.5165 -81.3270 2.0468 -13.9289 -2.9738 -0.0012 0.0008 467 pedestrian_0004
Pedestrian 1.00 1.00 3 2 6 37 0 0 0 0 -1000.00 -1000.00 -1000.00 -1000.00 1.9158 0.4880 0.5795 -39.5911 1.9414 -24.3148 -2.4976 -0.0012 0.0008 468 pedestrian_0021
Pedestrian 0.00 1.00 0 0 0 0 0 0 0 0 1292.61 362.80 1294.39 367.13 1.3390 0.3253 0.3621 173.1623 2.2106 -105.8097 0.5448 -0.0012 0.0008 469 pedestrian_0013
Pedestrian 0.00 0.80 0 0 0 7 0 0 0 0 649.67 360.24 652.09 368.45 1.9158 0.4880 0.3754 130.5869 1.9719 70.0150 -2.6203 -0.0012 0.0008 470 pedestrian_0001
Pedestrian 0.00 1.00 0 0 0 0 0 0 0 0 1203.26 361.02 1208.37 375.96 1.9158 0.4880 0.4940 72.4802 2.0479 -33.9252 2.4629 -0.0012 0.0008 471 pedestrian_0015
Pedestrian 1.00 1.00 0 0 0 0 0 0 0 0 -1000.00 -1000.00 -1000.00 -1000.00 1.9158 0.4880 0.6187 -227.5292 1.6993 45.5012 -2.4237 -0.0012 0.0008 472 pedestrian_0024
Pedestrian 1.00 1.00 0 0 0 0 0 0 0 0 -1000.00 -1000.00 -1000.00 -1000.00 1.3390 0.3253 0.2678 43.2821 2.1904 -178.3672 0.5793 -0.0012 0.0008 473 pedestrian_0013
Pedestrian 1.00 1.00 0 0 0 0 0 0 0 0 -1000.00 -1000.00 -1000.00 -1000.00 1.9158 0.4880 0.6897 -170.1921 2.1589 -296.0948 2.2087 -0.0012 0.0008 474 pedestrian_0018
Pedestrian 1.00 1.00 0 0 0 0 0 0 0 0 -1000.00 -1000.00 -1000.00 -1000.00 1.3390 0.3253 0.3411 12.1204 2.4343 -277.8329 -1.3276 -0.0012 0.0008 475 pedestrian_0012
Pedestrian 1.00 1.00 14 13 25 150 1 0 0 0 -1000.00 -1000.00 -1000.00 -1000.00 1.9158 0.4880 0.6680 19.4889 1.9566 -39.0894 -1.1355 -0.0012 0.0008 476 pedestrian_0026
Pedestrian 1.00 1.00 0 0 0 0 0 0 0 0 -1000.00 -1000.00 -1000.00 -1000.00 1.9158 0.4880 0.4026 -60.2252 2.3060 -341.4701 -3.1390 -0.0012 0.0008 477 pedestrian_0016
Pedestrian 1.00 1.00 8 7 11 70 0 3 0 0 -1000.00 -1000.00 -1000.00 -1000.00 1.9158 0.4880 0.7507 -47.1230 1.9305 -20.0308 -2.7720 -0.0012 0.0008 478 pedestrian_0006
Pedestrian 1.00 1.00 0 0 0 0 0 0 0 0 -1000.00 -1000.00 -1000.00 -1000.00 1.9158 0.4880 0.5890 -154.7429 2.1943 -314.2645 2.3714 -0.0012 0.0008 479 pedestrian_0001
Pedestrian 0.00 1.00 0 0 0 0 0 0 0 0 1079.28 361.29 1082.74 368.56 1.9158 0.4880 0.7507 147.6359 2.2575 -34.2465 -1.1517 -0.0012 0.0008 480 pedestrian_0021
Car 1.00 1.00 0 0 0 0 0 0 0 0 -1000.00 -1000.00 -1000.00 -1000.00 1.6980 1.9434 4.1871 68.4422 2.1967 -131.4425 -1.1833 -0.0012 0.0008 481 citroen_c3
Car 1.00 1.00 0 0 0 0 0 0 0 0 -1000.00 -1000.00 -1000.00 -1000.00 1.9718 2.0005 4.0595 64.9893 2.1467 -120.9271 -1.1833 -0.0012 0.0008 482 jeep_wrangler_rubicon
Car 0.00 1.00 0 0 0 0 0 0 0 0 1620.71 361.33 1649.03 372.95 1.9718 2.0005 4.0595 97.0367 2.2065 -119.1287 1.9583 -0.0012 0.0008 483 jeep_wrangler_rubicon
Car 1.00 1.00 0 0 0 0 0 0 0 0 -1000.00 -1000.00 -1000.00 -1000.00 1.9718 2.0005 4.0595 62.2662 2.1457 -122.0385 -1.1833 -0.0012 0.0008 484 jeep_wrangler_rubicon
Car 1.00 1.00 0 0 0 0 0 0 0 0 -1000.00 -1000.00 -1000.00 -1000.00 1.9718 2.0005 4.0595 -14.9331 2.1440 -139.4686 0.3875 -0.0012 0.0008 485 nissan_patrol
Car 1.00 1.00 0 0 0 0 0 0 0 0 -1000.00 -1000.00 -1000.00 -1000.00 1.5488 2.0688 3.9961 -13.8523 2.1759 -142.1543 -2.7541 -0.0012 0.0008 486 nissan_patrol
Car 1.00 1.00 0 0 0 0 0 0 0 0 -1000.00 -1000.00 -1000.00 -1000.00 1.4855 2.1349 -5.6254 -15.3730 2.1116 -121.3939 -2.7541 -0.0012 0.0008 487 nissan_patrol
Car 1.00 1.00 0 0 0 0 0 0 0 0 -1000.00 -1000.00 -1000.00 -1000.00 1.6244 1.8781 -3.8906 -8.9868 2.1219 -137.0404 0.3875 -0.0012 0.0008 488 nissan_patrol
Car 1.00 1.00 0 0 0 0 0 0 0 0 -1000.00 -1000.00 -1000.00 -1000.00 1.7506 2.3538 -4.8416 -1.3222 2.1761 -109.5924 0.3875 -0.0012 0.0008 489 nissan_patrol
Car 1.00 1.00 7 8 13 54 18 0 0 0 -1000.00 -1000.00 -1000.00 -1000.00 1.9718 2.0005 -4.0595 4.0444 2.1400 -122.8453 -2.7541 -0.0012 0.0008 490 nissan_patrol
Car 1.00 1.00 0 0 0 0 0 0 0 0 -1000.00 -1000.00 -1000.00 -1000.00 1.9476 2.0282 4.8347 -23.4028 2.0968 -118.6043 -2.7541 -0.0012 0.0008 491 nissan_patrol
Car 1.00 1.00 0 0 0 0 0 0 0 0 -1000.00 -1000.00 -1000.00 -1000.00 1.9718 2.0005 4.0595 -22.3625 2.1159 -121.3057 -2.7541 -0.0012 0.0008 492 nissan_patrol
Car 1.00 1.00 0 0 0 0 0 0 0 0 -1000.00 -1000.00 -1000.00 -1000.00 1.6244 1.8781 3.8906 -6.1940 2.0974 -114.7077 0.3875 -0.0012 0.0008 493 nissan_patrol
Car 1.00 1.00 0 0 0 0 0 0 0 0 -1000.00 -1000.00 -1000.00 -1000.00 1.5488 2.0688 3.9961 -5.1637 2.1532 -117.2291 -2.7541 -0.0012 0.0008 494 nissan_patrol
Car 1.00 1.00 0 0 0 0 0 0 0 0 -1000.00 -1000.00 -1000.00 -1000.00 2.1397 2.1728 4.7017 -1.8618 2.1245 -125.2571 -2.7541 -0.0012 0.0008 495 nissan_patrol
Car 1.00 1.00 0 0 0 0 0 0 0 0 -1000.00 -1000.00 -1000.00 -1000.00 1.9476 2.0282 4.8347 1.2877 2.1347 -132.8471 -2.7541 -0.0012 0.0008 496 nissan_patrol
Car 1.00 1.00 0 0 0 0 0 0 0 0 -1000.00 -1000.00 -1000.00 -1000.00 1.5100 1.8730 4.1000 2.3197 2.1305 -135.5540 -2.7541 -0.0012 0.0008 497 nissan_patrol
Car 1.00 1.00 5 9 11 48 10 0 0 0 -1000.00 -1000.00 -1000.00 -1000.00 1.5488 2.0688 3.9961 10.9985 2.1664 -116.8809 0.3875 -0.0012 0.0008 498 nissan_patrol
Car 1.00 1.00 0 1 0 3 0 0 0 0 -1000.00 -1000.00 -1000.00 -1000.00 1.5100 1.8730 4.1000 12.0888 2.1195 -119.5628 0.3875 -0.0012 0.0008 499 nissan_patrol
Car 1.00 1.00 0 0 0 9 0 0 0 0 -1000.00 -1000.00 -1000.00 -1000.00 1.9476 2.0282 4.8347 13.1469 2.1317 -122.0296 -2.7541 -0.0012 0.0008 500 nissan_patrol
Car 1.00 1.00 22 33 53 176 13 0 0 0 -1000.00 -1000.00 -1000.00 -1000.00 2.1397 2.1728 -4.7017 12.6077 2.1110 -103.9075 -2.7541 -0.0012 0.0008 501 nissan_patrol
Car 1.00 1.00 6 7 7 20 1 0 0 0 -1000.00 -1000.00 -1000.00 -1000.00 1.9476 2.0282 -4.8347 13.7635 2.1136 -106.5627 0.3875 -0.0012 0.0008 502 nissan_patrol
Car 1.00 1.00 0 10 18 69 4 0 0 0 -1000.00 -1000.00 -1000.00 -1000.00 1.6244 1.8781 -3.8906 20.1134 2.1287 -122.3132 -2.7541 -0.0012 0.0008 503 nissan_patrol
Car 1.00 1.00 0 2 6 24 1 0 0 0 -1000.00 -1000.00 -1000.00 -1000.00 1.7506 2.3538 -4.8416 21.0881 2.2132 -124.7658 -2.7541 -0.0012 0.0008 504 nissan_patrol
Car 1.00 1.00 0 0 0 0 0 0 0 0 -1000.00 -1000.00 -1000.00 -1000.00 1.9476 2.0282 4.8347 72.8412 2.1555 -130.3697 1.9583 -0.0012 0.0008 505 nissan_patrol
Car 0.00 1.00 0 0 0 0 0 0 0 0 1644.14 363.73 1673.43 373.19 1.5475 1.9070 4.4025 94.2936 2.1825 -119.8146 1.9583 -0.0012 0.0008 506 seat_leon
Car 0.00 1.00 0 0 0 0 0 0 0 0 1794.11 357.32 1841.21 375.69 2.5908 2.7453 5.4640 81.5137 2.2170 -126.7623 1.9583 -0.0012 0.0008 507 carlamotors_carlacola
Car 0.00 1.00 0 0 0 0 0 0 0 0 1296.82 358.92 1318.68 367.90 2.5908 2.7453 5.4640 163.1832 2.2797 -103.9698 -1.1833 -0.0012 0.0008 508 carlamotors_carlacola
Car 0.00 1.00 0 0 0 0 0 0 0 0 1285.84 358.95 1307.25 367.75 2.5908 2.7453 5.4640 166.4131 2.2809 -102.6516 -1.1833 -0.0012 0.0008 509 carlamotors_carlacola
Car 0.00 1.00 0 0 0 0 0 0 0 0 1229.52 358.20 1254.10 367.98 2.5908 2.7453 5.4640 150.9974 2.1167 -78.4433 -2.7541 -0.0012 0.0008 510 carlamotors_carlacola
Car 0.00 1.00 0 0 0 0 0 0 0 0 1849.27 357.16 1899.18 376.52 2.5908 2.7453 5.4640 77.5224 2.2156 -128.3913 1.9583 -0.0012 0.0008 511 carlamotors_carlacola
Car 0.00 1.00 0 0 0 0 0 0 0 0 1052.46 358.79 1115.69 379.52 2.2031 2.5091 6.5872 61.9250 2.0782 -15.7721 1.4347 -0.0012 0.0008 512 tesla_cybertruck