Car 0.00 1.00 0 0 0 0 0 0 0 0 1387.27 338.16 1404.82 342.22 1.5542 2.3421 5.1370 228.7867 -7.3620 -181.3721 1.3102 0.0042 0.0203 0 lincoln2020_mkz2020
Car 1.00 1.00 6653 237631 380072 0 0 0 0 0 -1000.00 -1000.00 -1000.00 -1000.00 2.1397 2.1728 4.7045 -0.0005 2.0932 -2.2389 1.5708 0.0000 0.0000 1 volkswagen_t2
Motorcycle 1.00 1.00 0 0 0 0 0 0 0 0 -1000.00 -1000.00 -1000.00 -1000.00 1.6960 1.0692 2.4735 -35.6477 -0.8452 106.9686 0.2596 -0.1052 0.0061 2 harley_davidson_low_rider
Motorcycle 1.00 1.00 0 0 0 0 0 0 0 0 -1000.00 -1000.00 -1000.00 -1000.00 1.6960 1.0692 2.4735 -33.3465 0.2324 -308.0239 0.2522 0.0080 0.0065 3 harley_davidson_low_rider
Car 0.00 1.00 0 0 0 0 0 0 0 0 1193.86 364.94 1222.26 373.80 1.6320 2.1403 5.2230 106.9094 2.5835 -49.5722 -2.8840 0.0012 0.0065 4 dodge_charger_police
Car 1.00 1.00 0 0 0 0 0 0 0 0 -1000.00 -1000.00 -1000.00 -1000.00 1.5542 2.3421 5.1370 -35.2297 -0.8007 103.7697 0.1856 -0.1115 0.0110 5 lincoln2020_mkz2020
Car 1.00 1.00 0 0 0 0 0 0 0 0 -1000.00 -1000.00 -1000.00 -1000.00 1.4546 2.0938 4.3903 -113.9644 -0.2787 -308.8843 3.0425 0.0051 0.0041 6 audi_tt
Car 1.00 1.00 0 0 0 0 0 0 0 0 -1000.00 -1000.00 -1000.00 -1000.00 1.4477 1.5550 2.3177 27.1988 1.6911 -106.4252 1.8427 -0.0002 0.0065 7 bmw_isetta
Car 1.00 1.00 0 0 0 0 0 0 0 0 -1000.00 -1000.00 -1000.00 -1000.00 1.7173 2.2591 5.2781 -128.7014 -0.3319 -302.7653 2.8780 -0.0022 0.0014 8 mercedes_benz_coupe
Car 1.00 1.00 0 0 0 0 0 0 0 0 -1000.00 -1000.00 -1000.00 -1000.00 1.4812 2.1349 5.6254 29.1205 2.7044 76.4188 0.2160 0.0055 0.0065 9 chevrolet_impala
Car 0.00 1.00 0 0 0 0 0 0 0 0 1047.90 364.72 1070.35 371.41 1.6115 2.2019 5.2564 144.0667 2.8759 -27.8247 -1.2729 0.0058 0.0072 10 charger2020_charger2020
Car 0.00 1.00 0 0 0 0 0 0 0 0 1410.83 360.72 1452.40 373.01 2.2031 2.5091 6.5872 102.4938 2.3446 -88.5568 1.8357 0.0033 0.0065 11 tesla_cybertruck
Car 1.00 1.00 0 0 0 0 0 0 0 0 -1000.00 -1000.00 -1000.00 -1000.00 1.5140 2.1024 4.9073 -120.7615 0.7543 -110.5048 -2.9533 0.0040 0.0062 12 mercedesccc_mercedesccc
Car 0.00 1.00 0 0 0 0 0 0 0 0 1534.20 362.28 1563.44 369.83 1.6980 1.9434 4.1871 128.8586 2.2384 -138.0003 -2.8861 0.0055 0.0065 13 citroen_c3
Car 0.00 1.00 0 0 0 0 0 0 0 0 1266.70 365.90 1306.88 375.72 1.4812 2.1349 5.6254 89.3821 2.4375 -54.2496 -2.8822 0.0055 0.0065 14 chevrolet_impala
Car 0.00 1.00 0 0 0 0 0 0 0 0 1500.51 362.70 1533.22 369.63 1.6320 2.1403 5.2230 134.6328 2.2887 -136.4048 -2.9291 0.0012 0.0062 15 dodge_charger_police
Car 1.00 1.00 0 0 1 9 0 0 0 0 -1000.00 -1000.00 -1000.00 -1000.00 1.5863 2.2347 5.1468 33.6336 1.4007 -173.7753 0.2562 0.0056 0.0038 16 lincoln_mkz2017
Car 1.00 1.00 0 0 0 0 0 0 0 0 -1000.00 -1000.00 -1000.00 -1000.00 1.7318 2.1344 5.0985 -8.0173 -3.8253 111.0621 0.2608 -0.1070 0.0063 17 audi_etron
Car 1.00 1.00 0 1 2 2 0 0 0 0 -1000.00 -1000.00 -1000.00 -1000.00 1.7506 2.3538 4.8416 27.4924 1.3617 -175.3881 0.2576 0.0055 0.0065 18 bmw_grandtourer
Car 0.00 0.31 24 35 50 1468 0 0 1 3 490.47 371.10 545.80 388.39 1.5765 1.9374 3.8150 55.9945 2.7239 41.4956 -1.3267 0.0042 0.0065 19 nissan_micra
Motorcycle 1.00 1.00 0 0 0 0 0 0 0 0 -1000.00 -1000.00 -1000.00 -1000.00 1.6960 1.0692 2.4735 30.1545 1.4861 -144.2106 -1.3209 0.0101 0.0065 20 harley_davidson_low_rider
Car 1.00 1.00 0 0 0 0 0 0 0 0 -1000.00 -1000.00 -1000.00 -1000.00 1.5765 1.9374 3.8150 15.4581 1.2564 -178.5498 0.2685 0.0056 0.0065 21 nissan_micra
Car 0.00 1.00 0 0 0 0 0 0 0 0 962.96 364.93 986.15 371.82 1.7203 2.2019 5.4994 142.5616 2.9881 -5.9497 1.8663 0.0047 0.0072 22 chargercop2020_chargercop2020
Car 1.00 1.00 1652 1904 3011 18730 478 0 0 0 -1000.00 -1000.00 -1000.00 -1000.00 1.5475 1.9070 4.4025 -1.7030 2.0087 -12.8167 1.8162 0.0055 0.0065 23 seat_leon
Car 1.00 1.00 0 0 0 0 0 0 0 0 -1000.00 -1000.00 -1000.00 -1000.00 1.3660 1.9896 4.9534 -22.4023 0.5102 -272.1647 -1.3473 0.0052 0.0065 24 mustang_mustang
Cyclist 1.00 1.00 0 0 0 3 0 0 0 0 -1000.00 -1000.00 -1000.00 -1000.00 1.9709 0.6705 1.7250 -91.1562 1.5604 3.8569 -1.3131 0.0125 0.0065 25 diamondback_century
Cyclist 1.00 1.00 0 0 1 1 0 0 0 0 -1000.00 -1000.00 -1000.00 -1000.00 1.7065 0.8593 1.4873 -77.4593 1.5625 -6.4688 -2.8854 0.0054 0.0065 26 bh_crossbike
Car 1.00 1.00 0 0 0 0 0 0 0 0 -1000.00 -1000.00 -1000.00 -1000.00 2.1397 2.1728 4.7045 -104.7596 0.8987 -106.4847 -2.8931 -0.0044 0.0064 27 volkswagen_t2
Car 1.00 1.00 0 0 0 0 0 0 0 0 -1000.00 -1000.00 -1000.00 -1000.00 1.9718 2.0005 4.0595 -111.5088 1.5841 35.9518 -2.8134 0.0055 0.0058 28 jeep_wrangler_rubicon
Car 0.00 0.44 5 7 12 63 0 0 0 0 760.12 367.35 773.62 376.08 1.5627 2.2716 5.0314 109.8487 3.0598 35.6382 0.2908 0.0055 0.0065 29 tesla_model3
Car 1.00 1.00 0 0 0 0 0 0 0 0 -1000.00 -1000.00 -1000.00 -1000.00 1.4546 2.0938 4.3903 -31.9857 0.9017 -177.2987 3.0473 0.0055 -0.0971 30 audi_tt
Car 0.00 1.00 0 0 0 0 0 0 0 0 1060.64 364.96 1077.87 370.94 1.5488 2.0688 3.9961 148.9043 2.8925 -31.3747 1.8285 -0.0016 0.0062 31 mini_cooperst
Car 1.00 1.00 207 226 381 1455 173 0 0 0 -1000.00 -1000.00 -1000.00 -1000.00 1.6011 2.1072 4.7392 -1.0374 1.9175 -30.4223 -1.3046 0.0054 0.0066 32 toyota_prius
Car 1.00 1.00 0 0 0 0 0 0 0 0 -1000.00 -1000.00 -1000.00 -1000.00 2.1397 2.1728 4.7045 -134.7835 0.6770 -110.4780 -1.2251 0.0053 0.0065 33 volkswagen_t2
Car 1.00 1.00 0 0 0 0 0 0 0 0 -1000.00 -1000.00 -1000.00 -1000.00 1.6011 2.1072 4.7392 -128.3206 -0.4239 -317.2930 -0.2266 0.0054 0.0082 34 toyota_prius
Car 0.00 1.00 0 0 0 0 0 0 0 0 906.10 369.23 944.25 379.67 1.3660 1.9896 4.9534 77.5378 2.6627 2.5775 1.8389 0.0055 0.0065 35 mustang_mustang
Car 0.00 0.48 13 14 25 100 0 0 0 1 723.94 368.12 742.68 378.94 1.6011 2.1072 4.7392 88.1348 2.9020 33.3373 -2.8867 0.0055 0.0065 36 toyota_prius
Car 1.00 1.00 28 23 33 182 8 0 0 0 -1000.00 -1000.00 -1000.00 -1000.00 1.7506 2.3538 4.8416 14.5258 1.7478 -83.6367 2.3397 0.0054 0.0069 37 bmw_grandtourer
Car 1.00 1.00 0 0 0 0 0 0 0 0 -1000.00 -1000.00 -1000.00 -1000.00 2.2031 2.5091 6.5872 53.8951 1.6297 -161.3024 -2.8903 0.0055 0.0065 38 tesla_cybertruck
Motorcycle 0.00 1.00 0 0 0 0 0 0 0 0 299.31 369.90 325.05 381.76 1.6387 1.2138 2.3199 83.3029 3.1553 93.8642 -3.0124 0.0058 -0.0208 39 yamaha_yzf
Car 1.00 1.00 30 29 49 154 0 5 0 0 -1000.00 -1000.00 -1000.00 -1000.00 1.9476 2.0282 4.8347 -74.8753 1.4785 -30.6950 1.8222 0.0051 0.0065 40 nissan_patrol
Car 1.00 1.00 0 2 2 4 2 0 0 0 -1000.00 -1000.00 -1000.00 -1000.00 1.6115 2.2019 5.2564 18.5708 1.7369 -88.8800 1.9193 0.0134 0.0073 41 charger2020_charger2020
Car 0.00 1.00 0 0 0 0 0 0 0 0 1577.20 361.78 1607.36 367.63 1.6115 2.2019 5.2564 158.5942 2.1275 -181.9311 -2.6832 0.0045 -0.0007 42 charger2020_charger2020
Motorcycle 0.00 0.92 2 0 2 91 0 0 0 0 501.30 370.14 534.61 387.07 1.6649 1.0692 2.4735 58.7032 2.7543 43.7114 -1.2294 0.0088 0.0072 43 harley_davidson_low_rider
Car 1.00 1.00 0 0 0 0 0 0 0 0 -1000.00 -1000.00 -1000.00 -1000.00 1.5542 2.3421 5.1370 -34.6782 0.7951 -205.4342 1.7893 0.0055 0.0065 44 lincoln2020_mkz2020
Motorcycle 0.00 1.00 0 0 0 0 0 0 0 0 875.96 367.12 895.30 379.96 1.6960 1.0692 2.4735 76.0723 2.6715 7.8299 1.8355 0.0084 0.0066 45 harley_davidson_low_rider
Cyclist 0.00 1.00 0 0 0 0 0 0 0 0 1403.17 362.21 1415.35 373.49 1.9310 0.5921 1.9272 96.4896 2.3163 -79.6080 1.8220 0.0014 0.0065 46 gazelle_omafiets
Car 0.00 0.38 51 57 102 481 0 0 0 5 683.42 369.21 723.68 392.29 1.7318 2.1344 5.0985 48.4325 2.5831 19.5853 0.2314 0.0055 0.0065 47 audi_etron
Car 0.00 1.00 0 0 0 0 0 0 0 0 1045.78 363.43 1067.01 371.56 1.9476 2.0282 4.8347 140.4618 2.8473 -26.4933 -1.3091 0.0051 0.0065 48 nissan_patrol
Car 1.00 1.00 0 0 0 0 0 0 0 0 -1000.00 -1000.00 -1000.00 -1000.00 1.7203 2.2019 5.4994 22.1746 2.6246 70.8401 0.2977 0.0051 0.0058 49 chargercop2020_chargercop2020
Car 1.00 1.00 0 0 0 0 0 0 0 0 -1000.00 -1000.00 -1000.00 -1000.00 1.6244 1.8781 3.8906 -129.8108 0.6190 -124.1654 2.2285 0.0049 0.0053 50 audi_a2
Car 1.00 1.00 0 0 0 0 0 0 0 0 -1000.00 -1000.00 -1000.00 -1000.00 1.5863 2.2347 5.1468 21.3156 1.3164 -177.1785 0.2651 0.0055 0.0065 51 lincoln_mkz2017
Cyclist 1.00 1.00 0 0 0 0 0 0 0 0 -1000.00 -1000.00 -1000.00 -1000.00 1.9709 0.6705 1.7250 -140.4448 0.6509 -103.7817 -1.3168 0.0105 0.0065 52 diamondback_century
Cyclist 1.00 1.00 3 9 14 36 3 0 0 0 -1000.00 -1000.00 -1000.00 -1000.00 1.9311 0.5921 1.9272 12.6257 1.7650 -75.1674 1.2547 0.0012 0.0061 53 gazelle_omafiets
Car 0.00 1.00 0 0 0 0 0 0 0 0 989.39 364.74 1011.14 371.44 1.7173 2.2591 5.2781 147.6493 2.9960 -12.8772 1.8291 -0.0017 0.0063 54 mercedes_benz_coupe
Car 0.00 1.00 0 0 0 0 0 0 0 0 1719.74 362.09 1751.26 369.51 1.5542 2.3421 5.1370 119.3261 2.0034 -167.7399 1.8542 0.0055 0.0065 55 lincoln2020_mkz2020
Car 1.00 1.00 0 0 0 0 0 0 0 0 -1000.00 -1000.00 -1000.00 -1000.00 1.7506 2.3538 4.8416 39.6105 1.4341 -172.0376 -1.9613 0.0069 0.0094 56 bmw_grandtourer
Car 0.00 1.00 0 0 0 0 0 0 0 0 973.08 368.39 1008.66 379.63 1.4546 2.0938 4.3903 76.2766 2.6132 -6.4161 1.8281 0.0055 0.0065 57 audi_tt
Car 1.00 1.00 0 0 0 0 0 0 0 0 -1000.00 -1000.00 -1000.00 -1000.00 1.7173 2.2591 5.2781 -121.5580 0.7431 -114.6471 -2.8540 -0.0016 0.0063 58 mercedes_benz_coupe
Car 0.00 1.00 0 0 0 0 0 0 0 0 1468.08 364.95 1530.22 378.52 1.5542 2.3421 5.1370 70.8996 2.2223 -70.0769 0.2605 0.0055 0.0065 59 lincoln2020_mkz2020
Car 0.00 0.74 0 8 11 77 0 0 0 2 658.60 364.79 685.86 375.45 2.1397 2.1728 4.7045 118.0426 3.1906 58.4560 -1.3295 0.0055 0.0065 60 volkswagen_t2
Car 0.00 1.00 0 0 0 0 0 0 0 0 1047.94 363.94 1061.33 368.44 1.7506 2.3538 4.8416 227.6726 3.3995 -40.9404 -1.3210 0.0051 0.0065 61 bmw_grandtourer
Car 0.00 1.00 0 0 0 0 0 0 0 0 1691.67 361.84 1723.25 369.50 1.6320 2.1403 5.2230 121.8207 2.0488 -165.1141 1.7859 0.0012 0.0065 62 dodge_charger_police
Car 1.00 1.00 0 0 0 0 0 0 0 0 -1000.00 -1000.00 -1000.00 -1000.00 1.6980 1.9434 4.1871 25.8091 1.7114 -101.6007 1.8344 0.0055 0.0065 63 citroen_c3
Car 0.00 1.00 0 0 0 0 0 0 0 0 1413.82 364.78 1451.49 373.54 1.4812 2.1349 5.6254 97.7576 2.3255 -84.7113 1.8167 0.0055 0.0065 64 chevrolet_impala
Car 1.00 1.00 35 37 58 224 27 0 0 0 -1000.00 -1000.00 -1000.00 -1000.00 1.6115 2.2019 5.2564 5.4962 1.7556 -67.9779 -1.2704 0.0114 0.0066 65 charger2020_charger2020
Car 0.00 0.59 0 4 4 18 0 0 0 0 790.21 367.10 798.36 372.46 1.3660 1.9896 4.9534 155.6407 3.3971 43.9616 0.2535 0.0055 0.0065 66 mustang_mustang
Motorcycle 0.00 1.00 0 0 0 0 0 0 0 0 281.80 371.89 317.10 387.54 1.5852 1.1236 2.1350 59.6512 2.8663 67.5873 1.8340 0.0142 0.0065 67 kawasaki_ninja
Car 1.00 1.00 0 0 0 0 0 0 0 0 -1000.00 -1000.00 -1000.00 -1000.00 1.5488 2.0688 3.9961 -130.0580 0.5180 -142.7672 -1.3279 0.0057 0.0065 68 mini_cooperst
Car 1.00 1.00 0 0 0 0 0 0 0 0 -1000.00 -1000.00 -1000.00 -1000.00 1.5542 2.3421 5.1370 -133.7999 0.6328 -117.0077 -1.2762 0.0054 0.0062 69 lincoln2020_mkz2020
Car 1.00 1.00 0 0 0 0 0 0 0 0 -1000.00 -1000.00 -1000.00 -1000.00 1.9718 2.0005 4.0595 -45.7407 1.3580 -90.3101 -2.8826 0.0051 0.0064 70 jeep_wrangler_rubicon
Car 1.00 1.00 0 0 0 0 0 0 0 0 -1000.00 -1000.00 -1000.00 -1000.00 1.7506 2.3538 4.8416 19.0521 1.3158 -173.7347 0.2217 0.0056 0.0065 71 bmw_grandtourer
Car 0.00 1.00 0 0 0 0 0 0 0 0 1030.44 363.05 1047.14 368.30 2.2031 2.5091 6.5872 237.0620 3.5080 -35.7870 1.8391 0.0055 0.0065 72 tesla_cybertruck
Car 1.00 1.00 0 0 0 0 0 0 0 0 -1000.00 -1000.00 -1000.00 -1000.00 1.6244 1.8781 3.8906 -101.4488 1.8695 70.1401 1.8254 -0.0016 0.0054 73 audi_a2
Car 0.00 1.00 0 0 0 0 0 0 0 0 1644.57 361.75 1676.89 371.29 1.7203 2.2019 5.4994 107.8039 2.0998 -137.2308 -1.2289 0.0051 0.0090 74 chargercop2020_chargercop2020
Car 1.00 1.00 0 0 0 0 0 0 0 0 -1000.00 -1000.00 -1000.00 -1000.00 1.6320 2.1403 5.2230 -105.5280 1.8657 72.0339 1.8282 0.0021 0.0065 75 dodge_charger_police
Car 0.00 0.37 47 48 89 379 0 0 0 7 730.37 371.46 764.71 392.80 1.5140 2.1024 4.9073 46.7572 2.5317 15.1998 0.2544 0.0055 0.0065 76 mercedesccc_mercedesccc
Car 0.00 1.00 0 0 0 0 0 0 0 0 1741.20 361.63 1765.94 369.26 1.6244 1.8781 3.8906 120.8286 1.9793 -173.7507 1.8431 0.0050 0.0054 77 audi_a2
Car 1.00 1.00 0 0 0 0 0 0 0 0 -1000.00 -1000.00 -1000.00 -1000.00 1.6244 1.8781 3.8906 -41.9570 1.3616 -92.9807 -2.8951 0.0050 0.0054 78 audi_a2
Car 1.00 1.00 0 3 5 17 0 0 0 0 -1000.00 -1000.00 -1000.00 -1000.00 1.7203 2.2019 5.4994 62.6076 1.3753 -205.7762 -0.5238 0.0080 0.0076 79 chargercop2020_chargercop2020
Car 1.00 1.00 0 0 0 0 0 0 0 0 -1000.00 -1000.00 -1000.00 -1000.00 2.1397 2.1728 4.7045 -178.6420 0.1418 -149.5835 -1.3426 -0.0006 0.0092 80 volkswagen_t2
Car 0.00 1.00 0 0 0 0 0 0 0 0 1834.72 362.28 1871.87 369.22 1.3660 1.9896 4.9534 116.1665 1.8702 -187.7781 -1.4983 0.0035 0.0072 81 mustang_mustang
Car 0.00 1.00 0 0 0 0 0 0 0 0 1497.38 363.80 1571.45 380.27 1.7203 2.2019 5.4994 64.6414 2.1974 -68.0018 0.2923 0.0053 0.0072 82 chargercop2020_chargercop2020
Car 1.00 1.00 0 0 0 0 0 0 0 0 -1000.00 -1000.00 -1000.00 -1000.00 1.6244 1.8781 3.8906 15.5843 0.5061 -276.6511 -2.8807 0.0491 0.0054 83 audi_a2
Car 0.00 1.00 0 0 0 0 0 0 0 0 952.08 367.10 982.27 379.07 1.6244 1.8781 3.8906 79.1054 2.6402 -3.2399 1.8296 0.0050 0.0054 84 audi_a2
Car 0.00 1.00 0 0 0 0 0 0 0 0 1305.62 363.92 1323.05 368.06 1.3660 1.9896 4.9534 188.6302 2.7036 -122.1419 -2.9008 0.0055 0.0065 85 mustang_mustang
Car 0.00 1.00 0 0 0 1 0 0 0 0 765.93 334.64 779.40 340.12 1.6244 1.8781 3.8906 176.2609 -6.3327 56.9651 1.8156 0.0083 0.0054 86 audi_a2
Car 1.00 1.00 0 0 0 0 0 0 0 0 -1000.00 -1000.00 -1000.00 -1000.00 1.9718 2.0005 4.0595 -51.4303 0.7410 -196.3863 0.2817 0.0051 0.0064 87 jeep_wrangler_rubicon
Car 1.00 1.00 0 0 0 0 0 0 0 0 -1000.00 -1000.00 -1000.00 -1000.00 1.9718 2.0005 4.0595 68.1501 -5.3440 144.3171 -3.0334 0.0148 0.0118 88 jeep_wrangler_rubicon
Car 1.00 1.00 0 0 0 0 0 0 0 0 -1000.00 -1000.00 -1000.00 -1000.00 1.3660 1.9896 4.9534 47.0323 -5.3411 122.1135 0.2558 -0.0052 0.0065 89 mustang_mustang
Motorcycle 1.00 1.00 79 85 134 4746 0 11 14 0 -1000.00 -1000.00 -1000.00 -1000.00 1.6649 1.0692 2.4735 -17.2041 2.0706 19.1045 -1.3085 0.0113 0.0060 90 harley_davidson_low_rider
Car 1.00 1.00 0 0 0 0 0 0 0 0 -1000.00 -1000.00 -1000.00 -1000.00 1.5475 1.9070 4.4025 -31.2604 0.2984 -300.5629 1.5464 0.0055 0.0065 91 seat_leon
Motorcycle 0.00 1.00 0 0 0 0 0 0 0 0 863.62 365.96 873.71 372.82 1.6387 1.2138 2.3199 135.3674 3.0896 19.9011 1.8157 0.0053 0.0065 92 yamaha_yzf
Cyclist 1.00 1.00 0 0 0 0 0 0 0 0 -1000.00 -1000.00 -1000.00 -1000.00 1.9311 0.5921 1.9272 -148.7015 1.2624 26.4891 -2.7878 0.0031 0.0056 93 gazelle_omafiets
Car 1.00 1.00 0 0 0 0 0 0 0 0 -1000.00 -1000.00 -1000.00 -1000.00 1.5140 2.1024 4.9073 -128.8756 0.6682 -116.5032 -2.8625 0.0055 0.0065 94 mercedesccc_mercedesccc
Car 1.00 1.00 0 2 2 0 0 0 0 0 -1000.00 -1000.00 -1000.00 -1000.00 1.4546 2.0938 4.3903 46.3485 1.4260 -177.7768 1.9338 0.0055 0.0065 95 audi_tt
Car 1.00 1.00 1 3 12 52 0 1 0 0 -1000.00 -1000.00 -1000.00 -1000.00 2.1397 2.1728 4.7045 -78.4233 1.4747 -31.6864 1.8356 0.0055 0.0065 96 volkswagen_t2
Car 1.00 1.00 0 1 1 0 0 0 0 0 -1000.00 -1000.00 -1000.00 -1000.00 1.5140 2.1024 4.9073 -92.6868 1.5937 9.5976 -1.3131 0.0037 0.0065 97 mercedesccc_mercedesccc
Car 0.00 1.00 0 0 0 0 0 0 0 0 950.71 365.18 965.81 369.18 1.4812 2.1349 5.6254 220.9663 3.5825 -1.5517 -1.3213 0.0046 0.0067 98 chevrolet_impala
Car 0.00 1.00 0 1 1 2 0 0 0 0 667.02 367.24 688.54 374.95 1.5765 1.9374 3.8150 121.5489 3.1907 59.0868 -1.3249 0.0057 0.0065 99 nissan_micra
Motorcycle 0.00 0.93 0 0 0 6 0 0 0 0 896.49 367.82 914.15 380.27 1.5853 1.1236 2.1350 73.2554 2.6131 4.8898 1.8304 0.0054 0.0065 100 kawasaki_ninja
Car 1.00 1.00 0 0 0 0 0 0 0 0 -1000.00 -1000.00 -1000.00 -1000.00 1.9476 2.0282 4.8347 -33.1972 0.7604 -211.6157 1.7896 0.0051 0.0065 101 nissan_patrol
Car 1.00 1.00 0 0 0 0 0 0 0 0 -1000.00 -1000.00 -1000.00 -1000.00 2.1397 2.1728 4.7045 -94.1806 1.7790 42.6069 1.8284 0.0037 0.0065 102 volkswagen_t2
Car 1.00 1.00 0 0 0 0 0 0 0 0 -1000.00 -1000.00 -1000.00 -1000.00 1.3660 1.9896 4.9534 -94.3530 1.5414 1.8891 -1.3224 0.0061 0.0073 103 mustang_mustang
Car 0.00 1.00 0 0 0 0 0 0 0 0 168.45 373.23 261.00 390.53 1.5627 2.2716 5.0314 55.3271 2.8959 70.6137 1.8745 0.0045 0.0064 104 tesla_model3
Car 0.00 1.00 0 0 0 0 0 0 0 0 1249.49 365.20 1285.64 374.46 1.5542 2.3421 5.1370 98.1552 2.4761 -56.0821 -2.7128 0.0055 0.0065 105 lincoln2020_mkz2020
Car 0.00 1.00 0 0 0 0 0 0 0 0 1669.77 362.56 1707.39 371.53 1.5627 2.2716 5.0314 103.8764 2.0745 -137.4154 -1.3654 0.0060 0.0067 106 tesla_model3
Car 1.00 1.00 0 0 0 0 0 0 0 0 -1000.00 -1000.00 -1000.00 -1000.00 1.5765 1.9374 3.8150 -70.7449 1.1972 -86.9237 -1.3007 0.0036 0.0065 107 nissan_micra
Cyclist 1.00 1.00 0 0 0 0 0 0 0 0 -1000.00 -1000.00 -1000.00 -1000.00 1.9311 0.5921 1.9272 -52.9984 1.2547 -95.8566 -2.8779 0.0015 0.0065 108 gazelle_omafiets
Cyclist 0.00 1.00 0 0 0 0 0 0 0 0 1144.14 336.97 1149.45 342.12 1.9311 0.5921 1.9272 213.9493 -6.8892 -73.9941 1.8420 0.0019 0.0065 109 gazelle_omafiets
Car 1.00 1.00 35 34 57 209 12 0 0 0 -1000.00 -1000.00 -1000.00 -1000.00 1.4546 2.0938 4.3903 7.7538 1.8046 -62.6675 -1.3117 0.0047 0.0065 110 audi_tt
Car 1.00 1.00 0 0 0 0 0 0 0 0 -1000.00 -1000.00 -1000.00 -1000.00 1.9476 2.0282 4.8347 -48.2422 1.3024 -94.6007 -2.8791 0.0051 0.0065 111 nissan_patrol
Car 1.00 1.00 0 0 0 0 0 0 0 0 -1000.00 -1000.00 -1000.00 -1000.00 1.4546 2.0938 4.3903 20.4363 1.7099 -95.0161 1.8255 0.0055 0.0065 112 audi_tt
Car 0.00 1.00 0 0 0 0 0 0 0 0 1383.98 362.23 1402.61 367.65 1.7506 2.3538 4.8416 182.7193 2.4865 -144.2659 1.8260 0.0055 0.0065 113 bmw_grandtourer
Car 1.00 1.00 0 3 5 10 0 0 0 0 -1000.00 -1000.00 -1000.00 -1000.00 1.9718 2.0005 4.0595 27.0299 1.4670 -146.5657 -1.2940 0.0103 0.0064 114 jeep_wrangler_rubicon
Motorcycle 0.00 1.00 0 0 0 0 0 0 0 0 1016.85 364.99 1026.90 371.37 1.6387 1.2138 2.3199 145.4795 2.9460 -18.3624 1.8290 0.0061 0.0065 115 yamaha_yzf
Car 0.21 1.00 0 0 0 0 0 0 0 0 1865.15 360.86 1920.00 371.87 1.7203 2.2019 5.4994 93.2072 1.8891 -158.3888 0.3012 0.0054 0.0072 116 chargercop2020_chargercop2020
Car 0.00 1.00 0 0 0 0 0 0 0 0 1175.58 364.57 1197.39 373.23 1.6980 1.9434 4.1871 112.8865 2.6270 -47.9193 -2.8893 0.0055 0.0065 117 citroen_c3
Car 1.00 1.00 0 0 0 0 0 0 0 0 -1000.00 -1000.00 -1000.00 -1000.00 1.5542 2.3421 5.1370 -183.3731 -0.4801 -261.7357 2.1145 0.0041 -0.0074 118 lincoln2020_mkz2020
Car 0.00 1.00 0 0 0 0 0 0 0 0 1248.68 358.54 1295.74 377.79 2.5908 2.7453 5.4640 80.0801 2.4311 -46.7610 -1.3031 0.0100 0.0065 119 carlamotors_carlacola
Car 0.00 1.00 0 0 0 0 0 0 0 0 1031.37 366.97 1062.36 378.69 1.5765 1.9374 3.8150 78.3776 2.5637 -14.3483 1.8241 0.0056 0.0065 120 nissan_micra
Car 1.00 1.00 0 0 0 0 0 0 0 0 -1000.00 -1000.00 -1000.00 -1000.00 1.4477 1.5550 2.3177 54.3034 -3.5128 -263.0412 -2.8805 0.1222 0.0069 121 bmw_isetta
Car 0.00 1.00 0 0 0 0 0 0 0 0 826.59 365.72 849.13 372.97 1.7173 2.2591 5.2781 136.9553 3.1487 27.7283 1.8373 -0.0024 0.0063 122 mercedes_benz_coupe
Car 1.00 1.00 14 6 12 53 0 8 0 0 -1000.00 -1000.00 -1000.00 -1000.00 1.7173 2.2591 5.2781 -72.4747 1.6610 -5.2089 -2.8817 -0.0016 0.0063 123 mercedes_benz_coupe
Car 0.00 1.00 0 0 0 0 0 0 0 0 1050.00 364.37 1060.28 368.17 1.5765 1.9374 3.8150 235.0380 3.4297 -42.4030 1.8449 0.0056 0.0065 124 nissan_micra
Car 0.00 1.00 0 0 0 0 0 0 0 0 290.40 371.91 374.23 388.84 1.6115 2.2019 5.2564 57.6750 2.8590 61.7633 1.9112 0.0035 0.0070 125 charger2020_charger2020
Car 0.00 0.38 0 6 9 42 0 0 0 0 773.70 365.15 783.24 373.20 1.9476 2.0282 4.8347 143.2816 3.3094 44.3237 0.2547 0.0020 0.0064 126 nissan_patrol
Car 1.00 1.00 0 0 0 1 0 0 0 0 -1000.00 -1000.00 -1000.00 -1000.00 1.5140 2.1024 4.9073 -6.4249 -3.9289 107.9384 0.2602 -0.1030 0.0063 127 mercedesccc_mercedesccc
Car 1.00 1.00 0 0 0 0 0 0 0 0 -1000.00 -1000.00 -1000.00 -1000.00 1.7173 2.2591 5.2781 -24.6475 0.5640 -262.8039 -1.3410 -0.0026 0.0063 128 mercedes_benz_coupe
Car 1.00 1.00 0 0 0 0 0 0 0 0 -1000.00 -1000.00 -1000.00 -1000.00 1.4812 2.1349 5.6254 32.2741 1.4748 -152.4630 -1.3020 0.0033 0.0065 129 chevrolet_impala
Car 1.00 1.00 0 1 1 22 0 1 0 0 -1000.00 -1000.00 -1000.00 -1000.00 2.1397 2.1728 4.7045 -131.5936 1.7308 78.4185 0.2661 0.0055 0.0065 130 volkswagen_t2
Car 0.00 1.00 0 0 0 0 0 0 0 0 1102.90 364.39 1115.70 370.29 1.6244 1.8781 3.8906 162.3397 2.9373 -45.6840 0.2605 0.0180 0.0052 131 audi_a2
Car 1.00 1.00 25 34 51 187 0 21 0 0 -1000.00 -1000.00 -1000.00 -1000.00 1.9476 2.0282 4.8347 -73.1539 1.6076 -9.1312 -2.9101 0.0051 0.0065 132 nissan_patrol
Car 1.00 1.00 23 19 28 106 23 0 0 0 -1000.00 -1000.00 -1000.00 -1000.00 1.9476 2.0282 4.8347 7.3460 1.6989 -83.3626 0.2624 0.0046 0.0064 133 nissan_patrol
Car 0.00 1.00 0 0 4 0 0 0 0 1 719.43 333.35 737.12 340.07 1.9476 2.0282 4.8347 173.0851 -6.2466 69.6658 1.8297 0.0093 0.0084 134 nissan_patrol
Car 1.00 1.00 61 59 85 338 0 56 0 0 -1000.00 -1000.00 -1000.00 -1000.00 1.7506 2.3538 4.8416 -57.8557 1.7351 -5.1116 -2.8695 0.0102 0.0063 135 bmw_grandtourer
Car 1.00 1.00 0 0 0 0 0 0 0 0 -1000.00 -1000.00 -1000.00 -1000.00 1.9476 2.0282 4.8347 23.5036 1.6475 -106.7273 1.8057 0.0052 0.0065 136 nissan_patrol
Car 0.00 0.02 212 231 366 17987 0 0 47 37 454.28 377.00 555.41 420.00 1.7203 2.2019 5.4994 24.0440 2.3949 16.4709 -2.8546 0.0040 0.0069 137 chargercop2020_chargercop2020
Car 1.00 1.00 72 82 135 618 22 0 0 0 -1000.00 -1000.00 -1000.00 -1000.00 2.5908 2.7453 5.4640 18.1489 1.8186 -79.9598 -2.3118 0.0077 0.0064 138 carlamotors_carlacola
Car 0.00 1.00 0 0 0 0 0 0 0 0 977.33 364.75 991.28 368.94 1.5863 2.2347 5.1468 223.8495 3.5378 -12.0152 -1.3011 0.0047 0.0065 139 lincoln_mkz2017
Car 0.00 1.00 0 2 4 12 0 0 0 1 760.88 365.29 769.97 373.08 1.9718 2.0005 4.0595 145.0552 3.3575 48.2965 -2.8586 0.0051 0.0064 140 jeep_wrangler_rubicon
Car 0.00 1.00 0 0 0 0 0 0 0 0 1373.26 362.86 1391.22 368.02 1.6011 2.1072 4.7392 176.6805 2.5161 -136.0450 1.8482 0.0047 0.0035 141 toyota_prius
Car 0.00 1.00 0 0 0 0 0 0 0 0 1226.88 363.11 1242.00 367.60 1.7318 2.1344 5.0985 222.8555 2.9982 -112.0538 -2.6228 0.0053 -0.0037 142 audi_etron
Car 1.00 1.00 0 0 0 0 0 0 0 0 -1000.00 -1000.00 -1000.00 -1000.00 2.2031 2.5091 6.5872 -48.3190 0.9594 -162.3111 -1.3546 0.0045 0.0065 143 tesla_cybertruck
Car 0.00 1.00 0 0 0 0 0 0 0 0 1790.41 361.45 1816.68 369.18 1.5765 1.9374 3.8150 119.2762 1.9118 -182.1942 -1.3192 0.0062 0.0065 144 nissan_micra
Car 1.00 1.00 0 0 0 0 0 0 0 0 -1000.00 -1000.00 -1000.00 -1000.00 1.4546 2.0938 4.3903 24.2853 1.7298 -95.9646 1.8337 0.0055 0.0065 145 audi_tt
Car 1.00 1.00 0 0 0 0 0 0 0 0 -1000.00 -1000.00 -1000.00 -1000.00 1.4812 2.1349 5.6254 -27.3077 0.5205 -266.2817 -1.3610 0.0026 0.0065 146 chevrolet_impala
Car 0.00 1.00 0 0 0 0 0 0 0 0 931.12 331.49 953.40 338.90 2.2031 2.5091 6.5872 175.1407 -6.6812 3.3276 -1.3224 0.0044 0.0065 147 tesla_cybertruck
Car 1.00 1.00 0 0 0 0 0 0 0 0 -1000.00 -1000.00 -1000.00 -1000.00 1.9718 2.0005 4.0595 -54.7218 1.2864 -92.7237 -2.8781 0.0049 0.0064 148 jeep_wrangler_rubicon
Car 1.00 1.00 0 0 0 0 0 0 0 0 -1000.00 -1000.00 -1000.00 -1000.00 1.3660 1.9896 4.9534 -48.8997 0.8659 -175.5647 -1.3378 0.0052 0.0065 149 mustang_mustang
Car 1.00 1.00 0 0 0 0 0 0 0 0 -1000.00 -1000.00 -1000.00 -1000.00 1.3660 1.9896 4.9534 47.1455 1.3708 -187.3733 2.1951 0.0055 0.0065 150 mustang_mustang
Car 1.00 1.00 0 1 1 57 0 1 0 0 -1000.00 -1000.00 -1000.00 -1000.00 2.5908 2.7453 5.4640 -91.2442 1.6764 18.0635 1.8252 0.0028 0.0065 151 carlamotors_carlacola
Car 0.00 1.00 0 0 0 0 0 0 0 0 1021.69 365.04 1044.52 371.86 1.5863 2.2347 5.1468 138.8400 2.8829 -20.4161 -1.3194 0.0055 0.0065 152 lincoln_mkz2017
Car 1.00 1.00 0 0 0 0 0 0 0 0 -1000.00 -1000.00 -1000.00 -1000.00 1.7506 2.3538 4.8416 140.1383 -8.4038 -262.2115 0.2568 0.0095 0.0065 153 bmw_grandtourer
Cyclist 0.00 1.00 0 0 0 0 0 0 0 0 1398.84 362.00 1410.11 373.05 1.9709 0.6705 1.7250 100.7515 2.3379 -82.1986 1.8214 -0.0017 0.0065 154 diamondback_century
Cyclist 1.00 1.00 0 0 0 0 0 0 0 0 -1000.00 -1000.00 -1000.00 -1000.00 1.9311 0.5921 1.9272 -136.2654 0.5656 -122.6163 0.2649 0.0014 0.0066 155 gazelle_omafiets
Motorcycle 0.00 1.00 0 0 0 0 0 0 0 0 1039.41 364.39 1045.37 369.40 1.6960 1.0692 2.4735 191.3909 3.2120 -30.5416 -2.8587 0.0089 0.0063 156 harley_davidson_low_rider
Car 1.00 1.00 0 0 0 0 0 0 0 0 -1000.00 -1000.00 -1000.00 -1000.00 2.1397 2.1728 4.7045 -36.3189 0.2553 -304.8009 -0.0410 0.0055 0.0065 157 volkswagen_t2
Car 1.00 1.00 0 0 0 0 0 0 0 0 -1000.00 -1000.00 -1000.00 -1000.00 1.5488 2.0688 3.9961 25.8555 -5.2778 116.4465 0.2569 -0.0051 0.0065 158 mini_cooperst
Cyclist 0.00 1.00 0 0 0 0 0 0 0 0 1460.24 361.50 1469.94 368.73 1.9311 0.5921 1.9272 151.4154 2.3474 -139.2680 0.2558 0.0023 0.0065 159 gazelle_omafiets
Car 1.00 1.00 0 1 0 2 0 0 0 0 -1000.00 -1000.00 -1000.00 -1000.00 1.4812 2.1349 5.6254 29.5653 1.4355 -156.3885 -1.3673 0.0047 -0.0046 160 chevrolet_impala
Car 1.00 1.00 0 0 0 0 0 0 0 0 -1000.00 -1000.00 -1000.00 -1000.00 1.7173 2.2591 5.2781 61.2195 -5.2981 147.2196 -2.9966 0.0092 0.0069 161 mercedes_benz_coupe
Car 1.00 1.00 0 0 0 0 0 0 0 0 -1000.00 -1000.00 -1000.00 -1000.00 1.9718 2.0005 4.0595 -125.5333 0.6755 -120.1193 1.8363 0.0051 0.0065 162 jeep_wrangler_rubicon
Car 1.00 1.00 227 254 424 7667 0 7 45 0 -1000.00 -1000.00 -1000.00 -1000.00 1.7506 2.3538 4.8416 -14.6197 2.1153 23.1615 -1.3553 0.0112 0.0066 163 bmw_grandtourer
Car 0.00 1.00 0 0 0 0 0 0 0 0 835.28 366.15 858.30 373.06 1.6115 2.2019 5.2564 134.0182 3.0990 24.9303 1.8480 0.0054 0.0071 164 charger2020_charger2020
Car 0.00 0.01 229 261 412 14866 0 0 47 27 181.03 385.00 349.00 442.00 1.6244 1.8781 3.8906 17.9755 2.3606 18.7194 -2.8676 0.0088 0.0055 165 audi_a2
Car 1.00 1.00 0 0 0 0 0 0 0 0 -1000.00 -1000.00 -1000.00 -1000.00 1.5475 1.9070 4.4025 -151.5804 -0.4655 -297.0542 2.6192 0.0049 -0.0019 166 seat_leon
Car 0.00 1.00 0 0 0 0 0 0 0 0 161.96 317.89 204.52 328.69 1.5765 1.9374 3.8150 97.0552 -5.5517 132.2783 -0.2246 -0.0071 -0.0071 167 nissan_micra
Car 1.00 1.00 0 2 1 0 0 0 0 0 -1000.00 -1000.00 -1000.00 -1000.00 1.5863 2.2347 5.1468 -95.8519 1.5671 8.1100 -1.3164 0.0055 0.0065 168 lincoln_mkz2017
Car 1.00 1.00 0 0 0 0 0 0 0 0 -1000.00 -1000.00 -1000.00 -1000.00 1.7506 2.3538 4.8416 21.9370 1.6778 -100.8345 1.8285 0.0055 0.0065 169 bmw_grandtourer
Car 0.00 1.00 0 0 0 0 0 0 0 0 923.20 368.54 968.20 380.32 1.4812 2.1349 5.6254 74.5536 2.6359 -0.3299 1.8293 0.0055 0.0065 170 chevrolet_impala
Car 0.00 1.00 0 0 0 0 0 0 0 0 1533.54 363.15 1570.79 369.67 1.4812 2.1349 5.6254 131.0670 2.2339 -141.0933 -2.8907 0.0055 0.0065 171 chevrolet_impala
Car 0.00 1.00 0 1 0 3 0 0 0 0 762.65 366.60 771.82 372.76 1.6011 2.1072 4.7392 150.5742 3.3980 49.7422 -2.8540 0.0055 0.0065 172 toyota_prius
Car 1.00 1.00 0 0 0 0 0 0 0 0 -1000.00 -1000.00 -1000.00 -1000.00 1.6115 2.2019 5.2564 101.7290 1.6312 -205.0786 0.3233 0.0054 0.0071 173 charger2020_charger2020
Car 1.00 1.00 0 0 0 0 0 0 0 0 -1000.00 -1000.00 -1000.00 -1000.00 1.5475 1.9070 4.4025 -49.9883 0.9740 -154.7210 -1.3178 0.0054 0.0065 174 seat_leon
Car 1.00 1.00 0 0 0 0 0 0 0 0 -1000.00 -1000.00 -1000.00 -1000.00 2.5908 2.7453 5.4640 -54.5394 1.1521 -121.1259 1.8041 0.0055 0.0065 175 carlamotors_carlacola
Car 0.00 1.00 0 0 0 0 0 0 0 0 1162.83 364.54 1184.91 370.00 1.4812 2.1349 5.6254 156.9210 2.7753 -62.3880 1.8410 0.0082 0.0057 176 chevrolet_impala
Car 1.00 1.00 0 0 0 43 0 0 0 0 -1000.00 -1000.00 -1000.00 -1000.00 1.9718 2.0005 4.0595 -104.0646 1.9893 94.5514 -2.6429 0.0051 0.0064 177 jeep_wrangler_rubicon
Car 1.00 1.00 0 0 0 0 0 0 0 0 -1000.00 -1000.00 -1000.00 -1000.00 1.6980 1.9434 4.1871 -26.3355 0.5836 -255.9224 -1.3421 0.0055 0.0065 178 citroen_c3
Car 0.00 1.00 0 0 0 0 0 0 0 0 1449.02 365.24 1497.87 378.65 1.5488 2.0688 3.9961 70.2616 2.2396 -66.2934 0.2371 0.0055 0.0065 179 mini_cooperst
Motorcycle 0.00 1.00 0 0 0 0 0 0 0 0 1368.72 363.73 1385.56 373.46 1.6960 1.0692 2.4735 99.2322 2.3631 -76.1444 1.8227 0.0085 0.0066 180 harley_davidson_low_rider
Car 0.00 1.00 0 0 0 0 0 0 0 0 1324.69 363.66 1334.61 368.01 1.4477 1.5550 2.3177 187.0256 2.6780 -126.2794 -2.8953 -0.0003 0.0065 181 bmw_isetta
Cyclist 0.00 1.00 0 0 0 0 0 0 0 0 1188.75 364.68 1200.66 375.76 1.7065 0.8593 1.4873 88.8799 2.4662 -39.4579 1.8411 0.0293 0.0056 182 bh_crossbike
Car 1.00 1.00 0 0 0 7 0 0 0 0 -1000.00 -1000.00 -1000.00 -1000.00 1.6011 2.1072 4.7392 -100.0103 2.0471 101.1339 -2.8969 0.0089 0.0064 183 toyota_prius
Car 1.00 1.00 0 0 0 0 0 0 0 0 -1000.00 -1000.00 -1000.00 -1000.00 1.5488 2.0688 3.9961 -124.6391 0.5813 -137.6380 1.8114 0.0058 0.0065 184 mini_cooperst
Car 1.00 1.00 0 0 0 0 0 0 0 0 -1000.00 -1000.00 -1000.00 -1000.00 1.6980 1.9434 4.1871 -25.4555 0.4853 -275.0353 -1.3905 0.0046 0.0048 185 citroen_c3
Car 0.00 0.99 0 4 7 34 0 0 0 1 745.13 366.85 754.68 373.24 1.5765 1.9374 3.8150 142.5936 3.3411 51.3969 -2.8692 0.0055 0.0065 186 nissan_micra
Car 0.00 1.00 0 0 0 0 0 0 0 0 1271.58 364.05 1306.42 374.79 1.7506 2.3538 4.8416 94.0806 2.4398 -57.4571 1.8523 0.0055 0.0065 187 bmw_grandtourer
Car 0.00 1.00 0 0 0 0 0 0 0 0 1809.94 361.62 1839.78 369.49 1.5488 2.0688 3.9961 115.1841 1.9083 -180.3510 -1.3491 0.0054 0.0065 188 mini_cooperst
Car 1.00 1.00 0 0 0 0 0 0 0 0 -1000.00 -1000.00 -1000.00 -1000.00 1.5488 2.0688 3.9961 -46.0691 0.9039 -172.1417 -1.3487 0.0051 0.0065 189 mini_cooperst
Car 0.00 1.00 0 0 0 0 0 0 0 0 1290.50 363.27 1306.80 367.95 1.6011 2.1072 4.7392 194.7192 2.7541 -120.5588 -2.9023 0.0055 0.0065 190 toyota_prius
Car 0.00 1.00 0 0 0 0 0 0 0 0 180.68 374.69 257.82 388.54 1.3660 1.9896 4.9534 59.0482 2.9319 75.2092 1.6791 0.0023 0.0060 191 mustang_mustang
Car 1.00 1.00 0 0 0 0 0 0 0 0 -1000.00 -1000.00 -1000.00 -1000.00 1.9476 2.0282 4.8347 -28.0167 0.2750 -306.5636 0.2590 0.0051 0.0065 192 nissan_patrol
Pedestrian 1.00 1.00 0 0 0 0 0 0 0 0 -1000.00 -1000.00 -1000.00 -1000.00 1.9158 0.4880 0.7507 -32.8238 0.0243 -315.1993 -2.8720 0.0055 0.0065 193 pedestrian_0019
Pedestrian 1.00 1.00 0 0 0 0 0 0 0 0 -1000.00 -1000.00 -1000.00 -1000.00 1.1330 0.4333 0.4775 -56.8468 1.1480 -87.4197 0.0344 0.0055 0.0065 194 pedestrian_0010
Pedestrian 1.00 1.00 0 0 0 0 0 0 0 0 -1000.00 -1000.00 -1000.00 -1000.00 1.9158 0.4880 0.7443 77.7838 1.2522 -214.9042 0.0955 0.0055 0.0065 195 pedestrian_0005
Pedestrian 0.00 1.00 0 0 0 0 0 0 0 0 1012.14 363.80 1013.79 368.75 1.9158 0.4880 0.6073 216.6047 3.3970 -22.8389 1.5439 0.0055 0.0065 196 pedestrian_0003
Pedestrian 0.00 1.00 0 0 0 0 0 0 0 0 358.73 319.10 365.57 329.29 1.9158 0.4880 0.7507 108.1028 -5.9543 113.2335 -0.3585 0.0055 0.0065 197 pedestrian_0021
Pedestrian 1.00 1.00 0 0 0 0 0 0 0 0 -1000.00 -1000.00 -1000.00 -1000.00 1.9158 0.4880 0.5458 -271.4816 -0.0442 -43.4391 1.7187 0.0055 0.0065 198 pedestrian_0003
Pedestrian 1.00 1.00 0 0 0 0 0 0 0 0 -1000.00 -1000.00 -1000.00 -1000.00 1.9158 0.4880 0.4069 -106.2810 -0.5335 -329.8775 1.1943 0.0055 0.0065 199 pedestrian_0004
Pedestrian 1.00 1.00 0 0 0 2 0 0 0 0 -1000.00 -1000.00 -1000.00 -1000.00 1.9158 0.4880 0.6336 -79.0929 1.5707 -4.9328 1.1218 0.0055 0.0065 200 pedestrian_0022
Pedestrian 1.00 1.00 0 0 0 0 0 0 0 0 -1000.00 -1000.00 -1000.00 -1000.00 1.3390 0.3253 0.2502 27.5519 1.1504 -179.3178 0.3989 0.0055 0.0065 201 pedestrian_0014
Pedestrian 0.00 1.00 0 0 0 0 0 0 0 0 1361.81 361.65 1367.80 376.53 1.9158 0.4880 0.4663 72.9444 2.1331 -54.7679 -0.9692 0.0055 0.0065 202 pedestrian_0022
Pedestrian 1.00 1.00 0 0 0 0 0 0 0 0 -1000.00 -1000.00 -1000.00 -1000.00 1.9158 0.4880 0.5508 -115.5649 0.6430 -103.7719 -2.9873 0.0055 0.0065 203 pedestrian_0023
Pedestrian 0.00 1.00 0 0 0 0 0 0 0 0 1316.15 363.62 1318.62 368.43 1.3390 0.3253 0.5005 155.7878 2.3520 -102.0251 1.8296 0.0055 0.0065 204 pedestrian_0012
Pedestrian 1.00 1.00 4 2 8 29 0 16 0 0 -1000.00 -1000.00 -1000.00 -1000.00 1.9158 0.4880 0.3754 -78.9772 1.4375 -1.7596 0.1770 0.0055 0.0065 205 pedestrian_0019
Pedestrian 1.00 1.00 0 0 0 0 0 0 0 0 -1000.00 -1000.00 -1000.00 -1000.00 1.9158 0.4880 0.7378 -190.3221 0.7448 10.6098 0.6748 0.0055 0.0065 206 pedestrian_0005
Pedestrian 0.00 1.00 0 0 0 0 0 0 0 0 894.54 364.05 896.59 368.82 1.9158 0.4880 0.7507 224.3792 3.5498 23.7265 1.8428 0.0055 0.0065 207 pedestrian_0026
Pedestrian 0.00 1.00 0 0 0 0 0 0 0 0 1603.72 360.31 1611.33 372.57 1.9158 0.4880 0.7507 87.9739 1.9648 -103.8096 1.8100 0.0055 0.0065 208 pedestrian_0015
Pedestrian 1.00 1.00 0 0 0 0 0 0 0 0 -1000.00 -1000.00 -1000.00 -1000.00 1.3390 0.3253 0.3212 -94.5214 1.9578 113.8347 -2.8635 0.0055 0.0065 209 pedestrian_0014
Pedestrian 1.00 1.00 0 0 0 0 0 0 0 0 -1000.00 -1000.00 -1000.00 -1000.00 1.9158 0.4880 0.5046 -188.1142 1.2235 89.4698 0.2792 0.0055 0.0065 210 pedestrian_0016
Pedestrian 1.00 1.00 0 0 0 0 0 0 0 0 -1000.00 -1000.00 -1000.00 -1000.00 1.3390 0.3253 0.3246 24.2286 1.2387 -149.0553 1.8806 0.0055 0.0065 211 pedestrian_0012
Pedestrian 1.00 1.00 17 19 30 281 0 0 4 0 -1000.00 -1000.00 -1000.00 -1000.00 1.1330 0.4333 0.6533 -3.5495 1.9878 21.3239 -1.4636 0.0055 0.0065 212 pedestrian_0009
Pedestrian 0.00 1.00 0 0 0 0 0 0 0 0 1197.30 364.13 1199.08 366.70 1.1330 0.4333 0.6667 246.4862 2.9637 -107.7200 1.0164 0.0055 0.0065 213 pedestrian_0010
Pedestrian 1.00 1.00 0 0 0 0 0 0 0 0 -1000.00 -1000.00 -1000.00 -1000.00 1.9158 0.4880 0.7507 -252.3624 0.5523 42.9113 1.0839 0.0055 0.0065 214 pedestrian_0021
Pedestrian 1.00 1.00 0 2 4 4 0 0 0 0 -1000.00 -1000.00 -1000.00 -1000.00 1.9158 0.4880 0.5485 23.8369 1.2542 -147.3586 1.8325 0.0055 0.0065 215 pedestrian_0018
Pedestrian 1.00 1.00 0 0 0 0 0 0 0 0 -1000.00 -1000.00 -1000.00 -1000.00 1.9158 0.4880 0.4629 -164.7930 -0.8343 -314.9671 -0.4777 0.0055 0.0065 216 pedestrian_0020
Pedestrian 0.00 1.00 0 0 0 0 0 0 0 0 1530.79 360.73 1541.17 376.12 1.9158 0.4880 0.7507 70.5718 2.0117 -74.5135 -2.7967 0.0055 0.0065 217 pedestrian_0017
Pedestrian 1.00 1.00 0 0 0 0 0 0 0 0 -1000.00 -1000.00 -1000.00 -1000.00 1.9158 0.4880 0.4284 -53.4804 0.1563 -259.7086 0.1932 0.0055 0.0065 218 pedestrian_0007
Pedestrian 1.00 1.00 1 1 1 10 0 5 0 0 -1000.00 -1000.00 -1000.00 -1000.00 1.1330 0.4333 0.4165 -74.2466 1.4519 -2.4671 0.3950 0.0055 0.0065 219 pedestrian_0010
Pedestrian 1.00 1.00 45 65 101 505 0 8 0 0 -1000.00 -1000.00 -1000.00 -1000.00 1.9158 0.4880 0.5091 -20.1189 1.7819 -8.7396 -2.6532 0.0055 0.0065 220 pedestrian_0023
Pedestrian 1.00 1.00 0 0 0 0 0 0 0 0 -1000.00 -1000.00 -1000.00 -1000.00 1.9158 0.4880 0.5089 89.4660 1.3145 -214.3751 0.2507 0.0055 0.0065 221 pedestrian_0024
Pedestrian 1.00 1.00 0 0 0 0 0 0 0 0 -1000.00 -1000.00 -1000.00 -1000.00 1.1330 0.4333 0.3774 -145.2404 -0.2815 -228.9123 -1.0995 0.0055 0.0065 222 pedestrian_0011
Pedestrian 1.00 1.00 0 0 0 0 0 0 0 0 -1000.00 -1000.00 -1000.00 -1000.00 1.9158 0.4880 0.4901 -248.8567 0.5994 47.3320 -2.4603 0.0055 0.0065 223 pedestrian_0016
Pedestrian 0.00 1.00 0 0 0 0 0 0 0 0 1196.45 338.51 1198.61 343.14 1.9158 0.4880 0.6813 233.3841 -7.0804 -101.8165 1.9108 0.0055 0.0065 224 pedestrian_0017
Pedestrian 0.00 1.00 0 0 0 0 0 0 0 0 595.59 326.90 599.20 334.74 1.9158 0.4880 0.7507 139.6741 -6.3393 88.4614 2.1487 0.0055 0.0065 225 pedestrian_0001
Pedestrian 1.00 1.00 0 0 0 0 0 0 0 0 -1000.00 -1000.00 -1000.00 -1000.00 1.9158 0.4880 0.7507 -54.0635 0.6739 -170.8526 1.8347 0.0055 0.0065 226 pedestrian_0003
Pedestrian 1.00 1.00 0 0 0 0 0 0 0 0 -1000.00 -1000.00 -1000.00 -1000.00 1.9158 0.4880 0.4910 82.1137 1.3580 -197.6629 0.2576 0.0055 0.0065 227 pedestrian_0007
Pedestrian 1.00 1.00 0 1 2 1 0 0 0 0 -1000.00 -1000.00 -1000.00 -1000.00 1.1330 0.4333 0.3521 32.1197 1.1222 -180.1895 -1.0725 0.0055 0.0065 228 pedestrian_0010
Pedestrian 1.00 1.00 4 6 11 55 0 2 0 0 -1000.00 -1000.00 -1000.00 -1000.00 1.1330 0.4333 0.5639 -37.9739 1.6061 -17.1658 -2.7873 0.0055 0.0065 229 pedestrian_0010
Pedestrian 0.00 1.00 0 0 0 0 0 0 0 0 1465.29 364.93 1470.14 374.02 1.3390 0.3253 0.4559 83.0196 2.0691 -77.3410 1.7836 0.0055 0.0065 230 pedestrian_0013
Pedestrian 0.00 1.00 0 0 0 0 0 0 0 0 257.25 373.24 264.76 384.50 1.3390 0.3253 0.4591 67.6767 2.9362 81.8058 1.9798 0.0055 0.0065 231 pedestrian_0013
Pedestrian 1.00 1.00 3 4 10 41 3 0 0 0 -1000.00 -1000.00 -1000.00 -1000.00 1.9158 0.4880 0.6544 22.5935 1.7389 -66.0575 -1.2189 0.0055 0.0065 232 pedestrian_0020
Pedestrian 0.00 1.00 0 0 0 0 0 0 0 0 998.29 363.31 1001.57 370.40 1.9158 0.4880 0.7398 151.8817 2.8214 -13.1187 -1.2596 0.0055 0.0065 233 pedestrian_0021
Pedestrian 1.00 1.00 0 0 0 0 0 0 0 0 -1000.00 -1000.00 -1000.00 -1000.00 1.1330 0.4333 0.4347 -131.9200 0.6652 -105.5745 0.0941 0.0055 0.0065 234 pedestrian_0009
Pedestrian 0.00 1.00 0 0 0 0 0 0 0 0 1032.82 363.32 1034.86 369.22 1.9158 0.4880 0.4697 181.5032 2.9989 -26.2904 -2.8284 0.0055 0.0065 235 pedestrian_0006
Pedestrian 1.00 1.00 0 0 0 0 0 0 0 0 -1000.00 -1000.00 -1000.00 -1000.00 1.1330 0.4333 0.5420 -167.3141 0.1900 -120.3502 0.1884 0.0055 0.0065 236 pedestrian_0009
Pedestrian 1.00 1.00 0 0 0 0 0 0 0 0 -1000.00 -1000.00 -1000.00 -1000.00 1.9158 0.4880 0.7507 8.8045 1.0134 -183.5771 0.2375 0.0055 0.0065 237 pedestrian_0026
Pedestrian 1.00 1.00 0 1 2 3 0 0 0 0 -1000.00 -1000.00 -1000.00 -1000.00 1.9158 0.4880 0.5755 -102.1192 1.3618 12.1466 1.7743 0.0055 0.0065 238 pedestrian_0021
Pedestrian 1.00 1.00 0 0 0 0 0 0 0 0 -1000.00 -1000.00 -1000.00 -1000.00 1.3390 0.3253 0.4414 -45.0336 1.3175 -59.3710 2.0636 0.0055 0.0065 239 pedestrian_0012
Pedestrian 1.00 1.00 0 0 0 0 0 0 0 0 -1000.00 -1000.00 -1000.00 -1000.00 1.9158 0.4880 0.4341 -226.4875 -0.6877 -214.7172 1.9195 0.0055 0.0065 240 pedestrian_0020
Pedestrian 0.23 1.00 0 0 0 0 0 0 0 0 1915.74 324.81 1920.00 329.10 1.1330 0.4333 0.6667 153.5637 -8.5261 -266.0297 -2.8739 0.0055 0.0065 241 pedestrian_0011
Pedestrian 1.00 1.00 0 0 0 0 0 0 0 0 -1000.00 -1000.00 -1000.00 -1000.00 1.9158 0.4880 0.7381 -169.0796 0.0315 -145.3087 1.7393 0.0055 0.0065 242 pedestrian_0002
Pedestrian 1.00 1.00 2 2 3 18 0 0 0 0 -1000.00 -1000.00 -1000.00 -1000.00 1.3390 0.3253 0.3704 20.2372 1.6676 -67.5197 -3.1038 0.0055 0.0065 243 pedestrian_0014
Pedestrian 1.00 1.00 0 0 0 0 0 0 0 0 -1000.00 -1000.00 -1000.00 -1000.00 1.9158 0.4880 0.7507 -114.4282 0.5376 -124.5017 -2.8896 0.0055 0.0065 244 pedestrian_0006
Pedestrian 0.00 1.00 0 0 0 0 0 0 0 0 1528.81 334.99 1531.34 339.97 1.9158 0.4880 0.5913 218.1223 -7.8603 -225.5370 -2.1905 0.0055 0.0065 245 pedestrian_0020
Pedestrian 0.00 1.00 0 0 0 3 0 0 0 1 745.13 364.91 747.32 371.55 1.9158 0.4880 0.7507 161.7345 3.3411 59.7351 -2.9092 0.0055 0.0065 246 pedestrian_0022
Pedestrian 0.00 1.00 0 0 0 0 0 0 0 0 1317.15 361.83 1322.46 372.25 1.9158 0.4880 0.6718 103.6877 2.2581 -68.8778 0.5005 0.0055 0.0065 247 pedestrian_0002
Pedestrian 0.00 0.31 5 8 11 305 0 0 0 2 558.57 367.73 568.19 387.99 1.9158 0.4880 0.7387 54.0819 2.6596 35.7141 -2.9366 0.0055 0.0065 248 pedestrian_0022
Pedestrian 1.00 1.00 0 0 1 3 0 7 0 0 -1000.00 -1000.00 -1000.00 -1000.00 1.9158 0.4880 0.3754 -96.6975 1.3162 -2.6506 -0.9701 0.0055 0.0065 249 pedestrian_0006
Pedestrian 1.00 1.00 0 0 0 0 0 0 0 0 -1000.00 -1000.00 -1000.00 -1000.00 1.9158 0.4880 0.4260 44.2527 1.4106 -173.6945 2.8910 0.0055 0.0065 250 pedestrian_0019
Pedestrian 1.00 1.00 0 0 0 0 0 0 0 0 -1000.00 -1000.00 -1000.00 -1000.00 1.9158 0.4880 0.7381 -164.5517 1.0019 26.6433 0.4233 0.0055 0.0065 251 pedestrian_0018
Pedestrian 1.00 1.00 0 0 0 0 0 0 0 0 -1000.00 -1000.00 -1000.00 -1000.00 1.9158 0.4880 0.7507 -267.2119 0.2768 10.1736 -1.8371 0.0055 0.0065 252 pedestrian_0007
Pedestrian 0.00 0.70 4 1 1 17 0 0 0 1 668.34 365.42 673.53 378.91 1.9158 0.4880 0.6571 80.6012 2.6991 39.2542 0.7690 0.0055 0.0065 253 pedestrian_0008
Pedestrian 1.00 1.00 0 0 0 0 0 0 0 0 -1000.00 -1000.00 -1000.00 -1000.00 1.9158 0.4880 0.5038 -259.0277 -0.2178 -90.0190 -1.3492 0.0055 0.0065 254 pedestrian_0022
Pedestrian 1.00 1.00 0 0 0 2 0 0 0 0 -1000.00 -1000.00 -1000.00 -1000.00 1.9158 0.4880 0.4183 -92.7958 1.9843 115.1740 -2.8216 0.0055 0.0065 255 pedestrian_0024
Pedestrian 0.00 1.00 0 0 0 0 0 0 0 0 1164.81 369.31 1171.41 379.05 1.1330 0.4333 0.5854 66.3008 2.2338 -26.7453 1.8951 0.0055 0.0065 256 pedestrian_0011
Pedestrian 0.00 1.00 0 0 0 0 0 0 0 0 1861.05 358.86 1867.81 368.97 1.9158 0.4880 0.7507 106.3832 1.6998 -174.1482 1.8535 0.0055 0.0065 257 pedestrian_0006
Pedestrian 0.00 1.00 0 0 0 0 0 0 0 0 1415.34 361.06 1417.83 366.75 1.9158 0.4880 0.4332 188.0774 2.2741 -156.3206 1.6241 0.0055 0.0065 258 pedestrian_0005
Pedestrian 1.00 1.00 0 0 0 0 0 0 0 0 -1000.00 -1000.00 -1000.00 -1000.00 1.9158 0.4880 0.4242 28.4830 1.3614 -171.2349 0.1103 0.0055 0.0065 259 pedestrian_0003
Pedestrian 1.00 1.00 0 0 0 0 0 0 0 0 -1000.00 -1000.00 -1000.00 -1000.00 1.9158 0.4880 0.4747 69.6656 -5.6509 118.8902 3.0680 0.0055 0.0065 260 pedestrian_0001
Pedestrian 1.00 1.00 1 0 0 8 0 0 0 0 -1000.00 -1000.00 -1000.00 -1000.00 1.3390 0.3253 0.5005 34.3895 1.4907 -115.1668 -1.2948 0.0055 0.0065 261 pedestrian_0014
Pedestrian 1.00 1.00 0 0 0 0 0 0 0 0 -1000.00 -1000.00 -1000.00 -1000.00 1.9158 0.4880 0.7507 -142.5231 0.2975 -131.3490 0.2330 0.0055 0.0065 262 pedestrian_0020
Pedestrian 1.00 1.00 0 0 0 0 0 0 0 0 -1000.00 -1000.00 -1000.00 -1000.00 1.9158 0.4880 0.6008 -182.9717 0.0941 -144.3010 0.7757 0.0055 0.0065 263 pedestrian_0025
Pedestrian 1.00 1.00 50 42 72 966 0 0 7 0 -1000.00 -1000.00 -1000.00 -1000.00 1.9158 0.4880 0.7507 -7.6965 2.1066 18.2422 -2.7308 0.0055 0.0065 264 pedestrian_0026
Pedestrian 1.00 1.00 0 0 0 0 0 0 0 0 -1000.00 -1000.00 -1000.00 -1000.00 1.9158 0.4880 0.7507 -159.9885 -0.8128 -316.9313 -0.5250 0.0055 0.0065 265 pedestrian_0025
Pedestrian 1.00 1.00 0 0 0 1 0 0 0 0 -1000.00 -1000.00 -1000.00 -1000.00 1.3390 0.3253 0.2502 30.8709 1.1706 -179.5611 2.2413 0.0055 0.0065 266 pedestrian_0013
Pedestrian 0.00 1.00 0 0 0 0 0 0 0 0 1633.98 360.08 1638.27 368.49 1.9158 0.4880 0.3827 127.5307 1.9338 -156.5479 1.5810 0.0055 0.0065 267 pedestrian_0015
Pedestrian 0.00 1.00 0 0 0 0 0 0 0 0 1381.98 361.42 1384.69 368.21 1.9158 0.4880 0.3875 158.0292 2.3199 -122.1513 -0.2047 0.0055 0.0065 268 pedestrian_0021
Pedestrian 1.00 1.00 0 0 0 0 0 0 0 0 -1000.00 -1000.00 -1000.00 -1000.00 1.1330 0.4333 0.4153 -155.3153 1.4743 98.0568 -2.7764 0.0055 0.0065 269 pedestrian_0010
Pedestrian 0.00 0.20 14 14 26 116 0 0 0 2 815.26 364.67 824.12 393.93 1.9158 0.4880 0.4992 38.5797 2.2520 7.2568 0.2689 0.0055 0.0065 270 pedestrian_0023
Pedestrian 1.00 1.00 0 0 0 0 0 0 0 0 -1000.00 -1000.00 -1000.00 -1000.00 1.3390 0.3253 0.4528 -212.2924 0.2914 -44.5627 -1.4025 0.0055 0.0065 271 pedestrian_0013
Pedestrian 1.00 1.00 0 0 0 0 0 0 0 0 -1000.00 -1000.00 -1000.00 -1000.00 1.9158 0.4880 0.5895 -31.9109 0.0260 -315.9237 -2.8083 0.0055 0.0065 272 pedestrian_0016
Pedestrian 1.00 1.00 0 0 0 0 0 0 0 0 -1000.00 -1000.00 -1000.00 -1000.00 1.3390 0.3253 0.5005 -39.9429 0.4101 -234.0664 1.7799 0.0055 0.0065 273 pedestrian_0014
Pedestrian 1.00 1.00 0 0 0 0 0 0 0 0 -1000.00 -1000.00 -1000.00 -1000.00 1.9158 0.4880 0.4702 82.7195 1.2661 -215.1565 -0.0285 0.0055 0.0065 274 pedestrian_0019
Pedestrian 1.00 1.00 0 0 0 0 0 0 0 0 -1000.00 -1000.00 -1000.00 -1000.00 1.3390 0.3253 0.4650 -171.3305 0.2348 -134.8718 2.0756 0.0055 0.0065 275 pedestrian_0013
Pedestrian 1.00 1.00 0 0 0 0 0 0 0 0 -1000.00 -1000.00 -1000.00 -1000.00 1.9158 0.4880 0.7507 -45.6925 0.5025 -212.1493 1.8291 0.0055 0.0065 276 pedestrian_0023
Pedestrian 1.00 1.00 22 19 34 363 6 0 0 0 -1000.00 -1000.00 -1000.00 -1000.00 1.1330 0.4333 0.4369 9.8425 1.8527 -19.3389 2.8103 0.0055 0.0065 277 pedestrian_0011
Pedestrian 1.00 1.00 0 0 0 0 0 0 0 0 -1000.00 -1000.00 -1000.00 -1000.00 1.3390 0.3253 0.2526 22.7100 1.6996 -90.8860 -2.9631 0.0055 0.0065 278 pedestrian_0012
Pedestrian 0.00 1.00 0 0 0 0 0 0 0 0 1602.24 329.41 1604.83 335.40 1.9158 0.4880 0.5416 181.5652 -8.0283 -211.8462 0.7162 0.0055 0.0065 279 pedestrian_0015
Pedestrian 0.00 1.00 0 0 0 0 0 0 0 0 1667.90 359.93 1675.33 371.54 1.9158 0.4880 0.7507 93.2145 1.9082 -120.5990 -1.3216 0.0055 0.0065 280 pedestrian_0017
Pedestrian 0.00 1.00 0 0 0 0 0 0 0 0 784.81 335.63 787.26 341.28 1.9158 0.4880 0.7507 190.9796 -6.4262 57.3650 -1.3235 0.0055 0.0065 281 pedestrian_0005
Pedestrian 0.00 1.00 0 0 0 0 0 0 0 0 1832.00 363.23 1836.79 368.54 1.1330 0.4333 0.3644 120.2071 1.8303 -190.2520 -1.4353 0.0055 0.0065 282 pedestrian_0009
Pedestrian 1.00 1.00 0 0 0 0 0 0 0 0 -1000.00 -1000.00 -1000.00 -1000.00 1.1330 0.4333 0.4194 -198.1508 0.3036 -85.8378 -3.0554 0.0055 0.0065 283 pedestrian_0009
Pedestrian 0.00 1.00 0 0 0 0 0 0 0 0 1060.09 365.28 1061.69 368.41 1.1330 0.4333 0.4160 202.4940 3.0534 -38.9160 -2.9057 0.0055 0.0065 284 pedestrian_0009
Pedestrian 1.00 1.00 33 44 68 698 0 0 17 0 -1000.00 -1000.00 -1000.00 -1000.00 1.9158 0.4880 0.5124 2.4941 2.0799 18.9686 0.0441 0.0055 0.0065 285 pedestrian_0024
Pedestrian 1.00 1.00 0 0 1 0 0 0 0 0 -1000.00 -1000.00 -1000.00 -1000.00 1.9158 0.4880 0.3832 31.3562 1.1409 -180.5437 -2.4369 0.0055 0.0065 286 pedestrian_0023
Pedestrian 1.00 1.00 0 0 0 0 0 0 0 0 -1000.00 -1000.00 -1000.00 -1000.00 1.9158 0.4880 0.7507 -106.1570 1.5984 32.7414 -1.4042 0.0055 0.0065 287 pedestrian_0015
Pedestrian 1.00 1.00 0 0 0 0 0 0 0 0 -1000.00 -1000.00 -1000.00 -1000.00 1.9158 0.4880 0.7507 86.5653 -7.7687 -246.1466 0.2595 0.0055 0.0065 288 pedestrian_0025
Pedestrian 0.00 1.00 0 0 0 0 0 0 0 0 471.30 334.00 473.50 338.28 1.1330 0.4333 0.3693 150.7444 -5.8780 129.4573 -0.6830 0.0055 0.0065 289 pedestrian_0009
Pedestrian 0.00 1.00 0 0 0 0 0 0 0 0 1292.35 361.89 1295.36 367.50 1.9158 0.4880 0.7507 191.6307 2.5686 -117.0445 0.3175 0.0055 0.0065 290 pedestrian_0019
Pedestrian 1.00 1.00 0 0 0 0 0 0 0 0 -1000.00 -1000.00 -1000.00 -1000.00 1.9158 0.4880 0.7507 -105.8461 1.5944 31.4864 -1.4144 0.0055 0.0065 291 pedestrian_0007
Pedestrian 1.00 1.00 0 0 0 0 0 0 0 0 -1000.00 -1000.00 -1000.00 -1000.00 1.9158 0.4880 0.7507 -268.6132 -0.0737 -51.9894 -1.3416 0.0055 0.0065 292 pedestrian_0021
Pedestrian 1.00 1.00 0 0 0 0 0 0 0 0 -1000.00 -1000.00 -1000.00 -1000.00 1.3390 0.3253 0.2502 -51.4928 1.1349 -88.1474 -2.8561 0.0055 0.0065 293 pedestrian_0014
Pedestrian 1.00 1.00 0 0 0 0 0 0 0 0 -1000.00 -1000.00 -1000.00 -1000.00 1.9158 0.4880 0.3945 -27.4943 -2.4631 131.3280 -2.8992 0.0055 0.0065 294 pedestrian_0002
Pedestrian 0.00 0.10 11 13 19 738 0 0 2 0 445.23 368.68 460.25 397.80 1.9158 0.4880 0.7453 36.0833 2.3577 29.7988 -2.8211 0.0055 0.0065 295 pedestrian_0026
Pedestrian 0.00 1.00 0 0 0 0 0 0 0 0 1144.02 363.32 1147.74 370.98 1.9158 0.4880 0.7301 140.9465 2.7607 -49.1725 -1.1786 0.0055 0.0065 296 pedestrian_0020
Pedestrian 0.00 1.00 0 0 0 0 0 0 0 0 910.79 363.79 914.42 372.33 1.9158 0.4880 0.7323 125.8495 2.7709 8.4343 1.8543 0.0055 0.0065 297 pedestrian_0016
Pedestrian 1.00 1.00 0 0 0 3 0 1 0 0 -1000.00 -1000.00 -1000.00 -1000.00 1.9158 0.4880 0.5214 -99.8377 1.3076 -0.1014 1.9845 0.0055 0.0065 298 pedestrian_0024
Pedestrian 0.00 1.00 0 0 0 0 0 0 0 0 1070.58 331.88 1073.26 337.93 1.9158 0.4880 0.6736 178.6839 -7.0848 -38.1238 -1.3165 0.0055 0.0065 299 pedestrian_0001
Pedestrian 1.00 1.00 0 0 0 0 0 0 0 0 -1000.00 -1000.00 -1000.00 -1000.00 1.9158 0.4880 0.7507 -194.2681 0.5181 -26.4203 1.3549 0.0055 0.0065 300 pedestrian_0025
Pedestrian 1.00 1.00 0 0 0 0 0 0 0 0 -1000.00 -1000.00 -1000.00 -1000.00 1.9158 0.4880 0.7507 -28.0338 0.6836 -200.0501 1.7834 0.0055 0.0065 301 pedestrian_0016
Pedestrian 1.00 1.00 0 0 0 0 0 0 0 0 -1000.00 -1000.00 -1000.00 -1000.00 1.9158 0.4880 0.6226 -159.0775 -0.1130 -183.3798 -1.3129 0.0055 0.0065 302 pedestrian_0006
Pedestrian 1.00 1.00 0 0 0 0 0 0 0 0 -1000.00 -1000.00 -1000.00 -1000.00 1.3390 0.3253 0.4078 -103.0831 1.3433 11.4312 1.9600 0.0055 0.0065 303 pedestrian_0012
Pedestrian 1.00 1.00 0 0 0 0 0 0 0 0 -1000.00 -1000.00 -1000.00 -1000.00 1.9158 0.4880 0.7507 -224.1979 -0.7136 -222.1521 1.9470 0.0055 0.0065 304 pedestrian_0024
Pedestrian 1.00 1.00 0 0 0 0 0 0 0 0 -1000.00 -1000.00 -1000.00 -1000.00 1.3390 0.3253 0.5005 -160.2138 1.4420 97.4788 -2.8693 0.0055 0.0065 305 pedestrian_0013
Pedestrian 1.00 1.00 0 0 0 0 0 0 0 0 -1000.00 -1000.00 -1000.00 -1000.00 1.1330 0.4333 0.5550 -230.9535 -0.6197 -195.3099 -1.2691 0.0055 0.0065 306 pedestrian_0011
Pedestrian 0.00 1.00 0 0 0 0 0 0 0 0 1667.72 360.58 1674.45 369.41 1.9158 0.4880 0.7394 121.8303 2.0454 -157.2270 -3.0125 0.0055 0.0065 307 pedestrian_0024
Pedestrian 1.00 1.00 0 0 0 0 0 0 0 0 -1000.00 -1000.00 -1000.00 -1000.00 1.9158 0.4880 0.3836 -262.7571 -0.2187 -85.7432 -1.9117 0.0055 0.0065 308 pedestrian_0004
Pedestrian 0.00 0.56 3 4 7 563 0 0 0 2 484.54 366.67 497.72 394.04 1.9158 0.4880 0.6846 40.3628 2.3922 31.0224 -2.8269 0.0055 0.0065 309 pedestrian_0019
Pedestrian 1.00 1.00 0 0 0 0 0 0 0 0 -1000.00 -1000.00 -1000.00 -1000.00 1.3390 0.3253 0.5005 -30.6824 1.3019 -82.1549 -2.8865 0.0055 0.0065 310 pedestrian_0012
Pedestrian 1.00 1.00 0 0 0 0 0 0 0 0 -1000.00 -1000.00 -1000.00 -1000.00 1.9158 0.4880 0.5397 44.3060 1.4050 -174.3580 -2.8427 0.0055 0.0065 311 pedestrian_0022
Pedestrian 0.00 1.00 0 0 0 0 0 0 0 0 1732.10 360.29 1739.72 369.88 1.9158 0.4880 0.7507 112.3446 1.9790 -158.0783 -2.8661 0.0055 0.0065 312 pedestrian_0018
Pedestrian 0.00 0.80 2 2 6 204 0 0 0 1 615.80 367.02 621.97 383.47 1.9158 0.4880 0.6864 66.5396 2.7535 38.0655 0.3590 0.0055 0.0065 313 pedestrian_0022
Pedestrian 1.00 1.00 0 0 0 0 0 0 0 0 -1000.00 -1000.00 -1000.00 -1000.00 1.9158 0.4880 0.3891 73.0731 1.6221 -148.7507 -2.8583 0.0055 0.0065 314 pedestrian_0005
Pedestrian 0.00 1.00 0 0 0 0 0 0 0 0 1288.93 363.07 1296.10 376.18 1.9158 0.4880 0.7507 82.5751 2.3699 -51.1672 -2.8296 0.0055 0.0065 315 pedestrian_0018
Pedestrian 1.00 1.00 0 0 0 0 0 0 0 0 -1000.00 -1000.00 -1000.00 -1000.00 1.9158 0.4880 0.5886 -270.8314 -0.0379 -43.0429 1.6443 0.0055 0.0065 316 pedestrian_0024
Pedestrian 1.00 1.00 0 0 0 0 0 0 0 0 -1000.00 -1000.00 -1000.00 -1000.00 1.9158 0.4880 0.6245 -158.6285 -0.1139 -184.3923 -1.2869 0.0055 0.0065 317 pedestrian_0002
Pedestrian 1.00 1.00 0 0 0 0 0 0 0 0 -1000.00 -1000.00 -1000.00 -1000.00 1.3390 0.3253 0.3394 -59.2461 0.7265 -153.6668 1.9001 0.0055 0.0065 318 pedestrian_0013
Pedestrian 0.00 1.00 0 0 0 0 0 0 0 0 1286.75 361.75 1290.45 368.74 1.9158 0.4880 0.7507 153.2683 2.3961 -92.4951 1.8297 0.0055 0.0065 319 pedestrian_0018
Pedestrian 1.00 1.00 0 0 0 0 0 0 0 0 -1000.00 -1000.00 -1000.00 -1000.00 1.9158 0.4880 0.6952 99.2331 1.3857 -212.9760 0.1957 0.0055 0.0065 320 pedestrian_0006
Pedestrian 1.00 1.00 0 0 0 0 0 0 0 0 -1000.00 -1000.00 -1000.00 -1000.00 1.9158 0.4880 0.7507 -228.3415 -0.6874 -212.6886 1.8065 0.0055 0.0065 321 pedestrian_0021
Pedestrian 0.00 1.00 0 0 0 0 0 0 0 0 1211.84 366.72 1215.34 373.12 1.1330 0.4333 0.5525 100.2870 2.3406 -47.6508 1.1051 0.0055 0.0065 322 pedestrian_0010
Pedestrian 0.00 1.00 0 0 0 0 0 0 0 0 827.54 364.25 829.55 371.96 1.9158 0.4880 0.3754 139.3767 2.9786 30.5728 2.0601 0.0055 0.0065 323 pedestrian_0022
Pedestrian 0.00 1.00 0 0 0 0 0 0 0 0 1431.70 361.30 1442.11 378.35 1.9158 0.4880 0.7507 64.0282 2.0680 -56.4383 0.2453 0.0055 0.0065 324 pedestrian_0015
Pedestrian 1.00 1.00 6 9 10 62 0 2 0 0 -1000.00 -1000.00 -1000.00 -1000.00 1.9158 0.4880 0.6511 -45.7639 1.6950 5.9541 0.2589 0.0055 0.0065 325 pedestrian_0005
Pedestrian 0.00 1.00 0 0 0 0 0 0 0 0 1196.10 338.47 1197.98 343.10 1.9158 0.4880 0.5049 232.8624 -7.0781 -101.3963 -1.1545 0.0055 0.0065 326 pedestrian_0006
Pedestrian 1.00 1.00 0 0 0 0 0 0 0 0 -1000.00 -1000.00 -1000.00 -1000.00 1.9158 0.4880 0.7507 -68.2255 0.7643 -138.3481 -2.7628 0.0055 0.0065 327 pedestrian_0002
Pedestrian 1.00 1.00 0 0 0 0 0 0 0 0 -1000.00 -1000.00 -1000.00 -1000.00 1.9158 0.4880 0.6805 -64.4794 0.8711 -122.7460 -1.3523 0.0055 0.0065 328 pedestrian_0015
Pedestrian 1.00 1.00 0 0 0 0 0 0 0 0 -1000.00 -1000.00 -1000.00 -1000.00 1.9158 0.4880 0.7507 -131.1731 1.6828 105.6077 -2.8641 0.0055 0.0065 329 pedestrian_0005
Pedestrian 1.00 1.00 0 0 0 0 0 0 0 0 -1000.00 -1000.00 -1000.00 -1000.00 1.1330 0.4333 0.3734 -226.1312 -0.6892 -213.6141 2.2557 0.0055 0.0065 330 pedestrian_0010
Pedestrian 0.00 1.00 0 0 0 0 0 0 0 0 1333.71 361.81 1341.75 376.97 1.9158 0.4880 0.6947 71.7480 2.1510 -50.4411 -1.3453 0.0055 0.0065 331 pedestrian_0001
Pedestrian 1.00 1.00 0 0 0 2 0 0 0 0 -1000.00 -1000.00 -1000.00 -1000.00 1.9158 0.4880 0.3843 -88.6073 1.1980 -33.9036 1.9718 0.0055 0.0065 332 pedestrian_0017
Pedestrian 0.00 1.00 0 0 0 0 0 0 0 0 1318.45 361.83 1323.07 372.33 1.9158 0.4880 0.5384 102.8529 2.2548 -68.5104 0.4738 0.0055 0.0065 333 pedestrian_0023
Pedestrian 1.00 1.00 0 0 0 0 0 0 0 0 -1000.00 -1000.00 -1000.00 -1000.00 1.3390 0.3253 0.3986 -118.5164 1.3740 41.2652 0.2294 0.0055 0.0065 334 pedestrian_0013
Pedestrian 1.00 1.00 61 58 100 1134 0 0 19 0 -1000.00 -1000.00 -1000.00 -1000.00 1.9158 0.4880 0.6969 3.0441 2.2238 16.7654 -1.8902 0.0055 0.0065 335 pedestrian_0019
Pedestrian 1.00 1.00 0 0 0 2 0 0 0 0 -1000.00 -1000.00 -1000.00 -1000.00 1.9158 0.4880 0.3754 -110.7017 1.4409 41.9600 0.0612 0.0055 0.0065 336 pedestrian_0017
Pedestrian 1.00 1.00 0 0 0 0 0 0 0 0 -1000.00 -1000.00 -1000.00 -1000.00 1.9158 0.4880 0.7322 -185.2216 -0.8800 -298.9680 2.3190 0.0055 0.0065 337 pedestrian_0025
Pedestrian 0.00 1.00 0 0 0 0 0 0 0 0 1722.79 329.09 1726.82 335.03 1.9158 0.4880 0.7507 183.7711 -8.2516 -254.3887 0.5776 0.0055 0.0065 338 pedestrian_0006
Pedestrian 0.00 1.00 0 0 0 0 0 0 0 0 1561.63 332.95 1564.38 336.40 1.1330 0.4333 0.5597 187.6924 -7.9615 -205.3122 0.9051 0.0055 0.0065 339 pedestrian_0011
Pedestrian 0.00 1.00 0 0 0 0 0 0 0 0 1376.03 364.12 1378.83 368.09 1.1330 0.4333 0.4613 160.6667 2.3226 -122.4701 -1.4720 0.0055 0.0065 340 pedestrian_0011
Pedestrian 0.00 1.00 0 0 0 0 0 0 0 0 1258.59 363.61 1260.01 367.23 1.3390 0.3253 0.3150 206.3486 2.6777 -113.1172 -2.8406 0.0055 0.0065 341 pedestrian_0013
Pedestrian 0.00 1.00 0 0 0 0 0 0 0 0 868.44 364.18 870.52 369.03 1.9158 0.4880 0.7507 221.8102 3.5891 33.8049 -1.3087 0.0055 0.0065 342 pedestrian_0007
Pedestrian 1.00 1.00 0 0 0 5 0 0 0 0 -1000.00 -1000.00 -1000.00 -1000.00 1.9158 0.4880 0.3815 25.7177 1.2199 -155.6617 -1.4625 0.0055 0.0065 343 pedestrian_0021
Pedestrian 0.00 1.00 0 0 0 0 0 0 0 0 1524.85 337.09 1527.30 340.05 1.1330 0.4333 0.5837 219.1216 -7.8632 -224.9839 -2.1480 0.0055 0.0065 344 pedestrian_0010
Pedestrian 1.00 1.00 1 3 4 11 0 0 0 0 -1000.00 -1000.00 -1000.00 -1000.00 1.9158 0.4880 0.5307 9.6859 1.7087 -80.0119 2.3326 0.0055 0.0065 345 pedestrian_0021
Pedestrian 0.00 0.99 0 0 0 3 0 0 0 0 711.53 372.61 715.62 386.40 1.3390 0.3253 0.3087 55.5741 2.5859 22.0002 -1.0057 0.0055 0.0065 346 pedestrian_0014
Pedestrian 1.00 1.00 0 2 2 4 1 0 0 0 -1000.00 -1000.00 -1000.00 -1000.00 1.9158 0.4880 0.4061 28.7353 1.3670 -170.5111 -1.0826 0.0055 0.0065 347 pedestrian_0023
Pedestrian 1.00 1.00 0 0 0 0 0 0 0 0 -1000.00 -1000.00 -1000.00 -1000.00 1.9158 0.4880 0.7507 -161.7923 0.2502 -118.0482 0.2162 0.0055 0.0065 348 pedestrian_0008
Pedestrian 1.00 1.00 0 0 0 0 0 0 0 0 -1000.00 -1000.00 -1000.00 -1000.00 1.9158 0.4880 0.7507 -253.1605 -0.3073 -113.3585 -1.3074 0.0055 0.0065 349 pedestrian_0006
Pedestrian 1.00 1.00 0 0 0 0 0 0 0 0 -1000.00 -1000.00 -1000.00 -1000.00 1.9158 0.4880 0.6856 110.1344 1.6966 -196.9583 1.7753 0.0055 0.0065 350 pedestrian_0022
Pedestrian 1.00 1.00 0 0 1 1 0 0 0 0 -1000.00 -1000.00 -1000.00 -1000.00 1.9158 0.4880 0.3754 31.1218 1.1836 -179.0109 -2.5879 0.0055 0.0065 351 pedestrian_0023
Pedestrian 1.00 1.00 2 3 4 16 0 0 0 0 -1000.00 -1000.00 -1000.00 -1000.00 1.9158 0.4880 0.7401 31.9738 1.5321 -106.1615 -1.2204 0.0055 0.0065 352 pedestrian_0006
Pedestrian 1.00 1.00 0 0 0 0 0 0 0 0 -1000.00 -1000.00 -1000.00 -1000.00 1.9158 0.4880 0.7507 -73.0393 0.7093 -142.6823 -2.6116 0.0055 0.0065 353 pedestrian_0024
Pedestrian 1.00 1.00 0 0 0 0 0 0 0 0 -1000.00 -1000.00 -1000.00 -1000.00 1.1330 0.4333 0.6667 -147.0659 1.5465 101.7685 0.2513 0.0055 0.0065 354 pedestrian_0011
Pedestrian 1.00 1.00 3 3 7 20 0 11 0 0 -1000.00 -1000.00 -1000.00 -1000.00 1.9158 0.4880 0.3786 -71.1862 1.4924 -1.0350 -2.2770 0.0055 0.0065 355 pedestrian_0017
Pedestrian 0.00 1.00 0 0 0 0 0 0 0 0 1232.29 335.22 1233.72 339.09 1.3390 0.3253 0.2896 194.7614 -7.3155 -97.6694 -1.2774 0.0055 0.0065 356 pedestrian_0012
Pedestrian 1.00 1.00 0 0 0 0 0 0 0 0 -1000.00 -1000.00 -1000.00 -1000.00 1.9158 0.4880 0.4417 -154.5205 -0.7940 -319.7842 2.6215 0.0055 0.0065 357 pedestrian_0020
Pedestrian 1.00 1.00 0 0 0 0 0 0 0 0 -1000.00 -1000.00 -1000.00 -1000.00 1.9158 0.4880 0.7507 108.8085 1.4675 -209.7617 0.2868 0.0055 0.0065 358 pedestrian_0017
Pedestrian 1.00 1.00 0 1 0 0 0 0 0 0 -1000.00 -1000.00 -1000.00 -1000.00 1.9158 0.4880 0.4906 -98.6752 1.3156 -0.4061 1.8562 0.0055 0.0065 359 pedestrian_0025
Pedestrian 1.00 1.00 0 0 0 0 0 0 0 0 -1000.00 -1000.00 -1000.00 -1000.00 1.3390 0.3253 0.5005 -106.2654 -0.5519 -331.5489 -3.0940 0.0055 0.0065 360 pedestrian_0013
Pedestrian 1.00 1.00 0 0 0 0 0 0 0 0 -1000.00 -1000.00 -1000.00 -1000.00 1.3390 0.3253 0.4551 -226.0908 -0.6958 -215.1518 1.7326 0.0055 0.0065 361 pedestrian_0013
Pedestrian 1.00 1.00 0 0 0 4 0 0 0 0 -1000.00 -1000.00 -1000.00 -1000.00 1.3390 0.3253 0.3423 10.2741 1.6995 -80.8770 2.0636 0.0055 0.0065 362 pedestrian_0013
Pedestrian 1.00 1.00 0 0 0 0 0 0 0 0 -1000.00 -1000.00 -1000.00 -1000.00 1.1330 0.4333 0.6072 -109.8347 1.4444 41.9174 1.5597 0.0055 0.0065 363 pedestrian_0011
Pedestrian 1.00 1.00 0 2 2 6 1 0 0 0 -1000.00 -1000.00 -1000.00 -1000.00 1.3390 0.3253 0.4218 29.2716 1.5847 -92.2525 1.8307 0.0055 0.0065 364 pedestrian_0012
Pedestrian 0.00 1.00 0 0 0 0 0 0 0 0 1091.03 363.00 1093.20 369.04 1.9158 0.4880 0.5505 177.8518 2.8770 -44.3895 0.1848 0.0055 0.0065 365 pedestrian_0023
Pedestrian 1.00 1.00 0 0 0 0 0 0 0 0 -1000.00 -1000.00 -1000.00 -1000.00 1.9158 0.4880 0.4381 -99.3380 1.3131 0.2178 -1.7955 0.0055 0.0065 366 pedestrian_0005
Pedestrian 1.00 1.00 0 0 0 0 0 0 0 0 -1000.00 -1000.00 -1000.00 -1000.00 1.9158 0.4880 0.6294 -207.9743 0.2082 -65.8094 1.8738 0.0055 0.0065 367 pedestrian_0021
Pedestrian 1.00 1.00 0 0 0 0 0 0 0 0 -1000.00 -1000.00 -1000.00 -1000.00 1.1330 0.4333 0.4042 -79.1783 0.9226 -93.6532 0.3361 0.0055 0.0065 368 pedestrian_0010
Pedestrian 1.00 1.00 0 0 0 0 0 0 0 0 -1000.00 -1000.00 -1000.00 -1000.00 1.9158 0.4880 0.7507 48.4536 1.1052 -203.8312 2.4285 0.0055 0.0065 369 pedestrian_0020
Pedestrian 1.00 1.00 1 0 0 2 0 0 0 0 -1000.00 -1000.00 -1000.00 -1000.00 1.3390 0.3253 0.4211 21.8872 1.7495 -85.4994 -0.2878 0.0055 0.0065 370 pedestrian_0012
Pedestrian 0.00 1.00 0 0 0 0 0 0 0 0 1781.66 360.16 1788.03 371.18 1.9158 0.4880 0.6737 98.1845 1.9484 -146.8260 -1.1819 0.0055 0.0065 371 pedestrian_0015
Pedestrian 1.00 1.00 3 5 10 28 0 9 0 0 -1000.00 -1000.00 -1000.00 -1000.00 1.9158 0.4880 0.3868 -70.2788 1.4982 -0.8083 -2.0834 0.0055 0.0065 372 pedestrian_0007
Pedestrian 1.00 1.00 0 0 0 0 0 0 0 0 -1000.00 -1000.00 -1000.00 -1000.00 1.9158 0.4880 0.6574 -250.4510 -0.3518 -125.1172 1.8121 0.0055 0.0065 373 pedestrian_0008
Pedestrian 1.00 1.00 0 0 0 0 0 0 0 0 -1000.00 -1000.00 -1000.00 -1000.00 1.9158 0.4880 0.6229 -29.8980 1.3098 -83.0658 -2.7985 0.0055 0.0065 374 pedestrian_0020
Pedestrian 1.00 1.00 0 0 0 0 0 0 0 0 -1000.00 -1000.00 -1000.00 -1000.00 1.9158 0.4880 0.5024 83.9498 1.6013 -165.4925 0.2813 0.0055 0.0065 375 pedestrian_0015
Pedestrian 1.00 1.00 1 0 1 10 1 0 0 0 -1000.00 -1000.00 -1000.00 -1000.00 1.3390 0.3253 0.3188 2.1030 1.7084 -74.3221 1.2627 0.0055 0.0065 376 pedestrian_0012
Pedestrian 0.00 1.00 0 0 0 0 0 0 0 0 1485.44 360.85 1488.55 367.78 1.9158 0.4880 0.4380 154.6269 2.1529 -148.2909 -2.7792 0.0055 0.0065 377 pedestrian_0017
Pedestrian 1.00 1.00 5 2 5 25 1 0 0 0 -1000.00 -1000.00 -1000.00 -1000.00 1.9158 0.4880 0.7507 12.2408 1.7304 -78.7115 -2.5836 0.0055 0.0065 378 pedestrian_0025
Pedestrian 1.00 1.00 2 0 0 6 0 1 0 0 -1000.00 -1000.00 -1000.00 -1000.00 1.1330 0.4333 0.3333 -75.0726 1.4487 -2.0807 -1.6352 0.0055 0.0065 379 pedestrian_0009
Pedestrian 0.00 1.00 0 0 0 0 0 0 0 0 949.69 364.00 956.82 382.56 1.9158 0.4880 0.6076 58.6852 2.3333 -1.5374 1.9417 0.0055 0.0065 380 pedestrian_0002
Pedestrian 1.00 1.00 0 0 0 0 0 0 0 0 -1000.00 -1000.00 -1000.00 -1000.00 1.3390 0.3253 0.3110 -106.3998 -0.5484 -330.6177 -2.6427 0.0055 0.0065 381 pedestrian_0013
Pedestrian 0.00 1.00 0 0 0 0 0 0 0 0 1856.27 362.53 1863.41 371.06 1.3390 0.3253 0.5005 88.4074 1.7389 -144.1005 -2.9178 0.0055 0.0065 382 pedestrian_0012
Pedestrian 1.00 1.00 0 0 0 0 0 0 0 0 -1000.00 -1000.00 -1000.00 -1000.00 1.1330 0.4333 0.5855 -71.8319 1.1024 -97.1329 -1.3344 0.0055 0.0065 383 pedestrian_0010
Pedestrian 1.00 1.00 0 0 0 0 0 0 0 0 -1000.00 -1000.00 -1000.00 -1000.00 1.3390 0.3253 0.4594 -127.6009 -0.6718 -327.9424 2.9610 0.0055 0.0065 384 pedestrian_0013
Pedestrian 1.00 1.00 0 0 0 0 0 0 0 0 -1000.00 -1000.00 -1000.00 -1000.00 1.9158 0.4880 0.7507 -179.9519 0.2015 -101.3496 -1.3225 0.0055 0.0065 385 pedestrian_0015
Pedestrian 0.00 1.00 0 0 0 0 0 0 0 0 1321.94 362.64 1326.53 373.18 1.9158 0.4880 0.5680 102.4950 2.4025 -68.9139 0.6465 0.0055 0.0065 386 pedestrian_0018
Pedestrian 1.00 1.00 0 0 0 0 0 0 0 0 -1000.00 -1000.00 -1000.00 -1000.00 1.3390 0.3253 0.3114 -108.4848 -0.5649 -330.8229 2.9560 0.0055 0.0065 387 pedestrian_0013
Pedestrian 0.00 1.00 0 0 0 0 0 0 0 0 1387.78 361.21 1390.27 366.94 1.9158 0.4880 0.4442 186.6487 2.3212 -145.9147 1.6896 0.0055 0.0065 388 pedestrian_0022
Pedestrian 1.00 1.00 0 0 0 0 0 0 0 0 -1000.00 -1000.00 -1000.00 -1000.00 1.9158 0.4880 0.5407 -249.2647 0.5962 47.2377 1.1080 0.0055 0.0065 389 pedestrian_0003
Pedestrian 1.00 1.00 0 0 0 0 0 0 0 0 -1000.00 -1000.00 -1000.00 -1000.00 1.9158 0.4880 0.4064 -225.7057 -0.6805 -214.5743 0.9786 0.0055 0.0065 390 pedestrian_0021
Pedestrian 1.00 1.00 0 0 0 0 0 0 0 0 -1000.00 -1000.00 -1000.00 -1000.00 1.9158 0.4880 0.3754 -95.0340 0.8995 0.2139 -0.4359 0.0055 0.0065 391 pedestrian_0016
Pedestrian 1.00 1.00 0 0 0 0 0 0 0 0 -1000.00 -1000.00 -1000.00 -1000.00 1.9158 0.4880 0.7507 -227.7116 -0.6781 -211.7828 1.7546 0.0055 0.0065 392 pedestrian_0005
Pedestrian 0.00 1.00 0 0 0 0 0 0 0 0 1469.76 332.97 1472.13 338.41 1.9158 0.4880 0.4774 199.7943 -7.7584 -185.4809 -1.9950 0.0055 0.0065 393 pedestrian_0026
Pedestrian 1.00 1.00 4 3 7 14 0 0 0 0 -1000.00 -1000.00 -1000.00 -1000.00 1.9158 0.4880 0.4135 11.1350 1.7175 -80.1782 -0.8560 0.0055 0.0065 394 pedestrian_0022
Pedestrian 1.00 1.00 0 0 0 0 0 0 0 0 -1000.00 -1000.00 -1000.00 -1000.00 1.1330 0.4333 0.6640 62.8358 -5.6209 117.4520 0.2335 0.0055 0.0065 395 pedestrian_0010
Pedestrian 1.00 1.00 1 0 1 5 0 2 0 0 -1000.00 -1000.00 -1000.00 -1000.00 1.9158 0.4880 0.3817 -72.1837 1.4858 -1.0607 0.1932 0.0055 0.0065 396 pedestrian_0006
Pedestrian 1.00 1.00 0 0 0 0 0 0 0 0 -1000.00 -1000.00 -1000.00 -1000.00 1.3390 0.3253 0.5005 -21.8061 0.7604 -192.3970 0.2680 0.0055 0.0065 397 pedestrian_0012
Pedestrian 1.00 1.00 0 0 0 0 0 0 0 0 -1000.00 -1000.00 -1000.00 -1000.00 1.1330 0.4333 0.3333 29.8036 1.1619 -179.3276 1.2851 0.0055 0.0065 398 pedestrian_0010
Pedestrian 1.00 1.00 0 0 0 0 0 0 0 0 -1000.00 -1000.00 -1000.00 -1000.00 1.9158 0.4880 0.7507 -102.7020 1.3874 17.6233 -1.1857 0.0055 0.0065 399 pedestrian_0007
Pedestrian 0.00 1.00 0 0 0 0 0 0 0 0 1121.88 337.86 1124.02 342.69 1.9158 0.4880 0.6437 223.4071 -6.9550 -67.6273 -1.3067 0.0055 0.0065 400 pedestrian_0001
Pedestrian 1.00 1.00 0 0 0 0 0 0 0 0 -1000.00 -1000.00 -1000.00 -1000.00 1.9158 0.4880 0.7507 -61.8513 0.8225 -134.4042 -1.3204 0.0055 0.0065 401 pedestrian_0016
Pedestrian 1.00 1.00 0 0 0 0 0 0 0 0 -1000.00 -1000.00 -1000.00 -1000.00 1.9158 0.4880 0.7507 -235.3098 -0.5528 -179.5076 -1.3013 0.0055 0.0065 402 pedestrian_0021
Pedestrian 0.00 1.00 0 0 0 0 0 0 0 0 1032.30 363.30 1034.45 369.27 1.9158 0.4880 0.5963 180.1531 2.9885 -25.9548 0.2753 0.0055 0.0065 403 pedestrian_0006
Pedestrian 1.00 1.00 0 0 0 3 0 0 0 0 -1000.00 -1000.00 -1000.00 -1000.00 1.9158 0.4880 0.5353 -102.0045 1.3678 13.1776 -1.3215 0.0055 0.0065 404 pedestrian_0023
Pedestrian 1.00 1.00 0 0 0 0 0 0 0 0 -1000.00 -1000.00 -1000.00 -1000.00 1.1330 0.4333 0.6098 85.2810 1.2687 -215.6795 -2.9878 0.0055 0.0065 405 pedestrian_0011
Pedestrian 1.00 1.00 2 1 1 22 0 0 0 0 -1000.00 -1000.00 -1000.00 -1000.00 1.9158 0.4880 0.5453 29.2628 1.5790 -94.5088 -1.2570 0.0055 0.0065 406 pedestrian_0004
Pedestrian 1.00 1.00 0 1 1 2 0 0 0 0 -1000.00 -1000.00 -1000.00 -1000.00 1.9158 0.4880 0.4861 34.6404 1.3261 -178.4662 -2.6219 0.0055 0.0065 407 pedestrian_0026
Pedestrian 0.00 1.00 0 0 0 0 0 0 0 0 1226.11 363.94 1227.97 368.34 1.3390 0.3253 0.3767 170.8197 2.5489 -84.0498 -1.3276 0.0055 0.0065 408 pedestrian_0013
Pedestrian 1.00 1.00 0 0 0 0 0 0 0 0 -1000.00 -1000.00 -1000.00 -1000.00 1.1330 0.4333 0.5641 -54.3726 0.6187 -178.4933 1.7929 0.0055 0.0065 409 pedestrian_0010
Pedestrian 0.00 1.00 0 0 0 0 0 0 0 0 929.03 363.69 931.51 371.02 1.9158 0.4880 0.5435 146.8949 2.8909 5.5727 -1.3163 0.0055 0.0065 410 pedestrian_0020
Pedestrian 1.00 1.00 0 0 0 0 0 0 0 0 -1000.00 -1000.00 -1000.00 -1000.00 1.9158 0.4880 0.6518 -136.1134 -0.3813 -259.7407 -0.3598 0.0055 0.0065 411 pedestrian_0025
Pedestrian 1.00 1.00 13 12 26 1810 0 4 3 0 -1000.00 -1000.00 -1000.00 -1000.00 1.1330 0.4333 0.5387 -20.4517 1.8835 12.4529 -2.7499 0.0055 0.0065 412 pedestrian_0010
Pedestrian 1.00 1.00 1 0 1 11 1 0 0 0 -1000.00 -1000.00 -1000.00 -1000.00 1.9158 0.4880 0.7507 6.6092 1.7312 -72.3251 -2.4648 0.0055 0.0065 413 pedestrian_0015
Pedestrian 0.00 1.00 0 0 0 0 0 0 0 0 1177.47 367.09 1182.53 373.81 1.1330 0.4333 0.6667 95.9793 2.3548 -39.9322 -1.3020 0.0055 0.0065 414 pedestrian_0011
Pedestrian 1.00 1.00 38 36 55 754 0 0 9 0 -1000.00 -1000.00 -1000.00 -1000.00 1.9158 0.4880 0.6014 8.2401 2.1257 20.5119 0.4394 0.0055 0.0065 415 pedestrian_0025
Pedestrian 0.00 1.00 0 0 0 0 0 0 0 0 178.56 315.51 186.07 323.06 1.1330 0.4333 0.5257 87.5151 -5.7842 119.1024 3.1063 0.0055 0.0065 416 pedestrian_0009
Pedestrian 0.00 1.00 0 0 0 0 0 0 0 0 140.43 308.37 151.15 321.67 1.9158 0.4880 0.7507 83.6729 -5.7443 119.1568 3.1375 0.0055 0.0065 417 pedestrian_0026
Pedestrian 1.00 1.00 0 0 0 0 0 0 0 0 -1000.00 -1000.00 -1000.00 -1000.00 1.9158 0.4880 0.7507 -243.3773 -0.4464 -150.7332 1.7913 0.0055 0.0065 418 pedestrian_0019
Pedestrian 1.00 1.00 0 0 0 2 1 0 0 0 -1000.00 -1000.00 -1000.00 -1000.00 1.9158 0.4880 0.6543 48.9695 1.4207 -174.6240 3.1241 0.0055 0.0065 419 pedestrian_0018
Pedestrian 1.00 1.00 0 0 0 0 0 0 0 0 -1000.00 -1000.00 -1000.00 -1000.00 1.9158 0.4880 0.6578 -130.0406 -0.6779 -327.6953 2.9384 0.0055 0.0065 420 pedestrian_0026
Pedestrian 0.00 1.00 0 0 0 0 0 0 0 0 951.61 363.56 955.34 371.92 1.9158 0.4880 0.7507 128.6946 2.7379 -0.7362 1.8600 0.0055 0.0065 421 pedestrian_0005
Pedestrian 0.00 1.00 0 0 0 0 0 0 0 0 1460.68 360.98 1464.71 367.76 1.9158 0.4880 0.6924 158.7824 2.1986 -145.3106 0.2062 0.0055 0.0065 422 pedestrian_0021
Pedestrian 0.00 1.00 0 0 0 0 0 0 0 0 1163.70 362.57 1164.99 366.82 1.9158 0.4880 0.4892 251.6411 3.0800 -94.6326 1.0923 0.0055 0.0065 423 pedestrian_0025
Pedestrian 0.00 1.00 0 0 0 0 0 0 0 0 1035.44 363.11 1038.14 371.17 1.9158 0.4880 0.4668 133.3110 2.6601 -20.5660 1.9034 0.0055 0.0065 424 pedestrian_0008
Pedestrian 0.00 1.00 0 0 0 0 0 0 0 0 964.35 363.89 970.54 381.85 1.9158 0.4880 0.4558 60.7232 2.3385 -3.0521 -1.0182 0.0055 0.0065 425 pedestrian_0018
Pedestrian 1.00 1.00 0 0 0 0 0 0 0 0 -1000.00 -1000.00 -1000.00 -1000.00 1.9158 0.4880 0.7507 -163.1031 -0.3537 -223.2509 -1.6572 0.0055 0.0065 426 pedestrian_0020
Pedestrian 1.00 1.00 0 0 0 0 0 0 0 0 -1000.00 -1000.00 -1000.00 -1000.00 1.3390 0.3253 0.5005 -163.3551 0.1279 -136.0336 -2.8509 0.0055 0.0065 427 pedestrian_0012
Pedestrian 0.00 1.00 0 0 0 0 0 0 0 0 1459.11 363.70 1461.39 367.68 1.1330 0.4333 0.4050 159.3300 2.1918 -145.1197 -2.4740 0.0055 0.0065 428 pedestrian_0011
Pedestrian 1.00 1.00 0 0 0 0 0 0 0 0 -1000.00 -1000.00 -1000.00 -1000.00 1.9158 0.4880 0.5388 -133.4880 0.2691 -150.3925 1.9860 0.0055 0.0065 429 pedestrian_0006
Pedestrian 0.00 1.00 0 0 0 0 0 0 0 0 969.29 363.65 971.28 368.62 1.9158 0.4880 0.6170 215.0215 3.3252 -6.2120 2.0050 0.0055 0.0065 430 pedestrian_0021
Pedestrian 1.00 1.00 0 0 0 0 0 0 0 0 -1000.00 -1000.00 -1000.00 -1000.00 1.9158 0.4880 0.7507 -154.2944 -0.1786 -201.2967 -1.2984 0.0055 0.0065 431 pedestrian_0026
Pedestrian 0.00 1.00 0 0 0 0 0 0 0 0 856.45 329.67 859.21 336.41 1.9158 0.4880 0.7507 161.2275 -6.8317 27.2896 1.8203 0.0055 0.0065 432 pedestrian_0026
Pedestrian 1.00 1.00 0 0 0 0 0 0 0 0 -1000.00 -1000.00 -1000.00 -1000.00 1.9158 0.4880 0.4919 4.0650 1.1956 -137.7576 0.2265 0.0055 0.0065 433 pedestrian_0002
Pedestrian 1.00 1.00 0 1 1 2 0 0 0 0 -1000.00 -1000.00 -1000.00 -1000.00 1.9158 0.4880 0.4320 32.2492 1.1232 -181.2609 -1.6662 0.0055 0.0065 434 pedestrian_0001
Pedestrian 0.00 1.00 0 0 0 0 0 0 0 0 1200.21 338.47 1202.47 343.10 1.9158 0.4880 0.7213 233.1796 -7.0902 -103.3237 1.8181 0.0055 0.0065 435 pedestrian_0022
Pedestrian 0.00 1.00 0 0 0 0 0 0 0 0 1359.75 362.81 1366.28 377.33 1.9158 0.4880 0.5080 74.7984 2.2935 -55.8844 -1.2134 0.0055 0.0065 436 pedestrian_0005
Pedestrian 1.00 1.00 0 0 0 0 0 0 0 0 -1000.00 -1000.00 -1000.00 -1000.00 1.3390 0.3253 0.5005 -182.4303 0.2227 -93.0335 1.7404 0.0055 0.0065 437 pedestrian_0013
Pedestrian 1.00 1.00 0 0 0 0 0 0 0 0 -1000.00 -1000.00 -1000.00 -1000.00 1.1330 0.4333 0.6667 -180.3112 -0.8858 -304.0200 -0.6002 0.0055 0.0065 438 pedestrian_0011
Pedestrian 1.00 1.00 0 0 0 0 0 0 0 0 -1000.00 -1000.00 -1000.00 -1000.00 1.9158 0.4880 0.7507 -125.9258 1.3229 39.3743 0.1598 0.0055 0.0065 439 pedestrian_0006
Pedestrian 1.00 1.00 0 0 0 0 0 0 0 0 -1000.00 -1000.00 -1000.00 -1000.00 1.3390 0.3253 0.4934 46.6935 -5.4519 151.1392 -2.8829 0.0055 0.0065 440 pedestrian_0014
Pedestrian 1.00 1.00 0 0 0 0 0 0 0 0 -1000.00 -1000.00 -1000.00 -1000.00 1.9158 0.4880 0.5004 -82.5160 1.0726 -64.1661 -1.2946 0.0055 0.0065 441 pedestrian_0025
Pedestrian 1.00 1.00 0 0 0 0 0 0 0 0 -1000.00 -1000.00 -1000.00 -1000.00 1.9158 0.4880 0.4930 -271.7407 0.1133 -14.3287 -1.5723 0.0055 0.0065 442 pedestrian_0003
Pedestrian 0.00 0.94 4 3 4 23 0 0 0 2 800.72 364.71 804.51 378.09 1.9158 0.4880 0.4735 81.1003 2.6017 20.4824 -1.3605 0.0055 0.0065 443 pedestrian_0024
Pedestrian 0.00 1.00 0 0 0 0 0 0 0 0 1883.49 358.94 1898.21 381.83 1.9158 0.4880 0.5160 47.8348 1.8284 -80.8303 0.2621 0.0055 0.0065 444 pedestrian_0007
Pedestrian 1.00 1.00 0 0 0 0 0 0 0 0 -1000.00 -1000.00 -1000.00 -1000.00 1.9158 0.4880 0.4071 -76.6813 0.9557 -92.6998 0.1966 0.0055 0.0065 445 pedestrian_0023
Pedestrian 1.00 1.00 0 0 0 0 0 0 0 0 -1000.00 -1000.00 -1000.00 -1000.00 1.9158 0.4880 0.6000 -266.0991 0.3080 14.5660 -1.7863 0.0055 0.0065 446 pedestrian_0026
Pedestrian 0.00 1.00 0 0 0 0 0 0 0 0 1229.92 335.67 1231.86 338.99 1.1330 0.4333 0.4264 193.8101 -7.3181 -96.4583 1.8413 0.0055 0.0065 447 pedestrian_0009
Pedestrian 0.00 1.00 0 0 0 0 0 0 0 0 1770.80 323.05 1776.33 330.13 1.9158 0.4880 0.7507 154.6349 -8.2971 -227.6949 0.3167 0.0055 0.0065 448 pedestrian_0015
Pedestrian 0.00 1.00 0 0 0 0 0 0 0 0 1116.38 362.87 1117.93 369.37 1.9158 0.4880 0.3783 165.2187 2.7682 -48.8043 -1.7611 0.0055 0.0065 449 pedestrian_0017
Pedestrian 0.00 1.00 0 0 0 0 0 0 0 0 1057.88 363.38 1064.38 381.07 1.9158 0.4880 0.5010 61.4487 2.2853 -13.2628 2.0681 0.0055 0.0065 450 pedestrian_0023
Pedestrian 1.00 1.00 0 2 5 12 0 19 0 0 -1000.00 -1000.00 -1000.00 -1000.00 1.9158 0.4880 0.4121 -75.3173 1.4554 -2.6485 -0.4027 0.0055 0.0065 451 pedestrian_0001
Pedestrian 1.00 1.00 0 0 0 0 0 0 0 0 -1000.00 -1000.00 -1000.00 -1000.00 1.9158 0.4880 0.7483 -171.6230 -0.2902 -200.2114 -1.2968 0.0055 0.0065 452 pedestrian_0017
Pedestrian 1.00 1.00 0 0 0 0 0 0 0 0 -1000.00 -1000.00 -1000.00 -1000.00 1.1330 0.4333 0.6347 -137.1785 0.6199 -107.6117 -2.7401 0.0055 0.0065 453 pedestrian_0011
Pedestrian 1.00 1.00 0 0 0 0 0 0 0 0 -1000.00 -1000.00 -1000.00 -1000.00 1.9158 0.4880 0.6630 -103.3144 -0.5181 -330.7024 0.0865 0.0055 0.0065 454 pedestrian_0018
Pedestrian 0.00 1.00 0 0 0 0 0 0 0 0 1001.30 363.30 1004.70 371.44 1.9158 0.4880 0.6751 131.8442 2.6947 -12.3874 1.8368 0.0055 0.0065 455 pedestrian_0021
Pedestrian 0.00 1.00 0 0 0 0 0 0 0 0 1057.80 363.20 1059.99 369.84 1.9158 0.4880 0.5028 161.5057 2.8434 -30.8790 -3.0370 0.0055 0.0065 456 pedestrian_0007
Pedestrian 1.00 1.00 0 0 0 1 0 0 0 0 -1000.00 -1000.00 -1000.00 -1000.00 1.9158 0.4880 0.3979 18.7255 1.7426 -84.1877 -1.5219 0.0055 0.0065 457 pedestrian_0021
Pedestrian 0.00 1.00 0 0 0 0 0 0 0 0 483.55 323.78 488.49 332.57 1.9158 0.4880 0.7507 124.7302 -6.1405 103.5254 -0.7044 0.0055 0.0065 458 pedestrian_0019
Pedestrian 1.00 1.00 0 0 0 0 0 0 0 0 -1000.00 -1000.00 -1000.00 -1000.00 1.1330 0.4333 0.5313 -89.3348 1.9986 115.4551 0.2184 0.0055 0.0065 459 pedestrian_0009
Pedestrian 1.00 1.00 0 0 0 3 0 0 0 0 -1000.00 -1000.00 -1000.00 -1000.00 1.9158 0.4880 0.5029 -93.3432 1.9810 114.9376 0.3754 0.0055 0.0065 460 pedestrian_0004
Pedestrian 1.00 1.00 1 3 2 6 0 3 0 0 -1000.00 -1000.00 -1000.00 -1000.00 1.3390 0.3253 0.4328 -91.4294 1.4869 -4.0330 0.0797 0.0055 0.0065 461 pedestrian_0012
Pedestrian 1.00 1.00 0 0 0 0 0 0 0 0 -1000.00 -1000.00 -1000.00 -1000.00 1.9158 0.4880 0.5893 -65.2968 1.2090 -87.4878 0.3640 0.0055 0.0065 462 pedestrian_0006
Pedestrian 1.00 1.00 1 2 3 4 1 0 0 0 -1000.00 -1000.00 -1000.00 -1000.00 1.1330 0.4333 0.4055 -4.3080 1.5109 -75.1081 0.3344 0.0055 0.0065 463 pedestrian_0009
Pedestrian 0.00 1.00 0 0 0 0 0 0 0 0 1755.34 361.45 1758.39 366.82 1.3390 0.3253 0.3396 139.7101 1.7029 -201.6117 0.2504 0.0055 0.0065 464 pedestrian_0014
Pedestrian 1.00 1.00 0 0 0 0 0 0 0 0 -1000.00 -1000.00 -1000.00 -1000.00 1.1330 0.4333 0.3533 25.8736 1.1348 -179.6707 0.1489 0.0055 0.0065 465 pedestrian_0010
Pedestrian 0.00 1.00 0 0 0 0 0 0 0 0 142.32 370.05 155.47 391.59 1.9158 0.4880 0.5950 51.1801 2.8343 71.1299 0.6254 0.0055 0.0065 466 pedestrian_0017
Pedestrian 1.00 1.00 0 0 1 3 0 1 0 0 -1000.00 -1000.00 -1000.00 -1000.00 1.9158 0.4880 0.5058 -78.1507 1.5892 -2.6783 1.2184 0.0055 0.0065 467 pedestrian_0004
Pedestrian 1.00 1.00 6 13 18 112 0 2 0 0 -1000.00 -1000.00 -1000.00 -1000.00 1.9158 0.4880 0.5697 -34.6640 1.6561 -14.2013 -2.7155 0.0055 0.0065 468 pedestrian_0021
Pedestrian 0.00 1.00 0 0 0 0 0 0 0 0 1417.46 363.32 1420.10 368.27 1.3390 0.3253 0.4441 151.6411 2.2444 -126.9124 -2.6915 0.0055 0.0065 469 pedestrian_0013
Pedestrian 0.00 0.69 0 1 1 6 0 0 0 0 734.67 364.98 736.88 372.66 1.9158 0.4880 0.3754 139.7702 3.1642 53.8796 -2.7986 0.0055 0.0065 470 pedestrian_0001
Pedestrian 0.00 1.00 0 0 0 0 0 0 0 0 1299.03 363.06 1306.25 376.65 1.9158 0.4880 0.7507 79.6917 2.3527 -50.8741 -3.0036 0.0055 0.0065 471 pedestrian_0015
Pedestrian 1.00 1.00 0 0 0 0 0 0 0 0 -1000.00 -1000.00 -1000.00 -1000.00 1.9158 0.4880 0.7507 -205.5946 1.0762 83.1594 -2.6659 0.0055 0.0065 472 pedestrian_0024
Pedestrian 1.00 1.00 0 0 0 0 0 0 0 0 -1000.00 -1000.00 -1000.00 -1000.00 1.3390 0.3253 0.3333 16.8943 1.0651 -182.5489 0.2664 0.0055 0.0065 473 pedestrian_0013
Pedestrian 1.00 1.00 0 0 0 0 0 0 0 0 -1000.00 -1000.00 -1000.00 -1000.00 1.9158 0.4880 0.6898 -200.0770 -0.8786 -281.0106 2.1863 0.0055 0.0065 474 pedestrian_0018
Pedestrian 1.00 1.00 0 0 0 0 0 0 0 0 -1000.00 -1000.00 -1000.00 -1000.00 1.3390 0.3253 0.4406 -16.9946 0.5012 -272.8873 -2.6594 0.0055 0.0065 475 pedestrian_0012
Pedestrian 1.00 1.00 20 24 37 251 6 0 0 0 -1000.00 -1000.00 -1000.00 -1000.00 1.9158 0.4880 0.6643 11.2666 1.8183 -29.1668 -1.2831 0.0055 0.0065 476 pedestrian_0026
Pedestrian 1.00 1.00 0 0 0 0 0 0 0 0 -1000.00 -1000.00 -1000.00 -1000.00 1.9158 0.4880 0.5230 -99.3889 -0.4897 -329.7243 -3.0983 0.0055 0.0065 477 pedestrian_0016
Pedestrian 1.00 1.00 51 61 106 404 0 17 0 0 -1000.00 -1000.00 -1000.00 -1000.00 1.9158 0.4880 0.5867 -18.9344 1.8050 -5.8090 3.0596 0.0055 0.0065 478 pedestrian_0006
Pedestrian 1.00 1.00 0 0 0 0 0 0 0 0 -1000.00 -1000.00 -1000.00 -1000.00 1.9158 0.4880 0.5842 -187.5599 -0.8828 -296.7874 2.4420 0.0055 0.0065 479 pedestrian_0001
Pedestrian 0.00 1.00 0 0 0 0 0 0 0 0 1092.28 362.88 1095.24 370.67 1.9158 0.4880 0.5184 138.1716 2.6326 -35.3460 -1.2892 0.0055 0.0065 480 pedestrian_0021
Car 1.00 1.00 0 0 0 0 0 0 0 0 -1000.00 -1000.00 -1000.00 -1000.00 1.6980 1.9434 4.1871 51.4342 1.5739 -138.2113 -1.3126 0.0055 0.0065 481 citroen_c3
Car 1.00 1.00 0 0 0 0 0 0 0 0 -1000.00 -1000.00 -1000.00 -1000.00 1.9718 2.0005 4.0595 49.3670 1.5854 -127.3374 -1.3126 0.0055 0.0065 482 jeep_wrangler_rubicon
Car 0.00 1.00 0 0 0 0 0 0 0 0 1819.08 358.88 1859.53 372.74 1.9718 2.0005 4.0595 81.3779 1.8159 -129.6874 1.8290 0.0055 0.0065 483 jeep_wrangler_rubicon
Car 1.00 1.00 0 0 0 0 0 0 0 0 -1000.00 -1000.00 -1000.00 -1000.00 1.9718 2.0005 4.0595 46.5234 1.5628 -128.0883 -1.3126 0.0055 0.0065 484 jeep_wrangler_rubicon
Car 1.00 1.00 0 0 0 0 0 0 0 0 -1000.00 -1000.00 -1000.00 -1000.00 1.9718 2.0005 4.0595 -32.2774 1.0522 -135.4164 0.2582 0.0055 0.0065 485 nissan_patrol
Car 1.00 1.00 0 0 0 0 0 0 0 0 -1000.00 -1000.00 -1000.00 -1000.00 1.5488 2.0688 3.9961 -31.5535 1.0694 -138.2206 -2.8834 0.0055 0.0065 486 nissan_patrol
Car 1.00 1.00 0 0 0 0 0 0 0 0 -1000.00 -1000.00 -1000.00 -1000.00 1.4855 2.1349 -5.6254 -30.3846 1.1525 -117.4377 -2.8834 0.0055 0.0065 487 nissan_patrol
Car 1.00 1.00 0 0 0 0 0 0 0 0 -1000.00 -1000.00 -1000.00 -1000.00 1.6244 1.8781 -3.8906 -26.0688 1.0774 -133.7764 0.2582 0.0055 0.0065 488 nissan_patrol
Car 1.00 1.00 0 0 0 0 0 0 0 0 -1000.00 -1000.00 -1000.00 -1000.00 1.7506 2.3538 -4.8416 -14.9294 1.3741 -107.5466 0.2582 0.0055 0.0065 489 nissan_patrol
Car 1.00 1.00 10 8 11 60 4 0 0 0 -1000.00 -1000.00 -1000.00 -1000.00 1.9718 2.0005 -4.0595 -11.3155 1.2654 -121.3796 -2.8834 0.0055 0.0065 490 nissan_patrol
Car 1.00 1.00 0 0 0 0 0 0 0 0 -1000.00 -1000.00 -1000.00 -1000.00 1.9476 2.0282 4.8347 -37.9862 1.1192 -113.6342 -2.8834 0.0055 0.0065 491 nissan_patrol
Car 1.00 1.00 0 0 0 0 0 0 0 0 -1000.00 -1000.00 -1000.00 -1000.00 1.9718 2.0005 4.0595 -37.3029 1.1233 -116.4472 -2.8834 0.0055 0.0065 492 nissan_patrol
Car 1.00 1.00 0 0 0 0 0 0 0 0 -1000.00 -1000.00 -1000.00 -1000.00 1.6244 1.8781 3.8906 -20.4199 1.2333 -111.9906 0.2582 0.0055 0.0065 493 nissan_patrol
Car 1.00 1.00 0 0 0 0 0 0 0 0 -1000.00 -1000.00 -1000.00 -1000.00 1.5488 2.0688 3.9961 -19.7238 1.2754 -114.6244 -2.8834 0.0055 0.0065 494 nissan_patrol
Car 1.00 1.00 0 0 0 0 0 0 0 0 -1000.00 -1000.00 -1000.00 -1000.00 2.1397 2.1728 4.7017 -17.4827 1.2029 -123.0088 -2.8834 0.0055 0.0065 495 nissan_patrol
Car 1.00 1.00 0 0 0 0 0 0 0 0 -1000.00 -1000.00 -1000.00 -1000.00 1.9476 2.0282 4.8347 -15.3387 1.1720 -130.9422 -2.8834 0.0055 0.0065 496 nissan_patrol
Car 1.00 1.00 0 0 0 0 0 0 0 0 -1000.00 -1000.00 -1000.00 -1000.00 1.5100 1.8730 4.1000 -14.6656 1.1526 -133.7610 -2.8834 0.0055 0.0065 497 nissan_patrol
Car 1.00 1.00 9 11 18 59 11 0 0 0 -1000.00 -1000.00 -1000.00 -1000.00 1.5488 2.0688 3.9961 -3.6519 1.3704 -116.3636 0.2582 0.0055 0.0065 498 nissan_patrol
Car 1.00 1.00 0 1 2 1 0 0 0 0 -1000.00 -1000.00 -1000.00 -1000.00 1.5100 1.8730 4.1000 -2.9164 1.3089 -119.1635 0.2582 0.0055 0.0065 499 nissan_patrol
Car 1.00 1.00 0 0 0 3 0 0 0 0 -1000.00 -1000.00 -1000.00 -1000.00 1.9476 2.0282 4.8347 -2.1840 1.3078 -121.7447 -2.8834 0.0055 0.0065 500 nissan_patrol
Car 1.00 1.00 28 31 55 186 203 0 0 0 -1000.00 -1000.00 -1000.00 -1000.00 2.1397 2.1728 -4.7017 -0.3816 1.4198 -103.7041 -2.8834 0.0055 0.0065 501 nissan_patrol
Car 1.00 1.00 7 8 6 14 10 0 0 0 -1000.00 -1000.00 -1000.00 -1000.00 1.9476 2.0282 -4.8347 0.4216 1.4083 -106.4868 0.2582 0.0055 0.0065 502 nissan_patrol
Car 1.00 1.00 4 10 22 75 14 0 0 0 -1000.00 -1000.00 -1000.00 -1000.00 1.6244 1.8781 -3.8906 4.6867 1.3369 -122.9254 -2.8834 0.0055 0.0065 503 nissan_patrol
Car 1.00 1.00 0 8 7 30 6 0 0 0 -1000.00 -1000.00 -1000.00 -1000.00 1.7506 2.3538 -4.8416 5.3370 1.4079 -125.4833 -2.8834 0.0055 0.0065 504 nissan_patrol
Car 1.00 1.00 0 0 0 0 0 0 0 0 -1000.00 -1000.00 -1000.00 -1000.00 1.9476 2.0282 4.8347 55.9358 1.5623 -137.7136 1.8290 0.0055 0.0065 505 nissan_patrol
Car 0.00 1.00 0 0 0 0 0 0 0 0 1852.29 361.60 1894.70 372.89 1.5475 1.9070 4.4025 78.5682 1.7732 -130.0151 1.8290 0.0055 0.0065 506 seat_leon
Car 1.00 1.00 0 0 0 0 0 0 0 0 -1000.00 -1000.00 -1000.00 -1000.00 2.5908 2.7453 5.4640 65.0023 1.6932 -135.2531 1.8290 0.0055 0.0065 507 carlamotors_carlacola
Car 0.00 1.00 0 0 0 0 0 0 0 0 1400.08 358.88 1426.46 368.96 2.5908 2.7453 5.4640 148.9270 2.3268 -123.1845 -1.3126 0.0055 0.0065 508 carlamotors_carlacola
Car 0.00 1.00 0 0 0 0 0 0 0 0 1387.05 359.00 1412.74 368.85 2.5908 2.7453 5.4640 152.2999 2.3536 -122.2938 -1.3126 0.0055 0.0065 509 carlamotors_carlacola
Car 0.00 1.00 0 0 0 0 0 0 0 0 1320.66 358.68 1349.26 369.29 2.5908 2.7453 5.4640 140.1351 2.2945 -96.2991 -2.8834 0.0055 0.0065 510 carlamotors_carlacola
Car 1.00 1.00 0 0 0 0 0 0 0 0 -1000.00 -1000.00 -1000.00 -1000.00 2.5908 2.7453 5.4640 60.8343 1.6601 -136.3537 1.8290 0.0055 0.0065 511 carlamotors_carlacola
Car 0.00 1.00 0 0 0 0 0 0 0 0 1119.90 360.71 1187.24 382.38 2.2031 2.5091 6.5872 59.8868 2.2867 -22.6665 1.3054 0.0055 0.0065 512 tesla_cybertruck