Car 1.00 1.00 0 0 0 0 0 0 0 0 -1000.00 -1000.00 -1000.00 -1000.00 1.5542 2.3421 5.1370 -18.3758 -10.5604 143.6433 -3.1007 -0.0164 0.0058 0 lincoln2020_mkz2020
Car 1.00 1.00 6682 237986 380458 0 0 0 0 0 -1000.00 -1000.00 -1000.00 -1000.00 2.1397 2.1728 4.7045 -0.0005 2.0932 -2.2389 1.5708 0.0000 0.0000 1 volkswagen_t2
Motorcycle 1.00 1.00 0 0 0 0 0 0 0 0 -1000.00 -1000.00 -1000.00 -1000.00 1.6960 1.0692 2.4735 46.1948 -10.4587 129.7140 -0.0423 -0.0151 0.0016 2 harley_davidson_low_rider
Motorcycle 0.00 1.00 0 0 0 0 0 0 0 0 1248.87 365.91 1254.62 369.19 1.6960 1.0692 2.4735 296.2057 4.8684 -157.5948 1.5678 -0.0141 -0.0005 3 harley_davidson_low_rider
Car 0.00 1.00 0 0 0 0 0 0 0 0 625.90 356.54 670.44 368.79 1.6320 2.1403 5.2230 81.5156 1.1973 43.0158 -1.5683 -0.0233 -0.0005 4 dodge_charger_police
Car 1.00 1.00 0 0 0 0 0 0 0 0 -1000.00 -1000.00 -1000.00 -1000.00 1.5542 2.3421 5.1370 -102.6953 -7.5217 48.9762 1.4560 -0.0328 -0.0070 5 lincoln2020_mkz2020
Car 1.00 1.00 0 0 0 0 0 0 0 0 -1000.00 -1000.00 -1000.00 -1000.00 1.4546 2.0938 4.3903 34.1498 7.7316 -299.7943 3.1327 -0.0191 -0.0007 6 audi_tt
Car 0.00 1.00 0 0 0 0 0 0 0 0 1176.02 366.59 1188.26 373.95 1.4477 1.5550 2.3177 116.4078 2.8539 -48.4497 -3.1248 -0.0247 -0.0005 7 bmw_isetta
Car 1.00 1.00 0 0 0 0 0 0 0 0 -1000.00 -1000.00 -1000.00 -1000.00 1.7173 2.2591 5.2781 -8.5887 7.6862 -295.6962 3.1069 -0.0264 -0.0028 8 mercedes_benz_coupe
Car 1.00 1.00 0 0 0 0 0 0 0 0 -1000.00 -1000.00 -1000.00 -1000.00 1.4812 2.1349 5.6254 -60.0301 2.0385 -0.4450 1.5316 -0.0190 -0.0005 9 chevrolet_impala
Car 0.00 1.00 0 0 0 0 0 0 0 0 239.32 349.44 307.35 363.05 1.6115 2.2019 5.2564 71.1632 0.3462 84.4948 0.0512 -0.0212 0.0000 10 charger2020_charger2020
Car 0.00 1.00 1 0 1 0 0 0 0 0 798.29 356.13 819.07 367.39 2.2031 2.5091 6.5872 115.1112 1.4501 28.8635 -3.1295 -0.0190 -0.0005 11 tesla_cybertruck
Car 1.00 1.00 0 0 0 0 0 0 0 0 -1000.00 -1000.00 -1000.00 -1000.00 1.5140 2.1024 4.9073 33.4360 5.7800 -197.4934 2.8701 -0.0200 -0.0063 12 mercedesccc_mercedesccc
Car 0.00 1.00 0 0 0 0 0 0 0 0 809.70 358.13 824.95 363.91 1.6980 1.9434 4.1871 172.6214 1.1638 41.9329 -1.5705 -0.0190 -0.0005 13 citroen_c3
Car 0.00 1.00 0 0 0 0 0 0 0 0 1126.42 367.01 1170.14 378.24 1.4812 2.1349 5.6254 81.9133 2.5720 -29.6586 -1.5649 -0.0191 -0.0005 14 chevrolet_impala
Car 0.00 1.00 0 0 0 0 0 0 0 0 788.39 357.92 807.48 363.63 1.6320 2.1403 5.2230 172.5340 1.0547 47.9105 -1.6135 -0.0233 -0.0005 15 dodge_charger_police
Car 0.00 1.00 0 0 0 0 0 0 0 0 1106.04 363.94 1123.69 369.12 1.5863 2.2347 5.1468 183.1740 2.9325 -53.0998 1.5756 -0.0208 -0.0034 16 lincoln_mkz2017
Car 1.00 1.00 0 0 4 0 0 0 0 0 -1000.00 -1000.00 -1000.00 -1000.00 1.7318 2.1344 5.0985 -82.4403 -8.9883 95.2285 0.8781 -0.0310 -0.0045 17 audi_etron
Car 0.00 1.00 0 0 0 0 0 0 0 0 1137.98 363.99 1155.27 369.84 1.7506 2.3538 4.8416 183.2120 3.1416 -63.5367 1.5732 -0.0293 0.0000 18 bmw_grandtourer
Car 0.00 0.29 53 55 66 336 0 0 0 10 728.23 360.79 764.63 378.68 1.5765 1.9374 3.8150 52.8071 1.6669 17.6591 0.0104 -0.0158 -0.0006 19 nissan_micra
Motorcycle 0.00 1.00 0 0 0 0 0 0 0 0 1121.44 363.93 1127.23 369.34 1.6960 1.0692 2.4735 179.0974 2.9731 -55.0148 0.0151 -0.0152 -0.0019 20 harley_davidson_low_rider
Car 0.00 1.00 0 0 0 0 0 0 0 0 1183.46 365.46 1197.61 370.55 1.5765 1.9374 3.8150 183.2381 3.4152 -77.9981 1.5843 -0.0189 -0.0005 21 nissan_micra
Car 1.00 1.00 0 0 0 0 0 0 0 0 -1000.00 -1000.00 -1000.00 -1000.00 1.7203 2.2019 5.4994 26.5233 0.3044 88.1075 -3.1017 -0.0191 0.0001 22 chargercop2020_chargercop2020
Car 1.00 1.00 26 30 58 344 9 0 0 0 -1000.00 -1000.00 -1000.00 -1000.00 1.5475 1.9070 4.4025 18.5235 2.9834 -52.7879 3.1318 -0.0189 -0.0005 23 seat_leon
Car 0.00 1.00 0 0 0 0 0 0 0 0 922.23 340.98 932.06 343.91 1.3660 1.9896 4.9534 288.4281 -8.4184 14.8006 1.5712 -0.0190 -0.0005 24 mustang_mustang
Cyclist 1.00 1.00 0 0 2 0 0 0 0 0 -1000.00 -1000.00 -1000.00 -1000.00 1.9709 0.6705 1.7250 -12.8841 4.6061 -135.0607 0.0470 -0.0255 0.0003 25 diamondback_century
Cyclist 1.00 1.00 0 0 0 2 0 0 0 0 -1000.00 -1000.00 -1000.00 -1000.00 1.7065 0.8593 1.4873 -6.7684 4.5050 -131.4787 -1.6130 -0.0162 -0.0002 26 bh_crossbike
Car 1.00 1.00 0 0 0 0 0 0 0 0 -1000.00 -1000.00 -1000.00 -1000.00 2.1397 2.1728 4.7045 83.1411 5.5507 -185.9327 -1.5708 -0.0269 -0.0006 27 volkswagen_t2
Car 1.00 1.00 0 0 0 0 0 0 0 0 -1000.00 -1000.00 -1000.00 -1000.00 1.9718 2.0005 4.0595 -52.5472 5.9853 -207.6039 -1.3150 -0.0188 -0.0001 28 jeep_wrangler_rubicon
Car 1.00 1.00 32 29 42 317 0 0 141 0 -1000.00 -1000.00 -1000.00 -1000.00 1.5627 2.2716 5.0314 -0.1951 0.7702 67.3655 1.6065 -0.0190 -0.0005 29 tesla_model3
Car 0.00 1.00 0 0 0 0 0 0 0 0 1348.46 368.22 1368.39 374.90 1.4546 2.0938 4.3903 170.0542 4.2364 -123.6037 -1.9180 -0.0190 -0.1043 30 audi_tt
Car 1.00 1.00 0 0 0 0 0 0 0 0 -1000.00 -1000.00 -1000.00 -1000.00 1.5488 2.0688 3.9961 37.8398 0.2939 88.1405 -3.1379 -0.0190 -0.0005 31 mini_cooperst
Car 0.00 1.00 0 0 0 0 0 0 0 0 1410.71 371.72 1452.32 386.45 1.6011 2.1072 4.7392 68.2800 3.0817 -59.3350 -0.2946 -0.0190 -0.0006 32 toyota_prius
Car 1.00 1.00 0 0 0 0 0 0 0 0 -1000.00 -1000.00 -1000.00 -1000.00 2.1397 2.1728 4.7045 79.4524 5.9342 -206.1934 0.0905 -0.0191 -0.0006 33 volkswagen_t2
Car 0.00 1.00 0 0 0 0 0 0 0 0 1265.81 366.44 1277.07 369.70 1.6011 2.1072 4.7392 292.7421 5.0448 -166.1270 1.6068 -0.0191 -0.0005 34 toyota_prius
Car 0.00 0.38 52 60 97 3925 0 0 10 14 116.42 364.00 310.10 398.36 1.3660 1.9896 4.9534 23.6223 1.5038 27.7639 -3.1283 -0.0190 -0.0005 35 mustang_mustang
Car 1.00 1.00 49 55 101 764 0 0 53 0 -1000.00 -1000.00 -1000.00 -1000.00 1.6011 2.1072 4.7392 -3.4488 1.1784 45.7766 -1.5710 -0.0190 -0.0005 36 toyota_prius
Car 0.00 1.00 0 0 0 0 0 0 0 0 1265.46 367.34 1303.92 379.08 1.7506 2.3538 4.8416 91.1585 3.0060 -54.9654 -2.6276 -0.0191 -0.0002 37 bmw_grandtourer
Car 0.00 1.00 0 0 0 0 0 0 0 0 1057.23 361.23 1079.74 368.68 2.2031 2.5091 6.5872 176.2508 2.6589 -36.4878 -1.5746 -0.0190 -0.0005 38 tesla_cybertruck
Motorcycle 1.00 1.00 11 9 22 748 0 1 2 0 -1000.00 -1000.00 -1000.00 -1000.00 1.6387 1.2138 2.3199 -63.2915 1.1847 44.7061 -1.5121 -0.0153 -0.0001 39 yamaha_yzf
Car 1.00 1.00 0 14 21 84 5 0 0 0 -1000.00 -1000.00 -1000.00 -1000.00 1.9476 2.0282 4.8347 17.3711 4.4591 -128.0965 3.1379 -0.0194 -0.0005 40 nissan_patrol
Car 0.00 1.00 0 0 0 0 0 0 0 0 1233.88 367.41 1264.55 377.50 1.6115 2.2019 5.2564 97.2564 2.9449 -52.3710 -3.0482 -0.0111 0.0003 41 charger2020_charger2020
Car 0.00 1.00 0 0 0 0 0 0 0 0 857.78 358.89 872.24 363.09 1.6115 2.2019 5.2564 222.3951 1.1993 35.6963 -1.7029 -0.0135 0.0030 42 charger2020_charger2020
Motorcycle 0.00 0.98 9 9 18 67 0 0 0 1 758.86 359.34 774.75 373.50 1.6649 1.0692 2.4735 68.0855 1.5949 21.1275 0.0168 -0.0160 -0.0005 43 harley_davidson_low_rider
Car 0.00 1.00 0 0 0 0 0 0 0 0 1323.55 368.10 1339.65 372.91 1.5542 2.3421 5.1370 196.5991 4.4710 -133.3018 3.1050 -0.0190 -0.0005 44 lincoln2020_mkz2020
Motorcycle 0.65 0.38 68 82 122 2133 0 0 12 3 0.00 355.00 54.00 404.67 1.6960 1.0692 2.4735 18.1557 1.4983 27.6670 -3.1315 -0.0161 -0.0004 45 harley_davidson_low_rider
Cyclist 0.00 1.00 0 0 0 0 0 0 0 0 814.11 357.63 820.02 367.80 1.9310 0.5921 1.9272 107.9501 1.4834 25.3498 3.1377 -0.0231 -0.0005 46 gazelle_omafiets
Car 1.00 1.00 2970 3380 5326 150580 0 0 1428 0 -1000.00 -1000.00 -1000.00 -1000.00 1.7318 2.1344 5.0985 -0.1141 1.9643 5.1323 1.5377 -0.0221 -0.0006 47 audi_etron
Car 0.00 1.00 0 0 0 0 0 0 0 0 244.19 346.67 309.65 363.53 1.9476 2.0282 4.8347 68.9176 0.3964 81.2999 0.0050 -0.0218 -0.0006 48 nissan_patrol
Car 1.00 1.00 0 0 0 0 0 0 0 0 -1000.00 -1000.00 -1000.00 -1000.00 1.7203 2.2019 5.4994 -56.2275 1.9496 3.9201 1.5604 -0.0191 0.0001 49 chargercop2020_chargercop2020
Car 1.00 1.00 0 0 0 0 0 0 0 0 -1000.00 -1000.00 -1000.00 -1000.00 1.6244 1.8781 3.8906 93.8529 5.8860 -204.8841 -2.7282 -0.0195 -0.0017 50 audi_a2
Car 0.00 1.00 0 0 0 0 0 0 0 0 1162.96 365.08 1181.30 370.28 1.5863 2.2347 5.1468 183.3896 3.3155 -71.9986 1.5807 -0.0190 -0.0005 51 lincoln_mkz2017
Cyclist 1.00 1.00 0 0 0 0 0 0 0 0 -1000.00 -1000.00 -1000.00 -1000.00 1.9709 0.6705 1.7250 85.1517 6.0179 -212.2217 -0.6327 -0.0206 -0.0013 52 diamondback_century
Cyclist 0.00 1.00 0 0 0 0 0 0 0 0 1325.59 367.26 1338.46 381.94 1.9311 0.5921 1.9272 76.3552 2.9363 -52.7539 3.0213 -0.0312 -0.0008 53 gazelle_omafiets
Car 1.00 1.00 7 9 13 98 0 0 1 0 -1000.00 -1000.00 -1000.00 -1000.00 1.7173 2.2591 5.2781 13.9337 0.2571 91.6134 -3.1404 -0.0260 -0.0008 54 mercedes_benz_coupe
Car 0.00 1.00 0 0 0 0 0 0 0 0 879.02 359.66 887.27 364.20 1.5542 2.3421 5.1370 198.9925 1.4570 25.2064 -3.1133 -0.0190 -0.0005 55 lincoln2020_mkz2020
Car 0.00 1.00 0 0 0 0 0 0 0 0 967.30 360.51 979.19 364.99 1.7506 2.3538 4.8416 230.3363 2.0076 -7.6894 1.5653 -0.0193 -0.0005 56 bmw_grandtourer
Car 0.00 0.73 27 35 52 6537 0 0 28 2 437.93 362.86 527.00 388.61 1.4546 2.0938 4.3903 32.0249 1.5735 24.2733 -3.1394 -0.0190 -0.0005 57 audi_tt
Car 1.00 1.00 0 0 0 0 0 0 0 0 -1000.00 -1000.00 -1000.00 -1000.00 1.7173 2.2591 5.2781 86.8238 5.7098 -194.4446 -1.5384 -0.0261 -0.0008 58 mercedes_benz_coupe
Car 0.00 1.00 0 0 0 0 0 0 0 0 909.33 361.90 941.57 372.25 1.5542 2.3421 5.1370 92.2661 1.9301 3.4303 1.5764 -0.0239 -0.0005 59 lincoln2020_mkz2020
Car 1.00 1.00 47 43 70 468 0 0 16 0 -1000.00 -1000.00 -1000.00 -1000.00 2.1397 2.1728 4.7045 -6.8571 0.4744 80.8958 -0.0033 -0.0202 -0.0002 60 volkswagen_t2
Car 0.00 1.00 0 0 0 0 0 0 0 0 437.73 350.88 460.50 357.18 1.7506 2.3538 4.8416 166.6690 -0.9057 150.4032 -0.8860 -0.0223 -0.0010 61 bmw_grandtourer
Car 0.00 1.00 0 0 0 0 0 0 0 0 869.20 359.30 878.21 364.12 1.6320 2.1403 5.2230 197.0813 1.4144 28.2820 3.1016 -0.0233 -0.0005 62 dodge_charger_police
Car 0.00 1.00 0 0 0 0 0 0 0 0 1183.54 365.64 1202.45 374.75 1.6980 1.9434 4.1871 111.3924 2.8620 -48.5797 -3.1331 -0.0190 -0.0005 63 citroen_c3
Car 0.00 1.00 0 0 0 0 0 0 0 0 814.91 360.04 832.66 367.76 1.4812 2.1349 5.6254 113.1982 1.5105 25.2954 3.1323 -0.0189 -0.0005 64 chevrolet_impala
Car 0.00 1.00 0 0 0 0 0 0 0 0 1368.32 370.59 1416.43 384.18 1.6115 2.2019 5.2564 74.9227 3.0914 -59.7548 0.0253 -0.0151 0.0003 65 charger2020_charger2020
Car 1.00 1.00 0 0 0 0 0 0 0 0 -1000.00 -1000.00 -1000.00 -1000.00 1.3660 1.9896 4.9534 47.7705 -1.0589 161.8959 -0.0085 -0.0190 -0.0005 66 mustang_mustang
Motorcycle 1.00 1.00 0 0 0 0 0 0 0 0 -1000.00 -1000.00 -1000.00 -1000.00 1.5852 1.1236 2.1350 -26.0496 0.4270 81.2812 0.0303 -0.0398 0.0190 67 kawasaki_ninja
Car 0.00 1.00 0 0 0 0 0 0 0 0 1555.43 372.73 1575.74 378.19 1.5488 2.0688 3.9961 173.4405 5.5728 -190.5596 0.8824 -0.0193 -0.0005 68 mini_cooperst
Car 1.00 1.00 0 0 0 0 0 0 0 0 -1000.00 -1000.00 -1000.00 -1000.00 1.5542 2.3421 5.1370 86.0181 5.9290 -206.8823 0.0394 -0.0191 -0.0008 69 lincoln2020_mkz2020
Car 0.00 1.00 0 0 0 0 0 0 0 0 1704.79 374.65 1751.49 389.17 1.9718 2.0005 4.0595 82.4097 4.1898 -114.9550 -1.5670 -0.0194 -0.0006 70 jeep_wrangler_rubicon
Car 0.00 1.00 0 0 0 0 0 0 0 0 1166.30 364.64 1184.21 370.49 1.7506 2.3538 4.8416 179.5568 3.3054 -71.5331 1.5339 -0.0219 -0.0005 71 bmw_grandtourer
Car 1.00 1.00 0 0 0 0 0 0 0 0 -1000.00 -1000.00 -1000.00 -1000.00 2.2031 2.5091 6.5872 73.2331 -1.2614 172.6879 3.1280 -0.0171 -0.0005 72 tesla_cybertruck
Car 1.00 1.00 0 0 0 0 0 0 0 0 -1000.00 -1000.00 -1000.00 -1000.00 1.6244 1.8781 3.8906 -99.6096 -6.1633 3.4096 1.5852 -0.0346 -0.0018 73 audi_a2
Car 0.00 1.00 0 0 0 0 0 0 0 0 738.95 356.65 758.65 362.36 1.7203 2.2019 5.4994 179.5523 0.7010 65.7792 1.6450 -0.0191 0.0001 74 chargercop2020_chargercop2020
Car 1.00 1.00 0 0 0 0 0 0 0 0 -1000.00 -1000.00 -1000.00 -1000.00 1.6320 2.1403 5.2230 -81.2011 7.3984 -278.6208 -0.7482 -0.0223 -0.0091 75 dodge_charger_police
Car 0.85 0.00 5469 7969 12797 399043 0 0 692 495 0.00 458.00 489.00 718.00 1.5140 2.1024 4.9073 3.6573 1.9912 2.7117 1.5713 -0.0204 -0.0005 76 mercedesccc_mercedesccc
Car 0.00 1.00 0 0 0 0 0 0 0 0 882.46 359.48 888.89 364.05 1.6244 1.8781 3.8906 205.1881 1.4539 25.1421 -3.1245 -0.0195 -0.0016 77 audi_a2
Car 0.00 1.00 0 0 0 0 0 0 0 0 1656.41 375.89 1698.08 387.51 1.6244 1.8781 3.8906 85.9479 4.1267 -112.0702 -1.5807 -0.0194 -0.0016 78 audi_a2
Car 0.00 1.00 0 0 0 0 0 0 0 0 953.28 360.32 966.71 364.68 1.7203 2.2019 5.4994 234.0524 1.9081 -2.2095 1.6265 -0.0184 0.0001 79 chargercop2020_chargercop2020
Car 0.00 1.00 0 0 0 0 0 0 0 0 1682.22 373.15 1707.27 379.97 2.1397 2.1728 4.7045 192.9030 6.7904 -256.5080 0.2114 -0.0194 0.0081 80 volkswagen_t2
Car 0.00 1.00 0 0 0 0 0 0 0 0 1060.24 363.38 1073.93 367.38 1.3660 1.9896 4.9534 206.6545 2.6734 -41.9349 -2.5232 -0.0190 -0.0013 81 mustang_mustang
Car 0.00 1.00 0 0 0 0 0 0 0 0 944.28 361.71 979.81 373.46 1.7203 2.2019 5.4994 88.6813 2.0484 -2.5146 1.6080 -0.0197 0.0001 82 chargercop2020_chargercop2020
Car 0.00 1.00 0 0 0 0 0 0 0 0 1184.56 364.87 1193.96 368.32 1.6244 1.8781 3.8906 278.2973 4.1075 -116.8999 -1.5583 -0.0186 -0.0016 83 audi_a2
Car 0.00 0.78 21 21 35 1190 0 0 0 1 325.90 358.00 424.03 389.07 1.6244 1.8781 3.8906 29.6657 1.4987 27.8092 -3.1379 -0.0195 -0.0016 84 audi_a2
Car 0.00 1.00 0 0 0 0 0 0 0 0 531.38 354.54 556.51 360.86 1.3660 1.9896 4.9534 126.7459 0.1698 92.0813 -3.1321 -0.0190 -0.0005 85 mustang_mustang
Car 1.00 1.00 0 0 0 0 0 0 0 0 -1000.00 -1000.00 -1000.00 -1000.00 1.6244 1.8781 3.8906 -96.1527 -8.8877 94.5550 -2.1868 -0.0108 0.0007 86 audi_a2
Car 0.00 1.00 0 0 0 0 0 0 0 0 1389.41 368.21 1406.55 374.59 1.9718 2.0005 4.0595 183.5894 4.7346 -146.4607 1.5998 -0.0227 -0.0010 87 jeep_wrangler_rubicon
Car 1.00 1.00 0 0 0 0 0 0 0 0 -1000.00 -1000.00 -1000.00 -1000.00 1.9718 2.0005 4.0595 -116.7605 4.2855 -114.2857 -1.5850 -0.0195 -0.0006 88 jeep_wrangler_rubicon
Car 1.00 1.00 0 3 0 0 0 0 0 0 -1000.00 -1000.00 -1000.00 -1000.00 1.3660 1.9896 4.9534 -72.3862 -9.2358 100.6418 0.7602 -0.0299 -0.0010 89 mustang_mustang
Motorcycle 1.00 1.00 9 8 18 66 1 0 0 0 -1000.00 -1000.00 -1000.00 -1000.00 1.6649 1.0692 2.4735 -11.9075 3.1303 -60.0381 -0.1917 -0.0104 -0.0035 90 harley_davidson_low_rider
Car 0.00 1.00 0 0 0 0 0 0 0 0 1248.85 366.19 1253.13 369.36 1.5475 1.9070 4.4025 289.1139 4.8087 -153.4594 2.6654 -0.0228 -0.0085 91 seat_leon
Motorcycle 1.00 1.00 0 0 0 0 0 0 0 0 -1000.00 -1000.00 -1000.00 -1000.00 1.6387 1.2138 2.3199 21.4255 0.3144 88.0806 3.1311 -0.0192 -0.0005 92 yamaha_yzf
Cyclist 1.00 1.00 0 0 0 0 0 0 0 0 -1000.00 -1000.00 -1000.00 -1000.00 1.9311 0.5921 1.9272 -47.3338 6.2490 -222.9825 -1.1960 -0.0220 -0.0034 93 gazelle_omafiets
Car 1.00 1.00 0 0 0 0 0 0 0 0 -1000.00 -1000.00 -1000.00 -1000.00 1.5140 2.1024 4.9073 86.7727 5.8362 -201.9904 -1.5468 -0.0190 -0.0006 94 mercedesccc_mercedesccc
Car 0.00 1.00 0 0 0 0 0 0 0 0 1097.24 364.19 1107.15 368.99 1.4546 2.0938 4.3903 180.0271 2.8454 -48.1277 3.1304 -0.0171 -0.0024 95 audi_tt
Car 1.00 1.00 0 3 10 35 4 0 0 0 -1000.00 -1000.00 -1000.00 -1000.00 2.1397 2.1728 4.7045 17.4352 4.5538 -131.7812 -3.1320 -0.0190 -0.0005 96 volkswagen_t2
Car 1.00 1.00 0 0 0 0 0 0 0 0 -1000.00 -1000.00 -1000.00 -1000.00 1.5140 2.1024 4.9073 -18.5934 4.6232 -135.1310 0.0035 -0.0202 -0.0005 97 mercedesccc_mercedesccc
Car 1.00 1.00 0 0 0 0 0 0 0 0 -1000.00 -1000.00 -1000.00 -1000.00 1.4812 2.1349 5.6254 70.6707 -1.1322 165.5518 0.0124 -0.0189 -0.0005 98 chevrolet_impala
Car 1.00 1.00 13 15 27 135 0 0 5 0 -1000.00 -1000.00 -1000.00 -1000.00 1.5765 1.9374 3.8150 -19.9131 0.3798 84.6010 -0.0098 -0.0188 -0.0006 99 nissan_micra
Motorcycle 0.00 0.25 69 69 113 2907 0 0 13 12 154.65 360.78 239.00 405.00 1.5853 1.1236 2.1350 20.2793 1.5390 24.2006 -3.1375 -0.0192 -0.0005 100 kawasaki_ninja
Car 0.00 1.00 0 0 0 0 0 0 0 0 1313.30 366.76 1327.24 372.45 1.9476 2.0282 4.8347 202.9488 4.4596 -133.4342 3.1053 -0.0193 -0.0005 101 nissan_patrol
Car 1.00 1.00 0 0 0 0 0 0 0 0 -1000.00 -1000.00 -1000.00 -1000.00 2.1397 2.1728 4.7045 -99.1631 -1.6274 -44.7289 1.5807 -0.1150 -0.0003 102 volkswagen_t2
Car 1.00 1.00 0 2 2 17 3 0 0 0 -1000.00 -1000.00 -1000.00 -1000.00 1.3660 1.9896 4.9534 -13.1235 4.6911 -138.8923 -0.0851 -0.0184 -0.0000 103 mustang_mustang
Car 1.00 1.00 73 78 113 581 11 0 0 0 -1000.00 -1000.00 -1000.00 -1000.00 1.5627 2.2716 5.0314 -22.1990 3.0741 -56.1659 -0.0608 -0.0172 -0.0007 104 tesla_model3
Car 0.00 1.00 0 0 0 0 0 0 0 0 859.73 359.90 872.16 366.28 1.5542 2.3421 5.1370 142.5511 1.5532 21.7619 0.0147 -0.0195 -0.0008 105 lincoln2020_mkz2020
Car 0.00 1.00 0 0 0 0 0 0 0 0 888.78 360.12 902.76 365.52 1.5627 2.2716 5.0314 168.2015 1.6335 17.1221 -0.3134 -0.0190 -0.0005 106 tesla_model3
Car 1.00 1.00 0 0 0 0 0 0 0 0 -1000.00 -1000.00 -1000.00 -1000.00 1.5765 1.9374 3.8150 86.7837 5.5198 -185.9620 -1.4471 -0.0190 -0.0006 107 nissan_micra
Cyclist 0.00 1.00 0 0 0 0 0 0 0 0 1895.12 378.33 1914.44 391.25 1.9311 0.5921 1.9272 86.8416 4.7989 -148.4781 -1.5753 -0.0220 -0.0002 108 gazelle_omafiets
Cyclist 1.00 1.00 0 0 0 0 0 0 0 0 -1000.00 -1000.00 -1000.00 -1000.00 1.9311 0.5921 1.9272 37.8489 -10.6568 139.8602 3.1305 -0.0225 -0.0006 109 gazelle_omafiets
Car 0.00 1.00 0 0 0 0 0 0 0 0 1342.67 371.29 1382.69 383.38 1.4546 2.0938 4.3903 75.3697 3.0290 -56.1568 0.0222 -0.0147 -0.0002 110 audi_tt
Car 0.00 1.00 0 0 0 0 0 0 0 0 1832.00 377.04 1882.66 390.85 1.9476 2.0282 4.8347 86.7861 4.6675 -141.0073 -1.5168 -0.0219 -0.0012 111 nissan_patrol
Car 0.00 1.00 0 0 0 0 0 0 0 0 1218.17 367.70 1241.16 376.29 1.4546 2.0938 4.3903 103.6645 2.9309 -52.1129 3.1412 -0.0190 -0.0005 112 audi_tt
Car 0.00 1.00 0 0 0 0 0 0 0 0 511.08 352.17 532.20 357.92 1.7506 2.3538 4.8416 181.9363 -0.7336 140.8240 1.7427 -0.0191 0.0028 113 bmw_grandtourer
Car 0.00 1.00 0 0 0 0 0 0 0 0 1325.79 367.03 1343.03 373.62 1.9718 2.0005 4.0595 176.5786 4.2492 -120.7882 -1.5879 -0.0186 -0.0006 114 jeep_wrangler_rubicon
Motorcycle 1.00 1.00 0 0 0 0 0 0 0 0 -1000.00 -1000.00 -1000.00 -1000.00 1.6387 1.2138 2.3199 32.6252 0.3076 88.1205 -3.1387 -0.0190 -0.0005 115 yamaha_yzf
Car 0.00 1.00 0 0 0 0 0 0 0 0 933.87 360.31 950.83 365.93 1.7203 2.2019 5.4994 183.3143 1.8807 3.5979 1.6202 -0.0213 0.0000 116 chargercop2020_chargercop2020
Car 0.00 1.00 0 0 0 0 0 0 0 0 586.31 355.37 623.97 367.79 1.6980 1.9434 4.1871 81.4249 1.0750 49.2137 -1.5737 -0.0190 -0.0005 117 citroen_c3
Car 1.00 1.00 0 0 0 0 0 0 0 0 -1000.00 -1000.00 -1000.00 -1000.00 1.5542 2.3421 5.1370 -63.8793 7.3823 -278.9956 2.5063 -0.0200 -0.0260 118 lincoln2020_mkz2020
Car 0.00 1.00 0 0 0 0 0 0 0 0 854.06 354.16 894.37 373.27 2.5908 2.7453 5.4640 81.5126 1.8306 10.2748 -1.3154 -0.0198 -0.0079 119 carlamotors_carlacola
Car 0.00 0.08 57 47 90 3517 0 0 7 14 527.83 360.00 586.72 383.08 1.5765 1.9374 3.8150 37.6655 1.5500 24.3048 3.1405 -0.0190 -0.0006 120 nissan_micra
Car 0.00 1.00 0 0 0 0 0 0 0 0 1199.29 365.54 1204.68 368.63 1.4477 1.5550 2.3177 273.9248 4.2093 -121.3563 -1.9286 -0.0248 -0.0006 121 bmw_isetta
Car 1.00 1.00 0 0 0 0 0 0 0 0 -1000.00 -1000.00 -1000.00 -1000.00 1.7173 2.2591 5.2781 48.2913 -1.1109 165.5181 -0.0283 -0.0258 -0.0008 122 mercedes_benz_coupe
Car 1.00 1.00 0 10 15 54 8 0 0 0 -1000.00 -1000.00 -1000.00 -1000.00 1.7173 2.2591 5.2781 -6.6558 4.4425 -125.0927 -1.5658 -0.0256 -0.0008 123 mercedes_benz_coupe
Car 0.00 1.00 0 0 0 0 0 0 0 0 270.72 349.83 312.08 361.01 1.5765 1.9374 3.8150 84.7007 0.1046 98.6679 -1.5502 -0.0239 -0.0002 124 nissan_micra
Car 1.00 1.00 0 0 0 0 0 0 0 0 -1000.00 -1000.00 -1000.00 -1000.00 1.6115 2.2019 5.2564 -52.8506 2.8323 -42.7618 -0.8388 -0.0192 0.0040 125 charger2020_charger2020
Car 1.00 1.00 0 0 0 0 0 0 0 0 -1000.00 -1000.00 -1000.00 -1000.00 1.9476 2.0282 4.8347 58.8361 -1.1444 165.6102 -0.0190 -0.0243 -0.0005 126 nissan_patrol
Car 1.00 1.00 0 0 0 10 0 0 0 0 -1000.00 -1000.00 -1000.00 -1000.00 1.5140 2.1024 4.9073 -92.3458 -8.2934 73.0647 1.1584 -0.0324 -0.0018 127 mercedesccc_mercedesccc
Car 0.00 1.00 0 0 0 0 0 0 0 0 1088.73 355.92 1100.36 360.72 1.7173 2.2591 5.2781 288.8952 -0.0233 -71.9796 1.5931 -0.1525 -0.0034 128 mercedes_benz_coupe
Car 0.00 1.00 0 0 0 0 0 0 0 0 935.95 361.14 953.73 366.12 1.4812 2.1349 5.6254 179.4883 1.9055 2.6378 1.5646 -0.0198 -0.0005 129 chevrolet_impala
Car 1.00 1.00 0 0 0 0 0 0 0 0 -1000.00 -1000.00 -1000.00 -1000.00 2.1397 2.1728 4.7045 -102.5254 5.0687 -155.4340 1.5818 -0.0190 -0.0005 130 volkswagen_t2
Car 0.37 1.00 0 0 0 0 0 0 0 0 0.00 344.02 27.13 354.60 1.6244 1.8781 3.8906 91.5295 -0.9250 153.5576 1.5417 -0.0195 -0.0017 131 audi_a2
Car 1.00 1.00 0 11 18 73 12 0 0 0 -1000.00 -1000.00 -1000.00 -1000.00 1.9476 2.0282 4.8347 8.6341 4.5919 -134.7437 -0.2796 -0.0250 0.0055 132 nissan_patrol
Car 0.00 1.00 0 0 0 0 0 0 0 0 1315.90 367.10 1355.15 380.25 1.9476 2.0282 4.8347 89.0851 3.1342 -61.8423 1.5780 -0.0199 -0.0007 133 nissan_patrol
Car 1.00 1.00 0 2 3 19 0 0 0 0 -1000.00 -1000.00 -1000.00 -1000.00 1.9476 2.0282 4.8347 -102.0977 -8.5941 84.9047 -2.0728 -0.0089 0.0031 134 nissan_patrol
Car 1.00 1.00 13 11 17 74 3 0 0 0 -1000.00 -1000.00 -1000.00 -1000.00 1.7506 2.3538 4.8416 -3.0608 4.1734 -112.0416 -1.5724 -0.0190 -0.0006 135 bmw_grandtourer
Car 0.00 1.00 0 0 0 0 0 0 0 0 1191.33 364.44 1211.09 374.44 1.9476 2.0282 4.8347 115.7661 2.9059 -52.1079 3.1213 -0.0194 -0.0005 136 nissan_patrol
Car 1.00 1.00 165 197 323 1351 60 0 0 0 -1000.00 -1000.00 -1000.00 -1000.00 1.7203 2.2019 5.4994 -3.2961 2.6454 -31.2855 -1.5525 -0.0191 0.0001 137 chargercop2020_chargercop2020
Car 0.00 1.00 0 0 0 0 0 0 0 0 1247.84 361.92 1284.34 379.08 2.5908 2.7453 5.4640 88.5190 2.9525 -50.5387 -0.9961 -0.0193 -0.0006 138 carlamotors_carlacola
Car 0.00 1.00 0 0 0 0 0 0 0 0 476.51 352.15 500.38 357.69 1.5863 2.2347 5.1468 171.6997 -0.7638 142.9421 -1.3910 -0.0184 -0.0010 139 lincoln_mkz2017
Car 0.00 1.00 0 0 0 0 0 0 0 0 69.27 343.40 149.81 363.76 1.9718 2.0005 4.0595 57.7912 0.3525 84.7190 0.0201 -0.0193 -0.0007 140 jeep_wrangler_rubicon
Car 0.00 1.00 0 0 0 0 0 0 0 0 450.06 352.41 484.58 361.54 1.6011 2.1072 4.7392 103.0171 0.2557 88.3540 3.1412 -0.0190 -0.0005 141 toyota_prius
Car 0.00 1.00 0 0 0 0 0 0 0 0 614.94 354.31 635.32 360.15 1.7318 2.1344 5.0985 176.1291 -0.0027 103.5459 -1.5538 -0.0195 -0.0005 142 audi_etron
Car 0.00 1.00 0 0 0 0 0 0 0 0 1280.26 365.56 1295.60 371.24 2.2031 2.5091 6.5872 229.6288 4.5483 -137.4219 -0.0235 -0.0190 -0.0005 143 tesla_cybertruck
Car 0.00 1.00 0 0 0 0 0 0 0 0 690.81 355.88 702.12 360.60 1.5765 1.9374 3.8150 192.1677 0.1877 88.6350 3.0999 -0.0189 -0.0006 144 nissan_micra
Car 0.00 1.00 0 0 0 0 0 0 0 0 1195.43 367.21 1217.17 375.63 1.4546 2.0938 4.3903 105.5537 2.8636 -48.6284 -3.1338 -0.0190 -0.0005 145 audi_tt
Car 0.00 1.00 0 0 0 0 0 0 0 0 1368.38 368.65 1383.25 372.04 1.4812 2.1349 5.6254 275.2271 5.8554 -207.9085 -1.6200 -0.0203 -0.0071 146 chevrolet_impala
Car 0.00 1.00 0 0 0 0 0 0 0 0 449.86 309.22 482.66 320.24 2.2031 2.5091 6.5872 141.6915 -10.3547 122.9834 0.0222 -0.0203 -0.0006 147 tesla_cybertruck
Car 1.00 1.00 0 0 0 0 0 0 0 0 -1000.00 -1000.00 -1000.00 -1000.00 1.9718 2.0005 4.0595 83.2108 5.3963 -178.4391 -1.5813 -0.0203 -0.0006 148 jeep_wrangler_rubicon
Car 0.00 1.00 0 0 0 0 0 0 0 0 1339.09 368.90 1354.18 373.10 1.3660 1.9896 4.9534 198.9732 4.6023 -140.2706 -0.0226 -0.0193 -0.0005 149 mustang_mustang
Car 0.00 1.00 0 0 0 0 0 0 0 0 1085.71 363.92 1098.54 368.05 1.3660 1.9896 4.9534 199.7733 2.8226 -49.5804 -2.7724 -0.0190 -0.0005 150 mustang_mustang
Car 1.00 1.00 0 0 0 0 0 0 0 0 -1000.00 -1000.00 -1000.00 -1000.00 2.5908 2.7453 5.4640 -86.7352 4.6228 -131.8499 -3.1372 -0.0190 -0.0005 151 carlamotors_carlacola
Car 0.00 1.00 0 0 0 0 0 0 0 0 147.90 348.53 234.38 364.16 1.5863 2.2347 5.1468 61.3646 0.4134 81.2650 -0.0038 -0.0191 -0.0005 152 lincoln_mkz2017
Car 0.00 1.00 0 0 0 0 0 0 0 0 706.51 334.23 719.01 338.46 1.7506 2.3538 4.8416 262.7565 -10.2846 114.5141 2.3601 -0.0190 -0.0001 153 bmw_grandtourer
Cyclist 0.00 1.00 2 3 6 0 0 0 0 0 798.01 357.16 804.16 367.38 1.9709 0.6705 1.7250 109.3643 1.4251 28.8302 3.1362 -0.0146 -0.0005 154 diamondback_century
Cyclist 1.00 1.00 0 0 0 0 0 0 0 0 -1000.00 -1000.00 -1000.00 -1000.00 1.9311 0.5921 1.9272 90.8237 5.9781 -210.6887 1.5805 -0.0231 -0.0004 155 gazelle_omafiets
Motorcycle 0.00 1.00 0 0 0 0 0 0 0 0 399.96 351.20 422.17 361.94 1.6960 1.0692 2.4735 91.3765 0.2946 87.2404 -0.7137 -0.0185 -0.0014 156 harley_davidson_low_rider
Car 0.00 1.00 0 0 0 0 0 0 0 0 1252.17 365.14 1263.32 369.54 2.1397 2.1728 4.7045 292.5709 4.9227 -158.7999 1.3407 -0.0305 0.0021 157 volkswagen_t2
Car 1.00 1.00 0 0 0 0 0 0 0 0 -1000.00 -1000.00 -1000.00 -1000.00 1.5488 2.0688 3.9961 -81.9274 -8.8684 90.2637 0.9237 -0.0315 -0.0008 158 mini_cooperst
Cyclist 0.00 1.00 0 0 0 0 0 0 0 0 729.96 355.74 736.83 361.88 1.9311 0.5921 1.9272 179.5291 0.5814 70.7574 1.5782 -0.0231 -0.0005 159 gazelle_omafiets
Car 0.00 1.00 0 0 0 0 0 0 0 0 1326.88 368.64 1349.84 373.91 1.4812 2.1349 5.6254 172.7084 4.2282 -119.3942 -1.5713 -0.0190 -0.0005 160 chevrolet_impala
Car 1.00 1.00 0 0 0 0 0 0 0 0 -1000.00 -1000.00 -1000.00 -1000.00 1.7173 2.2591 5.2781 -120.4783 -4.8362 -19.5173 -1.5721 0.0535 -0.0012 161 mercedes_benz_coupe
Car 1.00 1.00 0 0 0 0 0 0 0 0 -1000.00 -1000.00 -1000.00 -1000.00 1.9718 2.0005 4.0595 91.1160 5.7951 -199.6754 -3.1313 -0.0194 -0.0006 162 jeep_wrangler_rubicon
Car 0.00 1.00 0 0 0 0 0 0 0 0 1728.85 378.39 1880.96 411.11 1.7506 2.3538 4.8416 36.6072 3.0340 -56.1163 -0.0044 -0.0207 -0.0006 163 bmw_grandtourer
Car 1.00 1.00 0 0 0 0 0 0 0 0 -1000.00 -1000.00 -1000.00 -1000.00 1.6115 2.2019 5.2564 15.4280 0.3090 88.0449 -3.1189 -0.0214 -0.0001 164 charger2020_charger2020
Car 1.00 1.00 102 126 195 844 37 0 0 0 -1000.00 -1000.00 -1000.00 -1000.00 1.6244 1.8781 3.8906 -6.7622 2.7343 -36.1569 -1.5518 -0.0195 -0.0016 165 audi_a2
Car 1.00 1.00 0 0 0 0 0 0 0 0 -1000.00 -1000.00 -1000.00 -1000.00 1.5475 1.9070 4.4025 -4.2854 7.7452 -299.7562 3.1224 -0.0192 -0.0014 166 seat_leon
Car 0.00 1.00 0 0 0 0 0 0 0 0 696.05 332.78 706.95 337.04 1.5765 1.9374 3.8150 244.3698 -10.2211 111.2743 -0.6873 -0.0199 -0.0228 167 nissan_micra
Car 1.00 1.00 0 0 0 0 0 0 0 0 -1000.00 -1000.00 -1000.00 -1000.00 1.5863 2.2347 5.1468 -23.9717 4.6943 -138.5936 -0.0003 -0.0195 -0.0005 168 lincoln_mkz2017
Car 0.00 1.00 0 0 0 0 0 0 0 0 1203.10 365.71 1226.69 375.35 1.7506 2.3538 4.8416 109.6738 2.9179 -52.1336 -3.1390 -0.0190 -0.0005 169 bmw_grandtourer
Car 0.00 0.02 165 186 297 9317 0 0 27 23 274.57 362.85 438.00 397.00 1.4812 2.1349 5.6254 25.7009 1.5800 24.1421 -3.1382 -0.0190 -0.0005 170 chevrolet_impala
Car 0.00 1.00 0 0 0 0 0 0 0 0 806.06 358.72 825.72 363.79 1.4812 2.1349 5.6254 176.1714 1.1342 43.2916 -1.5750 -0.0190 -0.0005 171 chevrolet_impala
Car 1.00 1.00 7 8 15 122 0 0 20 0 -1000.00 -1000.00 -1000.00 -1000.00 1.6011 2.1072 4.7392 -3.4610 0.0704 104.0692 -1.5611 -0.0190 -0.0005 172 toyota_prius
Car 0.00 1.00 0 0 0 0 0 0 0 0 948.07 360.48 961.19 364.65 1.6115 2.2019 5.2564 230.5953 1.8652 0.0120 1.6528 -0.0199 -0.0002 173 charger2020_charger2020
Car 0.00 1.00 0 0 0 0 0 0 0 0 1350.70 368.71 1365.59 373.66 1.5475 1.9070 4.4025 188.1385 4.5394 -136.5999 -0.0236 -0.0191 -0.0005 174 seat_leon
Car 0.00 1.00 0 0 0 0 0 0 0 0 1593.45 369.36 1640.35 383.64 2.5908 2.7453 5.4640 110.0077 4.5044 -131.2525 3.1198 -0.0190 -0.0005 175 carlamotors_carlacola
Car 0.00 1.00 0 0 0 0 0 0 0 0 417.51 352.80 460.54 361.74 1.4812 2.1349 5.6254 97.2723 0.2790 88.1192 3.1333 -0.0127 -0.0005 176 chevrolet_impala
Car 1.00 1.00 0 0 0 0 0 0 0 0 -1000.00 -1000.00 -1000.00 -1000.00 1.9718 2.0005 4.0595 -110.7653 4.5091 -126.1843 -1.2806 -0.0218 0.0012 177 jeep_wrangler_rubicon
Car 0.00 1.00 0 0 0 0 0 0 0 0 1157.95 364.03 1167.41 367.65 1.6980 1.9434 4.1871 289.4180 3.8851 -107.6541 1.5028 -0.0414 -0.0013 178 citroen_c3
Car 0.00 1.00 0 0 0 0 0 0 0 0 899.98 361.97 926.91 372.43 1.5488 2.0688 3.9961 88.5118 1.9002 5.0983 1.5397 -0.0191 -0.0005 179 mini_cooperst
Motorcycle 0.00 1.00 1 3 6 15 0 0 0 0 789.62 358.51 799.40 367.73 1.6960 1.0692 2.4735 105.2524 1.4278 28.8806 3.1393 -0.0160 -0.0004 180 harley_davidson_low_rider
Car 0.00 1.00 0 0 0 0 0 0 0 0 655.67 355.88 665.79 360.66 1.4477 1.5550 2.3177 175.9212 0.1797 92.2009 -1.5720 -0.0272 0.0029 181 bmw_isetta
Cyclist 0.00 1.00 0 0 0 291 0 0 1 0 464.04 356.60 488.16 384.59 1.7065 0.8593 1.4873 35.5979 1.4531 27.8830 -3.1300 -0.0148 -0.0010 182 bh_crossbike
Car 1.00 1.00 0 0 0 0 0 0 0 0 -1000.00 -1000.00 -1000.00 -1000.00 1.6011 2.1072 4.7392 -116.5763 4.4100 -120.9891 -1.5899 -0.0199 -0.0006 183 toyota_prius
Car 1.00 1.00 0 0 0 0 0 0 0 0 -1000.00 -1000.00 -1000.00 -1000.00 1.5488 2.0688 3.9961 99.3187 5.8534 -203.2041 -3.1021 -0.0190 -0.0006 184 mini_cooperst
Car 0.00 1.00 0 0 0 0 0 0 0 0 1701.27 374.80 1721.78 379.76 1.6980 1.9434 4.1871 211.8568 7.4141 -288.0401 -2.8660 -0.0193 -0.0052 185 citroen_c3
Car 1.00 1.00 0 0 0 3 0 0 0 0 -1000.00 -1000.00 -1000.00 -1000.00 1.5765 1.9374 3.8150 -7.1795 0.0783 103.0217 -1.5535 -0.0190 -0.0006 186 nissan_micra
Car 0.00 0.00 75 82 125 1035 0 0 0 7 579.27 357.07 638.78 381.51 1.7506 2.3538 4.8416 43.4914 1.5491 24.5148 -2.9172 -0.0114 0.0009 187 bmw_grandtourer
Car 0.00 1.00 0 0 0 0 0 0 0 0 944.06 360.59 954.27 364.67 1.5488 2.0688 3.9961 223.4460 1.8275 2.1327 -1.5164 -0.0190 -0.0006 188 mini_cooperst
Car 0.00 1.00 0 0 0 0 0 0 0 0 1244.30 366.24 1253.03 369.73 1.5488 2.0688 3.9961 262.2446 4.5302 -138.2511 -0.0228 -0.0190 -0.0005 189 mini_cooperst
Car 0.00 1.00 0 0 0 0 0 0 0 0 608.15 354.59 627.80 360.10 1.6011 2.1072 4.7392 172.3617 -0.0141 103.4816 -1.5669 -0.0190 -0.0005 190 toyota_prius
Car 1.00 1.00 0 0 0 0 0 0 0 0 -1000.00 -1000.00 -1000.00 -1000.00 1.3660 1.9896 4.9534 -27.5213 0.3954 84.6282 0.0581 -0.0189 -0.0006 191 mustang_mustang
Car 0.00 1.00 0 0 0 0 0 0 0 0 1234.13 365.14 1245.21 369.04 1.9476 2.0282 4.8347 296.1327 4.7458 -151.1108 1.5749 -0.0226 -0.0006 192 nissan_patrol
Pedestrian 0.00 1.00 0 0 0 0 0 0 0 0 1423.45 368.48 1425.67 372.15 1.9158 0.4880 0.7507 294.5094 6.4189 -248.2010 -1.9205 -0.0190 -0.0005 193 pedestrian_0019
Pedestrian 1.00 1.00 2 2 2 11 0 0 0 0 -1000.00 -1000.00 -1000.00 -1000.00 1.1330 0.4333 0.6667 13.0965 3.6042 -92.9654 1.7575 -0.0190 -0.0005 194 pedestrian_0010
Pedestrian 0.00 1.00 0 0 0 0 0 0 0 0 856.49 357.57 858.29 362.11 1.9158 0.4880 0.6341 236.9578 0.8902 41.4543 1.5436 -0.0190 -0.0005 195 pedestrian_0005
Pedestrian 1.00 1.00 0 0 0 0 0 0 0 0 -1000.00 -1000.00 -1000.00 -1000.00 1.9158 0.4880 0.6067 57.5938 -1.5091 175.6215 3.0819 -0.0190 -0.0005 196 pedestrian_0003
Pedestrian 1.00 1.00 0 4 2 10 0 0 0 0 -1000.00 -1000.00 -1000.00 -1000.00 1.9158 0.4880 0.7507 12.6382 -10.3072 114.8597 0.0029 -0.0190 -0.0005 197 pedestrian_0021
Pedestrian 1.00 1.00 0 0 0 0 0 0 0 0 -1000.00 -1000.00 -1000.00 -1000.00 1.9158 0.4880 0.4409 -108.9725 6.9931 -266.9358 2.1729 -0.0190 -0.0005 198 pedestrian_0003
Pedestrian 0.00 1.00 0 0 0 0 0 0 0 0 1357.25 367.23 1358.81 370.78 1.9158 0.4880 0.4808 302.2898 5.8518 -218.5641 1.4854 -0.0190 -0.0005 199 pedestrian_0004
Pedestrian 1.00 1.00 4 4 8 44 5 0 0 0 -1000.00 -1000.00 -1000.00 -1000.00 1.9158 0.4880 0.3754 -10.5987 3.0652 -63.2913 2.0200 -0.0190 -0.0005 200 pedestrian_0022
Pedestrian 0.00 1.00 0 0 0 0 0 0 0 0 1211.04 366.12 1212.93 370.15 1.3390 0.3253 0.4606 187.2532 3.4016 -86.8881 -1.5875 -0.0190 -0.0005 201 pedestrian_0014
Pedestrian 0.00 1.00 0 0 0 0 0 0 0 0 872.50 358.86 875.93 370.33 1.9158 0.4880 0.4671 94.2775 1.7293 12.2096 0.0467 -0.0190 -0.0005 202 pedestrian_0022
Pedestrian 1.00 1.00 0 0 0 0 0 0 0 0 -1000.00 -1000.00 -1000.00 -1000.00 1.9158 0.4880 0.5732 74.7211 5.9060 -206.9801 -1.6982 -0.0190 -0.0005 203 pedestrian_0023
Pedestrian 0.00 1.00 0 0 0 0 0 0 0 0 91.25 348.75 103.71 363.67 1.3390 0.3253 0.5005 51.2583 0.3278 75.9263 -3.1159 -0.0190 -0.0005 204 pedestrian_0012
Pedestrian 1.00 1.00 0 2 1 2 0 0 0 0 -1000.00 -1000.00 -1000.00 -1000.00 1.9158 0.4880 0.3754 -11.9931 4.2267 -124.1652 1.0916 -0.0190 -0.0005 205 pedestrian_0019
Pedestrian 1.00 1.00 0 0 0 0 0 0 0 0 -1000.00 -1000.00 -1000.00 -1000.00 1.9158 0.4880 0.4756 -63.6542 5.0169 -166.0872 1.5935 -0.0190 -0.0005 206 pedestrian_0005
Pedestrian 1.00 1.00 0 1 0 4 0 0 0 0 -1000.00 -1000.00 -1000.00 -1000.00 1.9158 0.4880 0.6713 -10.3525 -0.7735 138.8636 -1.5622 -0.0190 -0.0005 207 pedestrian_0026
Pedestrian 0.00 1.00 0 0 0 0 0 0 0 0 838.20 357.24 845.36 378.00 1.9158 0.4880 0.7507 52.7911 1.6639 8.8155 -3.1180 -0.0190 -0.0005 208 pedestrian_0015
Pedestrian 1.00 1.00 0 0 0 0 0 0 0 0 -1000.00 -1000.00 -1000.00 -1000.00 1.3390 0.3253 0.3208 -127.3686 4.4164 -131.3418 -1.5556 -0.0190 -0.0005 209 pedestrian_0014
Pedestrian 1.00 1.00 0 0 0 0 0 0 0 0 -1000.00 -1000.00 -1000.00 -1000.00 1.9158 0.4880 0.7507 -128.4411 4.3477 -127.2809 1.5565 -0.0190 -0.0005 210 pedestrian_0016
Pedestrian 0.00 1.00 0 0 0 0 0 0 0 0 1253.86 368.85 1255.96 376.25 1.3390 0.3253 0.2647 102.2059 2.9587 -56.0586 1.2551 -0.0190 -0.0005 211 pedestrian_0012
Pedestrian 1.00 1.00 1 2 2 5 2 0 0 0 -1000.00 -1000.00 -1000.00 -1000.00 1.1330 0.4333 0.6667 -10.2005 3.9809 -111.8951 -1.6601 -0.0190 -0.0005 212 pedestrian_0009
Pedestrian 0.00 1.00 0 0 0 0 0 0 0 0 129.73 347.83 137.18 353.76 1.1330 0.4333 0.6667 108.7511 -1.2210 158.4023 3.1311 -0.0190 -0.0005 213 pedestrian_0010
Pedestrian 1.00 1.00 0 0 0 0 0 0 0 0 -1000.00 -1000.00 -1000.00 -1000.00 1.9158 0.4880 0.7507 -70.7634 7.6742 -303.8746 -0.4745 -0.0190 -0.0005 214 pedestrian_0021
Pedestrian 0.00 1.00 0 0 0 0 0 0 0 0 1253.12 365.73 1257.18 376.44 1.9158 0.4880 0.3843 101.0716 2.9569 -55.4926 1.8574 -0.0190 -0.0005 215 pedestrian_0018
Pedestrian 0.00 1.00 0 0 0 0 0 0 0 0 1493.02 369.80 1494.66 373.62 1.9158 0.4880 0.4636 281.6299 6.8863 -272.4831 1.0641 -0.0190 -0.0005 216 pedestrian_0020
Pedestrian 0.00 1.00 0 0 0 0 0 0 0 0 884.60 358.19 888.77 369.40 1.9158 0.4880 0.6226 96.5705 1.6097 10.4145 1.5790 -0.0190 -0.0005 217 pedestrian_0017
Pedestrian 0.00 1.00 0 0 0 0 0 0 0 0 1376.75 367.58 1379.10 373.21 1.9158 0.4880 0.3997 190.9422 4.5190 -145.4158 -2.8695 -0.0190 -0.0005 218 pedestrian_0007
Pedestrian 1.00 1.00 1 0 0 8 1 0 0 0 -1000.00 -1000.00 -1000.00 -1000.00 1.1330 0.4333 0.5253 -9.0035 3.8273 -95.8126 1.5282 -0.0190 -0.0005 219 pedestrian_0010
Pedestrian 1.00 1.00 0 1 3 18 0 0 0 0 -1000.00 -1000.00 -1000.00 -1000.00 1.9158 0.4880 0.4772 14.9688 3.7109 -98.0215 -0.9434 -0.0190 -0.0005 220 pedestrian_0023
Pedestrian 0.00 1.00 0 0 0 0 0 0 0 0 934.71 359.42 936.38 364.00 1.9158 0.4880 0.5139 233.9239 1.6768 8.0552 2.7245 -0.0190 -0.0005 221 pedestrian_0024
Pedestrian 0.00 1.00 0 0 0 0 0 0 0 0 1635.63 374.57 1637.63 377.79 1.1330 0.4333 0.3623 198.7154 6.3366 -243.5553 0.4941 -0.0190 -0.0005 222 pedestrian_0011
Pedestrian 1.00 1.00 0 0 0 0 0 0 0 0 -1000.00 -1000.00 -1000.00 -1000.00 1.9158 0.4880 0.7507 -47.1168 7.8679 -314.7729 -0.2538 -0.0190 -0.0005 223 pedestrian_0016
Pedestrian 0.00 1.00 0 0 0 0 0 0 0 0 171.63 293.45 179.22 303.65 1.9158 0.4880 0.6832 109.6489 -11.0812 151.5235 3.0982 -0.0190 -0.0005 224 pedestrian_0017
Pedestrian 1.00 1.00 0 0 0 2 0 0 0 0 -1000.00 -1000.00 -1000.00 -1000.00 1.9158 0.4880 0.7507 -91.2019 -7.5220 42.4834 -1.5986 -0.0190 -0.0005 225 pedestrian_0001
Pedestrian 0.00 1.00 0 0 0 0 0 0 0 0 1476.71 369.45 1483.89 380.73 1.9158 0.4880 0.7507 96.4472 3.5534 -91.7876 1.6012 -0.0190 -0.0005 226 pedestrian_0003
Pedestrian 0.00 1.00 0 0 0 0 0 0 0 0 824.19 356.94 826.51 361.89 1.9158 0.4880 0.7507 217.4494 0.7294 50.3540 1.5701 -0.0190 -0.0005 227 pedestrian_0007
Pedestrian 0.00 1.00 0 0 0 0 0 0 0 0 1257.21 367.60 1259.88 371.03 1.1330 0.4333 0.6385 187.2282 3.6962 -102.5190 -1.5395 -0.0190 -0.0005 228 pedestrian_0010
Pedestrian 1.00 1.00 0 0 0 0 0 0 0 0 -1000.00 -1000.00 -1000.00 -1000.00 1.1330 0.4333 0.5847 45.2253 4.1446 -122.1652 -0.2365 -0.0190 -0.0005 229 pedestrian_0010
Pedestrian 0.00 1.00 0 0 0 0 0 0 0 0 623.75 357.34 628.51 367.11 1.3390 0.3253 0.4428 77.5880 0.9755 43.8861 1.6427 -0.0190 -0.0005 230 pedestrian_0013
Pedestrian 1.00 1.00 0 0 0 0 0 0 0 0 -1000.00 -1000.00 -1000.00 -1000.00 1.3390 0.3253 0.3945 -58.7015 1.8388 7.4681 0.1482 -0.0190 -0.0005 231 pedestrian_0013
Pedestrian 0.00 1.00 0 0 0 0 0 0 0 0 1220.88 365.17 1224.92 376.29 1.9158 0.4880 0.4310 97.3723 2.8209 -47.9169 -0.7710 -0.0190 -0.0005 232 pedestrian_0020
Pedestrian 0.00 1.00 0 0 0 0 0 0 0 0 580.39 352.40 586.77 363.63 1.9158 0.4880 0.7422 96.5905 0.6164 62.6736 -1.4100 -0.0190 -0.0005 233 pedestrian_0021
Pedestrian 1.00 1.00 0 0 0 0 0 0 0 0 -1000.00 -1000.00 -1000.00 -1000.00 1.1330 0.4333 0.4488 77.0438 5.4108 -189.5014 1.7587 -0.0190 -0.0005 234 pedestrian_0009
Pedestrian 0.00 1.00 0 0 0 0 0 0 0 0 215.67 345.46 223.77 359.64 1.9158 0.4880 0.4954 76.5406 -0.0544 98.6253 -1.8265 -0.0190 -0.0005 235 pedestrian_0006
Pedestrian 1.00 1.00 0 0 0 0 0 0 0 0 -1000.00 -1000.00 -1000.00 -1000.00 1.1330 0.4333 0.5607 104.3090 5.8729 -214.8347 0.0234 -0.0190 -0.0005 236 pedestrian_0009
Pedestrian 0.00 1.00 0 0 0 0 0 0 0 0 1152.78 363.33 1154.38 369.09 1.9158 0.4880 0.3858 186.4234 3.0340 -66.9700 1.4250 -0.0190 -0.0005 237 pedestrian_0026
Pedestrian 1.00 1.00 0 0 0 3 0 0 0 0 -1000.00 -1000.00 -1000.00 -1000.00 1.9158 0.4880 0.5775 -65.2433 4.6004 -142.3033 3.1293 -0.0190 -0.0005 238 pedestrian_0021
Pedestrian 1.00 1.00 0 0 0 0 0 0 0 0 -1000.00 -1000.00 -1000.00 -1000.00 1.3390 0.3253 0.2680 -11.5038 4.2135 -123.9233 -2.0904 -0.0190 -0.0005 239 pedestrian_0012
Pedestrian 0.00 1.00 0 0 0 0 0 0 0 0 1730.28 374.31 1733.79 379.13 1.9158 0.4880 0.7063 224.6196 7.7023 -313.6583 0.3705 -0.0190 -0.0005 240 pedestrian_0020
Pedestrian 0.00 1.00 0 0 0 0 0 0 0 0 1044.92 351.27 1046.30 353.39 1.1330 0.4333 0.6667 302.8895 -3.6112 -48.8520 -1.5926 -0.0190 -0.0005 241 pedestrian_0011
Pedestrian 0.00 1.00 0 0 0 0 0 0 0 0 1748.80 374.62 1756.62 385.66 1.9158 0.4880 0.5993 98.6742 4.5029 -141.8664 1.3865 -0.0190 -0.0005 242 pedestrian_0002
Pedestrian 0.00 1.00 0 0 0 0 0 0 0 0 1468.44 373.33 1473.48 383.06 1.3390 0.3253 0.3819 78.2636 3.2037 -73.4218 -1.4731 -0.0190 -0.0005 243 pedestrian_0014
Pedestrian 1.00 1.00 0 0 0 0 0 0 0 0 -1000.00 -1000.00 -1000.00 -1000.00 1.9158 0.4880 0.7507 54.6410 6.5507 -250.2999 -3.1243 -0.0190 -0.0005 244 pedestrian_0006
Pedestrian 0.00 1.00 0 0 0 0 0 0 0 0 834.85 338.67 836.19 342.29 1.9158 0.4880 0.6360 299.4159 -9.5496 64.7903 -1.2808 -0.0190 -0.0005 245 pedestrian_0020
Pedestrian 1.00 1.00 12 14 28 280 0 0 4 0 -1000.00 -1000.00 -1000.00 -1000.00 1.9158 0.4880 0.4628 -13.0728 1.2019 34.9910 -1.6197 -0.0190 -0.0005 246 pedestrian_0022
Pedestrian 0.00 1.00 0 0 0 0 0 0 0 0 418.42 349.31 427.13 363.19 1.9158 0.4880 0.7320 78.2860 0.4367 72.6536 1.4756 -0.0190 -0.0005 247 pedestrian_0002
Pedestrian 1.00 1.00 0 0 0 0 0 0 0 0 -1000.00 -1000.00 -1000.00 -1000.00 1.9158 0.4880 0.5903 -48.5848 2.2916 -24.0974 1.5278 -0.0190 -0.0005 248 pedestrian_0022
Pedestrian 1.00 1.00 1 1 1 9 2 0 0 0 -1000.00 -1000.00 -1000.00 -1000.00 1.9158 0.4880 0.7507 -0.6894 4.3291 -121.8581 -0.1822 -0.0190 -0.0005 249 pedestrian_0006
Pedestrian 0.00 1.00 0 0 0 0 0 0 0 0 1138.35 362.94 1140.17 368.63 1.9158 0.4880 0.3994 189.0892 2.9195 -63.0413 -1.5062 -0.0190 -0.0005 250 pedestrian_0019
Pedestrian 1.00 1.00 0 0 0 0 0 0 0 0 -1000.00 -1000.00 -1000.00 -1000.00 1.9158 0.4880 0.3900 -45.4616 4.6123 -143.5019 0.0433 -0.0190 -0.0005 251 pedestrian_0018
Pedestrian 1.00 1.00 0 0 0 0 0 0 0 0 -1000.00 -1000.00 -1000.00 -1000.00 1.9158 0.4880 0.7046 10.3305 7.9667 -321.5752 -0.1119 -0.0190 -0.0005 252 pedestrian_0007
Pedestrian 1.00 1.00 2 4 4 37 0 0 3 0 -1000.00 -1000.00 -1000.00 -1000.00 1.9158 0.4880 0.3929 7.5752 0.4719 75.7359 -0.0314 -0.0190 -0.0005 253 pedestrian_0008
Pedestrian 1.00 1.00 0 0 0 0 0 0 0 0 -1000.00 -1000.00 -1000.00 -1000.00 1.9158 0.4880 0.5207 52.4575 7.9387 -321.3078 0.0041 -0.0190 -0.0005 254 pedestrian_0022
Pedestrian 1.00 1.00 0 0 0 0 0 0 0 0 -1000.00 -1000.00 -1000.00 -1000.00 1.9158 0.4880 0.5926 -128.6345 4.6471 -143.0305 -1.7083 -0.0190 -0.0005 255 pedestrian_0024
Pedestrian 0.00 0.10 8 7 10 411 0 0 0 0 1572.38 407.42 1603.86 464.17 1.1330 0.4333 0.4310 12.5197 2.1075 -15.1846 -1.8842 -0.0190 -0.0005 256 pedestrian_0011
Pedestrian 0.00 1.00 0 0 0 0 0 0 0 0 885.90 358.23 889.02 367.65 1.9158 0.4880 0.7507 114.5819 1.5577 12.6375 3.1171 -0.0190 -0.0005 257 pedestrian_0006
Pedestrian 0.00 1.00 0 0 0 0 0 0 0 0 613.70 352.87 617.19 359.70 1.9158 0.4880 0.7507 157.6361 -0.0891 95.1285 -3.1277 -0.0190 -0.0005 258 pedestrian_0005
Pedestrian 0.00 1.00 0 0 0 0 0 0 0 0 1054.75 361.46 1056.79 367.18 1.9158 0.4880 0.5306 187.9706 2.4141 -34.5225 1.6808 -0.0190 -0.0005 259 pedestrian_0003
Pedestrian 1.00 1.00 0 0 0 0 0 0 0 0 -1000.00 -1000.00 -1000.00 -1000.00 1.9158 0.4880 0.7455 -90.8705 -5.3802 -15.9032 -1.5650 -0.0190 -0.0005 260 pedestrian_0001
Pedestrian 0.00 1.00 0 0 0 0 0 0 0 0 983.11 361.79 984.75 365.79 1.3390 0.3253 0.5005 187.8991 1.9460 -10.2949 1.6114 -0.0190 -0.0005 261 pedestrian_0014
Pedestrian 0.00 1.00 0 0 0 0 0 0 0 0 1702.45 374.59 1709.97 385.44 1.9158 0.4880 0.7507 100.2804 4.5399 -135.8378 1.7236 -0.0190 -0.0005 262 pedestrian_0020
Pedestrian 1.00 1.00 0 0 0 0 0 0 0 0 -1000.00 -1000.00 -1000.00 -1000.00 1.9158 0.4880 0.6181 96.8904 5.9431 -218.4738 1.5289 -0.0190 -0.0005 263 pedestrian_0025
Pedestrian 1.00 1.00 0 0 0 2 0 0 0 0 -1000.00 -1000.00 -1000.00 -1000.00 1.9158 0.4880 0.4655 -11.9699 4.5528 -133.3012 -0.7166 -0.0190 -0.0005 264 pedestrian_0026
Pedestrian 0.00 1.00 0 0 0 0 0 0 0 0 1317.37 366.47 1319.38 370.02 1.9158 0.4880 0.7495 303.3090 5.4535 -197.6678 1.5738 -0.0190 -0.0005 265 pedestrian_0025
Pedestrian 0.00 1.00 0 0 0 0 0 0 0 0 1141.63 364.80 1142.99 368.80 1.3390 0.3253 0.2502 187.8832 2.9601 -63.6869 -2.8336 -0.0190 -0.0005 266 pedestrian_0013
Pedestrian 0.00 1.00 0 0 0 0 0 0 0 0 847.77 357.53 849.66 363.17 1.9158 0.4880 0.3800 190.3807 1.0763 35.7951 -0.2085 -0.0190 -0.0005 267 pedestrian_0015
Pedestrian 0.00 1.00 0 0 0 0 0 0 0 0 699.88 354.71 702.25 361.18 1.9158 0.4880 0.3941 166.2462 0.3446 74.9606 0.8560 -0.0190 -0.0005 268 pedestrian_0021
Pedestrian 1.00 1.00 0 0 0 0 0 0 0 0 -1000.00 -1000.00 -1000.00 -1000.00 1.1330 0.4333 0.4221 -127.4731 5.5534 -191.2446 -1.5669 -0.0190 -0.0005 269 pedestrian_0010
Pedestrian 0.00 0.01 52 73 118 6238 0 0 11 18 0.33 349.07 77.42 479.48 1.9158 0.4880 0.4872 9.5426 1.7819 11.8653 1.7198 -0.0190 -0.0005 270 pedestrian_0023
Pedestrian 1.00 1.00 0 0 0 0 0 0 0 0 -1000.00 -1000.00 -1000.00 -1000.00 1.3390 0.3253 0.5005 -4.2411 6.8438 -264.4957 3.0791 -0.0190 -0.0005 271 pedestrian_0013
Pedestrian 0.00 1.00 0 0 0 0 0 0 0 0 1318.57 366.49 1320.28 370.03 1.9158 0.4880 0.5707 303.9839 5.4722 -198.6786 -1.4503 -0.0190 -0.0005 272 pedestrian_0016
Pedestrian 0.00 1.00 0 0 0 0 0 0 0 0 1659.66 374.91 1662.80 379.60 1.3390 0.3253 0.5005 161.5926 5.6671 -205.3597 -2.6442 -0.0190 -0.0005 273 pedestrian_0014
Pedestrian 0.00 1.00 0 0 0 0 0 0 0 0 899.76 358.39 901.43 362.93 1.9158 0.4880 0.6247 236.7712 1.2378 23.0439 1.5675 -0.0190 -0.0005 274 pedestrian_0019
Pedestrian 1.00 1.00 0 0 0 0 0 0 0 0 -1000.00 -1000.00 -1000.00 -1000.00 1.3390 0.3253 0.4813 117.7880 6.7944 -265.4479 -0.0782 -0.0190 -0.0005 275 pedestrian_0013
Pedestrian 0.00 1.00 0 0 0 0 0 0 0 0 1574.18 371.31 1580.11 379.84 1.9158 0.4880 0.7507 127.5003 4.5094 -143.0346 3.1083 -0.0190 -0.0005 276 pedestrian_0023
Pedestrian 1.00 1.00 1 2 2 8 0 0 0 0 -1000.00 -1000.00 -1000.00 -1000.00 1.1330 0.4333 0.6667 6.7628 3.9647 -111.5153 -1.5741 -0.0190 -0.0005 277 pedestrian_0011
Pedestrian 0.00 1.00 0 0 0 0 0 0 0 0 1095.90 364.04 1097.31 368.56 1.3390 0.3253 0.2596 166.2033 2.5460 -42.9358 0.0408 -0.0190 -0.0005 278 pedestrian_0012
Pedestrian 0.00 1.00 0 0 0 0 0 0 0 0 778.31 334.26 779.84 338.53 1.9158 0.4880 0.5304 254.0732 -9.8160 80.3775 -1.0156 -0.0190 -0.0005 279 pedestrian_0015
Pedestrian 0.00 1.00 0 0 0 0 0 0 0 0 769.64 356.04 772.45 361.74 1.9158 0.4880 0.7507 189.0481 0.5814 61.8735 1.5687 -0.0190 -0.0005 280 pedestrian_0017
Pedestrian 0.00 1.00 0 0 0 0 0 0 0 0 60.48 283.68 70.66 295.53 1.9158 0.4880 0.7507 95.6080 -11.0497 150.3932 0.0437 -0.0190 -0.0005 281 pedestrian_0005
Pedestrian 0.00 1.00 0 0 0 0 0 0 0 0 907.65 360.95 909.13 363.81 1.1330 0.4333 0.3663 222.3576 1.5159 18.3805 -2.2969 -0.0190 -0.0005 282 pedestrian_0009
Pedestrian 1.00 1.00 0 0 0 0 0 0 0 0 -1000.00 -1000.00 -1000.00 -1000.00 1.1330 0.4333 0.6667 -17.3737 6.4641 -244.2049 -0.3321 -0.0190 -0.0005 283 pedestrian_0009
Pedestrian 0.00 1.00 0 0 0 0 0 0 0 0 231.29 350.31 237.17 357.04 1.1330 0.4333 0.4160 95.3775 -0.5087 121.3069 -1.6065 -0.0190 -0.0005 284 pedestrian_0009
Pedestrian 1.00 1.00 13 12 21 208 0 0 8 0 -1000.00 -1000.00 -1000.00 -1000.00 1.9158 0.4880 0.7507 7.0103 1.0688 41.4401 1.4507 -0.0190 -0.0005 285 pedestrian_0024
Pedestrian 0.00 1.00 0 0 0 0 0 0 0 0 1301.49 366.16 1304.73 371.92 1.9158 0.4880 0.7507 187.2587 3.9937 -117.5018 -1.5876 -0.0190 -0.0005 286 pedestrian_0023
Pedestrian 1.00 1.00 0 0 0 0 0 0 0 0 -1000.00 -1000.00 -1000.00 -1000.00 1.9158 0.4880 0.3754 -14.7513 4.5561 -141.4552 0.5249 -0.0190 -0.0005 287 pedestrian_0015
Pedestrian 0.00 1.00 0 0 0 0 0 0 0 0 839.55 336.27 840.98 340.37 1.9158 0.4880 0.6249 264.3506 -9.3398 54.6619 1.7851 -0.0190 -0.0005 288 pedestrian_0025
Pedestrian 1.00 1.00 0 0 0 0 0 0 0 0 -1000.00 -1000.00 -1000.00 -1000.00 1.1330 0.4333 0.4903 -103.5598 -9.4084 108.4520 -2.2078 -0.0190 -0.0005 289 pedestrian_0009
Pedestrian 0.00 1.00 0 0 0 0 0 0 0 0 616.33 353.12 619.93 359.52 1.9158 0.4880 0.7507 168.5833 -0.1536 101.1241 -1.5783 -0.0190 -0.0005 290 pedestrian_0019
Pedestrian 1.00 1.00 0 0 0 0 0 0 0 0 -1000.00 -1000.00 -1000.00 -1000.00 1.9158 0.4880 0.7507 -34.5248 4.6102 -143.7109 -3.1413 -0.0190 -0.0005 291 pedestrian_0007
Pedestrian 1.00 1.00 0 0 0 0 0 0 0 0 -1000.00 -1000.00 -1000.00 -1000.00 1.9158 0.4880 0.7507 78.6620 7.9299 -321.6737 0.0796 -0.0190 -0.0005 292 pedestrian_0021
Pedestrian 0.00 1.00 0 0 0 0 0 0 0 0 1719.05 377.16 1724.13 384.63 1.3390 0.3253 0.4270 102.0713 4.4774 -141.0589 -0.1771 -0.0190 -0.0005 293 pedestrian_0014
Pedestrian 1.00 1.00 0 0 0 0 0 0 0 0 -1000.00 -1000.00 -1000.00 -1000.00 1.9158 0.4880 0.7475 -128.0955 -7.0402 27.2827 1.5559 -0.0190 -0.0005 294 pedestrian_0002
Pedestrian 1.00 1.00 4 2 6 48 3 0 0 0 -1000.00 -1000.00 -1000.00 -1000.00 1.9158 0.4880 0.3864 -9.6987 3.2136 -63.0073 -1.6965 -0.0190 -0.0005 295 pedestrian_0026
Pedestrian 0.00 1.00 0 0 0 0 0 0 0 0 507.43 350.78 512.30 359.61 1.9158 0.4880 0.6701 122.2308 -0.0903 96.2042 -3.1320 -0.0190 -0.0005 296 pedestrian_0020
Pedestrian 1.00 1.00 0 0 0 0 0 0 0 0 -1000.00 -1000.00 -1000.00 -1000.00 1.9158 0.4880 0.7240 15.5997 0.3578 75.6046 0.0326 -0.0190 -0.0005 297 pedestrian_0016
Pedestrian 1.00 1.00 0 0 0 0 0 0 0 0 -1000.00 -1000.00 -1000.00 -1000.00 1.9158 0.4880 0.7507 -45.1513 4.6955 -149.6110 1.4832 -0.0190 -0.0005 298 pedestrian_0024
Pedestrian 0.00 1.00 0 0 0 0 0 0 0 0 502.23 311.98 506.32 319.66 1.9158 0.4880 0.6381 143.6011 -10.4042 114.9991 -0.0145 -0.0190 -0.0005 299 pedestrian_0001
Pedestrian 1.00 1.00 0 0 0 0 0 0 0 0 -1000.00 -1000.00 -1000.00 -1000.00 1.9158 0.4880 0.7507 -46.0461 4.8779 -159.2047 1.4944 -0.0190 -0.0005 300 pedestrian_0025
Pedestrian 0.00 1.00 0 0 0 0 0 0 0 0 1461.36 369.18 1465.66 376.16 1.9158 0.4880 0.7507 155.2791 4.4812 -142.3430 3.1110 -0.0190 -0.0005 301 pedestrian_0016
Pedestrian 0.00 1.00 0 0 0 0 0 0 0 0 1658.92 372.84 1662.40 378.42 1.9158 0.4880 0.5596 193.7747 6.3929 -245.8726 -2.9870 -0.0190 -0.0005 302 pedestrian_0006
Pedestrian 1.00 1.00 0 0 0 0 0 0 0 0 -1000.00 -1000.00 -1000.00 -1000.00 1.3390 0.3253 0.4060 -46.2497 5.1140 -172.0266 -1.6026 -0.0190 -0.0005 303 pedestrian_0012
Pedestrian 0.00 1.00 0 0 0 0 0 0 0 0 1702.15 373.78 1705.68 378.46 1.9158 0.4880 0.7507 231.3186 7.6526 -311.3060 0.3670 -0.0190 -0.0005 304 pedestrian_0024
Pedestrian 1.00 1.00 0 0 0 0 0 0 0 0 -1000.00 -1000.00 -1000.00 -1000.00 1.3390 0.3253 0.5005 -124.0313 6.3564 -233.4466 1.9162 -0.0190 -0.0005 305 pedestrian_0013
Pedestrian 1.00 1.00 0 0 0 0 0 0 0 0 -1000.00 -1000.00 -1000.00 -1000.00 1.1330 0.4333 0.5550 99.7790 7.9080 -321.6441 3.1104 -0.0190 -0.0005 306 pedestrian_0011
Pedestrian 0.00 1.00 0 0 0 0 0 0 0 0 1007.26 360.56 1009.89 366.97 1.9158 0.4880 0.7107 168.1395 2.0909 -16.8651 -1.5612 -0.0190 -0.0005 307 pedestrian_0024
Pedestrian 1.00 1.00 0 0 0 0 0 0 0 0 -1000.00 -1000.00 -1000.00 -1000.00 1.9158 0.4880 0.4062 26.8537 7.9987 -323.7314 0.0346 -0.0190 -0.0005 308 pedestrian_0004
Pedestrian 1.00 1.00 4 6 11 42 2 0 0 0 -1000.00 -1000.00 -1000.00 -1000.00 1.9158 0.4880 0.5903 -9.3870 3.1305 -59.2295 -1.2375 -0.0190 -0.0005 309 pedestrian_0019
Pedestrian 1.00 1.00 0 0 0 0 0 0 0 0 -1000.00 -1000.00 -1000.00 -1000.00 1.3390 0.3253 0.5005 78.8773 5.4600 -191.9617 -1.4636 -0.0190 -0.0005 310 pedestrian_0012
Pedestrian 0.00 1.00 0 0 0 0 0 0 0 0 1139.27 363.04 1140.90 368.74 1.9158 0.4880 0.3754 188.4324 2.9476 -63.1081 -1.6231 -0.0190 -0.0005 311 pedestrian_0022
Pedestrian 0.00 1.00 0 0 0 0 0 0 0 0 1161.24 363.32 1163.25 369.75 1.9158 0.4880 0.4065 167.4563 2.9180 -62.9479 -1.6214 -0.0190 -0.0005 312 pedestrian_0018
Pedestrian 1.00 1.00 0 0 0 0 0 0 0 0 -1000.00 -1000.00 -1000.00 -1000.00 1.9158 0.4880 0.4162 -21.0052 0.4616 72.8780 2.2024 -0.0190 -0.0005 313 pedestrian_0022
Pedestrian 0.00 1.00 0 0 0 0 0 0 0 0 1001.16 360.44 1003.31 366.79 1.9158 0.4880 0.3820 169.0930 2.0538 -15.0267 -0.6022 -0.0190 -0.0005 314 pedestrian_0005
Pedestrian 0.00 1.00 0 0 0 0 0 0 0 0 1392.13 368.69 1396.57 382.58 1.9158 0.4880 0.3873 78.2095 3.1317 -62.7000 -2.3874 -0.0190 -0.0005 315 pedestrian_0018
Pedestrian 1.00 1.00 0 0 0 0 0 0 0 0 -1000.00 -1000.00 -1000.00 -1000.00 1.9158 0.4880 0.7025 -72.5432 7.6687 -303.5318 2.4447 -0.0190 -0.0005 316 pedestrian_0024
Pedestrian 0.00 1.00 0 0 0 0 0 0 0 0 1661.91 372.91 1664.92 378.49 1.9158 0.4880 0.4724 193.2313 6.4001 -246.1425 0.2694 -0.0190 -0.0005 317 pedestrian_0002
Pedestrian 0.00 1.00 0 0 0 0 0 0 0 0 1630.72 375.11 1634.29 381.60 1.3390 0.3253 0.3225 116.8385 4.5039 -142.7367 3.0953 -0.0190 -0.0005 318 pedestrian_0013
Pedestrian 1.00 1.00 0 0 0 0 0 0 0 0 -1000.00 -1000.00 -1000.00 -1000.00 1.9158 0.4880 0.7507 35.8186 0.3392 76.0824 3.0555 -0.0190 -0.0005 319 pedestrian_0018
Pedestrian 0.00 1.00 0 0 0 0 0 0 0 0 1059.92 361.43 1062.16 366.19 1.9158 0.4880 0.7064 225.7481 2.5027 -43.1862 -2.3115 -0.0190 -0.0005 320 pedestrian_0006
Pedestrian 0.00 1.00 0 0 0 0 0 0 0 0 1822.39 376.06 1825.82 381.36 1.9158 0.4880 0.5366 203.8412 7.8026 -318.4044 0.2634 -0.0190 -0.0005 321 pedestrian_0021
Pedestrian 0.00 1.00 0 0 0 0 0 0 0 0 465.44 356.05 471.29 363.27 1.1330 0.4333 0.5722 88.9977 0.5123 75.7946 0.1370 -0.0190 -0.0005 322 pedestrian_0010
Pedestrian 1.00 1.00 75 88 121 1195 0 9 0 0 -1000.00 -1000.00 -1000.00 -1000.00 1.9158 0.4880 0.5938 -13.0700 1.7395 6.7245 -0.9671 -0.0190 -0.0005 323 pedestrian_0022
Pedestrian 0.00 1.00 0 0 0 0 0 0 0 0 578.63 352.37 586.82 366.55 1.9158 0.4880 0.7507 76.6912 0.8840 49.2743 1.6079 -0.0190 -0.0005 324 pedestrian_0015
Pedestrian 1.00 1.00 1 1 2 2 1 0 0 0 -1000.00 -1000.00 -1000.00 -1000.00 1.9158 0.4880 0.3754 -10.7886 3.0867 -64.2039 2.0871 -0.0190 -0.0005 325 pedestrian_0005
Pedestrian 0.00 1.00 0 0 0 0 0 0 0 0 545.84 324.73 548.58 330.02 1.9158 0.4880 0.6192 206.1246 -11.1132 150.5221 -0.1357 -0.0190 -0.0005 326 pedestrian_0006
Pedestrian 0.00 1.00 0 0 0 0 0 0 0 0 1558.15 371.03 1560.71 377.65 1.9158 0.4880 0.4172 162.7512 5.1404 -177.1202 0.6018 -0.0190 -0.0005 327 pedestrian_0002
Pedestrian 0.00 1.00 0 0 0 0 0 0 0 0 1435.67 368.70 1438.89 375.24 1.9158 0.4880 0.4940 164.8784 4.4943 -143.3098 0.0336 -0.0190 -0.0005 328 pedestrian_0015
Pedestrian 1.00 1.00 0 0 0 0 0 0 0 0 -1000.00 -1000.00 -1000.00 -1000.00 1.9158 0.4880 0.6711 -125.4107 6.2745 -228.7145 -1.5637 -0.0190 -0.0005 329 pedestrian_0005
Pedestrian 0.00 1.00 0 0 0 0 0 0 0 0 1678.41 375.14 1681.27 377.85 1.1330 0.4333 0.6557 236.9809 7.5880 -308.6646 0.4472 -0.0190 -0.0005 330 pedestrian_0010
Pedestrian 0.00 1.00 0 0 0 0 0 0 0 0 1079.23 361.89 1083.51 373.21 1.9158 0.4880 0.4758 95.5533 2.2439 -22.9192 2.0698 -0.0190 -0.0005 331 pedestrian_0001
Pedestrian 1.00 1.00 0 0 0 1 0 0 0 0 -1000.00 -1000.00 -1000.00 -1000.00 1.9158 0.4880 0.3823 17.0509 4.5526 -142.1459 -1.1155 -0.0190 -0.0005 332 pedestrian_0017
Pedestrian 0.00 1.00 0 0 0 0 0 0 0 0 547.90 351.77 555.04 365.93 1.9158 0.4880 0.5796 76.6594 0.8013 53.5178 1.5676 -0.0190 -0.0005 333 pedestrian_0023
Pedestrian 1.00 1.00 0 0 0 0 0 0 0 0 -1000.00 -1000.00 -1000.00 -1000.00 1.3390 0.3253 0.4003 -31.1876 4.5850 -142.9110 -0.0029 -0.0190 -0.0005 334 pedestrian_0013
Pedestrian 0.00 1.00 0 0 0 0 0 0 0 0 1244.62 365.85 1251.03 379.59 1.9158 0.4880 0.7507 79.3387 2.7504 -42.8826 -0.0156 -0.0190 -0.0005 335 pedestrian_0019
Pedestrian 1.00 1.00 0 0 0 7 1 0 0 0 -1000.00 -1000.00 -1000.00 -1000.00 1.9158 0.4880 0.7114 -1.5177 4.7703 -145.0461 -0.0000 -0.0190 -0.0005 336 pedestrian_0017
Pedestrian 0.00 1.00 0 0 0 0 0 0 0 0 1824.83 376.11 1828.24 381.41 1.9158 0.4880 0.4450 203.7432 7.8178 -319.1391 -0.4166 -0.0190 -0.0005 337 pedestrian_0025
Pedestrian 0.00 1.00 0 0 0 0 0 0 0 0 680.94 332.85 682.67 337.03 1.9158 0.4880 0.5342 259.0119 -10.7061 127.2622 2.4734 -0.0190 -0.0005 338 pedestrian_0006
Pedestrian 0.00 1.00 0 0 0 0 0 0 0 0 844.72 338.08 846.03 340.52 1.1330 0.4333 0.5885 265.4769 -9.3081 52.4584 -1.3723 -0.0190 -0.0005 339 pedestrian_0011
Pedestrian 0.00 1.00 0 0 0 0 0 0 0 0 765.08 357.86 766.72 360.89 1.1330 0.4333 0.3963 209.9687 0.3308 70.9402 -0.6810 -0.0190 -0.0005 340 pedestrian_0011
Pedestrian 0.00 1.00 0 0 0 0 0 0 0 0 594.75 354.61 596.52 359.09 1.3390 0.3253 0.2934 167.7481 -0.2782 107.3695 -1.5622 -0.0190 -0.0005 341 pedestrian_0013
Pedestrian 0.00 1.00 0 0 0 0 0 0 0 0 24.23 342.70 33.78 353.61 1.9158 0.4880 0.7507 99.6243 -1.1469 163.3792 -1.4362 -0.0190 -0.0005 342 pedestrian_0007
Pedestrian 0.00 1.00 0 0 0 0 0 0 0 0 1340.53 366.80 1345.02 374.53 1.9158 0.4880 0.7507 140.0008 3.6300 -98.1921 -1.6092 -0.0190 -0.0005 343 pedestrian_0021
Pedestrian 0.00 1.00 0 0 0 0 0 0 0 0 845.01 340.36 846.20 342.51 1.1330 0.4333 0.5932 300.5345 -9.4636 59.5866 -1.3956 -0.0190 -0.0005 344 pedestrian_0010
Pedestrian 0.00 1.00 0 0 0 0 0 0 0 0 1576.50 371.02 1585.08 385.82 1.9158 0.4880 0.5388 73.7811 3.3713 -83.6979 -1.7309 -0.0190 -0.0005 345 pedestrian_0021
Pedestrian 0.00 0.56 0 0 0 238 0 0 0 0 493.09 375.89 512.36 427.95 1.3390 0.3253 0.3011 14.8176 1.6697 9.1598 -0.0612 -0.0190 -0.0005 346 pedestrian_0014
Pedestrian 0.00 1.00 0 0 0 0 0 0 0 0 1127.24 363.12 1129.27 368.82 1.9158 0.4880 0.5525 188.7667 2.9798 -59.2119 1.4383 -0.0190 -0.0005 347 pedestrian_0023
Pedestrian 1.00 1.00 0 0 0 1 0 0 0 0 -1000.00 -1000.00 -1000.00 -1000.00 1.9158 0.4880 0.7507 19.5683 5.0947 -170.6063 2.1230 -0.0190 -0.0005 348 pedestrian_0008
Pedestrian 1.00 1.00 0 0 0 0 0 0 0 0 -1000.00 -1000.00 -1000.00 -1000.00 1.9158 0.4880 0.7507 128.4041 7.8879 -320.8115 0.0172 -0.0190 -0.0005 349 pedestrian_0006
Pedestrian 0.00 1.00 0 0 0 0 0 0 0 0 915.56 359.30 917.33 365.56 1.9158 0.4880 0.6499 172.0449 1.7058 11.2170 -3.0287 -0.0190 -0.0005 350 pedestrian_0022
Pedestrian 0.00 1.00 0 0 0 0 0 0 0 0 1194.26 364.11 1197.20 369.87 1.9158 0.4880 0.7407 187.3346 3.3065 -81.4562 -1.5511 -0.0190 -0.0005 351 pedestrian_0023
Pedestrian 0.00 1.00 0 0 0 0 0 0 0 0 1037.84 361.14 1040.57 367.56 1.9158 0.4880 0.7455 167.6980 2.2639 -26.0385 1.4959 -0.0190 -0.0005 352 pedestrian_0006
Pedestrian 1.00 1.00 0 0 0 0 0 0 0 0 -1000.00 -1000.00 -1000.00 -1000.00 1.9158 0.4880 0.4593 101.9801 5.5410 -196.4543 -3.1221 -0.0190 -0.0005 353 pedestrian_0024
Pedestrian 1.00 1.00 0 0 0 0 0 0 0 0 -1000.00 -1000.00 -1000.00 -1000.00 1.1330 0.4333 0.3909 -127.5747 2.7345 -80.1016 1.4788 -0.0190 -0.0005 354 pedestrian_0011
Pedestrian 1.00 1.00 2 2 2 18 0 0 0 0 -1000.00 -1000.00 -1000.00 -1000.00 1.9158 0.4880 0.6473 -10.5851 3.6415 -93.4085 1.5660 -0.0190 -0.0005 355 pedestrian_0017
Pedestrian 0.00 1.00 0 0 0 0 0 0 0 0 591.22 323.14 593.05 327.41 1.3390 0.3253 0.3490 178.3896 -10.4420 115.4850 -0.0056 -0.0190 -0.0005 356 pedestrian_0012
Pedestrian 0.00 1.00 0 0 0 0 0 0 0 0 1544.11 370.77 1545.44 374.75 1.9158 0.4880 0.3960 269.7757 7.1449 -285.7588 -2.3402 -0.0190 -0.0005 357 pedestrian_0020
Pedestrian 0.00 1.00 0 0 0 0 0 0 0 0 912.03 358.74 914.17 365.67 1.9158 0.4880 0.7507 155.3739 1.5697 10.8386 3.1301 -0.0190 -0.0005 358 pedestrian_0017
Pedestrian 1.00 1.00 0 0 0 0 0 0 0 0 -1000.00 -1000.00 -1000.00 -1000.00 1.9158 0.4880 0.4891 -38.8117 4.6315 -144.6967 2.9967 -0.0190 -0.0005 359 pedestrian_0025
Pedestrian 0.00 1.00 0 0 0 0 0 0 0 0 1625.45 373.58 1627.38 376.60 1.3390 0.3253 0.5005 250.1673 7.4527 -301.7739 -2.5758 -0.0190 -0.0005 360 pedestrian_0013
Pedestrian 0.00 1.00 0 0 0 0 0 0 0 0 1765.04 376.42 1767.72 379.91 1.3390 0.3253 0.5005 216.9830 7.7473 -316.4066 0.2746 -0.0190 -0.0005 361 pedestrian_0013
Pedestrian 0.00 1.00 0 0 0 0 0 0 0 0 1404.61 372.07 1408.50 381.78 1.3390 0.3253 0.2548 78.2561 3.0259 -64.4423 2.8932 -0.0190 -0.0005 362 pedestrian_0013
Pedestrian 1.00 1.00 0 0 0 0 0 0 0 0 -1000.00 -1000.00 -1000.00 -1000.00 1.1330 0.4333 0.6667 46.5008 4.5466 -143.2652 -0.0019 -0.0190 -0.0005 363 pedestrian_0011
Pedestrian 0.00 1.00 0 0 0 0 0 0 0 0 1379.41 372.61 1386.20 386.10 1.3390 0.3253 0.4245 56.9175 2.6181 -44.8552 -3.0799 -0.0190 -0.0005 364 pedestrian_0012
Pedestrian 0.00 1.00 0 0 0 0 0 0 0 0 359.34 348.29 364.18 359.74 1.9158 0.4880 0.4187 94.4174 -0.0504 98.5708 -2.4246 -0.0190 -0.0005 365 pedestrian_0023
Pedestrian 1.00 1.00 0 0 0 3 1 0 0 0 -1000.00 -1000.00 -1000.00 -1000.00 1.9158 0.4880 0.3754 -11.6960 4.2798 -124.9086 1.6303 -0.0190 -0.0005 366 pedestrian_0005
Pedestrian 1.00 1.00 0 0 0 0 0 0 0 0 -1000.00 -1000.00 -1000.00 -1000.00 1.9158 0.4880 0.6294 24.7663 6.8598 -265.6485 0.0505 -0.0190 -0.0005 367 pedestrian_0021
Pedestrian 0.00 1.00 0 0 0 0 0 0 0 0 1902.50 384.22 1911.14 392.68 1.1330 0.4333 0.4159 77.2452 4.4760 -132.4160 1.5223 -0.0190 -0.0005 368 pedestrian_0010
Pedestrian 0.00 1.00 0 0 0 0 0 0 0 0 1143.11 363.60 1145.10 369.40 1.9158 0.4880 0.3786 185.3051 3.1174 -63.4303 -3.0888 -0.0190 -0.0005 369 pedestrian_0020
Pedestrian 0.00 1.00 0 0 0 0 0 0 0 0 1316.73 371.74 1323.09 385.86 1.3390 0.3253 0.4309 54.4106 2.4767 -36.8856 3.0673 -0.0190 -0.0005 370 pedestrian_0012
Pedestrian 0.00 1.00 0 0 0 0 0 0 0 0 826.93 357.13 829.19 362.81 1.9158 0.4880 0.6213 189.1674 0.9484 42.5608 1.5862 -0.0190 -0.0005 371 pedestrian_0015
Pedestrian 1.00 1.00 3 6 6 20 1 0 0 0 -1000.00 -1000.00 -1000.00 -1000.00 1.9158 0.4880 0.7507 -9.5927 3.3303 -77.0712 1.5751 -0.0190 -0.0005 372 pedestrian_0007
Pedestrian 1.00 1.00 0 0 0 0 0 0 0 0 -1000.00 -1000.00 -1000.00 -1000.00 1.9158 0.4880 0.6331 13.7602 7.9597 -321.1948 3.1304 -0.0190 -0.0005 373 pedestrian_0008
Pedestrian 1.00 1.00 0 0 0 0 0 0 0 0 -1000.00 -1000.00 -1000.00 -1000.00 1.9158 0.4880 0.6238 78.7004 4.6552 -141.2860 -1.5349 -0.0190 -0.0005 374 pedestrian_0020
Pedestrian 0.00 1.00 0 0 0 0 0 0 0 0 889.35 358.77 891.31 364.44 1.9158 0.4880 0.5527 189.2426 1.5023 21.4346 1.5342 -0.0190 -0.0005 375 pedestrian_0015
Pedestrian 0.00 1.00 0 0 0 0 0 0 0 0 1311.16 371.21 1315.23 380.88 1.3390 0.3253 0.3251 78.5494 2.9122 -51.6228 1.7282 -0.0190 -0.0005 376 pedestrian_0012
Pedestrian 0.00 1.00 0 0 0 0 0 0 0 0 798.66 356.59 800.50 362.24 1.9158 0.4880 0.4382 189.7418 0.7588 52.3960 -1.6052 -0.0190 -0.0005 377 pedestrian_0017
Pedestrian 0.00 1.00 0 0 0 0 0 0 0 0 1314.94 367.15 1319.92 379.49 1.9158 0.4880 0.4083 87.7998 3.0419 -58.1751 0.3149 -0.0190 -0.0005 378 pedestrian_0025
Pedestrian 1.00 1.00 0 2 6 12 2 0 0 0 -1000.00 -1000.00 -1000.00 -1000.00 1.1330 0.4333 0.6667 -0.5256 3.2663 -66.5418 0.2291 -0.0190 -0.0005 379 pedestrian_0009
Pedestrian 1.00 1.00 177 199 306 1765 0 30 0 0 -1000.00 -1000.00 -1000.00 -1000.00 1.9158 0.4880 0.6283 -9.9437 1.9585 -4.8835 -1.5891 -0.0190 -0.0005 380 pedestrian_0002
Pedestrian 0.00 1.00 0 0 0 0 0 0 0 0 1483.00 370.73 1484.12 373.38 1.3390 0.3253 0.2984 283.6580 6.8143 -269.1991 -1.9540 -0.0190 -0.0005 381 pedestrian_0013
Pedestrian 0.00 1.00 0 0 0 0 0 0 0 0 1125.26 364.80 1127.29 370.12 1.3390 0.3253 0.4998 141.8986 2.5647 -44.4862 -3.1016 -0.0190 -0.0005 382 pedestrian_0012
Pedestrian 0.00 1.00 0 0 0 0 0 0 0 0 1526.28 373.53 1530.57 378.23 1.1330 0.4333 0.5877 137.5597 4.4776 -142.2437 -0.0108 -0.0190 -0.0005 383 pedestrian_0010
Pedestrian 0.00 1.00 0 0 0 0 0 0 0 0 1729.22 375.69 1731.72 379.05 1.3390 0.3253 0.5005 225.4286 7.7004 -314.1565 -2.8286 -0.0190 -0.0005 384 pedestrian_0013
Pedestrian 0.00 1.00 0 0 0 0 0 0 0 0 1700.57 373.63 1704.98 379.52 1.9158 0.4880 0.6998 184.0586 6.4309 -247.4962 0.1178 -0.0190 -0.0005 385 pedestrian_0015
Pedestrian 0.00 1.00 0 0 0 0 0 0 0 0 466.53 350.80 471.31 361.82 1.9158 0.4880 0.4089 98.0353 0.3132 83.7216 0.3759 -0.0190 -0.0005 386 pedestrian_0018
Pedestrian 0.00 1.00 0 0 0 0 0 0 0 0 1558.79 372.24 1560.35 375.07 1.3390 0.3253 0.4820 266.5333 7.2089 -289.4315 -2.4164 -0.0190 -0.0005 387 pedestrian_0013
Pedestrian 0.00 1.00 0 0 0 0 0 0 0 0 807.54 356.65 809.57 361.20 1.9158 0.4880 0.7507 236.3546 0.5001 62.0780 -1.4060 -0.0190 -0.0005 388 pedestrian_0022
Pedestrian 1.00 1.00 0 0 0 0 0 0 0 0 -1000.00 -1000.00 -1000.00 -1000.00 1.9158 0.4880 0.7507 -67.7473 7.7022 -305.4256 -0.5113 -0.0190 -0.0005 389 pedestrian_0003
Pedestrian 0.00 1.00 0 0 0 0 0 0 0 0 1834.61 376.29 1838.12 381.66 1.9158 0.4880 0.4994 201.2754 7.8122 -318.8338 0.1199 -0.0190 -0.0005 390 pedestrian_0021
Pedestrian 0.00 1.00 0 0 0 0 0 0 0 0 1688.32 373.51 1691.71 378.12 1.9158 0.4880 0.7507 234.6441 7.6241 -309.9102 0.4219 -0.0190 -0.0005 392 pedestrian_0005
Pedestrian 0.00 1.00 0 0 0 0 0 0 0 0 719.32 331.41 721.08 336.01 1.9158 0.4880 0.4774 235.4340 -10.1589 99.1904 2.4656 -0.0190 -0.0005 393 pedestrian_0026
Pedestrian 0.00 1.00 0 0 0 0 0 0 0 0 1479.34 369.11 1488.85 383.68 1.9158 0.4880 0.7507 75.0401 3.1428 -72.1966 -1.7304 -0.0190 -0.0005 394 pedestrian_0022
Pedestrian 1.00 1.00 0 0 0 0 0 0 0 0 -1000.00 -1000.00 -1000.00 -1000.00 1.1330 0.4333 0.4771 -62.4020 -9.4638 98.5463 0.7702 -0.0190 -0.0005 395 pedestrian_0010
Pedestrian 1.00 1.00 0 2 2 36 0 0 0 0 -1000.00 -1000.00 -1000.00 -1000.00 1.9158 0.4880 0.7507 20.4285 3.0163 -64.2645 0.0073 -0.0190 -0.0005 396 pedestrian_0006
Pedestrian 0.00 1.00 0 0 0 0 0 0 0 0 1166.25 365.28 1167.46 369.30 1.3390 0.3253 0.2793 186.4966 3.1083 -71.4440 0.9530 -0.0190 -0.0005 397 pedestrian_0012
Pedestrian 0.00 1.00 0 0 0 0 0 0 0 0 1193.82 366.91 1196.74 371.46 1.1330 0.4333 0.6667 141.4203 2.8916 -61.8203 -3.1380 -0.0190 -0.0005 398 pedestrian_0010
Pedestrian 1.00 1.00 0 0 0 0 0 0 0 0 -1000.00 -1000.00 -1000.00 -1000.00 1.9158 0.4880 0.7507 27.8827 4.5760 -143.6695 -0.0333 -0.0190 -0.0005 399 pedestrian_0007
Pedestrian 0.00 1.00 0 0 0 0 0 0 0 0 472.84 318.73 476.08 324.94 1.9158 0.4880 0.5676 176.3758 -11.1134 151.3804 0.0010 -0.0190 -0.0005 400 pedestrian_0001
Pedestrian 0.00 1.00 0 0 0 0 0 0 0 0 1377.25 367.59 1379.89 373.22 1.9158 0.4880 0.4977 191.4595 4.5315 -146.0284 -3.0894 -0.0190 -0.0005 401 pedestrian_0016
Pedestrian 1.00 1.00 0 0 0 0 0 0 0 0 -1000.00 -1000.00 -1000.00 -1000.00 1.9158 0.4880 0.7507 62.3224 7.9357 -321.4336 3.1387 -0.0190 -0.0005 402 pedestrian_0021
Pedestrian 1.00 1.00 0 0 0 0 0 0 0 0 -1000.00 -1000.00 -1000.00 -1000.00 1.9158 0.4880 0.6086 89.6621 -1.0284 157.4346 0.7562 -0.0190 -0.0005 403 pedestrian_0006
Pedestrian 1.00 1.00 0 0 0 0 0 0 0 0 -1000.00 -1000.00 -1000.00 -1000.00 1.9158 0.4880 0.7507 65.3381 4.5534 -143.5669 -0.0236 -0.0190 -0.0005 404 pedestrian_0023
Pedestrian 0.00 1.00 0 0 0 0 0 0 0 0 1113.86 364.54 1115.95 367.69 1.1330 0.4333 0.6096 203.4817 2.8005 -58.8090 -2.7739 -0.0190 -0.0005 405 pedestrian_0011
Pedestrian 0.00 1.00 0 0 0 0 0 0 0 0 1126.79 362.59 1129.50 370.48 1.9158 0.4880 0.5269 136.7608 2.5560 -43.3962 -0.0481 -0.0190 -0.0005 406 pedestrian_0004
Pedestrian 0.00 1.00 0 0 0 0 0 0 0 0 1134.64 362.82 1136.84 368.45 1.9158 0.4880 0.4839 190.9617 2.8887 -62.4429 0.4310 -0.0190 -0.0005 407 pedestrian_0026
Pedestrian 0.00 1.00 0 0 0 0 0 0 0 0 626.69 355.06 628.67 359.62 1.3390 0.3253 0.3689 164.7161 -0.1154 95.9117 -0.0844 -0.0190 -0.0005 408 pedestrian_0013
Pedestrian 0.00 1.00 0 0 0 0 0 0 0 0 1622.20 375.85 1626.56 381.29 1.1330 0.4333 0.4002 118.6071 4.5053 -143.1598 -3.0727 -0.0190 -0.0005 409 pedestrian_0010
Pedestrian 0.00 1.00 0 0 0 0 0 0 0 0 142.98 343.60 153.92 359.62 1.9158 0.4880 0.5425 67.9052 -0.0509 95.6894 0.0017 -0.0190 -0.0005 410 pedestrian_0020
Pedestrian 0.00 1.00 0 0 0 0 0 0 0 0 1371.80 367.42 1374.31 371.84 1.9158 0.4880 0.7095 243.4806 5.1688 -182.9025 1.3974 -0.0190 -0.0005 411 pedestrian_0025
Pedestrian 1.00 1.00 0 0 0 3 1 0 0 0 -1000.00 -1000.00 -1000.00 -1000.00 1.1330 0.4333 0.3333 -10.8386 4.1618 -121.3805 -1.8993 -0.0190 -0.0005 412 pedestrian_0010
Pedestrian 1.00 1.00 0 0 0 0 0 0 0 0 -1000.00 -1000.00 -1000.00 -1000.00 1.9158 0.4880 0.7507 60.0075 4.5499 -143.2308 -2.9992 -0.0190 -0.0005 413 pedestrian_0015
Pedestrian 0.99 1.00 0 0 0 0 0 0 0 0 0.00 346.77 0.12 355.13 1.1330 0.4333 0.6667 77.3979 -0.6786 130.7446 1.5877 -0.0190 -0.0005 414 pedestrian_0011
Pedestrian 1.00 1.00 34 43 74 660 0 10 0 0 -1000.00 -1000.00 -1000.00 -1000.00 1.9158 0.4880 0.5359 -16.9735 1.7152 8.0404 2.0659 -0.0190 -0.0005 415 pedestrian_0025
Pedestrian 1.00 1.00 0 0 0 0 0 0 0 0 -1000.00 -1000.00 -1000.00 -1000.00 1.1330 0.4333 0.6505 -91.2856 -6.2873 0.8043 -1.5153 -0.0190 -0.0005 416 pedestrian_0009
Pedestrian 1.00 1.00 0 0 0 0 0 0 0 0 -1000.00 -1000.00 -1000.00 -1000.00 1.9158 0.4880 0.7507 -90.8543 -2.9022 -36.6759 -1.5868 -0.0190 -0.0005 417 pedestrian_0026
Pedestrian 1.00 1.00 0 0 0 0 0 0 0 0 -1000.00 -1000.00 -1000.00 -1000.00 1.9158 0.4880 0.7507 -13.9949 7.9695 -320.9467 3.0862 -0.0190 -0.0005 418 pedestrian_0019
Pedestrian 0.00 1.00 0 0 0 0 0 0 0 0 1172.08 363.69 1174.60 369.45 1.9158 0.4880 0.6113 187.1882 3.1625 -73.8745 -1.5302 -0.0190 -0.0005 419 pedestrian_0018
Pedestrian 0.00 1.00 0 0 0 0 0 0 0 0 1586.46 371.58 1588.74 375.73 1.9158 0.4880 0.6752 259.7652 7.3296 -295.1872 -2.4054 -0.0190 -0.0005 420 pedestrian_0026
Pedestrian 1.00 1.00 9 13 27 221 0 0 4 0 -1000.00 -1000.00 -1000.00 -1000.00 1.9158 0.4880 0.7507 -8.4126 1.3348 35.9045 -3.1131 -0.0190 -0.0005 421 pedestrian_0005
Pedestrian 0.00 1.00 0 0 0 0 0 0 0 0 586.43 352.28 591.20 361.20 1.9158 0.4880 0.7507 121.0490 0.2535 78.1497 3.1282 -0.0190 -0.0005 422 pedestrian_0021
Pedestrian 0.00 1.00 0 0 0 0 0 0 0 0 518.54 351.26 522.17 357.68 1.9158 0.4880 0.6696 167.8757 -0.7043 130.1193 -1.5279 -0.0190 -0.0005 423 pedestrian_0025
Pedestrian 1.00 1.00 0 0 0 0 0 0 0 0 -1000.00 -1000.00 -1000.00 -1000.00 1.9158 0.4880 0.4760 44.4373 0.3249 76.5886 -3.1185 -0.0190 -0.0005 424 pedestrian_0008
Pedestrian 0.00 0.19 6 10 12 105 0 0 0 1 784.34 356.18 793.27 382.31 1.9158 0.4880 0.4746 42.0926 1.6387 10.4582 0.0299 -0.0190 -0.0005 425 pedestrian_0018
Pedestrian 0.00 1.00 0 0 0 0 0 0 0 0 1385.06 367.67 1387.74 372.11 1.9158 0.4880 0.7507 242.4796 5.2649 -187.9701 1.4656 -0.0190 -0.0005 426 pedestrian_0020
Pedestrian 1.00 1.00 0 0 0 0 0 0 0 0 -1000.00 -1000.00 -1000.00 -1000.00 1.3390 0.3253 0.5005 81.8727 6.0425 -223.4397 1.4760 -0.0190 -0.0005 427 pedestrian_0012
Pedestrian 0.00 1.00 0 0 0 0 0 0 0 0 813.25 359.16 814.85 362.55 1.1330 0.4333 0.4453 187.8954 0.8538 46.9761 -1.4442 -0.0190 -0.0005 428 pedestrian_0011
Pedestrian 1.00 1.00 0 0 0 0 0 0 0 0 -1000.00 -1000.00 -1000.00 -1000.00 1.9158 0.4880 0.5707 97.3838 6.1588 -229.7982 -1.6599 -0.0190 -0.0005 429 pedestrian_0006
Pedestrian 1.00 1.00 0 0 0 0 0 0 0 0 -1000.00 -1000.00 -1000.00 -1000.00 1.9158 0.4880 0.6322 77.0619 -0.9377 144.9993 -1.5687 -0.0190 -0.0005 430 pedestrian_0021
Pedestrian 0.00 1.00 0 0 0 0 0 0 0 0 1520.66 370.24 1523.59 374.92 1.9158 0.4880 0.7507 230.5657 6.1656 -235.0104 0.9677 -0.0190 -0.0005 431 pedestrian_0026
Pedestrian 1.00 1.00 0 0 1 0 0 0 0 0 -1000.00 -1000.00 -1000.00 -1000.00 1.9158 0.4880 0.4035 -61.5063 -9.4690 98.8123 -1.8532 -0.0190 -0.0005 432 pedestrian_0026
Pedestrian 0.00 1.00 0 0 0 0 0 0 0 0 1194.19 363.92 1197.00 370.89 1.9158 0.4880 0.4919 154.6266 3.0090 -67.5087 0.2149 -0.0190 -0.0005 433 pedestrian_0002
Pedestrian 0.00 1.00 0 0 0 0 0 0 0 0 1136.22 362.87 1138.30 368.55 1.9158 0.4880 0.4111 189.0605 2.8938 -62.3557 -2.7646 -0.0190 -0.0005 434 pedestrian_0001
Pedestrian 0.00 1.00 0 0 0 0 0 0 0 0 121.46 288.87 130.29 299.84 1.9158 0.4880 0.7286 102.5382 -11.0607 150.5323 3.0970 -0.0190 -0.0005 435 pedestrian_0022
Pedestrian 0.00 1.00 0 0 0 0 0 0 0 0 882.61 358.16 885.75 368.37 1.9158 0.4880 0.5202 105.7827 1.5726 12.1064 0.0053 -0.0190 -0.0005 436 pedestrian_0005
Pedestrian 1.00 1.00 0 0 0 0 0 0 0 0 -1000.00 -1000.00 -1000.00 -1000.00 1.3390 0.3253 0.5005 -4.1420 6.5145 -246.9341 -0.0552 -0.0190 -0.0005 437 pedestrian_0013
Pedestrian 0.00 1.00 0 0 0 0 0 0 0 0 1412.52 369.72 1414.11 371.88 1.1330 0.4333 0.5043 296.5726 6.3245 -243.9440 1.3116 -0.0190 -0.0005 438 pedestrian_0011
Pedestrian 1.00 1.00 0 1 2 2 0 0 0 0 -1000.00 -1000.00 -1000.00 -1000.00 1.9158 0.4880 0.3754 -14.5564 4.5774 -142.5988 0.3031 -0.0190 -0.0005 439 pedestrian_0006
Pedestrian 1.00 1.00 0 0 0 0 0 0 0 0 -1000.00 -1000.00 -1000.00 -1000.00 1.3390 0.3253 0.4934 -127.6611 -3.4177 -32.8991 -1.5373 -0.0190 -0.0005 440 pedestrian_0014
Pedestrian 1.00 1.00 0 0 0 0 0 0 0 0 -1000.00 -1000.00 -1000.00 -1000.00 1.9158 0.4880 0.4983 71.4759 4.5498 -143.5272 0.0331 -0.0190 -0.0005 441 pedestrian_0025
Pedestrian 1.00 1.00 0 0 0 0 0 0 0 0 -1000.00 -1000.00 -1000.00 -1000.00 1.9158 0.4880 0.4678 -28.4303 7.9456 -319.3556 -0.1814 -0.0190 -0.0005 442 pedestrian_0003
Pedestrian 0.00 1.00 0 0 0 0 0 0 0 0 1343.20 366.34 1351.27 387.17 1.9158 0.4880 0.7507 52.7387 2.5145 -38.3461 -0.7486 -0.0190 -0.0005 443 pedestrian_0024
Pedestrian 0.00 1.00 0 0 0 0 0 0 0 0 932.87 359.10 936.24 370.18 1.9158 0.4880 0.5073 97.5924 1.7643 2.2098 1.5193 -0.0190 -0.0005 444 pedestrian_0007
Pedestrian 1.00 1.00 0 0 0 0 0 0 0 0 -1000.00 -1000.00 -1000.00 -1000.00 1.9158 0.4880 0.4015 76.4028 4.5574 -144.0124 -1.5427 -0.0190 -0.0005 445 pedestrian_0023
Pedestrian 1.00 1.00 0 0 0 0 0 0 0 0 -1000.00 -1000.00 -1000.00 -1000.00 1.9158 0.4880 0.4328 -32.8141 7.9341 -318.6281 -0.1630 -0.0190 -0.0005 446 pedestrian_0026
Pedestrian 0.00 1.00 0 0 0 0 0 0 0 0 210.75 286.32 219.05 294.09 1.1330 0.4333 0.6304 87.9782 -10.3799 114.6486 3.1390 -0.0190 -0.0005 447 pedestrian_0009
Pedestrian 0.00 1.00 0 0 0 0 0 0 0 0 771.91 333.95 773.38 338.25 1.9158 0.4880 0.4570 251.8223 -9.8553 82.5524 -0.8930 -0.0190 -0.0005 448 pedestrian_0015
Pedestrian 0.00 1.00 0 0 0 0 0 0 0 0 364.48 348.30 370.05 359.68 1.9158 0.4880 0.3816 94.9529 -0.0582 98.2153 -1.6301 -0.0190 -0.0005 449 pedestrian_0017
Pedestrian 1.00 1.00 8 11 13 170 5 0 0 0 -1000.00 -1000.00 -1000.00 -1000.00 1.9158 0.4880 0.6716 13.2164 2.4650 -34.5274 -1.6540 -0.0190 -0.0005 450 pedestrian_0023
Pedestrian 1.00 1.00 1 1 3 9 0 0 0 0 -1000.00 -1000.00 -1000.00 -1000.00 1.9158 0.4880 0.5051 -10.2134 3.1453 -67.3176 -2.6054 -0.0190 -0.0005 451 pedestrian_0001
Pedestrian 1.00 1.00 0 0 0 0 0 0 0 0 -1000.00 -1000.00 -1000.00 -1000.00 1.9158 0.4880 0.7198 112.6754 6.7817 -264.1914 3.0785 -0.0190 -0.0005 452 pedestrian_0017
Pedestrian 1.00 1.00 0 0 0 0 0 0 0 0 -1000.00 -1000.00 -1000.00 -1000.00 1.1330 0.4333 0.6364 101.4465 6.4862 -248.6733 -0.0684 -0.0190 -0.0005 453 pedestrian_0011
Pedestrian 0.00 1.00 0 0 0 0 0 0 0 0 1272.71 365.62 1274.59 369.17 1.9158 0.4880 0.7130 303.0723 4.9863 -173.1450 1.5756 -0.0190 -0.0005 454 pedestrian_0018
Pedestrian 1.00 1.00 5 7 13 88 0 0 3 0 -1000.00 -1000.00 -1000.00 -1000.00 1.9158 0.4880 0.6552 8.4813 0.7588 57.7030 -1.5508 -0.0190 -0.0005 455 pedestrian_0021
Pedestrian 0.00 1.00 0 0 0 0 0 0 0 0 362.16 349.18 369.56 363.26 1.9158 0.4880 0.5020 76.9931 0.4421 79.2018 -1.8307 -0.0190 -0.0005 456 pedestrian_0007
Pedestrian 0.00 1.00 0 0 0 0 0 0 0 0 1173.22 363.40 1177.70 373.30 1.9158 0.4880 0.7507 109.4676 2.5886 -44.3721 0.1204 -0.0190 -0.0005 457 pedestrian_0021
Pedestrian 1.00 1.00 0 0 0 0 0 0 0 0 -1000.00 -1000.00 -1000.00 -1000.00 1.9158 0.4880 0.7507 27.7723 -10.3364 114.9481 0.0026 -0.0190 -0.0005 458 pedestrian_0019
Pedestrian 1.00 1.00 0 0 0 0 0 0 0 0 -1000.00 -1000.00 -1000.00 -1000.00 1.1330 0.4333 0.4680 -128.2664 2.7943 -80.7503 -1.7398 -0.0190 -0.0005 459 pedestrian_0009
Pedestrian 1.00 1.00 0 0 0 0 0 0 0 0 -1000.00 -1000.00 -1000.00 -1000.00 1.9158 0.4880 0.6605 -128.5430 3.7439 -96.4105 -1.5707 -0.0190 -0.0005 460 pedestrian_0004
Pedestrian 1.00 1.00 2 0 0 6 0 0 0 0 -1000.00 -1000.00 -1000.00 -1000.00 1.3390 0.3253 0.4244 -10.6744 3.7458 -99.1839 1.5886 -0.0190 -0.0005 461 pedestrian_0012
Pedestrian 0.00 1.00 0 0 0 0 0 0 0 0 1591.05 371.64 1597.32 381.81 1.9158 0.4880 0.5909 106.8396 4.1478 -123.2840 0.0934 -0.0190 -0.0005 462 pedestrian_0006
Pedestrian 0.00 1.00 0 0 0 0 0 0 0 0 1096.36 367.77 1102.21 376.13 1.1330 0.4333 0.6667 77.5571 2.2145 -21.4584 1.6200 -0.0190 -0.0005 463 pedestrian_0009
Pedestrian 0.00 1.00 0 0 0 0 0 0 0 0 928.32 360.56 929.56 364.11 1.3390 0.3253 0.4030 211.6578 1.5575 9.5757 -2.7221 -0.0190 -0.0005 464 pedestrian_0014
Pedestrian 0.00 1.00 0 0 0 0 0 0 0 0 1247.96 367.43 1250.69 370.87 1.1330 0.4333 0.6667 186.8726 3.6342 -99.2370 -1.5212 -0.0190 -0.0005 465 pedestrian_0010
Pedestrian 1.00 1.00 37 40 74 3178 0 9 10 0 -1000.00 -1000.00 -1000.00 -1000.00 1.9158 0.4880 0.7460 -13.4342 1.6972 16.9802 -1.4668 -0.0190 -0.0005 466 pedestrian_0017
Pedestrian 1.00 1.00 0 0 0 0 0 0 0 0 -1000.00 -1000.00 -1000.00 -1000.00 1.9158 0.4880 0.4265 -13.9500 4.5794 -142.6685 -1.5837 -0.0190 -0.0005 467 pedestrian_0004
Pedestrian 1.00 1.00 0 0 0 0 0 0 0 0 -1000.00 -1000.00 -1000.00 -1000.00 1.9158 0.4880 0.5951 38.5304 3.8513 -106.7502 -0.0644 -0.0190 -0.0005 468 pedestrian_0021
Pedestrian 0.00 1.00 0 0 0 0 0 0 0 0 811.41 358.51 812.95 362.50 1.3390 0.3253 0.4457 188.7473 0.8399 47.8368 -1.4193 -0.0190 -0.0005 469 pedestrian_0013
Pedestrian 1.00 1.00 7 9 12 84 0 0 1 0 -1000.00 -1000.00 -1000.00 -1000.00 1.9158 0.4880 0.7507 -10.5349 1.0367 43.7008 -1.5276 -0.0190 -0.0005 470 pedestrian_0001
Pedestrian 0.00 1.00 0 0 0 0 0 0 0 0 1779.17 373.92 1806.06 414.34 1.9158 0.4880 0.6345 27.9972 2.6036 -42.7146 -2.3954 -0.0190 -0.0005 471 pedestrian_0015
Pedestrian 1.00 1.00 0 0 0 0 0 0 0 0 -1000.00 -1000.00 -1000.00 -1000.00 1.9158 0.4880 0.7507 -124.7405 6.3071 -230.4273 1.8173 -0.0190 -0.0005 472 pedestrian_0024
Pedestrian 0.00 1.00 0 0 0 0 0 0 0 0 1151.97 365.00 1153.16 369.02 1.3390 0.3253 0.2502 187.0736 3.0212 -66.8627 1.6227 -0.0190 -0.0005 473 pedestrian_0013
Pedestrian 0.00 1.00 0 0 0 0 0 0 0 0 1766.11 374.99 1769.85 379.99 1.9158 0.4880 0.6867 216.2520 7.7479 -315.9603 0.2972 -0.0190 -0.0005 474 pedestrian_0018
Pedestrian 0.00 1.00 0 0 0 0 0 0 0 0 1341.75 368.15 1343.44 371.24 1.3390 0.3253 0.4943 244.0747 4.9189 -169.9935 -1.6329 -0.0190 -0.0005 475 pedestrian_0012
Pedestrian 0.00 1.00 0 0 0 0 0 0 0 0 1368.77 368.12 1374.59 383.24 1.9158 0.4880 0.4473 72.0689 2.9630 -54.9812 -1.9175 -0.0190 -0.0005 476 pedestrian_0026
Pedestrian 0.00 1.00 0 0 0 0 0 0 0 0 1430.48 368.62 1432.23 372.28 1.9158 0.4880 0.5298 293.3738 6.4682 -250.8345 -1.8817 -0.0190 -0.0005 477 pedestrian_0016
Pedestrian 1.00 1.00 0 0 1 7 0 0 0 0 -1000.00 -1000.00 -1000.00 -1000.00 1.9158 0.4880 0.4917 -10.9296 4.2159 -123.6256 3.1098 -0.0190 -0.0005 478 pedestrian_0006
Pedestrian 0.00 1.00 0 0 0 0 0 0 0 0 1796.03 375.56 1799.76 380.71 1.9158 0.4880 0.5901 210.1565 7.7974 -318.3597 -3.0892 -0.0190 -0.0005 479 pedestrian_0001
Pedestrian 0.00 1.00 0 0 0 0 0 0 0 0 560.57 351.77 565.79 361.39 1.9158 0.4880 0.7507 112.2563 0.2731 77.4054 -3.1048 -0.0190 -0.0005 480 pedestrian_0021
Car 0.00 1.00 0 0 0 0 0 0 0 0 1067.06 362.60 1077.38 369.07 1.6980 1.9434 4.1871 153.2856 2.4396 -33.0306 0.0030 -0.0190 -0.0005 481 citroen_c3
Car 0.00 1.00 0 0 0 0 0 0 0 0 1072.39 361.58 1083.83 369.62 1.9718 2.0005 4.0595 142.2425 2.3970 -32.2909 0.0030 -0.0190 -0.0005 482 jeep_wrangler_rubicon
Car 0.00 1.00 0 0 0 0 0 0 0 0 955.11 359.48 962.66 366.93 1.9718 2.0005 4.0595 152.5953 1.8491 -1.9133 -3.1386 -0.0190 -0.0005 483 jeep_wrangler_rubicon
Car 0.00 1.00 0 0 0 0 0 0 0 0 1083.76 361.79 1095.53 369.84 1.9718 2.0005 4.0595 142.2514 2.4529 -35.2315 0.0030 -0.0190 -0.0005 484 jeep_wrangler_rubicon
Car 0.00 1.00 0 0 0 0 0 0 0 0 1427.02 368.47 1452.15 377.50 1.9718 2.0005 4.0595 129.4544 3.9863 -113.3174 1.5738 -0.0190 -0.0005 485 nissan_patrol
Car 0.00 1.00 0 0 0 0 0 0 0 0 1416.82 370.16 1441.18 377.24 1.5488 2.0688 3.9961 132.3498 4.0126 -113.3183 -1.5678 -0.0190 -0.0005 486 nissan_patrol
Car 0.00 1.00 0 0 0 0 0 0 0 0 1461.71 371.44 1499.73 379.67 1.4855 2.1349 -5.6254 112.5346 3.8641 -106.9426 -1.5678 -0.0190 -0.0005 487 nissan_patrol
Car 0.00 1.00 0 0 0 0 0 0 0 0 1400.14 369.34 1423.66 376.85 1.6244 1.8781 -3.8906 129.4340 3.8401 -106.8928 1.5738 -0.0190 -0.0005 488 nissan_patrol
Car 0.00 1.00 0 0 0 0 0 0 0 0 1399.43 369.36 1435.09 379.32 1.7506 2.3538 -4.8416 106.8644 3.6025 -89.4955 1.5738 -0.0190 -0.0005 489 nissan_patrol
Car 0.00 1.00 0 0 0 0 0 0 0 0 1349.98 366.99 1375.58 376.65 1.9718 2.0005 -4.0595 121.1623 3.5381 -89.4947 -1.5678 -0.0190 -0.0005 490 nissan_patrol
Car 0.00 1.00 0 0 0 0 0 0 0 0 1523.46 370.32 1560.05 381.30 1.9476 2.0282 4.8347 106.9365 3.9841 -113.3432 -1.5678 -0.0190 -0.0005 491 nissan_patrol
Car 0.00 1.00 0 0 0 0 0 0 0 0 1510.87 370.03 1542.13 380.76 1.9718 2.0005 4.0595 109.8309 3.9985 -113.3920 -1.5678 -0.0190 -0.0005 492 nissan_patrol
Car 0.00 1.00 0 0 0 0 0 0 0 0 1423.62 370.02 1451.83 378.91 1.6244 1.8781 3.8906 109.7790 3.6424 -95.9294 1.5738 -0.0190 -0.0005 493 nissan_patrol
Car 0.00 1.00 0 0 0 0 0 0 0 0 1411.68 370.37 1440.33 378.73 1.5488 2.0688 3.9961 112.5030 3.6927 -95.9183 -1.5678 -0.0190 -0.0005 494 nissan_patrol
Car 0.00 1.00 0 0 0 0 0 0 0 0 1377.34 366.68 1407.02 377.19 2.1397 2.1728 4.7017 121.1826 3.6459 -95.8751 -1.5678 -0.0190 -0.0005 495 nissan_patrol
Car 0.00 1.00 0 0 0 0 0 0 0 0 1350.46 367.04 1377.87 376.04 1.9476 2.0282 4.8347 129.4001 3.6385 -95.8005 -1.5678 -0.0190 -0.0005 496 nissan_patrol
Car 0.00 1.00 0 0 0 0 0 0 0 0 1343.90 368.72 1366.97 375.61 1.5100 1.8730 4.1000 132.2968 3.6297 -95.8551 -1.5678 -0.0190 -0.0005 497 nissan_patrol
Car 0.00 1.00 0 0 0 0 0 0 0 0 1318.93 368.52 1344.51 376.41 1.5488 2.0688 3.9961 118.2421 3.4023 -80.8082 1.5738 -0.0190 -0.0005 498 nissan_patrol
Car 0.00 1.00 0 0 0 0 0 0 0 0 1310.38 368.25 1335.07 375.76 1.5100 1.8730 4.1000 121.1371 3.3497 -80.8040 1.5738 -0.0190 -0.0005 499 nissan_patrol
Car 0.00 1.00 0 0 0 0 0 0 0 0 1300.69 366.09 1328.52 375.49 1.9476 2.0282 4.8347 123.8203 3.3555 -80.7525 -1.5678 -0.0190 -0.0005 500 nissan_patrol
Car 0.00 1.00 0 0 0 0 0 0 0 0 1322.36 365.51 1354.97 377.43 2.1397 2.1728 -4.7017 106.8187 3.2466 -74.4582 -1.5678 -0.0190 -0.0005 501 nissan_patrol
Car 0.00 1.00 0 0 0 0 0 0 0 0 1312.31 366.32 1344.00 376.92 1.9476 2.0282 -4.8347 109.7137 3.2421 -74.3808 1.5738 -0.0190 -0.0005 502 nissan_patrol
Car 0.00 1.00 0 0 0 0 0 0 0 0 1267.40 366.84 1289.45 374.50 1.6244 1.8781 -3.8906 126.6963 3.2240 -74.3992 -1.5678 -0.0190 -0.0005 503 nissan_patrol
Car 0.00 1.00 0 0 0 0 0 0 0 0 1258.60 366.45 1285.38 374.61 1.7506 2.3538 -4.8416 129.3355 3.3036 -74.4151 -1.5678 -0.0190 -0.0005 504 nissan_patrol
Car 0.00 1.00 0 0 0 0 0 0 0 0 1050.26 361.22 1060.81 368.59 1.9476 2.0282 4.8347 153.9407 2.3105 -28.5544 -3.1386 -0.0190 -0.0005 505 nissan_patrol
Car 0.00 1.00 0 0 0 0 0 0 0 0 965.46 361.13 972.87 367.07 1.5475 1.9070 4.4025 152.2027 1.8799 -4.7093 -3.1386 -0.0190 -0.0005 506 seat_leon
Car 0.00 1.00 0 0 0 0 0 0 0 0 1015.41 358.43 1027.80 368.19 2.5908 2.7453 5.4640 153.8489 2.1907 -19.1688 -3.1386 -0.0190 -0.0005 507 carlamotors_carlacola
Car 0.00 1.00 0 0 0 0 0 0 0 0 721.47 353.01 738.71 362.19 2.5908 2.7453 5.4640 163.3518 0.6058 65.0725 0.0030 -0.0190 -0.0005 508 carlamotors_carlacola
Car 0.00 1.00 0 0 0 0 0 0 0 0 709.34 352.78 726.98 361.96 2.5908 2.7453 5.4640 163.3412 0.5395 68.5604 0.0030 -0.0190 -0.0005 509 carlamotors_carlacola
Car 0.00 1.00 0 0 0 0 0 0 0 0 674.67 351.18 703.01 362.44 2.5908 2.7453 5.4640 135.1180 0.5318 63.3485 -1.5678 -0.0190 -0.0005 510 carlamotors_carlacola
Car 0.00 1.00 0 0 0 0 0 0 0 0 1030.76 358.74 1043.71 368.49 2.5908 2.7453 5.4640 153.8620 2.2726 -23.4790 -3.1386 -0.0190 -0.0005 511 carlamotors_carlacola
Car 0.00 1.00 0 0 0 0 0 0 0 0 832.68 353.99 913.32 385.61 2.2031 2.5091 6.5872 43.6144 1.8157 4.3019 2.6210 -0.0190 -0.0005 512 tesla_cybertruck