Car 1.00 1.00 0 0 0 0 0 0 0 0 -1000.00 -1000.00 -1000.00 -1000.00 1.5542 2.3421 5.1370 51.7108 -7.4125 148.1870 3.0493 0.0014 0.0017 0 lincoln2020_mkz2020
Car 1.00 1.00 6718 237495 380335 0 0 0 0 0 -1000.00 -1000.00 -1000.00 -1000.00 2.1397 2.1728 4.7045 -0.0005 2.0932 -2.2389 1.5708 0.0000 0.0000 1 volkswagen_t2
Motorcycle 1.00 1.00 0 0 0 1 0 0 0 0 -1000.00 -1000.00 -1000.00 -1000.00 1.6960 1.0692 2.4735 -17.4522 -7.3787 139.8546 0.0557 0.0009 0.0645 2 harley_davidson_low_rider
Motorcycle 0.00 1.00 0 0 0 0 0 0 0 0 1298.70 360.64 1304.96 364.02 1.6960 1.0692 2.4735 281.7070 2.0248 -175.3410 1.4787 0.0059 0.0016 3 harley_davidson_low_rider
Car 0.00 1.00 0 0 0 0 0 0 0 0 637.16 364.70 678.40 375.68 1.6320 2.1403 5.2230 85.7543 2.3604 43.9236 -1.6574 -0.0015 0.0016 4 dodge_charger_police
Car 1.00 1.00 0 0 0 0 0 0 0 0 -1000.00 -1000.00 -1000.00 -1000.00 1.5542 2.3421 5.1370 -97.9278 -6.3349 37.0277 1.6570 -0.0087 0.0023 5 lincoln2020_mkz2020
Car 1.00 1.00 0 0 0 0 0 0 0 0 -1000.00 -1000.00 -1000.00 -1000.00 1.4546 2.0938 4.3903 72.5230 1.3585 -298.8507 3.0645 0.0028 0.0018 6 audi_tt
Car 0.00 1.00 0 0 0 0 0 0 0 0 1193.28 363.08 1205.40 370.43 1.4477 1.5550 2.3177 112.3676 2.0723 -50.3008 3.0693 -0.0029 0.0016 7 bmw_isetta
Car 1.00 1.00 0 0 0 0 0 0 0 0 -1000.00 -1000.00 -1000.00 -1000.00 1.7173 2.2591 5.2781 44.1044 1.3391 -292.9977 3.0559 -0.0046 0.0012 8 mercedes_benz_coupe
Car 1.00 1.00 0 0 0 0 0 0 0 0 -1000.00 -1000.00 -1000.00 -1000.00 1.4812 2.1349 5.6254 -59.0984 1.9804 13.2237 1.4425 0.0028 0.0016 9 chevrolet_impala
Car 0.00 1.00 0 0 0 0 0 0 0 0 290.00 365.44 350.59 377.99 1.6115 2.2019 5.2564 77.8233 2.3996 86.2416 -0.0464 0.0027 0.0022 10 charger2020_charger2020
Car 0.00 1.00 0 0 0 0 0 0 0 0 810.92 360.75 832.74 371.52 2.2031 2.5091 6.5872 117.9579 2.3654 26.8415 3.0645 0.0028 0.0016 11 tesla_cybertruck
Car 1.00 1.00 0 0 0 0 0 0 0 0 -1000.00 -1000.00 -1000.00 -1000.00 1.5140 2.1024 4.9073 48.7303 1.6032 -196.6631 3.0474 0.0028 0.0010 12 mercedesccc_mercedesccc
Car 0.00 1.00 0 0 0 0 0 0 0 0 835.69 362.41 850.48 367.89 1.6980 1.9434 4.1871 176.4023 2.4743 34.7380 -1.6596 0.0028 0.0016 13 citroen_c3
Car 0.00 1.00 0 0 0 0 0 0 0 0 977.57 364.83 1017.00 375.41 1.4812 2.1349 5.6254 81.4236 2.2005 -7.6606 -1.6543 0.0026 0.0016 14 chevrolet_impala
Car 0.00 1.00 0 0 0 0 0 0 0 0 815.41 362.71 833.73 367.93 1.6320 2.1403 5.2230 176.8480 2.4964 40.7064 -1.7026 -0.0015 0.0016 15 dodge_charger_police
Car 0.00 1.00 0 0 0 0 0 0 0 0 1134.14 361.81 1152.33 366.85 1.5863 2.2347 5.1468 178.4537 2.1742 -60.8738 1.4865 0.0010 -0.0013 16 lincoln_mkz2017
Car 1.00 1.00 0 0 0 5 0 0 0 0 -1000.00 -1000.00 -1000.00 -1000.00 1.7318 2.1344 5.0985 -91.1774 -6.7149 84.4811 1.1539 -0.0090 -0.0024 17 audi_etron
Car 0.00 1.00 0 0 0 0 0 0 0 0 1173.48 361.26 1191.49 366.83 1.7506 2.3538 4.8416 177.4105 2.1572 -73.0183 1.4840 0.0029 0.0016 18 bmw_grandtourer
Car 0.00 0.16 30 26 40 6870 0 0 16 14 527.88 370.00 592.26 395.68 1.5765 1.9374 3.8150 35.8506 2.1936 22.6756 -0.0739 0.0028 0.0016 19 nissan_micra
Motorcycle 0.00 1.00 0 0 0 0 0 0 0 0 1149.74 361.48 1155.44 366.99 1.6960 1.0692 2.4735 174.2230 2.1650 -62.4176 -0.0740 0.0065 0.0003 20 harley_davidson_low_rider
Car 0.00 1.00 0 0 0 0 0 0 0 0 1216.47 361.67 1231.38 366.71 1.5765 1.9374 3.8150 176.3012 2.1098 -85.6848 1.4952 0.0030 0.0016 21 nissan_micra
Car 1.00 1.00 0 0 0 0 0 0 0 0 -1000.00 -1000.00 -1000.00 -1000.00 1.7203 2.2019 5.4994 34.9944 2.3552 93.7405 3.0923 0.0028 0.0022 22 chargercop2020_chargercop2020
Car 1.00 1.00 45 45 74 463 10 0 0 0 -1000.00 -1000.00 -1000.00 -1000.00 1.5475 1.9070 4.4025 14.4912 1.9225 -45.9111 3.0428 0.0029 0.0016 23 seat_leon
Car 0.00 1.00 0 0 0 0 0 0 0 0 1055.74 346.20 1066.16 350.15 1.3660 1.9896 4.9534 284.7777 -5.3720 -53.8249 1.4849 -0.1232 0.0014 24 mustang_mustang
Cyclist 1.00 1.00 0 0 0 0 0 0 0 0 -1000.00 -1000.00 -1000.00 -1000.00 1.9709 0.6705 1.7250 -25.2391 1.6770 -125.0183 -0.0788 0.0084 0.0016 25 diamondback_century
Cyclist 1.00 1.00 0 1 1 2 0 0 0 0 -1000.00 -1000.00 -1000.00 -1000.00 1.7065 0.8593 1.4873 -17.2219 1.6810 -117.5190 -1.6453 0.0081 0.0021 26 bh_crossbike
Car 1.00 1.00 0 0 0 0 0 0 0 0 -1000.00 -1000.00 -1000.00 -1000.00 2.1397 2.1728 4.7045 67.0318 1.6829 -183.8639 -1.6596 0.0028 0.0016 27 volkswagen_t2
Car 1.00 1.00 0 0 0 0 0 0 0 0 -1000.00 -1000.00 -1000.00 -1000.00 1.9718 2.0005 4.0595 -72.0863 1.4404 -174.7490 -1.5255 -0.0003 0.0015 28 jeep_wrangler_rubicon
Car 1.00 1.00 15 17 35 258 0 0 14 0 -1000.00 -1000.00 -1000.00 -1000.00 1.5627 2.2716 5.0314 6.5351 2.3148 75.4519 1.5174 0.0029 0.0016 29 tesla_model3
Car 0.00 1.00 0 0 0 0 0 0 0 0 1397.19 360.82 1419.23 367.53 1.4546 2.0938 4.3903 159.1102 1.9039 -129.9429 -2.0072 0.0029 -0.1021 30 audi_tt
Car 1.00 1.00 0 0 0 0 0 0 0 0 -1000.00 -1000.00 -1000.00 -1000.00 1.5488 2.0688 3.9961 46.2698 2.3667 92.7644 3.0562 0.0029 0.0016 31 mini_cooperst
Car 0.00 1.00 0 0 0 0 0 0 0 0 1424.82 363.11 1466.79 378.28 1.6011 2.1072 4.7392 63.4608 1.9704 -56.8600 -0.3837 0.0028 0.0016 32 toyota_prius
Car 1.00 1.00 0 0 0 0 0 0 0 0 -1000.00 -1000.00 -1000.00 -1000.00 2.1397 2.1728 4.7045 61.5173 1.6163 -204.1513 0.0014 0.0027 0.0016 33 volkswagen_t2
Car 0.00 1.00 0 0 0 0 0 0 0 0 1316.66 360.81 1329.02 364.05 1.6011 2.1072 4.7392 277.5256 2.0082 -183.2295 1.5178 0.0028 0.0016 34 toyota_prius
Car 0.00 0.79 12 16 22 1597 0 0 11 3 82.17 378.97 263.95 410.06 1.3660 1.9896 4.9534 26.7411 2.2229 33.8783 3.0655 0.0028 0.0016 35 mustang_mustang
Car 1.00 1.00 41 47 59 512 0 0 44 0 -1000.00 -1000.00 -1000.00 -1000.00 1.6011 2.1072 4.7392 1.3728 2.2425 54.2349 -1.6601 0.0028 0.0016 36 toyota_prius
Car 0.00 1.00 0 0 0 0 0 0 0 0 1278.75 361.80 1319.23 373.57 1.7506 2.3538 4.8416 86.6416 2.0338 -54.5394 -2.7170 0.0028 0.0019 37 bmw_grandtourer
Car 0.00 1.00 0 0 0 0 0 0 0 0 1082.28 360.11 1105.11 367.35 2.2031 2.5091 6.5872 173.0378 2.2528 -43.7023 -1.6637 0.0029 0.0016 38 tesla_cybertruck
Motorcycle 1.00 1.00 6 6 11 321 0 1 2 0 -1000.00 -1000.00 -1000.00 -1000.00 1.6387 1.2138 2.3199 -58.2522 2.1209 61.2119 -1.6053 0.0027 0.0016 39 yamaha_yzf
Car 1.00 1.00 13 17 28 85 9 0 0 0 -1000.00 -1000.00 -1000.00 -1000.00 1.9476 2.0282 4.8347 6.6337 1.7410 -120.8275 3.0488 0.0025 0.0016 40 nissan_patrol
Car 0.00 1.00 0 0 0 0 0 0 0 0 1248.06 362.49 1278.91 372.71 1.6115 2.2019 5.2564 92.9421 2.0411 -52.5012 -3.1373 0.0108 0.0024 41 charger2020_charger2020
Car 0.00 1.00 0 0 0 0 0 0 0 0 887.81 362.02 902.01 366.20 1.6115 2.2019 5.2564 225.4234 2.4663 24.0959 -1.7920 0.0084 0.0051 42 charger2020_charger2020
Motorcycle 0.00 1.00 0 0 0 0 0 0 0 0 715.92 365.02 736.17 380.52 1.6649 1.0692 2.4735 62.9133 2.2402 23.8598 -0.0734 -0.0033 0.0014 43 harley_davidson_low_rider
Car 0.00 1.00 0 0 0 0 0 0 0 0 1373.08 361.25 1390.55 366.04 1.5542 2.3421 5.1370 184.6864 1.9752 -141.9672 3.0159 0.0028 0.0016 44 lincoln2020_mkz2020
Motorcycle 0.94 1.00 29 34 47 914 0 0 9 0 0.11 395.50 16.31 416.54 1.6960 1.0692 2.4735 21.2823 2.2050 34.2725 3.0626 0.0058 0.0017 45 harley_davidson_low_rider
Cyclist 0.00 1.00 0 0 0 0 0 0 0 0 824.17 361.90 830.34 371.78 1.9310 0.5921 1.9272 110.5121 2.3080 23.9761 3.0486 -0.0012 0.0016 46 gazelle_omafiets
Car 1.00 1.00 847 902 1432 13707 0 0 325 0 -1000.00 -1000.00 -1000.00 -1000.00 1.7318 2.1344 5.0985 0.9188 2.1370 12.2194 1.4579 0.0028 0.0016 47 audi_etron
Car 0.00 1.00 0 0 0 0 0 0 0 0 292.10 363.04 350.19 378.34 1.9476 2.0282 4.8347 75.3544 2.3749 83.2967 -0.0825 0.0025 0.0016 48 nissan_patrol
Car 1.00 1.00 0 0 0 0 0 0 0 0 -1000.00 -1000.00 -1000.00 -1000.00 1.7203 2.2019 5.4994 -54.9219 1.9946 17.2356 1.4713 0.0028 0.0023 49 chargercop2020_chargercop2020
Car 1.00 1.00 0 0 0 0 0 0 0 0 -1000.00 -1000.00 -1000.00 -1000.00 1.6244 1.8781 3.8906 75.9790 1.6239 -204.1327 -2.8177 0.0023 0.0004 50 audi_a2
Car 0.00 1.00 0 0 0 0 0 0 0 0 1194.50 361.73 1213.77 366.79 1.5863 2.2347 5.1468 176.9862 2.1422 -79.7206 1.4916 0.0028 0.0016 51 lincoln_mkz2017
Cyclist 1.00 1.00 0 0 0 0 0 0 0 0 -1000.00 -1000.00 -1000.00 -1000.00 1.9709 0.6705 1.7250 60.4993 1.5781 -208.0136 -0.1682 0.0098 0.0029 52 diamondback_century
Cyclist 0.00 1.00 0 0 0 0 0 0 0 0 1333.16 360.45 1344.89 375.66 1.9311 0.5921 1.9272 72.5010 1.9900 -51.0991 2.9089 -0.0025 -0.0004 53 gazelle_omafiets
Car 1.00 1.00 0 0 0 0 0 0 0 0 -1000.00 -1000.00 -1000.00 -1000.00 1.7173 2.2591 5.2781 24.6531 2.3632 98.1855 3.0528 -0.0029 0.0011 54 mercedes_benz_coupe
Car 0.00 1.00 0 0 0 0 0 0 0 0 905.89 362.45 914.48 366.87 1.5542 2.3421 5.1370 201.1796 2.4495 15.7269 3.0808 0.0029 0.0016 55 lincoln2020_mkz2020
Car 0.00 1.00 0 0 0 0 0 0 0 0 1011.77 361.35 1024.08 365.67 1.7506 2.3538 4.8416 228.7691 2.3162 -26.0502 1.3815 0.0049 0.0021 56 bmw_grandtourer
Car 0.00 0.05 93 90 144 5535 0 0 16 13 387.67 373.00 478.68 396.74 1.4546 2.0938 4.3903 34.7913 2.2316 29.6546 3.0547 0.0029 0.0016 57 audi_tt
Car 1.00 1.00 0 0 0 0 0 0 0 0 -1000.00 -1000.00 -1000.00 -1000.00 1.7173 2.2591 5.2781 69.9044 1.6639 -193.1077 -1.6275 -0.0043 0.0013 58 mercedes_benz_coupe
Car 0.00 1.00 0 0 0 0 0 0 0 0 911.20 364.08 943.95 373.71 1.5542 2.3421 5.1370 92.9027 2.2410 3.1052 1.4871 0.0029 0.0016 59 lincoln2020_mkz2020
Car 1.00 1.00 23 21 32 251 0 0 10 0 -1000.00 -1000.00 -1000.00 -1000.00 2.1397 2.1728 4.7045 -9.5154 2.2863 90.5858 -0.1051 -0.0002 0.0015 60 volkswagen_t2
Car 0.00 1.00 0 0 0 0 0 0 0 0 474.59 363.23 495.65 368.92 1.7506 2.3538 4.8416 176.5018 2.7853 148.0808 -0.7567 -0.0004 -0.0004 61 bmw_grandtourer
Car 0.00 1.00 0 0 0 0 0 0 0 0 896.11 362.32 905.39 366.99 1.6320 2.1403 5.2230 199.5498 2.4709 18.9613 3.0125 -0.0015 0.0016 62 dodge_charger_police
Car 0.00 1.00 0 0 0 0 0 0 0 0 1199.79 361.89 1218.30 370.99 1.6980 1.9434 4.1871 107.3596 2.0682 -49.9813 3.0609 0.0028 0.0016 63 citroen_c3
Car 0.00 1.00 0 0 0 0 0 0 0 0 826.23 364.07 845.03 371.59 1.4812 2.1349 5.6254 115.7341 2.3436 23.4494 3.0432 0.0029 0.0016 64 chevrolet_impala
Car 0.00 1.00 0 0 0 0 0 0 0 0 1382.79 362.77 1432.78 376.67 1.6115 2.2019 5.2564 70.0354 1.9834 -57.8688 -0.0636 0.0067 0.0024 65 charger2020_charger2020
Car 1.00 1.00 0 0 0 0 0 0 0 0 -1000.00 -1000.00 -1000.00 -1000.00 1.3660 1.9896 4.9534 42.8607 2.6272 167.2093 -0.0639 0.0028 0.0015 66 mustang_mustang
Motorcycle 1.00 1.00 0 0 0 0 0 0 0 0 -1000.00 -1000.00 -1000.00 -1000.00 1.5852 1.1236 2.1350 -46.4279 2.1479 78.7654 1.0164 -0.0182 0.0518 67 kawasaki_ninja
Car 0.00 1.00 0 0 0 0 0 0 0 0 1686.49 360.73 1711.28 366.58 1.5488 2.0688 3.9961 150.9622 1.7515 -202.0601 0.6571 0.0031 0.0018 68 mini_cooperst
Car 1.00 1.00 0 0 0 0 0 0 0 0 -1000.00 -1000.00 -1000.00 -1000.00 1.5542 2.3421 5.1370 67.9946 1.6082 -205.4279 -0.0497 0.0027 0.0013 69 lincoln2020_mkz2020
Car 0.00 1.00 0 0 0 0 0 0 0 0 1793.37 359.24 1851.64 374.82 1.9718 2.0005 4.0595 72.5840 1.8827 -113.5238 -1.6561 0.0024 0.0015 70 jeep_wrangler_rubicon
Car 0.00 1.00 0 0 0 0 0 0 0 0 1203.46 361.20 1222.34 366.91 1.7506 2.3538 4.8416 172.9831 2.1284 -80.6741 1.4483 0.0030 0.0016 71 bmw_grandtourer
Car 0.00 1.00 0 0 0 0 0 0 0 0 14.52 362.85 85.03 374.86 2.2031 2.5091 6.5872 107.2286 2.7612 171.9582 3.0429 0.0009 0.0016 72 tesla_cybertruck
Car 1.00 1.00 0 0 0 0 0 0 0 0 -1000.00 -1000.00 -1000.00 -1000.00 1.6244 1.8781 3.8906 -99.0310 -5.9994 8.1577 1.5004 -0.0313 0.0000 73 audi_a2
Car 0.00 1.00 0 0 0 0 0 0 0 0 769.88 362.46 788.59 367.72 1.7203 2.2019 5.4994 185.4285 2.5487 57.8783 1.5559 0.0046 0.0024 74 chargercop2020_chargercop2020
Car 1.00 1.00 0 0 0 0 0 0 0 0 -1000.00 -1000.00 -1000.00 -1000.00 1.6320 2.1403 5.2230 -129.5148 1.2955 -209.8796 -1.4211 -0.0002 -0.0052 75 dodge_charger_police
Car 1.00 1.00 1245 1393 2216 31162 0 0 275 0 -1000.00 -1000.00 -1000.00 -1000.00 1.5140 2.1024 4.9073 4.4811 2.1175 9.1626 1.4809 0.0029 0.0016 76 mercedesccc_mercedesccc
Car 0.00 1.00 0 0 0 0 0 0 0 0 910.03 362.21 916.67 366.66 1.6244 1.8781 3.8906 207.3450 2.4566 15.1122 3.0696 0.0024 0.0005 77 audi_a2
Car 0.00 1.00 0 0 0 0 0 0 0 0 1734.75 361.89 1785.85 374.08 1.6244 1.8781 3.8906 76.3650 1.8896 -110.9618 -1.6699 0.0024 0.0005 78 audi_a2
Car 0.00 1.00 0 0 0 0 0 0 0 0 1025.49 361.39 1039.45 365.62 1.7203 2.2019 5.4994 231.3682 2.3101 -32.3579 1.3025 0.0013 0.0035 79 chargercop2020_chargercop2020
Car 1.00 1.00 0 0 0 0 0 0 0 0 -1000.00 -1000.00 -1000.00 -1000.00 2.1397 2.1728 4.7045 143.3665 1.5410 -263.4650 -0.0946 0.0001 0.0017 80 volkswagen_t2
Car 0.00 1.00 0 0 0 0 0 0 0 0 1001.98 362.36 1014.64 365.85 1.3660 1.9896 4.9534 222.4912 2.3220 -21.5545 -1.7009 0.0027 0.0013 81 mustang_mustang
Car 0.00 1.00 0 0 0 0 0 0 0 0 941.12 363.14 976.54 374.23 1.7203 2.2019 5.4994 88.8376 2.2243 -2.0859 1.5188 0.0027 0.0022 82 chargercop2020_chargercop2020
Car 0.00 1.00 0 0 0 0 0 0 0 0 1226.77 361.02 1236.76 364.45 1.6244 1.8781 3.8906 267.5205 2.1257 -132.8971 -1.6474 0.0033 0.0005 83 audi_a2
Car 0.00 0.75 17 25 35 1120 0 0 6 2 287.40 371.00 383.00 399.26 1.6244 1.8781 3.8906 32.7566 2.2302 33.3891 3.0561 0.0024 0.0005 84 audi_a2
Car 0.00 1.00 0 0 0 0 0 0 0 0 585.99 364.47 608.19 370.19 1.3660 1.9896 4.9534 139.5497 2.5019 88.4058 3.0496 0.0031 0.0016 85 mustang_mustang
Car 1.00 1.00 0 0 1 0 0 0 0 0 -1000.00 -1000.00 -1000.00 -1000.00 1.6244 1.8781 3.8906 -68.4631 -7.0950 128.1515 -2.5265 0.0117 0.0026 86 audi_a2
Car 0.00 1.00 0 0 0 0 0 0 0 0 1448.86 359.83 1468.33 366.32 1.9718 2.0005 4.0595 170.5165 1.9220 -154.6837 1.5083 0.0024 0.0015 87 jeep_wrangler_rubicon
Car 1.00 1.00 0 0 0 0 0 0 0 0 -1000.00 -1000.00 -1000.00 -1000.00 1.9718 2.0005 4.0595 -124.8520 1.6427 -87.2148 -1.6887 0.0024 0.0015 88 jeep_wrangler_rubicon
Car 1.00 1.00 0 0 0 0 0 0 0 0 -1000.00 -1000.00 -1000.00 -1000.00 1.3660 1.9896 4.9534 -73.2020 -6.9678 105.3629 0.8397 -0.0092 0.0012 89 mustang_mustang
Motorcycle 1.00 1.00 29 25 39 179 5 0 0 0 -1000.00 -1000.00 -1000.00 -1000.00 1.6649 1.0692 2.4735 -16.5193 1.8521 -50.4036 -0.2715 0.0097 -0.0024 90 harley_davidson_low_rider
Car 0.00 1.00 0 0 0 0 0 0 0 0 1297.55 360.98 1303.69 364.15 1.5475 1.9070 4.4025 275.3467 2.0391 -170.8107 2.7508 0.0029 0.0016 91 seat_leon
Motorcycle 1.00 1.00 0 0 0 0 0 0 0 0 -1000.00 -1000.00 -1000.00 -1000.00 1.6387 1.2138 2.3199 29.9404 2.3551 94.1637 3.0421 0.0027 0.0016 92 yamaha_yzf
Cyclist 1.00 1.00 0 0 0 0 0 0 0 0 -1000.00 -1000.00 -1000.00 -1000.00 1.9311 0.5921 1.9272 -69.6908 1.3592 -195.3528 -1.3903 -0.0001 0.0002 93 gazelle_omafiets
Car 1.00 1.00 0 0 0 0 0 0 0 0 -1000.00 -1000.00 -1000.00 -1000.00 1.5140 2.1024 4.9073 69.1815 1.6243 -200.6221 -1.6359 0.0028 0.0016 94 mercedesccc_mercedesccc
Car 0.00 1.00 0 0 0 0 0 0 0 0 1123.69 362.25 1133.36 366.99 1.4546 2.0938 4.3903 177.2158 2.1875 -55.7935 3.0480 0.0065 -0.0002 95 audi_tt
Car 1.00 1.00 0 8 6 40 9 0 0 0 -1000.00 -1000.00 -1000.00 -1000.00 2.1397 2.1728 4.7045 6.3699 1.7548 -124.5023 3.0621 0.0028 0.0016 96 volkswagen_t2
Car 1.00 1.00 0 0 0 0 0 0 0 0 -1000.00 -1000.00 -1000.00 -1000.00 1.5140 2.1024 4.9073 -30.1357 1.6823 -124.6123 -0.0860 0.0029 0.0016 97 mercedesccc_mercedesccc
Car 1.00 1.00 0 0 0 0 0 0 0 0 -1000.00 -1000.00 -1000.00 -1000.00 1.4812 2.1349 5.6254 80.0849 2.6957 167.4101 -0.0891 0.0028 0.0016 98 chevrolet_impala
Car 1.00 1.00 0 5 5 31 0 0 0 0 -1000.00 -1000.00 -1000.00 -1000.00 1.5765 1.9374 3.8150 -11.5740 2.2663 94.3788 -0.0986 0.0030 0.0016 99 nissan_micra
Motorcycle 0.00 0.26 40 45 74 1938 0 0 4 4 90.95 376.59 172.44 415.41 1.5853 1.1236 2.1350 23.0935 2.1732 30.6292 3.0568 0.0045 0.0016 100 kawasaki_ninja
Car 0.00 1.00 0 0 0 0 0 0 0 0 1362.28 360.06 1377.30 365.82 1.9476 2.0282 4.8347 191.0011 1.9729 -142.6599 3.0162 0.0025 0.0016 101 nissan_patrol
Car 1.00 1.00 0 0 0 0 0 0 0 0 -1000.00 -1000.00 -1000.00 -1000.00 2.1397 2.1728 4.7045 -105.7346 1.2938 -66.2974 1.4671 -0.0619 0.0024 102 volkswagen_t2
Car 1.00 1.00 0 0 0 0 0 0 0 0 -1000.00 -1000.00 -1000.00 -1000.00 1.3660 1.9896 4.9534 -30.4130 1.6714 -128.1812 -0.0955 0.0030 0.0016 103 mustang_mustang
Car 1.00 1.00 0 0 0 0 0 0 0 0 -1000.00 -1000.00 -1000.00 -1000.00 1.5627 2.2716 5.0314 -47.7779 1.8525 -37.2486 -0.6767 0.0028 0.0033 104 tesla_model3
Car 0.00 1.00 0 0 0 0 0 0 0 0 840.23 363.68 859.38 371.89 1.5542 2.3421 5.1370 112.3557 2.3200 19.8487 -0.1072 0.0005 0.0040 105 lincoln2020_mkz2020
Car 0.00 1.00 0 0 0 0 0 0 0 0 911.21 362.66 925.49 367.99 1.5627 2.2716 5.0314 169.7906 2.3904 10.4137 -0.4024 0.0029 0.0016 106 tesla_model3
Car 1.00 1.00 0 0 0 0 0 0 0 0 -1000.00 -1000.00 -1000.00 -1000.00 1.5765 1.9374 3.8150 70.6218 1.6614 -184.2383 -1.5200 0.0030 0.0009 107 nissan_micra
Cyclist 1.00 1.00 0 0 0 0 0 0 0 0 -1000.00 -1000.00 -1000.00 -1000.00 1.9311 0.5921 1.9272 74.7277 1.7923 -137.5162 -1.5962 0.0000 0.0020 108 gazelle_omafiets
Cyclist 1.00 1.00 0 0 0 0 0 0 0 0 -1000.00 -1000.00 -1000.00 -1000.00 1.9311 0.5921 1.9272 73.0826 -7.4160 142.2382 3.0380 -0.0007 0.0016 109 gazelle_omafiets
Car 0.00 1.00 0 0 0 0 0 0 0 0 1353.82 364.12 1395.00 376.50 1.4546 2.0938 4.3903 70.8050 2.0010 -54.3267 -0.0669 0.0071 0.0019 110 audi_tt
Car 0.68 1.00 0 0 0 0 0 0 0 0 1899.49 358.97 1920.00 373.90 1.9476 2.0282 4.8347 74.8283 1.8195 -131.5649 -1.6033 0.0013 0.0018 111 nissan_patrol
Car 0.00 1.00 0 0 0 0 0 0 0 0 1233.98 363.26 1256.78 371.78 1.4546 2.0938 4.3903 99.3475 2.0448 -52.8159 3.0521 0.0028 0.0016 112 audi_tt
Car 0.00 1.00 0 0 0 0 0 0 0 0 633.17 362.71 650.86 367.84 1.7506 2.3538 4.8416 192.8746 2.6954 107.8058 1.4717 0.0027 0.0012 113 bmw_grandtourer
Car 0.00 1.00 0 0 0 0 0 0 0 0 1294.74 360.26 1312.39 366.94 1.9718 2.0005 4.0595 166.8366 2.0571 -105.0036 -1.5325 0.0022 0.0008 114 jeep_wrangler_rubicon
Motorcycle 1.00 1.00 0 0 0 0 0 0 0 0 -1000.00 -1000.00 -1000.00 -1000.00 1.6387 1.2138 2.3199 41.0736 2.3701 93.2093 3.0553 0.0015 0.0016 115 yamaha_yzf
Car 0.00 1.00 0 0 0 0 0 0 0 0 962.04 361.94 978.90 367.23 1.7203 2.2019 5.4994 183.5624 2.3650 -5.7041 1.5277 0.0027 0.0022 116 chargercop2020_chargercop2020
Car 0.00 1.00 0 0 0 0 0 0 0 0 601.94 364.30 636.48 375.65 1.6980 1.9434 4.1871 86.2157 2.3742 50.1069 -1.6628 0.0028 0.0016 117 citroen_c3
Car 1.00 1.00 0 0 0 0 0 0 0 0 -1000.00 -1000.00 -1000.00 -1000.00 1.5542 2.3421 5.1370 -19.7540 1.2361 -287.4958 3.0418 0.0016 0.0010 118 lincoln2020_mkz2020
Car 0.00 1.00 0 0 0 0 0 0 0 0 794.44 357.77 835.63 376.83 2.5908 2.7453 5.4640 79.4756 2.2855 18.1979 -0.4455 0.0056 0.0016 119 carlamotors_carlacola
Car 0.00 0.99 15 12 16 3703 0 0 10 0 479.53 368.65 552.43 392.82 1.5765 1.9374 3.8150 40.4127 2.2195 29.1858 3.0514 0.0029 0.0016 120 nissan_micra
Car 0.00 1.00 0 0 0 0 0 0 0 0 1242.47 361.42 1248.09 364.51 1.4477 1.5550 2.3177 262.7683 2.1214 -136.9497 -2.0177 -0.0029 0.0016 121 bmw_isetta
Car 1.00 1.00 0 0 0 0 0 0 0 0 -1000.00 -1000.00 -1000.00 -1000.00 1.7173 2.2591 5.2781 46.8300 2.6589 170.4580 -0.0352 -0.0015 -0.0008 122 mercedes_benz_coupe
Car 1.00 1.00 11 12 18 76 5 0 0 0 -1000.00 -1000.00 -1000.00 -1000.00 1.7173 2.2591 5.2781 -16.6597 1.7587 -111.2932 -1.6549 -0.0052 0.0014 123 mercedes_benz_coupe
Car 0.00 1.00 0 0 0 0 0 0 0 0 310.02 365.37 344.91 375.25 1.5765 1.9374 3.8150 94.2229 2.5143 104.0725 -1.6394 0.0120 0.0016 124 nissan_micra
Car 1.00 1.00 0 0 0 0 0 0 0 0 -1000.00 -1000.00 -1000.00 -1000.00 1.6115 2.2019 5.2564 -63.9988 1.9167 -4.1411 -1.5523 0.0027 0.0046 125 charger2020_charger2020
Car 1.00 1.00 0 0 0 0 0 0 0 0 -1000.00 -1000.00 -1000.00 -1000.00 1.9476 2.0282 4.8347 70.9368 2.6641 168.4221 -0.1086 0.0060 0.0016 126 nissan_patrol
Car 1.00 1.00 0 0 0 0 0 0 0 0 -1000.00 -1000.00 -1000.00 -1000.00 1.5140 2.1024 4.9073 -92.4919 -6.6143 70.6802 1.3159 -0.0092 0.0000 127 mercedesccc_mercedesccc
Car 0.00 1.00 0 0 0 0 0 0 0 0 1211.03 360.84 1223.59 364.39 1.7173 2.2591 5.2781 278.5916 2.1639 -131.0677 1.4090 -0.0052 0.0044 128 mercedes_benz_coupe
Car 0.00 1.00 0 0 0 0 0 0 0 0 1009.13 362.59 1027.05 367.29 1.4812 2.1349 5.6254 178.4809 2.3179 -20.8196 1.5056 0.0027 0.0014 129 chevrolet_impala
Car 1.00 1.00 0 0 0 0 0 0 0 0 -1000.00 -1000.00 -1000.00 -1000.00 2.1397 2.1728 4.7045 -115.2201 1.5244 -137.3900 1.4927 0.0028 0.0016 130 volkswagen_t2
Car 0.00 1.00 0 0 0 0 0 0 0 0 174.86 365.44 207.99 374.34 1.6244 1.8781 3.8906 104.4596 2.6507 141.1529 1.4877 0.0019 0.0005 131 audi_a2
Car 1.00 1.00 0 24 29 112 23 0 0 0 -1000.00 -1000.00 -1000.00 -1000.00 1.9476 2.0282 4.8347 -5.9383 1.7086 -125.2591 -0.6116 0.0016 0.0041 132 nissan_patrol
Car 0.00 1.00 0 0 0 0 0 0 0 0 1333.12 360.39 1375.72 373.61 1.9476 2.0282 4.8347 83.9608 2.0070 -61.2059 1.4889 0.0019 0.0015 133 nissan_patrol
Car 1.00 1.00 0 0 0 0 0 0 0 0 -1000.00 -1000.00 -1000.00 -1000.00 1.9476 2.0282 4.8347 -77.3379 -7.0298 120.9799 -2.4115 0.0131 0.0053 134 nissan_patrol
Car 1.00 1.00 11 17 20 87 7 0 0 0 -1000.00 -1000.00 -1000.00 -1000.00 1.7506 2.3538 4.8416 -12.2884 1.7696 -103.0175 -1.6615 0.0028 0.0016 135 bmw_grandtourer
Car 0.00 1.00 0 0 0 0 0 0 0 0 1209.88 360.46 1229.21 370.47 1.9476 2.0282 4.8347 111.4040 2.0427 -53.8823 3.0322 0.0026 0.0016 136 nissan_patrol
Car 1.00 1.00 393 436 695 3539 102 0 0 0 -1000.00 -1000.00 -1000.00 -1000.00 1.7203 2.2019 5.4994 -5.3345 2.0161 -22.5472 -1.6416 0.0027 0.0022 137 chargercop2020_chargercop2020
Car 0.00 1.00 0 0 0 0 0 0 0 0 1256.61 356.48 1296.85 374.26 2.5908 2.7453 5.4640 84.4042 2.0727 -49.8884 -1.0852 0.0025 0.0015 138 carlamotors_carlacola
Car 0.00 1.00 0 0 0 0 0 0 0 0 453.27 363.81 476.73 369.04 1.5863 2.2347 5.1468 175.3362 2.8015 153.3948 -0.6297 0.0028 -0.0015 139 lincoln_mkz2017
Car 1.00 1.00 0 0 0 0 0 0 0 0 -1000.00 -1000.00 -1000.00 -1000.00 1.9718 2.0005 4.0595 38.7518 2.3499 89.4830 -0.0796 0.0021 0.0019 140 jeep_wrangler_rubicon
Car 0.00 1.00 0 0 0 0 0 0 0 0 502.19 364.16 532.63 372.43 1.6011 2.1072 4.7392 112.9015 2.4578 87.0257 3.0520 0.0031 0.0016 141 toyota_prius
Car 0.00 1.00 0 0 0 0 0 0 0 0 648.38 362.79 667.13 368.11 1.7318 2.1344 5.0985 185.5729 2.6761 98.3710 -1.6029 0.0028 0.0016 142 audi_etron
Car 0.00 1.00 0 0 0 0 0 0 0 0 1336.40 359.47 1353.61 365.43 2.2031 2.5091 6.5872 211.4573 2.0144 -148.3626 -0.1083 0.0073 0.0015 143 tesla_cybertruck
Car 0.00 1.00 0 0 0 0 0 0 0 0 726.97 362.66 737.81 367.22 1.5765 1.9374 3.8150 200.1695 2.5569 79.5078 3.0088 0.0157 0.0017 144 nissan_micra
Car 0.00 1.00 0 0 0 0 0 0 0 0 1210.24 363.26 1231.61 371.59 1.4546 2.0938 4.3903 101.5393 2.0577 -49.5127 3.0603 0.0029 0.0016 145 audi_tt
Car 0.00 1.00 0 0 0 0 0 0 0 0 1338.58 361.07 1354.05 364.27 1.4812 2.1349 5.6254 260.5363 1.9887 -183.0960 -1.6560 0.0011 -0.0001 146 chevrolet_impala
Car 0.00 1.00 0 0 0 0 0 0 0 0 423.36 318.46 461.14 329.62 2.2031 2.5091 6.5872 131.8055 -7.3483 119.8037 -0.0613 0.0022 0.0016 147 tesla_cybertruck
Car 1.00 1.00 0 0 0 0 0 0 0 0 -1000.00 -1000.00 -1000.00 -1000.00 1.9718 2.0005 4.0595 68.3147 1.7121 -171.0025 -1.6705 0.0043 0.0015 148 jeep_wrangler_rubicon
Car 0.00 1.00 0 0 0 0 0 0 0 0 1403.47 361.76 1420.86 366.13 1.3660 1.9896 4.9534 180.2866 1.9498 -148.4357 -0.1111 0.0031 0.0016 149 mustang_mustang
Car 0.00 1.00 0 0 0 0 0 0 0 0 1115.13 362.28 1128.00 366.28 1.3660 1.9896 4.9534 195.3002 2.1728 -58.8466 -2.8616 0.0028 0.0016 150 mustang_mustang
Car 1.00 1.00 0 0 0 0 0 0 0 0 -1000.00 -1000.00 -1000.00 -1000.00 2.5908 2.7453 5.4640 -97.3950 1.6241 -115.2956 3.0569 0.0059 0.0016 151 carlamotors_carlacola
Car 0.00 1.00 0 0 0 0 0 0 0 0 221.28 366.17 294.11 380.18 1.5863 2.2347 5.1468 69.0854 2.3793 83.8222 -0.0929 0.0028 0.0016 152 lincoln_mkz2017
Car 0.00 1.00 0 0 0 0 0 0 0 0 778.58 342.13 789.51 345.85 1.7506 2.3538 4.8416 281.8651 -7.2296 86.9073 2.1329 0.0035 0.0019 153 bmw_grandtourer
Cyclist 0.00 1.00 0 0 0 0 0 0 0 0 809.42 361.76 815.81 371.70 1.9709 0.6705 1.7250 112.2316 2.3288 27.3177 3.0471 0.0072 0.0016 154 diamondback_century
Cyclist 1.00 1.00 0 0 0 0 0 0 0 0 -1000.00 -1000.00 -1000.00 -1000.00 1.9311 0.5921 1.9272 72.4430 1.5828 -209.6430 1.4914 -0.0012 0.0017 155 gazelle_omafiets
Motorcycle 0.00 1.00 0 0 0 0 0 0 0 0 425.74 364.24 446.55 374.26 1.6960 1.0692 2.4735 97.7602 2.4515 89.1507 -0.9974 0.0060 0.0024 156 harley_davidson_low_rider
Car 0.00 1.00 0 0 0 0 0 0 0 0 1304.17 359.79 1316.07 364.11 2.1397 2.1728 4.7045 277.6937 2.0383 -176.9844 1.1876 0.0029 0.0016 157 volkswagen_t2
Car 1.00 1.00 0 0 0 0 0 0 0 0 -1000.00 -1000.00 -1000.00 -1000.00 1.5488 2.0688 3.9961 -84.9545 -6.7887 88.9844 1.0756 -0.0093 0.0013 158 mini_cooperst
Cyclist 0.00 1.00 0 0 0 0 0 0 0 0 761.63 361.81 768.01 367.64 1.9311 0.5921 1.9272 185.8489 2.5385 62.8417 1.4891 -0.0012 0.0016 159 gazelle_omafiets
Car 0.00 1.00 0 0 0 0 0 0 0 0 1371.42 361.69 1397.00 366.95 1.4812 2.1349 5.6254 162.1672 1.9936 -125.5407 -1.6615 0.0044 0.0016 160 chevrolet_impala
Car 1.00 1.00 0 0 0 0 0 0 0 0 -1000.00 -1000.00 -1000.00 -1000.00 1.7173 2.2591 5.2781 -119.2213 -6.1949 19.1154 -1.6604 0.0065 0.0013 161 mercedes_benz_coupe
Car 1.00 1.00 0 0 0 0 0 0 0 0 -1000.00 -1000.00 -1000.00 -1000.00 1.9718 2.0005 4.0595 73.7145 1.6424 -198.6976 3.0628 0.0024 0.0016 162 jeep_wrangler_rubicon
Car 1.00 1.00 127 128 215 835 160 0 0 0 -1000.00 -1000.00 -1000.00 -1000.00 1.7506 2.3538 4.8416 1.5746 1.8986 -48.0761 -0.0842 -0.0030 0.0015 163 bmw_grandtourer
Car 1.00 1.00 0 0 0 0 0 0 0 0 -1000.00 -1000.00 -1000.00 -1000.00 1.6115 2.2019 5.2564 24.7723 2.3387 94.5891 3.0746 0.0027 0.0022 164 charger2020_charger2020
Car 1.00 1.00 200 223 360 1692 26 0 0 0 -1000.00 -1000.00 -1000.00 -1000.00 1.6244 1.8781 3.8906 -9.2206 1.9915 -27.0926 -1.6409 0.0024 0.0005 165 audi_a2
Car 1.00 1.00 0 0 0 0 0 0 0 0 -1000.00 -1000.00 -1000.00 -1000.00 1.5475 1.9070 4.4025 33.0752 1.2975 -295.8667 3.0583 0.0027 0.0014 166 seat_leon
Car 0.00 1.00 0 0 0 0 0 0 0 0 528.87 329.88 545.61 335.80 1.5765 1.9374 3.8150 166.5030 -7.3102 123.9408 -0.0655 0.0019 0.0018 167 nissan_micra
Car 1.00 1.00 0 0 0 0 0 0 0 0 -1000.00 -1000.00 -1000.00 -1000.00 1.5863 2.2347 5.1468 -36.9739 1.6654 -127.4748 -0.0899 0.0029 0.0016 168 lincoln_mkz2017
Car 0.00 1.00 0 0 0 0 0 0 0 0 1220.28 361.52 1243.66 371.10 1.7506 2.3538 4.8416 105.3317 2.0427 -53.3679 3.0551 0.0028 0.0016 169 bmw_grandtourer
Car 0.00 0.03 121 122 196 6084 0 0 8 19 215.31 375.00 380.00 406.40 1.4812 2.1349 5.6254 28.4808 2.2234 30.0870 3.0559 0.0028 0.0016 170 chevrolet_impala
Car 0.00 1.00 0 0 0 0 0 0 0 0 832.74 363.04 851.77 367.76 1.4812 2.1349 5.6254 180.0587 2.4812 35.7733 -1.6641 0.0028 0.0016 171 chevrolet_impala
Car 1.00 1.00 5 9 13 108 0 0 9 0 -1000.00 -1000.00 -1000.00 -1000.00 1.6011 2.1072 4.7392 6.5495 2.4157 112.3083 -1.6502 0.0028 0.0016 172 toyota_prius
Car 0.00 1.00 0 0 0 0 0 0 0 0 980.67 361.80 993.53 365.73 1.6115 2.2019 5.2564 230.3890 2.3597 -13.4415 1.5499 0.0028 0.0022 173 charger2020_charger2020
Car 0.00 1.00 0 0 0 0 0 0 0 0 1444.56 361.32 1463.84 366.92 1.5475 1.9070 4.4025 158.3657 1.9331 -142.4836 -0.1183 0.0018 0.0016 174 seat_leon
Car 0.00 1.00 0 0 0 0 0 0 0 0 1671.17 355.86 1726.72 371.03 2.5908 2.7453 5.4640 98.6231 1.8910 -132.2091 3.0307 0.0029 0.0016 175 carlamotors_carlacola
Car 0.00 1.00 0 0 0 0 0 0 0 0 464.01 365.04 502.85 373.46 1.4812 2.1349 5.6254 105.4646 2.4630 87.4530 3.0441 0.0091 0.0016 176 chevrolet_impala
Car 1.00 1.00 0 0 0 0 0 0 0 0 -1000.00 -1000.00 -1000.00 -1000.00 1.9718 2.0005 4.0595 -121.1144 1.5952 -106.0399 -1.4163 0.0025 0.0015 177 jeep_wrangler_rubicon
Car 0.00 1.00 0 0 0 0 0 0 0 0 1261.29 360.79 1272.05 364.39 1.6980 1.9434 4.1871 269.0728 2.0958 -150.5300 0.4651 0.0026 0.0054 178 citroen_c3
Car 0.00 1.00 0 0 0 0 0 0 0 0 908.43 364.28 935.53 374.27 1.5488 2.0688 3.9961 89.1259 2.2378 3.7817 1.4637 0.0028 0.0016 179 mini_cooperst
Motorcycle 0.00 1.00 0 0 0 0 0 0 0 0 799.76 363.21 809.91 372.17 1.6960 1.0692 2.4735 108.1458 2.3249 27.7302 3.0504 0.0058 0.0017 180 harley_davidson_low_rider
Car 0.00 1.00 0 0 0 0 0 0 0 0 668.37 363.60 677.86 368.03 1.4477 1.5550 2.3177 184.9507 2.6512 92.9476 -1.6686 0.0027 0.0016 181 bmw_isetta
Cyclist 0.00 0.98 7 10 18 485 0 0 2 0 464.77 366.60 495.16 390.79 1.7065 0.8593 1.4873 41.4525 2.2013 32.7374 3.0632 0.0088 -0.0010 182 bh_crossbike
Car 1.00 1.00 0 0 0 0 0 0 0 0 -1000.00 -1000.00 -1000.00 -1000.00 1.6011 2.1072 4.7392 -125.9894 1.6002 -100.3840 -1.6739 0.0028 0.0016 183 toyota_prius
Car 1.00 1.00 0 0 0 0 0 0 0 0 -1000.00 -1000.00 -1000.00 -1000.00 1.5488 2.0688 3.9961 83.2575 1.6410 -203.0146 3.0431 0.0029 0.0016 184 mini_cooperst
Car 0.00 1.00 0 0 0 0 0 0 0 0 1579.47 360.02 1595.18 364.07 1.6980 1.9434 4.1871 236.1511 1.7087 -268.3221 -2.2834 0.0025 -0.0020 185 citroen_c3
Car 1.00 1.00 5 5 8 61 0 0 5 0 -1000.00 -1000.00 -1000.00 -1000.00 1.5765 1.9374 3.8150 2.7524 2.3935 111.5950 -1.6426 0.0029 0.0016 186 nissan_micra
Car 0.00 0.83 42 54 88 657 0 0 0 10 589.86 365.05 640.50 384.81 1.7506 2.3538 4.8416 53.9019 2.2539 30.5299 -2.9974 0.0042 0.0022 187 bmw_grandtourer
Car 0.00 1.00 0 0 0 0 0 0 0 0 933.77 362.27 942.01 366.31 1.5488 2.0688 3.9961 218.4665 2.4492 6.4214 -0.2819 0.0010 0.0016 188 mini_cooperst
Car 0.00 1.00 0 0 0 0 0 0 0 0 1300.40 361.11 1310.17 364.76 1.5488 2.0688 3.9961 241.1180 2.0380 -151.7891 -0.1109 0.0027 0.0016 189 mini_cooperst
Car 0.00 1.00 0 0 0 0 0 0 0 0 649.23 363.17 667.13 368.20 1.6011 2.1072 4.7392 181.6226 2.6487 96.0821 -1.6560 0.0029 0.0016 190 toyota_prius
Car 1.00 1.00 0 0 0 0 0 0 0 0 -1000.00 -1000.00 -1000.00 -1000.00 1.3660 1.9896 4.9534 -27.7365 2.2499 93.5166 0.7169 0.0030 0.0012 191 mustang_mustang
Car 0.00 1.00 0 0 0 0 0 0 0 0 1284.46 360.18 1296.49 364.04 1.9476 2.0282 4.8347 282.1317 2.0410 -169.8318 1.4856 0.0025 0.0016 192 nissan_patrol
Pedestrian 0.00 1.00 0 0 0 0 0 0 0 0 1448.57 359.45 1450.94 363.28 1.9158 0.4880 0.7507 278.9496 1.6422 -247.8172 -1.8642 0.0028 0.0016 193 pedestrian_0019
Pedestrian 1.00 1.00 0 0 0 0 0 0 0 0 -1000.00 -1000.00 -1000.00 -1000.00 1.1330 0.4333 0.6667 17.2446 1.6255 -96.8350 2.6002 0.0028 0.0016 194 pedestrian_0010
Pedestrian 0.00 1.00 0 0 0 0 0 0 0 0 925.38 360.81 927.29 365.28 1.9158 0.4880 0.7507 238.9342 2.2624 12.2080 1.4811 0.0028 0.0016 195 pedestrian_0005
Pedestrian 1.00 1.00 0 0 0 0 0 0 0 0 -1000.00 -1000.00 -1000.00 -1000.00 1.9158 0.4880 0.5422 84.2732 2.5373 177.0980 3.0540 0.0028 0.0016 196 pedestrian_0003
Pedestrian 1.00 1.00 0 0 0 0 0 0 0 0 -1000.00 -1000.00 -1000.00 -1000.00 1.9158 0.4880 0.7507 -6.8475 -7.6375 124.3928 -0.0120 0.0028 0.0016 197 pedestrian_0021
Pedestrian 1.00 1.00 0 0 0 0 0 0 0 0 -1000.00 -1000.00 -1000.00 -1000.00 1.9158 0.4880 0.7507 -119.1388 0.9514 -267.0751 2.2886 0.0028 0.0016 198 pedestrian_0003
Pedestrian 0.00 1.00 0 0 0 0 0 0 0 0 1429.69 359.51 1431.44 363.30 1.9158 0.4880 0.4753 281.7076 1.6678 -240.5316 1.5152 0.0028 0.0016 199 pedestrian_0004
Pedestrian 1.00 1.00 7 8 8 41 0 0 0 0 -1000.00 -1000.00 -1000.00 -1000.00 1.9158 0.4880 0.4686 -15.2143 1.7165 -56.0596 1.3574 0.0028 0.0016 200 pedestrian_0022
Pedestrian 0.00 1.00 0 0 0 0 0 0 0 0 1200.28 361.89 1201.68 366.04 1.3390 0.3253 0.2946 180.3818 1.9514 -80.2196 -2.4400 0.0028 0.0016 201 pedestrian_0014
Pedestrian 0.00 1.00 0 0 0 0 0 0 0 0 872.70 361.92 876.00 373.70 1.9158 0.4880 0.4675 91.6819 2.2319 11.7655 0.2446 0.0028 0.0016 202 pedestrian_0022
Pedestrian 1.00 1.00 0 0 0 0 0 0 0 0 -1000.00 -1000.00 -1000.00 -1000.00 1.9158 0.4880 0.5769 60.2916 1.5878 -197.3979 -1.9245 0.0028 0.0016 203 pedestrian_0023
Pedestrian 0.00 1.00 0 0 0 0 0 0 0 0 406.48 365.85 411.20 375.07 1.3390 0.3253 0.3631 81.9445 2.1953 78.2163 3.0718 0.0028 0.0016 204 pedestrian_0012
Pedestrian 1.00 1.00 0 0 0 0 0 0 0 0 -1000.00 -1000.00 -1000.00 -1000.00 1.9158 0.4880 0.3790 -25.4981 1.6632 -122.6800 -1.8673 0.0028 0.0016 205 pedestrian_0019
Pedestrian 1.00 1.00 0 0 0 0 0 0 0 0 -1000.00 -1000.00 -1000.00 -1000.00 1.9158 0.4880 0.7132 -78.6260 1.2669 -166.5266 1.5569 0.0028 0.0016 206 pedestrian_0005
Pedestrian 1.00 1.00 0 1 4 6 0 0 0 0 -1000.00 -1000.00 -1000.00 -1000.00 1.9158 0.4880 0.7507 7.9292 2.3789 164.1715 -2.0102 0.0028 0.0016 207 pedestrian_0026
Pedestrian 0.00 1.00 0 0 0 0 0 0 0 0 859.80 361.00 864.74 375.67 1.9158 0.4880 0.7507 73.8554 2.0478 10.5962 3.1062 0.0028 0.0016 208 pedestrian_0015
Pedestrian 1.00 1.00 0 0 0 0 0 0 0 0 -1000.00 -1000.00 -1000.00 -1000.00 1.3390 0.3253 0.3257 -137.3964 1.3699 -106.1539 -1.6668 0.0028 0.0016 209 pedestrian_0014
Pedestrian 1.00 1.00 0 0 0 0 0 0 0 0 -1000.00 -1000.00 -1000.00 -1000.00 1.9158 0.4880 0.6632 -140.0624 1.3343 -119.9894 1.5158 0.0028 0.0016 210 pedestrian_0016
Pedestrian 0.00 1.00 0 0 0 0 0 0 0 0 1278.04 363.68 1280.92 371.41 1.3390 0.3253 0.2899 97.4077 1.9796 -57.7921 1.7635 0.0028 0.0016 211 pedestrian_0012
Pedestrian 1.00 1.00 1 1 1 5 0 0 0 0 -1000.00 -1000.00 -1000.00 -1000.00 1.1330 0.4333 0.6628 -17.9504 1.6139 -86.5201 -1.7182 0.0028 0.0016 212 pedestrian_0009
Pedestrian 0.00 1.00 0 0 0 0 0 0 0 0 341.15 365.57 345.82 370.06 1.1330 0.4333 0.6667 142.0053 2.5540 154.5628 3.0419 0.0028 0.0016 213 pedestrian_0010
Pedestrian 1.00 1.00 0 0 0 0 0 0 0 0 -1000.00 -1000.00 -1000.00 -1000.00 1.9158 0.4880 0.7158 -109.8822 0.9357 -277.7755 -0.6851 0.0028 0.0016 214 pedestrian_0021
Pedestrian 0.00 1.00 0 0 0 0 0 0 0 0 1273.02 360.43 1277.41 371.58 1.9158 0.4880 0.4407 96.5870 1.9902 -56.5835 1.8187 0.0028 0.0016 215 pedestrian_0018
Pedestrian 0.00 1.00 0 0 0 0 0 0 0 0 1593.32 359.04 1595.03 363.24 1.9158 0.4880 0.4668 254.1297 1.4765 -291.8292 0.8205 0.0028 0.0016 216 pedestrian_0020
Pedestrian 0.00 1.00 0 0 0 0 0 0 0 0 993.39 360.66 997.85 371.93 1.9158 0.4880 0.7507 95.5048 2.0286 -8.3138 1.4955 0.0028 0.0016 217 pedestrian_0017
Pedestrian 0.00 1.00 0 0 0 0 0 0 0 0 1400.95 359.56 1404.02 365.12 1.9158 0.4880 0.7507 192.4319 1.7652 -155.0434 3.0560 0.0028 0.0016 218 pedestrian_0007
Pedestrian 1.00 1.00 1 0 0 6 0 0 0 0 -1000.00 -1000.00 -1000.00 -1000.00 1.1330 0.4333 0.5231 -18.1851 1.5871 -95.9295 1.4834 0.0028 0.0016 219 pedestrian_0010
Pedestrian 1.00 1.00 3 4 8 25 1 0 0 0 -1000.00 -1000.00 -1000.00 -1000.00 1.9158 0.4880 0.5348 6.0348 1.6664 -84.9493 -1.5184 0.0028 0.0016 220 pedestrian_0023
Pedestrian 0.00 1.00 0 0 0 0 0 0 0 0 974.14 360.66 975.42 365.16 1.9158 0.4880 0.5217 237.4035 2.1998 -8.5450 1.5064 0.0028 0.0016 221 pedestrian_0024
Pedestrian 0.00 1.00 0 0 0 0 0 0 0 0 1753.38 360.90 1755.96 364.51 1.1330 0.4333 0.3593 175.6477 1.4178 -252.5939 0.3320 0.0028 0.0016 222 pedestrian_0011
Pedestrian 1.00 1.00 0 0 0 0 0 0 0 0 -1000.00 -1000.00 -1000.00 -1000.00 1.9158 0.4880 0.6445 -88.3216 0.9236 -293.9348 -0.6425 0.0028 0.0016 223 pedestrian_0016
Pedestrian 0.00 1.00 0 0 0 0 0 0 0 0 346.30 321.72 351.34 329.71 1.9158 0.4880 0.6725 137.1777 -7.4614 147.8826 3.0427 0.0028 0.0016 224 pedestrian_0017
Pedestrian 1.00 1.00 0 0 0 16 0 0 0 0 -1000.00 -1000.00 -1000.00 -1000.00 1.9158 0.4880 0.6313 -77.8732 -6.9777 85.3153 -2.1043 0.0028 0.0016 225 pedestrian_0001
Pedestrian 0.00 1.00 0 0 0 0 0 0 0 0 1698.89 358.66 1708.15 371.03 1.9158 0.4880 0.7507 87.0929 1.7082 -117.6842 1.5074 0.0028 0.0016 226 pedestrian_0003
Pedestrian 0.00 1.00 0 0 0 0 0 0 0 0 897.13 361.38 899.14 366.24 1.9158 0.4880 0.7507 220.2706 2.4643 22.2301 1.5989 0.0028 0.0016 227 pedestrian_0007
Pedestrian 0.00 1.00 0 0 0 0 0 0 0 0 1214.79 362.48 1217.49 366.03 1.1330 0.4333 0.6667 179.3496 1.9347 -84.6460 -1.5973 0.0028 0.0016 228 pedestrian_0010
Pedestrian 1.00 1.00 0 0 0 0 0 0 0 0 -1000.00 -1000.00 -1000.00 -1000.00 1.1330 0.4333 0.5847 28.0171 1.6163 -108.3170 -0.7639 0.0028 0.0016 229 pedestrian_0010
Pedestrian 0.00 1.00 0 0 0 0 0 0 0 0 704.45 366.15 708.04 374.92 1.3390 0.3253 0.4405 86.1336 2.2856 36.7190 3.0602 0.0028 0.0016 230 pedestrian_0013
Pedestrian 1.00 1.00 0 0 0 0 0 0 0 0 -1000.00 -1000.00 -1000.00 -1000.00 1.3390 0.3253 0.3690 -68.4232 1.7896 21.9365 -1.9330 0.0028 0.0016 231 pedestrian_0013
Pedestrian 0.00 1.00 0 0 0 0 0 0 0 0 1172.65 360.14 1178.10 371.61 1.9158 0.4880 0.7507 93.9348 1.9408 -38.3425 -1.7051 0.0028 0.0016 232 pedestrian_0020
Pedestrian 0.00 1.00 0 0 0 0 0 0 0 0 519.83 362.84 526.24 373.83 1.9158 0.4880 0.7320 98.4131 2.4186 74.5245 -0.2453 0.0028 0.0016 233 pedestrian_0021
Pedestrian 1.00 1.00 0 0 0 0 0 0 0 0 -1000.00 -1000.00 -1000.00 -1000.00 1.1330 0.4333 0.3972 60.6686 1.4371 -192.9948 1.2750 0.0028 0.0016 234 pedestrian_0009
Pedestrian 0.00 1.00 0 0 0 0 0 0 0 0 267.86 362.70 274.73 375.14 1.9158 0.4880 0.4682 86.8143 2.3363 104.3422 -1.6964 0.0028 0.0016 235 pedestrian_0006
Pedestrian 1.00 1.00 0 0 0 0 0 0 0 0 -1000.00 -1000.00 -1000.00 -1000.00 1.1330 0.4333 0.5654 74.2344 1.5351 -214.9972 -0.0555 0.0028 0.0016 236 pedestrian_0009
Pedestrian 0.00 1.00 0 0 0 0 0 0 0 0 1199.51 360.61 1201.46 366.58 1.9158 0.4880 0.6061 179.1873 2.1121 -79.5407 2.5878 0.0028 0.0016 237 pedestrian_0026
Pedestrian 1.00 1.00 0 0 0 0 0 0 0 0 -1000.00 -1000.00 -1000.00 -1000.00 1.9158 0.4880 0.5512 -68.6111 1.5785 -128.3240 -3.0895 0.0028 0.0016 238 pedestrian_0021
Pedestrian 1.00 1.00 2 1 3 3 0 0 0 0 -1000.00 -1000.00 -1000.00 -1000.00 1.3390 0.3253 0.2502 -19.7062 1.6882 -114.1880 2.6746 0.0028 0.0016 239 pedestrian_0012
Pedestrian 1.00 1.00 0 0 0 0 0 0 0 0 -1000.00 -1000.00 -1000.00 -1000.00 1.9158 0.4880 0.7507 179.9983 1.2592 -327.5779 -0.1277 0.0028 0.0016 240 pedestrian_0020
Pedestrian 0.00 1.00 0 0 0 0 0 0 0 0 1043.19 345.96 1044.48 348.08 1.1330 0.4333 0.6667 300.2872 -6.4412 -47.5084 -1.6817 0.0028 0.0016 241 pedestrian_0011
Pedestrian 1.00 1.00 0 0 0 0 0 0 0 0 -1000.00 -1000.00 -1000.00 -1000.00 1.9158 0.4880 0.7507 83.5851 1.5591 -168.1020 1.4910 0.0028 0.0016 242 pedestrian_0002
Pedestrian 0.00 1.00 0 0 0 0 0 0 0 0 1429.57 363.68 1433.60 374.13 1.3390 0.3253 0.2935 72.3916 1.8140 -62.9562 -1.9070 0.0028 0.0016 243 pedestrian_0014
Pedestrian 1.00 1.00 0 0 0 0 0 0 0 0 -1000.00 -1000.00 -1000.00 -1000.00 1.9158 0.4880 0.7507 61.0167 1.4246 -247.4219 -3.0937 0.0028 0.0016 244 pedestrian_0006
Pedestrian 0.00 1.00 0 0 0 0 0 0 0 0 848.79 342.72 850.07 346.27 1.9158 0.4880 0.6392 302.1691 -7.4652 57.8299 -1.3081 0.0028 0.0016 245 pedestrian_0020
Pedestrian 1.00 1.00 2 2 3 48 0 0 3 0 -1000.00 -1000.00 -1000.00 -1000.00 1.9158 0.4880 0.5623 -5.3558 2.0978 72.8170 -1.6135 0.0028 0.0016 246 pedestrian_0022
Pedestrian 0.00 1.00 0 0 0 0 0 0 0 0 547.96 361.90 555.17 375.00 1.9158 0.4880 0.7025 82.3993 2.1953 57.7154 1.4963 0.0028 0.0016 247 pedestrian_0002
Pedestrian 1.00 1.00 0 0 0 0 0 0 0 0 -1000.00 -1000.00 -1000.00 -1000.00 1.9158 0.4880 0.7483 -47.2772 1.7746 -0.7395 -1.9127 0.0028 0.0016 248 pedestrian_0022
Pedestrian 1.00 1.00 2 1 1 5 0 0 0 0 -1000.00 -1000.00 -1000.00 -1000.00 1.9158 0.4880 0.3754 -21.3632 1.6903 -115.4581 1.5029 0.0028 0.0016 249 pedestrian_0006
Pedestrian 0.00 1.00 0 0 0 0 0 0 0 0 1163.38 360.53 1165.36 366.38 1.9158 0.4880 0.4008 183.1740 2.0925 -69.4043 -1.3386 0.0028 0.0016 250 pedestrian_0019
Pedestrian 1.00 1.00 0 0 0 0 0 0 0 0 -1000.00 -1000.00 -1000.00 -1000.00 1.9158 0.4880 0.4873 -73.9745 1.3866 -129.9336 1.2465 0.0028 0.0016 251 pedestrian_0018
Pedestrian 1.00 1.00 0 0 0 0 0 0 0 0 -1000.00 -1000.00 -1000.00 -1000.00 1.9158 0.4880 0.7507 -38.1655 0.9577 -310.2996 -0.1061 0.0028 0.0016 252 pedestrian_0007
Pedestrian 1.00 1.00 4 3 4 40 0 0 3 0 -1000.00 -1000.00 -1000.00 -1000.00 1.9158 0.4880 0.6596 3.4546 2.2935 82.9722 0.0861 0.0028 0.0016 253 pedestrian_0008
Pedestrian 1.00 1.00 0 0 0 0 0 0 0 0 -1000.00 -1000.00 -1000.00 -1000.00 1.9158 0.4880 0.5200 17.8247 1.0312 -315.8672 -0.0901 0.0028 0.0016 254 pedestrian_0022
Pedestrian 1.00 1.00 0 0 0 0 0 0 0 0 -1000.00 -1000.00 -1000.00 -1000.00 1.9158 0.4880 0.5886 -138.9578 1.3548 -113.3848 -1.5927 0.0028 0.0016 255 pedestrian_0024
Pedestrian 0.00 0.04 22 25 43 284 0 0 0 6 748.06 389.10 769.81 430.90 1.1330 0.4333 0.4395 16.2597 1.9135 3.2901 -2.1858 0.0028 0.0016 256 pedestrian_0011
Pedestrian 0.00 1.00 0 0 0 0 0 0 0 0 915.32 360.92 917.85 368.71 1.9158 0.4880 0.7507 137.7427 2.1436 8.4656 3.0340 0.0028 0.0016 257 pedestrian_0006
Pedestrian 0.00 1.00 0 0 0 0 0 0 0 0 686.47 361.99 689.17 367.82 1.9158 0.4880 0.7507 183.8317 2.5725 87.5228 3.0778 0.0028 0.0016 258 pedestrian_0005
Pedestrian 0.00 1.00 0 0 0 0 0 0 0 0 1151.56 360.56 1154.30 366.37 1.9158 0.4880 0.7507 184.2715 2.1031 -66.0224 1.4997 0.0028 0.0016 259 pedestrian_0003
Pedestrian 1.00 1.00 0 0 0 0 0 0 0 0 -1000.00 -1000.00 -1000.00 -1000.00 1.9158 0.4880 0.7455 -89.7787 -6.3624 17.3412 -1.6540 0.0028 0.0016 260 pedestrian_0001
Pedestrian 0.00 1.00 0 0 0 0 0 0 0 0 1069.09 362.22 1070.63 366.26 1.3390 0.3253 0.5005 185.0061 2.0773 -38.7058 1.3738 0.0028 0.0016 261 pedestrian_0014
Pedestrian 0.00 1.00 0 0 0 0 0 0 0 0 1732.45 358.57 1740.92 369.13 1.9158 0.4880 0.7507 102.0480 1.6567 -143.7888 0.0321 0.0028 0.0016 262 pedestrian_0020
Pedestrian 1.00 1.00 0 0 0 0 0 0 0 0 -1000.00 -1000.00 -1000.00 -1000.00 1.9158 0.4880 0.5989 77.4015 1.3590 -227.9905 1.6056 0.0028 0.0016 263 pedestrian_0025
Pedestrian 1.00 1.00 0 1 2 8 0 0 0 0 -1000.00 -1000.00 -1000.00 -1000.00 1.9158 0.4880 0.4236 -19.8298 1.5614 -108.0663 -0.7281 0.0028 0.0016 264 pedestrian_0026
Pedestrian 0.00 1.00 0 0 0 0 0 0 0 0 1423.96 359.52 1426.26 363.30 1.9158 0.4880 0.7507 282.7212 1.6742 -238.6204 1.4379 0.0028 0.0016 265 pedestrian_0025
Pedestrian 0.00 1.00 0 0 0 0 0 0 0 0 1172.24 361.95 1173.60 366.06 1.3390 0.3253 0.2502 182.2021 1.9780 -71.8389 -2.9227 0.0028 0.0016 266 pedestrian_0013
Pedestrian 0.00 1.00 0 0 0 0 0 0 0 0 874.26 361.06 875.72 366.59 1.9158 0.4880 0.3820 193.4044 2.2857 27.2625 1.4529 0.0028 0.0016 267 pedestrian_0015
Pedestrian 0.00 1.00 0 0 0 0 0 0 0 0 732.63 361.45 734.60 367.67 1.9158 0.4880 0.3941 172.3191 2.3666 67.7167 0.1890 0.0028 0.0016 268 pedestrian_0021
Pedestrian 1.00 1.00 0 0 0 0 0 0 0 0 -1000.00 -1000.00 -1000.00 -1000.00 1.1330 0.4333 0.4221 -142.8719 1.1886 -166.3404 -1.6561 0.0028 0.0016 269 pedestrian_0010
Pedestrian 0.43 0.01 37 35 64 3073 0 0 7 6 -2.90 365.08 31.90 473.31 1.9158 0.4880 0.4978 10.8439 1.9602 14.6603 1.6089 0.0028 0.0016 270 pedestrian_0023
Pedestrian 1.00 1.00 0 0 0 0 0 0 0 0 -1000.00 -1000.00 -1000.00 -1000.00 1.3390 0.3253 0.5005 -4.3377 1.1152 -257.6587 3.0302 0.0028 0.0016 271 pedestrian_0013
Pedestrian 0.00 1.00 0 0 0 0 0 0 0 0 1357.66 359.71 1359.49 363.44 1.9158 0.4880 0.5810 286.4579 1.7685 -207.4963 -1.5540 0.0028 0.0016 272 pedestrian_0016
Pedestrian 0.00 1.00 0 0 0 0 0 0 0 0 1621.99 360.88 1624.92 365.49 1.3390 0.3253 0.5005 162.2975 1.5956 -195.2771 -2.2981 0.0028 0.0016 273 pedestrian_0014
Pedestrian 0.00 1.00 0 0 0 0 0 0 0 0 955.95 360.71 957.46 365.21 1.9158 0.4880 0.6076 237.6610 2.2209 -0.8353 1.5049 0.0028 0.0016 274 pedestrian_0019
Pedestrian 1.00 1.00 0 0 0 0 0 0 0 0 -1000.00 -1000.00 -1000.00 -1000.00 1.3390 0.3253 0.5004 78.0440 1.2265 -264.3503 -0.1255 0.0028 0.0016 275 pedestrian_0013
Pedestrian 0.00 1.00 0 0 0 0 0 0 0 0 1564.16 359.07 1568.23 367.05 1.9158 0.4880 0.4388 134.3607 1.6936 -148.0634 2.9609 0.0028 0.0016 276 pedestrian_0023
Pedestrian 1.00 1.00 0 0 0 3 0 0 0 0 -1000.00 -1000.00 -1000.00 -1000.00 1.1330 0.4333 0.6667 0.5101 1.6702 -77.1752 -1.6779 0.0028 0.0016 277 pedestrian_0011
Pedestrian 0.00 1.00 0 0 0 0 0 0 0 0 1134.30 362.26 1136.04 367.39 1.3390 0.3253 0.5005 146.4021 1.9331 -48.1847 -0.0710 0.0028 0.0016 278 pedestrian_0012
Pedestrian 0.00 1.00 0 0 0 0 0 0 0 0 799.05 339.63 800.54 343.82 1.9158 0.4880 0.5284 257.3625 -7.4942 71.8463 -0.9834 0.0028 0.0016 279 pedestrian_0015
Pedestrian 0.00 1.00 0 0 0 0 0 0 0 0 874.86 361.06 876.76 366.61 1.9158 0.4880 0.4491 192.7161 2.2835 26.8747 2.3109 0.0028 0.0016 280 pedestrian_0017
Pedestrian 1.00 1.00 0 0 0 0 0 0 0 0 -1000.00 -1000.00 -1000.00 -1000.00 1.9158 0.4880 0.7507 87.4277 -7.5266 152.0264 -0.1130 0.0028 0.0016 281 pedestrian_0005
Pedestrian 0.00 1.00 0 0 0 0 0 0 0 0 935.73 363.15 936.81 365.98 1.1330 0.4333 0.3593 224.3712 2.4044 7.3202 -1.3575 0.0028 0.0016 282 pedestrian_0009
Pedestrian 1.00 1.00 0 0 0 0 0 0 0 0 -1000.00 -1000.00 -1000.00 -1000.00 1.1330 0.4333 0.5328 -64.6085 1.0979 -230.3892 -0.3202 0.0028 0.0016 283 pedestrian_0009
Pedestrian 0.00 1.00 0 0 0 0 0 0 0 0 293.07 366.68 297.91 372.65 1.1330 0.4333 0.4160 107.0566 2.4139 124.8682 -1.6892 0.0028 0.0016 284 pedestrian_0009
Pedestrian 1.00 1.00 10 8 12 137 0 0 2 0 -1000.00 -1000.00 -1000.00 -1000.00 1.9158 0.4880 0.5818 -6.7794 2.0495 43.3151 0.5720 0.0028 0.0016 285 pedestrian_0024
Pedestrian 0.00 1.00 0 0 0 0 0 0 0 0 1273.91 359.92 1277.13 365.91 1.9158 0.4880 0.7507 178.6045 1.8907 -103.3300 -1.6306 0.0028 0.0016 286 pedestrian_0023
Pedestrian 1.00 1.00 0 0 0 0 0 0 0 0 -1000.00 -1000.00 -1000.00 -1000.00 1.9158 0.4880 0.3754 -27.4003 1.4817 -131.6233 0.6395 0.0028 0.0016 287 pedestrian_0015
Pedestrian 0.00 1.00 0 0 0 0 0 0 0 0 908.04 340.27 909.62 344.26 1.9158 0.4880 0.6932 269.3947 -7.6272 22.5336 1.5124 0.0028 0.0016 288 pedestrian_0025
Pedestrian 1.00 1.00 0 0 0 0 0 0 0 0 -1000.00 -1000.00 -1000.00 -1000.00 1.1330 0.4333 0.4461 -87.3190 -7.1998 131.7839 -2.5398 0.0028 0.0016 289 pedestrian_0009
Pedestrian 0.00 1.00 0 0 0 0 0 0 0 0 575.50 361.90 578.86 367.85 1.9158 0.4880 0.7507 180.3004 2.5327 121.5720 -1.6602 0.0028 0.0016 290 pedestrian_0019
Pedestrian 1.00 1.00 0 0 0 0 0 0 0 0 -1000.00 -1000.00 -1000.00 -1000.00 1.9158 0.4880 0.3754 -26.7024 1.4827 -131.8470 0.3297 0.0028 0.0016 291 pedestrian_0007
Pedestrian 1.00 1.00 0 0 0 0 0 0 0 0 -1000.00 -1000.00 -1000.00 -1000.00 1.9158 0.4880 0.7507 28.4544 1.0421 -317.5005 -0.0605 0.0028 0.0016 292 pedestrian_0021
Pedestrian 0.00 1.00 0 0 0 0 0 0 0 0 1765.57 363.01 1771.22 371.53 1.3390 0.3253 0.4348 88.5867 1.8161 -129.9389 -1.5077 0.0028 0.0016 293 pedestrian_0014
Pedestrian 1.00 1.00 0 0 0 0 0 0 0 0 -1000.00 -1000.00 -1000.00 -1000.00 1.9158 0.4880 0.7475 -126.1455 -6.4873 30.3292 1.4686 0.0028 0.0016 294 pedestrian_0002
Pedestrian 1.00 1.00 5 7 14 56 2 0 0 0 -1000.00 -1000.00 -1000.00 -1000.00 1.9158 0.4880 0.5053 -14.9277 1.8664 -48.1327 -1.0995 0.0028 0.0016 295 pedestrian_0026
Pedestrian 0.00 1.00 0 0 0 0 0 0 0 0 543.01 361.72 547.71 370.11 1.9158 0.4880 0.7301 128.1918 2.3127 92.8816 -0.1209 0.0028 0.0016 296 pedestrian_0020
Pedestrian 1.00 1.00 3 4 5 26 0 0 1 0 -1000.00 -1000.00 -1000.00 -1000.00 1.9158 0.4880 0.6216 16.3546 2.1388 75.0989 1.4326 0.0028 0.0016 297 pedestrian_0016
Pedestrian 1.00 1.00 0 0 0 0 0 0 0 0 -1000.00 -1000.00 -1000.00 -1000.00 1.9158 0.4880 0.7507 -61.4642 1.2967 -166.2911 1.5299 0.0028 0.0016 298 pedestrian_0024
Pedestrian 0.00 1.00 0 0 0 0 0 0 0 0 506.65 322.36 510.87 330.13 1.9158 0.4880 0.6736 140.8976 -7.5571 111.6213 -0.0922 0.0028 0.0016 299 pedestrian_0001
Pedestrian 1.00 1.00 0 0 0 0 0 0 0 0 -1000.00 -1000.00 -1000.00 -1000.00 1.9158 0.4880 0.7507 -60.9149 1.2952 -167.0043 1.5696 0.0028 0.0016 300 pedestrian_0025
Pedestrian 0.00 1.00 0 0 0 0 0 0 0 0 1423.80 359.81 1426.55 366.68 1.9158 0.4880 0.3869 155.8905 1.8627 -132.2092 2.1153 0.0028 0.0016 301 pedestrian_0016
Pedestrian 0.00 1.00 0 0 0 0 0 0 0 0 1767.26 358.40 1771.23 364.58 1.9158 0.4880 0.5249 173.3108 1.4204 -253.7725 0.0878 0.0028 0.0016 302 pedestrian_0006
Pedestrian 1.00 1.00 0 0 0 0 0 0 0 0 -1000.00 -1000.00 -1000.00 -1000.00 1.3390 0.3253 0.4096 -59.5570 1.3404 -149.0955 -1.6795 0.0028 0.0016 303 pedestrian_0012
Pedestrian 1.00 1.00 0 0 0 0 0 0 0 0 -1000.00 -1000.00 -1000.00 -1000.00 1.9158 0.4880 0.7022 177.7685 1.2556 -327.1413 0.0544 0.0028 0.0016 304 pedestrian_0024
Pedestrian 1.00 1.00 0 0 0 0 0 0 0 0 -1000.00 -1000.00 -1000.00 -1000.00 1.3390 0.3253 0.5005 -136.4491 0.9989 -237.6757 1.9581 0.0028 0.0016 305 pedestrian_0013
Pedestrian 1.00 1.00 0 0 0 0 0 0 0 0 -1000.00 -1000.00 -1000.00 -1000.00 1.1330 0.4333 0.5292 82.3913 1.1077 -322.0593 3.0679 0.0028 0.0016 306 pedestrian_0011
Pedestrian 0.00 1.00 0 0 0 0 0 0 0 0 976.94 360.76 979.56 367.11 1.9158 0.4880 0.7404 168.9673 2.1489 -7.7744 -1.7053 0.0028 0.0016 307 pedestrian_0024
Pedestrian 1.00 1.00 0 0 0 0 0 0 0 0 -1000.00 -1000.00 -1000.00 -1000.00 1.9158 0.4880 0.3877 -2.2684 0.9974 -316.4961 -0.0951 0.0028 0.0016 308 pedestrian_0004
Pedestrian 1.00 1.00 11 17 23 94 3 0 0 0 -1000.00 -1000.00 -1000.00 -1000.00 1.9158 0.4880 0.7167 -15.0014 1.8665 -37.4989 -1.6554 0.0028 0.0016 309 pedestrian_0019
Pedestrian 1.00 1.00 0 0 0 0 0 0 0 0 -1000.00 -1000.00 -1000.00 -1000.00 1.3390 0.3253 0.5005 64.0569 1.5244 -166.1048 -1.6911 0.0028 0.0016 310 pedestrian_0012
Pedestrian 0.00 1.00 0 0 0 0 0 0 0 0 1167.99 360.16 1169.75 366.01 1.9158 0.4880 0.4072 182.8196 1.9681 -70.7491 -0.4848 0.0028 0.0016 311 pedestrian_0022
Pedestrian 0.00 1.00 0 0 0 0 0 0 0 0 1110.49 360.38 1112.65 366.91 1.9158 0.4880 0.5298 164.0386 2.0285 -46.8199 -1.6706 0.0028 0.0016 312 pedestrian_0018
Pedestrian 1.00 1.00 0 0 0 0 0 0 0 0 -1000.00 -1000.00 -1000.00 -1000.00 1.9158 0.4880 0.4688 -10.2899 2.0758 70.8771 3.0735 0.0028 0.0016 313 pedestrian_0022
Pedestrian 0.00 1.00 0 0 0 0 0 0 0 0 1022.82 360.63 1024.56 367.01 1.9158 0.4880 0.3891 167.8174 2.1067 -21.4068 1.1495 0.0028 0.0016 314 pedestrian_0005
Pedestrian 0.00 1.00 0 0 0 0 0 0 0 0 1267.69 359.58 1272.15 374.28 1.9158 0.4880 0.4661 73.5824 1.8620 -42.8092 -2.0043 0.0028 0.0016 315 pedestrian_0018
Pedestrian 1.00 1.00 0 0 0 0 0 0 0 0 -1000.00 -1000.00 -1000.00 -1000.00 1.9158 0.4880 0.6345 -86.6743 0.9230 -295.2554 2.8167 0.0028 0.0016 316 pedestrian_0024
Pedestrian 0.00 1.00 0 0 0 0 0 0 0 0 1834.09 358.20 1838.58 364.87 1.9158 0.4880 0.4937 160.5570 1.3998 -254.4602 -0.1053 0.0028 0.0016 317 pedestrian_0002
Pedestrian 0.00 1.00 0 0 0 0 0 0 0 0 1687.78 361.60 1691.75 368.46 1.3390 0.3253 0.3342 109.6034 1.6539 -145.1907 3.0372 0.0028 0.0016 318 pedestrian_0013
Pedestrian 0.00 1.00 0 0 0 0 0 0 0 0 222.00 362.26 235.34 379.63 1.9158 0.4880 0.7507 62.6375 2.1689 79.0389 3.0525 0.0028 0.0016 319 pedestrian_0018
Pedestrian 0.00 1.00 0 0 0 0 0 0 0 0 1058.00 360.42 1059.80 365.05 1.9158 0.4880 0.5848 230.8278 2.0896 -43.2487 -2.1275 0.0028 0.0016 320 pedestrian_0006
Pedestrian 1.00 1.00 0 0 0 0 0 0 0 0 -1000.00 -1000.00 -1000.00 -1000.00 1.9158 0.4880 0.7507 159.0064 1.2242 -327.7065 -0.0007 0.0028 0.0016 321 pedestrian_0021
Pedestrian 0.00 1.00 0 0 0 0 0 0 0 0 454.49 367.24 459.51 374.77 1.1330 0.4333 0.3927 85.1729 2.2349 74.1155 1.7394 0.0028 0.0016 322 pedestrian_0010
Pedestrian 1.00 1.00 8 11 15 153 0 0 3 0 -1000.00 -1000.00 -1000.00 -1000.00 1.9158 0.4880 0.5351 -8.9033 2.0077 42.9248 -2.6777 0.0028 0.0016 323 pedestrian_0022
Pedestrian 0.00 1.00 0 0 0 0 0 0 0 0 711.39 362.51 718.20 376.29 1.9158 0.4880 0.7507 78.5840 2.2687 32.0656 1.1620 0.0028 0.0016 324 pedestrian_0015
Pedestrian 1.00 1.00 10 10 15 42 2 0 0 0 -1000.00 -1000.00 -1000.00 -1000.00 1.9158 0.4880 0.3754 -15.5663 1.7197 -54.8241 1.4431 0.0028 0.0016 325 pedestrian_0005
Pedestrian 0.00 1.00 0 0 0 0 0 0 0 0 574.35 335.23 576.87 340.41 1.9158 0.4880 0.6192 208.9885 -7.3622 141.9756 -0.0862 0.0028 0.0016 326 pedestrian_0006
Pedestrian 0.00 1.00 0 0 0 0 0 0 0 0 1769.39 358.49 1775.33 366.72 1.9158 0.4880 0.7507 130.6129 1.5647 -192.1597 0.5296 0.0028 0.0016 327 pedestrian_0002
Pedestrian 0.00 1.00 0 0 0 0 0 0 0 0 1534.92 359.16 1539.52 366.83 1.9158 0.4880 0.6570 139.9236 1.7058 -146.8836 -0.1059 0.0028 0.0016 328 pedestrian_0015
Pedestrian 1.00 1.00 0 0 0 0 0 0 0 0 -1000.00 -1000.00 -1000.00 -1000.00 1.9158 0.4880 0.7507 -144.7980 1.1284 -190.0044 -1.6156 0.0028 0.0016 329 pedestrian_0005
Pedestrian 1.00 1.00 0 0 0 0 0 0 0 0 -1000.00 -1000.00 -1000.00 -1000.00 1.1330 0.4333 0.6440 183.2010 1.2543 -326.6267 0.1011 0.0028 0.0016 330 pedestrian_0010
Pedestrian 0.00 1.00 0 0 0 0 0 0 0 0 1010.54 360.60 1014.65 371.80 1.9158 0.4880 0.6798 96.2832 2.0214 -11.2837 -1.6942 0.0028 0.0016 331 pedestrian_0001
Pedestrian 1.00 1.00 0 0 0 1 0 0 0 0 -1000.00 -1000.00 -1000.00 -1000.00 1.9158 0.4880 0.3776 5.1130 1.5254 -134.7409 -0.6925 0.0028 0.0016 332 pedestrian_0017
Pedestrian 0.00 1.00 0 0 0 0 0 0 0 0 625.11 361.68 631.08 374.99 1.9158 0.4880 0.5784 81.1375 2.1592 45.7253 1.6298 0.0028 0.0016 333 pedestrian_0023
Pedestrian 1.00 1.00 0 0 0 0 0 0 0 0 -1000.00 -1000.00 -1000.00 -1000.00 1.3390 0.3253 0.3902 -52.5693 1.4356 -131.0035 -0.0655 0.0028 0.0016 334 pedestrian_0013
Pedestrian 0.00 1.00 0 0 0 0 0 0 0 0 1336.46 359.03 1346.16 378.34 1.9158 0.4880 0.7507 56.4321 1.8199 -40.3504 -0.0834 0.0028 0.0016 335 pedestrian_0019
Pedestrian 1.00 1.00 0 0 0 0 0 0 0 0 -1000.00 -1000.00 -1000.00 -1000.00 1.9158 0.4880 0.7069 -27.8639 1.4715 -134.5721 -0.1197 0.0028 0.0016 336 pedestrian_0017
Pedestrian 1.00 1.00 0 0 0 0 0 0 0 0 -1000.00 -1000.00 -1000.00 -1000.00 1.9158 0.4880 0.5600 180.5169 1.2563 -327.9604 -2.7119 0.0028 0.0016 337 pedestrian_0025
Pedestrian 0.00 1.00 0 0 0 0 0 0 0 0 759.94 341.65 761.77 345.48 1.9158 0.4880 0.7507 282.1822 -7.3769 98.7755 2.2715 0.0028 0.0016 338 pedestrian_0006
Pedestrian 0.00 1.00 0 0 0 0 0 0 0 0 853.26 341.87 854.63 344.27 1.1330 0.4333 0.6097 267.0568 -7.5587 48.6608 -1.3105 0.0028 0.0016 339 pedestrian_0011
Pedestrian 0.00 1.00 0 0 0 0 0 0 0 0 777.25 363.26 779.06 366.31 1.1330 0.4333 0.5612 208.0040 2.3512 65.6607 -0.1516 0.0028 0.0016 340 pedestrian_0011
Pedestrian 0.00 1.00 0 0 0 0 0 0 0 0 627.22 363.54 628.85 367.75 1.3390 0.3253 0.2978 177.8952 2.4716 103.6863 -1.9063 0.0028 0.0016 341 pedestrian_0013
Pedestrian 0.00 1.00 0 0 0 0 0 0 0 0 30.51 363.41 34.61 373.44 1.9158 0.4880 0.3844 107.2829 2.5705 175.5448 2.5636 0.0028 0.0016 342 pedestrian_0007
Pedestrian 0.00 1.00 0 0 0 0 0 0 0 0 1301.03 359.65 1305.42 367.68 1.9158 0.4880 0.7507 133.6893 1.8344 -84.3896 -1.6984 0.0028 0.0016 343 pedestrian_0021
Pedestrian 0.00 1.00 0 0 0 0 0 0 0 0 857.32 344.17 858.49 346.27 1.1330 0.4333 0.5921 303.1357 -7.4887 53.4051 -1.3272 0.0028 0.0016 344 pedestrian_0010
Pedestrian 0.00 1.00 0 0 0 0 0 0 0 0 1547.90 358.65 1556.58 374.44 1.9158 0.4880 0.5388 68.5987 1.7532 -74.4372 -1.8200 0.0028 0.0016 345 pedestrian_0021
Pedestrian 0.00 0.03 12 17 30 1338 0 0 3 4 79.64 391.14 117.12 453.85 1.3390 0.3253 0.3026 12.9960 1.9587 16.3534 0.1484 0.0028 0.0016 346 pedestrian_0014
Pedestrian 0.00 1.00 0 0 0 0 0 0 0 0 1168.06 360.64 1169.71 366.55 1.9158 0.4880 0.3952 181.1562 2.1264 -70.1260 -0.3825 0.0028 0.0016 347 pedestrian_0023
Pedestrian 1.00 1.00 0 0 0 0 0 0 0 0 -1000.00 -1000.00 -1000.00 -1000.00 1.9158 0.4880 0.5075 19.3149 1.4018 -187.1019 2.3975 0.0028 0.0016 348 pedestrian_0008
Pedestrian 1.00 1.00 0 0 0 0 0 0 0 0 -1000.00 -1000.00 -1000.00 -1000.00 1.9158 0.4880 0.7507 81.8489 1.1180 -321.2287 -0.0603 0.0028 0.0016 349 pedestrian_0006
Pedestrian 0.00 1.00 0 0 0 0 0 0 0 0 943.43 361.32 945.22 367.06 1.9158 0.4880 0.6852 186.4442 2.3581 3.0001 3.0076 0.0028 0.0016 350 pedestrian_0022
Pedestrian 0.00 1.00 0 0 0 0 0 0 0 0 1197.62 360.14 1199.71 366.07 1.9158 0.4880 0.4570 180.3769 1.9618 -79.4703 -1.5660 0.0028 0.0016 351 pedestrian_0023
Pedestrian 0.00 1.00 0 0 0 0 0 0 0 0 1117.35 360.36 1120.09 366.91 1.9158 0.4880 0.6209 163.7550 2.0223 -48.8389 0.8465 0.0028 0.0016 352 pedestrian_0006
Pedestrian 1.00 1.00 0 0 0 0 0 0 0 0 -1000.00 -1000.00 -1000.00 -1000.00 1.9158 0.4880 0.7507 113.0890 1.5204 -197.9179 3.0948 0.0028 0.0016 353 pedestrian_0024
Pedestrian 1.00 1.00 0 0 0 0 0 0 0 0 -1000.00 -1000.00 -1000.00 -1000.00 1.1330 0.4333 0.6667 -135.2006 1.4350 -75.7571 1.4589 0.0028 0.0016 354 pedestrian_0011
Pedestrian 1.00 1.00 0 3 5 13 1 0 0 0 -1000.00 -1000.00 -1000.00 -1000.00 1.9158 0.4880 0.6650 -18.8560 1.5983 -95.6620 1.5429 0.0028 0.0016 355 pedestrian_0017
Pedestrian 0.00 1.00 0 0 0 0 0 0 0 0 620.53 332.87 622.23 337.03 1.3390 0.3253 0.3490 182.0535 -7.5105 108.3501 -0.0947 0.0028 0.0016 356 pedestrian_0012
Pedestrian 0.00 1.00 0 0 0 0 0 0 0 0 1630.26 358.93 1631.90 363.27 1.9158 0.4880 0.4366 245.8735 1.4437 -298.6886 -2.4156 0.0028 0.0016 357 pedestrian_0020
Pedestrian 0.00 1.00 0 0 0 0 0 0 0 0 939.09 361.35 940.91 367.39 1.9158 0.4880 0.7507 177.4730 2.3470 4.1235 3.0572 0.0028 0.0016 358 pedestrian_0017
Pedestrian 1.00 1.00 0 0 0 0 0 0 0 0 -1000.00 -1000.00 -1000.00 -1000.00 1.9158 0.4880 0.4847 -46.1962 1.4485 -133.0057 2.9099 0.0028 0.0016 359 pedestrian_0025
Pedestrian 0.00 1.00 0 0 0 0 0 0 0 0 1646.85 360.19 1648.43 363.26 1.3390 0.3253 0.4004 242.6489 1.4218 -302.0028 -2.5555 0.0028 0.0016 360 pedestrian_0013
Pedestrian 1.00 1.00 0 0 0 0 0 0 0 0 -1000.00 -1000.00 -1000.00 -1000.00 1.3390 0.3253 0.2896 171.9230 1.2369 -327.5836 -0.0773 0.0028 0.0016 361 pedestrian_0013
Pedestrian 0.00 1.00 0 0 0 0 0 0 0 0 1424.69 363.71 1428.72 374.05 1.3390 0.3253 0.2502 73.0447 1.8213 -62.8773 2.8322 0.0028 0.0016 362 pedestrian_0013
Pedestrian 1.00 1.00 0 0 0 0 0 0 0 0 -1000.00 -1000.00 -1000.00 -1000.00 1.1330 0.4333 0.6667 7.1311 1.5136 -135.9946 -0.1481 0.0028 0.0016 363 pedestrian_0011
Pedestrian 0.00 1.00 0 0 0 0 0 0 0 0 1292.41 364.17 1296.66 375.77 1.3390 0.3253 0.2725 65.2608 1.8238 -41.0074 3.1236 0.0028 0.0016 364 pedestrian_0012
Pedestrian 0.00 1.00 0 0 0 0 0 0 0 0 414.21 362.32 418.81 372.65 1.9158 0.4880 0.4419 104.3395 2.3501 99.0521 -1.2283 0.0028 0.0016 365 pedestrian_0023
Pedestrian 1.00 1.00 0 0 0 1 0 0 0 0 -1000.00 -1000.00 -1000.00 -1000.00 1.9158 0.4880 0.4711 -22.0616 1.6894 -115.3946 1.6673 0.0028 0.0016 366 pedestrian_0005
Pedestrian 1.00 1.00 0 0 0 0 0 0 0 0 -1000.00 -1000.00 -1000.00 -1000.00 1.9158 0.4880 0.6102 -9.2613 1.1167 -257.8486 -0.0631 0.0028 0.0016 367 pedestrian_0021
Pedestrian 1.00 1.00 0 0 0 0 0 0 0 0 -1000.00 -1000.00 -1000.00 -1000.00 1.1330 0.4333 0.4252 65.4644 1.7627 -134.6908 1.4522 0.0028 0.0016 368 pedestrian_0010
Pedestrian 0.00 1.00 0 0 0 0 0 0 0 0 1174.76 360.68 1176.49 366.64 1.9158 0.4880 0.3754 179.4578 2.1349 -71.6553 2.8507 0.0028 0.0016 369 pedestrian_0020
Pedestrian 0.00 1.00 0 0 0 0 0 0 0 0 1252.12 364.41 1256.37 376.29 1.3390 0.3253 0.4327 63.8799 1.8405 -35.6051 2.9028 0.0028 0.0016 370 pedestrian_0012
Pedestrian 0.00 1.00 0 0 0 0 0 0 0 0 876.67 361.06 878.82 366.61 1.9158 0.4880 0.5474 192.8365 2.2819 26.2231 1.0386 0.0028 0.0016 371 pedestrian_0015
Pedestrian 1.00 1.00 2 3 6 17 1 0 0 0 -1000.00 -1000.00 -1000.00 -1000.00 1.9158 0.4880 0.7507 -17.3477 1.6259 -86.7660 1.4359 0.0028 0.0016 372 pedestrian_0007
Pedestrian 1.00 1.00 0 0 0 0 0 0 0 0 -1000.00 -1000.00 -1000.00 -1000.00 1.9158 0.4880 0.6482 -2.2651 1.0059 -314.2239 2.9298 0.0028 0.0016 373 pedestrian_0008
Pedestrian 1.00 1.00 0 0 0 0 0 0 0 0 -1000.00 -1000.00 -1000.00 -1000.00 1.9158 0.4880 0.6254 67.0706 1.7944 -128.4472 -1.6282 0.0028 0.0016 374 pedestrian_0020
Pedestrian 0.00 1.00 0 0 0 0 0 0 0 0 937.46 361.33 939.38 366.97 1.9158 0.4880 0.5331 189.8823 2.3696 5.1108 1.3248 0.0028 0.0016 375 pedestrian_0015
Pedestrian 0.00 1.00 0 0 0 0 0 0 0 0 1356.87 364.80 1361.00 374.93 1.3390 0.3253 0.3244 74.6457 1.9781 -55.2232 1.4769 0.0028 0.0016 376 pedestrian_0012
Pedestrian 0.00 1.00 0 0 0 0 0 0 0 0 819.73 361.21 821.46 366.71 1.9158 0.4880 0.4485 194.6669 2.3399 46.4563 -1.6446 0.0028 0.0016 377 pedestrian_0017
Pedestrian 0.00 1.00 0 0 0 0 0 0 0 0 1336.53 360.50 1341.68 373.61 1.9158 0.4880 0.3989 82.3004 1.9906 -57.8260 -0.0883 0.0028 0.0016 378 pedestrian_0025
Pedestrian 1.00 1.00 2 0 1 12 1 0 0 0 -1000.00 -1000.00 -1000.00 -1000.00 1.1330 0.4333 0.6667 -16.2901 1.7737 -78.4450 1.4950 0.0028 0.0016 379 pedestrian_0009
Pedestrian 1.00 1.00 46 53 66 1252 0 0 7 0 -1000.00 -1000.00 -1000.00 -1000.00 1.9158 0.4880 0.6042 -8.7480 1.9302 15.5647 -2.2562 0.0028 0.0016 380 pedestrian_0002
Pedestrian 0.00 1.00 0 0 0 0 0 0 0 0 1539.39 360.39 1540.51 363.21 1.3390 0.3253 0.3211 264.3615 1.5242 -277.7767 -2.2375 0.0028 0.0016 381 pedestrian_0013
Pedestrian 0.00 1.00 0 0 0 0 0 0 0 0 1129.02 362.17 1130.69 367.01 1.3390 0.3253 0.5005 154.8372 1.9427 -49.3758 3.0933 0.0028 0.0016 382 pedestrian_0012
Pedestrian 0.00 1.00 0 0 0 0 0 0 0 0 1667.11 362.60 1673.10 368.29 1.1330 0.4333 0.6034 112.1925 1.6565 -144.6528 -0.0669 0.0028 0.0016 383 pedestrian_0010
Pedestrian 0.00 1.00 0 0 0 0 0 0 0 0 1753.56 360.01 1755.65 363.41 1.3390 0.3253 0.4109 219.9074 1.3446 -316.0284 -2.7368 0.0028 0.0016 384 pedestrian_0013
Pedestrian 1.00 1.00 0 0 0 0 0 0 0 0 -1000.00 -1000.00 -1000.00 -1000.00 1.9158 0.4880 0.7507 133.9551 1.3618 -252.4812 -0.0754 0.0028 0.0016 385 pedestrian_0015
Pedestrian 0.00 1.00 0 0 0 0 0 0 0 0 519.75 362.80 525.74 373.51 1.9158 0.4880 0.7507 100.8847 2.4238 76.5261 0.0196 0.0028 0.0016 386 pedestrian_0018
Pedestrian 0.00 1.00 0 0 0 0 0 0 0 0 1606.32 360.25 1608.15 363.23 1.3390 0.3253 0.4907 251.0138 1.4546 -294.1567 -2.2927 0.0028 0.0016 387 pedestrian_0013
Pedestrian 0.00 1.00 0 0 0 0 0 0 0 0 768.68 361.24 770.76 365.91 1.9158 0.4880 0.6487 229.2697 2.4280 76.1113 -0.4426 0.0028 0.0016 388 pedestrian_0022
Pedestrian 1.00 1.00 0 0 0 0 0 0 0 0 -1000.00 -1000.00 -1000.00 -1000.00 1.9158 0.4880 0.6021 -108.3918 0.9349 -278.9216 -0.6968 0.0028 0.0016 389 pedestrian_0003
Pedestrian 1.00 1.00 0 0 0 0 0 0 0 0 -1000.00 -1000.00 -1000.00 -1000.00 1.9158 0.4880 0.7507 158.4510 1.2249 -327.1402 -0.0733 0.0028 0.0016 390 pedestrian_0021
Pedestrian 1.00 1.00 0 0 0 0 0 0 0 0 -1000.00 -1000.00 -1000.00 -1000.00 1.9158 0.4880 0.7507 180.0104 1.2597 -326.8837 0.0389 0.0028 0.0016 392 pedestrian_0005
Pedestrian 0.00 1.00 0 0 0 0 0 0 0 0 767.00 338.85 768.55 343.21 1.9158 0.4880 0.4774 247.4338 -7.4732 83.2130 2.3765 0.0028 0.0016 393 pedestrian_0026
Pedestrian 0.00 1.00 0 0 0 0 0 0 0 0 1327.36 360.52 1331.98 373.53 1.9158 0.4880 0.3853 83.0652 1.9941 -56.9544 -0.8197 0.0028 0.0016 394 pedestrian_0022
Pedestrian 1.00 1.00 0 0 0 0 0 0 0 0 -1000.00 -1000.00 -1000.00 -1000.00 1.1330 0.4333 0.4511 -65.9700 -7.1873 101.3096 0.7924 0.0028 0.0016 395 pedestrian_0010
Pedestrian 1.00 1.00 5 7 11 52 7 0 0 0 -1000.00 -1000.00 -1000.00 -1000.00 1.9158 0.4880 0.7507 -4.4762 1.8806 -57.9528 0.1531 0.0028 0.0016 396 pedestrian_0006
Pedestrian 0.00 1.00 0 0 0 0 0 0 0 0 1202.18 361.89 1203.83 366.05 1.3390 0.3253 0.3624 179.8818 1.9495 -80.6529 1.8910 0.0028 0.0016 397 pedestrian_0012
Pedestrian 0.00 1.00 0 0 0 0 0 0 0 0 1189.09 362.63 1191.17 366.55 1.1330 0.4333 0.3897 161.9868 1.8985 -69.0691 2.3150 0.0028 0.0016 398 pedestrian_0010
Pedestrian 1.00 1.00 0 0 0 1 0 0 0 0 -1000.00 -1000.00 -1000.00 -1000.00 1.9158 0.4880 0.7507 -8.4627 1.6575 -134.2765 -0.0831 0.0028 0.0016 399 pedestrian_0007
Pedestrian 0.00 1.00 0 0 0 0 0 0 0 0 498.93 330.81 502.21 336.90 1.9158 0.4880 0.6437 178.3225 -7.4033 144.7103 -0.0952 0.0028 0.0016 400 pedestrian_0001
Pedestrian 0.00 1.00 0 0 0 0 0 0 0 0 1442.62 359.93 1446.21 366.19 1.9158 0.4880 0.7319 171.4020 1.8963 -151.1411 -0.0767 0.0028 0.0016 401 pedestrian_0016
Pedestrian 1.00 1.00 0 0 0 0 0 0 0 0 -1000.00 -1000.00 -1000.00 -1000.00 1.9158 0.4880 0.7507 62.3428 1.0904 -320.0155 3.0435 0.0028 0.0016 402 pedestrian_0021
Pedestrian 0.00 1.00 0 0 0 0 0 0 0 0 19.83 364.31 28.64 375.82 1.9158 0.4880 0.5740 93.8973 2.6410 154.5344 0.0443 0.0028 0.0016 403 pedestrian_0006
Pedestrian 1.00 1.00 0 0 0 0 0 0 0 0 -1000.00 -1000.00 -1000.00 -1000.00 1.9158 0.4880 0.7507 28.8885 1.5542 -137.9500 -0.0935 0.0028 0.0016 404 pedestrian_0023
Pedestrian 0.00 1.00 0 0 0 0 0 0 0 0 1121.00 362.31 1123.06 365.32 1.1330 0.4333 0.6101 210.4314 2.0081 -63.4575 -2.6041 0.0028 0.0016 405 pedestrian_0011
Pedestrian 0.00 1.00 0 0 0 0 0 0 0 0 1153.28 360.00 1156.05 368.56 1.9158 0.4880 0.5457 125.5515 1.9175 -45.9748 -0.1444 0.0028 0.0016 406 pedestrian_0004
Pedestrian 0.00 1.00 0 0 0 0 0 0 0 0 1170.13 360.19 1171.53 366.05 1.9158 0.4880 0.3928 182.8265 1.9799 -71.3948 -1.8743 0.0028 0.0016 407 pedestrian_0026
Pedestrian 0.00 1.00 0 0 0 0 0 0 0 0 647.54 363.43 649.44 367.96 1.3390 0.3253 0.3767 165.4229 2.3567 90.1478 -0.1316 0.0028 0.0016 408 pedestrian_0013
Pedestrian 0.00 1.00 0 0 0 0 0 0 0 0 1658.09 362.56 1663.69 368.13 1.1330 0.4333 0.5622 114.3354 1.6575 -145.5167 3.0600 0.0028 0.0016 409 pedestrian_0010
Pedestrian 0.00 1.00 0 0 0 0 0 0 0 0 138.79 362.57 149.17 378.21 1.9158 0.4880 0.5435 69.3042 2.2341 98.2640 -0.0849 0.0028 0.0016 410 pedestrian_0020
Pedestrian 0.00 1.00 0 0 0 0 0 0 0 0 1477.65 359.27 1480.65 364.05 1.9158 0.4880 0.7333 223.4162 1.6228 -210.5352 1.3101 0.0028 0.0016 411 pedestrian_0025
Pedestrian 1.00 1.00 0 1 0 4 0 0 0 0 -1000.00 -1000.00 -1000.00 -1000.00 1.1330 0.4333 0.4758 -19.4690 1.5561 -106.1719 -2.0168 0.0028 0.0016 412 pedestrian_0010
Pedestrian 1.00 1.00 0 0 0 0 0 0 0 0 -1000.00 -1000.00 -1000.00 -1000.00 1.9158 0.4880 0.7507 65.6478 1.7929 -128.2009 -1.7246 0.0028 0.0016 413 pedestrian_0015
Pedestrian 0.00 1.00 0 0 0 0 0 0 0 0 276.64 367.61 283.38 374.96 1.1330 0.4333 0.6667 87.3508 2.3219 103.6555 1.2946 0.0028 0.0016 414 pedestrian_0011
Pedestrian 1.00 1.00 50 64 104 7305 0 14 17 0 -1000.00 -1000.00 -1000.00 -1000.00 1.9158 0.4880 0.5857 -12.9445 1.9048 8.9593 1.4329 0.0028 0.0016 415 pedestrian_0025
Pedestrian 1.00 1.00 0 0 0 0 0 0 0 0 -1000.00 -1000.00 -1000.00 -1000.00 1.1330 0.4333 0.6513 -88.8103 -6.4979 33.6015 -1.6034 0.0028 0.0016 416 pedestrian_0009
Pedestrian 1.00 1.00 0 0 0 0 0 0 0 0 -1000.00 -1000.00 -1000.00 -1000.00 1.9158 0.4880 0.7507 -91.1435 -6.1102 5.9909 -1.5881 0.0028 0.0016 417 pedestrian_0026
Pedestrian 1.00 1.00 0 0 0 0 0 0 0 0 -1000.00 -1000.00 -1000.00 -1000.00 1.9158 0.4880 0.7507 -16.3318 0.9871 -312.7711 3.0426 0.0028 0.0016 418 pedestrian_0019
Pedestrian 0.00 1.00 0 0 0 0 0 0 0 0 1197.27 360.14 1199.55 366.09 1.9158 0.4880 0.6229 179.8213 1.9618 -79.1466 -1.8798 0.0028 0.0016 419 pedestrian_0018
Pedestrian 0.00 1.00 0 0 0 0 0 0 0 0 1638.65 358.90 1640.59 363.28 1.9158 0.4880 0.3910 244.3019 1.4360 -300.5352 -2.1194 0.0028 0.0016 420 pedestrian_0026
Pedestrian 1.00 1.00 6 10 19 111 0 0 1 0 -1000.00 -1000.00 -1000.00 -1000.00 1.9158 0.4880 0.7507 11.2351 2.0596 50.0106 -1.7086 0.0028 0.0016 421 pedestrian_0005
Pedestrian 0.00 1.00 0 0 0 0 0 0 0 0 668.02 361.41 671.66 368.80 1.9158 0.4880 0.7494 145.2485 2.2841 73.2551 2.9979 0.0028 0.0016 422 pedestrian_0021
Pedestrian 0.00 1.00 0 0 0 0 0 0 0 0 526.67 362.04 529.34 368.05 1.9158 0.4880 0.4993 178.4250 2.5707 136.0152 -1.3799 0.0028 0.0016 423 pedestrian_0025
Pedestrian 0.00 1.00 0 0 0 0 0 0 0 0 119.82 362.48 130.70 382.05 1.9158 0.4880 0.4658 55.6276 2.1609 79.9782 2.8670 0.0028 0.0016 424 pedestrian_0008
Pedestrian 0.00 1.00 0 0 0 0 0 0 0 0 691.14 361.12 700.54 389.15 1.9158 0.4880 0.4493 39.7195 2.0094 16.1916 -0.3292 0.0028 0.0016 425 pedestrian_0018
Pedestrian 0.00 1.00 0 0 0 0 0 0 0 0 1529.43 359.12 1532.69 364.00 1.9158 0.4880 0.7507 218.8952 1.5690 -226.7060 1.2414 0.0028 0.0016 426 pedestrian_0020
Pedestrian 1.00 1.00 0 0 0 0 0 0 0 0 -1000.00 -1000.00 -1000.00 -1000.00 1.3390 0.3253 0.5005 58.9322 1.2934 -239.5447 1.4045 0.0028 0.0016 427 pedestrian_0012
Pedestrian 0.00 1.00 0 0 0 0 0 0 0 0 825.28 363.44 826.90 366.74 1.1330 0.4333 0.4412 192.0924 2.3195 43.9170 -1.5961 0.0028 0.0016 428 pedestrian_0011
Pedestrian 1.00 1.00 0 0 0 0 0 0 0 0 -1000.00 -1000.00 -1000.00 -1000.00 1.9158 0.4880 0.5696 78.2940 1.3797 -221.4313 -1.6810 0.0028 0.0016 429 pedestrian_0006
Pedestrian 1.00 1.00 0 0 0 0 0 0 0 0 -1000.00 -1000.00 -1000.00 -1000.00 1.9158 0.4880 0.5209 90.8620 2.4885 156.2002 -0.9231 0.0028 0.0016 430 pedestrian_0021
Pedestrian 0.00 1.00 0 0 0 0 0 0 0 0 1695.57 358.62 1699.27 364.10 1.9158 0.4880 0.7507 195.0778 1.4328 -260.4089 0.5861 0.0028 0.0016 431 pedestrian_0026
Pedestrian 1.00 1.00 0 1 2 0 0 0 0 0 -1000.00 -1000.00 -1000.00 -1000.00 1.9158 0.4880 0.7180 -35.2510 -7.4850 120.7448 -2.8841 0.0028 0.0016 432 pedestrian_0026
Pedestrian 0.00 1.00 0 0 0 0 0 0 0 0 1233.16 359.83 1236.13 367.29 1.9158 0.4880 0.4919 143.6744 1.8717 -72.9221 0.1614 0.0028 0.0016 433 pedestrian_0002
Pedestrian 0.00 1.00 0 0 0 0 0 0 0 0 1168.47 360.10 1170.52 365.94 1.9158 0.4880 0.4073 183.5560 1.9512 -71.2320 -1.2397 0.0028 0.0016 434 pedestrian_0001
Pedestrian 0.00 1.00 0 0 0 0 0 0 0 0 322.79 320.27 328.41 328.57 1.9158 0.4880 0.7288 132.3651 -7.4707 148.0776 3.0543 0.0028 0.0016 435 pedestrian_0022
Pedestrian 0.00 1.00 0 0 0 0 0 0 0 0 881.61 360.98 884.92 371.68 1.9158 0.4880 0.5135 100.6396 2.0932 11.5457 -0.0713 0.0028 0.0016 436 pedestrian_0005
Pedestrian 1.00 1.00 0 0 0 0 0 0 0 0 -1000.00 -1000.00 -1000.00 -1000.00 1.3390 0.3253 0.3200 -46.2554 1.1460 -224.9135 -1.5595 0.0028 0.0016 437 pedestrian_0013
Pedestrian 0.00 1.00 0 0 0 0 0 0 0 0 1535.26 360.82 1536.86 363.20 1.1330 0.4333 0.4443 265.5475 1.5260 -277.1581 0.9917 0.0028 0.0016 438 pedestrian_0011
Pedestrian 1.00 1.00 0 0 0 0 0 0 0 0 -1000.00 -1000.00 -1000.00 -1000.00 1.9158 0.4880 0.3754 -26.4573 1.4805 -132.4300 0.2140 0.0028 0.0016 439 pedestrian_0006
Pedestrian 1.00 1.00 0 0 0 0 0 0 0 0 -1000.00 -1000.00 -1000.00 -1000.00 1.3390 0.3253 0.4934 -128.4068 -5.8669 3.5374 -1.6264 0.0028 0.0016 440 pedestrian_0014
Pedestrian 1.00 1.00 0 0 0 0 0 0 0 0 -1000.00 -1000.00 -1000.00 -1000.00 1.9158 0.4880 0.5004 53.8483 1.5870 -140.5656 -0.0682 0.0028 0.0016 441 pedestrian_0025
Pedestrian 1.00 1.00 0 0 0 0 0 0 0 0 -1000.00 -1000.00 -1000.00 -1000.00 1.9158 0.4880 0.4078 -60.5864 0.9345 -305.8900 -0.4121 0.0028 0.0016 442 pedestrian_0003
Pedestrian 0.00 1.00 0 0 0 0 0 0 0 0 1102.49 359.86 1114.29 384.60 1.9158 0.4880 0.7507 44.4215 1.9069 -13.8595 -1.1044 0.0028 0.0016 443 pedestrian_0024
Pedestrian 0.00 1.00 0 0 0 0 0 0 0 0 968.10 360.73 971.56 371.86 1.9158 0.4880 0.5158 96.7359 2.0422 -3.9392 1.3752 0.0028 0.0016 444 pedestrian_0007
Pedestrian 1.00 1.00 0 0 0 0 0 0 0 0 -1000.00 -1000.00 -1000.00 -1000.00 1.9158 0.4880 0.3872 64.0782 1.6038 -140.7932 1.1139 0.0028 0.0016 445 pedestrian_0023
Pedestrian 1.00 1.00 0 0 0 0 0 0 0 0 -1000.00 -1000.00 -1000.00 -1000.00 1.9158 0.4880 0.6431 -70.0559 0.9276 -303.0079 -0.3032 0.0028 0.0016 446 pedestrian_0026
Pedestrian 0.00 1.00 0 0 0 0 0 0 0 0 387.68 316.86 393.07 322.69 1.1330 0.4333 0.6304 113.6911 -7.6078 113.5380 3.0498 0.0028 0.0016 447 pedestrian_0009
Pedestrian 0.00 1.00 0 0 0 0 0 0 0 0 794.30 339.49 795.82 343.71 1.9158 0.4880 0.5625 255.6145 -7.4914 73.5165 -1.0402 0.0028 0.0016 448 pedestrian_0015
Pedestrian 0.00 1.00 0 0 0 0 0 0 0 0 418.59 362.30 422.95 372.64 1.9158 0.4880 0.3833 104.0757 2.3442 98.0039 -2.0865 0.0028 0.0016 449 pedestrian_0017
Pedestrian 0.00 0.01 64 71 108 4177 18 0 0 10 1471.50 356.95 1525.50 446.05 1.9158 0.4880 0.6716 13.1256 1.8499 -14.0230 -1.7431 0.0028 0.0016 450 pedestrian_0023
Pedestrian 1.00 1.00 4 3 6 38 1 0 0 0 -1000.00 -1000.00 -1000.00 -1000.00 1.9158 0.4880 0.7507 -16.8557 1.6785 -68.5008 1.4945 0.0028 0.0016 451 pedestrian_0001
Pedestrian 1.00 1.00 0 0 0 0 0 0 0 0 -1000.00 -1000.00 -1000.00 -1000.00 1.9158 0.4880 0.7483 105.7411 1.2717 -266.9267 3.0278 0.0028 0.0016 452 pedestrian_0017
Pedestrian 1.00 1.00 0 0 0 0 0 0 0 0 -1000.00 -1000.00 -1000.00 -1000.00 1.1330 0.4333 0.6287 65.3262 1.4292 -246.1652 -0.1291 0.0028 0.0016 453 pedestrian_0011
Pedestrian 0.00 1.00 0 0 0 0 0 0 0 0 1356.10 359.72 1357.72 363.45 1.9158 0.4880 0.4938 285.8418 1.7700 -206.1961 1.4876 0.0028 0.0016 454 pedestrian_0018
Pedestrian 1.00 1.00 2 4 9 41 0 0 2 0 -1000.00 -1000.00 -1000.00 -1000.00 1.9158 0.4880 0.6769 16.3397 2.1495 78.7013 -1.7986 0.0028 0.0016 455 pedestrian_0021
Pedestrian 0.00 1.00 0 0 0 0 0 0 0 0 377.03 363.21 383.68 375.86 1.9158 0.4880 0.4934 85.3751 2.4060 85.9577 -1.5717 0.0028 0.0016 456 pedestrian_0007
Pedestrian 0.00 1.00 0 0 0 0 0 0 0 0 1262.02 360.65 1266.13 372.78 1.9158 0.4880 0.3762 88.9255 2.0196 -50.4632 -2.5704 0.0028 0.0016 457 pedestrian_0021
Pedestrian 1.00 1.00 0 1 0 5 0 0 0 0 -1000.00 -1000.00 -1000.00 -1000.00 1.9158 0.4880 0.7507 6.6824 -7.6709 123.3639 -0.0865 0.0028 0.0016 458 pedestrian_0019
Pedestrian 1.00 1.00 0 0 0 0 0 0 0 0 -1000.00 -1000.00 -1000.00 -1000.00 1.1330 0.4333 0.5343 -133.6008 1.0668 -64.4051 -1.6235 0.0028 0.0016 459 pedestrian_0009
Pedestrian 1.00 1.00 0 0 0 0 0 0 0 0 -1000.00 -1000.00 -1000.00 -1000.00 1.9158 0.4880 0.6520 -134.7145 1.0561 -63.9052 -1.7144 0.0028 0.0016 460 pedestrian_0004
Pedestrian 1.00 1.00 3 1 2 8 0 0 0 0 -1000.00 -1000.00 -1000.00 -1000.00 1.3390 0.3253 0.4339 -19.5515 1.5741 -101.8440 1.5249 0.0028 0.0016 461 pedestrian_0012
Pedestrian 0.00 1.00 0 0 0 0 0 0 0 0 1745.00 359.28 1752.02 371.81 1.9158 0.4880 0.3841 86.0330 1.8063 -123.1624 -0.1992 0.0028 0.0016 462 pedestrian_0006
Pedestrian 0.00 1.00 0 0 0 0 0 0 0 0 1314.82 366.37 1321.86 374.94 1.1330 0.4333 0.6667 75.0665 1.9877 -50.1030 1.7038 0.0028 0.0016 463 pedestrian_0009
Pedestrian 0.00 1.00 0 0 0 0 0 0 0 0 926.22 362.77 927.77 366.22 1.3390 0.3253 0.5005 217.0429 2.4201 10.6186 -2.1284 0.0028 0.0016 464 pedestrian_0014
Pedestrian 0.00 1.00 0 0 0 0 0 0 0 0 1208.86 362.82 1211.53 366.37 1.1330 0.4333 0.6667 179.1188 2.0429 -82.6318 -1.6342 0.0028 0.0016 465 pedestrian_0010
Pedestrian 1.00 1.00 7 7 9 130 0 0 3 0 -1000.00 -1000.00 -1000.00 -1000.00 1.9158 0.4880 0.5213 -12.2906 2.0013 42.5919 0.2942 0.0028 0.0016 466 pedestrian_0017
Pedestrian 1.00 1.00 0 0 0 3 1 0 0 0 -1000.00 -1000.00 -1000.00 -1000.00 1.9158 0.4880 0.3855 -24.8908 1.6397 -131.2962 -2.0836 0.0028 0.0016 467 pedestrian_0004
Pedestrian 1.00 1.00 0 0 0 0 0 0 0 0 -1000.00 -1000.00 -1000.00 -1000.00 1.9158 0.4880 0.5700 20.3872 1.6330 -99.4675 -0.4989 0.0028 0.0016 468 pedestrian_0021
Pedestrian 0.00 1.00 0 0 0 0 0 0 0 0 802.39 362.90 803.98 366.77 1.3390 0.3253 0.4537 193.5135 2.3484 52.2149 -1.5707 0.0028 0.0016 469 pedestrian_0013
Pedestrian 1.00 1.00 6 3 4 45 0 0 1 0 -1000.00 -1000.00 -1000.00 -1000.00 1.9158 0.4880 0.7507 -5.0752 2.1216 80.3894 -1.5343 0.0028 0.0016 470 pedestrian_0001
Pedestrian 1.00 1.00 0 0 0 0 0 0 0 0 -1000.00 -1000.00 -1000.00 -1000.00 1.9158 0.4880 0.7507 36.3238 1.8581 -23.0775 -1.9283 0.0028 0.0016 471 pedestrian_0015
Pedestrian 1.00 1.00 0 0 0 0 0 0 0 0 -1000.00 -1000.00 -1000.00 -1000.00 1.9158 0.4880 0.7507 -140.0944 1.0284 -227.9887 1.8355 0.0028 0.0016 472 pedestrian_0024
Pedestrian 0.00 1.00 0 0 0 0 0 0 0 0 1199.90 361.89 1201.25 366.02 1.3390 0.3253 0.2576 181.0050 1.9522 -80.3577 2.3567 0.0028 0.0016 473 pedestrian_0013
Pedestrian 1.00 1.00 0 0 0 0 0 0 0 0 -1000.00 -1000.00 -1000.00 -1000.00 1.9158 0.4880 0.4187 176.1123 1.2498 -327.7556 2.0492 0.0028 0.0016 474 pedestrian_0018
Pedestrian 0.00 1.00 0 0 0 0 0 0 0 0 1355.68 361.00 1357.44 364.23 1.3390 0.3253 0.4943 231.0590 1.7549 -166.8194 -1.7145 0.0028 0.0016 475 pedestrian_0012
Pedestrian 0.00 1.00 0 0 0 0 0 0 0 0 1311.52 360.47 1318.23 375.81 1.9158 0.4880 0.6000 70.6346 1.9766 -46.8052 -1.8899 0.0028 0.0016 476 pedestrian_0026
Pedestrian 0.00 1.00 0 0 0 0 0 0 0 0 1487.00 359.34 1488.87 363.24 1.9158 0.4880 0.5402 273.4370 1.5926 -261.7116 -2.0418 0.0028 0.0016 477 pedestrian_0016
Pedestrian 1.00 1.00 1 1 2 9 0 0 0 0 -1000.00 -1000.00 -1000.00 -1000.00 1.9158 0.4880 0.3754 -20.3683 1.6945 -114.5749 3.0367 0.0028 0.0016 478 pedestrian_0006
Pedestrian 0.00 1.00 0 0 0 0 0 0 0 0 1905.04 358.13 1909.17 363.76 1.9158 0.4880 0.6022 190.1959 1.2793 -325.4812 -2.8647 0.0028 0.0016 479 pedestrian_0001
Pedestrian 0.00 1.00 0 0 0 0 0 0 0 0 651.27 361.45 654.68 369.17 1.9158 0.4880 0.5574 138.9384 2.2772 74.1485 2.8574 0.0028 0.0016 480 pedestrian_0021
Car 0.00 1.00 0 0 0 0 0 0 0 0 1088.63 361.32 1098.37 367.79 1.6980 1.9434 4.1871 150.4711 2.0663 -38.2170 -0.0861 0.0028 0.0016 481 citroen_c3
Car 0.00 1.00 0 0 0 0 0 0 0 0 1091.76 360.16 1102.53 368.22 1.9718 2.0005 4.0595 139.5383 2.0192 -36.4936 -0.0861 0.0028 0.0016 482 jeep_wrangler_rubicon
Car 0.00 1.00 0 0 0 0 0 0 0 0 973.85 360.67 981.98 368.00 1.9718 2.0005 4.0595 152.5538 2.1584 -7.1533 3.0555 0.0028 0.0016 483 jeep_wrangler_rubicon
Car 0.00 1.00 0 0 0 0 0 0 0 0 1103.57 360.13 1114.73 368.20 1.9718 2.0005 4.0595 139.2854 2.0105 -39.4239 -0.0861 0.0028 0.0016 484 jeep_wrangler_rubicon
Car 0.00 1.00 0 0 0 0 0 0 0 0 1478.02 359.20 1506.65 368.51 1.9718 2.0005 4.0595 119.5883 1.8037 -116.0758 1.4847 0.0028 0.0016 485 nissan_patrol
Car 0.00 1.00 0 0 0 0 0 0 0 0 1467.04 361.26 1494.74 368.48 1.5488 2.0688 3.9961 122.4713 1.8353 -116.3395 -1.6569 0.0028 0.0016 486 nissan_patrol
Car 0.00 1.00 0 0 0 0 0 0 0 0 1512.62 361.57 1556.71 369.85 1.4855 2.1349 -5.6254 103.3023 1.7897 -108.2244 -1.6569 0.0028 0.0016 487 nissan_patrol
Car 0.00 1.00 0 0 0 0 0 0 0 0 1446.80 360.79 1473.36 368.44 1.6244 1.8781 -3.8906 120.1393 1.7985 -109.6769 1.4847 0.0028 0.0016 488 nissan_patrol
Car 0.00 1.00 0 0 0 0 0 0 0 0 1437.60 360.82 1477.70 370.87 1.7506 2.3538 -4.8416 99.2078 1.9009 -90.3375 1.4847 0.0028 0.0016 489 nissan_patrol
Car 0.00 1.00 0 0 0 0 0 0 0 0 1386.58 359.42 1414.90 369.30 1.9718 2.0005 -4.0595 113.4497 1.8634 -91.6055 -1.6569 0.0028 0.0016 490 nissan_patrol
Car 0.00 1.00 0 0 0 0 0 0 0 0 1583.64 358.84 1626.82 370.29 1.9476 2.0282 4.8347 97.1575 1.7586 -114.0975 -1.6569 0.0028 0.0016 491 nissan_patrol
Car 0.00 1.00 0 0 0 0 0 0 0 0 1569.84 358.85 1606.43 370.09 1.9718 2.0005 4.0595 100.0360 1.7773 -114.4037 -1.6569 0.0028 0.0016 492 nissan_patrol
Car 0.00 1.00 0 0 0 0 0 0 0 0 1466.80 360.97 1498.77 370.05 1.6244 1.8781 3.8906 101.5382 1.8049 -97.0060 1.4847 0.0028 0.0016 493 nissan_patrol
Car 0.00 1.00 0 0 0 0 0 0 0 0 1454.12 361.61 1486.47 370.12 1.5488 2.0688 3.9961 104.2520 1.8605 -97.2393 -1.6569 0.0028 0.0016 494 nissan_patrol
Car 0.00 1.00 0 0 0 0 0 0 0 0 1417.81 358.40 1451.04 369.20 2.1397 2.1728 4.7017 112.9024 1.8310 -97.9613 -1.6569 0.0028 0.0016 495 nissan_patrol
Car 0.00 1.00 0 0 0 0 0 0 0 0 1389.83 359.45 1420.33 368.61 1.9476 2.0282 4.8347 121.0935 1.8407 -98.6204 -1.6569 0.0028 0.0016 496 nissan_patrol
Car 0.00 1.00 0 0 0 0 0 0 0 0 1383.25 361.42 1408.84 368.37 1.5100 1.8730 4.1000 123.9731 1.8361 -98.9371 -1.6569 0.0028 0.0016 497 nissan_patrol
Car 0.00 1.00 0 0 0 0 0 0 0 0 1350.55 361.80 1378.49 369.71 1.5488 2.0688 3.9961 111.3134 1.9131 -82.6972 1.4847 0.0028 0.0016 498 nissan_patrol
Car 0.00 1.00 0 0 0 0 0 0 0 0 1341.94 361.72 1368.92 369.22 1.5100 1.8730 4.1000 114.1974 1.8659 -82.9500 1.4847 0.0028 0.0016 499 nissan_patrol
Car 0.00 1.00 0 0 0 0 0 0 0 0 1331.98 359.61 1362.38 369.10 1.9476 2.0282 4.8347 116.8753 1.8780 -83.1329 -1.6569 0.0028 0.0016 500 nissan_patrol
Car 0.00 1.00 0 0 0 0 0 0 0 0 1349.75 358.45 1385.40 370.60 2.1397 2.1728 -4.7017 100.5018 1.8755 -75.3474 -1.6569 0.0028 0.0016 501 nissan_patrol
Car 0.00 1.00 0 0 0 0 0 0 0 0 1339.76 359.60 1374.36 370.28 1.9476 2.0282 -4.8347 103.3919 1.8781 -75.5300 1.4847 0.0028 0.0016 502 nissan_patrol
Car 0.00 1.00 0 0 0 0 0 0 0 0 1295.93 361.19 1319.66 368.89 1.6244 1.8781 -3.8906 120.3049 1.8914 -77.0629 -1.6569 0.0028 0.0016 503 nissan_patrol
Car 0.00 1.00 0 0 0 0 0 0 0 0 1287.11 360.97 1315.89 369.10 1.7506 2.3538 -4.8416 122.9321 1.9757 -77.3141 -1.6569 0.0028 0.0016 504 nissan_patrol
Car 0.00 1.00 0 0 0 0 0 0 0 0 1071.46 360.31 1081.25 367.62 1.9476 2.0282 4.8347 151.5227 2.0369 -33.8124 3.0555 0.0028 0.0016 505 nissan_patrol
Car 0.00 1.00 0 0 0 0 0 0 0 0 984.31 362.10 991.91 367.92 1.5475 1.9070 4.4025 151.9132 2.1270 -9.9079 3.0555 0.0028 0.0016 506 seat_leon
Car 0.00 1.00 0 0 0 0 0 0 0 0 1035.79 358.23 1047.18 367.92 2.5908 2.7453 5.4640 152.2677 2.1231 -24.4486 3.0555 0.0028 0.0016 507 carlamotors_carlacola
Car 0.00 1.00 0 0 0 0 0 0 0 0 750.88 359.38 767.68 368.09 2.5908 2.7453 5.4640 169.2313 2.4076 58.6271 -0.0861 0.0028 0.0016 508 carlamotors_carlacola
Car 0.00 1.00 0 0 0 0 0 0 0 0 739.64 359.41 756.76 368.11 2.5908 2.7453 5.4640 169.5313 2.4179 62.1027 -0.0861 0.0028 0.0016 509 carlamotors_carlacola
Car 0.00 1.00 0 0 0 0 0 0 0 0 702.35 358.56 728.85 369.01 2.5908 2.7453 5.4640 140.9566 2.2427 59.4249 -1.6569 0.0028 0.0016 510 carlamotors_carlacola
Car 0.00 1.00 0 0 0 0 0 0 0 0 1051.46 358.17 1063.48 367.89 2.5908 2.7453 5.4640 151.8970 2.1104 -28.7435 3.0555 0.0028 0.0016 511 carlamotors_carlacola
Car 0.00 1.00 0 0 0 0 0 0 0 0 774.60 357.94 861.78 388.38 2.2031 2.5091 6.5872 44.5591 2.0568 8.7386 2.5319 0.0028 0.0016 512 tesla_cybertruck