Car 1.00 1.00 0 0 0 0 0 0 0 0 -1000.00 -1000.00 -1000.00 -1000.00 1.5542 2.3421 5.1370 33.6192 -9.1170 147.8849 3.0832 -0.0080 0.0007 0 lincoln2020_mkz2020
Car 1.00 1.00 6707 238131 380126 0 0 0 0 0 -1000.00 -1000.00 -1000.00 -1000.00 2.1397 2.1728 4.7045 -0.0005 2.0932 -2.2389 1.5708 0.0000 0.0000 1 volkswagen_t2
Motorcycle 1.00 1.00 0 0 0 0 0 0 0 0 -1000.00 -1000.00 -1000.00 -1000.00 1.6960 1.0692 2.4735 -4.5670 -8.9795 137.1870 -0.0256 -0.0076 0.0353 2 harley_davidson_low_rider
Motorcycle 0.00 1.00 0 0 0 0 0 0 0 0 1278.37 363.73 1284.41 367.06 1.6960 1.0692 2.4735 287.4177 3.6348 -168.2943 1.5126 -0.0051 0.0007 3 harley_davidson_low_rider
Car 0.00 1.00 0 0 0 0 0 0 0 0 628.86 360.76 671.46 372.23 1.6320 2.1403 5.2230 84.1442 1.7769 44.1936 -1.6235 -0.0125 0.0007 4 dodge_charger_police
Car 1.00 1.00 0 0 0 0 0 0 0 0 -1000.00 -1000.00 -1000.00 -1000.00 1.5542 2.3421 5.1370 -100.0278 -6.7356 36.7317 1.7074 -0.0212 -0.0018 5 lincoln2020_mkz2020
Car 1.00 1.00 0 0 0 0 0 0 0 0 -1000.00 -1000.00 -1000.00 -1000.00 1.4546 2.0938 4.3903 67.3369 4.5599 -298.1740 3.0980 -0.0083 0.0007 6 audi_tt
Car 0.00 1.00 0 0 0 0 0 0 0 0 1183.95 365.06 1196.08 372.44 1.4477 1.5550 2.3177 113.9366 2.4985 -49.0711 3.1032 -0.0139 0.0007 7 bmw_isetta
Car 1.00 1.00 0 0 0 0 0 0 0 0 -1000.00 -1000.00 -1000.00 -1000.00 1.7173 2.2591 5.2781 35.6729 4.5038 -292.9560 3.0850 -0.0153 0.0002 8 mercedes_benz_coupe
Car 1.00 1.00 0 0 0 0 0 0 0 0 -1000.00 -1000.00 -1000.00 -1000.00 1.4812 2.1349 5.6254 -59.5846 1.9045 8.6003 1.4765 -0.0082 0.0007 9 chevrolet_impala
Car 0.00 1.00 0 0 0 0 0 0 0 0 261.94 357.98 326.27 370.68 1.6115 2.2019 5.2564 74.7831 1.3580 86.2164 -0.0125 -0.0083 0.0013 10 charger2020_charger2020
Car 0.00 1.00 0 0 0 0 0 0 0 0 803.29 358.60 824.88 369.55 2.2031 2.5091 6.5872 116.9082 1.9331 28.2106 3.0985 -0.0082 0.0007 11 tesla_cybertruck
Car 1.00 1.00 0 0 0 0 0 0 0 0 -1000.00 -1000.00 -1000.00 -1000.00 1.5140 2.1024 4.9073 49.1966 3.7117 -197.0439 3.0629 -0.0096 0.0005 12 mercedesccc_mercedesccc
Car 0.00 1.00 0 0 0 0 0 0 0 0 824.06 360.55 839.02 366.10 1.6980 1.9434 4.1871 175.0515 1.8869 38.0870 -1.6257 -0.0082 0.0007 13 citroen_c3
Car 0.00 1.00 0 0 0 0 0 0 0 0 1013.10 364.99 1053.44 375.81 1.4812 2.1349 5.6254 81.3022 2.2349 -12.8013 -1.6203 -0.0083 0.0007 14 chevrolet_impala
Car 0.00 1.00 0 0 0 0 0 0 0 0 803.39 360.57 822.01 366.00 1.6320 2.1403 5.2230 175.2947 1.8425 44.0673 -1.6687 -0.0125 0.0007 15 dodge_charger_police
Car 0.00 1.00 0 0 0 0 0 0 0 0 1121.60 363.18 1139.55 368.28 1.5863 2.2347 5.1468 180.3432 2.6403 -57.3972 1.5204 -0.0100 -0.0022 16 lincoln_mkz2017
Car 1.00 1.00 0 0 0 0 0 0 0 0 -1000.00 -1000.00 -1000.00 -1000.00 1.7318 2.1344 5.0985 -90.8824 -7.6811 85.4720 1.1012 -0.0201 -0.0032 17 audi_etron
Car 0.00 1.00 0 0 0 0 0 0 0 0 1160.09 363.04 1177.80 368.68 1.7506 2.3538 4.8416 179.7122 2.7586 -69.5704 1.5179 -0.0081 0.0007 18 bmw_grandtourer
Car 0.00 0.86 0 2 5 509 0 0 0 0 598.50 365.22 650.14 387.50 1.5765 1.9374 3.8150 39.8074 1.9078 21.0696 -0.0411 -0.0083 0.0007 19 nissan_micra
Motorcycle 0.00 1.00 0 0 0 0 0 0 0 0 1137.09 363.00 1142.77 368.46 1.6960 1.0692 2.4735 176.1672 2.6531 -59.0841 -0.0401 -0.0044 -0.0006 20 harley_davidson_low_rider
Car 0.00 1.00 0 0 0 0 0 0 0 0 1201.95 363.90 1216.55 368.99 1.5765 1.9374 3.8150 179.0330 2.8523 -82.2660 1.5291 -0.0080 0.0007 21 nissan_micra
Car 1.00 1.00 0 0 0 0 0 0 0 0 -1000.00 -1000.00 -1000.00 -1000.00 1.7203 2.2019 5.4994 31.7244 1.2806 92.2579 3.1263 -0.0083 0.0014 22 chargercop2020_chargercop2020
Car 1.00 1.00 42 43 64 419 7 0 0 0 -1000.00 -1000.00 -1000.00 -1000.00 1.5475 1.9070 4.4025 15.9675 2.4141 -48.0037 3.0767 -0.0081 0.0007 23 seat_leon
Car 0.00 1.00 0 0 0 0 0 0 0 0 1019.64 344.25 1029.74 347.95 1.3660 1.9896 4.9534 286.9683 -6.4879 -35.5332 1.5160 -0.0991 0.0008 24 mustang_mustang
Cyclist 1.00 1.00 0 0 0 1 0 0 0 0 -1000.00 -1000.00 -1000.00 -1000.00 1.9709 0.6705 1.7250 -20.9597 3.0884 -128.4157 -0.0413 -0.0040 0.0007 25 diamondback_century
Cyclist 1.00 1.00 0 0 0 1 0 0 0 0 -1000.00 -1000.00 -1000.00 -1000.00 1.7065 0.8593 1.4873 -13.3508 3.0086 -121.6922 -1.6246 -0.0052 -0.0011 26 bh_crossbike
Car 1.00 1.00 0 0 0 0 0 0 0 0 -1000.00 -1000.00 -1000.00 -1000.00 2.1397 2.1728 4.7045 73.1545 3.6369 -184.0940 -1.6256 -0.0082 0.0007 27 volkswagen_t2
Car 1.00 1.00 0 0 0 0 0 0 0 0 -1000.00 -1000.00 -1000.00 -1000.00 1.9718 2.0005 4.0595 -65.9166 3.4808 -182.7764 -1.4783 -0.0110 0.0008 28 jeep_wrangler_rubicon
Car 1.00 1.00 16 24 33 262 0 0 32 0 -1000.00 -1000.00 -1000.00 -1000.00 1.5627 2.2716 5.0314 3.9017 1.4753 73.0167 1.5513 -0.0082 0.0007 29 tesla_model3
Car 0.00 1.00 0 0 0 0 0 0 0 0 1376.17 364.97 1397.30 371.72 1.4546 2.0938 4.3903 163.3523 3.1552 -127.0802 -1.9733 -0.0081 -0.1030 30 audi_tt
Car 1.00 1.00 0 0 0 0 0 0 0 0 -1000.00 -1000.00 -1000.00 -1000.00 1.5488 2.0688 3.9961 43.0266 1.2898 91.6656 3.0901 -0.0082 0.0007 31 mini_cooperst
Car 0.00 1.00 0 0 0 0 0 0 0 0 1415.03 367.64 1456.53 382.73 1.6011 2.1072 4.7392 65.2801 2.5259 -57.2858 -0.3498 -0.0082 0.0007 32 toyota_prius
Car 1.00 1.00 0 0 0 0 0 0 0 0 -1000.00 -1000.00 -1000.00 -1000.00 2.1397 2.1728 4.7045 68.3310 3.8007 -204.5561 0.0353 -0.0083 0.0007 33 volkswagen_t2
Car 0.00 1.00 0 0 0 0 0 0 0 0 1295.66 364.08 1307.56 367.35 1.6011 2.1072 4.7392 283.5062 3.7103 -176.3192 1.5517 -0.0082 0.0007 34 toyota_prius
Car 0.00 0.55 62 60 97 2659 0 0 8 10 76.47 370.97 266.72 402.78 1.3660 1.9896 4.9534 25.5043 1.8190 32.1545 3.0995 -0.0082 0.0007 35 mustang_mustang
Car 1.00 1.00 41 43 79 565 0 0 102 0 -1000.00 -1000.00 -1000.00 -1000.00 1.6011 2.1072 4.7392 -0.5385 1.6433 51.6373 -1.6262 -0.0082 0.0007 36 toyota_prius
Car 0.00 1.00 0 0 0 0 0 0 0 0 1270.28 364.80 1309.82 376.59 1.7506 2.3538 4.8416 88.3689 2.5367 -54.1810 -2.6830 -0.0082 0.0011 37 bmw_grandtourer
Car 0.00 1.00 0 0 0 0 0 0 0 0 1070.91 360.98 1093.55 368.25 2.2031 2.5091 6.5872 174.3480 2.5355 -40.4230 -1.6298 -0.0082 0.0007 38 tesla_cybertruck
Motorcycle 1.00 1.00 9 9 18 569 0 2 3 0 -1000.00 -1000.00 -1000.00 -1000.00 1.6387 1.2138 2.3199 -60.3658 1.5140 56.5874 -1.5714 -0.0083 0.0007 39 yamaha_yzf
Car 1.00 1.00 0 15 26 101 11 0 0 0 -1000.00 -1000.00 -1000.00 -1000.00 1.9476 2.0282 4.8347 10.6541 3.0690 -123.1430 3.0827 -0.0085 0.0007 40 nissan_patrol
Car 0.00 1.00 0 0 0 0 0 0 0 0 1239.52 365.22 1270.03 375.31 1.6115 2.2019 5.2564 94.5968 2.5142 -51.9297 -3.1034 -0.0002 0.0015 41 charger2020_charger2020
Car 0.00 1.00 0 0 0 0 0 0 0 0 875.05 360.80 889.30 364.83 1.6115 2.2019 5.2564 224.4052 1.9394 29.1135 -1.7581 -0.0026 0.0042 42 charger2020_charger2020
Motorcycle 0.00 1.00 0 0 0 0 0 0 0 0 740.78 361.99 758.13 376.18 1.6649 1.0692 2.4735 67.8890 1.9121 23.1394 -0.0383 -0.0034 0.0007 43 harley_davidson_low_rider
Car 0.00 1.00 0 0 0 0 0 0 0 0 1352.02 365.14 1368.87 369.96 1.5542 2.3421 5.1370 189.3215 3.3296 -138.2298 3.0498 -0.0082 0.0007 44 lincoln2020_mkz2020
Motorcycle 0.97 0.96 38 69 95 1188 0 0 9 0 0.07 388.34 11.00 407.70 1.6960 1.0692 2.4735 20.0363 1.8031 32.3614 3.0965 -0.0053 0.0008 45 harley_davidson_low_rider
Cyclist 0.00 1.00 0 0 0 0 0 0 0 0 817.36 359.90 823.51 369.89 1.9310 0.5921 1.9272 109.5639 1.9160 25.0956 3.0825 -0.0122 0.0007 46 gazelle_omafiets
Car 1.00 1.00 1361 1475 2353 24522 0 0 474 0 -1000.00 -1000.00 -1000.00 -1000.00 1.7318 2.1344 5.0985 0.4321 2.0023 9.6312 1.4918 -0.0082 0.0007 47 audi_etron
Car 0.00 1.00 0 0 0 0 0 0 0 0 264.86 355.29 326.55 371.08 1.9476 2.0282 4.8347 72.4152 1.3687 83.1875 -0.0486 -0.0085 0.0007 48 nissan_patrol
Car 1.00 1.00 0 0 0 0 0 0 0 0 -1000.00 -1000.00 -1000.00 -1000.00 1.7203 2.2019 5.4994 -55.5466 1.8695 12.7501 1.5052 -0.0083 0.0014 49 chargercop2020_chargercop2020
Car 1.00 1.00 0 0 0 0 0 0 0 0 -1000.00 -1000.00 -1000.00 -1000.00 1.6244 1.8781 3.8906 82.7826 3.7912 -204.0450 -2.7836 -0.0087 -0.0005 50 audi_a2
Car 0.00 1.00 0 0 0 0 0 0 0 0 1180.58 363.73 1199.45 368.88 1.5863 2.2347 5.1468 179.5154 2.8181 -76.2821 1.5256 -0.0082 0.0007 51 lincoln_mkz2017
Cyclist 1.00 1.00 0 0 0 0 0 0 0 0 -1000.00 -1000.00 -1000.00 -1000.00 1.9709 0.6705 1.7250 68.7851 3.8093 -208.7049 -0.1972 -0.0014 0.0035 52 diamondback_century
Cyclist 0.00 1.00 0 0 0 0 0 0 0 0 1327.01 364.01 1339.48 379.08 1.9311 0.5921 1.9272 73.7278 2.4659 -51.1601 2.9654 -0.0223 0.0007 53 gazelle_omafiets
Car 1.00 1.00 3 2 5 34 0 0 2 0 -1000.00 -1000.00 -1000.00 -1000.00 1.7173 2.2591 5.2781 19.3468 1.2494 96.4532 3.0876 -0.0134 0.0005 54 mercedes_benz_coupe
Car 0.00 1.00 0 0 0 0 0 0 0 0 894.10 361.32 902.60 365.77 1.5542 2.3421 5.1370 200.4592 2.0431 19.9282 3.1147 -0.0082 0.0007 55 lincoln2020_mkz2020
Car 0.00 1.00 0 0 0 0 0 0 0 0 993.59 361.34 1005.58 365.70 1.7506 2.3538 4.8416 229.6893 2.3200 -18.5754 1.4624 -0.0054 0.0010 56 bmw_grandtourer
Car 0.00 0.05 90 94 155 5976 0 0 13 15 394.10 367.65 486.08 391.71 1.4546 2.0938 4.3903 33.6943 1.8650 28.2059 3.0886 -0.0082 0.0007 57 audi_tt
Car 1.00 1.00 0 0 0 0 0 0 0 0 -1000.00 -1000.00 -1000.00 -1000.00 1.7173 2.2591 5.2781 76.3390 3.7166 -193.2324 -1.5936 -0.0153 0.0005 58 mercedes_benz_coupe
Car 0.00 1.00 0 0 0 0 0 0 0 0 907.96 363.12 940.59 373.02 1.5542 2.3421 5.1370 92.6723 2.1000 3.6425 1.5210 -0.0082 0.0007 59 lincoln2020_mkz2020
Car 1.00 1.00 18 23 29 234 0 0 5 0 -1000.00 -1000.00 -1000.00 -1000.00 2.1397 2.1728 4.7045 -10.4578 1.2994 87.4378 -0.0707 -0.0071 0.0007 60 volkswagen_t2
Car 0.00 1.00 0 0 0 0 0 0 0 0 462.56 357.37 483.49 363.18 1.7506 2.3538 4.8416 173.3341 0.9651 149.1395 -0.8368 -0.0102 -0.0008 61 bmw_grandtourer
Car 0.00 1.00 0 0 0 0 0 0 0 0 884.30 361.08 893.52 365.80 1.6320 2.1403 5.2230 198.7207 2.0307 23.1052 3.0464 -0.0125 0.0007 62 dodge_charger_police
Car 0.00 1.00 0 0 0 0 0 0 0 0 1190.78 363.99 1209.32 373.12 1.6980 1.9434 4.1871 108.9206 2.4966 -48.9230 3.0949 -0.0082 0.0007 63 citroen_c3
Car 0.00 1.00 0 0 0 0 0 0 0 0 819.05 362.21 837.59 369.78 1.4812 2.1349 5.6254 114.8007 1.9514 24.7492 3.0771 -0.0081 0.0007 64 chevrolet_impala
Car 0.00 1.00 0 0 0 0 0 0 0 0 1373.25 366.95 1422.18 380.73 1.6115 2.2019 5.2564 71.8852 2.5424 -58.0710 -0.0297 -0.0043 0.0016 65 charger2020_charger2020
Car 1.00 1.00 0 0 0 0 0 0 0 0 -1000.00 -1000.00 -1000.00 -1000.00 1.3660 1.9896 4.9534 41.7813 0.7373 165.7210 -0.0533 -0.0082 0.0007 66 mustang_mustang
Motorcycle 1.00 1.00 0 0 0 0 0 0 0 0 -1000.00 -1000.00 -1000.00 -1000.00 1.5852 1.1236 2.1350 -44.4667 1.2844 80.6099 0.7689 -0.0024 0.0775 67 kawasaki_ninja
Car 0.00 1.00 0 0 0 0 0 0 0 0 1625.24 367.66 1647.90 373.37 1.5488 2.0688 3.9961 160.4882 3.7895 -196.8323 0.7523 -0.0070 0.0007 68 mini_cooperst
Car 1.00 1.00 0 0 0 0 0 0 0 0 -1000.00 -1000.00 -1000.00 -1000.00 1.5542 2.3421 5.1370 74.8480 3.7991 -205.6093 -0.0158 -0.0083 0.0004 69 lincoln2020_mkz2020
Car 0.00 1.00 0 0 0 0 0 0 0 0 1753.73 367.73 1806.98 382.93 1.9718 2.0005 4.0595 76.3190 3.0534 -113.6073 -1.6222 -0.0086 0.0006 70 jeep_wrangler_rubicon
Car 0.00 1.00 0 0 0 0 0 0 0 0 1189.47 363.30 1207.97 369.09 1.7506 2.3538 4.8416 175.5469 2.8195 -77.3713 1.4822 -0.0081 0.0007 71 bmw_grandtourer
Car 1.00 1.00 0 0 0 0 0 0 0 0 -1000.00 -1000.00 -1000.00 -1000.00 2.2031 2.5091 6.5872 96.9812 0.7327 173.1687 3.0733 -0.0089 0.0007 72 tesla_cybertruck
Car 1.00 1.00 0 0 0 0 0 0 0 0 -1000.00 -1000.00 -1000.00 -1000.00 1.6244 1.8781 3.8906 -99.2443 -6.0759 4.6099 1.5365 -0.0442 -0.0010 73 audi_a2
Car 0.00 1.00 0 0 0 0 0 0 0 0 756.52 359.84 775.62 365.27 1.7203 2.2019 5.4994 183.2880 1.6951 61.5184 1.5898 -0.0083 0.0014 74 chargercop2020_chargercop2020
Car 1.00 1.00 0 0 0 0 0 0 0 0 -1000.00 -1000.00 -1000.00 -1000.00 1.6320 2.1403 5.2230 -119.1293 3.8730 -229.5665 -1.2506 -0.0121 -0.0067 75 dodge_charger_police
Car 1.00 1.00 2217 2438 3926 78172 0 0 548 0 -1000.00 -1000.00 -1000.00 -1000.00 1.5140 2.1024 4.9073 4.0962 2.0124 6.6981 1.5148 -0.0081 0.0007 76 mercedesccc_mercedesccc
Car 0.00 1.00 0 0 0 0 0 0 0 0 898.03 361.11 904.62 365.60 1.6244 1.8781 3.8906 206.6419 2.0499 19.5226 3.1035 -0.0087 -0.0004 77 audi_a2
Car 0.00 1.00 0 0 0 0 0 0 0 0 1699.55 369.60 1746.59 381.66 1.6244 1.8781 3.8906 80.0110 3.0276 -110.9180 -1.6360 -0.0086 -0.0004 78 audi_a2
Car 0.00 1.00 0 0 0 0 0 0 0 0 1002.27 361.45 1015.75 365.77 1.7203 2.2019 5.4994 233.0280 2.3644 -22.7518 1.4356 -0.0099 0.0029 79 chargercop2020_chargercop2020
Car 0.00 1.00 0 0 0 0 0 0 0 0 1857.58 367.44 1892.49 375.44 2.1397 2.1728 4.7045 158.0715 4.2930 -261.4055 -0.0573 -0.0127 0.0009 80 volkswagen_t2
Car 0.00 1.00 0 0 0 0 0 0 0 0 1009.64 362.45 1022.75 366.04 1.3660 1.9896 4.9534 221.6473 2.3671 -24.6056 -1.8091 -0.0083 -0.0001 81 mustang_mustang
Car 0.00 1.00 0 0 0 0 0 0 0 0 938.74 362.49 974.02 373.90 1.7203 2.2019 5.4994 88.7854 2.1454 -1.6842 1.5527 -0.0083 0.0014 82 chargercop2020_chargercop2020
Car 0.00 1.00 0 0 0 0 0 0 0 0 1209.23 363.35 1218.97 366.78 1.6244 1.8781 3.8906 271.8005 3.2836 -126.3567 -1.6135 -0.0077 -0.0004 83 audi_a2
Car 0.00 0.78 16 14 26 615 0 0 0 3 288.28 364.00 386.30 392.97 1.6244 1.8781 3.8906 31.5340 1.8247 31.8681 3.0900 -0.0087 -0.0004 84 audi_a2
Car 0.00 1.00 0 0 0 0 0 0 0 0 555.70 359.93 579.64 365.87 1.3660 1.9896 4.9534 132.3755 1.3600 90.6823 3.0927 -0.0071 0.0008 85 mustang_mustang
Car 1.00 1.00 0 0 0 0 0 0 0 0 -1000.00 -1000.00 -1000.00 -1000.00 1.6244 1.8781 3.8906 -77.3199 -8.3480 119.3633 -2.4343 0.0026 0.0016 86 audi_a2
Car 0.00 1.00 0 0 0 0 0 0 0 0 1424.52 364.55 1443.02 371.03 1.9718 2.0005 4.0595 175.5907 3.4333 -151.4214 1.5422 -0.0086 0.0006 87 jeep_wrangler_rubicon
Car 1.00 1.00 0 0 0 0 0 0 0 0 -1000.00 -1000.00 -1000.00 -1000.00 1.9718 2.0005 4.0595 -122.0489 2.7676 -95.8534 -1.6538 -0.0089 0.0006 88 jeep_wrangler_rubicon
Car 1.00 1.00 0 0 3 0 0 0 0 0 -1000.00 -1000.00 -1000.00 -1000.00 1.3660 1.9896 4.9534 -73.6920 -8.1259 103.5402 0.8196 -0.0197 0.0004 89 mustang_mustang
Motorcycle 1.00 1.00 17 15 27 137 4 0 0 0 -1000.00 -1000.00 -1000.00 -1000.00 1.6649 1.0692 2.4735 -14.8727 2.4293 -53.5465 -0.2375 -0.0006 -0.0021 90 harley_davidson_low_rider
Car 0.00 1.00 0 0 0 0 0 0 0 0 1277.35 364.04 1283.35 367.20 1.5475 1.9070 4.4025 280.9076 3.6065 -163.9815 2.7847 -0.0081 0.0007 91 seat_leon
Motorcycle 1.00 1.00 0 0 0 0 0 0 0 0 -1000.00 -1000.00 -1000.00 -1000.00 1.6387 1.2138 2.3199 26.6591 1.2817 92.5099 3.0760 -0.0083 0.0007 92 yamaha_yzf
Cyclist 1.00 1.00 0 0 0 0 0 0 0 0 -1000.00 -1000.00 -1000.00 -1000.00 1.9311 0.5921 1.9272 -62.4216 3.6234 -203.1285 -1.3349 -0.0105 -0.0011 93 gazelle_omafiets
Car 1.00 1.00 0 0 0 0 0 0 0 0 -1000.00 -1000.00 -1000.00 -1000.00 1.5140 2.1024 4.9073 75.8714 3.7608 -200.7659 -1.6020 -0.0082 0.0007 94 mercedesccc_mercedesccc
Car 0.00 1.00 0 0 0 0 0 0 0 0 1111.98 363.52 1121.67 368.27 1.4546 2.0938 4.3903 178.0429 2.6007 -52.2989 3.0775 -0.0057 -0.0012 95 audi_tt
Car 1.00 1.00 0 10 15 36 8 0 0 0 -1000.00 -1000.00 -1000.00 -1000.00 2.1397 2.1728 4.7045 10.5150 3.1237 -126.8254 3.0960 -0.0082 0.0007 96 volkswagen_t2
Car 1.00 1.00 0 0 1 0 0 0 0 0 -1000.00 -1000.00 -1000.00 -1000.00 1.5140 2.1024 4.9073 -25.9657 3.0949 -128.1699 -0.0521 -0.0081 0.0007 97 mercedesccc_mercedesccc
Car 1.00 1.00 0 0 0 0 0 0 0 0 -1000.00 -1000.00 -1000.00 -1000.00 1.4812 2.1349 5.6254 74.2918 0.7551 167.4139 -0.0552 -0.0082 0.0007 98 chevrolet_impala
Car 1.00 1.00 7 16 25 189 0 0 6 0 -1000.00 -1000.00 -1000.00 -1000.00 1.5765 1.9374 3.8150 -14.8388 1.2388 91.3172 -0.0647 -0.0080 0.0007 99 nissan_micra
Motorcycle 0.00 0.03 73 59 94 3093 0 0 5 12 93.88 367.81 180.00 408.00 1.5853 1.1236 2.1350 21.9659 1.8097 28.7822 3.0906 -0.0083 0.0007 100 kawasaki_ninja
Car 0.00 1.00 0 0 0 0 0 0 0 0 1341.50 363.87 1356.03 369.61 1.9476 2.0282 4.8347 195.6559 3.3275 -138.7102 3.0501 -0.0085 0.0007 101 nissan_patrol
Car 1.00 1.00 0 0 0 0 0 0 0 0 -1000.00 -1000.00 -1000.00 -1000.00 2.1397 2.1728 4.7045 -102.8338 1.3377 -63.0133 1.5016 -0.1095 0.0027 102 volkswagen_t2
Car 1.00 1.00 0 0 0 0 0 0 0 0 -1000.00 -1000.00 -1000.00 -1000.00 1.3660 1.9896 4.9534 -25.6237 3.1243 -131.7734 -0.0602 -0.0080 0.0007 103 mustang_mustang
Car 1.00 1.00 0 0 0 0 0 0 0 0 -1000.00 -1000.00 -1000.00 -1000.00 1.5627 2.2716 5.0314 -40.7517 2.3531 -44.9020 -0.4754 -0.0082 0.0024 104 tesla_model3
Car 0.00 1.00 0 0 0 0 0 0 0 0 843.64 361.89 860.53 369.61 1.5542 2.3421 5.1370 118.6770 1.9796 20.6340 -0.0495 -0.0098 0.0017 105 lincoln2020_mkz2020
Car 0.00 1.00 0 0 0 0 0 0 0 0 900.81 361.66 915.00 366.97 1.5627 2.2716 5.0314 169.2685 2.0792 13.5538 -0.3685 -0.0082 0.0007 106 tesla_model3
Car 1.00 1.00 0 0 0 0 0 0 0 0 -1000.00 -1000.00 -1000.00 -1000.00 1.5765 1.9374 3.8150 76.7670 3.6186 -184.7597 -1.5023 -0.0080 0.0007 107 nissan_micra
Cyclist 1.00 1.00 0 0 0 0 0 0 0 0 -1000.00 -1000.00 -1000.00 -1000.00 1.9311 0.5921 1.9272 79.2646 3.2398 -139.2684 -1.5807 -0.0110 0.0019 108 gazelle_omafiets
Cyclist 1.00 1.00 0 0 0 0 0 0 0 0 -1000.00 -1000.00 -1000.00 -1000.00 1.9311 0.5921 1.9272 62.9094 -9.0765 142.2700 3.0724 -0.0117 0.0006 109 gazelle_omafiets
Car 0.00 1.00 0 0 0 0 0 0 0 0 1345.58 367.96 1386.02 380.21 1.4546 2.0938 4.3903 72.5343 2.5199 -54.5039 -0.0330 -0.0039 0.0010 110 audi_tt
Car 0.00 1.00 0 0 0 0 0 0 0 0 1861.03 368.64 1919.10 383.13 1.9476 2.0282 4.8347 79.1966 3.2011 -133.3392 -1.5604 -0.0089 0.0007 111 nissan_patrol
Car 0.00 1.00 0 0 0 0 0 0 0 0 1224.93 365.71 1247.67 374.29 1.4546 2.0938 4.3903 101.0092 2.5139 -52.0262 3.0860 -0.0082 0.0007 112 audi_tt
Car 0.00 1.00 0 0 0 0 0 0 0 0 598.63 358.41 617.11 363.72 1.7506 2.3538 4.8416 189.4588 1.2348 117.4602 1.4964 -0.0083 0.0006 113 bmw_grandtourer
Car 0.00 1.00 0 0 0 0 0 0 0 0 1301.42 363.56 1318.87 370.21 1.9718 2.0005 4.0595 170.5158 3.0847 -109.2831 -1.5586 -0.0087 -0.0004 114 jeep_wrangler_rubicon
Motorcycle 1.00 1.00 0 0 0 0 0 0 0 0 -1000.00 -1000.00 -1000.00 -1000.00 1.6387 1.2138 2.3199 37.8177 1.2943 91.9337 3.0893 -0.0082 0.0007 115 yamaha_yzf
Car 0.00 1.00 0 0 0 0 0 0 0 0 951.11 361.42 967.96 366.85 1.7203 2.2019 5.4994 183.5786 2.2159 -2.0881 1.5616 -0.0083 0.0014 116 chargercop2020_chargercop2020
Car 0.00 1.00 0 0 0 0 0 0 0 0 592.06 360.05 627.82 371.70 1.6980 1.9434 4.1871 84.3957 1.7219 50.3883 -1.6288 -0.0082 0.0007 117 citroen_c3
Car 1.00 1.00 0 0 0 0 0 0 0 0 -1000.00 -1000.00 -1000.00 -1000.00 1.5542 2.3421 5.1370 -27.0385 4.4127 -289.2966 3.0309 -0.0094 -0.0065 118 lincoln2020_mkz2020
Car 0.00 1.00 0 0 0 0 0 0 0 0 793.23 355.40 834.66 374.81 2.5908 2.7453 5.4640 78.8298 2.0016 18.2098 -0.4272 -0.0148 -0.0023 119 carlamotors_carlacola
Car 0.00 0.08 66 79 121 5652 0 0 11 11 492.01 364.00 553.00 386.48 1.5765 1.9374 3.8150 39.3282 1.8515 27.9271 3.0853 -0.0082 0.0007 120 nissan_micra
Car 0.00 1.00 0 0 0 0 0 0 0 0 1224.51 363.88 1230.03 366.98 1.4477 1.5550 2.3177 267.1885 3.3295 -130.5668 -1.9838 -0.0139 0.0007 121 bmw_isetta
Car 1.00 1.00 0 0 0 0 0 0 0 0 -1000.00 -1000.00 -1000.00 -1000.00 1.7173 2.2591 5.2781 47.7870 0.7302 169.1116 -0.0454 -0.0133 -0.0001 122 mercedes_benz_coupe
Car 1.00 1.00 8 12 18 64 4 0 0 0 -1000.00 -1000.00 -1000.00 -1000.00 1.7173 2.2591 5.2781 -13.0159 3.0192 -115.7378 -1.6209 -0.0155 0.0005 123 mercedes_benz_coupe
Car 0.00 1.00 0 0 0 0 0 0 0 0 308.21 358.17 345.08 368.13 1.5765 1.9374 3.8150 90.4045 1.2902 99.8556 -1.6055 -0.0039 0.0011 124 nissan_micra
Car 1.00 1.00 0 0 0 0 0 0 0 0 -1000.00 -1000.00 -1000.00 -1000.00 1.6115 2.2019 5.2564 -63.2147 2.0908 -15.2794 -1.3962 -0.0084 0.0049 125 charger2020_charger2020
Car 1.00 1.00 0 0 0 0 0 0 0 0 -1000.00 -1000.00 -1000.00 -1000.00 1.9476 2.0282 4.8347 67.5343 0.7251 167.9278 -0.0759 -0.0011 0.0007 126 nissan_patrol
Car 1.00 1.00 0 0 0 13 0 0 0 0 -1000.00 -1000.00 -1000.00 -1000.00 1.5140 2.1024 4.9073 -93.4934 -7.3920 69.9969 1.2832 -0.0192 -0.0004 127 mercedesccc_mercedesccc
Car 0.00 1.00 0 0 0 0 0 0 0 0 1175.08 362.41 1187.33 366.34 1.7173 2.2591 5.2781 283.5813 3.0853 -114.9465 1.5084 -0.0499 0.0022 128 mercedes_benz_coupe
Car 0.00 1.00 0 0 0 0 0 0 0 0 983.65 362.47 1001.36 367.29 1.4812 2.1349 5.6254 179.1785 2.3032 -12.6619 1.5337 -0.0083 0.0004 129 chevrolet_impala
Car 1.00 1.00 0 0 0 0 0 0 0 0 -1000.00 -1000.00 -1000.00 -1000.00 2.1397 2.1728 4.7045 -110.5683 3.1771 -143.8284 1.5266 -0.0082 0.0007 130 volkswagen_t2
Car 0.00 1.00 0 0 0 0 0 0 0 0 82.42 355.72 118.37 365.12 1.6244 1.8781 3.8906 100.0540 0.8879 151.2980 1.4821 0.0069 -0.0033 131 audi_a2
Car 1.00 1.00 0 18 31 103 21 0 0 0 -1000.00 -1000.00 -1000.00 -1000.00 1.9476 2.0282 4.8347 -1.5002 3.1018 -128.1313 -0.5574 -0.0107 0.0011 132 nissan_patrol
Car 0.00 1.00 0 0 0 0 0 0 0 0 1322.99 363.97 1364.22 377.27 1.9476 2.0282 4.8347 85.9156 2.5866 -60.9355 1.5228 -0.0091 0.0006 133 nissan_patrol
Car 1.00 1.00 0 3 3 0 0 0 0 0 -1000.00 -1000.00 -1000.00 -1000.00 1.9476 2.0282 4.8347 -85.5182 -8.1835 111.3802 -2.3189 0.0021 0.0044 134 nissan_patrol
Car 1.00 1.00 8 10 17 88 6 0 0 0 -1000.00 -1000.00 -1000.00 -1000.00 1.7506 2.3538 4.8416 -8.8608 2.9230 -105.9842 -1.6276 -0.0082 0.0007 135 bmw_grandtourer
Car 0.00 1.00 0 0 0 0 0 0 0 0 1200.08 362.69 1219.44 372.72 1.9476 2.0282 4.8347 113.0948 2.5095 -52.6860 3.0661 -0.0084 0.0007 136 nissan_patrol
Car 1.00 1.00 293 341 537 2441 86 0 0 0 -1000.00 -1000.00 -1000.00 -1000.00 1.7203 2.2019 5.4994 -4.6389 2.2726 -25.3266 -1.6077 -0.0083 0.0014 137 chargercop2020_chargercop2020
Car 0.00 1.00 0 0 0 0 0 0 0 0 1249.76 359.42 1288.54 376.91 2.5908 2.7453 5.4640 85.9748 2.5269 -49.6131 -1.0513 -0.0085 0.0006 138 carlamotors_carlacola
Car 0.00 1.00 0 0 0 0 0 0 0 0 456.50 357.85 478.84 363.08 1.5863 2.2347 5.1468 174.9025 0.9448 152.1917 -0.8079 -0.0082 -0.0025 139 lincoln_mkz2017
Car 1.00 1.00 0 0 0 0 0 0 0 0 -1000.00 -1000.00 -1000.00 -1000.00 1.9718 2.0005 4.0595 43.5707 1.3262 87.8119 -0.0367 -0.0088 0.0007 140 jeep_wrangler_rubicon
Car 0.00 1.00 0 0 0 0 0 0 0 0 474.96 358.70 507.47 367.25 1.6011 2.1072 4.7392 108.1350 1.3642 88.2828 3.0860 -0.0063 0.0007 141 toyota_prius
Car 0.00 1.00 0 0 0 0 0 0 0 0 631.13 358.84 650.54 364.30 1.7318 2.1344 5.0985 182.0596 1.3752 101.9901 -1.5690 -0.0083 0.0007 142 audi_etron
Car 0.00 1.00 0 0 0 0 0 0 0 0 1308.98 362.99 1324.96 368.73 2.2031 2.5091 6.5872 221.3845 3.4151 -144.1056 -0.0771 -0.0019 0.0006 143 tesla_cybertruck
Car 0.00 1.00 0 0 0 0 0 0 0 0 711.73 359.61 722.73 364.16 1.5765 1.9374 3.8150 197.1461 1.4519 83.6468 3.0447 -0.0080 0.0007 144 nissan_micra
Car 0.00 1.00 0 0 0 0 0 0 0 0 1201.64 365.46 1223.01 373.85 1.4546 2.0938 4.3903 103.0878 2.4877 -48.6508 3.0942 -0.0082 0.0007 145 audi_tt
Car 0.00 1.00 0 0 0 0 0 0 0 0 1334.92 364.72 1350.00 367.99 1.4812 2.1349 5.6254 266.0224 3.7767 -185.0701 -1.6351 -0.0099 0.0002 146 chevrolet_impala
Car 0.00 1.00 0 0 0 0 0 0 0 0 411.69 311.59 449.89 323.25 2.2031 2.5091 6.5872 130.6249 -8.8194 121.3919 -0.0275 -0.0102 0.0007 147 tesla_cybertruck
Car 1.00 1.00 0 0 0 0 0 0 0 0 -1000.00 -1000.00 -1000.00 -1000.00 1.9718 2.0005 4.0595 73.8343 3.5434 -173.7197 -1.6366 -0.0077 0.0006 148 jeep_wrangler_rubicon
Car 0.00 1.00 0 0 0 0 0 0 0 0 1374.92 365.87 1391.20 370.18 1.3660 1.9896 4.9534 188.2310 3.3848 -145.0815 -0.0773 -0.0079 0.0007 149 mustang_mustang
Car 0.00 1.00 0 0 0 0 0 0 0 0 1102.25 363.41 1115.06 367.45 1.3660 1.9896 4.9534 197.1113 2.5969 -54.7991 -2.8276 -0.0082 0.0007 150 mustang_mustang
Car 1.00 1.00 0 0 0 0 0 0 0 0 -1000.00 -1000.00 -1000.00 -1000.00 2.5908 2.7453 5.4640 -93.4994 3.0154 -121.1455 3.0908 -0.0092 0.0007 151 carlamotors_carlacola
Car 0.00 1.00 0 0 0 0 0 0 0 0 189.56 358.05 267.48 372.28 1.5863 2.2347 5.1468 66.1323 1.3746 83.5023 -0.0590 -0.0082 0.0007 152 lincoln_mkz2017
Car 0.00 1.00 0 0 0 0 0 0 0 0 757.46 339.15 768.79 343.05 1.7506 2.3538 4.8416 277.1443 -8.5328 95.8410 2.1894 -0.0094 0.0009 153 bmw_grandtourer
Cyclist 0.00 1.00 0 0 0 0 0 0 0 0 802.18 359.62 808.48 369.63 1.9709 0.6705 1.7250 111.1691 1.8980 28.4934 3.0811 -0.0038 0.0007 154 diamondback_century
Cyclist 1.00 1.00 0 0 0 0 0 0 0 0 -1000.00 -1000.00 -1000.00 -1000.00 1.9311 0.5921 1.9272 79.4367 3.8151 -209.6733 1.5253 -0.0122 0.0008 155 gazelle_omafiets
Motorcycle 0.00 1.00 0 0 0 0 0 0 0 0 405.32 357.96 427.03 368.12 1.6960 1.0692 2.4735 94.7135 1.3560 89.6545 -0.9610 -0.0030 0.0011 156 harley_davidson_low_rider
Car 0.00 1.00 0 0 0 0 0 0 0 0 1283.67 362.95 1295.18 367.28 2.1397 2.1728 4.7045 283.4625 3.6712 -170.0744 1.2215 -0.0081 0.0007 157 volkswagen_t2
Car 1.00 1.00 0 2 3 46 0 0 0 0 -1000.00 -1000.00 -1000.00 -1000.00 1.5488 2.0688 3.9961 -85.1051 -7.7833 88.5495 1.0409 -0.0203 0.0004 158 mini_cooperst
Cyclist 0.00 1.00 0 0 0 0 0 0 0 0 748.01 359.05 754.59 365.00 1.9311 0.5921 1.9272 183.5398 1.6296 66.4924 1.5231 -0.0123 0.0007 159 gazelle_omafiets
Car 0.00 1.00 0 0 0 0 0 0 0 0 1353.11 365.65 1377.59 370.87 1.4812 2.1349 5.6254 166.2346 3.1971 -123.0242 -1.6265 -0.0078 0.0007 160 chevrolet_impala
Car 1.00 1.00 0 0 0 0 0 0 0 0 -1000.00 -1000.00 -1000.00 -1000.00 1.7173 2.2591 5.2781 -120.0786 -6.1858 8.8322 -1.6272 0.0026 0.0004 161 mercedes_benz_coupe
Car 1.00 1.00 0 0 0 0 0 0 0 0 -1000.00 -1000.00 -1000.00 -1000.00 1.9718 2.0005 4.0595 80.3363 3.7523 -198.6913 3.0967 -0.0086 0.0007 162 jeep_wrangler_rubicon
Car 1.00 1.00 95 107 186 785 26 0 0 0 -1000.00 -1000.00 -1000.00 -1000.00 1.7506 2.3538 4.8416 8.8613 2.4302 -50.9033 -0.0525 -0.0106 0.0006 163 bmw_grandtourer
Car 1.00 1.00 0 0 0 0 0 0 0 0 -1000.00 -1000.00 -1000.00 -1000.00 1.6115 2.2019 5.2564 21.4795 1.2667 92.7598 3.1085 -0.0083 0.0013 164 charger2020_charger2020
Car 1.00 1.00 169 186 282 1343 39 0 0 0 -1000.00 -1000.00 -1000.00 -1000.00 1.6244 1.8781 3.8906 -8.3686 2.3027 -30.0005 -1.6070 -0.0087 -0.0004 165 audi_a2
Car 1.00 1.00 0 0 0 0 0 0 0 0 -1000.00 -1000.00 -1000.00 -1000.00 1.5475 1.9070 4.4025 28.0815 4.5109 -296.4081 3.0872 -0.0083 0.0004 166 seat_leon
Car 0.00 1.00 0 0 0 0 0 0 0 0 564.17 328.06 578.48 333.50 1.5765 1.9374 3.8150 184.0401 -8.8493 126.0776 -0.0413 -0.0091 -0.0011 167 nissan_micra
Car 1.00 1.00 0 0 0 0 0 0 0 0 -1000.00 -1000.00 -1000.00 -1000.00 1.5863 2.2347 5.1468 -32.7031 3.1176 -131.2629 -0.0559 -0.0082 0.0007 168 lincoln_mkz2017
Car 0.00 1.00 0 0 0 0 0 0 0 0 1210.87 363.85 1234.19 373.48 1.7506 2.3538 4.8416 107.0086 2.5109 -52.3767 3.0890 -0.0082 0.0007 169 bmw_grandtourer
Car 0.00 0.28 60 75 120 4670 0 0 18 20 219.97 368.00 389.00 400.76 1.4812 2.1349 5.6254 27.3727 1.8594 28.4239 3.0898 -0.0082 0.0007 170 chevrolet_impala
Car 0.00 1.00 0 0 0 0 0 0 0 0 820.89 361.17 840.15 365.97 1.4812 2.1349 5.6254 178.6708 1.8780 39.2469 -1.6302 -0.0082 0.0007 171 chevrolet_impala
Car 1.00 1.00 10 9 12 115 0 0 21 0 -1000.00 -1000.00 -1000.00 -1000.00 1.6011 2.1072 4.7392 2.6665 1.1691 109.8509 -1.6163 -0.0082 0.0007 172 toyota_prius
Car 0.00 1.00 0 0 0 0 0 0 0 0 968.05 361.45 980.98 365.50 1.6115 2.2019 5.2564 230.6406 2.2415 -8.2329 1.5838 -0.0082 0.0013 173 charger2020_charger2020
Car 0.00 1.00 0 0 0 0 0 0 0 0 1414.76 365.89 1432.80 371.40 1.5475 1.9070 4.4025 165.5382 3.3273 -139.8450 -0.0825 -0.0092 0.0007 174 seat_leon
Car 0.00 1.00 0 0 0 0 0 0 0 0 1637.16 363.38 1688.88 378.15 2.5908 2.7453 5.4640 102.9764 3.2377 -131.4015 3.0646 -0.0082 0.0007 175 carlamotors_carlacola
Car 0.00 1.00 0 0 0 0 0 0 0 0 443.66 359.38 484.11 367.74 1.4812 2.1349 5.6254 102.3672 1.3759 88.3653 3.0780 -0.0019 0.0008 176 chevrolet_impala
Car 1.00 1.00 0 0 0 0 0 0 0 0 -1000.00 -1000.00 -1000.00 -1000.00 1.9718 2.0005 4.0595 -117.5213 2.9085 -112.6997 -1.3824 -0.0085 0.0006 177 jeep_wrangler_rubicon
Car 0.00 1.00 0 0 0 0 0 0 0 0 1230.46 363.37 1240.62 366.92 1.6980 1.9434 4.1871 278.1679 3.4172 -139.9938 0.8708 -0.0081 0.0051 178 citroen_c3
Car 0.00 1.00 0 0 0 0 0 0 0 0 905.83 363.29 932.83 373.50 1.5488 2.0688 3.9961 88.8747 2.0937 4.1905 1.4976 -0.0082 0.0007 179 mini_cooperst
Motorcycle 0.00 1.00 0 0 0 0 0 0 0 0 792.86 361.02 802.91 370.03 1.6960 1.0692 2.4735 107.0701 1.8942 28.7687 3.0842 -0.0052 0.0008 180 harley_davidson_low_rider
Car 0.00 1.00 0 0 0 0 0 0 0 0 654.14 359.84 663.96 364.42 1.4477 1.5550 2.3177 181.5741 1.4159 95.7940 -1.6339 -0.0169 0.0007 181 bmw_isetta
Cyclist 0.00 0.74 3 2 2 267 0 0 0 1 455.66 361.75 479.39 387.43 1.7065 0.8593 1.4873 39.1327 1.7922 31.5534 3.1023 0.0030 0.0000 182 bh_crossbike
Car 1.00 1.00 0 0 0 0 0 0 0 0 -1000.00 -1000.00 -1000.00 -1000.00 1.6011 2.1072 4.7392 -122.5857 2.8568 -107.2071 -1.6399 -0.0082 0.0007 183 toyota_prius
Car 1.00 1.00 0 0 0 0 0 0 0 0 -1000.00 -1000.00 -1000.00 -1000.00 1.5488 2.0688 3.9961 88.3328 3.7861 -202.6698 3.1259 -0.0073 0.0006 184 mini_cooperst
Car 0.00 1.00 0 0 0 0 0 0 0 0 1589.31 366.45 1604.58 370.67 1.6980 1.9434 4.1871 236.1076 4.4707 -272.3428 -2.3994 -0.0085 -0.0031 185 citroen_c3
Car 1.00 1.00 9 10 11 71 0 0 22 0 -1000.00 -1000.00 -1000.00 -1000.00 1.5765 1.9374 3.8150 -1.1042 1.1593 109.0094 -1.6087 -0.0082 0.0007 186 nissan_micra
Car 0.00 0.95 11 7 15 2689 0 0 7 0 582.44 361.04 632.67 381.86 1.7506 2.3538 4.8416 50.6209 1.8589 29.1794 -2.9011 -0.0081 0.0011 187 bmw_grandtourer
Car 0.00 1.00 0 0 0 0 0 0 0 0 926.10 361.45 937.05 365.45 1.5488 2.0688 3.9961 220.6273 2.1403 9.0205 -0.7586 -0.0101 0.0020 188 mini_cooperst
Car 0.00 1.00 0 0 0 0 0 0 0 0 1273.46 364.12 1282.58 367.66 1.5488 2.0688 3.9961 252.7576 3.4440 -146.6501 -0.0773 -0.0070 0.0007 189 mini_cooperst
Car 0.00 1.00 0 0 0 0 0 0 0 0 632.19 359.24 650.72 364.39 1.6011 2.1072 4.7392 178.1890 1.3777 99.5656 -1.6221 -0.0082 0.0007 190 toyota_prius
Car 1.00 1.00 0 0 0 0 0 0 0 0 -1000.00 -1000.00 -1000.00 -1000.00 1.3660 1.9896 4.9534 -29.2230 1.2427 91.0570 0.5753 -0.0081 0.0004 191 mustang_mustang
Car 0.00 1.00 0 0 0 0 0 0 0 0 1264.66 363.12 1276.29 367.01 1.9476 2.0282 4.8347 287.6553 3.5897 -162.7755 1.5195 -0.0085 0.0007 192 nissan_patrol
Pedestrian 0.00 1.00 0 0 0 0 0 0 0 0 1433.67 364.24 1435.98 367.99 1.9158 0.4880 0.7507 285.7238 4.0983 -246.1224 -1.8289 -0.0082 0.0007 193 pedestrian_0019
Pedestrian 1.00 1.00 0 0 0 0 0 0 0 0 -1000.00 -1000.00 -1000.00 -1000.00 1.1330 0.4333 0.6667 16.3661 2.6592 -96.7671 2.6904 -0.0082 0.0007 194 pedestrian_0010
Pedestrian 0.00 1.00 0 0 0 0 0 0 0 0 902.53 359.76 904.49 364.25 1.9158 0.4880 0.7507 238.5504 1.8161 21.9753 1.5150 -0.0082 0.0007 195 pedestrian_0005
Pedestrian 1.00 1.00 0 0 0 0 0 0 0 0 -1000.00 -1000.00 -1000.00 -1000.00 1.9158 0.4880 0.6073 75.5830 0.4819 177.3718 3.0877 -0.0082 0.0007 196 pedestrian_0003
Pedestrian 1.00 1.00 0 0 1 7 0 0 0 0 -1000.00 -1000.00 -1000.00 -1000.00 1.9158 0.4880 0.7507 -5.0176 -9.0219 121.1280 -0.0513 -0.0082 0.0007 197 pedestrian_0021
Pedestrian 1.00 1.00 0 0 0 0 0 0 0 0 -1000.00 -1000.00 -1000.00 -1000.00 1.9158 0.4880 0.7507 -113.8425 3.9974 -268.5834 2.1958 -0.0082 0.0007 198 pedestrian_0003
Pedestrian 0.00 1.00 0 0 0 0 0 0 0 0 1401.46 363.98 1403.09 367.67 1.9158 0.4880 0.4538 289.6892 3.9906 -232.5664 1.4953 -0.0082 0.0007 199 pedestrian_0004
Pedestrian 1.00 1.00 2 5 8 16 0 0 0 0 -1000.00 -1000.00 -1000.00 -1000.00 1.9158 0.4880 0.4129 -13.7878 2.3503 -58.6650 -1.0042 -0.0082 0.0007 200 pedestrian_0022
Pedestrian 0.00 1.00 0 0 0 0 0 0 0 0 1196.46 364.01 1198.35 368.11 1.3390 0.3253 0.4732 182.9430 2.6574 -80.1514 -1.5709 -0.0082 0.0007 201 pedestrian_0014
Pedestrian 0.00 1.00 0 0 0 0 0 0 0 0 868.98 360.47 872.20 372.18 1.9158 0.4880 0.4664 92.1100 1.9957 12.4602 0.1992 -0.0082 0.0007 202 pedestrian_0022
Pedestrian 1.00 1.00 0 0 0 0 0 0 0 0 -1000.00 -1000.00 -1000.00 -1000.00 1.9158 0.4880 0.5798 66.1958 3.7143 -199.7789 -1.9022 -0.0082 0.0007 203 pedestrian_0023
Pedestrian 0.00 1.00 0 0 0 0 0 0 0 0 340.29 359.15 347.11 369.44 1.3390 0.3253 0.5005 73.5196 1.2293 78.3630 -3.1335 -0.0082 0.0007 204 pedestrian_0012
Pedestrian 1.00 1.00 0 0 0 1 0 0 0 0 -1000.00 -1000.00 -1000.00 -1000.00 1.9158 0.4880 0.7507 -19.8546 3.0150 -121.7841 1.2630 -0.0082 0.0007 205 pedestrian_0019
Pedestrian 1.00 1.00 0 0 0 1 0 0 0 0 -1000.00 -1000.00 -1000.00 -1000.00 1.9158 0.4880 0.7377 -72.8472 3.1671 -167.8158 1.5368 -0.0082 0.0007 206 pedestrian_0005
Pedestrian 1.00 1.00 0 1 0 11 0 0 7 0 -1000.00 -1000.00 -1000.00 -1000.00 1.9158 0.4880 0.6746 0.9179 0.5852 158.2917 -1.8895 -0.0082 0.0007 207 pedestrian_0026
Pedestrian 0.00 1.00 0 0 0 0 0 0 0 0 850.92 359.36 856.57 375.17 1.9158 0.4880 0.7507 68.7287 1.8408 10.7436 3.0758 -0.0082 0.0007 208 pedestrian_0015
Pedestrian 1.00 1.00 0 0 0 0 0 0 0 0 -1000.00 -1000.00 -1000.00 -1000.00 1.3390 0.3253 0.3286 -133.8449 2.7135 -114.5997 -1.6147 -0.0082 0.0007 209 pedestrian_0014
Pedestrian 1.00 1.00 0 0 0 0 0 0 0 0 -1000.00 -1000.00 -1000.00 -1000.00 1.9158 0.4880 0.6228 -135.8497 2.8042 -124.8861 1.4042 -0.0082 0.0007 210 pedestrian_0016
Pedestrian 0.00 1.00 0 0 0 0 0 0 0 0 1265.51 366.56 1268.34 374.17 1.3390 0.3253 0.2792 99.0515 2.5013 -56.5113 1.8416 -0.0082 0.0007 211 pedestrian_0012
Pedestrian 1.00 1.00 0 2 5 9 0 0 0 0 -1000.00 -1000.00 -1000.00 -1000.00 1.1330 0.4333 0.5922 -15.0541 2.6204 -93.1958 -1.4350 -0.0082 0.0007 212 pedestrian_0009
Pedestrian 0.00 1.00 0 0 0 0 0 0 0 0 284.42 358.06 289.74 362.88 1.1330 0.4333 0.6667 132.1637 0.6777 156.9667 3.0758 -0.0082 0.0007 213 pedestrian_0010
Pedestrian 1.00 1.00 0 0 0 0 0 0 0 0 -1000.00 -1000.00 -1000.00 -1000.00 1.9158 0.4880 0.7507 -97.6630 4.1514 -286.0090 -0.6378 -0.0082 0.0007 214 pedestrian_0021
Pedestrian 0.00 1.00 0 0 0 0 0 0 0 0 1261.73 363.32 1265.06 374.28 1.9158 0.4880 0.3912 98.4584 2.5014 -55.5599 1.3145 -0.0082 0.0007 215 pedestrian_0018
Pedestrian 0.00 1.00 0 0 0 0 0 0 0 0 1553.81 365.22 1555.57 369.27 1.9158 0.4880 0.4747 264.4240 4.3989 -284.8365 0.9408 -0.0082 0.0007 216 pedestrian_0020
Pedestrian 0.00 1.00 0 0 0 0 0 0 0 0 962.75 360.32 967.48 371.56 1.9158 0.4880 0.7507 96.0770 1.9736 -3.1099 1.4667 -0.0082 0.0007 217 pedestrian_0017
Pedestrian 0.00 1.00 0 0 0 0 0 0 0 0 1387.07 363.84 1390.19 369.40 1.9158 0.4880 0.7507 193.2659 3.2507 -150.8914 3.1384 -0.0082 0.0007 218 pedestrian_0007
Pedestrian 1.00 1.00 0 0 1 10 0 0 0 0 -1000.00 -1000.00 -1000.00 -1000.00 1.1330 0.4333 0.5299 -14.8079 2.6500 -96.7579 1.4345 -0.0082 0.0007 219 pedestrian_0010
Pedestrian 1.00 1.00 1 3 7 16 0 0 0 0 -1000.00 -1000.00 -1000.00 -1000.00 1.9158 0.4880 0.5207 9.0317 2.6123 -88.9211 -1.4508 -0.0082 0.0007 220 pedestrian_0023
Pedestrian 0.00 1.00 0 0 0 0 0 0 0 0 958.66 360.22 959.92 364.72 1.9158 0.4880 0.4135 237.5455 2.0098 -1.9298 1.3281 -0.0082 0.0007 221 pedestrian_0024
Pedestrian 0.00 1.00 0 0 0 0 0 0 0 0 1704.96 368.67 1707.32 372.12 1.1330 0.4333 0.3606 184.3184 4.0036 -248.9712 0.3853 -0.0082 0.0007 222 pedestrian_0011
Pedestrian 1.00 1.00 0 0 0 0 0 0 0 0 -1000.00 -1000.00 -1000.00 -1000.00 1.9158 0.4880 0.6151 -75.8302 4.2864 -300.6891 -0.4759 -0.0082 0.0007 223 pedestrian_0016
Pedestrian 0.00 1.00 0 0 0 0 0 0 0 0 296.45 311.40 302.16 319.95 1.9158 0.4880 0.6789 128.7860 -9.2571 150.0517 3.0406 -0.0082 0.0007 224 pedestrian_0017
Pedestrian 1.00 1.00 0 0 0 1 0 0 0 0 -1000.00 -1000.00 -1000.00 -1000.00 1.9158 0.4880 0.7507 -83.0174 -7.7144 74.9664 -1.8932 -0.0082 0.0007 225 pedestrian_0001
Pedestrian 0.00 1.00 0 0 0 0 0 0 0 0 1625.85 365.76 1634.27 377.65 1.9158 0.4880 0.7507 91.1196 2.8578 -111.1362 1.5463 -0.0082 0.0007 226 pedestrian_0003
Pedestrian 0.00 1.00 0 0 0 0 0 0 0 0 877.64 359.66 879.06 364.55 1.9158 0.4880 0.4686 219.2796 1.7860 29.9187 1.5616 -0.0082 0.0007 227 pedestrian_0007
Pedestrian 0.00 1.00 0 0 0 0 0 0 0 0 1218.58 364.82 1221.27 368.31 1.1330 0.4333 0.6667 182.3535 2.7128 -87.2678 -1.5596 -0.0082 0.0007 228 pedestrian_0010
Pedestrian 1.00 1.00 0 0 0 0 0 0 0 0 -1000.00 -1000.00 -1000.00 -1000.00 1.1330 0.4333 0.3657 33.3666 2.7953 -111.4700 -0.7252 -0.0082 0.0007 229 pedestrian_0010
Pedestrian 0.00 1.00 0 0 0 0 0 0 0 0 687.07 362.95 690.37 372.11 1.3390 0.3253 0.2738 82.4482 1.7746 37.6134 2.8784 -0.0082 0.0007 230 pedestrian_0013
Pedestrian 1.00 1.00 0 0 0 0 0 0 0 0 -1000.00 -1000.00 -1000.00 -1000.00 1.3390 0.3253 0.4591 -66.1235 1.7922 15.8155 -0.2028 -0.0082 0.0007 231 pedestrian_0013
Pedestrian 0.00 1.00 0 0 0 0 0 0 0 0 1201.75 362.15 1207.62 373.54 1.9158 0.4880 0.7507 94.8034 2.2825 -43.6276 -1.4083 -0.0082 0.0007 232 pedestrian_0020
Pedestrian 0.00 1.00 0 0 0 0 0 0 0 0 515.99 357.52 521.19 368.47 1.9158 0.4880 0.5595 98.5170 1.4828 75.4008 0.1435 -0.0082 0.0007 233 pedestrian_0021
Pedestrian 1.00 1.00 0 0 0 0 0 0 0 0 -1000.00 -1000.00 -1000.00 -1000.00 1.1330 0.4333 0.4462 67.3325 3.4878 -192.0164 1.4701 -0.0082 0.0007 234 pedestrian_0009
Pedestrian 0.00 1.00 0 0 0 0 0 0 0 0 242.68 354.42 250.23 367.43 1.9158 0.4880 0.4885 83.0758 1.0944 103.3848 -1.6440 -0.0082 0.0007 235 pedestrian_0006
Pedestrian 1.00 1.00 0 0 0 0 0 0 0 0 -1000.00 -1000.00 -1000.00 -1000.00 1.1330 0.4333 0.5616 84.1496 3.6746 -214.7695 0.1117 -0.0082 0.0007 236 pedestrian_0009
Pedestrian 0.00 1.00 0 0 0 0 0 0 0 0 1183.28 362.64 1185.06 368.54 1.9158 0.4880 0.4425 181.5887 2.7770 -75.2563 1.3665 -0.0082 0.0007 237 pedestrian_0026
Pedestrian 1.00 1.00 0 0 0 0 0 0 0 0 -1000.00 -1000.00 -1000.00 -1000.00 1.9158 0.4880 0.5594 -66.1616 3.0736 -132.9600 2.9842 -0.0082 0.0007 238 pedestrian_0021
Pedestrian 1.00 1.00 0 0 0 1 0 0 0 0 -1000.00 -1000.00 -1000.00 -1000.00 1.3390 0.3253 0.2502 -15.8955 2.9735 -117.3977 2.7085 -0.0082 0.0007 239 pedestrian_0012
Pedestrian 0.00 1.00 0 0 0 0 0 0 0 0 1892.63 367.98 1895.79 373.58 1.9158 0.4880 0.3981 191.8365 4.6690 -323.8310 0.1687 -0.0082 0.0007 240 pedestrian_0020
Pedestrian 0.00 1.00 0 0 0 0 0 0 0 0 1037.62 347.40 1038.92 349.52 1.1330 0.4333 0.6667 301.2887 -5.6860 -44.6368 -1.6478 -0.0082 0.0007 241 pedestrian_0011
Pedestrian 1.00 1.00 0 0 0 0 0 0 0 0 -1000.00 -1000.00 -1000.00 -1000.00 1.9158 0.4880 0.7507 89.4775 3.2639 -160.9443 1.5250 -0.0082 0.0007 242 pedestrian_0002
Pedestrian 0.00 1.00 0 0 0 0 0 0 0 0 1433.33 368.42 1438.30 378.61 1.3390 0.3253 0.3695 74.4292 2.4572 -65.2416 -1.5723 -0.0082 0.0007 243 pedestrian_0014
Pedestrian 1.00 1.00 0 0 0 0 0 0 0 0 -1000.00 -1000.00 -1000.00 -1000.00 1.9158 0.4880 0.6063 64.9848 3.9203 -248.2026 -2.9261 -0.0082 0.0007 244 pedestrian_0006
Pedestrian 0.00 1.00 0 0 0 0 0 0 0 0 839.43 340.84 840.73 344.43 1.9158 0.4880 0.6398 300.7510 -8.4307 62.6166 -1.2877 -0.0082 0.0007 245 pedestrian_0020
Pedestrian 1.00 1.00 4 5 7 75 0 0 2 0 -1000.00 -1000.00 -1000.00 -1000.00 1.9158 0.4880 0.7507 -8.4319 1.3576 63.0499 -1.6591 -0.0082 0.0007 246 pedestrian_0022
Pedestrian 0.00 1.00 0 0 0 0 0 0 0 0 512.57 356.61 520.36 370.03 1.9158 0.4880 0.7389 80.7349 1.4335 61.5459 1.4310 -0.0082 0.0007 247 pedestrian_0002
Pedestrian 1.00 1.00 0 0 0 0 0 0 0 0 -1000.00 -1000.00 -1000.00 -1000.00 1.9158 0.4880 0.7483 -48.5018 1.8642 -8.7449 -1.8788 -0.0082 0.0007 248 pedestrian_0022
Pedestrian 1.00 1.00 0 1 2 8 0 0 0 0 -1000.00 -1000.00 -1000.00 -1000.00 1.9158 0.4880 0.3754 -17.5087 2.9916 -118.7263 1.5368 -0.0082 0.0007 249 pedestrian_0006
Pedestrian 0.00 1.00 0 0 0 0 0 0 0 0 1151.36 362.18 1153.25 367.96 1.9158 0.4880 0.3847 185.3491 2.6437 -66.1830 -1.3735 -0.0082 0.0007 250 pedestrian_0019
Pedestrian 1.00 1.00 0 0 0 0 0 0 0 0 -1000.00 -1000.00 -1000.00 -1000.00 1.9158 0.4880 0.7507 -65.4740 3.0641 -134.4943 -0.0930 -0.0082 0.0007 251 pedestrian_0018
Pedestrian 1.00 1.00 0 0 0 0 0 0 0 0 -1000.00 -1000.00 -1000.00 -1000.00 1.9158 0.4880 0.7507 -22.4515 4.4372 -314.4007 -0.0722 -0.0082 0.0007 252 pedestrian_0007
Pedestrian 1.00 1.00 1 2 3 13 0 0 2 0 -1000.00 -1000.00 -1000.00 -1000.00 1.9158 0.4880 0.6603 3.5299 1.3663 80.9882 0.1901 -0.0082 0.0007 253 pedestrian_0008
Pedestrian 1.00 1.00 0 0 0 0 0 0 0 0 -1000.00 -1000.00 -1000.00 -1000.00 1.9158 0.4880 0.5207 29.9982 4.5019 -317.7648 -0.0511 -0.0082 0.0007 254 pedestrian_0022
Pedestrian 1.00 1.00 0 0 0 0 0 0 0 0 -1000.00 -1000.00 -1000.00 -1000.00 1.9158 0.4880 0.5870 -135.3871 2.7886 -122.9431 -1.7791 -0.0082 0.0007 255 pedestrian_0024
Pedestrian 0.00 0.04 33 30 51 250 0 0 0 13 936.89 391.99 950.10 436.10 1.1330 0.4333 0.5854 14.9510 1.8787 -1.8328 -1.9089 -0.0082 0.0007 256 pedestrian_0011
Pedestrian 0.00 1.00 0 0 0 0 0 0 0 0 903.18 359.86 905.84 368.00 1.9158 0.4880 0.7507 132.1671 1.8845 10.8954 3.0679 -0.0082 0.0007 257 pedestrian_0006
Pedestrian 0.00 1.00 0 0 0 0 0 0 0 0 661.22 358.36 664.29 364.45 1.9158 0.4880 0.7507 175.9825 1.4004 91.5905 2.9939 -0.0082 0.0007 258 pedestrian_0005
Pedestrian 0.00 1.00 0 0 0 0 0 0 0 0 1120.55 361.95 1123.28 367.71 1.9158 0.4880 0.7507 186.2641 2.5701 -56.3430 1.5771 -0.0082 0.0007 259 pedestrian_0003
Pedestrian 1.00 1.00 0 0 0 0 0 0 0 0 -1000.00 -1000.00 -1000.00 -1000.00 1.9158 0.4880 0.7312 -90.5747 -6.3683 7.6789 -1.6077 -0.0082 0.0007 260 pedestrian_0001
Pedestrian 0.00 1.00 0 0 0 0 0 0 0 0 1048.50 362.76 1049.43 366.78 1.3390 0.3253 0.2838 186.6618 2.2668 -32.0296 1.3833 -0.0082 0.0007 261 pedestrian_0014
Pedestrian 0.00 1.00 0 0 0 0 0 0 0 0 1667.52 366.10 1672.93 375.87 1.9158 0.4880 0.5024 110.3387 3.1227 -142.2932 1.8269 -0.0082 0.0007 262 pedestrian_0020
Pedestrian 1.00 1.00 0 0 0 0 0 0 0 0 -1000.00 -1000.00 -1000.00 -1000.00 1.9158 0.4880 0.5928 84.8414 3.7700 -225.6414 1.6448 -0.0082 0.0007 263 pedestrian_0025
Pedestrian 1.00 1.00 0 1 0 12 0 0 0 0 -1000.00 -1000.00 -1000.00 -1000.00 1.9158 0.4880 0.4392 -15.9847 2.7798 -111.3306 -0.8700 -0.0082 0.0007 264 pedestrian_0026
Pedestrian 0.00 1.00 0 0 0 0 0 0 0 0 1387.48 363.86 1389.68 367.55 1.9158 0.4880 0.7507 290.9100 3.9402 -226.3762 1.4746 -0.0082 0.0007 265 pedestrian_0025
Pedestrian 0.00 1.00 0 0 0 0 0 0 0 0 1158.74 363.69 1160.09 367.75 1.3390 0.3253 0.2502 184.4611 2.5608 -68.2291 -2.8888 -0.0082 0.0007 266 pedestrian_0013
Pedestrian 0.00 1.00 0 0 0 0 0 0 0 0 862.35 359.55 864.23 365.11 1.9158 0.4880 0.3843 192.3656 1.7614 31.1520 0.8564 -0.0082 0.0007 267 pedestrian_0015
Pedestrian 0.00 1.00 0 0 0 0 0 0 0 0 718.91 358.36 720.80 364.67 1.9158 0.4880 0.3941 170.0334 1.4191 70.9899 0.3444 -0.0082 0.0007 268 pedestrian_0021
Pedestrian 1.00 1.00 0 0 0 0 0 0 0 0 -1000.00 -1000.00 -1000.00 -1000.00 1.1330 0.4333 0.4221 -137.2773 3.2018 -174.7595 -1.6221 -0.0082 0.0007 269 pedestrian_0010
Pedestrian 0.92 0.00 58 58 99 2103 0 0 11 2 -1.10 369.80 12.10 418.20 1.9158 0.4880 0.4588 9.9986 1.7787 13.4058 1.8791 -0.0082 0.0007 270 pedestrian_0023
Pedestrian 1.00 1.00 0 0 0 0 0 0 0 0 -1000.00 -1000.00 -1000.00 -1000.00 1.3390 0.3253 0.5005 -1.1059 3.9588 -259.7206 3.0293 -0.0082 0.0007 271 pedestrian_0013
Pedestrian 0.00 1.00 0 0 0 0 0 0 0 0 1338.80 363.46 1340.53 367.12 1.9158 0.4880 0.5711 293.1334 3.7449 -202.3216 -1.6409 -0.0082 0.0007 272 pedestrian_0016
Pedestrian 0.00 1.00 0 0 0 0 0 0 0 0 1616.22 367.62 1619.22 372.19 1.3390 0.3253 0.5005 165.1056 3.6004 -196.9330 -2.1915 -0.0082 0.0007 273 pedestrian_0014
Pedestrian 0.00 1.00 0 0 0 0 0 0 0 0 937.35 360.04 938.91 364.54 1.9158 0.4880 0.6107 237.5681 1.9347 7.1018 1.5347 -0.0082 0.0007 274 pedestrian_0019
Pedestrian 1.00 1.00 0 0 0 0 0 0 0 0 -1000.00 -1000.00 -1000.00 -1000.00 1.3390 0.3253 0.5004 90.8704 4.0623 -264.5222 -0.0916 -0.0082 0.0007 275 pedestrian_0013
Pedestrian 0.00 1.00 0 0 0 0 0 0 0 0 1556.86 365.21 1562.25 373.30 1.9158 0.4880 0.7507 133.3783 3.1644 -145.3915 3.0433 -0.0082 0.0007 276 pedestrian_0023
Pedestrian 1.00 1.00 1 0 0 9 0 0 0 0 -1000.00 -1000.00 -1000.00 -1000.00 1.1330 0.4333 0.6667 2.5141 2.5733 -85.8851 -1.6645 -0.0082 0.0007 277 pedestrian_0011
Pedestrian 0.00 1.00 0 0 0 0 0 0 0 0 1121.33 363.56 1122.91 368.55 1.3390 0.3253 0.3309 150.2405 2.2986 -45.8771 -0.0273 -0.0082 0.0007 278 pedestrian_0012
Pedestrian 0.00 1.00 0 0 0 0 0 0 0 0 787.81 337.13 789.34 341.36 1.9158 0.4880 0.5261 255.6404 -8.5738 76.5145 -0.9248 -0.0082 0.0007 279 pedestrian_0015
Pedestrian 0.00 1.00 0 0 0 0 0 0 0 0 846.33 359.41 848.75 365.01 1.9158 0.4880 0.7507 191.6385 1.7176 36.4426 1.6587 -0.0082 0.0007 280 pedestrian_0017
Pedestrian 1.00 1.00 0 0 0 0 0 0 0 0 -1000.00 -1000.00 -1000.00 -1000.00 1.9158 0.4880 0.7507 87.4617 -9.2987 151.8454 -0.0580 -0.0082 0.0007 281 pedestrian_0005
Pedestrian 0.00 1.00 0 0 0 0 0 0 0 0 923.50 362.31 924.82 365.14 1.1330 0.4333 0.3418 224.1037 2.0651 12.1876 -0.9308 -0.0082 0.0007 282 pedestrian_0009
Pedestrian 1.00 1.00 0 0 0 0 0 0 0 0 -1000.00 -1000.00 -1000.00 -1000.00 1.1330 0.4333 0.5056 -52.2352 3.7608 -240.1012 -0.9242 -0.0082 0.0007 283 pedestrian_0009
Pedestrian 0.00 1.00 0 0 0 0 0 0 0 0 264.00 358.83 269.21 365.04 1.1330 0.4333 0.4160 102.5985 0.9198 124.8239 -1.6617 -0.0082 0.0007 284 pedestrian_0009
Pedestrian 1.00 1.00 13 10 20 165 0 0 8 0 -1000.00 -1000.00 -1000.00 -1000.00 1.9158 0.4880 0.7507 -3.8511 1.6814 42.5493 0.1050 -0.0082 0.0007 285 pedestrian_0024
Pedestrian 0.00 1.00 0 0 0 0 0 0 0 0 1270.87 362.88 1273.08 368.79 1.9158 0.4880 0.4393 181.7466 2.8591 -103.9504 -1.6082 -0.0082 0.0007 286 pedestrian_0023
Pedestrian 1.00 1.00 0 0 0 0 0 0 0 0 -1000.00 -1000.00 -1000.00 -1000.00 1.9158 0.4880 0.3754 -22.9945 2.9685 -135.0881 0.6735 -0.0082 0.0007 287 pedestrian_0015
Pedestrian 0.00 1.00 0 0 0 0 0 0 0 0 884.29 338.95 886.02 342.97 1.9158 0.4880 0.7507 268.3675 -8.2252 33.8684 1.5749 -0.0082 0.0007 288 pedestrian_0025
Pedestrian 1.00 1.00 0 0 0 0 0 0 0 0 -1000.00 -1000.00 -1000.00 -1000.00 1.1330 0.4333 0.4903 -93.1108 -8.5248 124.5606 -2.2646 -0.0082 0.0007 289 pedestrian_0009
Pedestrian 0.00 1.00 0 0 0 0 0 0 0 0 575.20 357.19 578.69 363.30 1.9158 0.4880 0.7507 175.6392 1.0352 118.4382 -1.6263 -0.0082 0.0007 290 pedestrian_0019
Pedestrian 1.00 1.00 0 0 0 0 0 0 0 0 -1000.00 -1000.00 -1000.00 -1000.00 1.9158 0.4880 0.3916 -23.3374 2.9757 -135.9328 -2.2669 -0.0082 0.0007 291 pedestrian_0007
Pedestrian 1.00 1.00 0 0 0 0 0 0 0 0 -1000.00 -1000.00 -1000.00 -1000.00 1.9158 0.4880 0.7507 44.4668 4.5216 -319.0941 -0.0256 -0.0082 0.0007 292 pedestrian_0021
Pedestrian 0.00 1.00 0 0 0 0 0 0 0 0 1742.57 371.03 1748.10 379.18 1.3390 0.3253 0.4469 92.9833 3.1745 -132.5180 -1.5721 -0.0082 0.0007 293 pedestrian_0014
Pedestrian 1.00 1.00 0 0 0 0 0 0 0 0 -1000.00 -1000.00 -1000.00 -1000.00 1.9158 0.4880 0.7475 -126.8993 -6.7476 27.2822 1.5007 -0.0082 0.0007 294 pedestrian_0002
Pedestrian 1.00 1.00 6 7 7 31 1 0 0 0 -1000.00 -1000.00 -1000.00 -1000.00 1.9158 0.4880 0.6366 -12.0963 2.4496 -53.5354 -1.1112 -0.0082 0.0007 295 pedestrian_0026
Pedestrian 0.00 1.00 0 0 0 0 0 0 0 0 536.40 356.61 540.76 365.00 1.9158 0.4880 0.6658 128.2558 1.1421 94.4968 0.0307 -0.0082 0.0007 296 pedestrian_0020
Pedestrian 1.00 1.00 1 2 6 45 0 0 2 0 -1000.00 -1000.00 -1000.00 -1000.00 1.9158 0.4880 0.5368 13.8578 1.2774 74.7628 1.5178 -0.0082 0.0007 297 pedestrian_0016
Pedestrian 1.00 1.00 0 0 0 0 0 0 0 0 -1000.00 -1000.00 -1000.00 -1000.00 1.9158 0.4880 0.7507 -55.4460 3.1543 -164.5355 1.5019 -0.0082 0.0007 298 pedestrian_0024
Pedestrian 0.00 1.00 0 0 0 0 0 0 0 0 496.99 316.60 501.28 324.43 1.9158 0.4880 0.6736 140.1254 -8.9480 113.4205 -0.0583 -0.0082 0.0007 299 pedestrian_0001
Pedestrian 1.00 1.00 0 0 0 0 0 0 0 0 -1000.00 -1000.00 -1000.00 -1000.00 1.9158 0.4880 0.4169 -55.5208 3.1852 -168.3597 1.6342 -0.0082 0.0007 300 pedestrian_0025
Pedestrian 0.00 1.00 0 0 0 0 0 0 0 0 1423.26 364.66 1427.41 371.43 1.9158 0.4880 0.7507 159.0605 3.2492 -134.9055 -1.7329 -0.0082 0.0007 301 pedestrian_0016
Pedestrian 0.00 1.00 0 0 0 0 0 0 0 0 1707.24 366.35 1711.30 372.19 1.9158 0.4880 0.6222 184.3170 4.0217 -249.9995 0.0717 -0.0082 0.0007 302 pedestrian_0006
Pedestrian 1.00 1.00 0 0 0 0 0 0 0 0 -1000.00 -1000.00 -1000.00 -1000.00 1.3390 0.3253 0.4096 -54.7306 3.0783 -156.1785 -1.6456 -0.0082 0.0007 303 pedestrian_0012
Pedestrian 0.00 1.00 0 0 0 0 0 0 0 0 1881.80 367.89 1886.16 373.45 1.9158 0.4880 0.6254 193.5128 4.6629 -323.1035 0.1207 -0.0082 0.0007 304 pedestrian_0024
Pedestrian 1.00 1.00 0 0 0 0 0 0 0 0 -1000.00 -1000.00 -1000.00 -1000.00 1.3390 0.3253 0.3167 -131.1882 3.7313 -238.5963 1.9923 -0.0082 0.0007 305 pedestrian_0013
Pedestrian 1.00 1.00 0 0 0 0 0 0 0 0 -1000.00 -1000.00 -1000.00 -1000.00 1.1330 0.4333 0.5323 90.7702 4.5682 -321.6807 3.0953 -0.0082 0.0007 306 pedestrian_0011
Pedestrian 0.00 1.00 0 0 0 0 0 0 0 0 979.51 360.50 982.10 366.87 1.9158 0.4880 0.7404 168.6714 2.0710 -8.5251 -1.6713 -0.0082 0.0007 307 pedestrian_0024
Pedestrian 1.00 1.00 0 0 0 0 0 0 0 0 -1000.00 -1000.00 -1000.00 -1000.00 1.9158 0.4880 0.3900 8.5299 4.4968 -319.0041 -0.0573 -0.0082 0.0007 308 pedestrian_0004
Pedestrian 1.00 1.00 8 6 10 56 0 0 0 0 -1000.00 -1000.00 -1000.00 -1000.00 1.9158 0.4880 0.7157 -13.8428 2.3314 -44.2048 -1.5708 -0.0082 0.0007 309 pedestrian_0019
Pedestrian 1.00 1.00 0 0 0 0 0 0 0 0 -1000.00 -1000.00 -1000.00 -1000.00 1.3390 0.3253 0.5005 69.0300 3.3289 -171.7762 -1.6731 -0.0082 0.0007 310 pedestrian_0012
Pedestrian 0.00 1.00 0 0 0 0 0 0 0 0 1154.25 361.85 1156.05 367.64 1.9158 0.4880 0.4190 185.0948 2.5309 -67.0387 -0.5053 -0.0082 0.0007 311 pedestrian_0022
Pedestrian 0.00 1.00 0 0 0 0 0 0 0 0 1116.27 362.01 1119.21 368.52 1.9158 0.4880 0.7507 164.9406 2.5128 -48.8793 -1.6712 -0.0082 0.0007 312 pedestrian_0018
Pedestrian 1.00 1.00 0 0 0 0 0 0 0 0 -1000.00 -1000.00 -1000.00 -1000.00 1.9158 0.4880 0.6903 -14.3394 1.2793 70.3927 1.7980 -0.0082 0.0007 313 pedestrian_0022
Pedestrian 0.00 1.00 0 0 0 0 0 0 0 0 1012.58 360.77 1014.54 367.14 1.9158 0.4880 0.3891 168.3735 2.1500 -18.4030 0.1664 -0.0082 0.0007 314 pedestrian_0005
Pedestrian 0.00 1.00 0 0 0 0 0 0 0 0 1295.32 363.86 1303.05 378.22 1.9158 0.4880 0.7507 75.4536 2.4377 -47.7737 -1.3168 -0.0082 0.0007 315 pedestrian_0018
Pedestrian 1.00 1.00 0 0 0 0 0 0 0 0 -1000.00 -1000.00 -1000.00 -1000.00 1.9158 0.4880 0.6790 -79.7100 4.2728 -299.2974 2.5799 -0.0082 0.0007 316 pedestrian_0024
Pedestrian 0.00 1.00 0 0 0 0 0 0 0 0 1763.97 366.81 1768.66 373.06 1.9158 0.4880 0.6544 172.2122 4.0250 -251.2543 0.0830 -0.0082 0.0007 317 pedestrian_0002
Pedestrian 0.00 1.00 0 0 0 0 0 0 0 0 1659.24 368.84 1663.04 375.52 1.3390 0.3253 0.3387 113.0182 3.1294 -143.8952 3.0586 -0.0082 0.0007 318 pedestrian_0013
Pedestrian 0.00 1.00 0 0 0 0 0 0 0 0 105.64 352.64 121.52 372.79 1.9158 0.4880 0.6750 54.1862 1.2169 78.9337 3.0443 -0.0082 0.0007 319 pedestrian_0018
Pedestrian 0.00 1.00 0 0 0 0 0 0 0 0 1052.92 360.98 1055.04 365.64 1.9158 0.4880 0.7064 229.9723 2.3235 -41.0519 -2.1728 -0.0082 0.0007 320 pedestrian_0006
Pedestrian 1.00 1.00 0 0 0 0 0 0 0 0 -1000.00 -1000.00 -1000.00 -1000.00 1.9158 0.4880 0.6294 173.2127 4.6610 -324.6107 0.0215 -0.0082 0.0007 321 pedestrian_0021
Pedestrian 0.00 1.00 0 0 0 0 0 0 0 0 435.39 362.15 441.74 369.77 1.1330 0.4333 0.5705 84.1477 1.4590 75.9534 0.1207 -0.0082 0.0007 322 pedestrian_0010
Pedestrian 1.00 1.00 12 19 31 319 0 0 4 0 -1000.00 -1000.00 -1000.00 -1000.00 1.9158 0.4880 0.7507 -11.5762 1.7639 31.8086 -1.6480 -0.0082 0.0007 323 pedestrian_0022
Pedestrian 0.00 1.00 2 3 4 0 0 0 0 0 680.27 358.00 687.00 371.69 1.9158 0.4880 0.6903 79.1057 1.6378 36.6955 1.2473 -0.0082 0.0007 324 pedestrian_0015
Pedestrian 1.00 1.00 5 4 13 48 1 0 0 0 -1000.00 -1000.00 -1000.00 -1000.00 1.9158 0.4880 0.3754 -13.7708 2.3447 -57.9340 1.4770 -0.0082 0.0007 325 pedestrian_0005
Pedestrian 0.00 1.00 0 0 0 0 0 0 0 0 557.57 329.99 559.73 335.23 1.9158 0.4880 0.4060 205.9762 -9.1691 146.1696 -0.0285 -0.0082 0.0007 326 pedestrian_0006
Pedestrian 0.00 1.00 0 0 0 0 0 0 0 0 1690.84 366.32 1696.09 373.96 1.9158 0.4880 0.7507 141.1229 3.5178 -187.6131 0.5634 -0.0082 0.0007 327 pedestrian_0002
Pedestrian 0.00 1.00 0 0 0 0 0 0 0 0 1497.04 364.72 1501.28 372.01 1.9158 0.4880 0.6805 147.8924 3.1722 -145.0880 -0.1448 -0.0082 0.0007 328 pedestrian_0015
Pedestrian 1.00 1.00 0 0 0 0 0 0 0 0 -1000.00 -1000.00 -1000.00 -1000.00 1.9158 0.4880 0.4970 -138.4762 3.4261 -201.0353 -1.5974 -0.0082 0.0007 329 pedestrian_0005
Pedestrian 0.00 1.00 0 0 0 0 0 0 0 0 1841.10 369.69 1845.15 372.87 1.1330 0.4333 0.6667 201.2846 4.6423 -321.3017 0.2185 -0.0082 0.0007 330 pedestrian_0010
Pedestrian 0.00 1.00 0 0 0 0 0 0 0 0 1025.95 360.84 1030.20 372.07 1.9158 0.4880 0.6986 96.1088 2.0620 -13.9109 -1.7163 -0.0082 0.0007 331 pedestrian_0001
Pedestrian 1.00 1.00 0 0 0 1 0 0 0 0 -1000.00 -1000.00 -1000.00 -1000.00 1.9158 0.4880 0.3804 9.5736 3.0089 -137.1080 -0.8473 -0.0082 0.0007 332 pedestrian_0017
Pedestrian 0.00 1.00 0 0 0 0 0 0 0 0 601.18 357.34 607.65 370.97 1.9158 0.4880 0.5861 79.4074 1.5431 48.0473 1.5860 -0.0082 0.0007 333 pedestrian_0023
Pedestrian 1.00 1.00 0 0 0 0 0 0 0 0 -1000.00 -1000.00 -1000.00 -1000.00 1.3390 0.3253 0.3843 -46.0088 2.9465 -135.3287 0.0085 -0.0082 0.0007 334 pedestrian_0013
Pedestrian 0.00 1.00 0 0 0 0 0 0 0 0 1307.86 362.59 1316.42 380.02 1.9158 0.4880 0.7507 62.5861 2.2072 -41.3349 -0.0646 -0.0082 0.0007 335 pedestrian_0019
Pedestrian 1.00 1.00 0 0 0 2 0 0 0 0 -1000.00 -1000.00 -1000.00 -1000.00 1.9158 0.4880 0.4648 -20.6149 2.9948 -138.2192 -0.0871 -0.0082 0.0007 336 pedestrian_0017
Pedestrian 0.00 1.00 0 0 0 0 0 0 0 0 1905.61 368.09 1909.81 373.76 1.9158 0.4880 0.5788 189.7860 4.6768 -324.9739 -2.9741 -0.0082 0.0007 337 pedestrian_0025
Pedestrian 0.00 1.00 0 0 0 0 0 0 0 0 733.57 338.25 735.50 342.19 1.9158 0.4880 0.7507 275.2099 -8.8270 109.2993 2.3057 -0.0082 0.0007 338 pedestrian_0006
Pedestrian 0.00 1.00 0 0 0 0 0 0 0 0 846.20 340.09 847.61 342.51 1.1330 0.4333 0.6034 266.1662 -8.3786 51.8627 -1.2505 -0.0082 0.0007 339 pedestrian_0011
Pedestrian 0.00 1.00 0 0 0 0 0 0 0 0 765.73 360.68 767.50 363.74 1.1330 0.4333 0.4507 207.4259 1.3891 69.7751 -0.2726 -0.0082 0.0007 340 pedestrian_0011
Pedestrian 0.00 1.00 0 0 0 0 0 0 0 0 611.22 359.31 612.92 363.62 1.3390 0.3253 0.2978 173.9695 1.1267 106.3219 -1.8881 -0.0082 0.0007 341 pedestrian_0013
Pedestrian 1.00 1.00 0 0 0 0 0 0 0 0 -1000.00 -1000.00 -1000.00 -1000.00 1.9158 0.4880 0.5280 102.7540 0.5098 176.4348 0.0126 -0.0082 0.0007 342 pedestrian_0007
Pedestrian 0.00 1.00 0 0 0 0 0 0 0 0 1304.12 362.99 1308.49 370.91 1.9158 0.4880 0.7507 136.0125 2.6485 -86.5671 -1.6644 -0.0082 0.0007 343 pedestrian_0021
Pedestrian 0.00 1.00 0 0 0 0 0 0 0 0 848.56 342.41 849.75 344.54 1.1330 0.4333 0.5925 301.9160 -8.4040 57.9370 -1.2967 -0.0082 0.0007 344 pedestrian_0010
Pedestrian 0.00 1.00 0 0 0 0 0 0 0 0 1546.23 364.70 1554.73 380.09 1.9158 0.4880 0.5388 70.6386 2.5105 -76.3837 -1.7861 -0.0082 0.0007 345 pedestrian_0021
Pedestrian 0.00 0.11 11 13 19 1096 0 0 3 3 189.32 383.30 221.37 439.56 1.3390 0.3253 0.2986 13.1398 1.7642 14.2551 0.0834 -0.0082 0.0007 346 pedestrian_0014
Pedestrian 0.00 1.00 0 0 0 0 0 0 0 0 1155.08 362.39 1156.89 368.22 1.9158 0.4880 0.4179 184.0234 2.7087 -66.9370 -0.1865 -0.0082 0.0007 347 pedestrian_0023
Pedestrian 1.00 1.00 0 0 0 2 0 0 0 0 -1000.00 -1000.00 -1000.00 -1000.00 1.9158 0.4880 0.5423 21.1192 3.4139 -185.2995 2.5065 -0.0082 0.0007 348 pedestrian_0008
Pedestrian 1.00 1.00 0 0 0 0 0 0 0 0 -1000.00 -1000.00 -1000.00 -1000.00 1.9158 0.4880 0.7507 96.6439 4.5762 -321.0704 -0.0478 -0.0082 0.0007 349 pedestrian_0006
Pedestrian 0.00 1.00 0 0 0 0 0 0 0 0 930.67 360.57 932.54 366.43 1.9158 0.4880 0.6808 182.9150 2.1041 7.0855 3.0185 -0.0082 0.0007 350 pedestrian_0022
Pedestrian 0.00 1.00 0 0 0 0 0 0 0 0 1184.48 362.18 1186.49 368.04 1.9158 0.4880 0.4256 182.9979 2.6338 -76.2586 -1.5018 -0.0082 0.0007 351 pedestrian_0023
Pedestrian 0.00 1.00 0 0 0 0 0 0 0 0 1093.58 361.43 1096.46 367.93 1.9158 0.4880 0.7405 165.2532 2.3428 -42.2358 1.5064 -0.0082 0.0007 352 pedestrian_0006
Pedestrian 1.00 1.00 0 0 0 0 0 0 0 0 -1000.00 -1000.00 -1000.00 -1000.00 1.9158 0.4880 0.7507 112.6187 3.5702 -196.4843 3.1283 -0.0082 0.0007 353 pedestrian_0024
Pedestrian 1.00 1.00 0 0 0 0 0 0 0 0 -1000.00 -1000.00 -1000.00 -1000.00 1.1330 0.4333 0.6667 -132.1899 2.2489 -77.2898 1.4897 -0.0082 0.0007 354 pedestrian_0011
Pedestrian 1.00 1.00 3 1 0 5 1 0 0 0 -1000.00 -1000.00 -1000.00 -1000.00 1.9158 0.4880 0.6602 -15.8137 2.6532 -95.8357 1.6167 -0.0082 0.0007 355 pedestrian_0017
Pedestrian 0.00 1.00 0 0 0 0 0 0 0 0 606.00 328.17 607.76 332.38 1.3390 0.3253 0.3490 179.7719 -8.9150 111.6393 -0.0608 -0.0082 0.0007 356 pedestrian_0012
Pedestrian 0.00 1.00 0 0 0 0 0 0 0 0 1593.75 365.54 1595.34 369.74 1.9158 0.4880 0.4499 255.2653 4.4614 -293.2906 -2.3811 -0.0082 0.0007 357 pedestrian_0020
Pedestrian 0.00 1.00 0 0 0 0 0 0 0 0 927.11 360.56 928.94 366.80 1.9158 0.4880 0.7507 172.0978 2.0919 7.6360 3.1196 -0.0082 0.0007 358 pedestrian_0017
Pedestrian 1.00 1.00 0 0 0 0 0 0 0 0 -1000.00 -1000.00 -1000.00 -1000.00 1.9158 0.4880 0.4686 -42.7584 2.9703 -136.9327 2.9848 -0.0082 0.0007 359 pedestrian_0025
Pedestrian 0.00 1.00 0 0 0 0 0 0 0 0 1627.45 367.10 1629.25 370.12 1.3390 0.3253 0.5005 247.9241 4.5034 -299.9462 -2.4667 -0.0082 0.0007 360 pedestrian_0013
Pedestrian 0.00 1.00 0 0 0 0 0 0 0 0 1912.50 369.83 1916.03 373.84 1.3390 0.3253 0.5005 187.8119 4.6566 -323.8070 0.0884 -0.0082 0.0007 361 pedestrian_0013
Pedestrian 0.00 1.00 0 0 0 0 0 0 0 0 1412.80 368.16 1416.74 378.26 1.3390 0.3253 0.2502 75.0626 2.4321 -62.9745 2.8662 -0.0082 0.0007 362 pedestrian_0013
Pedestrian 1.00 1.00 0 0 0 0 0 0 0 0 -1000.00 -1000.00 -1000.00 -1000.00 1.1330 0.4333 0.6667 17.9659 3.0165 -138.7041 -0.0636 -0.0082 0.0007 363 pedestrian_0011
Pedestrian 0.00 1.00 0 0 0 0 0 0 0 0 1307.81 367.62 1313.44 379.58 1.3390 0.3253 0.4199 63.6532 2.2039 -41.8470 -2.8648 -0.0082 0.0007 364 pedestrian_0012
Pedestrian 0.00 1.00 0 0 0 0 0 0 0 0 393.30 355.68 397.58 366.33 1.9158 0.4880 0.3959 101.0093 1.1389 99.5991 -1.1008 -0.0082 0.0007 365 pedestrian_0023
Pedestrian 1.00 1.00 1 1 1 2 1 0 0 0 -1000.00 -1000.00 -1000.00 -1000.00 1.9158 0.4880 0.3754 -18.1924 2.8748 -118.3548 1.5751 -0.0082 0.0007 366 pedestrian_0005
Pedestrian 1.00 1.00 0 0 0 0 0 0 0 0 -1000.00 -1000.00 -1000.00 -1000.00 1.9158 0.4880 0.6070 1.8533 3.9797 -260.8106 -0.1103 -0.0082 0.0007 367 pedestrian_0021
Pedestrian 1.00 1.00 0 0 0 0 0 0 0 0 -1000.00 -1000.00 -1000.00 -1000.00 1.1330 0.4333 0.4168 69.9977 3.1672 -133.9870 1.4643 -0.0082 0.0007 368 pedestrian_0010
Pedestrian 0.00 1.00 0 0 0 0 0 0 0 0 1161.08 362.45 1162.83 368.35 1.9158 0.4880 0.3754 181.7159 2.7183 -68.0673 2.8846 -0.0082 0.0007 369 pedestrian_0020
Pedestrian 0.00 1.00 0 0 0 0 0 0 0 0 1259.77 367.37 1264.43 379.65 1.3390 0.3253 0.4345 62.0680 2.1544 -35.5006 2.9483 -0.0082 0.0007 370 pedestrian_0012
Pedestrian 0.00 1.00 0 0 0 0 0 0 0 0 863.90 359.56 865.40 365.14 1.9158 0.4880 0.4035 191.7745 1.7657 30.5808 1.5456 -0.0082 0.0007 371 pedestrian_0015
Pedestrian 1.00 1.00 3 4 6 18 0 0 0 0 -1000.00 -1000.00 -1000.00 -1000.00 1.9158 0.4880 0.7507 -14.2031 2.5692 -85.4392 1.5149 -0.0082 0.0007 372 pedestrian_0007
Pedestrian 1.00 1.00 0 0 0 0 0 0 0 0 -1000.00 -1000.00 -1000.00 -1000.00 1.9158 0.4880 0.6397 5.4903 4.4752 -316.3631 3.0328 -0.0082 0.0007 373 pedestrian_0008
Pedestrian 1.00 1.00 0 0 0 0 0 0 0 0 -1000.00 -1000.00 -1000.00 -1000.00 1.9158 0.4880 0.6056 71.3253 3.1567 -131.2039 -1.5723 -0.0082 0.0007 374 pedestrian_0020
Pedestrian 0.00 1.00 0 0 0 0 0 0 0 0 921.29 360.47 923.26 366.12 1.9158 0.4880 0.5407 189.9064 2.0801 10.6230 1.3618 -0.0082 0.0007 375 pedestrian_0015
Pedestrian 0.00 1.00 0 0 0 0 0 0 0 0 1339.79 368.47 1343.93 378.40 1.3390 0.3253 0.3188 76.3195 2.4929 -54.1022 1.6715 -0.0082 0.0007 376 pedestrian_0012
Pedestrian 0.00 1.00 0 0 0 0 0 0 0 0 809.31 359.11 811.09 364.66 1.9158 0.4880 0.4503 192.8622 1.6083 49.6127 -1.6249 -0.0082 0.0007 377 pedestrian_0017
Pedestrian 0.00 1.00 0 0 0 0 0 0 0 0 1326.78 364.10 1331.60 376.96 1.9158 0.4880 0.4049 84.1893 2.5350 -57.6199 -0.2781 -0.0082 0.0007 378 pedestrian_0025
Pedestrian 1.00 1.00 3 3 5 8 2 0 0 0 -1000.00 -1000.00 -1000.00 -1000.00 1.1330 0.4333 0.6667 -13.4516 2.4840 -74.5101 1.5337 -0.0082 0.0007 379 pedestrian_0009
Pedestrian 1.00 1.00 88 93 149 7850 0 22 18 0 -1000.00 -1000.00 -1000.00 -1000.00 1.9158 0.4880 0.6141 -9.2614 1.7918 9.9790 -1.6092 -0.0082 0.0007 380 pedestrian_0002
Pedestrian 0.00 1.00 0 0 0 0 0 0 0 0 1513.13 366.05 1514.44 368.80 1.3390 0.3253 0.3922 272.2178 4.3006 -273.1887 -2.1733 -0.0082 0.0007 381 pedestrian_0013
Pedestrian 0.00 1.00 0 0 0 0 0 0 0 0 1121.59 363.53 1123.31 368.46 1.3390 0.3253 0.4864 152.4543 2.3057 -46.6143 3.1175 -0.0082 0.0007 382 pedestrian_0012
Pedestrian 0.00 1.00 0 0 0 0 0 0 0 0 1615.13 369.26 1620.40 374.61 1.1330 0.4333 0.5839 120.0710 3.1281 -143.5007 -0.0393 -0.0082 0.0007 383 pedestrian_0010
Pedestrian 0.00 1.00 0 0 0 0 0 0 0 0 1731.16 368.07 1733.55 371.42 1.3390 0.3253 0.5005 224.4708 4.5974 -313.5928 -2.7326 -0.0082 0.0007 384 pedestrian_0013
Pedestrian 0.00 1.00 0 0 0 0 0 0 0 0 1888.17 367.80 1894.57 375.02 1.9158 0.4880 0.7507 149.4879 4.0113 -251.6897 -0.2875 -0.0082 0.0007 385 pedestrian_0015
Pedestrian 0.00 1.00 0 0 0 0 0 0 0 0 506.11 357.23 510.95 367.95 1.9158 0.4880 0.5586 100.5740 1.4212 78.8468 1.0659 -0.0082 0.0007 386 pedestrian_0018
Pedestrian 0.00 1.00 0 0 0 0 0 0 0 0 1579.40 366.64 1581.10 369.54 1.3390 0.3253 0.4808 258.6395 4.4310 -290.5140 -2.2774 -0.0082 0.0007 387 pedestrian_0013
Pedestrian 0.00 1.00 0 0 0 0 0 0 0 0 771.40 358.68 773.02 363.30 1.9158 0.4880 0.4717 231.4060 1.3699 75.8185 -0.8464 -0.0082 0.0007 388 pedestrian_0022
Pedestrian 1.00 1.00 0 0 0 0 0 0 0 0 -1000.00 -1000.00 -1000.00 -1000.00 1.9158 0.4880 0.7507 -95.3870 4.1679 -287.8130 -0.6415 -0.0082 0.0007 389 pedestrian_0003
Pedestrian 1.00 1.00 0 0 0 0 0 0 0 0 -1000.00 -1000.00 -1000.00 -1000.00 1.9158 0.4880 0.3899 171.2234 4.6568 -324.2720 -0.0653 -0.0082 0.0007 390 pedestrian_0021
Pedestrian 0.00 1.00 0 0 0 0 0 0 0 0 1863.78 367.74 1868.57 373.22 1.9158 0.4880 0.7507 196.7839 4.6583 -322.2684 0.1996 -0.0082 0.0007 392 pedestrian_0005
Pedestrian 0.00 1.00 0 0 0 0 0 0 0 0 749.45 335.74 751.07 340.18 1.9158 0.4880 0.4774 243.5817 -8.6845 89.5530 2.4104 -0.0082 0.0007 393 pedestrian_0026
Pedestrian 0.00 1.00 0 0 0 0 0 0 0 0 1348.41 364.31 1355.88 377.71 1.9158 0.4880 0.7507 81.0597 2.5426 -58.8506 -2.5173 -0.0082 0.0007 394 pedestrian_0022
Pedestrian 1.00 1.00 0 0 0 0 0 0 0 0 -1000.00 -1000.00 -1000.00 -1000.00 1.1330 0.4333 0.6667 -65.2290 -8.3321 100.1540 0.7265 -0.0082 0.0007 395 pedestrian_0010
Pedestrian 1.00 1.00 6 4 8 42 10 0 0 0 -1000.00 -1000.00 -1000.00 -1000.00 1.9158 0.4880 0.7507 2.3212 2.5230 -59.7411 0.1894 -0.0082 0.0007 396 pedestrian_0006
Pedestrian 0.00 1.00 0 0 0 0 0 0 0 0 1187.56 363.94 1188.71 368.06 1.3390 0.3253 0.2515 182.1109 2.6290 -76.7665 1.4717 -0.0082 0.0007 397 pedestrian_0012
Pedestrian 0.00 1.00 0 0 0 0 0 0 0 0 1182.26 364.68 1184.64 368.74 1.1330 0.4333 0.6667 157.4262 2.4591 -65.2842 3.0646 -0.0082 0.0007 398 pedestrian_0010
Pedestrian 1.00 1.00 0 1 1 5 4 0 0 0 -1000.00 -1000.00 -1000.00 -1000.00 1.9158 0.4880 0.5351 0.8270 3.0048 -137.3280 -0.0510 -0.0082 0.0007 399 pedestrian_0007
Pedestrian 0.00 1.00 0 0 0 0 0 0 0 0 483.37 324.73 486.75 330.92 1.9158 0.4880 0.6437 176.0886 -9.2034 147.7688 -0.0612 -0.0082 0.0007 400 pedestrian_0001
Pedestrian 0.00 1.00 0 0 0 0 0 0 0 0 1415.99 364.07 1418.59 370.06 1.9158 0.4880 0.6554 179.2512 3.2288 -149.2699 -0.9338 -0.0082 0.0007 401 pedestrian_0016
Pedestrian 1.00 1.00 0 0 0 0 0 0 0 0 -1000.00 -1000.00 -1000.00 -1000.00 1.9158 0.4880 0.5547 67.7495 4.5465 -319.9414 3.0766 -0.0082 0.0007 402 pedestrian_0021
Pedestrian 1.00 1.00 0 0 0 0 0 0 0 0 -1000.00 -1000.00 -1000.00 -1000.00 1.9158 0.4880 0.6096 91.0735 0.8257 155.3259 0.1421 -0.0082 0.0007 403 pedestrian_0006
Pedestrian 1.00 1.00 0 0 0 0 0 0 0 0 -1000.00 -1000.00 -1000.00 -1000.00 1.9158 0.4880 0.7507 39.2824 3.0524 -139.8484 -0.0596 -0.0082 0.0007 404 pedestrian_0023
Pedestrian 0.00 1.00 0 0 0 0 0 0 0 0 1113.26 363.50 1114.99 366.52 1.1330 0.4333 0.4508 210.2096 2.4565 -60.4027 -2.5090 -0.0082 0.0007 405 pedestrian_0011
Pedestrian 0.00 1.00 0 0 0 0 0 0 0 0 1142.05 361.58 1144.82 369.94 1.9158 0.4880 0.5457 128.7704 2.2835 -44.5054 -0.1105 -0.0082 0.0007 406 pedestrian_0004
Pedestrian 0.00 1.00 0 0 0 0 0 0 0 0 1156.09 361.89 1157.96 367.68 1.9158 0.4880 0.3824 185.3368 2.5478 -67.7481 -0.6080 -0.0082 0.0007 407 pedestrian_0026
Pedestrian 0.00 1.00 0 0 0 0 0 0 0 0 635.91 359.43 637.85 363.99 1.3390 0.3253 0.3767 164.2119 1.1731 92.8931 -0.0977 -0.0082 0.0007 408 pedestrian_0013
Pedestrian 0.00 1.00 0 0 0 0 0 0 0 0 1638.97 369.57 1644.38 375.09 1.1330 0.4333 0.5685 116.4068 3.1307 -144.1294 3.0041 -0.0082 0.0007 409 pedestrian_0010
Pedestrian 0.00 1.00 0 0 0 0 0 0 0 0 121.85 352.93 132.72 368.97 1.9158 0.4880 0.5435 67.6502 1.0717 97.8475 -0.0510 -0.0082 0.0007 410 pedestrian_0020
Pedestrian 0.00 1.00 0 0 0 0 0 0 0 0 1440.51 364.20 1443.36 368.85 1.9158 0.4880 0.7333 231.0017 3.6632 -202.1911 1.4049 -0.0082 0.0007 411 pedestrian_0025
Pedestrian 1.00 1.00 1 2 3 5 0 0 0 0 -1000.00 -1000.00 -1000.00 -1000.00 1.1330 0.4333 0.3876 -16.1808 2.7609 -110.4211 -1.4003 -0.0082 0.0007 412 pedestrian_0010
Pedestrian 1.00 1.00 0 0 0 0 0 0 0 0 -1000.00 -1000.00 -1000.00 -1000.00 1.9158 0.4880 0.7507 68.9800 3.1892 -135.3766 -1.7211 -0.0082 0.0007 413 pedestrian_0015
Pedestrian 0.00 1.00 0 0 0 0 0 0 0 0 202.42 359.24 210.73 366.87 1.1330 0.4333 0.6667 84.0466 1.0226 110.6055 1.5291 -0.0082 0.0007 414 pedestrian_0011
Pedestrian 1.00 1.00 46 59 99 5300 0 13 21 0 -1000.00 -1000.00 -1000.00 -1000.00 1.9158 0.4880 0.4393 -13.1372 1.8062 7.8837 1.3575 -0.0082 0.0007 415 pedestrian_0025
Pedestrian 1.00 1.00 0 0 0 0 0 0 0 0 -1000.00 -1000.00 -1000.00 -1000.00 1.1330 0.4333 0.6527 -90.2354 -6.6924 24.0455 -1.6388 -0.0082 0.0007 416 pedestrian_0009
Pedestrian 1.00 1.00 0 0 0 0 0 0 0 0 -1000.00 -1000.00 -1000.00 -1000.00 1.9158 0.4880 0.7507 -91.5309 -5.6692 -5.8949 -1.6087 -0.0082 0.0007 417 pedestrian_0026
Pedestrian 1.00 1.00 0 0 0 0 0 0 0 0 -1000.00 -1000.00 -1000.00 -1000.00 1.9158 0.4880 0.7507 -11.1762 4.4542 -315.3136 3.0651 -0.0082 0.0007 418 pedestrian_0019
Pedestrian 0.00 1.00 0 0 0 0 0 0 0 0 1183.06 362.17 1185.16 368.04 1.9158 0.4880 0.3930 182.4551 2.6280 -75.5876 -0.9701 -0.0082 0.0007 419 pedestrian_0018
Pedestrian 0.00 1.00 0 0 0 0 0 0 0 0 1611.38 365.69 1613.81 369.96 1.9158 0.4880 0.6887 251.3898 4.4892 -297.0068 -2.4690 -0.0082 0.0007 420 pedestrian_0026
Pedestrian 1.00 1.00 3 7 16 124 0 0 2 0 -1000.00 -1000.00 -1000.00 -1000.00 1.9158 0.4880 0.5716 9.5977 1.5274 43.8645 -1.3856 -0.0082 0.0007 421 pedestrian_0005
Pedestrian 0.00 1.00 0 0 0 0 0 0 0 0 642.98 357.51 646.92 365.26 1.9158 0.4880 0.7505 138.6427 1.3009 75.9858 3.0280 -0.0082 0.0007 422 pedestrian_0021
Pedestrian 0.00 1.00 0 0 0 0 0 0 0 0 515.96 356.71 519.35 362.86 1.9158 0.4880 0.6696 174.3309 0.8899 136.0720 -1.3695 -0.0082 0.0007 423 pedestrian_0025
Pedestrian 0.00 1.00 0 0 0 0 0 0 0 0 65.91 352.29 78.17 373.28 1.9158 0.4880 0.4564 51.9665 1.2124 79.3636 2.9048 -0.0082 0.0007 424 pedestrian_0008
Pedestrian 0.00 1.00 0 0 0 0 0 0 0 0 714.55 358.63 724.50 385.76 1.9158 0.4880 0.4642 39.8788 1.7891 14.5716 -0.4069 -0.0082 0.0007 425 pedestrian_0018
Pedestrian 0.00 1.00 0 0 0 0 0 0 0 0 1481.50 364.53 1484.55 369.25 1.9158 0.4880 0.7507 227.8825 3.7757 -216.2954 1.3389 -0.0082 0.0007 426 pedestrian_0020
Pedestrian 1.00 1.00 0 0 0 0 0 0 0 0 -1000.00 -1000.00 -1000.00 -1000.00 1.3390 0.3253 0.5005 67.6737 3.8365 -235.6436 1.4048 -0.0082 0.0007 427 pedestrian_0012
Pedestrian 0.00 1.00 0 0 0 0 0 0 0 0 816.54 361.43 818.15 364.76 1.1330 0.4333 0.4391 190.4570 1.6229 46.5173 -1.5423 -0.0082 0.0007 428 pedestrian_0011
Pedestrian 1.00 1.00 0 0 0 0 0 0 0 0 -1000.00 -1000.00 -1000.00 -1000.00 1.9158 0.4880 0.5654 85.5094 3.7519 -223.2891 -1.6603 -0.0082 0.0007 429 pedestrian_0006
Pedestrian 1.00 1.00 0 0 0 0 0 0 0 0 -1000.00 -1000.00 -1000.00 -1000.00 1.9158 0.4880 0.5767 85.7946 0.6711 155.1374 -1.5620 -0.0082 0.0007 430 pedestrian_0021
Pedestrian 0.00 1.00 0 0 0 0 0 0 0 0 1631.20 365.74 1634.60 370.91 1.9158 0.4880 0.7507 207.8938 4.0625 -253.3697 0.5930 -0.0082 0.0007 431 pedestrian_0026
Pedestrian 1.00 1.00 0 0 0 0 0 0 0 0 -1000.00 -1000.00 -1000.00 -1000.00 1.9158 0.4880 0.5681 -42.0158 -8.7472 115.9539 -2.8029 -0.0082 0.0007 432 pedestrian_0026
Pedestrian 0.00 1.00 0 0 0 0 0 0 0 0 1217.19 362.24 1220.09 369.54 1.9158 0.4880 0.4919 147.2042 2.5106 -70.4409 0.1392 -0.0082 0.0007 433 pedestrian_0002
Pedestrian 0.00 1.00 0 0 0 0 0 0 0 0 1154.58 361.79 1156.57 367.54 1.9158 0.4880 0.3804 186.0779 2.5155 -67.5262 -2.6632 -0.0082 0.0007 434 pedestrian_0001
Pedestrian 0.00 1.00 0 0 0 0 0 0 0 0 267.53 309.22 273.95 318.18 1.9158 0.4880 0.7297 123.4056 -9.2622 149.9433 3.0918 -0.0082 0.0007 435 pedestrian_0022
Pedestrian 0.00 1.00 0 0 0 0 0 0 0 0 878.39 359.64 881.67 370.24 1.9158 0.4880 0.5151 101.6010 1.8516 12.2763 -0.0411 -0.0082 0.0007 436 pedestrian_0005
Pedestrian 1.00 1.00 0 0 0 0 0 0 0 0 -1000.00 -1000.00 -1000.00 -1000.00 1.3390 0.3253 0.3929 -35.0511 3.7173 -232.5973 -0.6498 -0.0082 0.0007 437 pedestrian_0013
Pedestrian 0.00 1.00 0 0 0 0 0 0 0 0 1488.19 366.23 1490.34 368.53 1.1330 0.4333 0.6667 277.0821 4.2420 -265.8354 1.1226 -0.0082 0.0007 438 pedestrian_0011
Pedestrian 1.00 1.00 0 0 1 0 0 0 0 0 -1000.00 -1000.00 -1000.00 -1000.00 1.9158 0.4880 0.3754 -22.0246 2.9752 -135.8624 0.2479 -0.0082 0.0007 439 pedestrian_0006
Pedestrian 1.00 1.00 0 0 0 0 0 0 0 0 -1000.00 -1000.00 -1000.00 -1000.00 1.3390 0.3253 0.4934 -128.6153 -5.4342 -7.3977 -1.5925 -0.0082 0.0007 440 pedestrian_0014
Pedestrian 1.00 1.00 0 0 0 0 0 0 0 0 -1000.00 -1000.00 -1000.00 -1000.00 1.9158 0.4880 0.4977 59.8272 3.0794 -141.3092 -0.0348 -0.0082 0.0007 441 pedestrian_0025
Pedestrian 1.00 1.00 0 0 0 0 0 0 0 0 -1000.00 -1000.00 -1000.00 -1000.00 1.9158 0.4880 0.4847 -48.9964 4.3891 -310.8302 -0.3134 -0.0082 0.0007 442 pedestrian_0003
Pedestrian 0.00 1.00 0 0 0 0 0 0 0 0 1166.37 361.52 1178.34 385.28 1.9158 0.4880 0.7507 46.0686 2.0425 -19.4850 -1.4148 -0.0082 0.0007 443 pedestrian_0024
Pedestrian 0.00 1.00 0 0 0 0 0 0 0 0 955.78 360.26 959.42 371.38 1.9158 0.4880 0.5141 97.0366 1.9628 -1.8163 1.3368 -0.0082 0.0007 444 pedestrian_0007
Pedestrian 1.00 1.00 0 0 0 0 0 0 0 0 -1000.00 -1000.00 -1000.00 -1000.00 1.9158 0.4880 0.3921 68.7691 3.0869 -141.3166 -0.2671 -0.0082 0.0007 445 pedestrian_0023
Pedestrian 1.00 1.00 0 0 0 0 0 0 0 0 -1000.00 -1000.00 -1000.00 -1000.00 1.9158 0.4880 0.6389 -57.0896 4.3649 -308.5679 -0.2693 -0.0082 0.0007 446 pedestrian_0026
Pedestrian 0.00 1.00 0 0 0 0 0 0 0 0 339.73 306.42 345.81 312.71 1.1330 0.4333 0.6304 106.1386 -8.9961 114.8090 3.0838 -0.0082 0.0007 447 pedestrian_0009
Pedestrian 0.00 1.00 0 0 0 0 0 0 0 0 785.74 337.02 787.25 341.27 1.9158 0.4880 0.5300 254.4684 -8.5786 77.1004 -0.9839 -0.0082 0.0007 448 pedestrian_0015
Pedestrian 0.00 1.00 0 0 0 0 0 0 0 0 395.19 355.68 399.92 366.38 1.9158 0.4880 0.3773 100.6077 1.1426 98.8113 -2.0102 -0.0082 0.0007 449 pedestrian_0017
Pedestrian 0.00 0.30 0 0 0 321 0 0 0 0 1717.29 365.91 1773.78 453.71 1.9158 0.4880 0.6716 13.0858 2.0135 -19.3112 -1.7092 -0.0082 0.0007 450 pedestrian_0023
Pedestrian 1.00 1.00 3 5 7 32 2 0 0 0 -1000.00 -1000.00 -1000.00 -1000.00 1.9158 0.4880 0.7507 -13.7958 2.3869 -63.1369 1.4201 -0.0082 0.0007 451 pedestrian_0001
Pedestrian 1.00 1.00 0 0 0 0 0 0 0 0 -1000.00 -1000.00 -1000.00 -1000.00 1.9158 0.4880 0.7483 110.6961 4.0926 -265.4784 3.0617 -0.0082 0.0007 452 pedestrian_0017
Pedestrian 1.00 1.00 0 0 0 0 0 0 0 0 -1000.00 -1000.00 -1000.00 -1000.00 1.1330 0.4333 0.6364 77.1218 4.0790 -246.8250 -0.1235 -0.0082 0.0007 453 pedestrian_0011
Pedestrian 0.00 1.00 0 0 0 0 0 0 0 0 1326.10 363.36 1328.04 367.02 1.9158 0.4880 0.6884 292.8300 3.6875 -195.4802 1.5107 -0.0082 0.0007 454 pedestrian_0018
Pedestrian 1.00 1.00 1 2 4 50 0 0 1 0 -1000.00 -1000.00 -1000.00 -1000.00 1.9158 0.4880 0.6960 13.0584 1.2884 73.4015 -1.7269 -0.0082 0.0007 455 pedestrian_0021
Pedestrian 0.00 1.00 0 0 0 0 0 0 0 0 362.22 356.27 369.27 369.41 1.9158 0.4880 0.5014 82.2887 1.3731 84.8837 -1.6377 -0.0082 0.0007 456 pedestrian_0007
Pedestrian 0.00 1.00 0 0 0 0 0 0 0 0 1228.88 363.22 1234.91 374.80 1.9158 0.4880 0.7460 93.5263 2.4571 -47.6033 0.6215 -0.0082 0.0007 457 pedestrian_0021
Pedestrian 1.00 1.00 0 0 0 9 0 0 0 0 -1000.00 -1000.00 -1000.00 -1000.00 1.9158 0.4880 0.7507 9.9599 -9.0537 120.3935 -0.0526 -0.0082 0.0007 458 pedestrian_0019
Pedestrian 1.00 1.00 0 0 0 0 0 0 0 0 -1000.00 -1000.00 -1000.00 -1000.00 1.1330 0.4333 0.5143 -131.3821 1.8089 -69.6642 1.5410 -0.0082 0.0007 459 pedestrian_0009
Pedestrian 1.00 1.00 0 0 0 0 0 0 0 0 -1000.00 -1000.00 -1000.00 -1000.00 1.9158 0.4880 0.6590 -132.7827 2.0906 -73.8449 -1.6547 -0.0082 0.0007 460 pedestrian_0004
Pedestrian 1.00 1.00 0 0 0 7 0 0 0 0 -1000.00 -1000.00 -1000.00 -1000.00 1.3390 0.3253 0.4369 -16.0941 2.6986 -102.0798 1.5484 -0.0082 0.0007 461 pedestrian_0012
Pedestrian 0.00 1.00 0 0 0 0 0 0 0 0 1690.23 366.27 1696.67 377.98 1.9158 0.4880 0.4052 92.3025 2.9521 -123.0049 -0.0957 -0.0082 0.0007 462 pedestrian_0006
Pedestrian 0.00 1.00 0 0 0 0 0 0 0 0 1269.39 369.34 1275.16 377.89 1.1330 0.4333 0.5059 75.3886 2.3920 -44.1260 1.7171 -0.0082 0.0007 463 pedestrian_0009
Pedestrian 0.00 1.00 0 0 0 0 0 0 0 0 925.76 361.93 927.13 365.40 1.3390 0.3253 0.5005 215.8543 2.0889 10.7706 -1.5809 -0.0082 0.0007 464 pedestrian_0014
Pedestrian 0.00 1.00 0 0 0 0 0 0 0 0 1207.63 364.73 1210.23 368.22 1.1330 0.4333 0.6402 182.3142 2.6833 -83.6535 -1.5044 -0.0082 0.0007 465 pedestrian_0010
Pedestrian 1.00 1.00 5 0 6 40 0 0 0 0 -1000.00 -1000.00 -1000.00 -1000.00 1.9158 0.4880 0.7389 -13.0241 1.7299 35.8281 -1.5195 -0.0082 0.0007 466 pedestrian_0017
Pedestrian 1.00 1.00 0 1 1 1 0 0 0 0 -1000.00 -1000.00 -1000.00 -1000.00 1.9158 0.4880 0.4173 -21.0776 2.9695 -134.9561 -2.7999 -0.0082 0.0007 467 pedestrian_0004
Pedestrian 1.00 1.00 0 0 0 0 0 0 0 0 -1000.00 -1000.00 -1000.00 -1000.00 1.9158 0.4880 0.5492 25.3210 2.7167 -102.1105 -0.3764 -0.0082 0.0007 468 pedestrian_0021
Pedestrian 0.00 1.00 0 0 0 0 0 0 0 0 798.36 360.68 799.94 364.58 1.3390 0.3253 0.4396 191.6074 1.5731 53.0708 -1.5585 -0.0082 0.0007 469 pedestrian_0013
Pedestrian 1.00 1.00 4 3 6 54 0 0 1 0 -1000.00 -1000.00 -1000.00 -1000.00 1.9158 0.4880 0.7507 -7.6765 1.2937 71.1395 -1.5496 -0.0082 0.0007 470 pedestrian_0001
Pedestrian 1.00 1.00 0 0 0 0 0 0 0 0 -1000.00 -1000.00 -1000.00 -1000.00 1.9158 0.4880 0.7507 35.5488 2.1034 -29.0563 -1.9032 -0.0082 0.0007 471 pedestrian_0015
Pedestrian 1.00 1.00 0 0 0 0 0 0 0 0 -1000.00 -1000.00 -1000.00 -1000.00 1.9158 0.4880 0.7507 -133.6935 3.6735 -230.7983 1.8655 -0.0082 0.0007 472 pedestrian_0024
Pedestrian 0.00 1.00 0 0 0 0 0 0 0 0 1182.74 363.89 1184.02 367.97 1.3390 0.3253 0.2872 183.6146 2.6226 -75.8178 1.5289 -0.0082 0.0007 473 pedestrian_0013
Pedestrian 0.00 1.00 0 0 0 0 0 0 0 0 1905.50 368.08 1909.98 373.77 1.9158 0.4880 0.6311 189.1021 4.6642 -323.8121 0.1920 -0.0082 0.0007 474 pedestrian_0018
Pedestrian 0.00 1.00 0 0 0 0 0 0 0 0 1343.83 364.76 1345.55 367.94 1.3390 0.3253 0.4943 236.0821 3.3613 -165.3741 -1.6806 -0.0082 0.0007 475 pedestrian_0012
Pedestrian 0.00 1.00 0 0 0 0 0 0 0 0 1328.87 364.04 1335.43 379.34 1.9158 0.4880 0.6073 71.0720 2.4305 -49.2570 -2.0064 -0.0082 0.0007 476 pedestrian_0026
Pedestrian 0.00 1.00 0 0 0 0 0 0 0 0 1461.87 364.47 1463.65 368.27 1.9158 0.4880 0.5402 281.3250 4.1786 -256.4818 -2.0138 -0.0082 0.0007 477 pedestrian_0016
Pedestrian 1.00 1.00 0 0 1 4 0 0 0 0 -1000.00 -1000.00 -1000.00 -1000.00 1.9158 0.4880 0.3754 -16.5443 2.9848 -117.8099 3.0706 -0.0082 0.0007 478 pedestrian_0006
Pedestrian 0.00 1.00 0 0 0 0 0 0 0 0 1854.32 367.67 1857.53 373.06 1.9158 0.4880 0.5973 199.2545 4.6624 -322.6450 -2.5882 -0.0082 0.0007 479 pedestrian_0001
Pedestrian 0.00 1.00 0 0 0 0 0 0 0 0 624.00 357.34 628.16 365.52 1.9158 0.4880 0.7507 131.4838 1.2934 76.3581 3.0931 -0.0082 0.0007 480 pedestrian_0021
Car 0.00 1.00 0 0 0 0 0 0 0 0 1078.33 362.21 1088.23 368.68 1.6980 1.9434 4.1871 151.6084 2.3147 -35.7050 -0.0522 -0.0082 0.0007 481 citroen_c3
Car 0.00 1.00 0 0 0 0 0 0 0 0 1082.15 361.10 1093.11 369.15 1.9718 2.0005 4.0595 140.6233 2.2613 -34.3553 -0.0522 -0.0082 0.0007 482 jeep_wrangler_rubicon
Car 0.00 1.00 0 0 0 0 0 0 0 0 964.62 360.29 972.53 367.66 1.9718 2.0005 4.0595 152.6367 2.0613 -4.5910 3.0894 -0.0082 0.0007 483 jeep_wrangler_rubicon
Car 0.00 1.00 0 0 0 0 0 0 0 0 1093.79 361.19 1105.11 369.26 1.9718 2.0005 4.0595 140.4699 2.2853 -37.2924 -0.0522 -0.0082 0.0007 484 jeep_wrangler_rubicon
Car 0.00 1.00 0 0 0 0 0 0 0 0 1455.43 364.30 1482.60 373.56 1.9718 2.0005 4.0595 123.3828 2.9479 -114.5654 1.5186 -0.0082 0.0007 485 nissan_patrol
Car 0.00 1.00 0 0 0 0 0 0 0 0 1444.84 366.21 1471.11 373.37 1.5488 2.0688 3.9961 126.2731 2.9790 -114.7286 -1.6230 -0.0082 0.0007 486 nissan_patrol
Car 0.00 1.00 0 0 0 0 0 0 0 0 1489.69 367.04 1531.21 375.30 1.4855 2.1349 -5.6254 106.8400 2.8661 -107.2685 -1.6230 -0.0082 0.0007 487 nissan_patrol
Car 0.00 1.00 0 0 0 0 0 0 0 0 1425.98 365.51 1451.27 373.16 1.6244 1.8781 -3.8906 123.7166 2.8714 -108.1501 1.5186 -0.0082 0.0007 488 nissan_patrol
Car 0.00 1.00 0 0 0 0 0 0 0 0 1419.69 365.48 1457.93 375.58 1.7506 2.3538 -4.8416 102.1415 2.7845 -89.5319 1.5186 -0.0082 0.0007 489 nissan_patrol
Car 0.00 1.00 0 0 0 0 0 0 0 0 1369.68 363.61 1396.83 373.38 1.9718 2.0005 -4.0595 116.4181 2.7445 -90.3180 -1.6230 -0.0082 0.0007 490 nissan_patrol
Car 0.00 1.00 0 0 0 0 0 0 0 0 1556.76 365.17 1597.12 376.42 1.9476 2.0282 4.8347 100.8977 2.9070 -113.3490 -1.6230 -0.0082 0.0007 491 nissan_patrol
Car 0.00 1.00 0 0 0 0 0 0 0 0 1543.54 365.01 1577.84 376.03 1.9718 2.0005 4.0595 103.7850 2.9257 -113.5574 -1.6230 -0.0082 0.0007 492 nissan_patrol
Car 0.00 1.00 0 0 0 0 0 0 0 0 1446.93 365.92 1477.33 375.00 1.6244 1.8781 3.8906 104.6966 2.7595 -96.1176 1.5186 -0.0082 0.0007 493 nissan_patrol
Car 0.00 1.00 0 0 0 0 0 0 0 0 1434.65 366.45 1465.41 374.90 1.5488 2.0688 3.9961 107.4168 2.8145 -96.2577 -1.6230 -0.0082 0.0007 494 nissan_patrol
Car 0.00 1.00 0 0 0 0 0 0 0 0 1399.36 362.98 1431.06 373.63 2.1397 2.1728 4.7017 116.0865 2.7829 -96.6897 -1.6230 -0.0082 0.0007 495 nissan_patrol
Car 0.00 1.00 0 0 0 0 0 0 0 0 1371.99 363.68 1401.17 372.74 1.9476 2.0282 4.8347 124.2953 2.7903 -97.0696 -1.6230 -0.0082 0.0007 496 nissan_patrol
Car 0.00 1.00 0 0 0 0 0 0 0 0 1365.47 365.49 1389.98 372.41 1.5100 1.8730 4.1000 127.1841 2.7859 -97.2861 -1.6230 -0.0082 0.0007 497 nissan_patrol
Car 0.00 1.00 0 0 0 0 0 0 0 0 1335.57 365.50 1362.52 373.46 1.5488 2.0688 3.9961 113.9811 2.6982 -81.4849 1.5186 -0.0082 0.0007 498 nissan_patrol
Car 0.00 1.00 0 0 0 0 0 0 0 0 1327.05 365.32 1353.07 372.88 1.5100 1.8730 4.1000 116.8721 2.6505 -81.6401 1.5186 -0.0082 0.0007 499 nissan_patrol
Car 0.00 1.00 0 0 0 0 0 0 0 0 1317.28 363.23 1346.58 372.65 1.9476 2.0282 4.8347 119.5544 2.6615 -81.7344 -1.6230 -0.0082 0.0007 500 nissan_patrol
Car 0.00 1.00 0 0 0 0 0 0 0 0 1336.20 362.34 1370.54 374.36 2.1397 2.1728 -4.7017 102.9263 2.5921 -74.5099 -1.6230 -0.0082 0.0007 501 nissan_patrol
Car 0.00 1.00 0 0 0 0 0 0 0 0 1326.24 363.27 1359.63 373.98 1.9476 2.0282 -4.8347 105.8210 2.5933 -74.5934 1.5186 -0.0082 0.0007 502 nissan_patrol
Car 0.00 1.00 0 0 0 0 0 0 0 0 1282.39 364.36 1305.39 372.02 1.6244 1.8781 -3.8906 122.7764 2.6039 -75.5502 -1.6230 -0.0082 0.0007 503 nissan_patrol
Car 0.00 1.00 0 0 0 0 0 0 0 0 1273.63 364.06 1301.54 372.18 1.7506 2.3538 -4.8416 125.4106 2.6879 -75.7119 -1.6230 -0.0082 0.0007 504 nissan_patrol
Car 0.00 1.00 0 0 0 0 0 0 0 0 1061.33 361.02 1071.33 368.34 1.9476 2.0282 4.8347 152.5099 2.2354 -31.2693 3.0894 -0.0082 0.0007 505 nissan_patrol
Car 0.00 1.00 0 0 0 0 0 0 0 0 975.10 361.84 982.44 367.70 1.5475 1.9070 4.4025 152.0900 2.0610 -7.3635 3.0894 -0.0082 0.0007 506 seat_leon
Car 0.00 1.00 0 0 0 0 0 0 0 0 1026.00 358.56 1037.68 368.27 2.5908 2.7453 5.4640 152.9368 2.2174 -21.8888 3.0894 -0.0082 0.0007 507 carlamotors_carlacola
Car 0.00 1.00 0 0 0 0 0 0 0 0 737.92 356.48 754.92 365.35 2.5908 2.7453 5.4640 167.0744 1.5647 61.7122 -0.0522 -0.0082 0.0007 508 carlamotors_carlacola
Car 0.00 1.00 0 0 0 0 0 0 0 0 726.36 356.39 743.71 365.25 2.5908 2.7453 5.4640 167.2563 1.5363 65.1959 -0.0522 -0.0082 0.0007 509 carlamotors_carlacola
Car 0.00 1.00 0 0 0 0 0 0 0 0 689.67 355.18 716.85 365.87 2.5908 2.7453 5.4640 138.7888 1.4238 61.5494 -1.6230 -0.0082 0.0007 510 carlamotors_carlacola
Car 0.00 1.00 0 0 0 0 0 0 0 0 1041.54 358.69 1053.83 368.42 2.5908 2.7453 5.4640 152.7120 2.2525 -26.1937 3.0894 -0.0082 0.0007 511 carlamotors_carlacola
Car 0.00 1.00 0 0 0 0 0 0 0 0 788.34 355.70 874.14 386.56 2.2031 2.5091 6.5872 44.1651 1.9098 7.6282 2.5658 -0.0082 0.0007 512 tesla_cybertruck