Car 1.00 1.00 0 0 0 0 0 0 0 0 -1000.00 -1000.00 -1000.00 -1000.00 1.5542 2.3421 5.1370 10.5198 -7.7981 146.7630 3.1158 0.0017 0.0003 0 lincoln2020_mkz2020
Car 1.00 1.00 6683 238385 380479 0 0 0 0 0 -1000.00 -1000.00 -1000.00 -1000.00 2.1397 2.1728 4.7045 -0.0005 2.0932 -2.2389 1.5708 0.0000 0.0000 1 volkswagen_t2
Motorcycle 1.00 1.00 0 0 0 0 0 0 0 0 -1000.00 -1000.00 -1000.00 -1000.00 1.6960 1.0692 2.4735 15.3216 -7.8260 133.8448 -0.0482 0.0027 0.0099 2 harley_davidson_low_rider
Motorcycle 0.00 1.00 0 0 0 0 0 0 0 0 1259.19 360.74 1265.01 363.99 1.6960 1.0692 2.4735 292.8231 2.0910 -161.2810 1.5462 0.0036 0.0004 3 harley_davidson_low_rider
Car 0.00 1.00 0 0 0 0 0 0 0 0 621.52 363.43 665.27 374.89 1.6320 2.1403 5.2230 82.5404 2.1514 44.2810 -1.5900 -0.0037 0.0004 4 dodge_charger_police
Car 1.00 1.00 0 0 0 0 0 0 0 0 -1000.00 -1000.00 -1000.00 -1000.00 1.5542 2.3421 5.1370 -102.2648 -6.4609 39.8585 1.6255 -0.0124 -0.0055 5 lincoln2020_mkz2020
Car 1.00 1.00 0 0 0 0 0 0 0 0 -1000.00 -1000.00 -1000.00 -1000.00 1.4546 2.0938 4.3903 56.2928 1.9413 -298.1805 3.1231 0.0005 0.0003 6 audi_tt
Car 0.00 1.00 0 0 0 0 0 0 0 0 1175.45 362.87 1187.46 370.05 1.4477 1.5550 2.3177 115.4420 2.0492 -47.9361 3.1367 -0.0051 0.0004 7 bmw_isetta
Car 1.00 1.00 0 0 0 0 0 0 0 0 -1000.00 -1000.00 -1000.00 -1000.00 1.7173 2.2591 5.2781 20.2231 1.9392 -293.6617 3.1120 -0.0068 -0.0001 8 mercedes_benz_coupe
Car 1.00 1.00 0 0 0 0 0 0 0 0 -1000.00 -1000.00 -1000.00 -1000.00 1.4812 2.1349 5.6254 -59.9144 2.0122 3.8892 1.5100 0.0006 0.0004 9 chevrolet_impala
Car 0.00 1.00 0 0 0 0 0 0 0 0 233.45 363.68 301.74 377.14 1.6115 2.2019 5.2564 71.7758 2.1024 85.9684 0.0210 0.0005 0.0010 10 charger2020_charger2020
Car 0.00 1.00 0 0 0 0 0 0 0 0 796.29 359.77 817.47 370.72 2.2031 2.5091 6.5872 115.8217 2.1579 29.4071 3.1320 0.0006 0.0004 11 tesla_cybertruck
Car 1.00 1.00 0 0 0 0 0 0 0 0 -1000.00 -1000.00 -1000.00 -1000.00 1.5140 2.1024 4.9073 45.3701 1.9861 -197.4949 3.0906 0.0005 0.0003 12 mercedesccc_mercedesccc
Car 0.00 1.00 0 0 0 0 0 0 0 0 812.81 361.53 827.90 367.05 1.6980 1.9434 4.1871 173.6014 2.1801 41.2249 -1.5921 0.0006 0.0004 13 citroen_c3
Car 0.00 1.00 0 0 0 0 0 0 0 0 1062.36 364.25 1104.30 374.73 1.4812 2.1349 5.6254 81.4940 2.1082 -20.1022 -1.5867 0.0005 0.0004 14 chevrolet_impala
Car 0.00 1.00 0 0 0 0 0 0 0 0 791.75 361.74 810.60 367.10 1.6320 2.1403 5.2230 173.6439 2.1879 47.2095 -1.6352 -0.0038 0.0004 15 dodge_charger_police
Car 0.00 1.00 0 0 0 0 0 0 0 0 1109.76 361.55 1127.44 366.47 1.5863 2.2347 5.1468 182.0910 2.0979 -54.0317 1.5540 -0.0013 -0.0025 16 lincoln_mkz2017
Car 1.00 1.00 0 0 0 1 0 0 0 0 -1000.00 -1000.00 -1000.00 -1000.00 1.7318 2.1344 5.0985 -88.7524 -7.0054 88.8576 1.0167 -0.0112 -0.0035 17 audi_etron
Car 0.00 1.00 0 0 0 0 0 0 0 0 1146.05 361.08 1163.40 366.53 1.7506 2.3538 4.8416 181.8775 2.1115 -65.7536 1.5515 -0.0019 0.0004 18 bmw_grandtourer
Car 0.00 0.26 55 63 99 513 0 0 0 8 663.38 366.18 711.12 387.23 1.5765 1.9374 3.8150 45.6370 2.0964 19.6263 -0.0091 0.0005 0.0004 19 nissan_micra
Motorcycle 0.00 1.00 0 0 0 0 0 0 0 0 1125.12 361.24 1130.80 366.62 1.6960 1.0692 2.4735 177.9739 2.0972 -55.8573 -0.0065 0.0043 -0.0009 20 harley_davidson_low_rider
Car 0.00 1.00 0 0 0 0 0 0 0 0 1188.31 361.58 1202.54 366.46 1.5765 1.9374 3.8150 181.6153 2.0932 -78.9314 1.5626 0.0007 0.0004 21 nissan_micra
Car 1.00 1.00 0 0 0 0 0 0 0 0 -1000.00 -1000.00 -1000.00 -1000.00 1.7203 2.2019 5.4994 28.5388 2.0910 90.5639 -3.1234 0.0005 0.0010 22 chargercop2020_chargercop2020
Car 1.00 1.00 35 35 62 412 11 0 0 0 -1000.00 -1000.00 -1000.00 -1000.00 1.5475 1.9070 4.4025 17.4924 2.0042 -50.1523 3.1102 0.0006 0.0004 23 seat_leon
Car 0.00 1.00 0 0 0 0 0 0 0 0 974.62 342.17 984.28 345.13 1.3660 1.9896 4.9534 288.2763 -7.7876 -12.2954 1.5484 -0.0218 0.0004 24 mustang_mustang
Cyclist 1.00 1.00 0 1 1 0 0 0 0 0 -1000.00 -1000.00 -1000.00 -1000.00 1.9709 0.6705 1.7250 -16.6837 1.9877 -131.7579 -0.0069 0.0074 0.0003 25 diamondback_century
Cyclist 1.00 1.00 0 0 0 2 0 0 0 0 -1000.00 -1000.00 -1000.00 -1000.00 1.7065 0.8593 1.4873 -9.4338 1.9626 -127.0987 -1.6225 0.0022 0.0033 26 bh_crossbike
Car 1.00 1.00 0 0 0 0 0 0 0 0 -1000.00 -1000.00 -1000.00 -1000.00 2.1397 2.1728 4.7045 79.2097 2.0208 -184.2520 -1.5921 0.0006 0.0004 27 volkswagen_t2
Car 1.00 1.00 0 0 0 0 0 0 0 0 -1000.00 -1000.00 -1000.00 -1000.00 1.9718 2.0005 4.0595 -58.9961 1.9158 -193.2368 -1.4119 -0.0022 0.0007 28 jeep_wrangler_rubicon
Car 1.00 1.00 24 19 31 251 0 0 36 0 -1000.00 -1000.00 -1000.00 -1000.00 1.5627 2.2716 5.0314 1.3767 2.1262 70.3993 1.5848 0.0006 0.0004 29 tesla_model3
Car 0.00 1.00 0 0 0 0 0 0 0 0 1356.63 361.11 1376.91 367.52 1.4546 2.0938 4.3903 167.4458 2.0094 -124.2475 -1.9398 0.0006 -0.1033 30 audi_tt
Car 1.00 1.00 0 0 0 0 0 0 0 0 -1000.00 -1000.00 -1000.00 -1000.00 1.5488 2.0688 3.9961 39.8541 2.0915 90.3500 3.1236 0.0006 0.0004 31 mini_cooperst
Car 0.00 1.00 0 0 0 0 0 0 0 0 1406.35 363.37 1447.25 377.64 1.6011 2.1072 4.7392 67.0889 2.0198 -57.7765 -0.3163 0.0006 0.0004 32 toyota_prius
Car 1.00 1.00 0 0 0 0 0 0 0 0 -1000.00 -1000.00 -1000.00 -1000.00 2.1397 2.1728 4.7045 75.0749 2.0074 -204.8650 0.0688 0.0004 0.0004 33 volkswagen_t2
Car 0.00 1.00 0 0 0 0 0 0 0 0 1275.89 360.95 1287.34 364.05 1.6011 2.1072 4.7392 289.1828 2.0975 -169.4333 1.5853 0.0005 0.0004 34 toyota_prius
Car 0.00 0.40 48 70 98 3204 0 0 6 10 77.11 378.00 275.04 411.93 1.3660 1.9896 4.9534 24.3368 2.1063 30.2819 3.1330 0.0005 0.0004 35 mustang_mustang
Car 1.00 1.00 43 54 80 657 0 0 37 0 -1000.00 -1000.00 -1000.00 -1000.00 1.6011 2.1072 4.7392 -2.3442 2.1087 48.8825 -1.5927 0.0006 0.0004 36 toyota_prius
Car 0.00 1.00 0 0 0 0 0 0 0 0 1262.69 361.82 1301.27 373.15 1.7506 2.3538 4.8416 90.0568 2.0506 -53.9017 -2.6493 0.0005 0.0007 37 bmw_grandtourer
Car 0.00 1.00 0 0 0 0 0 0 0 0 1060.12 359.80 1082.55 366.86 2.2031 2.5091 6.5872 175.5300 2.1432 -37.2651 -1.5963 0.0006 0.0004 38 tesla_cybertruck
Motorcycle 1.00 1.00 11 12 17 779 0 2 4 0 -1000.00 -1000.00 -1000.00 -1000.00 1.6387 1.2138 2.3199 -62.3039 2.0410 51.8254 -1.5378 0.0005 0.0004 39 yamaha_yzf
Car 1.00 1.00 0 20 27 88 8 0 0 0 -1000.00 -1000.00 -1000.00 -1000.00 1.9476 2.0282 4.8347 14.7012 2.0044 -125.4286 3.1162 0.0002 0.0004 40 nissan_patrol
Car 0.00 1.00 0 0 0 0 0 0 0 0 1231.69 362.43 1262.08 372.29 1.6115 2.2019 5.2564 96.2095 2.0459 -51.4407 -3.0699 0.0085 0.0012 41 charger2020_charger2020
Car 0.00 1.00 0 0 0 0 0 0 0 0 862.58 361.24 876.98 365.42 1.6115 2.2019 5.2564 223.2282 2.1391 33.9104 -1.7246 0.0061 0.0039 42 charger2020_charger2020
Motorcycle 0.00 1.00 0 0 0 0 0 0 0 0 747.28 363.55 763.66 377.62 1.6649 1.0692 2.4735 68.6388 2.1082 22.6857 -0.0049 0.0032 0.0004 43 harley_davidson_low_rider
Car 0.00 1.00 0 0 0 0 0 0 0 0 1332.38 361.49 1348.64 366.06 1.5542 2.3421 5.1370 193.7741 2.0785 -134.5210 3.0833 0.0006 0.0004 44 lincoln2020_mkz2020
Motorcycle 0.97 0.97 75 67 108 1352 0 0 11 0 0.22 399.25 12.00 419.48 1.6960 1.0692 2.4735 18.8635 2.0939 30.3069 3.1300 0.0035 0.0005 45 harley_davidson_low_rider
Cyclist 0.00 1.00 0 0 0 0 0 0 0 0 811.25 360.94 817.18 371.01 1.9310 0.5921 1.9272 108.5859 2.1159 26.0468 3.1160 -0.0035 0.0004 46 gazelle_omafiets
Car 1.00 1.00 2459 2736 4374 59296 0 0 791 0 -1000.00 -1000.00 -1000.00 -1000.00 1.7318 2.1344 5.0985 0.0340 2.1006 6.9316 1.5253 0.0006 0.0004 47 audi_etron
Car 0.00 1.00 0 0 0 0 0 0 0 0 237.30 361.08 302.71 377.52 1.9476 2.0282 4.8347 69.5107 2.0874 82.8633 -0.0151 0.0002 0.0004 48 nissan_patrol
Car 1.00 1.00 0 0 0 0 0 0 0 0 -1000.00 -1000.00 -1000.00 -1000.00 1.7203 2.2019 5.4994 -56.0178 2.0122 8.1737 1.5387 0.0005 0.0010 49 chargercop2020_chargercop2020
Car 1.00 1.00 0 0 0 0 0 0 0 0 -1000.00 -1000.00 -1000.00 -1000.00 1.6244 1.8781 3.8906 89.5007 1.9979 -203.8721 -2.7499 0.0000 -0.0008 50 audi_a2
Car 0.00 1.00 0 0 0 0 0 0 0 0 1167.48 361.60 1185.92 366.51 1.5863 2.2347 5.1468 181.8969 2.1110 -72.9345 1.5591 0.0006 0.0004 51 lincoln_mkz2017
Cyclist 1.00 1.00 0 0 0 0 0 0 0 0 -1000.00 -1000.00 -1000.00 -1000.00 1.9709 0.6705 1.7250 78.0193 1.9792 -209.5936 -0.2869 0.0055 0.0055 52 diamondback_century
Cyclist 0.00 1.00 0 0 0 0 0 0 0 0 1320.54 360.56 1332.88 375.22 1.9311 0.5921 1.9272 75.3248 2.0107 -51.3692 2.9990 -0.0129 0.0004 53 gazelle_omafiets
Car 1.00 1.00 3 3 7 53 0 0 1 0 -1000.00 -1000.00 -1000.00 -1000.00 1.7173 2.2591 5.2781 16.0282 2.1008 94.3421 3.1211 -0.0065 0.0001 54 mercedes_benz_coupe
Car 0.00 1.00 0 0 0 0 0 0 0 0 882.74 361.70 891.08 366.14 1.5542 2.3421 5.1370 199.6036 2.1700 23.9267 -3.1350 0.0006 0.0004 55 lincoln2020_mkz2020
Car 0.00 1.00 0 0 0 0 0 0 0 0 975.43 360.85 987.21 365.12 1.7506 2.3538 4.8416 230.1964 2.1044 -11.0544 1.5319 0.0003 0.0006 56 bmw_grandtourer
Car 0.00 0.05 89 92 156 3559 0 0 3 7 404.80 372.00 497.13 397.35 1.4546 2.0938 4.3903 32.6549 2.1153 26.6102 3.1221 0.0006 0.0004 57 audi_tt
Car 1.00 1.00 0 0 0 0 0 0 0 0 -1000.00 -1000.00 -1000.00 -1000.00 1.7173 2.2591 5.2781 82.6990 2.0197 -193.2807 -1.5601 -0.0065 0.0001 58 mercedes_benz_coupe
Car 0.00 1.00 0 0 0 0 0 0 0 0 905.56 363.37 937.89 373.01 1.5542 2.3421 5.1370 92.4232 2.1177 4.0370 1.5545 0.0006 0.0004 59 lincoln2020_mkz2020
Car 1.00 1.00 42 44 76 596 0 0 24 0 -1000.00 -1000.00 -1000.00 -1000.00 2.1397 2.1728 4.7045 -10.2932 2.0834 84.2254 -0.0336 -0.0021 0.0005 60 volkswagen_t2
Car 0.00 1.00 0 0 0 0 0 0 0 0 449.60 361.51 471.65 367.43 1.7506 2.3538 4.8416 169.9479 2.2258 149.8953 -0.9043 0.0039 0.0007 61 bmw_grandtourer
Car 0.00 1.00 0 0 0 0 0 0 0 0 872.91 361.53 881.98 366.25 1.6320 2.1403 5.2230 197.7595 2.1858 27.0440 3.0799 -0.0037 0.0004 62 dodge_charger_police
Car 0.00 1.00 0 0 0 0 0 0 0 0 1182.55 361.75 1201.05 370.59 1.6980 1.9434 4.1871 110.4244 2.0502 -47.9551 3.1284 0.0006 0.0004 63 citroen_c3
Car 0.00 1.00 0 0 0 0 0 0 0 0 812.55 363.19 830.71 370.81 1.4812 2.1349 5.6254 113.8316 2.1466 25.8738 3.1107 0.0006 0.0004 64 chevrolet_impala
Car 0.00 1.00 0 0 0 0 0 0 0 0 1364.68 363.00 1412.62 376.10 1.6115 2.2019 5.2564 73.7167 2.0274 -58.3399 0.0038 0.0044 0.0012 65 charger2020_charger2020
Car 1.00 1.00 0 0 0 0 0 0 0 0 -1000.00 -1000.00 -1000.00 -1000.00 1.3660 1.9896 4.9534 42.5788 2.1886 164.1486 -0.0288 0.0006 0.0004 66 mustang_mustang
Motorcycle 1.00 1.00 0 0 0 0 0 0 0 0 -1000.00 -1000.00 -1000.00 -1000.00 1.5852 1.1236 2.1350 -36.2868 2.0259 83.0168 0.3073 -0.0004 0.0874 67 kawasaki_ninja
Car 0.00 1.00 0 0 0 0 0 0 0 0 1588.35 361.60 1609.45 366.88 1.5488 2.0688 3.9961 167.2107 2.0358 -193.7541 0.7927 0.0002 0.0004 68 mini_cooperst
Car 1.00 1.00 0 0 0 0 0 0 0 0 -1000.00 -1000.00 -1000.00 -1000.00 1.5542 2.3421 5.1370 81.6238 1.9946 -205.7015 0.0177 0.0005 0.0001 69 lincoln2020_mkz2020
Car 0.00 1.00 0 0 0 0 0 0 0 0 1718.15 360.55 1766.93 374.59 1.9718 2.0005 4.0595 80.0095 2.0520 -113.6971 -1.5886 0.0002 0.0003 70 jeep_wrangler_rubicon
Car 0.00 1.00 0 0 0 0 0 0 0 0 1176.31 361.10 1194.38 366.64 1.7506 2.3538 4.8416 177.9670 2.1041 -74.1551 1.5157 0.0007 0.0004 71 bmw_grandtourer
Car 1.00 1.00 0 0 0 0 0 0 0 0 -1000.00 -1000.00 -1000.00 -1000.00 2.2031 2.5091 6.5872 84.9154 2.2270 173.8470 3.1048 0.0014 0.0004 72 tesla_cybertruck
Car 1.00 1.00 0 0 0 0 0 0 0 0 -1000.00 -1000.00 -1000.00 -1000.00 1.6244 1.8781 3.8906 -99.4148 -6.1089 4.1701 1.5689 -0.0020 -0.0010 73 audi_a2
Car 0.00 1.00 0 0 0 0 0 0 0 0 743.44 361.44 762.86 366.79 1.7203 2.2019 5.4994 181.0477 2.1905 64.9201 1.6233 0.0005 0.0010 74 chargercop2020_chargercop2020
Car 1.00 1.00 0 0 0 0 0 0 0 0 -1000.00 -1000.00 -1000.00 -1000.00 1.6320 2.1403 5.2230 -103.5295 1.9119 -252.8456 -1.0330 -0.0027 -0.0072 75 dodge_charger_police
Car 0.92 0.00 4260 5023 8051 329193 0 0 742 154 0.00 474.00 274.00 719.00 1.5140 2.1024 4.9073 3.7944 2.0839 4.1220 1.5483 0.0006 0.0004 76 mercedesccc_mercedesccc
Car 0.00 1.00 0 0 0 0 0 0 0 0 886.44 361.46 892.91 365.94 1.6244 1.8781 3.8906 205.7963 2.1713 23.7289 3.1371 0.0001 -0.0007 77 audi_a2
Car 0.00 1.00 0 0 0 0 0 0 0 0 1667.84 362.80 1711.22 373.93 1.6244 1.8781 3.8906 83.6094 2.0485 -110.8877 -1.6025 0.0001 -0.0007 78 audi_a2
Car 0.00 1.00 0 0 0 0 0 0 0 0 972.56 360.92 985.74 365.05 1.7203 2.2019 5.4994 234.0575 2.1129 -10.2783 1.5517 0.0033 0.0024 79 chargercop2020_chargercop2020
Car 0.00 1.00 0 0 0 0 0 0 0 0 1761.51 359.46 1790.47 366.40 2.1397 2.1728 4.7045 175.3538 1.9773 -258.8101 -0.0009 -0.0004 0.0036 80 volkswagen_t2
Car 0.00 1.00 0 0 0 0 0 0 0 0 1028.06 361.83 1041.84 365.41 1.3660 1.9896 4.9534 217.5843 2.0901 -31.5166 -2.1152 0.0004 -0.0009 81 mustang_mustang
Car 0.00 1.00 0 0 0 0 0 0 0 0 937.22 362.47 972.44 373.56 1.7203 2.2019 5.4994 88.7170 2.1177 -1.4165 1.5863 0.0004 0.0010 82 chargercop2020_chargercop2020
Car 0.00 1.00 0 0 0 0 0 0 0 0 1192.60 360.98 1202.06 364.27 1.6244 1.8781 3.8906 275.8088 2.1108 -119.8894 -1.5799 0.0010 -0.0007 83 audi_a2
Car 0.00 0.94 0 2 1 891 0 0 2 0 293.99 369.75 393.64 399.94 1.6244 1.8781 3.8906 30.3730 2.1076 30.1989 3.1236 0.0001 -0.0007 84 audi_a2
Car 0.00 1.00 0 0 0 0 0 0 0 0 537.86 363.23 562.54 369.38 1.3660 1.9896 4.9534 129.0580 2.1260 92.3610 3.1276 0.0006 0.0004 85 mustang_mustang
Car 1.00 1.00 0 0 0 0 0 0 0 0 -1000.00 -1000.00 -1000.00 -1000.00 1.6244 1.8781 3.8906 -86.9106 -7.1929 108.4774 -2.3208 0.0082 0.0018 86 audi_a2
Car 0.00 1.00 0 0 0 0 0 0 0 0 1401.96 360.30 1419.51 366.43 1.9718 2.0005 4.0595 180.4931 2.0711 -148.1641 1.5757 0.0001 0.0003 87 jeep_wrangler_rubicon
Car 1.00 1.00 0 0 0 0 0 0 0 0 -1000.00 -1000.00 -1000.00 -1000.00 1.9718 2.0005 4.0595 -118.9629 1.9805 -105.1738 -1.6170 0.0001 0.0003 88 jeep_wrangler_rubicon
Car 1.00 1.00 0 0 0 0 0 0 0 0 -1000.00 -1000.00 -1000.00 -1000.00 1.3660 1.9896 4.9534 -74.7293 -7.2239 100.9899 0.8027 -0.0113 0.0002 89 mustang_mustang
Motorcycle 1.00 1.00 14 10 14 71 1 0 0 0 -1000.00 -1000.00 -1000.00 -1000.00 1.6649 1.0692 2.4735 -13.1443 1.9804 -56.7252 -0.2040 0.0082 -0.0024 90 harley_davidson_low_rider
Car 0.00 1.00 0 0 0 0 0 0 0 0 1258.29 361.07 1264.14 364.12 1.5475 1.9070 4.4025 286.1721 2.1023 -157.1895 2.8183 0.0006 0.0004 91 seat_leon
Motorcycle 1.00 1.00 0 0 0 0 0 0 0 0 -1000.00 -1000.00 -1000.00 -1000.00 1.6387 1.2138 2.3199 23.4490 2.0958 90.6462 3.1095 0.0012 0.0004 92 yamaha_yzf
Cyclist 1.00 1.00 0 0 0 0 0 0 0 0 -1000.00 -1000.00 -1000.00 -1000.00 1.9311 0.5921 1.9272 -54.3439 1.8806 -212.2174 -1.2684 -0.0025 -0.0018 93 gazelle_omafiets
Car 1.00 1.00 0 0 0 0 0 0 0 0 -1000.00 -1000.00 -1000.00 -1000.00 1.5140 2.1024 4.9073 82.4842 1.9983 -200.8266 -1.5685 0.0005 0.0004 94 mercedesccc_mercedesccc
Car 0.00 1.00 0 0 0 0 0 0 0 0 1100.63 361.98 1110.35 366.65 1.4546 2.0938 4.3903 179.2312 2.1044 -48.9997 3.1096 0.0034 -0.0015 95 audi_tt
Car 1.00 1.00 0 5 9 36 3 0 0 0 -1000.00 -1000.00 -1000.00 -1000.00 2.1397 2.1728 4.7045 14.6856 2.0271 -129.1131 3.1296 0.0006 0.0004 96 volkswagen_t2
Car 1.00 1.00 0 0 0 0 0 0 0 0 -1000.00 -1000.00 -1000.00 -1000.00 1.5140 2.1024 4.9073 -21.7294 1.9976 -131.6822 -0.0185 0.0006 0.0004 97 mercedesccc_mercedesccc
Car 1.00 1.00 0 0 0 0 0 0 0 0 -1000.00 -1000.00 -1000.00 -1000.00 1.4812 2.1349 5.6254 69.0184 2.2115 167.0992 -0.0191 -0.0036 0.0006 98 chevrolet_impala
Car 1.00 1.00 11 14 24 196 0 0 3 0 -1000.00 -1000.00 -1000.00 -1000.00 1.5765 1.9374 3.8150 -17.9633 2.0552 88.0627 -0.0315 0.0008 0.0004 99 nissan_micra
Motorcycle 0.00 0.02 41 47 74 2646 0 0 2 18 105.14 375.00 193.00 419.00 1.5853 1.1236 2.1350 20.9126 2.0686 26.7941 3.1241 0.0004 0.0004 100 kawasaki_ninja
Car 0.00 1.00 0 0 0 0 0 0 0 0 1322.08 360.34 1336.11 365.83 1.9476 2.0282 4.8347 200.1209 2.0703 -134.7870 3.0836 0.0002 0.0004 101 nissan_patrol
Car 1.00 1.00 0 0 0 0 0 0 0 0 -1000.00 -1000.00 -1000.00 -1000.00 2.1397 2.1728 4.7045 -100.3194 -0.6736 -55.6676 1.5445 -0.1207 0.0021 102 volkswagen_t2
Car 1.00 1.00 0 0 0 0 0 0 0 0 -1000.00 -1000.00 -1000.00 -1000.00 1.3660 1.9896 4.9534 -20.6736 1.9959 -135.2860 -0.0257 0.0002 0.0004 103 mustang_mustang
Car 1.00 1.00 2 2 4 197 3 0 0 0 -1000.00 -1000.00 -1000.00 -1000.00 1.5627 2.2716 5.0314 -30.4481 1.9895 -51.7283 -0.2143 0.0007 0.0020 104 tesla_model3
Car 0.00 1.00 0 0 0 0 0 0 0 0 847.89 362.50 862.47 369.53 1.5542 2.3421 5.1370 128.2797 2.1415 21.7900 -0.0072 -0.0004 0.0006 105 lincoln2020_mkz2020
Car 0.00 1.00 0 0 0 0 0 0 0 0 890.88 361.94 904.94 367.26 1.5627 2.2716 5.0314 168.6443 2.1600 16.5101 -0.3350 0.0006 0.0004 106 tesla_model3
Car 1.00 1.00 0 0 0 0 0 0 0 0 -1000.00 -1000.00 -1000.00 -1000.00 1.5765 1.9374 3.8150 82.8427 1.9957 -184.7985 -1.4688 0.0006 0.0004 107 nissan_micra
Cyclist 0.00 1.00 0 0 0 0 0 0 0 0 1887.52 360.53 1907.26 373.52 1.9311 0.5921 1.9272 83.8189 2.0116 -142.2437 -1.5775 -0.0023 0.0013 108 gazelle_omafiets
Cyclist 1.00 1.00 0 0 0 0 0 0 0 0 -1000.00 -1000.00 -1000.00 -1000.00 1.9311 0.5921 1.9272 50.8204 -7.8411 141.9354 3.1071 -0.0030 0.0003 109 gazelle_omafiets
Car 0.00 1.00 0 0 0 0 0 0 0 0 1338.24 364.22 1378.03 375.94 1.4546 2.0938 4.3903 74.2458 2.0359 -54.7537 0.0005 0.0048 0.0007 110 audi_tt
Car 0.00 1.00 0 0 0 0 0 0 0 0 1830.37 360.51 1882.95 373.76 1.9476 2.0282 4.8347 83.6678 2.0253 -135.8788 -1.5243 -0.0008 0.0003 111 nissan_patrol
Car 0.00 1.00 0 0 0 0 0 0 0 0 1216.74 363.14 1239.34 371.39 1.4546 2.0938 4.3903 102.6216 2.0428 -51.3229 3.1195 0.0006 0.0004 112 audi_tt
Car 0.00 1.00 0 0 0 0 0 0 0 0 556.18 361.40 575.60 366.72 1.7506 2.3538 4.8416 185.6770 2.2215 129.0328 1.5310 0.0004 0.0009 113 bmw_grandtourer
Car 0.00 1.00 0 0 0 0 0 0 0 0 1316.45 360.33 1333.72 366.75 1.9718 2.0005 4.0595 174.1340 2.0850 -116.2497 -1.5790 0.0052 -0.0001 114 jeep_wrangler_rubicon
Motorcycle 1.00 1.00 0 0 0 0 0 0 0 0 -1000.00 -1000.00 -1000.00 -1000.00 1.6387 1.2138 2.3199 34.6395 2.1000 90.4437 3.1228 0.0005 0.0004 115 yamaha_yzf
Car 0.00 1.00 0 0 0 0 0 0 0 0 940.68 361.31 957.49 366.59 1.7203 2.2019 5.4994 183.4705 2.1556 1.3570 1.5952 0.0004 0.0010 116 chargercop2020_chargercop2020
Car 0.00 1.00 0 0 0 0 0 0 0 0 583.02 363.03 619.90 374.80 1.6980 1.9434 4.1871 82.5841 2.1504 50.4812 -1.5953 0.0006 0.0004 117 citroen_c3
Car 1.00 1.00 0 0 0 0 0 0 0 0 -1000.00 -1000.00 -1000.00 -1000.00 1.5542 2.3421 5.1370 -40.7122 1.9019 -288.8753 2.8434 -0.0005 -0.0220 118 lincoln2020_mkz2020
Car 0.00 1.00 0 0 0 0 0 0 0 0 803.58 356.50 847.51 375.48 2.5908 2.7453 5.4640 79.6667 2.1498 16.8050 -0.6909 -0.0050 -0.0122 119 carlamotors_carlacola
Car 0.00 0.06 76 83 136 6152 0 0 15 8 500.84 368.00 561.65 391.02 1.5765 1.9374 3.8150 38.2950 2.0976 26.5211 3.1188 0.0006 0.0004 120 nissan_micra
Car 0.00 1.00 0 0 0 0 0 0 0 0 1207.51 361.37 1212.89 364.38 1.4477 1.5550 2.3177 271.3406 2.1214 -124.2528 -1.9503 -0.0052 0.0004 121 bmw_isetta
Car 1.00 1.00 0 0 0 0 0 0 0 0 -1000.00 -1000.00 -1000.00 -1000.00 1.7173 2.2591 5.2781 47.5889 2.2092 167.7165 -0.0396 -0.0045 -0.0001 122 mercedes_benz_coupe
Car 1.00 1.00 7 7 14 56 8 0 0 0 -1000.00 -1000.00 -1000.00 -1000.00 1.7173 2.2591 5.2781 -9.2423 2.0248 -121.1515 -1.5874 -0.0055 0.0001 123 mercedes_benz_coupe
Car 0.00 1.00 0 0 0 0 0 0 0 0 281.23 363.62 320.73 374.08 1.5765 1.9374 3.8150 86.9313 2.1512 99.8611 -1.5719 -0.0043 0.0008 124 nissan_micra
Car 1.00 1.00 0 0 0 0 0 0 0 0 -1000.00 -1000.00 -1000.00 -1000.00 1.6115 2.2019 5.2564 -60.0558 1.9873 -28.4656 -1.1555 0.0004 0.0050 125 charger2020_charger2020
Car 1.00 1.00 0 0 0 0 0 0 0 0 -1000.00 -1000.00 -1000.00 -1000.00 1.9476 2.0282 4.8347 62.0908 2.1877 167.3818 -0.0425 -0.0002 0.0004 126 nissan_patrol
Car 1.00 1.00 0 0 0 22 0 0 0 0 -1000.00 -1000.00 -1000.00 -1000.00 1.5140 2.1024 4.9073 -94.2470 -6.7996 69.4085 1.2499 -0.0127 -0.0003 127 mercedesccc_mercedesccc
Car 0.00 1.00 0 0 0 0 0 0 0 0 1132.36 358.39 1144.26 362.72 1.7173 2.2591 5.2781 287.3667 1.1419 -94.2591 1.5667 -0.0996 -0.0011 128 mercedes_benz_coupe
Car 0.00 1.00 0 0 0 0 0 0 0 0 954.43 362.08 972.01 366.74 1.4812 2.1349 5.6254 179.4923 2.1554 -3.2862 1.5565 0.0003 0.0002 129 chevrolet_impala
Car 1.00 1.00 0 0 0 0 0 0 0 0 -1000.00 -1000.00 -1000.00 -1000.00 2.1397 2.1728 4.7045 -105.7597 1.9690 -150.1654 1.5601 0.0006 0.0004 130 volkswagen_t2
Car 0.00 1.00 0 0 0 0 0 0 0 0 14.16 363.36 54.21 373.13 1.6244 1.8781 3.8906 94.9486 2.2022 154.6002 1.5200 0.0007 -0.0008 131 audi_a2
Car 1.00 1.00 0 20 27 103 34 0 0 0 -1000.00 -1000.00 -1000.00 -1000.00 1.9476 2.0282 4.8347 3.1284 1.9988 -131.0054 -0.4946 -0.0065 0.0025 132 nissan_patrol
Car 0.00 1.00 0 0 0 0 0 0 0 0 1313.87 360.59 1353.59 373.21 1.9476 2.0282 4.8347 87.8350 2.0423 -60.7313 1.5563 -0.0003 0.0003 133 nissan_patrol
Car 1.00 1.00 0 0 0 0 0 0 0 0 -1000.00 -1000.00 -1000.00 -1000.00 1.9476 2.0282 4.8347 -94.2236 -7.0918 99.5252 -2.2046 0.0106 0.0040 134 nissan_patrol
Car 1.00 1.00 9 11 19 75 15 0 0 0 -1000.00 -1000.00 -1000.00 -1000.00 1.7506 2.3538 4.8416 -5.3779 2.0143 -108.9339 -1.5941 0.0005 0.0004 135 bmw_grandtourer
Car 0.00 1.00 0 0 0 0 0 0 0 0 1191.07 360.39 1210.38 370.10 1.9476 2.0282 4.8347 114.7223 2.0289 -51.5750 3.0997 0.0003 0.0004 136 nissan_patrol
Car 1.00 1.00 237 247 398 1797 91 0 0 0 -1000.00 -1000.00 -1000.00 -1000.00 1.7203 2.2019 5.4994 -3.8623 2.0671 -28.1776 -1.5741 0.0005 0.0010 137 chargercop2020_chargercop2020
Car 0.00 1.00 0 0 0 0 0 0 0 0 1243.67 356.64 1280.85 373.76 2.5908 2.7453 5.4640 87.5145 2.0814 -49.4104 -1.0177 0.0002 0.0003 138 carlamotors_carlacola
Car 0.00 1.00 0 0 0 0 0 0 0 0 463.13 362.02 487.08 367.28 1.5863 2.2347 5.1468 173.5593 2.2317 148.6491 -1.2176 0.0022 0.0019 139 lincoln_mkz2017
Car 0.69 1.00 0 0 0 0 0 0 0 0 0.00 361.26 30.90 384.14 1.9718 2.0005 4.0595 51.3475 2.0966 86.5023 -0.0003 0.0056 0.0003 140 jeep_wrangler_rubicon
Car 0.00 1.00 0 0 0 0 0 0 0 0 455.62 362.69 489.40 371.54 1.6011 2.1072 4.7392 105.0259 2.1171 89.1518 3.1197 0.0006 0.0004 141 toyota_prius
Car 0.00 1.00 0 0 0 0 0 0 0 0 617.86 361.52 637.82 366.99 1.7318 2.1344 5.0985 178.4617 2.2240 104.0693 -1.5581 -0.0007 0.0002 142 audi_etron
Car 0.00 1.00 0 0 0 0 0 0 0 0 1289.15 359.76 1304.57 365.25 2.2031 2.5091 6.5872 226.7066 2.1054 -139.3505 -0.0452 0.0004 0.0004 143 tesla_cybertruck
Car 0.00 1.00 0 0 0 0 0 0 0 0 696.81 361.59 707.97 366.19 1.5765 1.9374 3.8150 194.1562 2.1363 87.5013 3.0782 0.0007 0.0004 144 nissan_micra
Car 0.00 1.00 0 0 0 0 0 0 0 0 1193.85 363.10 1215.17 371.18 1.4546 2.0938 4.3903 104.5859 2.0455 -47.8795 3.1277 0.0006 0.0004 145 audi_tt
Car 0.00 1.00 0 0 0 0 0 0 0 0 1340.50 361.23 1355.21 364.30 1.4812 2.1349 5.6254 271.5776 2.0855 -191.5416 -1.6057 -0.0011 0.0002 146 chevrolet_impala
Car 0.00 1.00 0 0 0 0 0 0 0 0 413.06 316.86 450.01 328.02 2.2031 2.5091 6.5872 132.6262 -7.7828 123.1174 0.0046 0.0001 0.0004 147 tesla_cybertruck
Car 1.00 1.00 0 0 0 0 0 0 0 0 -1000.00 -1000.00 -1000.00 -1000.00 1.9718 2.0005 4.0595 79.4880 2.0167 -175.5180 -1.6030 0.0010 0.0003 148 jeep_wrangler_rubicon
Car 0.00 1.00 0 0 0 0 0 0 0 0 1353.03 362.01 1368.61 366.05 1.3660 1.9896 4.9534 193.5634 2.0744 -141.4349 -0.0439 0.0006 0.0004 149 mustang_mustang
Car 0.00 1.00 0 0 0 0 0 0 0 0 1090.03 361.96 1102.75 365.88 1.3660 1.9896 4.9534 198.7627 2.0720 -50.8737 -2.7941 0.0006 0.0004 150 mustang_mustang
Car 1.00 1.00 0 0 0 0 0 0 0 0 -1000.00 -1000.00 -1000.00 -1000.00 2.5908 2.7453 5.4640 -89.4615 1.9993 -126.9205 3.1243 0.0006 0.0004 151 carlamotors_carlacola
Car 0.00 1.00 0 0 0 0 0 0 0 0 157.17 364.37 240.55 379.52 1.5863 2.2347 5.1468 63.2208 2.0979 82.9656 -0.0254 0.0006 0.0004 152 lincoln_mkz2017
Car 0.00 1.00 0 0 0 0 0 0 0 0 730.41 340.24 742.24 344.17 1.7506 2.3538 4.8416 270.4265 -7.7647 106.4683 2.2660 -0.0002 0.0010 153 bmw_grandtourer
Cyclist 0.00 1.00 0 0 0 0 0 0 0 0 795.52 360.78 801.74 370.90 1.9709 0.6705 1.7250 110.0753 2.1270 29.4966 3.1146 0.0050 0.0004 154 diamondback_century
Cyclist 1.00 1.00 0 0 0 0 0 0 0 0 -1000.00 -1000.00 -1000.00 -1000.00 1.9311 0.5921 1.9272 86.3459 1.9737 -209.6078 1.5588 -0.0035 0.0005 155 gazelle_omafiets
Motorcycle 0.00 1.00 0 0 0 0 0 0 0 0 385.61 362.56 408.31 373.17 1.6960 1.0692 2.4735 91.7389 2.1242 89.8723 -0.9195 0.0043 0.0009 156 harley_davidson_low_rider
Car 0.00 1.00 0 0 0 0 0 0 0 0 1264.34 359.95 1275.45 364.09 2.1397 2.1728 4.7045 288.9295 2.1130 -163.1912 1.2550 0.0006 0.0004 157 volkswagen_t2
Car 1.00 1.00 0 0 0 0 0 0 0 0 -1000.00 -1000.00 -1000.00 -1000.00 1.5488 2.0688 3.9961 -84.5946 -7.0455 88.7770 0.9969 -0.0114 0.0001 158 mini_cooperst
Cyclist 0.00 1.00 0 0 0 0 0 0 0 0 734.65 360.72 741.33 366.70 1.9311 0.5921 1.9272 181.1326 2.1684 69.9010 1.5566 -0.0035 0.0004 159 gazelle_omafiets
Car 0.00 1.00 0 0 0 0 0 0 0 0 1334.53 361.96 1357.96 366.89 1.4812 2.1349 5.6254 170.1905 2.0860 -120.0974 -1.5930 0.0006 0.0004 160 chevrolet_impala
Car 1.00 1.00 0 0 0 0 0 0 0 0 -1000.00 -1000.00 -1000.00 -1000.00 1.7173 2.2591 5.2781 -120.5518 -5.8307 -5.0058 -1.5938 0.0407 -0.0001 161 mercedes_benz_coupe
Car 1.00 1.00 0 0 0 0 0 0 0 0 -1000.00 -1000.00 -1000.00 -1000.00 1.9718 2.0005 4.0595 86.8769 2.0065 -198.6015 3.1302 0.0001 0.0003 162 jeep_wrangler_rubicon
Car 1.00 1.00 24 30 41 189 5 0 0 0 -1000.00 -1000.00 -1000.00 -1000.00 1.7506 2.3538 4.8416 20.1399 2.0006 -53.4913 -0.0225 -0.0015 0.0003 163 bmw_grandtourer
Car 1.00 1.00 0 0 0 0 0 0 0 0 -1000.00 -1000.00 -1000.00 -1000.00 1.6115 2.2019 5.2564 18.2828 2.0846 90.7218 -3.1412 0.0005 0.0010 164 charger2020_charger2020
Car 1.00 1.00 150 145 254 1091 39 0 0 0 -1000.00 -1000.00 -1000.00 -1000.00 1.6244 1.8781 3.8906 -7.4332 2.0575 -32.9744 -1.5734 0.0001 -0.0007 165 audi_a2
Car 1.00 1.00 0 0 0 0 0 0 0 0 -1000.00 -1000.00 -1000.00 -1000.00 1.5475 1.9070 4.4025 17.3676 1.9201 -297.5164 3.1132 0.0004 0.0001 166 seat_leon
Car 0.00 1.00 0 0 0 0 0 0 0 0 611.10 334.81 623.97 339.65 1.5765 1.9374 3.8150 209.8209 -7.7806 126.7605 -0.2585 -0.0003 -0.0193 167 nissan_micra
Car 1.00 1.00 0 0 0 0 0 0 0 0 -1000.00 -1000.00 -1000.00 -1000.00 1.5863 2.2347 5.1468 -28.2806 1.9954 -135.0012 -0.0217 0.0007 0.0004 168 lincoln_mkz2017
Car 0.00 1.00 0 0 0 0 0 0 0 0 1202.27 361.43 1225.45 370.72 1.7506 2.3538 4.8416 108.6293 2.0349 -51.4708 3.1225 0.0006 0.0004 169 bmw_grandtourer
Car 0.00 0.38 91 90 156 7423 0 0 23 13 232.48 374.29 402.00 408.00 1.4812 2.1349 5.6254 26.3295 2.1135 26.6163 3.1233 0.0006 0.0004 170 chevrolet_impala
Car 0.00 1.00 0 0 0 0 0 0 0 0 809.42 362.18 828.88 366.91 1.4812 2.1349 5.6254 177.1798 2.1803 42.5045 -1.5967 0.0006 0.0004 171 chevrolet_impala
Car 1.00 1.00 5 12 16 121 0 0 13 0 -1000.00 -1000.00 -1000.00 -1000.00 1.6011 2.1072 4.7392 -1.0926 2.1420 107.1725 -1.5828 0.0006 0.0004 172 toyota_prius
Car 0.00 1.00 0 0 0 0 0 0 0 0 955.89 361.20 968.83 365.12 1.6115 2.2019 5.2564 230.7121 2.1131 -3.2072 1.6173 0.0005 0.0010 173 charger2020_charger2020
Car 0.00 1.00 0 0 0 0 0 0 0 0 1382.00 361.64 1398.53 366.69 1.5475 1.9070 4.4025 174.8793 2.0707 -137.1606 -0.0469 -0.0006 0.0004 174 seat_leon
Car 0.00 1.00 0 0 0 0 0 0 0 0 1606.23 357.21 1654.52 371.10 2.5908 2.7453 5.4640 107.2481 2.0727 -130.5860 3.0981 0.0006 0.0004 175 carlamotors_carlacola
Car 0.00 1.00 0 0 0 0 0 0 0 0 423.26 363.53 465.49 372.41 1.4812 2.1349 5.6254 99.2725 2.1306 89.0400 3.1116 0.0068 0.0004 176 chevrolet_impala
Car 1.00 1.00 0 0 0 0 0 0 0 0 -1000.00 -1000.00 -1000.00 -1000.00 1.9718 2.0005 4.0595 -113.7523 1.9745 -119.2870 -1.3489 0.0002 0.0003 177 jeep_wrangler_rubicon
Car 0.00 1.00 0 0 0 0 0 0 0 0 1194.75 360.82 1204.24 364.18 1.6980 1.9434 4.1871 285.7543 2.1278 -125.2516 1.3409 -0.0008 0.0033 178 citroen_c3
Car 0.00 1.00 0 0 0 0 0 0 0 0 904.10 363.56 930.82 373.57 1.5488 2.0688 3.9961 88.6093 2.1173 4.4574 1.5311 0.0006 0.0004 179 mini_cooperst
Motorcycle 0.00 1.00 0 0 0 0 0 0 0 0 786.62 362.24 796.53 371.37 1.6960 1.0692 2.4735 105.9697 2.1269 29.6332 3.1177 0.0035 0.0005 180 harley_davidson_low_rider
Car 0.00 1.00 0 0 0 0 0 0 0 0 641.84 362.33 651.91 366.99 1.4477 1.5550 2.3177 178.1500 2.2099 97.8215 -1.5987 -0.0116 0.0004 181 bmw_isetta
Cyclist 0.00 0.87 1 2 2 48 0 0 0 1 449.73 365.76 473.81 393.03 1.7065 0.8593 1.4873 37.1059 2.0698 30.1467 3.1416 0.0130 0.0006 182 bh_crossbike
Car 1.00 1.00 0 0 0 0 0 0 0 0 -1000.00 -1000.00 -1000.00 -1000.00 1.6011 2.1072 4.7392 -118.9979 1.9722 -113.9685 -1.6064 0.0006 0.0004 183 toyota_prius
Car 1.00 1.00 0 0 0 0 0 0 0 0 -1000.00 -1000.00 -1000.00 -1000.00 1.5488 2.0688 3.9961 95.0023 2.0032 -202.3117 -3.1238 0.0006 0.0004 184 mini_cooperst
Car 0.00 1.00 0 0 0 0 0 0 0 0 1619.96 360.76 1636.66 364.95 1.6980 1.9434 4.1871 230.3429 2.0216 -278.7111 -2.5801 0.0003 -0.0038 185 citroen_c3
Car 1.00 1.00 5 5 11 67 0 0 4 0 -1000.00 -1000.00 -1000.00 -1000.00 1.5765 1.9374 3.8150 -4.8329 2.1260 106.2054 -1.5752 0.0006 0.0004 186 nissan_micra
Car 0.00 0.00 63 57 98 3998 0 0 11 7 578.74 364.11 628.11 386.96 1.7506 2.3538 4.8416 47.1068 2.1113 27.2807 -2.8132 0.0002 0.0002 187 bmw_grandtourer
Car 0.00 1.00 0 0 0 0 0 0 0 0 927.37 361.38 938.46 365.38 1.5488 2.0688 3.9961 222.6720 2.1255 8.6033 -1.2404 -0.0067 -0.0048 188 mini_cooperst
Car 0.00 1.00 0 0 0 0 0 0 0 0 1253.21 361.17 1261.98 364.55 1.5488 2.0688 3.9961 259.2970 2.1008 -140.8925 -0.0445 0.0006 0.0004 189 mini_cooperst
Car 0.00 1.00 0 0 0 0 0 0 0 0 615.16 361.92 634.31 367.09 1.6011 2.1072 4.7392 174.6762 2.2070 102.7753 -1.5886 0.0006 0.0004 190 toyota_prius
Car 1.00 1.00 0 0 0 0 0 0 0 0 -1000.00 -1000.00 -1000.00 -1000.00 1.3660 1.9896 4.9534 -29.5567 2.0628 88.0245 0.2486 0.0004 0.0001 191 mustang_mustang
Car 0.00 1.00 0 0 0 0 0 0 0 0 1245.96 360.28 1257.19 363.99 1.9476 2.0282 4.8347 292.8755 2.0940 -155.7561 1.5530 0.0002 0.0004 192 nissan_patrol
Pedestrian 0.00 1.00 0 0 0 0 0 0 0 0 1422.12 359.91 1424.28 363.57 1.9158 0.4880 0.7507 291.7220 1.8710 -245.1713 -1.9431 0.0006 0.0004 193 pedestrian_0019
Pedestrian 1.00 1.00 0 0 0 0 0 0 0 0 -1000.00 -1000.00 -1000.00 -1000.00 1.1330 0.4333 0.5524 14.3040 1.8276 -96.9748 2.7876 0.0006 0.0004 194 pedestrian_0010
Pedestrian 0.00 1.00 0 0 0 0 0 0 0 0 876.14 360.09 878.09 364.58 1.9158 0.4880 0.7507 237.7359 1.9525 33.1571 1.5486 0.0006 0.0004 195 pedestrian_0005
Pedestrian 1.00 1.00 0 0 0 0 0 0 0 0 -1000.00 -1000.00 -1000.00 -1000.00 1.9158 0.4880 0.6073 66.1216 2.0210 177.1739 3.1212 0.0006 0.0004 196 pedestrian_0003
Pedestrian 1.00 1.00 0 0 0 7 0 0 0 0 -1000.00 -1000.00 -1000.00 -1000.00 1.9158 0.4880 0.7507 1.2761 -7.9793 118.0777 -0.0188 0.0006 0.0004 197 pedestrian_0021
Pedestrian 1.00 1.00 0 0 0 0 0 0 0 0 -1000.00 -1000.00 -1000.00 -1000.00 1.9158 0.4880 0.4618 -110.0799 1.7025 -268.3071 2.2356 0.0006 0.0004 198 pedestrian_0003
Pedestrian 0.00 1.00 0 0 0 0 0 0 0 0 1374.52 359.94 1375.95 363.53 1.9158 0.4880 0.4200 297.3595 1.8855 -224.2398 1.4700 0.0006 0.0004 199 pedestrian_0004
Pedestrian 1.00 1.00 5 5 9 46 1 0 0 0 -1000.00 -1000.00 -1000.00 -1000.00 1.9158 0.4880 0.6230 -11.9709 1.8476 -59.8074 1.9981 0.0006 0.0004 200 pedestrian_0022
Pedestrian 0.00 1.00 0 0 0 0 0 0 0 0 1197.32 361.72 1199.17 365.75 1.3390 0.3253 0.4723 185.5825 1.9128 -81.5666 -1.5539 0.0006 0.0004 201 pedestrian_0014
Pedestrian 0.00 1.00 0 0 0 0 0 0 0 0 865.93 361.05 869.08 372.67 1.9158 0.4880 0.4589 92.8300 2.0912 13.0780 0.2231 0.0006 0.0004 202 pedestrian_0022
Pedestrian 1.00 1.00 0 0 0 0 0 0 0 0 -1000.00 -1000.00 -1000.00 -1000.00 1.9158 0.4880 0.5374 71.9803 1.9617 -202.6376 -1.8724 0.0006 0.0004 203 pedestrian_0023
Pedestrian 0.00 1.00 0 0 0 0 0 0 0 0 243.56 365.00 252.12 377.02 1.3390 0.3253 0.5005 63.2632 1.9024 77.7142 -3.0762 0.0006 0.0004 204 pedestrian_0012
Pedestrian 1.00 1.00 0 0 0 0 0 0 0 0 -1000.00 -1000.00 -1000.00 -1000.00 1.9158 0.4880 0.4170 -14.8767 1.9738 -122.0155 1.9012 0.0006 0.0004 205 pedestrian_0019
Pedestrian 1.00 1.00 0 0 0 0 0 0 0 0 -1000.00 -1000.00 -1000.00 -1000.00 1.9158 0.4880 0.6897 -67.2343 1.7406 -168.1297 1.5543 0.0006 0.0004 206 pedestrian_0005
Pedestrian 1.00 1.00 0 0 0 10 0 0 0 0 -1000.00 -1000.00 -1000.00 -1000.00 1.9158 0.4880 0.7507 -6.0938 1.9777 149.4708 -1.8359 0.0006 0.0004 207 pedestrian_0026
Pedestrian 0.00 1.00 0 0 0 0 0 0 0 0 840.36 360.09 846.44 377.66 1.9158 0.4880 0.7507 61.8261 1.9255 10.5462 3.1089 0.0006 0.0004 208 pedestrian_0015
Pedestrian 1.00 1.00 0 0 0 0 0 0 0 0 -1000.00 -1000.00 -1000.00 -1000.00 1.3390 0.3253 0.3297 -130.0511 1.7668 -123.5063 -1.5911 0.0006 0.0004 209 pedestrian_0014
Pedestrian 1.00 1.00 0 0 0 0 0 0 0 0 -1000.00 -1000.00 -1000.00 -1000.00 1.9158 0.4880 0.6202 -131.4469 1.7710 -129.2661 1.4996 0.0006 0.0004 210 pedestrian_0016
Pedestrian 0.00 1.00 0 0 0 0 0 0 0 0 1255.03 363.62 1257.25 371.07 1.3390 0.3253 0.2630 100.9211 1.9917 -55.6093 1.4081 0.0006 0.0004 211 pedestrian_0012
Pedestrian 1.00 1.00 0 0 0 5 1 0 0 0 -1000.00 -1000.00 -1000.00 -1000.00 1.1330 0.4333 0.6667 -11.9978 1.8226 -101.0760 -1.5748 0.0006 0.0004 212 pedestrian_0009
Pedestrian 0.00 1.00 0 0 0 0 0 0 0 0 210.54 364.10 216.72 369.39 1.1330 0.4333 0.6667 120.6258 2.0202 158.8011 3.1094 0.0006 0.0004 213 pedestrian_0010
Pedestrian 1.00 1.00 0 0 0 0 0 0 0 0 -1000.00 -1000.00 -1000.00 -1000.00 1.9158 0.4880 0.7507 -82.8863 1.6974 -295.5513 -0.6513 0.0006 0.0004 214 pedestrian_0021
Pedestrian 0.00 1.00 0 0 0 0 0 0 0 0 1252.59 360.47 1256.52 371.24 1.9158 0.4880 0.3917 99.9749 2.0002 -54.8215 2.1269 0.0006 0.0004 215 pedestrian_0018
Pedestrian 0.00 1.00 0 0 0 0 0 0 0 0 1515.93 359.86 1517.68 363.74 1.9158 0.4880 0.4895 274.6392 1.8454 -277.1023 1.0682 0.0006 0.0004 216 pedestrian_0020
Pedestrian 0.00 1.00 0 0 0 0 0 0 0 0 922.79 360.11 927.57 371.24 1.9158 0.4880 0.7507 96.6989 1.9350 3.7685 1.4641 0.0006 0.0004 217 pedestrian_0017
Pedestrian 0.00 1.00 0 0 0 0 0 0 0 0 1376.80 359.91 1379.58 365.46 1.9158 0.4880 0.7362 192.7014 1.8858 -146.8553 2.9603 0.0006 0.0004 218 pedestrian_0007
Pedestrian 1.00 1.00 0 2 2 6 0 0 0 0 -1000.00 -1000.00 -1000.00 -1000.00 1.1330 0.4333 0.5218 -11.1969 1.9779 -96.8935 1.5022 0.0006 0.0004 219 pedestrian_0010
Pedestrian 1.00 1.00 1 2 1 15 1 0 0 0 -1000.00 -1000.00 -1000.00 -1000.00 1.9158 0.4880 0.5203 11.8862 1.8460 -93.2170 -1.5205 0.0006 0.0004 220 pedestrian_0023
Pedestrian 0.00 1.00 0 0 0 0 0 0 0 0 941.83 360.05 943.41 364.56 1.9158 0.4880 0.5235 236.7985 1.9352 5.1521 2.7025 0.0006 0.0004 221 pedestrian_0024
Pedestrian 0.00 1.00 0 0 0 0 0 0 0 0 1660.86 361.89 1662.87 365.17 1.1330 0.4333 0.3609 192.8734 1.7870 -245.1691 0.4951 0.0006 0.0004 222 pedestrian_0011
Pedestrian 1.00 1.00 0 0 0 0 0 0 0 0 -1000.00 -1000.00 -1000.00 -1000.00 1.9158 0.4880 0.7507 -60.5970 1.6982 -308.1864 -0.4256 0.0006 0.0004 223 pedestrian_0016
Pedestrian 0.00 1.00 0 0 0 0 0 0 0 0 233.12 313.46 239.58 322.70 1.9158 0.4880 0.6806 119.1492 -7.9729 151.9707 3.0743 0.0006 0.0004 224 pedestrian_0017
Pedestrian 1.00 1.00 0 0 0 53 0 0 0 0 -1000.00 -1000.00 -1000.00 -1000.00 1.9158 0.4880 0.7507 -88.1437 -6.8878 59.4767 -1.8888 0.0006 0.0004 225 pedestrian_0001
Pedestrian 0.00 1.00 0 0 0 0 0 0 0 0 1548.75 359.78 1556.27 371.15 1.9158 0.4880 0.7507 94.6461 1.8781 -102.3115 1.5795 0.0006 0.0004 226 pedestrian_0003
Pedestrian 0.00 1.00 0 0 0 0 0 0 0 0 850.05 360.08 852.23 364.98 1.9158 0.4880 0.7507 218.1166 1.9468 40.3943 1.5466 0.0006 0.0004 227 pedestrian_0007
Pedestrian 0.00 1.00 0 0 0 0 0 0 0 0 1231.10 362.32 1233.76 365.74 1.1330 0.4333 0.6667 185.1066 1.9039 -92.7160 -1.5692 0.0006 0.0004 228 pedestrian_0010
Pedestrian 1.00 1.00 0 0 0 0 0 0 0 0 -1000.00 -1000.00 -1000.00 -1000.00 1.1330 0.4333 0.5847 39.5840 1.8273 -116.4709 -1.0663 0.0006 0.0004 229 pedestrian_0010
Pedestrian 0.00 1.00 0 0 0 0 0 0 0 0 659.41 364.26 663.43 373.82 1.3390 0.3253 0.4191 79.0521 1.9402 39.7875 1.7531 0.0006 0.0004 230 pedestrian_0013
Pedestrian 1.00 1.00 0 0 0 0 0 0 0 0 -1000.00 -1000.00 -1000.00 -1000.00 1.3390 0.3253 0.4098 -62.8547 1.9665 11.1286 0.1416 0.0006 0.0004 231 pedestrian_0013
Pedestrian 0.00 1.00 0 0 0 0 0 0 0 0 1215.25 360.62 1218.65 371.87 1.9158 0.4880 0.4206 95.7483 2.0222 -46.1503 -2.2442 0.0006 0.0004 232 pedestrian_0020
Pedestrian 0.00 1.00 0 0 0 0 0 0 0 0 534.57 360.33 541.01 371.43 1.9158 0.4880 0.7422 97.0222 1.9730 70.8764 -1.4315 0.0006 0.0004 233 pedestrian_0021
Pedestrian 1.00 1.00 0 0 0 0 0 0 0 0 -1000.00 -1000.00 -1000.00 -1000.00 1.1330 0.4333 0.4447 73.3555 1.8103 -190.4712 1.7556 0.0006 0.0004 234 pedestrian_0009
Pedestrian 0.00 1.00 0 0 0 0 0 0 0 0 220.04 360.49 228.04 374.08 1.9158 0.4880 0.4876 79.4523 1.9853 101.8828 -1.6058 0.0006 0.0004 235 pedestrian_0006
Pedestrian 1.00 1.00 0 0 0 0 0 0 0 0 -1000.00 -1000.00 -1000.00 -1000.00 1.1330 0.4333 0.5615 94.6138 1.7975 -214.3002 0.0843 0.0006 0.0004 236 pedestrian_0009
Pedestrian 0.00 1.00 0 0 0 0 0 0 0 0 1166.65 360.42 1168.14 366.23 1.9158 0.4880 0.4495 184.3334 2.0554 -70.8290 1.1904 0.0006 0.0004 237 pedestrian_0026
Pedestrian 1.00 1.00 0 0 0 0 0 0 0 0 -1000.00 -1000.00 -1000.00 -1000.00 1.9158 0.4880 0.5637 -64.4455 1.9434 -137.7612 -3.1145 0.0006 0.0004 238 pedestrian_0021
Pedestrian 1.00 1.00 1 0 0 1 0 0 0 0 -1000.00 -1000.00 -1000.00 -1000.00 1.3390 0.3253 0.2574 -12.0959 1.9673 -120.5002 2.5858 0.0006 0.0004 239 pedestrian_0012
Pedestrian 0.00 1.00 0 0 0 0 0 0 0 0 1796.00 359.69 1800.20 364.79 1.9158 0.4880 0.7507 209.7796 1.7999 -317.8851 0.2352 0.0006 0.0004 240 pedestrian_0020
Pedestrian 0.00 1.00 0 0 0 0 0 0 0 0 1035.34 348.06 1036.65 350.16 1.1330 0.4333 0.6667 302.2580 -5.3498 -43.5439 -1.6142 0.0006 0.0004 241 pedestrian_0011
Pedestrian 0.00 1.00 0 0 0 0 0 0 0 0 1835.15 359.61 1844.21 370.96 1.9158 0.4880 0.7507 94.8633 1.8504 -151.1565 1.5585 0.0006 0.0004 242 pedestrian_0002
Pedestrian 0.00 1.00 0 0 0 0 0 0 0 0 1441.63 363.94 1446.49 373.80 1.3390 0.3253 0.3777 76.5904 1.8772 -68.2272 -1.5427 0.0006 0.0004 243 pedestrian_0014
Pedestrian 1.00 1.00 0 0 0 0 0 0 0 0 -1000.00 -1000.00 -1000.00 -1000.00 1.9158 0.4880 0.7507 62.7282 1.7428 -248.4871 3.1373 0.0006 0.0004 244 pedestrian_0006
Pedestrian 0.00 1.00 0 0 0 0 0 0 0 0 831.99 341.64 833.24 345.23 1.9158 0.4880 0.6386 299.5225 -7.9630 66.3617 -1.3060 0.0006 0.0004 245 pedestrian_0020
Pedestrian 1.00 1.00 3 9 12 116 0 0 2 0 -1000.00 -1000.00 -1000.00 -1000.00 1.9158 0.4880 0.7507 -11.3547 1.9193 50.1920 -1.6542 0.0006 0.0004 246 pedestrian_0022
Pedestrian 0.00 1.00 0 0 0 0 0 0 0 0 465.99 360.34 474.11 373.99 1.9158 0.4880 0.7389 79.1454 1.9638 66.8060 1.4600 0.0006 0.0004 247 pedestrian_0002
Pedestrian 1.00 1.00 0 0 0 0 0 0 0 0 -1000.00 -1000.00 -1000.00 -1000.00 1.9158 0.4880 0.7371 -49.0925 1.8140 -17.7500 -1.5763 0.0006 0.0004 248 pedestrian_0022
Pedestrian 1.00 1.00 2 0 0 3 0 0 0 0 -1000.00 -1000.00 -1000.00 -1000.00 1.9158 0.4880 0.4720 -12.9880 1.8236 -119.5539 1.0033 0.0006 0.0004 249 pedestrian_0006
Pedestrian 0.00 1.00 0 0 0 0 0 0 0 0 1140.40 359.91 1142.22 365.62 1.9158 0.4880 0.4131 187.5812 1.8872 -63.2639 -1.4586 0.0006 0.0004 250 pedestrian_0019
Pedestrian 1.00 1.00 0 0 0 0 0 0 0 0 -1000.00 -1000.00 -1000.00 -1000.00 1.9158 0.4880 0.7507 -55.1874 1.9309 -139.5979 -0.0171 0.0006 0.0004 251 pedestrian_0018
Pedestrian 1.00 1.00 0 0 0 0 0 0 0 0 -1000.00 -1000.00 -1000.00 -1000.00 1.9158 0.4880 0.7507 -5.0396 1.7147 -318.0279 -0.0436 0.0006 0.0004 252 pedestrian_0007
Pedestrian 1.00 1.00 4 1 3 28 0 0 0 0 -1000.00 -1000.00 -1000.00 -1000.00 1.9158 0.4880 0.6616 4.8929 2.0670 78.7655 0.0503 0.0006 0.0004 253 pedestrian_0008
Pedestrian 1.00 1.00 0 0 0 0 0 0 0 0 -1000.00 -1000.00 -1000.00 -1000.00 1.9158 0.4880 0.5207 42.6876 1.7323 -319.3353 -0.0176 0.0006 0.0004 254 pedestrian_0022
Pedestrian 1.00 1.00 0 0 0 0 0 0 0 0 -1000.00 -1000.00 -1000.00 -1000.00 1.9158 0.4880 0.5803 -131.0928 1.7690 -132.9757 -1.6287 0.0006 0.0004 255 pedestrian_0024
Pedestrian 0.00 0.00 50 43 76 434 0 0 0 4 1196.45 393.44 1226.50 442.22 1.1330 0.4333 0.5854 13.6837 1.8672 -8.0092 -1.8750 0.0006 0.0004 256 pedestrian_0011
Pedestrian 0.00 1.00 0 0 0 0 0 0 0 0 891.46 360.16 894.05 368.78 1.9158 0.4880 0.7507 124.5867 1.9508 12.7493 -3.1374 0.0006 0.0004 257 pedestrian_0006
Pedestrian 0.00 1.00 0 0 0 0 0 0 0 0 636.56 360.14 639.28 366.50 1.9158 0.4880 0.6014 168.3851 1.9585 95.0068 -3.0852 0.0006 0.0004 258 pedestrian_0005
Pedestrian 0.00 1.00 0 0 0 0 0 0 0 0 1084.67 360.37 1087.30 366.07 1.9158 0.4880 0.7507 187.6711 2.0396 -44.6629 1.6616 0.0006 0.0004 259 pedestrian_0003
Pedestrian 1.00 1.00 0 0 0 0 0 0 0 0 -1000.00 -1000.00 -1000.00 -1000.00 1.9158 0.4880 0.7455 -90.9517 -6.1163 -3.3490 -1.5819 0.0006 0.0004 260 pedestrian_0001
Pedestrian 0.00 1.00 0 0 0 0 0 0 0 0 1016.56 361.81 1017.98 365.79 1.3390 0.3253 0.4436 187.8393 1.9481 -21.5437 1.5739 0.0006 0.0004 261 pedestrian_0014
Pedestrian 0.00 1.00 0 0 0 0 0 0 0 0 1696.87 359.68 1704.80 369.98 1.9158 0.4880 0.7507 104.4783 1.8567 -140.5043 3.0637 0.0006 0.0004 262 pedestrian_0020
Pedestrian 1.00 1.00 0 0 0 0 0 0 0 0 -1000.00 -1000.00 -1000.00 -1000.00 1.9158 0.4880 0.6159 92.1273 1.7891 -222.3897 1.5987 0.0006 0.0004 263 pedestrian_0025
Pedestrian 1.00 1.00 0 0 0 1 0 0 0 0 -1000.00 -1000.00 -1000.00 -1000.00 1.9158 0.4880 0.7507 -15.4357 1.8214 -121.5666 -2.1076 0.0006 0.0004 264 pedestrian_0026
Pedestrian 0.00 1.00 0 0 0 0 0 0 0 0 1349.78 359.96 1351.57 363.53 1.9158 0.4880 0.6235 298.6237 1.8922 -212.0001 1.5336 0.0006 0.0004 265 pedestrian_0025
Pedestrian 0.00 1.00 0 0 0 0 0 0 0 0 1146.00 361.74 1147.29 365.75 1.3390 0.3253 0.2502 186.5697 1.9225 -64.7194 -2.8552 0.0006 0.0004 266 pedestrian_0013
Pedestrian 0.00 1.00 0 0 0 0 0 0 0 0 851.31 360.21 852.85 365.80 1.9158 0.4880 0.3789 191.2161 1.9888 34.7897 0.2728 0.0006 0.0004 267 pedestrian_0015
Pedestrian 0.00 1.00 0 0 0 0 0 0 0 0 705.14 360.28 707.09 366.67 1.9158 0.4880 0.3941 167.7066 2.0015 74.1053 0.5472 0.0006 0.0004 268 pedestrian_0021
Pedestrian 1.00 1.00 0 0 0 0 0 0 0 0 -1000.00 -1000.00 -1000.00 -1000.00 1.1330 0.4333 0.4221 -131.4427 1.7309 -183.4423 -1.5886 0.0006 0.0004 269 pedestrian_0010
Pedestrian 0.71 0.00 61 80 113 3906 0 0 15 3 -2.10 359.65 23.10 477.35 1.9158 0.4880 0.4048 9.3782 1.9077 12.3894 1.2874 0.0006 0.0004 270 pedestrian_0023
Pedestrian 1.00 1.00 0 0 0 0 0 0 0 0 -1000.00 -1000.00 -1000.00 -1000.00 1.3390 0.3253 0.5005 0.0102 1.7022 -262.0884 3.1256 0.0006 0.0004 271 pedestrian_0013
Pedestrian 0.00 1.00 0 0 0 0 0 0 0 0 1323.07 359.97 1324.75 363.53 1.9158 0.4880 0.5933 299.5052 1.9002 -198.2074 -1.6347 0.0006 0.0004 272 pedestrian_0016
Pedestrian 0.00 1.00 0 0 0 0 0 0 0 0 1622.51 361.67 1625.34 366.16 1.3390 0.3253 0.5005 166.6351 1.8383 -200.6079 -2.3027 0.0006 0.0004 273 pedestrian_0014
Pedestrian 0.00 1.00 0 0 0 0 0 0 0 0 916.46 360.06 918.04 364.56 1.9158 0.4880 0.6247 237.2029 1.9402 15.9735 1.5459 0.0006 0.0004 274 pedestrian_0019
Pedestrian 1.00 1.00 0 0 0 0 0 0 0 0 -1000.00 -1000.00 -1000.00 -1000.00 1.3390 0.3253 0.5004 105.1000 1.7402 -264.3640 -0.0580 0.0006 0.0004 275 pedestrian_0013
Pedestrian 0.00 1.00 0 0 0 0 0 0 0 0 1552.44 359.79 1557.43 367.90 1.9158 0.4880 0.6583 132.2059 1.8659 -143.0378 3.0492 0.0006 0.0004 276 pedestrian_0023
Pedestrian 1.00 1.00 2 0 0 5 3 0 0 0 -1000.00 -1000.00 -1000.00 -1000.00 1.1330 0.4333 0.6667 4.7726 1.8316 -96.9713 -1.6273 0.0006 0.0004 277 pedestrian_0011
Pedestrian 0.00 1.00 0 0 0 0 0 0 0 0 1105.72 361.87 1107.34 366.64 1.3390 0.3253 0.5005 157.3117 1.8682 -43.5551 -0.0060 0.0006 0.0004 278 pedestrian_0012
Pedestrian 0.00 1.00 0 0 0 0 0 0 0 0 777.70 338.33 779.22 342.58 1.9158 0.4880 0.5307 254.2352 -7.9697 80.6919 -0.9266 0.0006 0.0004 279 pedestrian_0015
Pedestrian 0.00 1.00 0 0 0 0 0 0 0 0 810.61 360.23 813.25 365.85 1.9158 0.4880 0.7507 190.4968 1.9961 48.3741 1.4777 0.0006 0.0004 280 pedestrian_0017
Pedestrian 1.00 1.00 0 0 0 0 0 0 0 0 -1000.00 -1000.00 -1000.00 -1000.00 1.9158 0.4880 0.7507 88.9919 -7.9822 151.7887 -0.0408 0.0006 0.0004 281 pedestrian_0005
Pedestrian 0.00 1.00 0 0 0 0 0 0 0 0 911.30 362.45 912.70 365.29 1.1330 0.4333 0.3538 223.3121 2.1170 17.0107 -2.3009 0.0006 0.0004 282 pedestrian_0009
Pedestrian 1.00 1.00 0 0 0 0 0 0 0 0 -1000.00 -1000.00 -1000.00 -1000.00 1.1330 0.4333 0.6667 -33.9024 1.8498 -240.2840 0.4846 0.0006 0.0004 283 pedestrian_0009
Pedestrian 0.00 1.00 0 0 0 0 0 0 0 0 236.42 364.89 241.97 371.39 1.1330 0.4333 0.4160 98.2031 1.9920 124.1245 -1.6282 0.0006 0.0004 284 pedestrian_0009
Pedestrian 1.00 1.00 13 14 24 168 0 0 5 0 -1000.00 -1000.00 -1000.00 -1000.00 1.9158 0.4880 0.7507 2.7729 2.0718 39.8970 0.0285 0.0006 0.0004 285 pedestrian_0024
Pedestrian 0.00 1.00 0 0 0 0 0 0 0 0 1278.49 359.97 1281.61 365.75 1.9158 0.4880 0.7507 184.9461 1.9052 -108.4385 -1.5842 0.0006 0.0004 286 pedestrian_0023
Pedestrian 1.00 1.00 0 0 0 0 0 0 0 0 -1000.00 -1000.00 -1000.00 -1000.00 1.9158 0.4880 0.3754 -17.7030 1.8105 -138.0874 0.5032 0.0006 0.0004 287 pedestrian_0015
Pedestrian 0.00 1.00 0 0 0 0 0 0 0 0 859.20 339.31 860.57 343.34 1.9158 0.4880 0.6260 266.7567 -7.9940 45.7567 1.7009 0.0006 0.0004 288 pedestrian_0025
Pedestrian 1.00 1.00 0 0 0 0 0 0 0 0 -1000.00 -1000.00 -1000.00 -1000.00 1.1330 0.4333 0.4903 -98.8990 -7.3702 116.6967 -2.2294 0.0006 0.0004 289 pedestrian_0009
Pedestrian 0.00 1.00 0 0 0 0 0 0 0 0 584.44 360.35 587.96 366.60 1.9158 0.4880 0.7507 171.3202 2.0250 112.6016 -1.5869 0.0006 0.0004 290 pedestrian_0019
Pedestrian 1.00 1.00 0 0 0 2 0 0 0 0 -1000.00 -1000.00 -1000.00 -1000.00 1.9158 0.4880 0.7507 -27.0311 1.8064 -139.8580 -3.1133 0.0006 0.0004 291 pedestrian_0007
Pedestrian 1.00 1.00 0 0 0 0 0 0 0 0 -1000.00 -1000.00 -1000.00 -1000.00 1.9158 0.4880 0.7507 62.3835 1.7380 -320.1394 -0.0361 0.0006 0.0004 292 pedestrian_0021
Pedestrian 0.00 1.00 0 0 0 0 0 0 0 0 1726.60 363.78 1731.59 371.49 1.3390 0.3253 0.4484 97.7004 2.0004 -136.3750 -1.4828 0.0006 0.0004 293 pedestrian_0014
Pedestrian 1.00 1.00 0 0 0 0 0 0 0 0 -1000.00 -1000.00 -1000.00 -1000.00 1.9158 0.4880 0.7475 -127.6231 -6.5102 25.8306 1.5342 0.0006 0.0004 294 pedestrian_0002
Pedestrian 1.00 1.00 9 7 11 52 0 0 0 0 -1000.00 -1000.00 -1000.00 -1000.00 1.9158 0.4880 0.5256 -11.2255 2.0081 -59.7106 -1.7584 0.0006 0.0004 295 pedestrian_0026
Pedestrian 0.00 1.00 0 0 0 0 0 0 0 0 532.93 360.12 537.42 368.41 1.9158 0.4880 0.7077 129.4888 1.9442 96.2145 -0.0287 0.0006 0.0004 296 pedestrian_0020
Pedestrian 1.00 1.00 4 4 7 49 0 0 1 0 -1000.00 -1000.00 -1000.00 -1000.00 1.9158 0.4880 0.5769 11.1213 1.9020 77.0864 1.6297 0.0006 0.0004 297 pedestrian_0016
Pedestrian 1.00 1.00 0 0 0 0 0 0 0 0 -1000.00 -1000.00 -1000.00 -1000.00 1.9158 0.4880 0.7507 -49.8700 1.7542 -159.0215 1.4802 0.0006 0.0004 298 pedestrian_0024
Pedestrian 0.00 1.00 0 0 0 0 0 0 0 0 490.74 320.57 494.97 328.36 1.9158 0.4880 0.6736 140.5317 -7.9840 115.3294 -0.0248 0.0006 0.0004 299 pedestrian_0001
Pedestrian 1.00 1.00 0 0 0 0 0 0 0 0 -1000.00 -1000.00 -1000.00 -1000.00 1.9158 0.4880 0.6730 -50.0771 1.7497 -166.1549 1.5879 0.0006 0.0004 300 pedestrian_0025
Pedestrian 0.00 1.00 0 0 0 0 0 0 0 0 1437.62 360.39 1441.67 366.98 1.9158 0.4880 0.7507 162.5738 2.0305 -142.0350 -1.6082 0.0006 0.0004 301 pedestrian_0016
Pedestrian 0.00 1.00 0 0 0 0 0 0 0 0 1654.56 359.65 1657.55 365.13 1.9158 0.4880 0.4871 195.1357 1.7944 -246.0008 2.6934 0.0006 0.0004 302 pedestrian_0006
Pedestrian 1.00 1.00 0 0 0 0 0 0 0 0 -1000.00 -1000.00 -1000.00 -1000.00 1.3390 0.3253 0.4084 -49.4790 1.7434 -163.8659 -1.5449 0.0006 0.0004 303 pedestrian_0012
Pedestrian 0.00 1.00 0 0 0 0 0 0 0 0 1777.16 359.70 1781.27 364.70 1.9158 0.4880 0.7507 213.8311 1.8008 -316.7610 0.1806 0.0006 0.0004 304 pedestrian_0024
Pedestrian 1.00 1.00 0 0 0 0 0 0 0 0 -1000.00 -1000.00 -1000.00 -1000.00 1.3390 0.3253 0.5005 -126.6838 1.7055 -236.7333 1.9254 0.0006 0.0004 305 pedestrian_0013
Pedestrian 1.00 1.00 0 0 0 0 0 0 0 0 -1000.00 -1000.00 -1000.00 -1000.00 1.1330 0.4333 0.5550 97.8741 1.7437 -321.0190 3.0889 0.0006 0.0004 306 pedestrian_0011
Pedestrian 0.00 1.00 0 0 0 0 0 0 0 0 987.00 360.13 989.43 366.49 1.9158 0.4880 0.7142 168.4091 1.9560 -10.7627 -1.6565 0.0006 0.0004 307 pedestrian_0024
Pedestrian 1.00 1.00 0 0 0 0 0 0 0 0 -1000.00 -1000.00 -1000.00 -1000.00 1.9158 0.4880 0.3935 19.3832 1.7223 -321.2601 -0.0197 0.0006 0.0004 308 pedestrian_0004
Pedestrian 1.00 1.00 7 4 5 43 1 0 0 0 -1000.00 -1000.00 -1000.00 -1000.00 1.9158 0.4880 0.7015 -11.4202 1.9925 -51.6733 -1.3196 0.0006 0.0004 309 pedestrian_0019
Pedestrian 1.00 1.00 0 0 0 0 0 0 0 0 -1000.00 -1000.00 -1000.00 -1000.00 1.3390 0.3253 0.5005 74.3241 1.8171 -179.8742 -1.6026 0.0006 0.0004 310 pedestrian_0012
Pedestrian 0.00 1.00 0 0 0 0 0 0 0 0 1143.66 360.02 1145.18 365.73 1.9158 0.4880 0.3754 187.1320 1.9219 -64.1607 -1.6448 0.0006 0.0004 311 pedestrian_0022
Pedestrian 0.00 1.00 0 0 0 0 0 0 0 0 1133.84 360.39 1136.86 366.83 1.9158 0.4880 0.7507 166.2506 2.0335 -54.5096 -1.5920 0.0006 0.0004 312 pedestrian_0018
Pedestrian 1.00 1.00 0 0 0 0 0 0 0 0 -1000.00 -1000.00 -1000.00 -1000.00 1.9158 0.4880 0.6766 -17.6927 1.9124 71.6483 1.7513 0.0006 0.0004 313 pedestrian_0022
Pedestrian 0.00 1.00 0 0 0 0 0 0 0 0 1003.08 360.12 1005.08 366.46 1.9158 0.4880 0.3801 168.8029 1.9518 -15.5841 -0.5013 0.0006 0.0004 314 pedestrian_0005
Pedestrian 0.00 1.00 0 0 0 0 0 0 0 0 1328.29 360.72 1335.90 374.44 1.9158 0.4880 0.7507 78.7428 2.0169 -54.4082 -1.4306 0.0006 0.0004 315 pedestrian_0018
Pedestrian 1.00 1.00 0 0 0 0 0 0 0 0 -1000.00 -1000.00 -1000.00 -1000.00 1.9158 0.4880 0.7104 -73.6499 1.6973 -301.8676 2.5411 0.0006 0.0004 316 pedestrian_0024
Pedestrian 0.00 1.00 0 0 0 0 0 0 0 0 1703.44 359.63 1706.77 365.45 1.9158 0.4880 0.4703 183.6454 1.7934 -247.7280 0.0990 0.0006 0.0004 317 pedestrian_0002
Pedestrian 0.00 1.00 0 0 0 0 0 0 0 0 1634.37 362.47 1637.73 368.93 1.3390 0.3253 0.2971 116.0953 1.8516 -142.5849 3.0233 0.0006 0.0004 318 pedestrian_0013
Pedestrian 0.00 1.00 0 0 0 0 0 0 0 0 38.01 359.86 51.03 381.78 1.9158 0.4880 0.4257 49.7169 1.9035 78.1675 3.0329 0.0006 0.0004 319 pedestrian_0018
Pedestrian 0.00 1.00 0 0 0 0 0 0 0 0 1051.23 359.97 1053.32 364.65 1.9158 0.4880 0.7064 228.5326 1.9054 -40.1159 -2.1393 0.0006 0.0004 320 pedestrian_0006
Pedestrian 0.00 1.00 0 0 0 0 0 0 0 0 1889.98 359.63 1895.05 365.25 1.9158 0.4880 0.7507 190.3028 1.7897 -320.6758 0.1220 0.0006 0.0004 321 pedestrian_0021
Pedestrian 0.00 1.00 0 0 0 0 0 0 0 0 440.91 366.41 447.13 373.93 1.1330 0.4333 0.5705 85.3997 2.1126 76.2965 0.0880 0.0006 0.0004 322 pedestrian_0010
Pedestrian 1.00 1.00 35 36 60 2908 0 14 6 0 -1000.00 -1000.00 -1000.00 -1000.00 1.9158 0.4880 0.7507 -13.4105 2.0534 18.3236 -1.6675 0.0006 0.0004 323 pedestrian_0022
Pedestrian 0.00 1.00 0 0 0 0 0 0 0 0 654.87 360.25 660.37 374.09 1.9158 0.4880 0.4945 78.0158 1.9502 39.7562 1.5580 0.0006 0.0004 324 pedestrian_0015
Pedestrian 1.00 1.00 4 6 7 36 5 0 0 0 -1000.00 -1000.00 -1000.00 -1000.00 1.9158 0.4880 0.3754 -11.8961 1.8572 -61.0714 1.5105 0.0006 0.0004 325 pedestrian_0005
Pedestrian 0.00 1.00 0 0 0 0 0 0 0 0 544.12 333.13 546.79 338.42 1.9158 0.4880 0.6192 204.6532 -7.9397 150.0496 -0.1545 0.0006 0.0004 326 pedestrian_0006
Pedestrian 0.00 1.00 0 0 0 0 0 0 0 0 1613.03 359.78 1617.54 366.79 1.9158 0.4880 0.7507 152.8301 1.8544 -181.7035 0.5969 0.0006 0.0004 327 pedestrian_0002
Pedestrian 0.00 1.00 0 0 0 0 0 0 0 0 1459.42 359.86 1463.17 366.68 1.9158 0.4880 0.6725 156.9994 1.8753 -143.3008 -0.1390 0.0006 0.0004 328 pedestrian_0015
Pedestrian 1.00 1.00 0 0 0 0 0 0 0 0 -1000.00 -1000.00 -1000.00 -1000.00 1.9158 0.4880 0.7507 -130.8977 1.7234 -215.1854 -1.4438 0.0006 0.0004 329 pedestrian_0005
Pedestrian 0.00 1.00 0 0 0 0 0 0 0 0 1750.04 361.67 1753.38 364.55 1.1330 0.4333 0.6667 219.8219 1.7928 -314.7602 0.3490 0.0006 0.0004 330 pedestrian_0010
Pedestrian 0.00 1.00 0 0 0 0 0 0 0 0 1050.87 360.04 1055.16 371.27 1.9158 0.4880 0.7026 95.8293 1.9224 -18.1487 -1.6977 0.0006 0.0004 331 pedestrian_0001
Pedestrian 1.00 1.00 0 0 1 0 0 0 0 0 -1000.00 -1000.00 -1000.00 -1000.00 1.9158 0.4880 0.3778 14.1210 1.8227 -139.4550 -0.8098 0.0006 0.0004 332 pedestrian_0017
Pedestrian 0.00 1.00 0 0 0 0 0 0 0 0 571.86 360.28 578.46 374.18 1.9158 0.4880 0.5732 77.6484 1.9543 50.9536 1.5747 0.0006 0.0004 333 pedestrian_0023
Pedestrian 1.00 1.00 0 0 0 0 0 0 0 0 -1000.00 -1000.00 -1000.00 -1000.00 1.3390 0.3253 0.3983 -38.4725 1.7942 -139.1742 0.1352 0.0006 0.0004 334 pedestrian_0013
Pedestrian 0.00 1.00 0 0 0 0 0 0 0 0 1270.50 359.42 1277.98 374.78 1.9158 0.4880 0.7507 70.5735 1.8440 -41.6641 0.0536 0.0006 0.0004 335 pedestrian_0019
Pedestrian 1.00 1.00 0 0 0 2 0 0 0 0 -1000.00 -1000.00 -1000.00 -1000.00 1.9158 0.4880 0.6895 -11.1435 1.9641 -141.8176 -0.0378 0.0006 0.0004 336 pedestrian_0017
Pedestrian 0.00 1.00 0 0 0 0 0 0 0 0 1855.99 359.65 1859.79 365.07 1.9158 0.4880 0.5090 197.4016 1.7937 -320.3535 2.9363 0.0006 0.0004 337 pedestrian_0025
Pedestrian 0.00 1.00 0 0 0 0 0 0 0 0 705.28 339.47 706.75 343.51 1.9158 0.4880 0.5043 267.5336 -7.9413 119.8798 2.3590 0.0006 0.0004 338 pedestrian_0006
Pedestrian 0.00 1.00 0 0 0 0 0 0 0 0 841.08 340.82 842.41 343.23 1.1330 0.4333 0.6097 265.1413 -7.9971 54.1078 -1.3828 0.0006 0.0004 339 pedestrian_0011
Pedestrian 0.00 1.00 0 0 0 0 0 0 0 0 760.67 362.18 762.68 365.22 1.1330 0.4333 0.5612 208.1947 1.9493 71.8849 -0.6090 0.0006 0.0004 340 pedestrian_0011
Pedestrian 0.00 1.00 0 0 0 0 0 0 0 0 596.97 362.21 598.70 366.61 1.3390 0.3253 0.3055 170.1527 2.0156 108.2653 -1.6607 0.0006 0.0004 341 pedestrian_0013
Pedestrian 1.00 1.00 0 0 0 0 0 0 0 0 -1000.00 -1000.00 -1000.00 -1000.00 1.9158 0.4880 0.6783 102.4990 2.1864 175.4046 -0.9512 0.0006 0.0004 342 pedestrian_0007
Pedestrian 0.00 1.00 0 0 0 0 0 0 0 0 1313.46 359.81 1317.75 367.56 1.9158 0.4880 0.7507 138.4193 1.8697 -90.3848 -1.6308 0.0006 0.0004 343 pedestrian_0021
Pedestrian 0.00 1.00 0 0 0 0 0 0 0 0 841.26 343.14 842.35 345.26 1.1330 0.4333 0.5448 300.8249 -7.9776 61.6894 -1.2742 0.0006 0.0004 344 pedestrian_0010
Pedestrian 0.00 1.00 0 0 0 0 0 0 0 0 1550.25 359.39 1558.48 374.27 1.9158 0.4880 0.5388 72.6513 1.8370 -79.0379 -1.7525 0.0006 0.0004 345 pedestrian_0021
Pedestrian 0.00 1.00 0 1 1 587 0 0 1 0 319.37 389.26 344.15 434.17 1.3390 0.3253 0.2988 13.6425 1.8994 11.9832 -0.0163 0.0006 0.0004 346 pedestrian_0014
Pedestrian 0.00 1.00 0 0 0 0 0 0 0 0 1141.62 359.98 1143.56 365.70 1.9158 0.4880 0.4435 186.9408 1.9090 -63.4830 0.0540 0.0006 0.0004 347 pedestrian_0023
Pedestrian 1.00 1.00 0 0 0 0 0 0 0 0 -1000.00 -1000.00 -1000.00 -1000.00 1.9158 0.4880 0.7507 22.2517 1.8061 -178.7646 2.0950 0.0006 0.0004 348 pedestrian_0008
Pedestrian 1.00 1.00 0 0 0 0 0 0 0 0 -1000.00 -1000.00 -1000.00 -1000.00 1.9158 0.4880 0.7507 113.2606 1.7587 -320.4316 -0.0071 0.0006 0.0004 349 pedestrian_0006
Pedestrian 0.00 1.00 0 0 0 0 0 0 0 0 918.24 360.65 919.99 366.66 1.9158 0.4880 0.6856 178.0055 2.1226 10.8131 3.1122 0.0006 0.0004 350 pedestrian_0022
Pedestrian 0.00 1.00 0 0 0 0 0 0 0 0 1176.85 360.03 1179.20 365.79 1.9158 0.4880 0.5739 185.7062 1.9249 -74.8839 -1.5096 0.0006 0.0004 351 pedestrian_0023
Pedestrian 0.00 1.00 0 0 0 0 0 0 0 0 1064.87 360.08 1067.65 366.51 1.9158 0.4880 0.7430 166.5959 1.9406 -33.9796 1.5548 0.0006 0.0004 352 pedestrian_0006
Pedestrian 1.00 1.00 0 0 0 0 0 0 0 0 -1000.00 -1000.00 -1000.00 -1000.00 1.9158 0.4880 0.7507 109.3840 1.8299 -195.5086 -3.1213 0.0006 0.0004 353 pedestrian_0024
Pedestrian 1.00 1.00 0 0 0 0 0 0 0 0 -1000.00 -1000.00 -1000.00 -1000.00 1.1330 0.4333 0.6667 -129.3589 1.2784 -77.1151 1.5737 0.0006 0.0004 354 pedestrian_0011
Pedestrian 1.00 1.00 4 3 6 19 2 0 0 0 -1000.00 -1000.00 -1000.00 -1000.00 1.9158 0.4880 0.6505 -12.6846 1.8372 -95.5608 1.6166 0.0006 0.0004 355 pedestrian_0017
Pedestrian 0.00 1.00 0 0 0 0 0 0 0 0 592.19 330.79 593.95 335.04 1.3390 0.3253 0.3490 178.0173 -7.9796 114.9247 -0.0273 0.0006 0.0004 356 pedestrian_0012
Pedestrian 0.00 1.00 0 0 0 0 0 0 0 0 1560.82 359.83 1562.25 363.87 1.9158 0.4880 0.4282 264.2671 1.8351 -287.9267 -2.3294 0.0006 0.0004 357 pedestrian_0020
Pedestrian 0.00 1.00 0 0 0 0 0 0 0 0 916.25 360.17 917.97 366.64 1.9158 0.4880 0.7507 165.4395 1.9652 10.4811 -3.0888 0.0006 0.0004 358 pedestrian_0017
Pedestrian 1.00 1.00 0 0 0 0 0 0 0 0 -1000.00 -1000.00 -1000.00 -1000.00 1.9158 0.4880 0.4941 -39.6957 1.8012 -140.9943 -3.1283 0.0006 0.0004 359 pedestrian_0025
Pedestrian 0.00 1.00 0 0 0 0 0 0 0 0 1612.92 361.05 1614.64 364.01 1.3390 0.3253 0.5005 252.3552 1.8171 -298.6888 -2.4541 0.0006 0.0004 360 pedestrian_0013
Pedestrian 0.00 1.00 0 0 0 0 0 0 0 0 1834.22 361.23 1836.31 364.92 1.3390 0.3253 0.3070 202.0888 1.7845 -319.7375 0.1825 0.0006 0.0004 361 pedestrian_0013
Pedestrian 0.00 1.00 0 0 0 0 0 0 0 0 1402.09 363.89 1405.84 373.69 1.3390 0.3253 0.2502 77.0565 1.8733 -63.1342 2.8997 0.0006 0.0004 362 pedestrian_0013
Pedestrian 1.00 1.00 0 0 0 0 0 0 0 0 -1000.00 -1000.00 -1000.00 -1000.00 1.1330 0.4333 0.6667 31.3962 1.8170 -140.9465 -0.0236 0.0006 0.0004 363 pedestrian_0011
Pedestrian 0.00 1.00 0 0 0 0 0 0 0 0 1330.10 364.52 1335.81 376.92 1.3390 0.3253 0.4233 61.2554 1.8315 -42.7617 -3.0948 0.0006 0.0004 364 pedestrian_0012
Pedestrian 0.00 1.00 0 0 0 0 0 0 0 0 371.23 360.44 375.83 371.47 1.9158 0.4880 0.3918 97.6414 1.9920 99.9782 -1.1517 0.0006 0.0004 365 pedestrian_0023
Pedestrian 1.00 1.00 0 2 3 2 0 0 0 0 -1000.00 -1000.00 -1000.00 -1000.00 1.9158 0.4880 0.3754 -14.2897 1.8609 -121.6088 1.6086 0.0006 0.0004 366 pedestrian_0005
Pedestrian 1.00 1.00 0 0 0 0 0 0 0 0 -1000.00 -1000.00 -1000.00 -1000.00 1.9158 0.4880 0.6294 14.0385 1.7168 -263.2773 0.0271 0.0006 0.0004 367 pedestrian_0021
Pedestrian 1.00 1.00 0 0 0 0 0 0 0 0 -1000.00 -1000.00 -1000.00 -1000.00 1.1330 0.4333 0.4159 74.3825 1.9905 -132.8290 1.5820 0.0006 0.0004 368 pedestrian_0010
Pedestrian 0.00 1.00 0 0 0 0 0 0 0 0 1148.12 360.50 1149.80 366.32 1.9158 0.4880 0.3754 183.8224 2.0824 -64.5566 2.9181 0.0006 0.0004 369 pedestrian_0020
Pedestrian 0.00 1.00 0 0 0 0 0 0 0 0 1275.35 364.77 1280.48 377.62 1.3390 0.3253 0.4335 59.1650 1.8409 -35.5825 3.0139 0.0006 0.0004 370 pedestrian_0012
Pedestrian 0.00 1.00 0 0 0 0 0 0 0 0 846.46 360.21 848.45 365.82 1.9158 0.4880 0.5641 190.7405 1.9894 36.2803 1.5234 0.0006 0.0004 371 pedestrian_0015
Pedestrian 1.00 1.00 3 2 4 20 2 0 0 0 -1000.00 -1000.00 -1000.00 -1000.00 1.9158 0.4880 0.7507 -11.2975 1.8451 -82.3408 1.5535 0.0006 0.0004 372 pedestrian_0007
Pedestrian 1.00 1.00 0 0 0 0 0 0 0 0 -1000.00 -1000.00 -1000.00 -1000.00 1.9158 0.4880 0.6384 12.1621 1.7231 -318.5698 3.1039 0.0006 0.0004 373 pedestrian_0008
Pedestrian 1.00 1.00 0 0 0 0 0 0 0 0 -1000.00 -1000.00 -1000.00 -1000.00 1.9158 0.4880 0.6250 75.7139 2.0012 -134.9544 -1.5494 0.0006 0.0004 374 pedestrian_0020
Pedestrian 0.00 1.00 0 0 0 0 0 0 0 0 903.01 360.63 904.85 366.27 1.9158 0.4880 0.5527 189.5682 2.1304 16.8329 1.5123 0.0006 0.0004 375 pedestrian_0015
Pedestrian 0.00 1.00 0 0 0 0 0 0 0 0 1320.84 364.84 1324.74 374.55 1.3390 0.3253 0.3257 77.8681 2.0121 -52.5314 1.5957 0.0006 0.0004 376 pedestrian_0012
Pedestrian 0.00 1.00 0 0 0 0 0 0 0 0 799.56 360.23 801.38 365.83 1.9158 0.4880 0.4353 190.9547 1.9963 52.4229 -1.7080 0.0006 0.0004 377 pedestrian_0017
Pedestrian 0.00 1.00 0 0 0 0 0 0 0 0 1316.94 360.68 1320.84 373.23 1.9158 0.4880 0.3899 85.9694 2.0203 -57.2359 1.2531 0.0006 0.0004 378 pedestrian_0025
Pedestrian 1.00 1.00 2 2 2 3 0 0 0 0 -1000.00 -1000.00 -1000.00 -1000.00 1.1330 0.4333 0.6667 -10.6588 1.9942 -68.3652 1.4629 0.0006 0.0004 379 pedestrian_0009
Pedestrian 1.00 1.00 132 160 241 1929 0 23 0 0 -1000.00 -1000.00 -1000.00 -1000.00 1.9158 0.4880 0.6121 -9.6688 1.8940 3.3415 -1.5532 0.0006 0.0004 380 pedestrian_0002
Pedestrian 0.00 1.00 0 0 0 0 0 0 0 0 1491.45 361.00 1492.75 363.67 1.3390 0.3253 0.4011 279.4163 1.8430 -269.4943 -2.0714 0.0006 0.0004 381 pedestrian_0013
Pedestrian 0.00 1.00 0 0 0 0 0 0 0 0 1117.55 361.97 1119.35 367.01 1.3390 0.3253 0.4901 148.6378 1.8639 -44.4371 -3.1029 0.0006 0.0004 382 pedestrian_0012
Pedestrian 0.00 1.00 0 0 0 0 0 0 0 0 1563.72 363.11 1568.40 368.05 1.1330 0.4333 0.5912 128.9844 1.8538 -142.1478 -0.0023 0.0006 0.0004 383 pedestrian_0010
Pedestrian 0.00 1.00 0 0 0 0 0 0 0 0 1712.99 361.12 1714.97 364.39 1.3390 0.3253 0.4109 228.4378 1.7996 -311.5881 -2.7572 0.0006 0.0004 384 pedestrian_0013
Pedestrian 0.00 1.00 0 0 0 0 0 0 0 0 1784.85 359.55 1790.18 365.97 1.9158 0.4880 0.7507 166.8894 1.7807 -249.8629 0.1463 0.0006 0.0004 385 pedestrian_0015
Pedestrian 0.00 1.00 0 0 0 0 0 0 0 0 469.17 360.98 474.15 371.83 1.9158 0.4880 0.4541 99.2403 2.0904 84.2844 1.3529 0.0006 0.0004 386 pedestrian_0018
Pedestrian 0.00 1.00 0 0 0 0 0 0 0 0 1559.14 361.03 1560.60 363.84 1.3390 0.3253 0.4429 265.0575 1.8277 -287.9919 -2.2998 0.0006 0.0004 387 pedestrian_0013
Pedestrian 0.00 1.00 0 0 0 0 0 0 0 0 778.47 360.13 780.41 364.70 1.9158 0.4880 0.6144 234.0296 1.9724 73.6614 -0.7737 0.0006 0.0004 388 pedestrian_0022
Pedestrian 1.00 1.00 0 0 0 0 0 0 0 0 -1000.00 -1000.00 -1000.00 -1000.00 1.9158 0.4880 0.7507 -80.8563 1.6975 -296.9434 -0.6239 0.0006 0.0004 389 pedestrian_0003
Pedestrian 0.00 1.00 0 0 0 0 0 0 0 0 1901.27 359.62 1906.47 365.31 1.9158 0.4880 0.7507 188.1184 1.7888 -320.8320 0.0842 0.0006 0.0004 390 pedestrian_0021
Pedestrian 0.00 1.00 0 0 0 0 0 0 0 0 1771.88 359.70 1774.59 364.67 1.9158 0.4880 0.4608 215.1450 1.8014 -316.3947 0.2845 0.0006 0.0004 392 pedestrian_0005
Pedestrian 0.00 1.00 0 0 0 0 0 0 0 0 730.55 336.98 732.18 341.50 1.9158 0.4880 0.4774 239.2162 -7.9623 96.0105 2.4439 0.0006 0.0004 393 pedestrian_0026
Pedestrian 0.00 1.00 0 0 0 0 0 0 0 0 1399.24 360.89 1404.88 374.81 1.9158 0.4880 0.5206 77.7187 2.0400 -63.4024 -2.4464 0.0006 0.0004 394 pedestrian_0022
Pedestrian 1.00 1.00 0 1 1 0 0 0 0 0 -1000.00 -1000.00 -1000.00 -1000.00 1.1330 0.4333 0.6281 -64.0713 -7.4987 99.8685 0.7953 0.0006 0.0004 395 pedestrian_0010
Pedestrian 1.00 1.00 10 6 7 37 2 0 0 0 -1000.00 -1000.00 -1000.00 -1000.00 1.9158 0.4880 0.5655 9.3887 1.8106 -61.4786 0.1516 0.0006 0.0004 396 pedestrian_0006
Pedestrian 0.00 1.00 0 0 0 0 0 0 0 0 1173.66 361.74 1174.75 365.80 1.3390 0.3253 0.2553 184.5305 1.9170 -73.1566 1.4800 0.0006 0.0004 397 pedestrian_0012
Pedestrian 0.00 1.00 0 0 0 0 0 0 0 0 1179.12 362.63 1181.53 366.81 1.1330 0.4333 0.6273 152.1253 1.8523 -62.2997 3.0848 0.0006 0.0004 398 pedestrian_0010
Pedestrian 1.00 1.00 0 0 1 7 1 0 0 0 -1000.00 -1000.00 -1000.00 -1000.00 1.9158 0.4880 0.7507 13.3407 1.8222 -140.3630 -0.0631 0.0006 0.0004 399 pedestrian_0007
Pedestrian 0.00 1.00 0 0 0 0 0 0 0 0 470.19 328.48 473.57 334.70 1.9158 0.4880 0.6437 174.8854 -7.9507 150.8643 -0.0277 0.0006 0.0004 400 pedestrian_0001
Pedestrian 0.00 1.00 0 0 0 0 0 0 0 0 1383.77 359.91 1386.79 365.55 1.9158 0.4880 0.7507 189.7663 1.8857 -147.0536 -0.0858 0.0006 0.0004 401 pedestrian_0016
Pedestrian 1.00 1.00 0 0 0 0 0 0 0 0 -1000.00 -1000.00 -1000.00 -1000.00 1.9158 0.4880 0.7507 68.2196 1.7417 -320.0484 -3.1191 0.0006 0.0004 402 pedestrian_0021
Pedestrian 1.00 1.00 0 0 0 0 0 0 0 0 -1000.00 -1000.00 -1000.00 -1000.00 1.9158 0.4880 0.6272 89.3805 2.1707 156.4914 0.2499 0.0006 0.0004 403 pedestrian_0006
Pedestrian 1.00 1.00 0 0 0 0 0 0 0 0 -1000.00 -1000.00 -1000.00 -1000.00 1.9158 0.4880 0.7507 51.8679 1.8361 -141.3724 -0.0260 0.0006 0.0004 404 pedestrian_0023
Pedestrian 0.00 1.00 0 0 0 0 0 0 0 0 1108.87 361.99 1110.89 365.04 1.1330 0.4333 0.6103 207.6920 1.8759 -58.1238 -2.6968 0.0006 0.0004 405 pedestrian_0011
Pedestrian 0.00 1.00 0 0 0 0 0 0 0 0 1130.66 359.81 1133.30 367.90 1.9158 0.4880 0.5457 132.6038 1.8704 -43.0638 -0.0769 0.0006 0.0004 406 pedestrian_0004
Pedestrian 0.00 1.00 0 0 0 0 0 0 0 0 1142.64 359.93 1144.58 365.61 1.9158 0.4880 0.4313 188.0687 1.8918 -64.2000 0.0882 0.0006 0.0004 407 pedestrian_0026
Pedestrian 0.00 1.00 0 0 0 0 0 0 0 0 625.76 362.08 627.64 366.66 1.3390 0.3253 0.3627 163.5637 1.9493 95.4956 -0.0508 0.0006 0.0004 408 pedestrian_0013
Pedestrian 0.00 1.00 0 0 0 0 0 0 0 0 1624.26 363.39 1629.31 368.80 1.1330 0.4333 0.5272 117.7316 1.8492 -142.6289 3.0518 0.0006 0.0004 409 pedestrian_0010
Pedestrian 0.00 1.00 0 0 0 0 0 0 0 0 114.39 360.04 125.45 376.28 1.9158 0.4880 0.5435 66.7198 1.9208 97.3141 -0.0175 0.0006 0.0004 410 pedestrian_0020
Pedestrian 0.00 1.00 0 0 0 0 0 0 0 0 1401.67 359.83 1404.30 364.31 1.9158 0.4880 0.7333 238.2482 1.8438 -191.8318 1.4417 0.0006 0.0004 411 pedestrian_0025
Pedestrian 1.00 1.00 1 0 1 5 0 0 0 0 -1000.00 -1000.00 -1000.00 -1000.00 1.1330 0.4333 0.4463 -12.4435 1.8148 -115.2495 -1.5597 0.0006 0.0004 412 pedestrian_0010
Pedestrian 1.00 1.00 0 0 0 0 0 0 0 0 -1000.00 -1000.00 -1000.00 -1000.00 1.9158 0.4880 0.7507 70.0526 1.8436 -140.3293 -2.9834 0.0006 0.0004 413 pedestrian_0015
Pedestrian 0.00 1.00 0 0 0 0 0 0 0 0 102.23 365.92 111.54 373.91 1.1330 0.4333 0.6667 80.2665 1.9823 119.7119 1.5660 0.0006 0.0004 414 pedestrian_0011
Pedestrian 1.00 1.00 63 72 116 1068 0 15 0 0 -1000.00 -1000.00 -1000.00 -1000.00 1.9158 0.4880 0.6024 -14.8279 1.8932 7.9104 2.1671 0.0006 0.0004 415 pedestrian_0025
Pedestrian 1.00 1.00 0 0 0 0 0 0 0 0 -1000.00 -1000.00 -1000.00 -1000.00 1.1330 0.4333 0.6527 -91.2531 -6.3875 13.1048 -1.6054 0.0006 0.0004 416 pedestrian_0009
Pedestrian 1.00 1.00 0 0 0 0 0 0 0 0 -1000.00 -1000.00 -1000.00 -1000.00 1.9158 0.4880 0.7507 -91.4060 -4.9560 -20.1393 -1.5758 0.0006 0.0004 417 pedestrian_0026
Pedestrian 1.00 1.00 0 0 0 0 0 0 0 0 -1000.00 -1000.00 -1000.00 -1000.00 1.9158 0.4880 0.7507 -9.1026 1.7144 -318.5562 3.1181 0.0006 0.0004 418 pedestrian_0019
Pedestrian 0.00 1.00 0 0 0 0 0 0 0 0 1170.05 360.03 1171.94 365.81 1.9158 0.4880 0.4083 185.1811 1.9261 -72.3425 -0.6571 0.0006 0.0004 419 pedestrian_0018
Pedestrian 0.00 1.00 0 0 0 0 0 0 0 0 1589.06 359.81 1591.36 363.96 1.9158 0.4880 0.6878 257.7116 1.8292 -294.0927 -2.4494 0.0006 0.0004 420 pedestrian_0026
Pedestrian 1.00 1.00 8 9 25 170 0 0 10 0 -1000.00 -1000.00 -1000.00 -1000.00 1.9158 0.4880 0.7507 1.2998 2.0715 40.4501 -3.0385 0.0006 0.0004 421 pedestrian_0005
Pedestrian 0.00 1.00 0 0 0 0 0 0 0 0 613.43 360.08 617.62 368.31 1.9158 0.4880 0.7505 130.4671 1.9345 78.2012 3.0832 0.0006 0.0004 422 pedestrian_0021
Pedestrian 0.00 1.00 0 0 0 0 0 0 0 0 507.91 360.40 510.63 366.67 1.9158 0.4880 0.4993 170.5767 2.0377 135.6320 -1.2593 0.0006 0.0004 423 pedestrian_0025
Pedestrian 0.06 1.00 0 0 0 0 0 0 0 0 0.00 359.85 14.51 382.62 1.9158 0.4880 0.4591 47.9360 1.9035 78.4179 -3.0490 0.0006 0.0004 424 pedestrian_0008
Pedestrian 0.00 1.00 0 0 0 0 0 0 0 0 745.77 360.04 755.83 387.14 1.9158 0.4880 0.4583 40.5217 1.9186 12.6619 -0.4035 0.0006 0.0004 425 pedestrian_0018
Pedestrian 0.00 1.00 0 0 0 0 0 0 0 0 1427.89 359.81 1430.65 364.32 1.9158 0.4880 0.7507 236.7505 1.8369 -201.8120 1.3793 0.0006 0.0004 426 pedestrian_0020
Pedestrian 1.00 1.00 0 0 0 0 0 0 0 0 -1000.00 -1000.00 -1000.00 -1000.00 1.3390 0.3253 0.4504 76.1315 1.7750 -230.6208 1.4539 0.0006 0.0004 427 pedestrian_0012
Pedestrian 0.00 1.00 0 0 0 0 0 0 0 0 809.91 362.51 811.53 365.86 1.1330 0.4333 0.4460 188.8188 1.9841 48.3350 -1.5290 0.0006 0.0004 428 pedestrian_0011
Pedestrian 1.00 1.00 0 0 0 0 0 0 0 0 -1000.00 -1000.00 -1000.00 -1000.00 1.9158 0.4880 0.5400 92.7828 1.7884 -225.3113 -1.5899 0.0006 0.0004 429 pedestrian_0006
Pedestrian 1.00 1.00 0 0 0 0 0 0 0 0 -1000.00 -1000.00 -1000.00 -1000.00 1.9158 0.4880 0.6252 80.4069 2.0120 151.5021 -1.5717 0.0006 0.0004 430 pedestrian_0021
Pedestrian 0.00 1.00 0 0 0 0 0 0 0 0 1572.15 359.72 1575.31 364.58 1.9158 0.4880 0.7507 219.9920 1.8064 -244.6913 0.9544 0.0006 0.0004 431 pedestrian_0026
Pedestrian 1.00 1.00 0 0 0 0 0 0 0 0 -1000.00 -1000.00 -1000.00 -1000.00 1.9158 0.4880 0.7507 -54.4972 -7.6108 106.3327 -2.5641 0.0006 0.0004 432 pedestrian_0026
Pedestrian 0.00 1.00 0 0 0 0 0 0 0 0 1201.81 359.81 1204.42 366.91 1.9158 0.4880 0.4805 150.9941 1.8652 -68.0171 0.0197 0.0006 0.0004 433 pedestrian_0002
Pedestrian 0.00 1.00 0 0 0 0 0 0 0 0 1140.69 359.89 1142.56 365.56 1.9158 0.4880 0.4114 188.5549 1.8778 -63.6901 0.7261 0.0006 0.0004 434 pedestrian_0001
Pedestrian 0.00 1.00 0 0 0 0 0 0 0 0 195.68 310.87 203.06 320.65 1.9158 0.4880 0.7312 113.0234 -7.9777 151.4444 3.1311 0.0006 0.0004 435 pedestrian_0022
Pedestrian 0.00 1.00 0 0 0 0 0 0 0 0 876.27 360.14 879.42 370.57 1.9158 0.4880 0.5229 103.2168 1.9427 12.9042 -0.0285 0.0006 0.0004 436 pedestrian_0005
Pedestrian 1.00 1.00 0 0 0 0 0 0 0 0 -1000.00 -1000.00 -1000.00 -1000.00 1.3390 0.3253 0.5005 -18.6008 1.7115 -240.9559 -0.4905 0.0006 0.0004 437 pedestrian_0013
Pedestrian 0.00 1.00 0 0 0 0 0 0 0 0 1447.70 361.39 1449.02 363.58 1.1330 0.4333 0.4245 287.7469 1.8525 -254.8652 1.0777 0.0006 0.0004 438 pedestrian_0011
Pedestrian 1.00 1.00 0 0 0 1 0 0 0 0 -1000.00 -1000.00 -1000.00 -1000.00 1.9158 0.4880 0.3754 -17.5329 1.8096 -139.2352 0.2814 0.0006 0.0004 439 pedestrian_0006
Pedestrian 1.00 1.00 0 0 0 0 0 0 0 0 -1000.00 -1000.00 -1000.00 -1000.00 1.3390 0.3253 0.4934 -128.3112 -4.9542 -19.6933 -1.5589 0.0006 0.0004 440 pedestrian_0014
Pedestrian 1.00 1.00 0 0 0 0 0 0 0 0 -1000.00 -1000.00 -1000.00 -1000.00 1.9158 0.4880 0.4802 66.1184 1.8417 -141.9435 -0.0304 0.0006 0.0004 441 pedestrian_0025
Pedestrian 1.00 1.00 0 0 0 0 0 0 0 0 -1000.00 -1000.00 -1000.00 -1000.00 1.9158 0.4880 0.4743 -37.1281 1.7039 -315.3086 -0.1799 0.0006 0.0004 442 pedestrian_0003
Pedestrian 0.00 1.00 0 0 0 0 0 0 0 0 1264.66 359.34 1276.74 382.13 1.9158 0.4880 0.7507 47.9433 1.8602 -28.5348 -1.4017 0.0006 0.0004 443 pedestrian_0024
Pedestrian 0.00 1.00 0 0 0 0 0 0 0 0 942.08 360.10 945.52 371.15 1.9158 0.4880 0.5001 97.4093 1.9327 0.5757 1.3710 0.0006 0.0004 444 pedestrian_0007
Pedestrian 1.00 1.00 0 0 0 0 0 0 0 0 -1000.00 -1000.00 -1000.00 -1000.00 1.9158 0.4880 0.4020 73.3714 1.8455 -142.0615 -1.3236 0.0006 0.0004 445 pedestrian_0023
Pedestrian 1.00 1.00 0 0 0 0 0 0 0 0 -1000.00 -1000.00 -1000.00 -1000.00 1.9158 0.4880 0.6239 -43.2477 1.7024 -313.9729 -0.2630 0.0006 0.0004 446 pedestrian_0026
Pedestrian 0.00 1.00 0 0 0 0 0 0 0 0 276.51 307.14 283.47 313.99 1.1330 0.4333 0.6304 97.2494 -8.0131 115.8022 3.1173 0.0006 0.0004 447 pedestrian_0009
Pedestrian 0.00 1.00 0 0 0 0 0 0 0 0 774.62 338.20 776.02 342.47 1.9158 0.4880 0.4732 252.6627 -7.9689 81.6033 -0.9397 0.0006 0.0004 448 pedestrian_0015
Pedestrian 0.00 1.00 0 0 0 0 0 0 0 0 371.76 360.42 376.83 371.50 1.9158 0.4880 0.3829 97.1434 1.9890 99.3206 -1.9011 0.0006 0.0004 449 pedestrian_0017
Pedestrian 1.00 1.00 26 25 43 318 2 0 0 0 -1000.00 -1000.00 -1000.00 -1000.00 1.9158 0.4880 0.6716 13.1962 1.8472 -25.8848 -1.6757 0.0006 0.0004 450 pedestrian_0023
Pedestrian 1.00 1.00 4 6 6 28 4 0 0 0 -1000.00 -1000.00 -1000.00 -1000.00 1.9158 0.4880 0.5379 -11.3581 1.8556 -63.7029 2.0998 0.0006 0.0004 451 pedestrian_0001
Pedestrian 1.00 1.00 0 0 0 0 0 0 0 0 -1000.00 -1000.00 -1000.00 -1000.00 1.9158 0.4880 0.7483 114.0001 1.7522 -264.0809 3.0953 0.0006 0.0004 452 pedestrian_0017
Pedestrian 1.00 1.00 0 0 0 0 0 0 0 0 -1000.00 -1000.00 -1000.00 -1000.00 1.1330 0.4333 0.6364 90.2569 1.7991 -247.2875 -0.0930 0.0006 0.0004 453 pedestrian_0011
Pedestrian 0.00 1.00 0 0 0 0 0 0 0 0 1295.78 359.98 1297.66 363.55 1.9158 0.4880 0.7130 299.2455 1.9073 -183.4081 1.5540 0.0006 0.0004 454 pedestrian_0018
Pedestrian 1.00 1.00 5 4 7 60 0 0 1 0 -1000.00 -1000.00 -1000.00 -1000.00 1.9158 0.4880 0.6950 10.2030 1.9371 66.4634 -1.6409 0.0006 0.0004 455 pedestrian_0021
Pedestrian 0.00 1.00 0 0 0 0 0 0 0 0 351.72 361.32 359.00 374.95 1.9158 0.4880 0.5019 79.2226 2.1025 83.0525 -1.6563 0.0006 0.0004 456 pedestrian_0007
Pedestrian 0.00 1.00 0 0 0 0 0 0 0 0 1194.81 359.65 1199.82 370.46 1.9158 0.4880 0.7251 99.6794 1.8536 -44.4758 0.2135 0.0006 0.0004 457 pedestrian_0021
Pedestrian 1.00 1.00 0 0 0 8 0 0 0 0 -1000.00 -1000.00 -1000.00 -1000.00 1.9158 0.4880 0.7507 16.2220 -8.0099 117.8460 -0.0191 0.0006 0.0004 458 pedestrian_0019
Pedestrian 1.00 1.00 0 0 0 0 0 0 0 0 -1000.00 -1000.00 -1000.00 -1000.00 1.1330 0.4333 0.4749 -129.4807 1.0474 -73.7593 1.8692 0.0006 0.0004 459 pedestrian_0009
Pedestrian 1.00 1.00 0 0 0 0 0 0 0 0 -1000.00 -1000.00 -1000.00 -1000.00 1.9158 0.4880 0.6389 -130.3811 1.6607 -84.9285 -1.5838 0.0006 0.0004 460 pedestrian_0004
Pedestrian 1.00 1.00 1 2 1 7 0 0 0 0 -1000.00 -1000.00 -1000.00 -1000.00 1.3390 0.3253 0.4261 -12.8305 1.8284 -101.3204 1.5932 0.0006 0.0004 461 pedestrian_0012
Pedestrian 0.00 1.00 0 0 0 0 0 0 0 0 1631.97 359.71 1638.85 370.49 1.9158 0.4880 0.6073 99.9186 1.8650 -122.7371 -0.0517 0.0006 0.0004 462 pedestrian_0006
Pedestrian 0.00 1.00 0 0 0 0 0 0 0 0 1181.89 365.51 1187.83 373.78 1.1330 0.4333 0.6667 77.5104 1.8953 -33.2645 1.4606 0.0006 0.0004 463 pedestrian_0009
Pedestrian 0.00 1.00 0 0 0 0 0 0 0 0 926.29 361.65 927.68 365.14 1.3390 0.3253 0.4231 214.4492 1.9756 10.4719 -2.1324 0.0006 0.0004 464 pedestrian_0014
Pedestrian 0.00 1.00 0 0 0 0 0 0 0 0 1220.76 362.33 1223.39 365.75 1.1330 0.4333 0.6667 184.9924 1.9060 -89.2230 -1.5712 0.0006 0.0004 465 pedestrian_0010
Pedestrian 1.00 1.00 17 18 27 396 0 0 3 0 -1000.00 -1000.00 -1000.00 -1000.00 1.9158 0.4880 0.7266 -13.6676 2.0586 27.6562 -1.4423 0.0006 0.0004 466 pedestrian_0017
Pedestrian 1.00 1.00 0 1 1 0 0 0 0 0 -1000.00 -1000.00 -1000.00 -1000.00 1.9158 0.4880 0.3927 -16.9164 1.8114 -138.3805 -2.7963 0.0006 0.0004 467 pedestrian_0004
Pedestrian 1.00 1.00 0 0 0 0 0 0 0 0 -1000.00 -1000.00 -1000.00 -1000.00 1.9158 0.4880 0.5951 31.9438 1.8324 -104.1610 -0.0861 0.0006 0.0004 468 pedestrian_0021
Pedestrian 0.00 1.00 0 0 0 0 0 0 0 0 797.96 361.91 799.54 365.85 1.3390 0.3253 0.4397 189.6954 1.9898 52.6461 -1.5792 0.0006 0.0004 469 pedestrian_0013
Pedestrian 1.00 1.00 6 5 6 70 0 0 2 0 -1000.00 -1000.00 -1000.00 -1000.00 1.9158 0.4880 0.7507 -9.7019 1.9268 59.1771 -1.5300 0.0006 0.0004 470 pedestrian_0001
Pedestrian 1.00 1.00 0 0 0 0 0 0 0 0 -1000.00 -1000.00 -1000.00 -1000.00 1.9158 0.4880 0.7507 33.4116 1.8440 -34.8929 -2.4214 0.0006 0.0004 471 pedestrian_0015
Pedestrian 1.00 1.00 0 0 0 0 0 0 0 0 -1000.00 -1000.00 -1000.00 -1000.00 1.9158 0.4880 0.7507 -127.5731 1.7152 -232.6406 1.8229 0.0006 0.0004 472 pedestrian_0024
Pedestrian 0.00 1.00 0 0 0 0 0 0 0 0 1162.69 361.74 1164.12 365.76 1.3390 0.3253 0.3464 185.9070 1.9195 -70.0855 1.6262 0.0006 0.0004 473 pedestrian_0013
Pedestrian 0.00 1.00 0 0 0 0 0 0 0 0 1826.77 359.67 1830.33 364.92 1.9158 0.4880 0.5623 203.3479 1.7939 -319.2755 0.2102 0.0006 0.0004 474 pedestrian_0018
Pedestrian 0.00 1.00 0 0 0 0 0 0 0 0 1334.27 361.19 1335.41 364.29 1.3390 0.3253 0.2817 241.0748 1.8560 -164.5784 -1.6471 0.0006 0.0004 475 pedestrian_0012
Pedestrian 0.00 1.00 0 0 0 0 0 0 0 0 1345.04 360.59 1350.79 375.69 1.9158 0.4880 0.5144 71.6812 1.9911 -51.6840 -1.9863 0.0006 0.0004 476 pedestrian_0026
Pedestrian 0.00 1.00 0 0 0 0 0 0 0 0 1439.34 359.90 1440.91 363.59 1.9158 0.4880 0.4994 288.9542 1.8649 -251.6510 -1.9952 0.0006 0.0004 477 pedestrian_0016
Pedestrian 1.00 1.00 0 2 4 4 0 0 0 0 -1000.00 -1000.00 -1000.00 -1000.00 1.9158 0.4880 0.3972 -12.8699 1.9752 -120.9409 2.9440 0.0006 0.0004 478 pedestrian_0006
Pedestrian 0.00 1.00 0 0 0 0 0 0 0 0 1812.04 359.68 1815.62 364.84 1.9158 0.4880 0.5992 206.8436 1.7959 -319.2879 -2.8860 0.0006 0.0004 479 pedestrian_0001
Pedestrian 0.00 1.00 0 0 0 0 0 0 0 0 591.66 360.07 596.16 368.83 1.9158 0.4880 0.7507 122.6450 1.9320 78.0827 3.1329 0.0006 0.0004 480 pedestrian_0021
Car 0.00 1.00 0 0 0 0 0 0 0 0 1068.67 360.98 1078.66 367.31 1.6980 1.9434 4.1871 152.6451 1.9706 -33.3125 -0.0186 0.0006 0.0004 481 citroen_c3
Car 0.00 1.00 0 0 0 0 0 0 0 0 1073.18 359.84 1084.23 367.73 1.9718 2.0005 4.0595 141.6208 1.9324 -32.3302 -0.0186 0.0006 0.0004 482 jeep_wrangler_rubicon
Car 0.00 1.00 0 0 0 0 0 0 0 0 955.92 360.06 963.53 367.37 1.9718 2.0005 4.0595 152.6297 1.9887 -2.1793 3.1229 0.0006 0.0004 483 jeep_wrangler_rubicon
Car 0.00 1.00 0 0 0 0 0 0 0 0 1084.66 359.83 1096.05 367.73 1.9718 2.0005 4.0595 141.5659 1.9307 -35.2708 -0.0186 0.0006 0.0004 484 jeep_wrangler_rubicon
Car 0.00 1.00 0 0 0 0 0 0 0 0 1434.63 359.78 1460.34 368.53 1.9718 2.0005 4.0595 127.0789 1.9236 -113.0760 1.5522 0.0006 0.0004 485 nissan_patrol
Car 0.00 1.00 0 0 0 0 0 0 0 0 1424.36 361.71 1449.30 368.47 1.5488 2.0688 3.9961 129.9733 1.9524 -113.1443 -1.5894 0.0006 0.0004 486 nissan_patrol
Car 0.00 1.00 0 0 0 0 0 0 0 0 1468.66 362.12 1507.82 369.80 1.4855 2.1349 -5.6254 110.3010 1.9107 -106.3395 -1.5894 0.0006 0.0004 487 nissan_patrol
Car 0.00 1.00 0 0 0 0 0 0 0 0 1406.79 361.21 1430.82 368.42 1.6244 1.8781 -3.8906 127.1976 1.9031 -106.6542 1.5521 0.0006 0.0004 488 nissan_patrol
Car 0.00 1.00 0 0 0 0 0 0 0 0 1403.26 361.24 1439.68 370.71 1.7506 2.3538 -4.8416 105.0105 1.9855 -88.7692 1.5521 0.0006 0.0004 489 nissan_patrol
Car 0.00 1.00 0 0 0 0 0 0 0 0 1354.05 359.81 1380.05 369.15 1.9718 2.0005 -4.0595 119.3053 1.9342 -89.0750 -1.5894 0.0006 0.0004 490 nissan_patrol
Car 0.00 1.00 0 0 0 0 0 0 0 0 1532.19 359.73 1569.97 370.28 1.9476 2.0282 4.8347 104.5657 1.9003 -112.6139 -1.5894 0.0006 0.0004 491 nissan_patrol
Car 0.00 1.00 0 0 0 0 0 0 0 0 1519.47 359.70 1551.65 370.08 1.9718 2.0005 4.0595 107.4583 1.9163 -112.7254 -1.5894 0.0006 0.0004 492 nissan_patrol
Car 0.00 1.00 0 0 0 0 0 0 0 0 1428.71 361.43 1457.55 369.96 1.6244 1.8781 3.8906 107.7849 1.9021 -95.2656 1.5522 0.0006 0.0004 493 nissan_patrol
Car 0.00 1.00 0 0 0 0 0 0 0 0 1416.74 362.03 1446.00 370.00 1.5488 2.0688 3.9961 110.5084 1.9550 -95.3153 -1.5894 0.0006 0.0004 494 nissan_patrol
Car 0.00 1.00 0 0 0 0 0 0 0 0 1382.29 358.93 1412.52 369.08 2.1397 2.1728 4.7017 119.1874 1.9171 -95.4535 -1.5894 0.0006 0.0004 495 nissan_patrol
Car 0.00 1.00 0 0 0 0 0 0 0 0 1355.45 359.86 1383.36 368.49 1.9476 2.0282 4.8347 127.4044 1.9187 -95.5589 -1.5894 0.0006 0.0004 496 nissan_patrol
Car 0.00 1.00 0 0 0 0 0 0 0 0 1349.00 361.70 1372.47 368.26 1.5100 1.8730 4.1000 130.2990 1.9114 -95.6803 -1.5894 0.0006 0.0004 497 nissan_patrol
Car 0.00 1.00 0 0 0 0 0 0 0 0 1321.76 361.98 1347.69 369.52 1.5488 2.0688 3.9961 116.5737 1.9658 -80.3303 1.5522 0.0006 0.0004 498 nissan_patrol
Car 0.00 1.00 0 0 0 0 0 0 0 0 1313.31 361.88 1338.35 369.04 1.5100 1.8730 4.1000 119.4682 1.9159 -80.3882 1.5522 0.0006 0.0004 499 nissan_patrol
Car 0.00 1.00 0 0 0 0 0 0 0 0 1303.64 359.89 1331.86 368.89 1.9476 2.0282 4.8347 122.1521 1.9252 -80.3907 -1.5894 0.0006 0.0004 500 nissan_patrol
Car 0.00 1.00 0 0 0 0 0 0 0 0 1323.70 358.83 1356.73 370.34 2.1397 2.1728 -4.7017 105.2911 1.9240 -73.7265 -1.5895 0.0006 0.0004 501 nissan_patrol
Car 0.00 1.00 0 0 0 0 0 0 0 0 1313.80 359.87 1345.92 370.05 1.9476 2.0282 -4.8347 108.1871 1.9236 -73.7138 1.5521 0.0006 0.0004 502 nissan_patrol
Car 0.00 1.00 0 0 0 0 0 0 0 0 1269.83 361.30 1292.09 368.65 1.6244 1.8781 -3.8906 125.1651 1.9207 -74.1031 -1.5894 0.0006 0.0004 503 nissan_patrol
Car 0.00 1.00 0 0 0 0 0 0 0 0 1261.12 361.08 1288.17 368.84 1.7506 2.3538 -4.8416 127.8032 2.0024 -74.1766 -1.5894 0.0006 0.0004 504 nissan_patrol
Car 0.00 1.00 0 0 0 0 0 0 0 0 1051.79 359.93 1061.94 367.13 1.9476 2.0282 4.8347 153.3973 1.9298 -28.8474 3.1229 0.0006 0.0004 505 nissan_patrol
Car 0.00 1.00 0 0 0 0 0 0 0 0 966.45 361.51 973.56 367.31 1.5475 1.9070 4.4025 152.1763 1.9643 -4.9703 3.1229 0.0006 0.0004 506 seat_leon
Car 0.00 1.00 0 0 0 0 0 0 0 0 1016.74 357.78 1028.62 367.38 2.5908 2.7453 5.4640 153.5093 1.9936 -19.4552 3.1229 0.0006 0.0004 507 carlamotors_carlacola
Car 0.00 1.00 0 0 0 0 0 0 0 0 725.22 358.20 742.33 367.12 2.5908 2.7453 5.4640 164.8364 2.0667 64.5752 -0.0186 0.0006 0.0004 508 carlamotors_carlacola
Car 0.00 1.00 0 0 0 0 0 0 0 0 713.31 358.20 730.81 367.12 2.5908 2.7453 5.4640 164.9014 2.0687 68.0631 -0.0186 0.0006 0.0004 509 carlamotors_carlacola
Car 0.00 1.00 0 0 0 0 0 0 0 0 677.27 357.27 705.07 367.99 2.5908 2.7453 5.4640 136.5720 1.9332 63.4655 -1.5894 0.0006 0.0004 510 carlamotors_carlacola
Car 0.00 1.00 0 0 0 0 0 0 0 0 1032.17 357.77 1044.62 367.37 2.5908 2.7453 5.4640 153.4289 1.9912 -23.7654 3.1229 0.0006 0.0004 511 carlamotors_carlacola
Car 0.00 1.00 0 0 0 0 0 0 0 0 804.18 356.80 887.68 387.87 2.2031 2.5091 6.5872 43.8093 1.9772 6.3987 2.5993 0.0006 0.0004 512 tesla_cybertruck