Car 1.00 1.00 0 0 0 0 0 0 0 0 -1000.00 -1000.00 -1000.00 -1000.00 1.5542 2.3421 5.1370 -109.3273 -6.9832 80.5962 -2.0335 0.0084 0.0184 0 lincoln2020_mkz2020
Car 1.00 1.00 6708 237994 381180 0 0 0 0 0 -1000.00 -1000.00 -1000.00 -1000.00 2.1397 2.1728 4.7045 -0.0005 2.0932 -2.2389 1.5708 0.0000 0.0000 1 volkswagen_t2
Motorcycle 0.00 1.00 0 0 0 0 0 0 0 0 558.44 329.98 567.17 335.58 1.6960 1.0692 2.4735 180.0347 -7.9357 126.0182 0.0203 0.0038 0.0057 2 harley_davidson_low_rider
Motorcycle 0.00 1.00 0 0 0 0 0 0 0 0 1202.57 360.69 1208.09 363.88 1.6960 1.0692 2.4735 297.4088 2.0689 -133.4257 1.5884 0.0030 -0.0002 3 harley_davidson_low_rider
Car 0.00 1.00 0 0 0 0 0 0 0 0 660.34 363.07 704.04 374.76 1.6320 2.1403 5.2230 81.0578 2.0923 37.8298 -1.5582 -0.0043 -0.0000 4 dodge_charger_police
Car 1.00 1.00 0 0 0 0 0 0 0 0 -1000.00 -1000.00 -1000.00 -1000.00 1.5542 2.3421 5.1370 -67.9679 -7.4302 103.1009 0.6436 -0.0115 -0.0102 5 lincoln2020_mkz2020
Car 1.00 1.00 0 0 0 0 0 0 0 0 -1000.00 -1000.00 -1000.00 -1000.00 1.4546 2.0938 4.3903 -66.6749 2.0932 -286.0427 2.4839 -0.0001 -0.0027 6 audi_tt
Car 0.00 1.00 0 0 0 0 0 0 0 0 1198.10 362.74 1210.67 369.84 1.4477 1.5550 2.3177 116.8639 2.0311 -53.2948 -3.1147 -0.0057 -0.0000 7 bmw_isetta
Car 1.00 1.00 0 0 0 0 0 0 0 0 -1000.00 -1000.00 -1000.00 -1000.00 1.7173 2.2591 5.2781 -97.4838 2.1012 -215.3801 1.6439 -0.0073 -0.0065 8 mercedes_benz_coupe
Car 1.00 1.00 0 0 0 0 0 0 0 0 -1000.00 -1000.00 -1000.00 -1000.00 1.4812 2.1349 5.6254 -60.0407 2.0325 -7.0711 1.5418 -0.0000 -0.0000 9 chevrolet_impala
Car 0.00 1.00 0 0 0 0 0 0 0 0 367.80 362.79 389.42 374.03 1.6115 2.2019 5.2564 84.6733 2.0485 85.5102 0.8178 -0.0010 0.0006 10 charger2020_charger2020
Car 0.00 0.67 0 0 0 35 0 0 0 1 822.27 359.45 841.27 370.51 2.2031 2.5091 6.5872 114.7950 2.0945 24.0215 -3.1194 -0.0000 -0.0000 11 tesla_cybertruck
Car 1.00 1.00 0 3 7 26 6 0 0 0 -1000.00 -1000.00 -1000.00 -1000.00 1.5140 2.1024 4.9073 4.9923 2.0825 -163.5319 1.6422 0.0021 0.0001 12 mercedesccc_mercedesccc
Car 0.00 1.00 0 0 0 0 0 0 0 0 823.20 361.25 838.19 366.80 1.6980 1.9434 4.1871 172.1699 2.0871 37.6706 -1.5603 -0.0000 -0.0000 13 citroen_c3
Car 0.00 1.00 0 0 0 0 0 0 0 0 1192.96 364.08 1238.00 374.44 1.4812 2.1349 5.6254 82.2683 2.0876 -39.6421 -1.5547 -0.0000 -0.0000 14 chevrolet_impala
Car 0.00 1.00 0 0 0 0 0 0 0 0 801.78 361.44 820.66 366.86 1.6320 2.1403 5.2230 172.0218 2.0914 43.6441 -1.6032 -0.0044 0.0000 15 dodge_charger_police
Car 0.00 1.00 0 0 0 0 0 0 0 0 1107.86 361.40 1125.43 366.27 1.5863 2.2347 5.1468 183.6374 2.0514 -53.8302 1.5833 -0.0029 -0.0029 16 lincoln_mkz2017
Car 1.00 1.00 0 0 0 0 0 0 0 0 -1000.00 -1000.00 -1000.00 -1000.00 1.7318 2.1344 5.0985 -36.6289 -7.6919 118.0514 0.2540 -0.0067 -0.0040 17 audi_etron
Car 0.00 1.00 0 0 0 0 0 0 0 0 1137.08 360.92 1154.20 366.31 1.7506 2.3538 4.8416 183.7723 2.0619 -63.4297 1.5835 0.0000 -0.0021 18 bmw_grandtourer
Car 0.00 0.30 1 1 1 158 0 0 0 5 829.40 363.86 851.22 377.21 1.5765 1.9374 3.8150 69.5061 2.0662 12.5078 0.0192 -0.0000 -0.0000 19 nissan_micra
Motorcycle 0.00 1.00 0 0 0 0 0 0 0 0 1129.95 361.06 1135.69 366.27 1.6960 1.0692 2.4735 183.5211 2.0485 -59.1364 0.0226 0.0014 0.0015 20 harley_davidson_low_rider
Car 0.00 1.00 0 0 0 0 0 0 0 0 1193.39 361.46 1207.52 366.31 1.5765 1.9374 3.8150 183.9867 2.0663 -81.6009 1.5950 0.0024 -0.0000 21 nissan_micra
Car 1.00 1.00 0 0 0 0 0 0 0 0 -1000.00 -1000.00 -1000.00 -1000.00 1.7203 2.2019 5.4994 19.4922 2.0261 82.2577 -3.1029 -0.0001 0.0006 22 chargercop2020_chargercop2020
Car 1.00 1.00 11 25 29 220 8 0 0 0 -1000.00 -1000.00 -1000.00 -1000.00 1.5475 1.9070 4.4025 19.0349 2.0257 -58.6240 -3.1412 0.0001 -0.0000 23 seat_leon
Car 0.00 1.00 0 0 0 0 0 0 0 0 697.76 339.04 710.81 342.50 1.3660 1.9896 4.9534 249.5150 -7.9300 112.3847 2.4928 -0.0000 0.0014 24 mustang_mustang
Cyclist 1.00 1.00 0 4 5 1 0 0 0 0 -1000.00 -1000.00 -1000.00 -1000.00 1.9709 0.6705 1.7250 -11.3353 2.0702 -141.2055 0.0655 0.0049 -0.0000 25 diamondback_century
Cyclist 1.00 1.00 0 0 1 2 0 0 0 0 -1000.00 -1000.00 -1000.00 -1000.00 1.7065 0.8593 1.4873 -5.4689 2.0397 -138.0780 -1.6135 -0.0001 -0.0000 26 bh_crossbike
Car 1.00 1.00 0 0 0 0 0 0 0 0 -1000.00 -1000.00 -1000.00 -1000.00 2.1397 2.1728 4.7045 78.9728 2.0987 -204.3079 -2.7950 -0.0042 -0.0121 27 volkswagen_t2
Car 1.00 1.00 0 0 0 0 0 0 0 0 -1000.00 -1000.00 -1000.00 -1000.00 1.9718 2.0005 4.0595 -34.8152 2.0510 -247.1666 -0.8793 0.0003 0.0002 28 jeep_wrangler_rubicon
Car 1.00 1.00 24 31 49 395 0 0 42 0 -1000.00 -1000.00 -1000.00 -1000.00 1.5627 2.2716 5.0314 -0.8953 2.0836 61.3542 1.6166 0.0000 -0.0000 29 tesla_model3
Car 0.00 1.00 0 0 0 0 0 0 0 0 1359.58 361.10 1379.56 367.38 1.4546 2.0938 4.3903 171.2794 2.0156 -127.9217 -1.9054 0.0000 -0.1038 30 audi_tt
Car 1.00 1.00 0 0 0 0 0 0 0 0 -1000.00 -1000.00 -1000.00 -1000.00 1.5488 2.0688 3.9961 29.9679 2.0222 82.4224 -3.1280 0.0007 -0.0000 31 mini_cooperst
Car 0.00 1.00 0 0 0 0 0 0 0 0 1434.49 363.24 1480.38 376.60 1.6011 2.1072 4.7392 71.1078 2.0256 -65.0273 -0.1672 0.0019 -0.0004 32 toyota_prius
Car 1.00 1.00 0 0 0 0 0 0 0 0 -1000.00 -1000.00 -1000.00 -1000.00 2.1397 2.1728 4.7045 81.5178 2.0968 -211.4277 0.1006 -0.0002 -0.0000 33 volkswagen_t2
Car 0.00 1.00 0 0 0 0 0 0 0 0 1215.78 360.90 1226.63 363.96 1.6011 2.1072 4.7392 293.8673 2.0818 -140.2319 1.5841 -0.0006 -0.0000 34 toyota_prius
Car 0.00 0.38 109 122 193 5293 0 0 13 10 265.51 377.94 432.00 414.16 1.3660 1.9896 4.9534 23.3205 2.0782 21.9871 -3.1182 -0.0000 -0.0000 35 mustang_mustang
Car 1.00 1.00 65 83 119 1019 0 0 47 0 -1000.00 -1000.00 -1000.00 -1000.00 1.6011 2.1072 4.7392 -3.9302 2.0802 39.7300 -1.5609 -0.0000 -0.0000 36 toyota_prius
Car 0.00 1.00 0 0 0 0 0 0 0 0 1294.33 361.76 1333.36 372.89 1.7506 2.3538 4.8416 91.6922 2.0460 -60.0643 -2.6175 -0.0001 0.0003 37 bmw_grandtourer
Car 0.00 1.00 0 0 0 0 0 0 0 0 1070.29 359.66 1092.84 366.66 2.2031 2.5091 6.5872 176.5931 2.0953 -40.7207 -1.5645 0.0000 -0.0000 38 tesla_cybertruck
Motorcycle 1.00 1.00 79 102 148 936 0 8 0 0 -1000.00 -1000.00 -1000.00 -1000.00 1.6387 1.2138 2.3199 -24.7743 2.0898 13.2195 0.0550 0.0020 -0.0007 39 yamaha_yzf
Car 1.00 1.00 0 12 16 63 5 0 0 0 -1000.00 -1000.00 -1000.00 -1000.00 1.9476 2.0282 4.8347 18.6489 2.0711 -133.9511 -3.1352 -0.0004 -0.0000 40 nissan_patrol
Car 0.00 1.00 0 0 0 0 0 0 0 0 1260.44 362.35 1292.54 372.04 1.6115 2.2019 5.2564 97.7635 2.0373 -57.4089 -3.0381 0.0079 0.0008 41 charger2020_charger2020
Car 0.00 0.63 0 6 7 24 0 0 0 1 867.03 360.99 881.43 365.17 1.6115 2.2019 5.2564 222.0042 2.0309 31.9378 -1.6928 0.0055 0.0035 42 charger2020_charger2020
Motorcycle 0.00 1.00 0 0 0 0 0 0 0 0 803.19 363.26 817.15 377.49 1.6649 1.0692 2.4735 67.8500 2.0672 15.8034 0.0269 0.0030 -0.0000 43 harley_davidson_low_rider
Car 0.00 1.00 0 0 0 0 0 0 0 0 1332.32 361.46 1348.57 365.93 1.5542 2.3421 5.1370 197.9204 2.0803 -137.3449 3.1151 -0.0000 0.0000 44 lincoln2020_mkz2020
Motorcycle 0.00 0.01 99 104 161 5834 0 0 11 24 102.74 373.87 219.00 430.43 1.6960 1.0692 2.4735 17.8382 2.0679 21.8375 -3.1209 0.0029 0.0001 45 harley_davidson_low_rider
Cyclist 0.00 1.00 0 0 0 5 0 0 0 0 839.55 360.64 844.75 370.80 1.9310 0.5921 1.9272 107.6699 2.0572 20.4328 -3.1354 -0.0041 -0.0000 46 gazelle_omafiets
Car 1.00 1.00 2463 2690 4312 56472 0 0 771 0 -1000.00 -1000.00 -1000.00 -1000.00 1.7318 2.1344 5.0985 -0.0179 2.0954 7.0296 1.5540 0.0000 -0.0000 47 audi_etron
Car 0.00 1.00 0 0 0 0 0 0 0 0 351.34 360.53 407.29 375.69 1.9476 2.0282 4.8347 75.3681 2.0322 75.5200 -0.1986 0.0097 -0.0014 48 nissan_patrol
Car 1.00 1.00 14 23 30 144 0 23 0 0 -1000.00 -1000.00 -1000.00 -1000.00 1.7203 2.2019 5.4994 -56.2823 2.0285 -2.6595 1.5705 -0.0001 0.0007 49 chargercop2020_chargercop2020
Car 1.00 1.00 0 0 0 0 0 0 0 0 -1000.00 -1000.00 -1000.00 -1000.00 1.6244 1.8781 3.8906 95.9008 2.0811 -209.9789 -2.7176 -0.0006 -0.0012 50 audi_a2
Car 0.00 1.00 0 0 0 0 0 0 0 0 1171.18 361.49 1189.46 366.34 1.5863 2.2347 5.1468 184.0580 2.0815 -74.9755 1.5935 -0.0002 0.0000 51 lincoln_mkz2017
Cyclist 1.00 1.00 0 0 0 0 0 0 0 0 -1000.00 -1000.00 -1000.00 -1000.00 1.9709 0.6705 1.7250 89.1289 2.0589 -220.5014 -1.2653 0.0033 -0.0010 52 diamondback_century
Cyclist 0.00 1.00 0 0 0 0 0 0 0 0 1386.46 360.55 1403.13 375.86 1.9311 0.5921 1.9272 72.0581 2.0038 -57.9385 -3.1225 -0.0024 -0.0006 53 gazelle_omafiets
Car 1.00 1.00 12 10 15 153 0 0 5 0 -1000.00 -1000.00 -1000.00 -1000.00 1.7173 2.2591 5.2781 12.9874 2.0385 85.7507 -3.1302 -0.0071 -0.0002 54 mercedes_benz_coupe
Car 0.00 1.00 0 0 0 2 0 0 0 0 890.33 361.45 898.08 365.90 1.5542 2.3421 5.1370 198.7090 2.0769 21.2080 -3.1032 0.0000 -0.0000 55 lincoln2020_mkz2020
Car 0.00 1.00 0 0 0 0 0 0 0 0 960.26 360.64 972.15 364.92 1.7506 2.3538 4.8416 230.2564 2.0204 -4.7923 1.5911 -0.0019 -0.0000 56 bmw_grandtourer
Car 0.00 0.40 74 83 131 7024 0 0 7 11 543.28 372.00 620.03 397.90 1.4546 2.0938 4.3903 31.7594 2.0861 18.5818 -3.1293 -0.0000 -0.0000 57 audi_tt
Car 1.00 1.00 0 0 0 0 0 0 0 0 -1000.00 -1000.00 -1000.00 -1000.00 1.7173 2.2591 5.2781 88.7698 2.0994 -199.6068 -1.5282 -0.0071 -0.0003 58 mercedes_benz_coupe
Car 0.00 0.92 19 14 25 118 0 0 0 9 871.16 363.04 904.30 372.58 1.5542 2.3421 5.1370 94.0026 2.0788 9.8860 1.0490 -0.0034 -0.0100 59 lincoln2020_mkz2020
Car 1.00 1.00 53 50 82 630 0 0 137 0 -1000.00 -1000.00 -1000.00 -1000.00 2.1397 2.1728 4.7045 1.5036 2.0434 74.9706 0.0200 -0.0002 0.0017 60 volkswagen_t2
Car 0.00 1.00 0 0 0 0 0 0 0 0 527.82 361.03 549.61 366.80 1.7506 2.3538 4.8416 171.2580 2.0731 127.1200 -1.5182 -0.0011 -0.0002 61 bmw_grandtourer
Car 0.00 1.00 0 2 2 2 0 0 0 0 880.65 361.27 889.15 366.02 1.6320 2.1403 5.2230 196.7667 2.0917 24.2650 3.1117 -0.0043 -0.0000 62 dodge_charger_police
Car 0.00 1.00 0 0 0 0 0 0 0 0 1206.55 361.65 1226.26 370.37 1.6980 1.9434 4.1871 111.8604 2.0341 -53.4731 -3.1230 -0.0000 -0.0000 63 citroen_c3
Car 0.00 0.97 1 5 5 45 0 0 0 2 839.40 362.92 855.61 370.60 1.4812 2.1349 5.6254 112.9161 2.0860 20.4269 -3.1407 0.0001 -0.0000 64 chevrolet_impala
Car 0.00 1.00 0 0 0 0 0 0 0 0 1427.07 363.10 1472.53 374.30 1.6115 2.2019 5.2564 82.9497 2.0818 -74.5997 -1.4085 -0.0019 -0.0013 65 charger2020_charger2020
Car 1.00 1.00 0 0 0 0 0 0 0 0 -1000.00 -1000.00 -1000.00 -1000.00 1.3660 1.9896 4.9534 63.7725 2.0750 156.6197 0.0266 -0.0000 -0.0000 66 mustang_mustang
Motorcycle 1.00 1.00 7 8 11 54 0 0 1 0 -1000.00 -1000.00 -1000.00 -1000.00 1.5852 1.1236 2.1350 -19.3643 1.9875 74.9516 -0.0125 -0.0001 -0.0000 67 kawasaki_ninja
Car 0.00 1.00 0 0 0 0 0 0 0 0 1428.64 361.59 1445.97 366.30 1.5488 2.0688 3.9961 185.1603 2.0817 -160.7869 1.5852 0.0003 0.0000 68 mini_cooperst
Car 1.00 1.00 0 0 0 0 0 0 0 0 -1000.00 -1000.00 -1000.00 -1000.00 1.5542 2.3421 5.1370 88.0901 2.0819 -212.0555 0.0495 -0.0001 -0.0003 69 lincoln2020_mkz2020
Car 0.00 1.00 0 0 0 0 0 0 0 0 1729.20 360.75 1775.32 374.19 1.9718 2.0005 4.0595 83.5512 2.0862 -120.1490 -1.5568 -0.0004 -0.0001 70 jeep_wrangler_rubicon
Car 0.00 1.00 0 0 0 0 0 0 0 0 1132.85 360.99 1145.21 366.75 1.7506 2.3538 4.8416 172.7110 2.0661 -57.7045 2.5397 -0.0029 0.0023 71 bmw_grandtourer
Car 1.00 1.00 0 0 0 0 0 0 0 0 -1000.00 -1000.00 -1000.00 -1000.00 2.2031 2.5091 6.5872 52.5006 2.0914 167.0831 -3.1115 0.0011 0.0000 72 tesla_cybertruck
Car 1.00 1.00 0 0 0 0 0 0 0 0 -1000.00 -1000.00 -1000.00 -1000.00 1.6244 1.8781 3.8906 -99.3818 -6.6271 43.0184 1.4505 -0.0158 -0.0082 73 audi_a2
Car 0.00 1.00 0 0 0 0 0 0 0 0 747.08 361.10 766.65 366.53 1.7203 2.2019 5.4994 178.7990 2.0807 62.8885 1.6453 -0.0011 0.0005 74 chargercop2020_chargercop2020
Car 1.00 1.00 0 0 0 0 0 0 0 0 -1000.00 -1000.00 -1000.00 -1000.00 1.6320 2.1403 5.2230 34.8463 2.0995 -313.1964 0.0196 -0.0034 -0.0005 75 dodge_charger_police
Car 1.00 1.00 1077 1175 1898 21630 0 0 284 0 -1000.00 -1000.00 -1000.00 -1000.00 1.5140 2.1024 4.9073 3.4401 2.0789 10.3740 1.5848 0.0000 -0.0000 76 mercedesccc_mercedesccc
Car 0.00 1.00 0 2 2 6 0 0 0 0 893.20 361.21 899.25 365.70 1.6244 1.8781 3.8906 204.9049 2.0759 21.2071 -3.1143 -0.0005 -0.0011 77 audi_a2
Car 0.00 1.00 0 0 0 0 0 0 0 0 1680.79 362.88 1722.06 373.57 1.6244 1.8781 3.8906 87.0601 2.0797 -117.2800 -1.5709 -0.0004 -0.0011 78 audi_a2
Car 0.00 1.00 0 0 0 0 0 0 0 0 925.41 360.68 938.66 364.91 1.7203 2.2019 5.4994 233.5374 2.0285 9.4704 1.6029 0.0072 -0.0001 79 chargercop2020_chargercop2020
Car 0.00 1.00 0 0 0 0 0 0 0 0 1501.71 359.75 1519.39 365.06 2.1397 2.1728 4.7045 230.5216 2.0576 -230.1482 1.1741 -0.0002 0.0091 80 volkswagen_t2
Car 0.00 1.00 0 0 0 0 0 0 0 0 1091.68 361.84 1104.43 365.81 1.3660 1.9896 4.9534 196.5569 2.0230 -50.9174 -2.8102 -0.0000 0.0000 81 mustang_mustang
Car 0.00 0.99 0 0 0 70 0 0 0 0 809.65 362.30 849.07 374.64 1.7203 2.2019 5.4994 81.5225 2.0825 16.6808 2.5375 -0.0010 0.0119 82 chargercop2020_chargercop2020
Car 0.00 1.00 0 0 0 0 0 0 0 0 1190.00 360.89 1199.34 364.14 1.6244 1.8781 3.8906 279.4484 2.0719 -120.1124 -1.5481 0.0004 -0.0011 83 audi_a2
Car 0.00 0.74 22 32 51 2519 0 0 8 1 438.11 369.00 523.88 400.96 1.6244 1.8781 3.8906 29.3645 2.0772 22.0961 -3.1278 -0.0005 -0.0011 84 audi_a2
Car 0.00 1.00 0 0 0 0 0 0 0 0 482.98 363.31 514.22 370.70 1.3660 1.9896 4.9534 108.2020 2.0206 86.9018 -3.1199 0.0002 -0.0000 85 mustang_mustang
Car 1.00 1.00 0 0 0 0 0 0 0 0 -1000.00 -1000.00 -1000.00 -1000.00 1.6244 1.8781 3.8906 -112.9375 -6.6641 48.1557 -1.7429 0.0106 0.0014 86 audi_a2
Car 0.00 1.00 0 0 0 0 0 0 0 0 1328.26 360.30 1340.33 365.55 1.9718 2.0005 4.0595 211.3333 2.0855 -144.2352 -0.0567 0.0003 -0.0001 87 jeep_wrangler_rubicon
Car 1.00 1.00 0 0 0 0 0 0 0 0 -1000.00 -1000.00 -1000.00 -1000.00 1.9718 2.0005 4.0595 -115.1752 2.0887 -156.5449 -1.5784 -0.0014 -0.0036 88 jeep_wrangler_rubicon
Car 1.00 1.00 0 3 3 0 0 0 0 0 -1000.00 -1000.00 -1000.00 -1000.00 1.3660 1.9896 4.9534 -49.5134 -7.6020 109.9638 0.4295 -0.0079 -0.0003 89 mustang_mustang
Motorcycle 1.00 1.00 9 10 16 59 0 0 0 0 -1000.00 -1000.00 -1000.00 -1000.00 1.6649 1.0692 2.4735 -11.3164 2.0187 -66.1820 -0.1816 0.0086 -0.0029 90 harley_davidson_low_rider
Car 0.00 1.00 0 0 0 0 0 0 0 0 1252.05 360.99 1257.45 364.05 1.5475 1.9070 4.4025 290.6426 2.0834 -156.2368 2.7877 -0.0037 -0.0060 91 seat_leon
Motorcycle 1.00 1.00 0 0 0 0 0 0 0 0 -1000.00 -1000.00 -1000.00 -1000.00 1.6387 1.2138 2.3199 14.4145 2.0328 82.2654 -3.1350 -0.0002 -0.0000 92 yamaha_yzf
Cyclist 1.00 1.00 0 0 0 0 0 0 0 0 -1000.00 -1000.00 -1000.00 -1000.00 1.9311 0.5921 1.9272 -29.3960 2.0255 -252.3817 -0.7333 -0.0034 -0.0005 93 gazelle_omafiets
Car 1.00 1.00 0 0 0 0 0 0 0 0 -1000.00 -1000.00 -1000.00 -1000.00 1.5140 2.1024 4.9073 88.7950 2.0824 -207.1556 -1.5367 -0.0000 -0.0000 94 mercedesccc_mercedesccc
Car 0.00 1.00 0 0 0 0 0 0 0 0 1119.99 361.93 1131.38 366.95 1.4546 2.0938 4.3903 168.6311 2.0595 -52.3054 -3.1375 -0.0159 0.0012 95 audi_tt
Car 1.00 1.00 0 2 7 27 4 0 0 0 -1000.00 -1000.00 -1000.00 -1000.00 2.1397 2.1728 4.7045 18.7504 2.0959 -137.6343 -3.1218 -0.0000 -0.0000 96 volkswagen_t2
Car 1.00 1.00 0 2 0 0 0 0 0 0 -1000.00 -1000.00 -1000.00 -1000.00 1.5140 2.1024 4.9073 -16.5183 2.0822 -141.3454 0.0136 0.0001 -0.0000 97 mercedesccc_mercedesccc
Car 0.00 1.00 0 0 0 0 0 0 0 0 75.79 363.07 132.72 371.26 1.4812 2.1349 5.6254 106.5634 2.0844 160.5485 -0.0067 -0.0024 0.0000 98 chevrolet_impala
Car 1.00 1.00 18 27 35 362 0 0 6 0 -1000.00 -1000.00 -1000.00 -1000.00 1.5765 1.9374 3.8150 -16.1596 2.0058 78.3900 -0.0006 0.0109 -0.0000 99 nissan_micra
Motorcycle 0.00 0.10 43 51 75 4425 0 0 18 6 322.36 375.00 390.00 421.00 1.5853 1.1236 2.1350 19.9919 2.0439 18.3916 -3.1285 -0.0002 -0.0000 100 kawasaki_ninja
Car 0.00 1.00 0 0 0 0 0 0 0 0 1321.72 360.33 1335.78 365.71 1.9476 2.0282 4.8347 204.2488 2.0697 -137.4086 3.1154 -0.0003 -0.0000 101 nissan_patrol
Car 1.00 1.00 0 0 0 0 0 0 0 0 -1000.00 -1000.00 -1000.00 -1000.00 2.1397 2.1728 4.7045 -103.0547 -5.5092 -22.6352 1.6381 -0.0706 -0.0069 102 volkswagen_t2
Car 1.00 1.00 0 2 3 6 1 0 0 0 -1000.00 -1000.00 -1000.00 -1000.00 1.3660 1.9896 4.9534 -4.0171 2.0825 -173.1027 -1.4424 -0.0002 0.0006 103 mustang_mustang
Car 1.00 1.00 48 47 62 394 8 0 0 0 -1000.00 -1000.00 -1000.00 -1000.00 1.5627 2.2716 5.0314 -21.6479 2.0310 -62.4151 -0.0506 -0.0000 -0.0000 104 tesla_model3
Car 0.00 1.00 0 1 0 6 0 0 0 0 887.63 361.75 897.87 367.19 1.5542 2.3421 5.1370 163.6665 2.0772 17.4689 -0.0078 0.0000 -0.0000 105 lincoln2020_mkz2020
Car 0.00 1.00 0 0 0 0 0 0 0 0 943.32 361.67 959.93 366.77 1.5627 2.2716 5.0314 172.7861 2.0837 0.3703 -1.5023 -0.0003 -0.0002 106 tesla_model3
Car 1.00 1.00 0 0 0 0 0 0 0 0 -1000.00 -1000.00 -1000.00 -1000.00 1.5765 1.9374 3.8150 88.7819 2.0700 -193.4916 -1.5060 0.0010 0.0001 107 nissan_micra
Cyclist 1.00 1.00 0 0 0 0 0 0 0 0 -1000.00 -1000.00 -1000.00 -1000.00 1.9311 0.5921 1.9272 85.7468 2.0616 -179.1964 -1.9855 -0.0048 -0.0093 108 gazelle_omafiets
Cyclist 1.00 1.00 0 0 0 0 0 0 0 0 -1000.00 -1000.00 -1000.00 -1000.00 1.9311 0.5921 1.9272 -2.2744 -7.8888 134.4550 3.1405 -0.0009 0.0000 109 gazelle_omafiets
Car 0.00 1.00 0 0 0 0 0 0 0 0 1314.66 363.89 1353.76 374.13 1.4546 2.0938 4.3903 84.1511 2.0565 -58.3115 0.5824 -0.0004 0.0007 110 audi_tt
Car 1.00 1.00 0 0 0 0 0 0 0 0 -1000.00 -1000.00 -1000.00 -1000.00 1.9476 2.0282 4.8347 88.4278 2.0724 -170.5147 -1.5708 -0.0043 -0.0000 111 nissan_patrol
Car 0.00 1.00 0 0 0 0 0 0 0 0 1243.02 363.04 1267.00 371.16 1.4546 2.0938 4.3903 104.1687 2.0317 -57.0872 -3.1319 -0.0000 -0.0000 112 audi_tt
Car 0.00 1.00 0 0 0 0 0 0 0 0 327.82 361.16 357.35 367.69 1.7506 2.3538 4.8416 152.4345 2.0718 166.3631 2.8562 -0.0001 0.0032 113 bmw_grandtourer
Car 0.00 1.00 0 0 0 0 0 0 0 0 1336.57 360.35 1353.68 366.58 1.9718 2.0005 4.0595 177.7743 2.0856 -125.0328 -1.5779 -0.0003 -0.0001 114 jeep_wrangler_rubicon
Motorcycle 1.00 1.00 0 0 0 0 0 0 0 0 -1000.00 -1000.00 -1000.00 -1000.00 1.6387 1.2138 2.3199 25.2200 2.0327 82.3629 -3.1287 -0.0001 0.0000 115 yamaha_yzf
Car 0.00 0.99 0 1 1 15 0 0 0 0 836.59 361.09 854.66 366.39 1.7203 2.2019 5.4994 182.6895 2.0810 35.2277 1.5981 -0.0005 0.0006 116 chargercop2020_chargercop2020
Car 0.00 1.00 0 0 0 0 0 0 0 0 620.26 362.67 657.16 374.67 1.6980 1.9434 4.1871 80.9043 2.0877 44.0256 -1.5635 -0.0000 -0.0000 117 citroen_c3
Car 1.00 1.00 0 0 0 0 0 0 0 0 -1000.00 -1000.00 -1000.00 -1000.00 1.5542 2.3421 5.1370 -104.2662 2.0827 -169.7133 1.6326 0.0021 -0.0023 118 lincoln2020_mkz2020
Car 0.00 1.00 0 0 0 0 0 0 0 0 1082.19 356.46 1124.59 374.74 2.5908 2.7453 5.4640 81.9401 2.0992 -23.1267 -1.5717 0.0057 0.0004 119 carlamotors_carlacola
Car 0.00 0.13 75 94 141 788 0 0 0 14 614.44 367.86 666.24 391.15 1.5765 1.9374 3.8150 37.3994 2.0663 18.6721 -3.1325 -0.0000 -0.0000 120 nissan_micra
Car 0.00 1.00 0 0 0 0 0 0 0 0 1204.79 361.28 1210.18 364.25 1.4477 1.5550 2.3177 275.1212 2.0868 -124.6156 -1.9185 -0.0058 -0.0000 121 bmw_isetta
Car 1.00 1.00 0 0 0 0 0 0 0 0 -1000.00 -1000.00 -1000.00 -1000.00 1.7173 2.2591 5.2781 57.3938 2.0920 160.0042 0.0178 -0.0070 -0.0002 122 mercedes_benz_coupe
Car 1.00 1.00 0 8 13 43 8 0 0 0 -1000.00 -1000.00 -1000.00 -1000.00 1.7173 2.2591 5.2781 -5.3850 2.0987 -132.8636 -1.5568 -0.0071 -0.0002 123 mercedes_benz_coupe
Car 0.00 1.00 0 0 0 0 0 0 0 0 296.96 363.14 338.15 374.01 1.5765 1.9374 3.8150 83.6792 2.0579 93.5194 -1.5401 -0.0049 0.0004 124 nissan_micra
Car 1.00 1.00 0 0 0 0 0 0 0 0 -1000.00 -1000.00 -1000.00 -1000.00 1.6115 2.2019 5.2564 -28.4017 2.0270 -62.0531 -0.1550 0.0013 0.0009 125 charger2020_charger2020
Car 1.00 1.00 0 0 0 0 0 0 0 0 -1000.00 -1000.00 -1000.00 -1000.00 1.9476 2.0282 4.8347 63.8534 2.0645 160.1993 0.0050 -0.0003 -0.0000 126 nissan_patrol
Car 1.00 1.00 0 0 0 0 0 0 0 0 -1000.00 -1000.00 -1000.00 -1000.00 1.5140 2.1024 4.9073 -75.4968 -7.2956 92.0681 0.8033 -0.0113 -0.0006 127 mercedesccc_mercedesccc
Car 0.00 1.00 0 0 0 0 0 0 0 0 944.27 341.28 954.52 344.80 1.7173 2.2591 5.2781 288.3789 -7.9309 3.2524 1.5810 -0.0074 -0.0002 128 mercedes_benz_coupe
Car 0.00 0.98 0 2 6 16 0 0 0 0 878.21 361.94 892.58 366.97 1.4812 2.1349 5.6254 167.6297 2.0863 20.1567 2.8483 -0.0013 0.0100 129 chevrolet_impala
Car 1.00 1.00 0 0 0 0 0 0 0 0 -1000.00 -1000.00 -1000.00 -1000.00 2.1397 2.1728 4.7045 -100.9646 2.0974 -162.5057 1.5919 -0.0000 -0.0000 130 volkswagen_t2
Car 0.83 1.00 0 0 0 0 0 0 0 0 0.00 362.73 5.20 373.00 1.6244 1.8781 3.8906 90.7002 2.0746 154.7644 1.2267 -0.0019 -0.0055 131 audi_a2
Car 1.00 1.00 0 0 0 0 0 0 0 0 -1000.00 -1000.00 -1000.00 -1000.00 1.9476 2.0282 4.8347 51.8869 2.0716 -140.4005 0.0272 -0.0029 -0.0004 132 nissan_patrol
Car 0.00 1.00 0 0 0 0 0 0 0 0 1345.18 360.57 1384.51 372.92 1.9476 2.0282 4.8347 89.6886 2.0425 -66.9610 1.5881 -0.0009 -0.0001 133 nissan_patrol
Car 1.00 1.00 0 0 0 0 0 0 0 0 -1000.00 -1000.00 -1000.00 -1000.00 1.9476 2.0282 4.8347 -114.1659 -6.5553 36.8914 -1.6295 0.0102 0.0036 134 nissan_patrol
Car 1.00 1.00 11 11 16 69 26 0 0 0 -1000.00 -1000.00 -1000.00 -1000.00 1.7506 2.3538 4.8416 -1.9444 2.0792 -118.1031 -1.5623 -0.0000 -0.0000 135 bmw_grandtourer
Car 0.00 1.00 0 0 0 0 0 0 0 0 1213.08 360.31 1233.70 369.89 1.9476 2.0282 4.8347 116.2669 2.0133 -56.9546 3.1315 -0.0003 -0.0000 136 nissan_patrol
Car 1.00 1.00 130 133 215 846 61 0 0 0 -1000.00 -1000.00 -1000.00 -1000.00 1.7203 2.2019 5.4994 -2.9973 2.0842 -37.3394 -1.5423 -0.0001 0.0006 137 chargercop2020_chargercop2020
Car 0.00 1.00 0 0 0 0 0 0 0 0 1278.73 356.64 1314.20 373.48 2.5908 2.7453 5.4640 89.0082 2.0752 -55.6563 -0.9859 -0.0004 -0.0001 138 carlamotors_carlacola
Car 0.00 1.00 0 0 0 0 0 0 0 0 567.25 361.58 589.00 366.82 1.5863 2.2347 5.1468 171.3053 2.0779 115.0527 -1.5742 -0.0008 0.0000 139 lincoln_mkz2017
Car 0.00 1.00 0 0 0 0 0 0 0 0 348.55 360.58 387.05 375.12 1.9718 2.0005 4.0595 78.8152 2.0588 80.7881 0.3224 -0.0013 0.0009 140 jeep_wrangler_rubicon
Car 0.00 1.00 0 0 0 0 0 0 0 0 473.26 362.26 506.69 371.36 1.6011 2.1072 4.7392 102.0981 2.0230 83.3927 -3.1318 -0.0000 -0.0000 141 toyota_prius
Car 0.00 1.00 0 0 0 0 0 0 0 0 626.30 361.14 646.57 366.71 1.7318 2.1344 5.0985 175.0537 2.0921 99.3272 -1.5437 -0.0000 -0.0000 142 audi_etron
Car 0.00 1.00 0 0 0 0 0 0 0 0 1287.12 359.74 1302.59 365.13 2.2031 2.5091 6.5872 230.9963 2.0970 -141.1252 -0.0134 0.0000 -0.0000 143 tesla_cybertruck
Car 0.00 1.00 0 0 0 0 0 0 0 0 701.46 361.25 712.44 365.91 1.5765 1.9374 3.8150 191.2332 2.0082 84.5773 3.1100 0.0001 -0.0000 144 nissan_micra
Car 0.00 1.00 0 0 0 0 0 0 0 0 1219.93 362.98 1242.64 370.96 1.4546 2.0938 4.3903 106.0224 2.0316 -53.5832 -3.1237 -0.0000 -0.0000 145 audi_tt
Car 0.00 1.00 0 0 0 0 0 0 0 0 1632.11 361.32 1654.96 365.25 1.4812 2.1349 5.6254 230.7487 2.0922 -285.4696 -2.6601 -0.0011 -0.0198 146 chevrolet_impala
Car 0.00 1.00 0 0 0 0 0 0 0 0 649.44 333.54 668.65 340.06 2.2031 2.5091 6.5872 216.8116 -7.9100 114.8839 -0.3361 -0.0002 -0.0068 147 tesla_cybertruck
Car 1.00 1.00 0 0 0 0 0 0 0 0 -1000.00 -1000.00 -1000.00 -1000.00 1.9718 2.0005 4.0595 85.0205 2.0877 -191.4497 -1.5648 -0.0004 -0.0001 148 jeep_wrangler_rubicon
Car 0.00 1.00 0 0 0 0 0 0 0 0 1308.88 361.76 1321.64 365.25 1.3660 1.9896 4.9534 223.1674 2.0802 -144.5895 -0.0136 -0.0000 -0.0000 149 mustang_mustang
Car 0.00 1.00 0 0 0 0 0 0 0 0 1096.40 361.80 1109.41 365.70 1.3660 1.9896 4.9534 200.2469 2.0230 -53.5813 -2.7623 -0.0000 -0.0000 150 mustang_mustang
Car 1.00 1.00 0 0 0 0 0 0 0 0 -1000.00 -1000.00 -1000.00 -1000.00 2.5908 2.7453 5.4640 -85.4139 2.1077 -138.7544 -3.1271 -0.0000 -0.0000 151 carlamotors_carlacola
Car 0.00 1.00 0 0 0 0 0 0 0 0 287.20 363.44 353.82 377.18 1.5863 2.2347 5.1468 68.9192 2.0237 75.9285 0.0053 0.0000 -0.0000 152 lincoln_mkz2017
Car 0.00 1.00 0 0 0 0 0 0 0 0 643.28 336.93 657.69 341.54 1.7506 2.3538 4.8416 236.3844 -7.9309 129.1656 2.6582 0.0005 0.0006 153 bmw_grandtourer
Cyclist 0.00 1.00 0 0 0 0 0 0 0 0 822.88 360.48 828.47 370.69 1.9709 0.6705 1.7250 109.0476 2.0658 23.9283 -3.1369 0.0044 0.0000 154 diamondback_century
Cyclist 1.00 1.00 0 0 0 0 0 0 0 0 -1000.00 -1000.00 -1000.00 -1000.00 1.9311 0.5921 1.9272 92.9340 2.0615 -215.8097 1.5906 -0.0041 0.0001 155 gazelle_omafiets
Motorcycle 0.00 1.00 0 0 0 0 0 0 0 0 444.53 362.01 466.61 372.52 1.6960 1.0692 2.4735 92.5177 2.0343 80.9988 -0.4822 0.0028 0.0007 156 harley_davidson_low_rider
Car 0.00 1.00 0 0 0 0 0 0 0 0 1172.47 359.87 1183.05 364.00 2.1397 2.1728 4.7045 293.4919 2.0867 -117.1268 1.5996 -0.0064 -0.0004 157 volkswagen_t2
Car 1.00 1.00 0 0 0 0 0 0 0 0 -1000.00 -1000.00 -1000.00 -1000.00 1.5488 2.0688 3.9961 -64.4262 -7.4474 101.4159 0.6349 -0.0096 -0.0003 158 mini_cooperst
Cyclist 0.00 1.00 0 0 0 0 0 0 0 0 735.58 360.35 742.40 366.45 1.9311 0.5921 1.9272 178.7483 2.0553 68.6318 1.5885 -0.0108 -0.0000 159 gazelle_omafiets
Car 0.00 1.00 0 0 0 0 0 0 0 0 1338.06 361.94 1360.85 366.74 1.4812 2.1349 5.6254 173.8901 2.0886 -123.6785 -1.5612 -0.0000 -0.0000 160 chevrolet_impala
Car 1.00 1.00 0 0 0 0 0 0 0 0 -1000.00 -1000.00 -1000.00 -1000.00 1.7173 2.2591 5.2781 -119.7109 0.2189 -75.2454 -1.5569 0.1086 -0.0002 161 mercedes_benz_coupe
Car 1.00 1.00 0 0 0 0 0 0 0 0 -1000.00 -1000.00 -1000.00 -1000.00 1.9718 2.0005 4.0595 93.1147 2.0877 -204.7921 -3.1211 -0.0004 -0.0000 162 jeep_wrangler_rubicon
Car 0.00 1.00 0 0 0 0 0 0 0 0 1434.61 362.21 1491.71 377.74 1.7506 2.3538 4.8416 66.6179 2.0219 -61.6534 0.0026 0.0001 -0.0000 163 bmw_grandtourer
Car 1.00 1.00 11 19 23 240 0 0 3 0 -1000.00 -1000.00 -1000.00 -1000.00 1.6115 2.2019 5.2564 -23.3443 2.0236 81.9157 -3.1107 -0.0013 0.0006 164 charger2020_charger2020
Car 1.00 1.00 72 91 143 561 31 0 0 0 -1000.00 -1000.00 -1000.00 -1000.00 1.6244 1.8781 3.8906 -6.4139 2.0789 -42.2474 -1.5416 -0.0005 -0.0011 165 audi_a2
Car 1.00 1.00 0 0 0 0 0 0 0 0 -1000.00 -1000.00 -1000.00 -1000.00 1.5475 1.9070 4.4025 -92.7684 2.0862 -255.5664 2.0589 -0.0002 -0.0092 166 seat_leon
Car 0.00 1.00 0 0 0 0 0 0 0 0 1035.32 345.88 1043.69 349.98 1.5765 1.9374 3.8150 282.5015 -5.3423 -42.7049 -1.5790 0.1278 -0.0029 167 nissan_micra
Car 1.00 1.00 0 0 0 0 0 0 0 0 -1000.00 -1000.00 -1000.00 -1000.00 1.5863 2.2347 5.1468 -22.1951 2.0845 -144.8686 0.0097 0.0000 -0.0000 168 lincoln_mkz2017
Car 0.00 1.00 0 0 0 0 0 0 0 0 1226.31 361.35 1250.85 370.50 1.7506 2.3538 4.8416 110.1779 2.0216 -57.0441 -3.1289 -0.0000 -0.0000 169 bmw_grandtourer
Car 0.00 0.02 201 221 362 15667 0 0 31 33 412.88 374.00 551.00 409.56 1.4812 2.1349 5.6254 25.4370 2.0868 18.3868 -3.1281 -0.0000 -0.0000 170 chevrolet_impala
Car 0.00 1.00 0 0 0 0 0 0 0 0 819.16 361.90 838.60 366.66 1.4812 2.1349 5.6254 175.7059 2.0851 39.0634 -1.5649 -0.0000 -0.0000 171 chevrolet_impala
Car 1.00 1.00 9 11 19 130 0 0 12 0 -1000.00 -1000.00 -1000.00 -1000.00 1.6011 2.1072 4.7392 -4.5326 2.0790 98.0230 -1.5509 -0.0000 -0.0000 172 toyota_prius
Car 0.00 1.00 0 0 0 0 0 0 0 0 941.04 360.98 954.10 364.93 1.6115 2.2019 5.2564 230.1087 2.0235 2.9095 1.6614 -0.0020 0.0006 173 charger2020_charger2020
Car 0.00 1.00 0 0 0 0 0 0 0 0 1301.09 361.32 1312.64 365.25 1.5475 1.9070 4.4025 223.0164 2.0814 -141.1368 -0.0107 0.0000 -0.0000 174 seat_leon
Car 0.00 1.00 0 0 0 0 0 0 0 0 1610.17 357.50 1657.22 370.86 2.5908 2.7453 5.4640 111.3108 2.1062 -136.1634 3.1299 0.0000 -0.0000 175 carlamotors_carlacola
Car 0.00 1.00 0 0 0 0 0 0 0 0 442.20 363.11 483.96 372.26 1.4812 2.1349 5.6254 96.3441 2.0389 83.0986 -3.1398 0.0063 0.0000 176 chevrolet_impala
Car 1.00 1.00 0 0 0 0 0 0 0 0 -1000.00 -1000.00 -1000.00 -1000.00 1.9718 2.0005 4.0595 -71.8567 2.0867 -142.3891 0.0262 0.0030 0.0001 177 jeep_wrangler_rubicon
Car 0.00 1.00 0 0 0 0 0 0 0 0 1044.21 347.69 1053.14 351.94 1.6980 1.9434 4.1871 292.8687 -4.5160 -48.8177 1.5941 -0.1262 -0.0014 178 citroen_c3
Car 0.00 0.91 32 40 61 283 0 0 0 11 738.37 364.82 771.08 380.24 1.5488 2.0688 3.9961 59.9838 2.0789 19.5323 -3.1202 0.0003 0.0000 179 mini_cooperst
Motorcycle 0.00 1.00 0 0 0 0 0 0 0 0 815.81 361.95 824.77 371.17 1.6960 1.0692 2.4735 104.9220 2.0672 23.9341 -3.1330 0.0029 0.0001 180 harley_davidson_low_rider
Car 0.00 1.00 0 0 0 0 0 0 0 0 696.19 361.94 705.87 366.61 1.4477 1.5550 2.3177 175.0652 2.0637 79.0694 -1.5559 -0.0033 0.0001 181 bmw_isetta
Cyclist 0.00 0.59 9 11 15 833 0 0 2 1 537.77 365.65 559.83 395.30 1.7065 0.8593 1.4873 34.0814 2.0360 22.2066 -3.1174 -0.0000 0.0000 182 bh_crossbike
Car 1.00 1.00 0 0 0 0 0 0 0 0 -1000.00 -1000.00 -1000.00 -1000.00 1.6011 2.1072 4.7392 -115.2569 2.0856 -174.9175 -1.5597 -0.0004 0.0000 183 toyota_prius
Car 1.00 1.00 0 0 0 0 0 0 0 0 -1000.00 -1000.00 -1000.00 -1000.00 1.5488 2.0688 3.9961 101.3437 2.0834 -208.2429 -3.0917 -0.0000 -0.0000 184 mini_cooperst
Car 1.00 1.00 0 0 0 0 0 0 0 0 -1000.00 -1000.00 -1000.00 -1000.00 1.6980 1.9434 4.1871 94.1307 2.0948 -297.7619 -3.1241 -0.0003 0.0001 185 citroen_c3
Car 1.00 1.00 6 8 17 119 0 0 3 0 -1000.00 -1000.00 -1000.00 -1000.00 1.5765 1.9374 3.8150 -8.2403 2.0650 96.9448 -1.5434 -0.0000 -0.0000 186 nissan_micra
Car 0.00 0.00 77 76 126 619 0 0 0 9 655.08 364.02 705.24 389.08 1.7506 2.3538 4.8416 43.2254 2.0759 18.9423 -2.9071 0.0001 -0.0000 187 bmw_grandtourer
Car 0.00 1.00 0 0 0 0 0 0 0 0 1035.36 361.20 1046.83 365.20 1.5488 2.0688 3.9961 218.7132 2.0231 -34.0893 -2.0500 0.0000 -0.0002 188 mini_cooperst
Car 0.00 1.00 0 0 0 0 0 0 0 0 1249.88 361.11 1258.64 364.43 1.5488 2.0688 3.9961 263.6144 2.0807 -141.6299 -0.0127 0.0000 -0.0000 189 mini_cooperst
Car 0.00 1.00 0 0 0 0 0 0 0 0 619.89 361.54 639.44 366.81 1.6011 2.1072 4.7392 171.2872 2.0776 99.2113 -1.5566 -0.0001 -0.0000 190 toyota_prius
Car 1.00 1.00 4 5 9 112 0 0 0 0 -1000.00 -1000.00 -1000.00 -1000.00 1.3660 1.9896 4.9534 -25.1269 2.0219 78.3750 0.0098 0.0001 -0.0000 191 mustang_mustang
Car 0.00 1.00 0 0 0 0 0 0 0 0 1173.49 360.20 1184.06 363.89 1.9476 2.0282 4.8347 297.1325 2.0620 -119.1024 1.5864 -0.0039 -0.0000 192 nissan_patrol
Pedestrian 0.00 1.00 0 0 0 0 0 0 0 0 1507.40 359.97 1509.66 363.77 1.9158 0.4880 0.7507 280.9975 1.9000 -279.3098 -2.2148 -0.0000 -0.0000 193 pedestrian_0019
Pedestrian 1.00 1.00 0 3 5 13 4 0 0 0 -1000.00 -1000.00 -1000.00 -1000.00 1.1330 0.4333 0.6667 4.5161 2.0373 -72.5327 3.0427 -0.0000 -0.0000 194 pedestrian_0010
Pedestrian 0.00 0.99 0 0 1 2 0 0 0 0 860.27 360.00 862.28 364.53 1.9158 0.4880 0.7290 236.0278 1.9174 39.6159 -1.6900 -0.0000 -0.0000 195 pedestrian_0005
Pedestrian 1.00 1.00 0 0 0 0 0 0 0 0 -1000.00 -1000.00 -1000.00 -1000.00 1.9158 0.4880 0.6073 37.5687 1.8909 169.9029 -3.1255 -0.0000 -0.0000 196 pedestrian_0003
Pedestrian 1.00 1.00 0 0 0 0 0 0 0 0 -1000.00 -1000.00 -1000.00 -1000.00 1.9158 0.4880 0.5298 61.8686 -8.1076 109.7372 -0.0690 -0.0000 -0.0000 197 pedestrian_0021
Pedestrian 1.00 1.00 0 0 0 0 0 0 0 0 -1000.00 -1000.00 -1000.00 -1000.00 1.9158 0.4880 0.7507 -73.2207 1.9019 -307.3182 -0.6065 -0.0000 -0.0000 198 pedestrian_0003
Pedestrian 0.00 1.00 0 0 0 0 0 0 0 0 1345.12 359.97 1346.59 363.46 1.9158 0.4880 0.4609 305.0506 1.8989 -213.8864 1.6004 -0.0000 -0.0000 199 pedestrian_0004
Pedestrian 1.00 1.00 4 3 2 14 2 0 0 0 -1000.00 -1000.00 -1000.00 -1000.00 1.9158 0.4880 0.3754 -10.5693 1.8615 -69.1796 2.4681 -0.0000 -0.0000 200 pedestrian_0022
Pedestrian 0.00 1.00 0 0 0 0 0 0 0 0 1296.73 361.63 1298.68 365.60 1.3390 0.3253 0.4635 187.9279 1.8875 -116.1128 -1.6116 -0.0000 -0.0000 201 pedestrian_0014
Pedestrian 0.00 1.00 0 0 0 0 0 0 0 0 906.22 359.88 909.23 370.63 1.9158 0.4880 0.4465 100.0296 1.8942 7.0961 -0.0209 -0.0000 -0.0000 202 pedestrian_0022
Pedestrian 1.00 1.00 0 0 0 0 0 0 0 0 -1000.00 -1000.00 -1000.00 -1000.00 1.9158 0.4880 0.5865 83.0137 1.8884 -223.1578 -1.5465 -0.0000 -0.0000 203 pedestrian_0023
Pedestrian 1.00 1.00 0 0 0 0 0 0 0 0 -1000.00 -1000.00 -1000.00 -1000.00 1.3390 0.3253 0.5005 12.4334 1.8317 70.2296 -3.0316 -0.0000 -0.0000 204 pedestrian_0012
Pedestrian 1.00 1.00 0 0 1 7 1 0 0 0 -1000.00 -1000.00 -1000.00 -1000.00 1.9158 0.4880 0.3754 -10.0914 1.8976 -129.7339 0.7755 -0.0000 -0.0000 205 pedestrian_0019
Pedestrian 1.00 1.00 0 0 0 0 0 0 0 0 -1000.00 -1000.00 -1000.00 -1000.00 1.9158 0.4880 0.7338 -56.7213 2.0331 -150.0184 0.0563 -0.0000 -0.0000 206 pedestrian_0005
Pedestrian 1.00 1.00 2 2 4 31 0 0 1 0 -1000.00 -1000.00 -1000.00 -1000.00 1.9158 0.4880 0.6783 -11.6197 1.8927 100.9283 -1.6930 -0.0000 -0.0000 207 pedestrian_0026
Pedestrian 0.00 1.00 0 0 0 0 0 0 0 0 981.18 361.99 994.56 385.83 1.9158 0.4880 0.7507 33.4749 1.8868 -3.8211 2.0632 -0.0000 -0.0000 208 pedestrian_0015
Pedestrian 1.00 1.00 0 0 0 0 0 0 0 0 -1000.00 -1000.00 -1000.00 -1000.00 1.3390 0.3253 0.3368 -125.9020 1.8894 -148.7065 -1.5519 -0.0000 -0.0000 209 pedestrian_0014
Pedestrian 1.00 1.00 0 0 0 0 0 0 0 0 -1000.00 -1000.00 -1000.00 -1000.00 1.9158 0.4880 0.4115 -126.7035 1.8965 -107.5151 -0.3832 -0.0000 -0.0000 210 pedestrian_0016
Pedestrian 0.00 1.00 0 0 0 0 0 0 0 0 1279.84 363.52 1282.17 370.88 1.3390 0.3253 0.2606 102.3185 1.9838 -60.8999 0.6342 -0.0000 -0.0000 211 pedestrian_0012
Pedestrian 1.00 1.00 0 0 0 0 0 0 0 0 -1000.00 -1000.00 -1000.00 -1000.00 1.1330 0.4333 0.3629 -11.0106 2.0388 -138.7811 -0.7578 -0.0000 -0.0000 212 pedestrian_0009
Pedestrian 0.00 1.00 0 0 0 0 0 0 0 0 98.77 364.46 106.81 371.27 1.1330 0.4333 0.6667 93.7603 1.8803 141.1670 -1.5553 -0.0000 -0.0000 213 pedestrian_0010
Pedestrian 1.00 1.00 0 0 0 0 0 0 0 0 -1000.00 -1000.00 -1000.00 -1000.00 1.9158 0.4880 0.7507 -38.2095 1.9018 -322.6930 -0.2459 -0.0000 -0.0000 214 pedestrian_0021
Pedestrian 0.00 1.00 0 0 0 0 0 0 0 0 1278.28 360.42 1282.23 371.03 1.9158 0.4880 0.3831 101.4437 1.9922 -60.2571 1.9125 -0.0000 -0.0000 215 pedestrian_0018
Pedestrian 0.00 1.00 0 0 0 0 0 0 0 0 1474.47 359.97 1476.02 363.66 1.9158 0.4880 0.4749 288.6721 1.8986 -269.6316 1.1029 -0.0000 -0.0000 216 pedestrian_0020
Pedestrian 0.00 1.00 0 0 0 0 0 0 0 0 922.98 359.90 925.27 368.24 1.9158 0.4880 0.7507 128.7650 1.8937 6.0268 0.0133 -0.0000 -0.0000 217 pedestrian_0017
Pedestrian 0.00 1.00 0 0 0 0 0 0 0 0 1443.36 359.94 1446.54 366.34 1.9158 0.4880 0.5789 167.0767 1.8966 -147.5194 2.9707 -0.0000 -0.0000 218 pedestrian_0007
Pedestrian 1.00 1.00 1 0 1 1 0 0 0 0 -1000.00 -1000.00 -1000.00 -1000.00 1.1330 0.4333 0.5322 -8.3017 2.0376 -84.2982 1.5975 -0.0000 -0.0000 219 pedestrian_0010
Pedestrian 1.00 1.00 0 0 0 0 0 0 0 0 -1000.00 -1000.00 -1000.00 -1000.00 1.9158 0.4880 0.5348 26.9230 1.8826 -109.5732 -0.4196 -0.0000 -0.0000 220 pedestrian_0023
Pedestrian 0.00 1.00 0 0 0 0 0 0 0 0 938.30 360.20 939.66 364.97 1.9158 0.4880 0.5081 223.6166 1.9949 6.2015 -2.9857 -0.0000 -0.0000 221 pedestrian_0024
Pedestrian 0.00 1.00 0 0 0 0 0 0 0 0 1629.17 361.97 1631.44 365.09 1.1330 0.4333 0.3771 203.1850 1.8538 -246.7158 0.2375 -0.0000 -0.0000 222 pedestrian_0011
Pedestrian 1.00 1.00 0 0 0 0 0 0 0 0 -1000.00 -1000.00 -1000.00 -1000.00 1.9158 0.4880 0.4027 -18.4139 1.9012 -327.3269 -0.1822 -0.0000 -0.0000 223 pedestrian_0016
Pedestrian 1.00 1.00 0 0 0 0 0 0 0 0 -1000.00 -1000.00 -1000.00 -1000.00 1.9158 0.4880 0.7032 83.4122 -8.1090 146.6057 -3.1262 -0.0000 -0.0000 224 pedestrian_0017
Pedestrian 1.00 1.00 0 0 0 0 0 0 0 0 -1000.00 -1000.00 -1000.00 -1000.00 1.9158 0.4880 0.7507 -91.8343 -6.0264 -16.6109 -1.5961 -0.0000 -0.0000 225 pedestrian_0001
Pedestrian 0.00 1.00 0 0 0 0 0 0 0 0 1405.15 360.80 1412.02 373.62 1.9158 0.4880 0.7507 84.3679 2.0373 -69.6827 2.9980 -0.0000 -0.0000 226 pedestrian_0003
Pedestrian 0.00 1.00 0 0 0 0 0 0 0 0 826.70 359.80 828.65 364.72 1.9158 0.4880 0.6607 217.0172 1.8366 49.3236 -1.5192 -0.0000 -0.0000 227 pedestrian_0007
Pedestrian 0.00 1.00 0 0 0 0 0 0 0 0 1372.34 362.14 1374.52 365.37 1.1330 0.4333 0.6034 195.7993 1.8850 -147.5196 -0.2899 -0.0000 -0.0000 228 pedestrian_0010
Pedestrian 1.00 1.00 0 0 0 0 0 0 0 0 -1000.00 -1000.00 -1000.00 -1000.00 1.1330 0.4333 0.5649 41.0015 1.8842 -130.0721 -3.0039 -0.0000 -0.0000 229 pedestrian_0010
Pedestrian 0.00 1.00 0 0 0 0 0 0 0 0 491.02 363.97 496.24 373.80 1.3390 0.3253 0.4494 76.9196 1.8845 61.6114 1.4710 -0.0000 -0.0000 230 pedestrian_0013
Pedestrian 1.00 1.00 0 4 5 31 0 7 0 0 -1000.00 -1000.00 -1000.00 -1000.00 1.3390 0.3253 0.2558 -52.4052 1.8314 -1.9289 -2.9725 -0.0000 -0.0000 231 pedestrian_0013
Pedestrian 0.00 1.00 0 0 0 0 0 0 0 0 1248.90 360.43 1252.35 371.33 1.9158 0.4880 0.3794 98.7589 1.9925 -53.4809 -1.6584 -0.0000 -0.0000 232 pedestrian_0020
Pedestrian 0.00 1.00 0 0 0 0 0 0 0 0 452.06 360.91 460.35 374.52 1.9158 0.4880 0.7366 79.4944 2.0451 69.0735 3.0835 -0.0000 -0.0000 233 pedestrian_0021
Pedestrian 1.00 1.00 0 0 0 0 0 0 0 0 -1000.00 -1000.00 -1000.00 -1000.00 1.1330 0.4333 0.4488 79.0360 1.8881 -185.1263 1.5198 -0.0000 -0.0000 234 pedestrian_0009
Pedestrian 0.00 1.00 0 0 0 0 0 0 0 0 305.10 360.64 313.00 375.13 1.9158 0.4880 0.4880 74.6264 2.0013 84.1884 -1.6672 -0.0000 -0.0000 235 pedestrian_0006
Pedestrian 0.64 1.00 0 0 0 0 0 0 0 0 1917.84 363.32 1920.00 368.36 1.1330 0.4333 0.5435 126.2488 1.8846 -219.3040 0.0872 -0.0000 -0.0000 236 pedestrian_0009
Pedestrian 0.00 1.00 0 0 0 0 0 0 0 0 1164.18 360.25 1167.33 366.62 1.9158 0.4880 0.7507 168.1863 1.9918 -64.2899 1.6987 -0.0000 -0.0000 237 pedestrian_0026
Pedestrian 1.00 1.00 0 0 0 0 0 0 0 0 -1000.00 -1000.00 -1000.00 -1000.00 1.9158 0.4880 0.5574 -79.4118 1.8986 -149.4104 -3.0681 -0.0000 -0.0000 238 pedestrian_0021
Pedestrian 1.00 1.00 0 0 0 0 0 0 0 0 -1000.00 -1000.00 -1000.00 -1000.00 1.3390 0.3253 0.5005 -11.4514 2.0420 -146.9608 -1.9445 -0.0000 -0.0000 239 pedestrian_0012
Pedestrian 0.00 1.00 0 0 0 0 0 0 0 0 1606.35 359.97 1607.82 364.10 1.9158 0.4880 0.4369 258.1944 1.9019 -302.4706 0.6972 -0.0000 -0.0000 240 pedestrian_0020
Pedestrian 0.00 1.00 0 0 0 0 0 0 0 0 1028.14 347.20 1029.45 349.30 1.1330 0.4333 0.6667 303.5078 -5.8446 -39.7836 1.5645 -0.0000 -0.0000 241 pedestrian_0011
Pedestrian 0.00 1.00 0 0 0 0 0 0 0 0 1523.73 359.91 1530.84 370.86 1.9158 0.4880 0.7507 98.2274 1.8999 -101.7163 1.5825 -0.0000 -0.0000 242 pedestrian_0002
Pedestrian 0.00 1.00 0 0 0 0 0 0 0 0 1605.14 363.83 1610.46 373.27 1.3390 0.3253 0.3813 80.0148 1.8866 -94.5492 -1.5389 -0.0000 -0.0000 243 pedestrian_0014
Pedestrian 1.00 1.00 0 0 0 0 0 0 0 0 -1000.00 -1000.00 -1000.00 -1000.00 1.9158 0.4880 0.7507 21.3762 1.8618 -271.6046 -3.0891 -0.0000 -0.0000 244 pedestrian_0006
Pedestrian 0.00 1.00 0 0 0 0 0 0 0 0 877.68 341.51 878.95 345.06 1.9158 0.4880 0.6472 302.2009 -8.1246 42.1457 -1.5022 -0.0000 -0.0000 245 pedestrian_0020
Pedestrian 1.00 1.00 49 52 69 2771 8 13 0 0 -1000.00 -1000.00 -1000.00 -1000.00 1.9158 0.4880 0.6605 -12.6492 1.8953 -19.3105 -1.5569 -0.0000 -0.0000 246 pedestrian_0022
Pedestrian 0.00 1.00 0 0 0 0 0 0 0 0 510.31 360.42 515.33 371.47 1.9158 0.4880 0.5829 97.5329 1.9893 75.6146 1.0905 -0.0000 -0.0000 247 pedestrian_0002
Pedestrian 1.00 1.00 0 0 0 0 0 0 0 0 -1000.00 -1000.00 -1000.00 -1000.00 1.9158 0.4880 0.5870 -42.8258 1.8894 -3.2411 1.3300 -0.0000 -0.0000 248 pedestrian_0022
Pedestrian 1.00 1.00 0 0 0 0 0 0 0 0 -1000.00 -1000.00 -1000.00 -1000.00 1.9158 0.4880 0.7507 42.7658 1.8972 -129.0529 0.1188 -0.0000 -0.0000 249 pedestrian_0006
Pedestrian 0.00 1.00 0 0 0 0 0 0 0 0 1166.56 359.94 1168.52 365.62 1.9158 0.4880 0.4799 188.1000 1.8948 -72.2867 -1.5690 -0.0000 -0.0000 250 pedestrian_0019
Pedestrian 1.00 1.00 0 0 0 1 0 0 0 0 -1000.00 -1000.00 -1000.00 -1000.00 1.9158 0.4880 0.4048 -15.4114 1.8979 -149.0640 0.4354 -0.0000 -0.0000 251 pedestrian_0018
Pedestrian 1.00 1.00 0 0 0 0 0 0 0 0 -1000.00 -1000.00 -1000.00 -1000.00 1.9158 0.4880 0.7507 50.3516 1.9014 -327.5070 0.0300 -0.0000 -0.0000 252 pedestrian_0007
Pedestrian 1.00 1.00 0 0 0 0 0 0 0 0 -1000.00 -1000.00 -1000.00 -1000.00 1.9158 0.4880 0.6618 27.9057 1.8392 71.0006 0.0041 -0.0000 -0.0000 253 pedestrian_0008
Pedestrian 1.00 1.00 0 0 0 0 0 0 0 0 -1000.00 -1000.00 -1000.00 -1000.00 1.9158 0.4880 0.5207 66.5099 1.9012 -326.6854 0.0148 -0.0000 -0.0000 254 pedestrian_0022
Pedestrian 1.00 1.00 0 0 0 0 0 0 0 0 -1000.00 -1000.00 -1000.00 -1000.00 1.9158 0.4880 0.5976 -126.8477 1.8977 -167.5154 -1.5382 -0.0000 -0.0000 255 pedestrian_0024
Pedestrian 1.00 1.00 10 18 23 141 4 0 0 0 -1000.00 -1000.00 -1000.00 -1000.00 1.1330 0.4333 0.4402 9.5949 1.8849 -27.1799 1.4711 -0.0000 -0.0000 256 pedestrian_0011
Pedestrian 0.00 1.00 0 0 0 0 0 0 0 0 779.48 360.74 784.83 371.71 1.9158 0.4880 0.7507 98.3063 2.0458 28.9708 2.4490 -0.0000 -0.0000 257 pedestrian_0006
Pedestrian 0.00 1.00 0 0 0 0 0 0 0 0 528.85 359.63 533.78 368.47 1.9158 0.4880 0.7507 121.5457 1.8364 90.9661 3.1341 -0.0000 -0.0000 258 pedestrian_0005
Pedestrian 0.00 1.00 0 0 0 0 0 0 0 0 954.89 359.93 957.17 365.63 1.9158 0.4880 0.7507 187.7840 1.8933 -0.9034 1.5416 -0.0000 -0.0000 259 pedestrian_0003
Pedestrian 1.00 1.00 0 0 0 0 0 0 0 0 -1000.00 -1000.00 -1000.00 -1000.00 1.9158 0.4880 0.3754 -90.4409 -3.1565 -47.4316 -1.5789 -0.0000 -0.0000 260 pedestrian_0001
Pedestrian 0.00 1.00 0 0 0 0 0 0 0 0 940.88 361.56 942.25 365.41 1.3390 0.3253 0.4814 194.3050 1.8848 4.1893 -2.7381 -0.0000 -0.0000 261 pedestrian_0014
Pedestrian 0.00 1.00 0 0 0 0 0 0 0 0 1481.48 359.89 1488.43 370.97 1.9158 0.4880 0.7507 97.0923 1.8969 -93.2177 1.6077 -0.0000 -0.0000 262 pedestrian_0020
Pedestrian 1.00 1.00 0 0 0 0 0 0 0 0 -1000.00 -1000.00 -1000.00 -1000.00 1.9158 0.4880 0.5847 104.9445 2.0508 -208.5859 1.3991 -0.0000 -0.0000 263 pedestrian_0025
Pedestrian 1.00 1.00 0 0 0 2 0 0 0 0 -1000.00 -1000.00 -1000.00 -1000.00 1.9158 0.4880 0.4476 -21.1774 1.8981 -150.2178 2.9553 -0.0000 -0.0000 264 pedestrian_0026
Pedestrian 0.00 1.00 0 0 0 0 0 0 0 0 1238.48 359.97 1240.31 363.47 1.9158 0.4880 0.7507 304.4919 1.8970 -155.2102 1.5872 -0.0000 -0.0000 265 pedestrian_0025
Pedestrian 0.00 1.00 0 0 0 0 0 0 0 0 1169.42 362.24 1170.92 366.55 1.3390 0.3253 0.4254 173.9095 2.0389 -67.7925 3.0821 -0.0000 -0.0000 266 pedestrian_0013
Pedestrian 0.00 1.00 0 1 0 3 0 0 0 0 859.72 359.93 861.29 365.55 1.9158 0.4880 0.3779 190.1479 1.8926 31.7070 0.0578 -0.0000 -0.0000 267 pedestrian_0015
Pedestrian 0.00 1.00 0 0 0 0 0 0 0 0 710.29 359.92 711.92 366.39 1.9158 0.4880 0.3941 165.2908 1.8915 71.5198 1.8923 -0.0000 -0.0000 268 pedestrian_0021
Pedestrian 1.00 1.00 0 0 0 0 0 0 0 0 -1000.00 -1000.00 -1000.00 -1000.00 1.1330 0.4333 0.3936 -125.4954 1.8890 -205.6434 -1.5405 -0.0000 -0.0000 269 pedestrian_0010
Pedestrian 1.00 1.00 53 69 92 1906 0 0 14 0 -1000.00 -1000.00 -1000.00 -1000.00 1.9158 0.4880 0.4781 10.2641 2.0468 14.3727 1.5581 -0.0000 -0.0000 270 pedestrian_0023
Pedestrian 1.00 1.00 0 0 0 0 0 0 0 0 -1000.00 -1000.00 -1000.00 -1000.00 1.3390 0.3253 0.5005 -35.0330 1.8545 -255.8725 2.4204 -0.0000 -0.0000 271 pedestrian_0013
Pedestrian 0.00 1.00 0 0 0 0 0 0 0 0 1344.80 359.97 1346.04 363.45 1.9158 0.4880 0.4536 306.0080 1.8982 -214.3151 -0.4321 -0.0000 -0.0000 272 pedestrian_0016
Pedestrian 1.00 1.00 0 0 0 0 0 0 0 0 -1000.00 -1000.00 -1000.00 -1000.00 1.3390 0.3253 0.5005 124.1565 1.8901 -220.0333 -3.1108 -0.0000 -0.0000 273 pedestrian_0014
Pedestrian 0.00 1.00 0 0 0 1 0 0 0 1 866.27 359.81 867.98 364.33 1.9158 0.4880 0.6002 236.3960 1.8367 37.1971 1.4482 -0.0000 -0.0000 274 pedestrian_0019
Pedestrian 1.00 1.00 0 0 0 0 0 0 0 0 -1000.00 -1000.00 -1000.00 -1000.00 1.3390 0.3253 0.5004 148.7179 1.8524 -269.4142 0.0675 -0.0000 -0.0000 275 pedestrian_0013
Pedestrian 0.00 1.00 0 0 0 0 0 0 0 0 1844.29 360.81 1854.61 372.56 1.9158 0.4880 0.7507 91.8723 2.0496 -148.0092 -3.1211 -0.0000 -0.0000 276 pedestrian_0023
Pedestrian 1.00 1.00 0 0 0 1 1 0 0 0 -1000.00 -1000.00 -1000.00 -1000.00 1.1330 0.4333 0.3333 -8.4853 2.0211 -129.1572 -2.9434 -0.0000 -0.0000 277 pedestrian_0011
Pedestrian 0.00 1.00 0 0 0 0 0 0 0 0 1064.69 361.34 1065.88 364.98 1.3390 0.3253 0.2964 205.1753 1.8316 -41.0181 0.3401 -0.0000 -0.0000 278 pedestrian_0012
Pedestrian 0.00 1.00 0 0 0 0 0 0 0 0 807.79 338.36 808.87 342.54 1.9158 0.4880 0.4388 258.3516 -8.1172 68.1740 -1.2106 -0.0000 -0.0000 279 pedestrian_0015
Pedestrian 0.00 1.00 0 0 0 0 0 0 0 0 696.37 359.78 698.76 365.15 1.9158 0.4880 0.7507 198.9129 1.8358 91.4524 -0.0160 -0.0000 -0.0000 280 pedestrian_0017
Pedestrian 1.00 1.00 0 0 0 0 0 0 0 0 -1000.00 -1000.00 -1000.00 -1000.00 1.9158 0.4880 0.4405 58.4566 -8.1065 145.3361 3.1340 -0.0000 -0.0000 281 pedestrian_0005
Pedestrian 0.00 1.00 0 0 0 0 0 0 0 0 921.76 362.25 923.16 365.13 1.1330 0.4333 0.3637 220.1107 2.0238 12.5985 -2.6010 -0.0000 -0.0000 282 pedestrian_0009
Pedestrian 1.00 1.00 0 0 0 0 0 0 0 0 -1000.00 -1000.00 -1000.00 -1000.00 1.1330 0.4333 0.3553 36.1865 1.8528 -253.1370 -0.0709 -0.0000 -0.0000 283 pedestrian_0009
Pedestrian 0.00 1.00 0 0 0 0 0 0 0 0 293.84 364.45 299.41 371.24 1.1330 0.4333 0.4160 93.9391 1.8803 108.9539 -1.5964 -0.0000 -0.0000 284 pedestrian_0009
Pedestrian 1.00 1.00 0 0 0 0 0 0 0 0 -1000.00 -1000.00 -1000.00 -1000.00 1.9158 0.4880 0.7507 17.7640 1.8377 69.9427 0.0486 -0.0000 -0.0000 285 pedestrian_0024
Pedestrian 0.00 1.00 0 0 0 0 0 0 0 0 1372.12 360.39 1375.33 365.99 1.9158 0.4880 0.7507 191.0249 2.0487 -144.0575 1.6702 -0.0000 -0.0000 286 pedestrian_0023
Pedestrian 1.00 1.00 0 0 0 8 0 0 0 0 -1000.00 -1000.00 -1000.00 -1000.00 1.9158 0.4880 0.7377 -9.9066 2.0501 -132.7079 1.7590 -0.0000 -0.0000 287 pedestrian_0015
Pedestrian 0.00 1.00 0 0 0 0 0 0 0 0 795.59 338.14 796.75 342.35 1.9158 0.4880 0.4150 255.7326 -8.1192 73.0461 2.0735 -0.0000 -0.0000 288 pedestrian_0025
Pedestrian 1.00 1.00 0 0 0 0 0 0 0 0 -1000.00 -1000.00 -1000.00 -1000.00 1.1330 0.4333 0.4653 -112.4344 -7.2478 90.6378 -2.1597 -0.0000 -0.0000 289 pedestrian_0009
Pedestrian 0.00 1.00 0 0 0 0 0 0 0 0 730.93 360.40 732.91 366.39 1.9158 0.4880 0.7507 178.8976 2.0443 70.9501 0.2501 -0.0000 -0.0000 290 pedestrian_0019
Pedestrian 1.00 1.00 0 0 0 0 0 0 0 0 -1000.00 -1000.00 -1000.00 -1000.00 1.9158 0.4880 0.7507 -61.7929 1.8654 -158.0398 -1.6141 -0.0000 -0.0000 291 pedestrian_0007
Pedestrian 1.00 1.00 0 0 0 0 0 0 0 0 -1000.00 -1000.00 -1000.00 -1000.00 1.9158 0.4880 0.7507 119.6621 1.9025 -325.7515 0.0263 -0.0000 -0.0000 292 pedestrian_0021
Pedestrian 0.00 1.00 0 0 0 0 0 0 0 0 1601.78 362.44 1605.52 368.41 1.3390 0.3253 0.4484 125.7009 1.8885 -147.0125 -0.0605 -0.0000 -0.0000 293 pedestrian_0014
Pedestrian 1.00 1.00 0 0 0 0 0 0 0 0 -1000.00 -1000.00 -1000.00 -1000.00 1.9158 0.4880 0.6968 -127.3140 -6.8213 47.9672 1.3731 -0.0000 -0.0000 294 pedestrian_0002
Pedestrian 1.00 1.00 4 3 3 24 1 0 0 0 -1000.00 -1000.00 -1000.00 -1000.00 1.9158 0.4880 0.3905 -9.6124 2.0415 -68.7426 2.1818 -0.0000 -0.0000 295 pedestrian_0026
Pedestrian 0.00 1.00 0 0 0 0 0 0 0 0 435.64 360.42 440.86 371.39 1.9158 0.4880 0.4778 98.1165 1.9891 89.1471 -1.3839 -0.0000 -0.0000 296 pedestrian_0020
Pedestrian 1.00 1.00 0 0 0 0 0 0 0 0 -1000.00 -1000.00 -1000.00 -1000.00 1.9158 0.4880 0.7045 41.2097 1.8360 71.3767 0.0357 -0.0000 -0.0000 297 pedestrian_0016
Pedestrian 1.00 1.00 0 3 4 11 1 0 0 0 -1000.00 -1000.00 -1000.00 -1000.00 1.9158 0.4880 0.7507 -8.6327 2.0502 -141.3048 1.3767 -0.0000 -0.0000 298 pedestrian_0024
Pedestrian 0.00 1.00 0 0 0 0 0 0 0 0 571.20 325.63 573.85 332.31 1.9158 0.4880 0.4649 163.0044 -8.1076 110.9907 2.6534 -0.0000 -0.0000 299 pedestrian_0001
Pedestrian 1.00 1.00 0 0 0 1 0 0 0 0 -1000.00 -1000.00 -1000.00 -1000.00 1.9158 0.4880 0.5548 -21.4618 1.8999 -150.8839 -0.1394 -0.0000 -0.0000 300 pedestrian_0025
Pedestrian 0.00 1.00 0 0 0 0 0 0 0 0 1697.73 359.91 1705.42 369.84 1.9158 0.4880 0.7507 108.3317 1.8977 -145.7966 3.1138 -0.0000 -0.0000 301 pedestrian_0016
Pedestrian 0.00 1.00 0 0 0 0 0 0 0 0 1783.53 359.83 1787.51 366.16 1.9158 0.4880 0.4844 168.8445 1.8637 -252.1787 -3.1173 -0.0000 -0.0000 302 pedestrian_0006
Pedestrian 1.00 1.00 0 0 0 0 0 0 0 0 -1000.00 -1000.00 -1000.00 -1000.00 1.3390 0.3253 0.4096 -42.9823 1.8582 -196.5603 -1.3963 -0.0000 -0.0000 303 pedestrian_0012
Pedestrian 0.00 1.00 0 0 0 0 0 0 0 0 1564.43 359.97 1566.77 363.95 1.9158 0.4880 0.7507 268.3960 1.9003 -294.3664 0.7680 -0.0000 -0.0000 304 pedestrian_0024
Pedestrian 1.00 1.00 0 0 0 0 0 0 0 0 -1000.00 -1000.00 -1000.00 -1000.00 1.3390 0.3253 0.5005 -126.6923 1.8913 -184.8174 1.5908 -0.0000 -0.0000 305 pedestrian_0013
Pedestrian 1.00 1.00 0 0 0 0 0 0 0 0 -1000.00 -1000.00 -1000.00 -1000.00 1.1330 0.4333 0.5550 84.3286 1.8897 -326.6496 -3.1330 -0.0000 -0.0000 306 pedestrian_0011
Pedestrian 0.00 1.00 0 0 0 0 0 0 0 0 1106.00 359.93 1108.19 366.31 1.9158 0.4880 0.4586 167.7724 1.8961 -46.4900 -1.3347 -0.0000 -0.0000 307 pedestrian_0024
Pedestrian 1.00 1.00 0 0 0 0 0 0 0 0 -1000.00 -1000.00 -1000.00 -1000.00 1.9158 0.4880 0.4003 31.5658 1.9016 -329.5088 0.0020 -0.0000 -0.0000 308 pedestrian_0004
Pedestrian 1.00 1.00 4 3 5 29 2 0 0 0 -1000.00 -1000.00 -1000.00 -1000.00 1.9158 0.4880 0.7036 -9.2974 1.8965 -76.5499 -1.4912 -0.0000 -0.0000 309 pedestrian_0019
Pedestrian 1.00 1.00 0 0 0 0 0 0 0 0 -1000.00 -1000.00 -1000.00 -1000.00 1.3390 0.3253 0.5005 83.1336 1.8795 -231.5991 -1.5480 -0.0000 -0.0000 310 pedestrian_0012
Pedestrian 0.00 1.00 0 0 0 0 0 0 0 0 1181.14 359.94 1183.33 365.62 1.9158 0.4880 0.5404 188.1423 1.8944 -77.2635 -1.5536 -0.0000 -0.0000 311 pedestrian_0022
Pedestrian 0.00 1.00 0 0 0 0 0 0 0 0 1280.99 359.76 1285.06 367.33 1.9158 0.4880 0.7507 141.5505 1.8542 -84.1320 -1.6106 -0.0000 -0.0000 312 pedestrian_0018
Pedestrian 1.00 1.00 3 4 5 51 0 0 4 0 -1000.00 -1000.00 -1000.00 -1000.00 1.9158 0.4880 0.6883 -3.7225 2.0376 69.3569 0.0639 -0.0000 -0.0000 313 pedestrian_0022
Pedestrian 0.00 1.00 0 0 0 0 0 0 0 0 1015.51 359.93 1017.54 366.25 1.9158 0.4880 0.3891 169.3540 1.8939 -19.4054 -0.9694 -0.0000 -0.0000 314 pedestrian_0005
Pedestrian 0.00 1.00 0 0 0 0 0 0 0 0 1646.61 359.85 1656.14 373.48 1.9158 0.4880 0.7507 79.2268 1.8952 -99.7746 -1.5381 -0.0000 -0.0000 315 pedestrian_0018
Pedestrian 1.00 1.00 0 0 0 0 0 0 0 0 -1000.00 -1000.00 -1000.00 -1000.00 1.9158 0.4880 0.7104 -88.8429 1.9016 -295.2590 2.3256 -0.0000 -0.0000 316 pedestrian_0024
Pedestrian 0.00 1.00 0 0 0 0 0 0 0 0 1600.10 359.86 1602.70 364.99 1.9158 0.4880 0.6337 208.7789 1.8650 -242.6482 0.7052 -0.0000 -0.0000 317 pedestrian_0002
Pedestrian 0.00 1.00 0 0 0 0 0 0 0 0 1711.78 362.84 1715.64 369.78 1.3390 0.3253 0.3356 108.4567 1.8913 -148.3189 -2.9565 -0.0000 -0.0000 318 pedestrian_0013
Pedestrian 1.00 1.00 4 5 11 68 0 0 2 0 -1000.00 -1000.00 -1000.00 -1000.00 1.9158 0.4880 0.7507 -9.3905 2.0442 68.5941 3.1340 -0.0000 -0.0000 319 pedestrian_0018
Pedestrian 0.00 1.00 0 0 0 0 0 0 0 0 1119.30 359.79 1121.56 364.96 1.9158 0.4880 0.6546 207.0493 1.8390 -61.8700 -2.6441 -0.0000 -0.0000 320 pedestrian_0006
Pedestrian 0.00 1.00 0 0 0 0 0 0 0 0 1687.30 359.97 1690.48 364.46 1.9158 0.4880 0.7392 237.7402 1.9012 -313.5266 0.4452 -0.0000 -0.0000 321 pedestrian_0021
Pedestrian 0.00 1.00 0 0 0 0 0 0 0 0 569.79 363.61 574.09 369.56 1.1330 0.4333 0.5710 107.2118 1.8256 72.0985 0.0320 -0.0000 -0.0000 322 pedestrian_0010
Pedestrian 1.00 1.00 9 7 11 74 3 0 0 0 -1000.00 -1000.00 -1000.00 -1000.00 1.9158 0.4880 0.6764 -13.5461 1.8410 -49.4448 -1.5262 -0.0000 -0.0000 323 pedestrian_0022
Pedestrian 0.00 1.00 0 0 0 0 0 0 0 0 416.51 359.75 422.23 374.03 1.9158 0.4880 0.3754 75.6660 1.8818 70.5547 1.8872 -0.0000 -0.0000 324 pedestrian_0015
Pedestrian 1.00 1.00 4 4 7 28 4 0 0 0 -1000.00 -1000.00 -1000.00 -1000.00 1.9158 0.4880 0.6315 -3.5276 2.0487 -70.7822 -0.0143 -0.0000 -0.0000 325 pedestrian_0005
Pedestrian 0.00 1.00 0 0 0 0 0 0 0 0 596.15 334.89 598.41 339.75 1.9158 0.4880 0.5786 222.6911 -8.1111 142.8155 -0.2375 -0.0000 -0.0000 326 pedestrian_0006
Pedestrian 0.00 1.00 0 0 0 0 0 0 0 0 1442.46 359.94 1446.05 366.27 1.9158 0.4880 0.6898 169.2314 1.8989 -149.1930 1.7057 -0.0000 -0.0000 327 pedestrian_0002
Pedestrian 0.00 1.00 0 0 0 0 0 0 0 0 1396.79 359.94 1399.56 365.64 1.9158 0.4880 0.6078 187.6861 1.8965 -149.7998 -0.1247 -0.0000 -0.0000 328 pedestrian_0015
Pedestrian 1.00 1.00 0 0 0 0 0 0 0 0 -1000.00 -1000.00 -1000.00 -1000.00 1.9158 0.4880 0.7507 -111.8199 1.9003 -266.8679 -1.1637 -0.0000 -0.0000 329 pedestrian_0005
Pedestrian 0.00 1.00 0 0 0 0 0 0 0 0 1542.99 361.54 1545.07 363.85 1.1330 0.4333 0.6667 273.0739 1.8888 -288.8936 0.8479 -0.0000 -0.0000 330 pedestrian_0010
Pedestrian 0.00 1.00 0 0 0 0 0 0 0 0 957.20 359.87 961.53 371.14 1.9158 0.4880 0.6824 95.5184 1.8941 -2.1328 1.4485 -0.0000 -0.0000 331 pedestrian_0001
Pedestrian 1.00 1.00 0 0 0 3 0 0 0 0 -1000.00 -1000.00 -1000.00 -1000.00 1.9158 0.4880 0.3829 18.4850 1.8978 -148.0138 -1.1157 -0.0000 -0.0000 332 pedestrian_0017
Pedestrian 0.00 1.00 0 0 0 0 0 0 0 0 456.08 359.83 463.48 374.16 1.9158 0.4880 0.5520 75.3953 1.8928 64.8688 1.6098 -0.0000 -0.0000 333 pedestrian_0023
Pedestrian 1.00 1.00 0 0 0 0 0 0 0 0 -1000.00 -1000.00 -1000.00 -1000.00 1.3390 0.3253 0.3987 -14.6569 1.8896 -148.8011 0.3569 -0.0000 -0.0000 334 pedestrian_0013
Pedestrian 0.00 1.00 0 0 0 0 0 0 0 0 1172.95 359.65 1176.68 368.73 1.9158 0.4880 0.7507 118.3698 1.8422 -47.7151 0.0215 -0.0000 -0.0000 335 pedestrian_0019
Pedestrian 1.00 1.00 0 2 2 4 0 0 0 0 -1000.00 -1000.00 -1000.00 -1000.00 1.9158 0.4880 0.7114 15.8937 1.9007 -165.3987 -1.1662 -0.0000 -0.0000 336 pedestrian_0017
Pedestrian 1.00 1.00 0 0 0 0 0 0 0 0 -1000.00 -1000.00 -1000.00 -1000.00 1.9158 0.4880 0.7507 184.3944 1.9029 -324.3494 -3.1171 -0.0000 -0.0000 337 pedestrian_0025
Pedestrian 0.00 1.00 0 0 0 0 0 0 0 0 608.87 335.48 610.81 340.22 1.9158 0.4880 0.4905 228.0699 -8.1123 141.1915 2.6831 -0.0000 -0.0000 338 pedestrian_0006
Pedestrian 0.00 1.00 0 0 0 0 0 0 0 0 900.21 340.60 901.57 342.99 1.1330 0.4333 0.6097 266.0589 -8.1380 26.0221 -1.5579 -0.0000 -0.0000 339 pedestrian_0011
Pedestrian 0.00 1.00 0 0 0 0 0 0 0 0 818.63 361.78 820.07 364.70 1.1330 0.4333 0.5267 216.5695 1.8251 52.4538 -1.3656 -0.0000 -0.0000 340 pedestrian_0011
Pedestrian 0.00 1.00 0 0 0 0 0 0 0 0 629.01 361.82 630.61 366.31 1.3390 0.3253 0.3102 166.8933 1.8849 96.5672 -1.4162 -0.0000 -0.0000 341 pedestrian_0013
Pedestrian 0.00 1.00 0 0 0 0 0 0 0 0 268.39 359.89 274.69 368.40 1.9158 0.4880 0.7507 126.1861 1.8905 153.2121 -0.0043 -0.0000 -0.0000 342 pedestrian_0007
Pedestrian 0.00 1.00 0 0 0 0 0 0 0 0 1475.32 359.92 1480.20 367.76 1.9158 0.4880 0.7507 136.8315 1.8971 -129.0941 -3.1148 -0.0000 -0.0000 343 pedestrian_0021
Pedestrian 0.00 1.00 0 0 0 0 0 0 0 0 892.43 342.94 893.61 345.04 1.1330 0.4333 0.5983 302.3771 -8.1369 34.1746 -1.5543 -0.0000 -0.0000 344 pedestrian_0010
Pedestrian 0.00 1.00 0 0 0 0 0 0 0 0 1712.25 359.64 1721.01 374.45 1.9158 0.4880 0.4671 73.0047 1.8694 -100.4862 -1.6022 -0.0000 -0.0000 345 pedestrian_0021
Pedestrian 0.00 1.00 0 0 0 0 0 0 0 0 809.06 376.37 818.94 411.12 1.3390 0.3253 0.3147 21.9689 1.8861 3.2694 0.0227 -0.0000 -0.0000 346 pedestrian_0014
Pedestrian 0.00 1.00 0 0 0 0 0 0 0 0 1096.26 360.22 1098.20 365.84 1.9158 0.4880 0.4750 190.2064 1.9912 -49.0783 1.7844 -0.0000 -0.0000 347 pedestrian_0023
Pedestrian 1.00 1.00 0 0 2 6 0 0 0 0 -1000.00 -1000.00 -1000.00 -1000.00 1.9158 0.4880 0.7507 11.1804 2.0500 -138.8440 1.6658 -0.0000 -0.0000 348 pedestrian_0008
Pedestrian 1.00 1.00 0 0 0 0 0 0 0 0 -1000.00 -1000.00 -1000.00 -1000.00 1.9158 0.4880 0.7507 128.3678 1.9007 -325.5852 -3.1220 -0.0000 -0.0000 349 pedestrian_0006
Pedestrian 0.00 1.00 0 0 0 0 0 0 0 0 923.35 359.92 925.37 367.09 1.9158 0.4880 0.6856 149.4631 1.8934 7.3027 3.1276 -0.0000 -0.0000 350 pedestrian_0022
Pedestrian 0.00 1.00 0 0 0 0 0 0 0 0 1290.82 359.94 1293.82 365.62 1.9158 0.4880 0.7201 188.2244 1.8957 -114.4746 -1.5608 -0.0000 -0.0000 351 pedestrian_0023
Pedestrian 0.00 1.00 0 0 0 0 0 0 0 0 967.65 359.93 970.01 366.27 1.9158 0.4880 0.7002 168.7069 1.8936 -4.9114 1.5863 -0.0000 -0.0000 352 pedestrian_0006
Pedestrian 1.00 1.00 0 0 0 0 0 0 0 0 -1000.00 -1000.00 -1000.00 -1000.00 1.9158 0.4880 0.7507 99.8999 1.8823 -239.0702 -1.5485 -0.0000 -0.0000 353 pedestrian_0024
Pedestrian 1.00 1.00 0 0 0 0 0 0 0 0 -1000.00 -1000.00 -1000.00 -1000.00 1.1330 0.4333 0.3789 -127.1713 1.8866 -106.8660 -2.3054 -0.0000 -0.0000 354 pedestrian_0011
Pedestrian 1.00 1.00 4 2 5 26 2 0 0 0 -1000.00 -1000.00 -1000.00 -1000.00 1.9158 0.4880 0.6157 -9.8781 1.8966 -77.8037 1.5928 -0.0000 -0.0000 355 pedestrian_0017
Pedestrian 0.00 1.00 0 0 0 0 0 0 0 0 623.22 332.04 624.80 336.04 1.3390 0.3253 0.3490 188.6592 -8.1175 111.4960 0.0113 -0.0000 -0.0000 356 pedestrian_0012
Pedestrian 0.00 1.00 0 0 0 0 0 0 0 0 1561.32 359.97 1562.67 363.94 1.9158 0.4880 0.4346 268.6857 1.8991 -292.9463 -2.4117 -0.0000 -0.0000 357 pedestrian_0020
Pedestrian 0.00 1.00 0 0 0 0 0 0 0 0 916.36 359.89 918.91 369.08 1.9158 0.4880 0.7507 117.0586 1.8937 6.6272 -3.1242 -0.0000 -0.0000 358 pedestrian_0017
Pedestrian 1.00 1.00 0 0 0 0 0 0 0 0 -1000.00 -1000.00 -1000.00 -1000.00 1.9158 0.4880 0.4989 -45.8870 1.8952 -150.2217 -3.1284 -0.0000 -0.0000 359 pedestrian_0025
Pedestrian 0.00 1.00 0 0 0 0 0 0 0 0 1761.14 361.40 1763.75 364.78 1.3390 0.3253 0.5005 220.5770 1.8927 -320.0900 -2.9407 -0.0000 -0.0000 360 pedestrian_0013
Pedestrian 0.00 1.00 0 0 0 0 0 0 0 0 1634.13 361.22 1635.80 364.19 1.3390 0.3253 0.4160 251.5486 1.8906 -307.3122 0.4534 -0.0000 -0.0000 361 pedestrian_0013
Pedestrian 0.00 1.00 0 0 0 0 0 0 0 0 1433.52 364.70 1437.33 374.41 1.3390 0.3253 0.2606 77.8558 1.9923 -68.1345 1.4781 -0.0000 -0.0000 362 pedestrian_0013
Pedestrian 0.00 1.00 0 0 0 0 0 0 0 0 1896.77 365.79 1906.83 373.14 1.1330 0.4333 0.6667 87.3722 2.0383 -148.9429 -0.0279 -0.0000 -0.0000 363 pedestrian_0011
Pedestrian 0.00 1.00 0 0 0 0 0 0 0 0 1712.21 367.59 1726.26 388.55 1.3390 0.3253 0.4254 36.8105 1.8318 -51.2443 -3.1134 -0.0000 -0.0000 364 pedestrian_0012
Pedestrian 0.00 1.00 0 0 0 0 0 0 0 0 346.55 360.68 351.86 373.32 1.9158 0.4880 0.4019 85.4224 2.0204 90.7545 -2.4584 -0.0000 -0.0000 365 pedestrian_0023
Pedestrian 1.00 1.00 0 3 5 8 2 0 0 0 -1000.00 -1000.00 -1000.00 -1000.00 1.9158 0.4880 0.5383 -8.8657 1.9003 -124.7540 1.5456 -0.0000 -0.0000 366 pedestrian_0005
Pedestrian 1.00 1.00 0 0 0 0 0 0 0 0 -1000.00 -1000.00 -1000.00 -1000.00 1.9158 0.4880 0.6294 46.5185 1.8641 -270.1406 0.1175 -0.0000 -0.0000 367 pedestrian_0021
Pedestrian 0.00 1.00 0 0 0 0 0 0 0 0 1861.08 366.40 1868.81 374.50 1.1330 0.4333 0.3723 79.1508 2.0379 -129.7805 1.5079 -0.0000 -0.0000 368 pedestrian_0010
Pedestrian 0.00 1.00 0 0 0 0 0 0 0 0 1152.03 360.39 1153.87 366.10 1.9158 0.4880 0.3754 187.2056 2.0471 -67.0500 0.6467 -0.0000 -0.0000 369 pedestrian_0020
Pedestrian 0.00 1.00 0 0 0 0 0 0 0 0 1631.81 368.67 1646.68 392.16 1.3390 0.3253 0.4356 33.0149 1.8429 -41.4292 3.1157 -0.0000 -0.0000 370 pedestrian_0012
Pedestrian 0.00 1.00 0 0 0 0 0 0 0 0 771.81 359.93 774.31 365.63 1.9158 0.4880 0.6717 187.5293 1.8920 60.6603 1.5402 -0.0000 -0.0000 371 pedestrian_0015
Pedestrian 1.00 1.00 9 6 10 34 0 0 0 0 -1000.00 -1000.00 -1000.00 -1000.00 1.9158 0.4880 0.7507 9.1471 1.9931 -66.2288 1.7593 -0.0000 -0.0000 372 pedestrian_0007
Pedestrian 1.00 1.00 0 0 0 0 0 0 0 0 -1000.00 -1000.00 -1000.00 -1000.00 1.9158 0.4880 0.5276 -3.6385 1.9039 -326.9634 3.1123 -0.0000 -0.0000 373 pedestrian_0008
Pedestrian 1.00 1.00 0 0 0 0 0 0 0 0 -1000.00 -1000.00 -1000.00 -1000.00 1.9158 0.4880 0.6189 80.0268 1.9002 -165.3544 -1.6414 -0.0000 -0.0000 374 pedestrian_0020
Pedestrian 0.00 0.96 0 0 0 4 0 0 0 0 864.59 359.94 866.40 365.60 1.9158 0.4880 0.4860 188.8292 1.8956 29.7797 1.4577 -0.0000 -0.0000 375 pedestrian_0015
Pedestrian 0.00 1.00 0 0 0 0 0 0 0 0 1331.97 363.77 1335.80 374.10 1.3390 0.3253 0.3309 73.2955 1.8325 -50.9845 2.8776 -0.0000 -0.0000 376 pedestrian_0012
Pedestrian 0.00 1.00 0 0 0 0 0 0 0 0 824.92 359.92 826.73 365.59 1.9158 0.4880 0.4460 188.7557 1.8900 43.2041 -1.7148 -0.0000 -0.0000 377 pedestrian_0017
Pedestrian 0.00 1.00 0 0 0 0 0 0 0 0 1342.42 360.65 1346.99 372.80 1.9158 0.4880 0.3921 88.7703 2.0191 -63.1364 0.3851 -0.0000 -0.0000 378 pedestrian_0025
Pedestrian 1.00 1.00 0 0 0 0 0 0 0 0 -1000.00 -1000.00 -1000.00 -1000.00 1.1330 0.4333 0.6667 23.9605 1.8313 -44.8321 0.3099 -0.0000 -0.0000 379 pedestrian_0009
Pedestrian 1.00 1.00 25 20 30 222 5 0 0 0 -1000.00 -1000.00 -1000.00 -1000.00 1.9158 0.4880 0.6283 -10.2854 1.8955 -29.3058 -1.6301 -0.0000 -0.0000 380 pedestrian_0002
Pedestrian 0.00 1.00 0 0 0 0 0 0 0 0 1513.67 361.09 1515.01 363.76 1.3390 0.3253 0.3942 280.0584 1.8904 -281.3068 -2.0449 -0.0000 -0.0000 381 pedestrian_0013
Pedestrian 0.00 1.00 0 0 0 0 0 0 0 0 1192.70 362.41 1195.28 369.03 1.3390 0.3253 0.5005 113.7425 1.8311 -49.8221 3.1108 -0.0000 -0.0000 382 pedestrian_0012
Pedestrian 0.00 1.00 0 0 0 0 0 0 0 0 1458.86 362.58 1462.13 366.50 1.1330 0.4333 0.5836 162.1160 1.8852 -147.6966 -0.0436 -0.0000 -0.0000 383 pedestrian_0010
Pedestrian 0.00 1.00 0 0 0 0 0 0 0 0 1853.45 361.54 1856.24 365.28 1.3390 0.3253 0.4280 199.9712 1.8919 -323.4216 -3.0403 -0.0000 -0.0000 384 pedestrian_0013
Pedestrian 0.00 1.00 0 0 0 0 0 0 0 0 1658.38 359.86 1661.01 365.28 1.9158 0.4880 0.4129 197.0154 1.8650 -249.6473 0.2415 -0.0000 -0.0000 385 pedestrian_0015
Pedestrian 0.00 1.00 0 0 0 0 0 0 0 0 499.69 360.41 504.11 371.18 1.9158 0.4880 0.4256 99.9913 1.9899 79.5479 -0.3764 -0.0000 -0.0000 386 pedestrian_0018
Pedestrian 0.00 1.00 0 0 0 0 0 0 0 0 1631.21 361.22 1632.46 364.18 1.3390 0.3253 0.2963 251.9374 1.8919 -306.3684 -2.6738 -0.0000 -0.0000 387 pedestrian_0013
Pedestrian 0.00 1.00 0 0 0 0 0 0 0 0 924.79 359.82 926.19 364.32 1.9158 0.4880 0.5408 237.1471 1.8384 12.4619 -1.3884 -0.0000 -0.0000 388 pedestrian_0022
Pedestrian 1.00 1.00 0 0 0 0 0 0 0 0 -1000.00 -1000.00 -1000.00 -1000.00 1.9158 0.4880 0.7507 -36.2955 1.9020 -323.3751 -0.2738 -0.0000 -0.0000 389 pedestrian_0003
Pedestrian 0.00 1.00 0 0 0 0 0 0 0 0 1721.01 359.96 1724.51 364.62 1.9158 0.4880 0.7507 229.5869 1.9013 -316.7699 0.3781 -0.0000 -0.0000 390 pedestrian_0021
Pedestrian 0.00 1.00 0 0 0 0 0 0 0 0 1556.39 359.97 1558.83 363.92 1.9158 0.4880 0.7507 270.0630 1.9002 -292.3112 0.8648 -0.0000 -0.0000 392 pedestrian_0005
Pedestrian 0.00 1.00 0 0 0 0 0 0 0 0 708.51 335.48 710.33 340.22 1.9158 0.4880 0.4774 228.0673 -8.1131 100.4009 2.6608 -0.0000 -0.0000 393 pedestrian_0026
Pedestrian 1.00 1.00 0 0 0 0 0 0 0 0 -1000.00 -1000.00 -1000.00 -1000.00 1.9158 0.4880 0.7507 62.9286 1.8834 -116.3230 -2.1570 -0.0000 -0.0000 394 pedestrian_0022
Pedestrian 1.00 1.00 0 0 0 0 0 0 0 0 -1000.00 -1000.00 -1000.00 -1000.00 1.1330 0.4333 0.3665 -34.1301 -7.9037 106.8346 0.3586 -0.0000 -0.0000 395 pedestrian_0010
Pedestrian 0.00 1.00 0 0 0 0 0 0 0 0 1608.71 359.27 1622.16 378.08 1.9158 0.4880 0.7507 57.8607 1.8416 -69.4350 0.0174 -0.0000 -0.0000 396 pedestrian_0006
Pedestrian 0.00 1.00 0 0 0 0 0 0 0 0 1181.11 362.25 1182.33 366.59 1.3390 0.3253 0.5005 172.8354 2.0389 -70.9649 2.8117 -0.0000 -0.0000 397 pedestrian_0012
Pedestrian 0.00 1.00 0 0 0 0 0 0 0 0 1305.30 364.68 1310.11 371.00 1.1330 0.4333 0.6565 101.1286 1.9809 -65.0307 1.2336 -0.0000 -0.0000 398 pedestrian_0010
Pedestrian 1.00 1.00 0 0 0 0 0 0 0 0 -1000.00 -1000.00 -1000.00 -1000.00 1.9158 0.4880 0.7507 73.9483 1.8977 -148.4320 0.0993 -0.0000 -0.0000 399 pedestrian_0007
Pedestrian 0.00 1.00 0 0 0 0 0 0 0 0 532.47 331.45 535.22 336.99 1.9158 0.4880 0.6376 195.9810 -8.1085 147.6471 0.0387 -0.0000 -0.0000 400 pedestrian_0001
Pedestrian 0.00 1.00 0 0 0 0 0 0 0 0 1455.80 359.93 1459.75 366.54 1.9158 0.4880 0.7507 162.1489 1.8966 -146.9351 3.1007 -0.0000 -0.0000 401 pedestrian_0016
Pedestrian 1.00 1.00 0 0 0 0 0 0 0 0 -1000.00 -1000.00 -1000.00 -1000.00 1.9158 0.4880 0.7507 21.0323 1.9016 -327.1301 3.1319 -0.0000 -0.0000 402 pedestrian_0021
Pedestrian 0.00 1.00 0 0 0 0 0 0 0 0 138.20 359.88 145.59 370.01 1.9158 0.4880 0.6287 106.2168 1.8933 153.0113 -0.0889 -0.0000 -0.0000 403 pedestrian_0006
Pedestrian 0.00 1.00 0 0 0 0 0 0 0 0 1743.03 359.91 1748.85 370.18 1.9158 0.4880 0.5219 104.7515 1.8996 -149.3106 0.3584 -0.0000 -0.0000 404 pedestrian_0023
Pedestrian 0.00 1.00 0 0 0 0 0 0 0 0 1156.50 362.71 1158.57 366.13 1.1330 0.4333 0.5928 185.3062 2.0358 -67.9142 -3.0313 -0.0000 -0.0000 405 pedestrian_0011
Pedestrian 0.00 1.00 0 0 0 0 0 0 0 0 1130.63 359.72 1132.96 366.87 1.9158 0.4880 0.5276 149.7965 1.8401 -48.3502 -0.0664 -0.0000 -0.0000 406 pedestrian_0004
Pedestrian 0.00 1.00 0 0 0 0 0 0 0 0 1131.54 359.79 1133.53 365.14 1.9158 0.4880 0.4952 199.9115 1.8402 -64.1486 0.3134 -0.0000 -0.0000 407 pedestrian_0026
Pedestrian 0.00 1.00 0 0 0 0 0 0 0 0 656.53 362.20 658.18 366.44 1.3390 0.3253 0.3730 176.5117 2.0354 93.5778 0.0325 -0.0000 -0.0000 408 pedestrian_0013
Pedestrian 0.00 1.00 0 0 0 0 0 0 0 0 1760.69 364.15 1767.06 370.46 1.1330 0.4333 0.5339 101.3268 1.8857 -147.6987 2.7528 -0.0000 -0.0000 409 pedestrian_0010
Pedestrian 0.00 1.00 0 0 0 0 0 0 0 0 277.71 360.90 285.73 374.84 1.9158 0.4880 0.5024 77.5113 2.0404 91.3474 0.0437 -0.0000 -0.0000 410 pedestrian_0020
Pedestrian 0.00 1.00 0 0 0 0 0 0 0 0 1317.21 359.88 1319.58 364.22 1.9158 0.4880 0.7333 245.9978 1.8635 -160.6378 1.5840 -0.0000 -0.0000 411 pedestrian_0025
Pedestrian 1.00 1.00 0 0 0 0 0 0 0 0 -1000.00 -1000.00 -1000.00 -1000.00 1.1330 0.4333 0.3355 -12.5234 2.0388 -138.8483 -1.7435 -0.0000 -0.0000 412 pedestrian_0010
Pedestrian 1.00 1.00 0 0 0 0 0 0 0 0 -1000.00 -1000.00 -1000.00 -1000.00 1.9158 0.4880 0.7507 35.1932 1.8983 -177.5574 -2.9906 -0.0000 -0.0000 413 pedestrian_0015
Pedestrian 1.00 1.00 0 0 0 0 0 0 0 0 -1000.00 -1000.00 -1000.00 -1000.00 1.1330 0.4333 0.3968 68.8089 1.8792 153.6537 2.8478 -0.0000 -0.0000 414 pedestrian_0011
Pedestrian 1.00 1.00 38 40 71 329 0 9 0 0 -1000.00 -1000.00 -1000.00 -1000.00 1.9158 0.4880 0.6198 -23.5768 1.8935 3.3173 -0.2074 -0.0000 -0.0000 415 pedestrian_0025
Pedestrian 1.00 1.00 0 0 0 0 0 0 0 0 -1000.00 -1000.00 -1000.00 -1000.00 1.1330 0.4333 0.6527 -91.7978 -4.7927 -33.3191 -1.5709 -0.0000 -0.0000 416 pedestrian_0009
Pedestrian 1.00 1.00 0 0 0 0 0 0 0 0 -1000.00 -1000.00 -1000.00 -1000.00 1.9158 0.4880 0.7507 -91.0008 -6.1135 -14.3126 1.5639 -0.0000 -0.0000 417 pedestrian_0026
Pedestrian 1.00 1.00 0 0 0 0 0 0 0 0 -1000.00 -1000.00 -1000.00 -1000.00 1.9158 0.4880 0.7507 -49.9755 1.9036 -319.4715 2.7269 -0.0000 -0.0000 418 pedestrian_0019
Pedestrian 0.00 1.00 0 0 0 0 0 0 0 0 1287.43 359.94 1290.51 365.65 1.9158 0.4880 0.7507 187.1458 1.8957 -112.7035 -1.6301 -0.0000 -0.0000 419 pedestrian_0018
Pedestrian 0.00 1.00 0 0 0 0 0 0 0 0 1646.67 359.96 1649.41 364.27 1.9158 0.4880 0.6671 247.7572 1.8997 -308.5152 -2.7049 -0.0000 -0.0000 420 pedestrian_0026
Pedestrian 1.00 1.00 28 31 51 334 0 11 0 0 -1000.00 -1000.00 -1000.00 -1000.00 1.9158 0.4880 0.7507 -20.6494 1.8963 4.9297 -3.1144 -0.0000 -0.0000 421 pedestrian_0005
Pedestrian 0.00 1.00 0 0 0 0 0 0 0 0 505.23 360.42 509.03 371.40 1.9158 0.4880 0.5142 98.1312 1.9893 77.0949 2.2583 -0.0000 -0.0000 422 pedestrian_0021
Pedestrian 0.00 1.00 0 0 0 0 0 0 0 0 606.81 359.92 609.97 366.31 1.9158 0.4880 0.6380 167.4615 1.8913 103.3362 -1.5880 -0.0000 -0.0000 423 pedestrian_0025
Pedestrian 1.00 1.00 0 0 0 0 0 0 0 0 -1000.00 -1000.00 -1000.00 -1000.00 1.9158 0.4880 0.4519 37.3798 1.8375 70.3851 -3.0202 -0.0000 -0.0000 424 pedestrian_0008
Pedestrian 0.00 0.26 11 7 17 69 0 0 0 5 871.80 359.75 878.01 381.71 1.9158 0.4880 0.4746 49.6487 1.8944 5.2223 0.0385 -0.0000 -0.0000 425 pedestrian_0018
Pedestrian 0.00 1.00 0 0 0 0 0 0 0 0 1297.69 360.22 1299.52 364.62 1.9158 0.4880 0.7507 242.5498 2.0104 -149.7866 2.8788 -0.0000 -0.0000 426 pedestrian_0020
Pedestrian 1.00 1.00 0 0 0 0 0 0 0 0 -1000.00 -1000.00 -1000.00 -1000.00 1.3390 0.3253 0.2502 84.5473 1.8763 -222.7344 1.5163 -0.0000 -0.0000 427 pedestrian_0012
Pedestrian 0.00 1.00 0 0 0 0 0 0 0 1 853.08 362.20 854.63 365.54 1.1330 0.4333 0.4258 189.4343 1.8812 33.8405 -1.1459 -0.0000 -0.0000 428 pedestrian_0011
Pedestrian 1.00 1.00 0 0 0 0 0 0 0 0 -1000.00 -1000.00 -1000.00 -1000.00 1.9158 0.4880 0.3985 98.4466 1.8832 -249.0638 -1.7954 -0.0000 -0.0000 429 pedestrian_0006
Pedestrian 0.00 1.00 0 0 0 0 0 0 0 0 46.94 359.82 57.59 374.06 1.9158 0.4880 0.6322 75.8419 1.8916 120.2732 -1.5598 -0.0000 -0.0000 430 pedestrian_0021
Pedestrian 0.00 1.00 0 0 0 0 0 0 0 0 1422.99 359.87 1425.67 364.27 1.9158 0.4880 0.7507 242.7054 1.8613 -204.7000 1.4441 -0.0000 -0.0000 431 pedestrian_0026
Pedestrian 1.00 1.00 0 0 0 59 0 0 0 0 -1000.00 -1000.00 -1000.00 -1000.00 1.9158 0.4880 0.7507 -85.8428 -7.1030 63.0628 -2.0874 -0.0000 -0.0000 432 pedestrian_0026
Pedestrian 0.00 1.00 0 0 0 0 0 0 0 0 1191.43 359.75 1193.87 366.30 1.9158 0.4880 0.4745 163.3854 1.8423 -70.3869 0.1241 -0.0000 -0.0000 433 pedestrian_0002
Pedestrian 0.00 1.00 0 0 0 0 0 0 0 0 1179.03 359.74 1181.67 366.32 1.9158 0.4880 0.7507 162.8229 1.8395 -66.5602 3.1152 -0.0000 -0.0000 434 pedestrian_0001
Pedestrian 0.00 1.00 0 0 0 0 0 0 0 0 242.68 311.54 249.68 321.06 1.9158 0.4880 0.7507 116.0976 -8.1114 145.9454 0.0231 -0.0000 -0.0000 435 pedestrian_0022
Pedestrian 0.00 1.00 0 0 0 0 0 0 0 0 910.91 359.89 913.34 369.17 1.9158 0.4880 0.4905 115.7901 1.8937 7.6711 0.0608 -0.0000 -0.0000 436 pedestrian_0005
Pedestrian 1.00 1.00 0 0 0 0 0 0 0 0 -1000.00 -1000.00 -1000.00 -1000.00 1.3390 0.3253 0.5005 47.2168 1.8584 -253.1049 0.0095 -0.0000 -0.0000 437 pedestrian_0013
Pedestrian 0.00 1.00 0 0 0 0 0 0 0 0 1346.42 361.37 1347.66 363.44 1.1330 0.4333 0.4523 305.5703 1.8860 -214.9004 1.2544 -0.0000 -0.0000 438 pedestrian_0011
Pedestrian 1.00 1.00 0 1 0 5 0 0 0 0 -1000.00 -1000.00 -1000.00 -1000.00 1.9158 0.4880 0.7507 6.9155 2.0503 -150.9059 -0.0776 -0.0000 -0.0000 439 pedestrian_0006
Pedestrian 1.00 1.00 0 0 0 0 0 0 0 0 -1000.00 -1000.00 -1000.00 -1000.00 1.3390 0.3253 0.4934 -127.6187 -4.7366 -34.3076 1.5756 -0.0000 -0.0000 440 pedestrian_0014
Pedestrian 1.00 1.00 0 0 0 0 0 0 0 0 -1000.00 -1000.00 -1000.00 -1000.00 1.9158 0.4880 0.4995 81.6140 2.0497 -147.9548 -0.0603 -0.0000 -0.0000 441 pedestrian_0025
Pedestrian 1.00 1.00 0 0 0 0 0 0 0 0 -1000.00 -1000.00 -1000.00 -1000.00 1.9158 0.4880 0.4818 -17.6713 1.9019 -326.7789 -0.1262 -0.0000 -0.0000 442 pedestrian_0003
Pedestrian 0.00 1.00 0 0 0 0 0 0 0 0 1387.07 360.60 1395.10 374.78 1.9158 0.4880 0.7507 76.2157 1.9971 -60.7122 -1.3734 -0.0000 -0.0000 443 pedestrian_0024
Pedestrian 0.00 1.00 0 0 0 0 0 0 0 0 915.41 359.87 918.51 371.03 1.9158 0.4880 0.4192 96.4828 1.8931 5.1720 1.9114 -0.0000 -0.0000 444 pedestrian_0007
Pedestrian 1.00 1.00 0 0 0 0 0 0 0 0 -1000.00 -1000.00 -1000.00 -1000.00 1.9158 0.4880 0.4022 78.0552 1.8990 -151.3438 -1.6069 -0.0000 -0.0000 445 pedestrian_0023
Pedestrian 1.00 1.00 0 0 0 0 0 0 0 0 -1000.00 -1000.00 -1000.00 -1000.00 1.9158 0.4880 0.6229 -12.0855 1.9018 -327.2291 -0.0538 -0.0000 -0.0000 446 pedestrian_0026
Pedestrian 1.00 1.00 0 0 0 0 0 0 0 0 -1000.00 -1000.00 -1000.00 -1000.00 1.1330 0.4333 0.6077 63.8484 -8.1195 109.5745 3.1107 -0.0000 -0.0000 447 pedestrian_0009
Pedestrian 0.00 1.00 0 0 0 0 0 0 0 0 799.03 338.15 800.18 342.36 1.9158 0.4880 0.4360 255.8048 -8.1185 71.4848 -1.4473 -0.0000 -0.0000 448 pedestrian_0015
Pedestrian 0.00 1.00 0 0 0 0 0 0 0 0 391.43 359.83 395.76 371.27 1.9158 0.4880 0.3878 94.1945 1.8876 92.9614 -2.2914 -0.0000 -0.0000 449 pedestrian_0017
Pedestrian 1.00 1.00 5 7 12 47 1 0 0 0 -1000.00 -1000.00 -1000.00 -1000.00 1.9158 0.4880 0.6674 10.2185 1.9929 -60.3457 -1.6676 -0.0000 -0.0000 450 pedestrian_0023
Pedestrian 1.00 1.00 1 3 5 22 0 0 0 0 -1000.00 -1000.00 -1000.00 -1000.00 1.9158 0.4880 0.3754 -10.2091 1.8964 -70.5286 2.1605 -0.0000 -0.0000 451 pedestrian_0001
Pedestrian 1.00 1.00 0 0 0 0 0 0 0 0 -1000.00 -1000.00 -1000.00 -1000.00 1.9158 0.4880 0.5045 100.4864 1.8648 -254.4210 1.8126 -0.0000 -0.0000 452 pedestrian_0017
Pedestrian 1.00 1.00 0 0 0 0 0 0 0 0 -1000.00 -1000.00 -1000.00 -1000.00 1.1330 0.4333 0.4163 129.3881 1.8514 -254.7743 0.0086 -0.0000 -0.0000 453 pedestrian_0011
Pedestrian 0.00 1.00 0 0 0 0 0 0 0 0 1228.44 359.96 1230.13 363.46 1.9158 0.4880 0.6970 304.6217 1.8957 -149.7361 1.5138 -0.0000 -0.0000 454 pedestrian_0018
Pedestrian 1.00 1.00 13 13 25 242 0 0 4 0 -1000.00 -1000.00 -1000.00 -1000.00 1.9158 0.4880 0.4634 9.2002 1.8940 28.3919 -0.9795 -0.0000 -0.0000 455 pedestrian_0021
Pedestrian 0.00 1.00 0 0 0 0 0 0 0 0 459.72 359.82 466.60 373.93 1.9158 0.4880 0.4980 76.5535 1.8911 65.4541 -1.6246 -0.0000 -0.0000 456 pedestrian_0007
Pedestrian 0.00 1.00 0 0 0 0 0 0 0 0 1134.55 359.70 1137.36 367.14 1.9158 0.4880 0.7507 144.1766 1.8392 -47.6820 0.0008 -0.0000 -0.0000 457 pedestrian_0021
Pedestrian 0.00 1.00 0 0 0 0 0 0 0 0 95.96 283.09 108.55 298.43 1.9158 0.4880 0.7507 73.6500 -8.1081 110.1321 0.0140 -0.0000 -0.0000 458 pedestrian_0019
Pedestrian 1.00 1.00 0 0 0 0 0 0 0 0 -1000.00 -1000.00 -1000.00 -1000.00 1.1330 0.4333 0.5130 -126.9514 1.8812 -105.1433 -1.4307 -0.0000 -0.0000 459 pedestrian_0009
Pedestrian 1.00 1.00 0 0 0 0 0 0 0 0 -1000.00 -1000.00 -1000.00 -1000.00 1.9158 0.4880 0.6605 -127.3341 1.8973 -125.3244 -1.5621 -0.0000 -0.0000 460 pedestrian_0004
Pedestrian 1.00 1.00 1 1 2 9 1 0 0 0 -1000.00 -1000.00 -1000.00 -1000.00 1.3390 0.3253 0.4154 -9.9599 1.8887 -85.3342 1.5846 -0.0000 -0.0000 461 pedestrian_0012
Pedestrian 0.00 1.00 0 0 0 0 0 0 0 0 1519.57 359.91 1524.37 368.43 1.9158 0.4880 0.6020 125.9810 1.8965 -128.9243 -0.1016 -0.0000 -0.0000 462 pedestrian_0006
Pedestrian 0.00 1.00 0 0 0 0 0 0 0 0 911.52 365.29 915.43 372.05 1.1330 0.4333 0.6667 95.0625 2.0349 5.6531 0.4884 -0.0000 -0.0000 463 pedestrian_0009
Pedestrian 0.00 1.00 0 0 0 0 0 0 0 0 972.33 361.61 973.53 365.59 1.3390 0.3253 0.3286 188.0167 1.8826 -6.6030 -1.8769 -0.0000 -0.0000 464 pedestrian_0014
Pedestrian 0.00 1.00 0 0 0 0 0 0 0 0 1377.03 362.65 1379.94 365.99 1.1330 0.4333 0.6667 189.6794 2.0374 -144.6733 -1.7216 -0.0000 -0.0000 465 pedestrian_0010
Pedestrian 0.98 0.00 628 723 1148 69179 0 0 163 0 -1.80 540.30 19.80 709.70 1.9158 0.4880 0.7152 3.4329 2.0471 2.3405 0.0548 -0.0000 -0.0000 466 pedestrian_0017
Pedestrian 1.00 1.00 0 0 0 0 0 0 0 0 -1000.00 -1000.00 -1000.00 -1000.00 1.9158 0.4880 0.5168 -22.2707 1.8981 -150.1266 3.1407 -0.0000 -0.0000 467 pedestrian_0004
Pedestrian 1.00 1.00 0 0 0 0 0 0 0 0 -1000.00 -1000.00 -1000.00 -1000.00 1.9158 0.4880 0.5296 55.8458 1.8823 -113.9101 -0.6081 -0.0000 -0.0000 468 pedestrian_0021
Pedestrian 0.00 1.00 0 0 0 0 0 0 0 0 881.24 362.05 882.72 365.99 1.3390 0.3253 0.4529 189.5259 2.0368 24.2932 -1.5950 -0.0000 -0.0000 469 pedestrian_0013
Pedestrian 0.00 0.01 64 73 133 5494 0 0 14 17 288.80 369.40 351.20 470.60 1.9158 0.4880 0.7507 11.5476 2.0469 9.8076 -1.4353 -0.0000 -0.0000 470 pedestrian_0001
Pedestrian 1.00 1.00 4 4 6 45 3 0 0 0 -1000.00 -1000.00 -1000.00 -1000.00 1.9158 0.4880 0.7183 9.9471 1.9931 -67.9070 -1.6033 -0.0000 -0.0000 471 pedestrian_0015
Pedestrian 1.00 1.00 0 0 0 0 0 0 0 0 -1000.00 -1000.00 -1000.00 -1000.00 1.9158 0.4880 0.7507 -126.0362 1.8996 -207.6301 1.6826 -0.0000 -0.0000 472 pedestrian_0024
Pedestrian 0.00 1.00 0 0 0 0 0 0 0 0 1165.37 362.17 1166.73 366.32 1.3390 0.3253 0.3395 179.9384 2.0388 -68.7491 3.0826 -0.0000 -0.0000 473 pedestrian_0013
Pedestrian 0.00 1.00 0 0 0 0 0 0 0 0 1676.91 359.96 1679.80 364.41 1.9158 0.4880 0.6700 240.2766 1.8996 -312.3134 0.4296 -0.0000 -0.0000 474 pedestrian_0018
Pedestrian 0.00 1.00 0 0 0 0 0 0 0 0 1410.37 361.18 1411.85 364.24 1.3390 0.3253 0.3813 243.7201 1.8551 -199.7611 -1.5779 -0.0000 -0.0000 475 pedestrian_0012
Pedestrian 0.00 1.00 0 0 0 0 0 0 0 0 1436.40 359.47 1441.70 373.44 1.9158 0.4880 0.4605 77.3424 1.8428 -68.1917 -0.5608 -0.0000 -0.0000 476 pedestrian_0026
Pedestrian 0.00 1.00 0 0 0 0 0 0 0 0 1460.41 359.97 1461.95 363.63 1.9158 0.4880 0.5154 290.8581 1.8982 -264.3108 -2.1186 -0.0000 -0.0000 477 pedestrian_0016
Pedestrian 1.00 1.00 0 1 0 1 0 0 0 0 -1000.00 -1000.00 -1000.00 -1000.00 1.9158 0.4880 0.3967 -11.9941 2.0502 -140.2283 -2.8796 -0.0000 -0.0000 478 pedestrian_0006
Pedestrian 0.00 1.00 0 0 0 0 0 0 0 0 1865.96 359.96 1869.92 365.37 1.9158 0.4880 0.5802 197.4239 1.9008 -323.9474 -3.0248 -0.0000 -0.0000 479 pedestrian_0001
Pedestrian 0.00 1.00 0 0 0 0 0 0 0 0 456.59 360.88 464.27 374.29 1.9158 0.4880 0.7507 80.6885 2.0428 69.5513 -2.9891 -0.0000 -0.0000 480 pedestrian_0021
Car 0.00 1.00 0 0 0 0 0 0 0 0 1082.78 360.83 1093.54 367.11 1.6980 1.9434 4.1871 153.5941 1.9294 -37.4955 0.0132 -0.0000 -0.0000 481 citroen_c3
Car 0.00 1.00 0 0 0 0 0 0 0 0 1089.74 359.69 1101.65 367.53 1.9718 2.0005 4.0595 142.5441 1.8949 -36.8643 0.0132 -0.0000 -0.0000 482 jeep_wrangler_rubicon
Car 0.00 1.00 0 0 0 0 0 0 0 0 971.23 359.84 979.15 367.15 1.9718 2.0005 4.0595 152.5888 1.9292 -6.3786 -3.1284 -0.0000 -0.0000 483 jeep_wrangler_rubicon
Car 0.00 1.00 0 0 0 0 0 0 0 0 1101.06 359.69 1113.30 367.53 1.9718 2.0005 4.0595 142.5828 1.8950 -39.8052 0.0132 -0.0000 -0.0000 484 jeep_wrangler_rubicon
Car 0.00 1.00 0 0 0 0 0 0 0 0 1443.05 359.86 1467.98 368.36 1.9718 2.0005 4.0595 130.5770 1.9390 -118.0317 1.5840 -0.0000 -0.0000 485 nissan_patrol
Car 0.00 1.00 0 0 0 0 0 0 0 0 1432.48 361.74 1456.69 368.30 1.5488 2.0688 3.9961 133.4721 1.9668 -118.0078 -1.5576 -0.0000 -0.0000 486 nissan_patrol
Car 0.00 1.00 0 0 0 0 0 0 0 0 1480.96 362.16 1518.68 369.59 1.4855 2.1349 -5.6254 113.5934 1.9287 -111.8319 -1.5576 -0.0000 -0.0000 487 nissan_patrol
Car 0.00 1.00 0 0 0 0 0 0 0 0 1416.65 361.23 1440.02 368.26 1.6244 1.8781 -3.8906 130.4914 1.9147 -111.6093 1.5839 -0.0000 -0.0000 488 nissan_patrol
Car 0.00 1.00 0 0 0 0 0 0 0 0 1421.27 361.26 1456.86 370.48 1.7506 2.3538 -4.8416 107.7469 1.9953 -94.4388 1.5839 -0.0000 -0.0000 489 nissan_patrol
Car 0.00 1.00 0 0 0 0 0 0 0 0 1368.97 359.85 1394.46 368.96 1.9718 2.0005 -4.0595 122.0441 1.9386 -94.2899 -1.5576 -0.0000 -0.0000 490 nissan_patrol
Car 0.00 1.00 0 0 0 0 0 0 0 0 1543.03 359.88 1579.24 370.06 1.9476 2.0282 4.8347 108.0605 1.9243 -118.2856 -1.5576 -0.0000 -0.0000 491 nissan_patrol
Car 0.00 1.00 0 0 0 0 0 0 0 0 1529.89 359.83 1560.86 369.87 1.9718 2.0005 4.0595 110.9552 1.9392 -118.3051 -1.5576 -0.0000 -0.0000 492 nissan_patrol
Car 0.00 1.00 0 0 0 0 0 0 0 0 1444.31 361.45 1472.39 369.76 1.6244 1.8781 3.8906 110.7265 1.9147 -100.8437 1.5840 -0.0000 -0.0000 493 nissan_patrol
Car 0.00 1.00 0 0 0 0 0 0 0 0 1431.83 362.04 1460.38 369.79 1.5488 2.0688 3.9961 113.4502 1.9666 -100.8066 -1.5576 -0.0000 -0.0000 494 nissan_patrol
Car 0.00 1.00 0 0 0 0 0 0 0 0 1395.89 359.01 1425.40 368.89 2.1397 2.1728 4.7017 122.1291 1.9253 -100.6691 -1.5576 -0.0000 -0.0000 495 nissan_patrol
Car 0.00 1.00 0 0 0 0 0 0 0 0 1367.71 359.90 1394.94 368.31 1.9476 2.0282 4.8347 130.3453 1.9237 -100.5130 -1.5576 -0.0000 -0.0000 496 nissan_patrol
Car 0.00 1.00 0 0 0 0 0 0 0 0 1360.71 361.69 1383.67 368.09 1.5100 1.8730 4.1000 133.2424 1.9154 -100.5423 -1.5576 -0.0000 -0.0000 497 nissan_patrol
Car 0.00 1.00 0 0 0 0 0 0 0 0 1339.03 361.94 1364.62 369.32 1.5488 2.0688 3.9961 119.0360 1.9662 -85.6364 1.5840 -0.0000 -0.0000 498 nissan_patrol
Car 0.00 1.00 0 0 0 0 0 0 0 0 1329.94 361.84 1354.60 368.85 1.5100 1.8730 4.1000 121.9309 1.9152 -85.6023 1.5840 -0.0000 -0.0000 499 nissan_patrol
Car 0.00 1.00 0 0 0 0 0 0 0 0 1319.75 359.89 1347.49 368.70 1.9476 2.0282 4.8347 124.6134 1.9234 -85.5196 -1.5576 -0.0000 -0.0000 500 nissan_patrol
Car 0.00 1.00 0 0 0 0 0 0 0 0 1345.36 358.87 1377.93 370.12 2.1397 2.1728 -4.7017 107.5490 1.9250 -79.3949 -1.5576 -0.0000 -0.0000 501 nissan_patrol
Car 0.00 1.00 0 0 0 0 0 0 0 0 1334.65 359.88 1366.29 369.84 1.9476 2.0282 -4.8347 110.4431 1.9234 -79.2901 1.5839 -0.0000 -0.0000 502 nissan_patrol
Car 0.00 1.00 0 0 0 0 0 0 0 0 1286.28 361.26 1308.32 368.46 1.6244 1.8781 -3.8906 127.4250 1.9140 -79.1392 -1.5576 -0.0000 -0.0000 503 nissan_patrol
Car 0.00 1.00 0 0 0 0 0 0 0 0 1277.00 361.04 1303.80 368.65 1.7506 2.3538 -4.8416 130.0641 1.9948 -79.1288 -1.5576 -0.0000 -0.0000 504 nissan_patrol
Car 0.00 1.00 0 0 0 0 0 0 0 0 1065.89 359.77 1076.96 366.93 1.9476 2.0282 4.8347 154.2039 1.8856 -33.0089 -3.1284 -0.0000 -0.0000 505 nissan_patrol
Car 0.00 1.00 0 0 0 0 0 0 0 0 981.54 361.30 989.48 367.09 1.5475 1.9070 4.4025 152.2244 1.9067 -9.1825 -3.1284 -0.0000 -0.0000 506 seat_leon
Car 0.00 1.00 0 0 0 0 0 0 0 0 1031.09 357.61 1044.05 367.17 2.5908 2.7453 5.4640 154.0171 1.9440 -23.6180 -3.1284 -0.0000 -0.0000 507 carlamotors_carlacola
Car 0.00 1.00 0 0 0 0 0 0 0 0 735.67 357.81 752.19 366.85 2.5908 2.7453 5.4640 162.6666 1.9635 60.7301 0.0132 -0.0000 -0.0000 508 carlamotors_carlacola
Car 0.00 1.00 0 0 0 0 0 0 0 0 723.43 357.81 740.36 366.85 2.5908 2.7453 5.4640 162.6208 1.9634 64.2183 0.0132 -0.0000 -0.0000 509 carlamotors_carlacola
Car 0.00 1.00 0 0 0 0 0 0 0 0 692.65 356.85 720.54 367.73 2.5908 2.7453 5.4640 134.4518 1.8417 58.7222 -1.5576 -0.0000 -0.0000 510 carlamotors_carlacola
Car 0.00 1.00 0 0 0 0 0 0 0 0 1046.40 357.61 1059.91 367.17 2.5908 2.7453 5.4640 154.0738 1.9440 -27.9286 -3.1284 -0.0000 -0.0000 511 carlamotors_carlacola
Car 0.00 0.81 4 8 11 358 0 0 0 3 909.35 356.48 981.40 387.77 2.2031 2.5091 6.5872 43.5506 1.9554 -1.2651 2.6311 -0.0000 -0.0000 512 tesla_cybertruck